0 0 0 0 0 0 0 0 0 
0 0 0 0 0 0 0 0 0 0 0 0 0 0 0 0 0 0 0 0 0 0 0 0 0 0 0 0 0 0 0 0 0 0 0 0 0 0 0 0 1 0 0 0 0 0 0 0 0 0 0 0 0 0 0 0 0 0 0 0 0 0 0 0 0 0 0 0 0 0 0 0 0 0 0 0 0 0 0 0 0 
0 0 0 0 0 0 0 0 0 0 0 0 0 0 0 0 0 0 0 0 0 0 0 0 0 0 0 0 0 0 0 0 0 0 0 0 0 0 0 0 1 0 0 0 0 0 0 0 0 0 0 0 0 0 0 0 0 0 0 0 0 0 0 0 0 0 0 0 0 0 0 0 0 0 0 0 0 0 0 0 0 
0
0 0 0 0 0 0 0 0 0 
0 0 0 0 0 0 0 0 0 0 0 0 0 0 0 0 0 0 0 0 0 0 0 0 0 0 0 0 0 0 0 0 0 0 0 0 0 0 0 0 1 0 0 0 0 0 0 0 2 0 0 0 0 0 0 0 0 0 0 0 0 0 0 0 0 0 0 0 0 0 0 0 0 0 0 0 0 0 0 0 0 
0 0 0 0 0 0 0 0 0 0 0 0 0 0 0 0 0 0 0 0 0 0 0 0 0 0 0 0 0 0 0 0 0 0 0 0 0 0 0 0 1 0 0 0 0 0 0 0 2 0 0 0 0 0 0 0 0 0 0 0 0 0 0 0 0 0 0 0 0 0 0 0 0 0 0 0 0 0 0 0 0 
0
0 0 0 0 0 0 0 0 0 
0 0 0 0 0 0 0 0 0 0 0 0 0 0 0 0 0 0 0 0 0 0 0 0 0 0 0 0 0 0 0 0 0 0 0 0 0 0 0 0 1 0 0 0 0 0 0 0 2 0 0 0 0 0 0 0 0 0 0 0 0 0 0 0 0 0 0 0 0 0 0 0 0 0 1 0 0 0 0 0 0 
0 0 0 0 0 0 0 0 0 0 0 0 0 0 0 0 0 0 0 0 0 0 0 0 0 0 0 0 0 0 0 0 0 0 0 0 0 0 0 0 1 0 0 0 0 0 0 0 2 0 0 0 0 0 0 0 0 0 0 0 0 0 0 0 0 0 0 0 0 0 0 0 0 0 1 0 0 0 0 0 0 
0
0 0 0 0 0 0 0 0 0 
0 0 0 0 0 0 0 0 0 0 0 0 0 0 0 0 0 0 0 0 0 0 0 0 0 0 0 0 0 0 0 0 0 0 0 0 0 0 0 0 1 0 0 0 0 0 0 0 2 0 0 0 0 0 0 0 0 0 0 0 0 0 2 0 0 0 0 0 0 0 0 0 0 0 1 0 0 0 0 0 0 
0 0 0 0 0 0 0 0 0 0 0 0 0 0 0 0 0 0 0 0 0 0 0 0 0 0 0 0 0 0 0 0 0 0 0 0 0 0 0 0 1 0 0 0 0 0 0 0 2 0 0 0 0 0 0 0 0 0 0 0 0 0 2 0 0 0 0 0 0 0 0 0 0 0 1 0 0 0 0 0 0 
0
0 0 0 0 0 0 0 0 0 
0 0 0 0 0 0 0 0 0 0 0 0 0 0 0 0 0 0 0 0 0 0 0 0 0 0 1 0 0 0 0 0 0 0 0 0 0 0 0 0 1 0 0 0 0 0 0 0 2 0 0 0 0 0 0 0 0 0 0 0 0 0 2 0 0 0 0 0 0 0 0 0 0 0 1 0 0 0 0 0 0 
0 0 0 0 0 0 0 0 0 0 0 0 0 0 0 0 0 0 0 0 0 0 0 0 0 0 1 0 0 0 0 0 0 0 0 0 0 0 0 0 1 0 0 0 0 0 0 0 2 0 0 0 0 0 0 0 0 0 0 0 0 0 2 0 0 0 0 0 0 0 0 0 0 0 1 0 0 0 0 0 0 
0
0 0 0 0 0 0 0 0 0 
0 0 0 0 0 0 0 0 0 0 0 0 0 0 0 0 0 0 0 0 0 0 0 0 0 0 1 0 0 0 0 0 0 0 0 0 0 0 0 0 1 0 0 0 0 0 0 0 2 0 0 0 0 0 0 0 0 0 0 0 0 0 2 0 0 0 0 0 0 0 0 2 0 0 1 0 0 0 0 0 0 
0 0 0 0 0 0 0 0 0 0 0 0 0 0 0 0 0 0 0 0 0 0 0 0 0 0 1 0 0 0 0 0 0 0 0 0 0 0 0 0 1 0 0 0 0 0 0 0 2 0 0 0 0 0 0 0 0 0 0 0 0 0 2 0 0 0 0 0 0 0 0 2 0 0 1 0 0 0 0 0 0 
0
0 0 0 0 0 0 0 0 0 
0 0 0 0 0 0 0 0 0 0 0 0 0 0 0 0 0 0 0 0 0 0 0 0 0 0 1 0 0 0 0 0 0 0 0 0 0 0 0 0 1 0 0 0 0 0 0 0 2 0 0 0 1 0 0 0 0 0 0 0 0 0 2 0 0 0 0 0 0 0 0 2 0 0 1 0 0 0 0 0 0 
0 0 0 0 0 0 0 0 0 0 0 0 0 0 0 0 0 0 0 0 0 0 0 0 0 0 1 0 0 0 0 0 0 0 0 0 0 0 0 0 1 0 0 0 0 0 0 0 2 0 0 0 1 0 0 0 0 0 0 0 0 0 2 0 0 0 0 0 0 0 0 2 0 0 1 0 0 0 0 0 0 
0
0 0 0 0 0 0 0 0 0 
0 0 0 0 0 0 0 0 0 0 0 0 0 0 0 0 0 0 0 0 0 0 0 0 0 0 1 0 0 0 0 0 0 0 0 0 0 0 0 0 1 0 0 0 0 0 0 0 2 0 0 0 1 0 0 0 0 0 0 0 0 0 2 0 0 0 0 0 0 0 0 2 0 0 1 0 2 0 0 0 0 
0 0 0 0 0 0 0 0 0 0 0 0 0 0 0 0 0 0 0 0 0 0 0 0 0 0 1 0 0 0 0 0 0 0 0 0 0 0 0 0 1 0 0 0 0 0 0 0 2 0 0 0 1 0 0 0 0 0 0 0 0 0 2 0 0 0 0 0 0 0 0 2 0 0 1 0 2 0 0 0 0 
0
0 0 0 0 0 0 0 0 0 
0 0 0 0 0 0 0 0 0 0 0 0 0 0 0 0 0 0 0 0 0 0 0 0 0 0 1 0 0 0 0 0 0 0 0 0 0 0 0 0 1 0 0 0 0 0 0 0 2 0 0 0 1 0 0 0 0 0 0 0 0 0 2 0 0 0 0 0 0 0 0 2 0 0 1 0 2 1 0 0 0 
0 0 0 0 0 0 0 0 0 0 0 0 0 0 0 0 0 0 0 0 0 0 0 0 0 0 1 0 0 0 0 0 0 0 0 0 0 0 0 0 1 0 0 0 0 0 0 0 2 0 0 0 1 0 0 0 0 0 0 0 0 0 2 0 0 0 0 0 0 0 0 2 0 0 1 0 2 1 0 0 0 
0
0 0 0 0 0 0 0 0 2 
0 0 0 0 0 0 0 0 0 0 0 0 0 0 0 0 0 0 0 0 0 0 0 0 0 0 1 0 0 0 0 0 0 0 0 0 0 0 0 0 1 0 0 0 0 0 0 0 2 0 0 0 1 0 0 0 0 0 0 0 0 0 2 0 0 0 0 0 0 0 0 2 0 0 1 0 2 1 0 0 2 
0 0 0 0 0 0 0 0 0 0 0 0 0 0 0 0 0 0 0 0 0 0 0 0 0 0 1 0 0 0 0 0 0 0 0 0 0 0 0 0 1 0 0 0 0 0 0 0 2 0 0 0 1 0 0 0 0 0 0 0 32 32 34 0 0 0 0 0 0 32 32 34 0 0 1 0 2 1 32 32 34 
0
0 0 0 0 0 0 0 0 2 
0 0 0 0 0 0 0 0 0 0 0 0 0 0 0 0 0 0 0 0 0 0 0 0 0 0 1 0 0 0 0 0 0 0 0 0 0 0 0 1 1 0 0 0 0 0 0 0 2 0 0 0 1 0 0 0 0 0 0 0 0 0 2 0 0 0 0 0 0 0 0 2 0 0 1 0 2 1 0 0 2 
0 0 0 0 0 0 0 0 0 0 0 0 0 0 0 0 0 0 0 0 0 0 0 0 0 0 1 0 0 0 0 0 0 0 0 0 0 0 0 1 1 0 0 0 0 0 0 0 2 0 0 0 1 0 0 0 0 0 0 0 32 32 34 0 0 0 0 0 0 32 32 34 0 0 1 0 2 1 32 32 34 
0
0 0 0 0 0 0 0 0 2 
0 0 0 0 0 0 0 0 0 0 0 0 0 0 0 0 0 0 0 0 0 0 0 0 0 0 1 0 2 0 0 0 0 0 0 0 0 0 0 1 1 0 0 0 0 0 0 0 2 0 0 0 1 0 0 0 0 0 0 0 0 0 2 0 0 0 0 0 0 0 0 2 0 0 1 0 2 1 0 0 2 
0 0 0 0 0 0 0 0 0 0 0 0 0 0 0 0 0 0 0 0 0 0 0 0 0 0 1 0 2 0 0 0 0 0 0 0 0 0 0 1 1 0 0 0 0 0 0 0 2 0 0 0 1 0 0 0 0 0 0 0 32 32 34 0 0 0 0 0 0 32 32 34 0 0 1 0 2 1 32 32 34 
0
0 0 0 0 0 0 0 0 2 
0 0 0 0 0 1 0 0 0 0 0 0 0 0 0 0 0 0 0 0 0 0 0 0 0 0 1 0 2 0 0 0 0 0 0 0 0 0 0 1 1 0 0 0 0 0 0 0 2 0 0 0 1 0 0 0 0 0 0 0 0 0 2 0 0 0 0 0 0 0 0 2 0 0 1 0 2 1 0 0 2 
0 0 0 0 0 1 0 0 0 0 0 0 0 0 0 0 0 0 0 0 0 0 0 0 0 0 1 0 2 0 0 0 0 0 0 0 0 0 0 1 1 0 0 0 0 0 0 0 2 0 0 0 1 0 0 0 0 0 0 0 32 32 34 0 0 0 0 0 0 32 32 34 0 0 1 0 2 1 32 32 34 
0
0 0 0 0 0 0 0 0 2 
0 0 0 0 0 1 0 0 0 0 0 0 0 0 0 0 0 0 0 0 0 0 0 0 2 0 1 0 2 0 0 0 0 0 0 0 0 0 0 1 1 0 0 0 0 0 0 0 2 0 0 0 1 0 0 0 0 0 0 0 0 0 2 0 0 0 0 0 0 0 0 2 0 0 1 0 2 1 0 0 2 
0 0 0 0 0 1 0 0 0 0 0 0 0 0 0 0 0 0 0 0 0 0 0 0 2 0 1 0 2 0 0 0 0 0 0 0 0 0 0 1 1 0 0 0 0 0 0 0 2 0 0 0 1 0 0 0 0 0 0 0 32 32 34 0 0 0 0 0 0 32 32 34 0 0 1 0 2 1 32 32 34 
0
0 0 0 0 0 0 0 0 2 
0 0 0 0 0 1 0 0 0 0 0 0 0 0 0 0 0 0 0 0 0 0 0 0 2 0 1 0 2 0 0 0 0 0 0 0 0 0 0 1 1 0 0 0 0 0 0 0 2 0 0 0 1 0 0 0 0 0 0 0 0 0 2 0 0 0 0 0 0 0 0 2 0 1 1 0 2 1 0 0 2 
0 0 0 0 0 1 0 0 0 0 0 0 0 0 0 0 0 0 0 0 0 0 0 0 2 0 1 0 2 0 0 0 0 0 0 0 0 0 0 1 1 0 0 0 0 0 0 0 2 0 0 0 1 0 0 0 0 0 0 0 32 32 34 0 0 0 0 0 0 32 32 34 0 1 1 0 2 1 32 32 34 
0
0 0 0 0 0 0 0 0 2 
0 0 0 0 0 1 0 0 0 0 0 0 0 0 0 0 0 0 0 0 0 0 0 0 2 0 1 0 2 0 0 0 0 0 0 0 0 0 0 1 1 0 0 0 0 0 0 0 2 0 0 0 1 0 0 0 0 0 2 0 0 0 2 0 0 0 0 0 0 0 0 2 0 1 1 0 2 1 0 0 2 
0 0 0 0 0 1 0 0 0 0 0 0 0 0 0 0 0 0 0 0 0 0 0 0 2 0 1 0 2 0 0 0 0 0 0 0 0 0 0 1 1 0 0 0 0 0 0 0 2 0 0 0 1 0 0 0 0 0 2 0 32 32 34 0 0 0 0 0 0 32 32 34 0 1 1 0 2 1 32 32 34 
0
0 0 0 0 0 0 0 0 2 
0 0 0 1 0 1 0 0 0 0 0 0 0 0 0 0 0 0 0 0 0 0 0 0 2 0 1 0 2 0 0 0 0 0 0 0 0 0 0 1 1 0 0 0 0 0 0 0 2 0 0 0 1 0 0 0 0 0 2 0 0 0 2 0 0 0 0 0 0 0 0 2 0 1 1 0 2 1 0 0 2 
0 0 0 1 0 1 0 0 0 0 0 0 0 0 0 0 0 0 0 0 0 0 0 0 2 0 1 0 2 0 0 0 0 0 0 0 0 0 0 1 1 0 0 0 0 0 0 0 2 0 0 0 1 0 0 0 0 0 2 0 32 32 34 0 0 0 0 0 0 32 32 34 0 1 1 0 2 1 32 32 34 
0
0 0 0 0 0 0 0 0 2 
2 0 0 1 0 1 0 0 0 0 0 0 0 0 0 0 0 0 0 0 0 0 0 0 2 0 1 0 2 0 0 0 0 0 0 0 0 0 0 1 1 0 0 0 0 0 0 0 2 0 0 0 1 0 0 0 0 0 2 0 0 0 2 0 0 0 0 0 0 0 0 2 0 1 1 0 2 1 0 0 2 
2 0 0 1 0 1 0 0 0 0 0 0 0 0 0 0 0 0 0 0 0 0 0 0 2 0 1 0 2 0 0 0 0 0 0 0 0 0 0 1 1 0 0 0 0 0 0 0 2 0 0 0 1 0 0 0 0 0 2 0 32 32 34 0 0 0 0 0 0 32 32 34 0 1 1 0 2 1 32 32 34 
0
0 0 0 0 0 0 0 0 2 
2 0 0 1 0 1 0 0 0 0 0 0 0 0 0 0 0 0 0 1 0 0 0 0 2 0 1 0 2 0 0 0 0 0 0 0 0 0 0 1 1 0 0 0 0 0 0 0 2 0 0 0 1 0 0 0 0 0 2 0 0 0 2 0 0 0 0 0 0 0 0 2 0 1 1 0 2 1 0 0 2 
2 0 0 1 0 1 0 0 0 0 0 0 0 0 0 0 0 0 0 1 0 0 0 0 2 0 1 0 2 0 0 0 0 0 0 0 0 0 0 1 1 0 0 0 0 0 0 0 2 0 0 0 1 0 0 0 0 0 2 0 32 32 34 0 0 0 0 0 0 32 32 34 0 1 1 0 2 1 32 32 34 
0
0 0 0 0 0 0 0 2 2 
2 0 0 1 0 1 0 0 0 0 0 0 0 0 0 0 0 0 0 1 0 0 0 0 2 0 1 0 2 0 0 0 0 0 0 0 0 0 0 1 1 0 0 0 0 0 0 0 2 0 0 0 1 0 0 0 0 0 2 0 0 0 2 0 0 0 0 2 0 0 0 2 0 1 1 0 2 1 0 0 2 
2 0 0 1 0 1 0 0 0 0 0 0 0 0 0 0 0 0 0 1 0 0 0 0 2 0 1 0 2 0 0 0 0 0 0 0 0 0 0 1 1 0 0 0 0 0 0 0 2 0 0 0 1 0 0 0 0 32 34 32 32 32 34 0 0 0 32 34 32 32 32 34 0 1 1 32 34 33 32 32 34 
0
0 0 0 0 0 0 0 2 2 
2 0 0 1 0 1 0 0 0 0 0 0 0 0 0 0 0 0 0 1 0 0 0 0 2 0 1 0 2 0 0 1 0 0 0 0 0 0 0 1 1 0 0 0 0 0 0 0 2 0 0 0 1 0 0 0 0 0 2 0 0 0 2 0 0 0 0 2 0 0 0 2 0 1 1 0 2 1 0 0 2 
2 0 0 1 0 1 0 0 0 0 0 0 0 0 0 0 0 0 0 1 0 0 0 0 2 0 1 0 2 0 0 1 0 0 0 0 0 0 0 1 1 0 0 0 0 0 0 0 2 0 0 0 1 0 0 0 0 32 34 32 32 32 34 0 0 0 32 34 32 32 32 34 0 1 1 32 34 33 32 32 34 
0
0 0 0 0 0 0 0 2 2 
2 0 0 1 0 1 0 0 0 0 0 0 2 0 0 0 0 0 0 1 0 0 0 0 2 0 1 0 2 0 0 1 0 0 0 0 0 0 0 1 1 0 0 0 0 0 0 0 2 0 0 0 1 0 0 0 0 0 2 0 0 0 2 0 0 0 0 2 0 0 0 2 0 1 1 0 2 1 0 0 2 
2 0 0 1 0 1 0 0 0 0 0 0 2 0 0 0 0 0 0 1 0 0 0 0 2 0 1 0 2 0 0 1 0 0 0 0 0 0 0 1 1 0 0 0 0 0 0 0 2 0 0 0 1 0 0 0 0 32 34 32 32 32 34 0 0 0 32 34 32 32 32 34 0 1 1 32 34 33 32 32 34 
0
0 0 0 0 0 0 0 2 2 
2 0 0 1 0 1 0 0 0 0 0 0 2 0 0 0 0 0 0 1 0 0 0 0 2 0 1 0 2 0 0 1 0 0 0 0 0 0 0 1 1 0 0 0 0 0 0 1 2 0 0 0 1 0 0 0 0 0 2 0 0 0 2 0 0 0 0 2 0 0 0 2 0 1 1 0 2 1 0 0 2 
2 0 0 1 0 1 0 0 0 0 0 0 2 0 0 0 0 0 0 1 0 0 0 0 2 0 1 0 2 0 0 1 0 0 0 0 0 0 0 1 1 0 0 0 0 0 0 1 2 0 0 0 1 0 0 0 0 32 34 32 32 32 34 0 0 0 32 34 32 32 32 34 0 1 1 32 34 33 32 32 34 
0
0 0 0 0 0 0 0 2 2 
2 0 0 1 0 1 0 0 0 0 0 0 2 0 0 0 0 0 0 1 0 0 0 0 2 0 1 0 2 0 0 1 0 0 0 0 0 0 0 1 1 0 0 0 0 0 0 1 2 0 0 0 1 0 0 0 0 0 2 0 0 0 2 0 2 0 0 2 0 0 0 2 0 1 1 0 2 1 0 0 2 
2 0 0 1 0 1 0 0 0 0 0 0 2 0 0 0 0 0 0 1 0 0 0 0 2 0 1 0 2 0 0 1 0 0 0 0 0 0 0 1 1 0 0 0 0 0 0 1 2 0 0 0 1 0 0 0 0 32 34 32 32 32 34 0 2 0 32 34 32 32 32 34 0 1 1 32 34 33 32 32 34 
0
0 0 0 0 1 0 0 2 2 
2 0 0 1 0 1 0 0 0 0 0 0 2 0 0 0 0 0 0 1 0 0 0 0 2 0 1 0 2 0 0 1 0 0 0 0 0 0 0 1 1 1 0 0 0 0 0 1 2 0 0 0 1 0 0 0 0 0 2 0 0 0 2 0 2 0 0 2 0 0 0 2 0 1 1 0 2 1 0 0 2 
2 0 0 1 0 1 0 0 0 0 0 0 2 0 0 0 0 0 0 1 0 0 0 0 2 0 1 0 2 0 16 17 16 0 0 0 0 0 0 17 17 17 0 0 0 0 0 1 18 16 16 0 1 0 0 0 0 32 34 32 32 32 34 0 2 0 32 34 32 32 32 34 0 1 1 32 34 33 32 32 34 
0
0 0 0 0 1 0 0 2 2 
2 0 0 1 0 1 0 0 0 0 0 0 2 0 0 0 0 0 0 1 0 0 0 0 2 0 1 0 2 0 0 1 0 0 2 0 0 0 0 1 1 1 0 0 0 0 0 1 2 0 0 0 1 0 0 0 0 0 2 0 0 0 2 0 2 0 0 2 0 0 0 2 0 1 1 0 2 1 0 0 2 
2 0 0 1 0 1 0 0 0 0 0 0 2 0 0 0 0 0 0 1 0 0 0 0 2 0 1 0 2 0 16 17 16 0 2 0 0 0 0 17 17 17 0 0 0 0 0 1 18 16 16 0 1 0 0 0 0 32 34 32 32 32 34 0 2 0 32 34 32 32 32 34 0 1 1 32 34 33 32 32 34 
0
0 0 0 0 1 0 0 2 2 
2 0 0 1 0 1 0 0 0 0 0 0 2 0 0 0 0 0 0 1 0 0 0 1 2 0 1 0 2 0 0 1 0 0 2 0 0 0 0 1 1 1 0 0 0 0 0 1 2 0 0 0 1 0 0 0 0 0 2 0 0 0 2 0 2 0 0 2 0 0 0 2 0 1 1 0 2 1 0 0 2 
2 0 0 1 0 1 0 0 0 0 0 0 2 0 0 0 0 0 0 1 0 0 0 1 2 0 1 0 2 0 16 17 16 0 2 0 0 0 0 17 17 17 0 0 0 0 0 1 18 16 16 0 1 0 0 0 0 32 34 32 32 32 34 0 2 0 32 34 32 32 32 34 0 1 1 32 34 33 32 32 34 
0
0 0 0 0 1 0 0 2 2 
2 0 0 1 0 1 0 0 0 0 0 0 2 0 0 0 0 0 0 1 0 0 0 1 2 0 1 0 2 0 0 1 0 0 2 0 0 0 0 1 1 1 0 0 0 0 0 1 2 0 0 0 1 0 0 0 2 0 2 0 0 0 2 0 2 0 0 2 0 0 0 2 0 1 1 0 2 1 0 0 2 
2 0 0 1 0 1 0 0 0 0 0 0 2 0 0 0 0 0 0 1 0 0 0 1 2 0 1 0 2 0 16 17 16 0 2 0 0 0 0 17 17 17 0 0 0 0 0 1 18 16 16 0 1 0 0 0 2 32 34 32 32 32 34 0 2 0 32 34 32 32 32 34 0 1 1 32 34 33 32 32 34 
0
0 0 0 0 1 0 0 2 2 
2 0 0 1 0 1 0 0 0 0 0 0 2 0 0 1 0 0 0 1 0 0 0 1 2 0 1 0 2 0 0 1 0 0 2 0 0 0 0 1 1 1 0 0 0 0 0 1 2 0 0 0 1 0 0 0 2 0 2 0 0 0 2 0 2 0 0 2 0 0 0 2 0 1 1 0 2 1 0 0 2 
2 0 0 1 0 1 0 0 0 0 0 0 2 0 0 1 0 0 0 1 0 0 0 1 2 0 1 0 2 0 16 17 16 0 2 0 0 0 0 17 17 17 0 0 0 0 0 1 18 16 16 0 1 0 0 0 2 32 34 32 32 32 34 0 2 0 32 34 32 32 32 34 0 1 1 32 34 33 32 32 34 
0
0 0 0 0 1 0 0 2 2 
2 0 0 1 0 1 0 0 0 0 0 0 2 0 0 1 0 0 0 1 0 0 0 1 2 0 1 0 2 0 0 1 0 0 2 0 2 0 0 1 1 1 0 0 0 0 0 1 2 0 0 0 1 0 0 0 2 0 2 0 0 0 2 0 2 0 0 2 0 0 0 2 0 1 1 0 2 1 0 0 2 
2 0 0 1 0 1 0 0 0 0 0 0 2 0 0 1 0 0 0 1 0 0 0 1 2 0 1 0 2 0 16 17 16 0 2 0 2 0 0 17 17 17 0 0 0 0 0 1 18 16 16 0 1 0 0 0 2 32 34 32 32 32 34 0 2 0 32 34 32 32 32 34 0 1 1 32 34 33 32 32 34 
0
0 0 0 0 1 0 0 2 2 
2 0 0 1 0 1 0 0 0 0 0 0 2 0 0 1 0 0 0 1 0 0 0 1 2 0 1 0 2 0 0 1 0 0 2 0 2 0 1 1 1 1 0 0 0 0 0 1 2 0 0 0 1 0 0 0 2 0 2 0 0 0 2 0 2 0 0 2 0 0 0 2 0 1 1 0 2 1 0 0 2 
2 0 0 1 0 1 0 0 0 0 0 0 2 0 0 1 0 0 0 1 0 0 0 1 2 0 1 0 2 0 16 17 16 0 2 0 2 0 1 17 17 17 0 0 0 0 0 1 18 16 16 0 1 0 0 0 2 32 34 32 32 32 34 0 2 0 32 34 32 32 32 34 0 1 1 32 34 33 32 32 34 
0
0 0 0 0 1 0 0 2 2 
2 0 0 1 0 1 0 0 0 0 0 0 2 0 0 1 0 0 0 1 0 0 0 1 2 0 1 0 2 0 0 1 0 0 2 0 2 0 1 1 1 1 2 0 0 0 0 1 2 0 0 0 1 0 0 0 2 0 2 0 0 0 2 0 2 0 0 2 0 0 0 2 0 1 1 0 2 1 0 0 2 
2 0 0 1 0 1 0 0 0 0 0 0 2 0 0 1 0 0 0 1 0 0 0 1 2 0 1 0 2 0 16 17 16 0 2 0 2 0 1 17 17 17 2 0 0 0 0 1 18 16 16 0 1 0 0 0 2 32 34 32 32 32 34 0 2 0 32 34 32 32 32 34 0 1 1 32 34 33 32 32 34 
0
0 0 0 0 1 0 0 2 2 
2 0 0 1 0 1 0 0 0 0 0 0 2 0 0 1 0 0 0 1 0 0 0 1 2 0 1 1 2 0 0 1 0 0 2 0 2 0 1 1 1 1 2 0 0 0 0 1 2 0 0 0 1 0 0 0 2 0 2 0 0 0 2 0 2 0 0 2 0 0 0 2 0 1 1 0 2 1 0 0 2 
2 0 0 1 0 1 0 0 0 0 0 0 2 0 0 1 0 0 0 1 0 0 0 1 2 0 1 1 2 0 16 17 16 0 2 0 2 0 1 17 17 17 2 0 0 0 0 1 18 16 16 0 1 0 0 0 2 32 34 32 32 32 34 0 2 0 32 34 32 32 32 34 0 1 1 32 34 33 32 32 34 
0
0 0 0 0 1 0 0 2 2 
2 2 0 1 0 1 0 0 0 0 0 0 2 0 0 1 0 0 0 1 0 0 0 1 2 0 1 1 2 0 0 1 0 0 2 0 2 0 1 1 1 1 2 0 0 0 0 1 2 0 0 0 1 0 0 0 2 0 2 0 0 0 2 0 2 0 0 2 0 0 0 2 0 1 1 0 2 1 0 0 2 
2 2 0 1 0 1 0 0 0 0 0 0 2 0 0 1 0 0 0 1 0 0 0 1 2 0 1 1 2 0 16 17 16 0 2 0 2 0 1 17 17 17 2 0 0 0 0 1 18 16 16 0 1 0 0 0 2 32 34 32 32 32 34 0 2 0 32 34 32 32 32 34 0 1 1 32 34 33 32 32 34 
0
0 1 0 0 1 0 0 2 2 
2 2 0 1 0 1 0 0 0 0 0 0 2 0 1 1 0 0 0 1 0 0 0 1 2 0 1 1 2 0 0 1 0 0 2 0 2 0 1 1 1 1 2 0 0 0 0 1 2 0 0 0 1 0 0 0 2 0 2 0 0 0 2 0 2 0 0 2 0 0 0 2 0 1 1 0 2 1 0 0 2 
2 2 0 17 16 17 0 0 0 0 0 0 18 16 17 1 0 0 0 1 0 16 16 17 2 0 1 1 2 0 16 17 16 0 2 0 2 0 1 17 17 17 2 0 0 0 0 1 18 16 16 0 1 0 0 0 2 32 34 32 32 32 34 0 2 0 32 34 32 32 32 34 0 1 1 32 34 33 32 32 34 
0
0 1 0 0 1 0 0 2 2 
2 2 0 1 0 1 0 0 0 0 0 0 2 0 1 1 0 0 0 1 0 0 0 1 2 0 1 1 2 0 0 1 0 0 2 0 2 0 1 1 1 1 2 0 2 0 0 1 2 0 0 0 1 0 0 0 2 0 2 0 0 0 2 0 2 0 0 2 0 0 0 2 0 1 1 0 2 1 0 0 2 
2 2 0 17 16 17 0 0 0 0 0 0 18 16 17 1 0 0 0 1 0 16 16 17 2 0 1 1 2 0 16 17 16 0 2 0 2 0 1 17 17 17 2 0 2 0 0 1 18 16 16 0 1 0 0 0 2 32 34 32 32 32 34 0 2 0 32 34 32 32 32 34 0 1 1 32 34 33 32 32 34 
0
0 1 0 0 1 0 0 2 2 
2 2 0 1 0 1 0 0 0 0 0 0 2 0 1 1 0 0 0 1 0 0 0 1 2 0 1 1 2 0 0 1 0 0 2 1 2 0 1 1 1 1 2 0 2 0 0 1 2 0 0 0 1 0 0 0 2 0 2 0 0 0 2 0 2 0 0 2 0 0 0 2 0 1 1 0 2 1 0 0 2 
2 2 0 17 16 17 0 0 0 0 0 0 18 16 17 1 0 0 0 1 0 16 16 17 2 0 1 1 2 0 16 17 16 0 2 1 2 0 1 17 17 17 2 0 2 0 0 1 18 16 16 0 1 0 0 0 2 32 34 32 32 32 34 0 2 0 32 34 32 32 32 34 0 1 1 32 34 33 32 32 34 
0
0 1 0 0 1 0 0 2 2 
2 2 0 1 0 1 0 0 0 0 0 0 2 0 1 1 0 2 0 1 0 0 0 1 2 0 1 1 2 0 0 1 0 0 2 1 2 0 1 1 1 1 2 0 2 0 0 1 2 0 0 0 1 0 0 0 2 0 2 0 0 0 2 0 2 0 0 2 0 0 0 2 0 1 1 0 2 1 0 0 2 
2 2 0 17 16 17 0 0 0 0 0 0 18 16 17 1 0 2 0 1 0 16 16 17 2 0 1 1 2 0 16 17 16 0 2 1 2 0 1 17 17 17 2 0 2 0 0 1 18 16 16 0 1 0 0 0 2 32 34 32 32 32 34 0 2 0 32 34 32 32 32 34 0 1 1 32 34 33 32 32 34 
0
0 1 0 0 1 0 0 2 2 
2 2 0 1 0 1 0 0 0 0 0 0 2 0 1 1 0 2 0 1 0 0 0 1 2 0 1 1 2 0 0 1 0 1 2 1 2 0 1 1 1 1 2 0 2 0 0 1 2 0 0 0 1 0 0 0 2 0 2 0 0 0 2 0 2 0 0 2 0 0 0 2 0 1 1 0 2 1 0 0 2 
2 2 0 17 16 17 0 0 0 0 0 0 18 16 17 1 0 2 0 1 0 16 16 17 2 0 1 1 2 0 16 17 16 1 2 1 2 0 1 17 17 17 2 0 2 0 0 1 18 16 16 0 1 0 0 0 2 32 34 32 32 32 34 0 2 0 32 34 32 32 32 34 0 1 1 32 34 33 32 32 34 
0
0 1 0 0 1 0 0 2 2 
2 2 0 1 0 1 0 0 0 0 0 2 2 0 1 1 0 2 0 1 0 0 0 1 2 0 1 1 2 0 0 1 0 1 2 1 2 0 1 1 1 1 2 0 2 0 0 1 2 0 0 0 1 0 0 0 2 0 2 0 0 0 2 0 2 0 0 2 0 0 0 2 0 1 1 0 2 1 0 0 2 
2 2 0 17 16 17 0 0 0 0 0 2 18 16 17 1 0 2 0 1 0 16 16 17 2 0 1 1 2 0 16 17 16 1 2 1 2 0 1 17 17 17 2 0 2 0 0 1 18 16 16 0 1 0 0 0 2 32 34 32 32 32 34 0 2 0 32 34 32 32 32 34 0 1 1 32 34 33 32 32 34 
0
0 1 0 0 1 0 0 2 2 
2 2 0 1 0 1 0 0 0 0 0 2 2 0 1 1 0 2 0 1 0 0 0 1 2 0 1 1 2 0 0 1 0 1 2 1 2 0 1 1 1 1 2 0 2 0 0 1 2 0 0 0 1 1 0 0 2 0 2 0 0 0 2 0 2 0 0 2 0 0 0 2 0 1 1 0 2 1 0 0 2 
2 2 0 17 16 17 0 0 0 0 0 2 18 16 17 1 0 2 0 1 0 16 16 17 2 0 1 1 2 0 16 17 16 1 2 1 2 0 1 17 17 17 2 0 2 0 0 1 18 16 16 0 1 1 0 0 2 32 34 32 32 32 34 0 2 0 32 34 32 32 32 34 0 1 1 32 34 33 32 32 34 
0
0 1 0 0 1 0 2 2 2 
2 2 0 1 0 1 0 0 0 0 0 2 2 0 1 1 0 2 0 1 0 0 0 1 2 0 1 1 2 0 0 1 0 1 2 1 2 0 1 1 1 1 2 0 2 0 0 1 2 0 0 0 1 1 0 0 2 0 2 0 0 0 2 0 2 0 0 2 0 0 0 2 2 1 1 0 2 1 0 0 2 
2 2 0 17 16 17 0 0 0 0 0 2 18 16 17 1 0 2 0 1 0 16 16 17 2 0 1 1 2 0 16 17 16 1 2 1 2 0 1 17 17 17 2 0 2 0 0 1 18 16 16 0 1 1 32 32 34 32 34 32 32 32 34 32 34 32 32 34 32 32 32 34 34 33 33 32 34 33 32 32 34 
0
0 1 0 0 1 0 2 2 2 
2 2 0 1 0 1 0 0 0 0 0 2 2 0 1 1 0 2 0 1 0 0 0 1 2 0 1 1 2 0 0 1 0 1 2 1 2 0 1 1 1 1 2 0 2 0 0 1 2 0 0 0 1 1 0 0 2 0 2 0 0 0 2 0 2 0 0 2 0 0 0 2 2 1 1 0 2 1 0 0 2 
2 2 0 17 16 17 0 0 0 0 0 2 18 16 17 1 0 2 0 1 0 16 16 17 2 0 1 1 2 0 16 17 16 1 2 1 2 0 1 17 17 17 2 0 2 0 0 1 18 16 16 0 1 1 32 32 34 32 34 32 32 32 34 32 34 32 32 34 32 32 32 34 34 33 33 32 34 33 32 32 34 
0
