0 0 0 0 0 0 0 0 0 
1 0 0 0 0 0 0 0 0 0 0 0 0 0 0 0 0 0 0 0 0 0 0 0 0 0 0 0 0 0 0 0 0 0 0 0 0 0 0 0 0 0 0 0 0 0 0 0 0 0 0 0 0 0 0 0 0 0 0 0 0 0 0 0 0 0 0 0 0 0 0 0 0 0 0 0 0 0 0 0 0 
1 0 0 0 0 0 0 0 0 0 0 0 0 0 0 0 0 0 0 0 0 0 0 0 0 0 0 0 0 0 0 0 0 0 0 0 0 0 0 0 0 0 0 0 0 0 0 0 0 0 0 0 0 0 0 0 0 0 0 0 0 0 0 0 0 0 0 0 0 0 0 0 0 0 0 0 0 0 0 0 0 
1
0 0 0 0 0 0 0 0 0 
1 2 0 0 0 0 0 0 0 0 0 0 0 0 0 0 0 0 0 0 0 0 0 0 0 0 0 0 0 0 0 0 0 0 0 0 0 0 0 0 0 0 0 0 0 0 0 0 0 0 0 0 0 0 0 0 0 0 0 0 0 0 0 0 0 0 0 0 0 0 0 0 0 0 0 0 0 0 0 0 0 
1 2 0 0 0 0 0 0 0 0 0 0 0 0 0 0 0 0 0 0 0 0 0 0 0 0 0 0 0 0 0 0 0 0 0 0 0 0 0 0 0 0 0 0 0 0 0 0 0 0 0 0 0 0 0 0 0 0 0 0 0 0 0 0 0 0 0 0 0 0 0 0 0 0 0 0 0 0 0 0 0 
1
0 0 0 0 0 0 0 0 0 
1 2 0 1 0 0 0 0 0 0 0 0 0 0 0 0 0 0 0 0 0 0 0 0 0 0 0 0 0 0 0 0 0 0 0 0 0 0 0 0 0 0 0 0 0 0 0 0 0 0 0 0 0 0 0 0 0 0 0 0 0 0 0 0 0 0 0 0 0 0 0 0 0 0 0 0 0 0 0 0 0 
1 2 0 1 0 0 0 0 0 0 0 0 0 0 0 0 0 0 0 0 0 0 0 0 0 0 0 0 0 0 0 0 0 0 0 0 0 0 0 0 0 0 0 0 0 0 0 0 0 0 0 0 0 0 0 0 0 0 0 0 0 0 0 0 0 0 0 0 0 0 0 0 0 0 0 0 0 0 0 0 0 
1
0 0 0 0 0 0 0 0 0 
1 2 0 1 0 0 0 0 0 0 2 0 0 0 0 0 0 0 0 0 0 0 0 0 0 0 0 0 0 0 0 0 0 0 0 0 0 0 0 0 0 0 0 0 0 0 0 0 0 0 0 0 0 0 0 0 0 0 0 0 0 0 0 0 0 0 0 0 0 0 0 0 0 0 0 0 0 0 0 0 0 
1 2 0 1 0 0 0 0 0 0 2 0 0 0 0 0 0 0 0 0 0 0 0 0 0 0 0 0 0 0 0 0 0 0 0 0 0 0 0 0 0 0 0 0 0 0 0 0 0 0 0 0 0 0 0 0 0 0 0 0 0 0 0 0 0 0 0 0 0 0 0 0 0 0 0 0 0 0 0 0 0 
1
0 0 0 0 0 0 0 0 0 
1 2 0 1 0 0 0 0 0 0 2 0 0 0 0 0 0 0 0 0 0 0 0 0 0 0 0 0 0 0 1 0 0 0 0 0 0 0 0 0 0 0 0 0 0 0 0 0 0 0 0 0 0 0 0 0 0 0 0 0 0 0 0 0 0 0 0 0 0 0 0 0 0 0 0 0 0 0 0 0 0 
1 2 0 1 0 0 0 0 0 0 2 0 0 0 0 0 0 0 0 0 0 0 0 0 0 0 0 0 0 0 1 0 0 0 0 0 0 0 0 0 0 0 0 0 0 0 0 0 0 0 0 0 0 0 0 0 0 0 0 0 0 0 0 0 0 0 0 0 0 0 0 0 0 0 0 0 0 0 0 0 0 
1
2 0 0 0 0 0 0 0 0 
1 2 0 1 0 0 0 0 0 0 2 0 0 0 0 0 0 0 0 2 0 0 0 0 0 0 0 0 0 0 1 0 0 0 0 0 0 0 0 0 0 0 0 0 0 0 0 0 0 0 0 0 0 0 0 0 0 0 0 0 0 0 0 0 0 0 0 0 0 0 0 0 0 0 0 0 0 0 0 0 0 
33 34 32 1 0 0 0 0 0 32 34 32 0 0 0 0 0 0 32 34 32 0 0 0 0 0 0 0 0 0 1 0 0 0 0 0 0 0 0 0 0 0 0 0 0 0 0 0 0 0 0 0 0 0 0 0 0 0 0 0 0 0 0 0 0 0 0 0 0 0 0 0 0 0 0 0 0 0 0 0 0 
1
2 0 0 0 0 0 0 0 0 
1 2 0 1 0 0 0 0 0 0 2 0 0 0 0 0 0 0 0 2 0 0 0 0 0 0 0 0 0 0 1 0 0 0 0 0 0 0 0 0 0 0 0 0 0 0 0 0 0 0 0 0 0 0 0 0 0 1 0 0 0 0 0 0 0 0 0 0 0 0 0 0 0 0 0 0 0 0 0 0 0 
33 34 32 1 0 0 0 0 0 32 34 32 0 0 0 0 0 0 32 34 32 0 0 0 0 0 0 0 0 0 1 0 0 0 0 0 0 0 0 0 0 0 0 0 0 0 0 0 0 0 0 0 0 0 0 0 0 1 0 0 0 0 0 0 0 0 0 0 0 0 0 0 0 0 0 0 0 0 0 0 0 
1
2 0 0 0 0 0 0 0 0 
1 2 0 1 2 0 0 0 0 0 2 0 0 0 0 0 0 0 0 2 0 0 0 0 0 0 0 0 0 0 1 0 0 0 0 0 0 0 0 0 0 0 0 0 0 0 0 0 0 0 0 0 0 0 0 0 0 1 0 0 0 0 0 0 0 0 0 0 0 0 0 0 0 0 0 0 0 0 0 0 0 
33 34 32 1 2 0 0 0 0 32 34 32 0 0 0 0 0 0 32 34 32 0 0 0 0 0 0 0 0 0 1 0 0 0 0 0 0 0 0 0 0 0 0 0 0 0 0 0 0 0 0 0 0 0 0 0 0 1 0 0 0 0 0 0 0 0 0 0 0 0 0 0 0 0 0 0 0 0 0 0 0 
1
2 0 0 0 0 0 0 0 0 
1 2 0 1 2 0 0 0 0 0 2 0 0 0 0 0 0 0 0 2 0 1 0 0 0 0 0 0 0 0 1 0 0 0 0 0 0 0 0 0 0 0 0 0 0 0 0 0 0 0 0 0 0 0 0 0 0 1 0 0 0 0 0 0 0 0 0 0 0 0 0 0 0 0 0 0 0 0 0 0 0 
33 34 32 1 2 0 0 0 0 32 34 32 0 0 0 0 0 0 32 34 32 1 0 0 0 0 0 0 0 0 1 0 0 0 0 0 0 0 0 0 0 0 0 0 0 0 0 0 0 0 0 0 0 0 0 0 0 1 0 0 0 0 0 0 0 0 0 0 0 0 0 0 0 0 0 0 0 0 0 0 0 
1
2 0 0 0 0 0 0 0 0 
1 2 0 1 2 0 0 0 0 0 2 0 0 0 0 0 0 0 0 2 0 1 0 0 0 0 0 0 0 0 1 0 0 0 0 0 0 0 0 0 0 0 0 0 0 0 0 0 0 0 0 0 0 0 2 0 0 1 0 0 0 0 0 0 0 0 0 0 0 0 0 0 0 0 0 0 0 0 0 0 0 
33 34 32 1 2 0 0 0 0 32 34 32 0 0 0 0 0 0 32 34 32 1 0 0 0 0 0 0 0 0 1 0 0 0 0 0 0 0 0 0 0 0 0 0 0 0 0 0 0 0 0 0 0 0 2 0 0 1 0 0 0 0 0 0 0 0 0 0 0 0 0 0 0 0 0 0 0 0 0 0 0 
1
2 0 0 0 0 0 0 0 0 
1 2 0 1 2 0 0 0 0 0 2 0 0 0 0 0 0 0 0 2 0 1 0 1 0 0 0 0 0 0 1 0 0 0 0 0 0 0 0 0 0 0 0 0 0 0 0 0 0 0 0 0 0 0 2 0 0 1 0 0 0 0 0 0 0 0 0 0 0 0 0 0 0 0 0 0 0 0 0 0 0 
33 34 32 1 2 0 0 0 0 32 34 32 0 0 0 0 0 0 32 34 32 1 0 1 0 0 0 0 0 0 1 0 0 0 0 0 0 0 0 0 0 0 0 0 0 0 0 0 0 0 0 0 0 0 2 0 0 1 0 0 0 0 0 0 0 0 0 0 0 0 0 0 0 0 0 0 0 0 0 0 0 
1
2 0 0 0 0 0 0 0 0 
1 2 0 1 2 0 0 0 0 0 2 0 0 0 0 0 0 0 0 2 0 1 0 1 0 0 0 0 0 0 1 0 0 0 0 0 0 0 0 0 0 0 0 0 0 0 0 0 0 0 0 0 0 0 2 0 0 1 0 0 2 0 0 0 0 0 0 0 0 0 0 0 0 0 0 0 0 0 0 0 0 
33 34 32 1 2 0 0 0 0 32 34 32 0 0 0 0 0 0 32 34 32 1 0 1 0 0 0 0 0 0 1 0 0 0 0 0 0 0 0 0 0 0 0 0 0 0 0 0 0 0 0 0 0 0 2 0 0 1 0 0 2 0 0 0 0 0 0 0 0 0 0 0 0 0 0 0 0 0 0 0 0 
1
2 0 0 0 0 0 0 0 0 
1 2 0 1 2 1 0 0 0 0 2 0 0 0 0 0 0 0 0 2 0 1 0 1 0 0 0 0 0 0 1 0 0 0 0 0 0 0 0 0 0 0 0 0 0 0 0 0 0 0 0 0 0 0 2 0 0 1 0 0 2 0 0 0 0 0 0 0 0 0 0 0 0 0 0 0 0 0 0 0 0 
33 34 32 1 2 1 0 0 0 32 34 32 0 0 0 0 0 0 32 34 32 1 0 1 0 0 0 0 0 0 1 0 0 0 0 0 0 0 0 0 0 0 0 0 0 0 0 0 0 0 0 0 0 0 2 0 0 1 0 0 2 0 0 0 0 0 0 0 0 0 0 0 0 0 0 0 0 0 0 0 0 
1
2 0 0 0 0 0 0 0 0 
1 2 0 1 2 1 2 0 0 0 2 0 0 0 0 0 0 0 0 2 0 1 0 1 0 0 0 0 0 0 1 0 0 0 0 0 0 0 0 0 0 0 0 0 0 0 0 0 0 0 0 0 0 0 2 0 0 1 0 0 2 0 0 0 0 0 0 0 0 0 0 0 0 0 0 0 0 0 0 0 0 
33 34 32 1 2 1 2 0 0 32 34 32 0 0 0 0 0 0 32 34 32 1 0 1 0 0 0 0 0 0 1 0 0 0 0 0 0 0 0 0 0 0 0 0 0 0 0 0 0 0 0 0 0 0 2 0 0 1 0 0 2 0 0 0 0 0 0 0 0 0 0 0 0 0 0 0 0 0 0 0 0 
1
2 0 0 0 0 0 0 0 0 
1 2 0 1 2 1 2 0 0 0 2 0 0 0 0 0 0 0 0 2 0 1 0 1 0 0 0 0 0 0 1 0 1 0 0 0 0 0 0 0 0 0 0 0 0 0 0 0 0 0 0 0 0 0 2 0 0 1 0 0 2 0 0 0 0 0 0 0 0 0 0 0 0 0 0 0 0 0 0 0 0 
33 34 32 1 2 1 2 0 0 32 34 32 0 0 0 0 0 0 32 34 32 1 0 1 0 0 0 0 0 0 1 0 1 0 0 0 0 0 0 0 0 0 0 0 0 0 0 0 0 0 0 0 0 0 2 0 0 1 0 0 2 0 0 0 0 0 0 0 0 0 0 0 0 0 0 0 0 0 0 0 0 
1
2 0 0 0 0 0 0 0 0 
1 2 0 1 2 1 2 0 2 0 2 0 0 0 0 0 0 0 0 2 0 1 0 1 0 0 0 0 0 0 1 0 1 0 0 0 0 0 0 0 0 0 0 0 0 0 0 0 0 0 0 0 0 0 2 0 0 1 0 0 2 0 0 0 0 0 0 0 0 0 0 0 0 0 0 0 0 0 0 0 0 
33 34 32 1 2 1 2 0 2 32 34 32 0 0 0 0 0 0 32 34 32 1 0 1 0 0 0 0 0 0 1 0 1 0 0 0 0 0 0 0 0 0 0 0 0 0 0 0 0 0 0 0 0 0 2 0 0 1 0 0 2 0 0 0 0 0 0 0 0 0 0 0 0 0 0 0 0 0 0 0 0 
1
2 0 0 0 0 0 0 0 0 
1 2 0 1 2 1 2 1 2 0 2 0 0 0 0 0 0 0 0 2 0 1 0 1 0 0 0 0 0 0 1 0 1 0 0 0 0 0 0 0 0 0 0 0 0 0 0 0 0 0 0 0 0 0 2 0 0 1 0 0 2 0 0 0 0 0 0 0 0 0 0 0 0 0 0 0 0 0 0 0 0 
33 34 32 1 2 1 2 1 2 32 34 32 0 0 0 0 0 0 32 34 32 1 0 1 0 0 0 0 0 0 1 0 1 0 0 0 0 0 0 0 0 0 0 0 0 0 0 0 0 0 0 0 0 0 2 0 0 1 0 0 2 0 0 0 0 0 0 0 0 0 0 0 0 0 0 0 0 0 0 0 0 
1
2 0 0 0 0 0 0 0 0 
1 2 0 1 2 1 2 1 2 0 2 0 0 0 0 0 0 0 0 2 0 1 2 1 0 0 0 0 0 0 1 0 1 0 0 0 0 0 0 0 0 0 0 0 0 0 0 0 0 0 0 0 0 0 2 0 0 1 0 0 2 0 0 0 0 0 0 0 0 0 0 0 0 0 0 0 0 0 0 0 0 
33 34 32 1 2 1 2 1 2 32 34 32 0 0 0 0 0 0 32 34 32 1 2 1 0 0 0 0 0 0 1 0 1 0 0 0 0 0 0 0 0 0 0 0 0 0 0 0 0 0 0 0 0 0 2 0 0 1 0 0 2 0 0 0 0 0 0 0 0 0 0 0 0 0 0 0 0 0 0 0 0 
1
2 0 0 0 0 0 0 0 0 
1 2 0 1 2 1 2 1 2 0 2 0 0 0 0 0 0 0 0 2 0 1 2 1 0 0 0 0 0 0 1 0 1 0 0 0 0 0 0 0 0 0 0 0 0 0 0 0 0 0 0 0 0 0 2 0 0 1 1 0 2 0 0 0 0 0 0 0 0 0 0 0 0 0 0 0 0 0 0 0 0 
33 34 32 1 2 1 2 1 2 32 34 32 0 0 0 0 0 0 32 34 32 1 2 1 0 0 0 0 0 0 1 0 1 0 0 0 0 0 0 0 0 0 0 0 0 0 0 0 0 0 0 0 0 0 2 0 0 1 1 0 2 0 0 0 0 0 0 0 0 0 0 0 0 0 0 0 0 0 0 0 0 
1
2 2 0 0 0 0 0 0 0 
1 2 0 1 2 1 2 1 2 0 2 0 0 2 0 0 0 0 0 2 0 1 2 1 0 0 0 0 0 0 1 0 1 0 0 0 0 0 0 0 0 0 0 0 0 0 0 0 0 0 0 0 0 0 2 0 0 1 1 0 2 0 0 0 0 0 0 0 0 0 0 0 0 0 0 0 0 0 0 0 0 
33 34 32 33 34 33 2 1 2 32 34 32 32 34 32 0 0 0 32 34 32 33 34 33 0 0 0 0 0 0 1 0 1 0 0 0 0 0 0 0 0 0 0 0 0 0 0 0 0 0 0 0 0 0 2 0 0 1 1 0 2 0 0 0 0 0 0 0 0 0 0 0 0 0 0 0 0 0 0 0 0 
1
2 2 0 0 1 0 0 0 0 
1 2 0 1 2 1 2 1 2 0 2 0 0 2 0 0 0 0 0 2 0 1 2 1 0 0 0 0 0 0 1 1 1 0 0 0 0 0 0 0 0 0 0 0 0 0 0 0 0 0 0 0 0 0 2 0 0 1 1 0 2 0 0 0 0 0 0 0 0 0 0 0 0 0 0 0 0 0 0 0 0 
33 34 32 33 34 33 2 1 2 32 34 32 32 34 32 0 0 0 32 34 32 33 34 33 0 0 0 0 0 0 17 17 17 0 0 0 0 0 0 16 16 16 0 0 0 0 0 0 16 16 16 0 0 0 2 0 0 1 1 0 2 0 0 0 0 0 0 0 0 0 0 0 0 0 0 0 0 0 0 0 0 
1
2 2 0 0 1 0 0 0 0 
1 2 0 1 2 1 2 1 2 0 2 0 0 2 0 0 0 0 0 2 0 1 2 1 0 0 0 2 0 0 1 1 1 0 0 0 0 0 0 0 0 0 0 0 0 0 0 0 0 0 0 0 0 0 2 0 0 1 1 0 2 0 0 0 0 0 0 0 0 0 0 0 0 0 0 0 0 0 0 0 0 
33 34 32 33 34 33 2 1 2 32 34 32 32 34 32 0 0 0 32 34 32 33 34 33 0 0 0 2 0 0 17 17 17 0 0 0 0 0 0 16 16 16 0 0 0 0 0 0 16 16 16 0 0 0 2 0 0 1 1 0 2 0 0 0 0 0 0 0 0 0 0 0 0 0 0 0 0 0 0 0 0 
1
2 2 0 0 1 0 0 0 0 
1 2 0 1 2 1 2 1 2 0 2 0 0 2 0 0 1 0 0 2 0 1 2 1 0 0 0 2 0 0 1 1 1 0 0 0 0 0 0 0 0 0 0 0 0 0 0 0 0 0 0 0 0 0 2 0 0 1 1 0 2 0 0 0 0 0 0 0 0 0 0 0 0 0 0 0 0 0 0 0 0 
33 34 32 33 34 33 2 1 2 32 34 32 32 34 32 0 1 0 32 34 32 33 34 33 0 0 0 2 0 0 17 17 17 0 0 0 0 0 0 16 16 16 0 0 0 0 0 0 16 16 16 0 0 0 2 0 0 1 1 0 2 0 0 0 0 0 0 0 0 0 0 0 0 0 0 0 0 0 0 0 0 
1
2 2 0 0 1 0 0 0 0 
1 2 0 1 2 1 2 1 2 0 2 0 0 2 0 0 1 0 0 2 0 1 2 1 0 0 0 2 0 0 1 1 1 2 0 0 0 0 0 0 0 0 0 0 0 0 0 0 0 0 0 0 0 0 2 0 0 1 1 0 2 0 0 0 0 0 0 0 0 0 0 0 0 0 0 0 0 0 0 0 0 
33 34 32 33 34 33 2 1 2 32 34 32 32 34 32 0 1 0 32 34 32 33 34 33 0 0 0 2 0 0 17 17 17 2 0 0 0 0 0 16 16 16 0 0 0 0 0 0 16 16 16 0 0 0 2 0 0 1 1 0 2 0 0 0 0 0 0 0 0 0 0 0 0 0 0 0 0 0 0 0 0 
1
2 2 1 0 1 0 0 0 0 
1 2 0 1 2 1 2 1 2 0 2 0 0 2 0 0 1 0 0 2 0 1 2 1 0 1 0 2 0 0 1 1 1 2 0 0 0 0 0 0 0 0 0 0 0 0 0 0 0 0 0 0 0 0 2 0 0 1 1 0 2 0 0 0 0 0 0 0 0 0 0 0 0 0 0 0 0 0 0 0 0 
33 34 32 33 34 33 18 17 18 32 34 32 32 34 32 16 17 16 32 34 32 33 34 33 16 17 16 2 0 0 17 17 17 2 0 0 0 0 0 16 16 16 0 0 0 0 0 0 16 16 16 0 0 0 2 0 0 1 1 0 2 0 0 0 0 0 0 0 0 0 0 0 0 0 0 0 0 0 0 0 0 
1
2 2 1 0 1 0 0 0 0 
1 2 0 1 2 1 2 1 2 0 2 0 0 2 0 0 1 0 0 2 0 1 2 1 0 1 0 2 0 0 1 1 1 2 0 0 0 0 0 0 0 0 0 0 0 0 0 0 0 0 0 0 0 0 2 0 0 1 1 2 2 0 0 0 0 0 0 0 0 0 0 0 0 0 0 0 0 0 0 0 0 
33 34 32 33 34 33 18 17 18 32 34 32 32 34 32 16 17 16 32 34 32 33 34 33 16 17 16 2 0 0 17 17 17 2 0 0 0 0 0 16 16 16 0 0 0 0 0 0 16 16 16 0 0 0 2 0 0 1 1 2 2 0 0 0 0 0 0 0 0 0 0 0 0 0 0 0 0 0 0 0 0 
1
2 2 1 0 1 0 0 0 0 
1 2 0 1 2 1 2 1 2 0 2 0 0 2 0 0 1 0 0 2 0 1 2 1 0 1 0 2 0 0 1 1 1 2 0 0 0 0 0 0 0 0 0 0 0 0 0 0 0 0 0 0 0 0 2 0 0 1 1 2 2 0 0 0 0 0 0 1 0 0 0 0 0 0 0 0 0 0 0 0 0 
33 34 32 33 34 33 18 17 18 32 34 32 32 34 32 16 17 16 32 34 32 33 34 33 16 17 16 2 0 0 17 17 17 2 0 0 0 0 0 16 16 16 0 0 0 0 0 0 16 16 16 0 0 0 2 0 0 1 1 2 2 0 0 0 0 0 0 1 0 0 0 0 0 0 0 0 0 0 0 0 0 
1
2 2 1 0 1 0 0 0 0 
1 2 0 1 2 1 2 1 2 0 2 0 0 2 0 0 1 0 0 2 0 1 2 1 0 1 0 2 0 2 1 1 1 2 0 0 0 0 0 0 0 0 0 0 0 0 0 0 0 0 0 0 0 0 2 0 0 1 1 2 2 0 0 0 0 0 0 1 0 0 0 0 0 0 0 0 0 0 0 0 0 
33 34 32 33 34 33 18 17 18 32 34 32 32 34 32 16 17 16 32 34 32 33 34 33 16 17 16 2 0 2 17 17 17 2 0 0 0 0 0 16 16 16 0 0 0 0 0 0 16 16 16 0 0 0 2 0 0 1 1 2 2 0 0 0 0 0 0 1 0 0 0 0 0 0 0 0 0 0 0 0 0 
1
2 2 1 0 1 0 0 0 0 
1 2 0 1 2 1 2 1 2 0 2 0 0 2 0 0 1 0 0 2 0 1 2 1 0 1 0 2 1 2 1 1 1 2 0 0 0 0 0 0 0 0 0 0 0 0 0 0 0 0 0 0 0 0 2 0 0 1 1 2 2 0 0 0 0 0 0 1 0 0 0 0 0 0 0 0 0 0 0 0 0 
33 34 32 33 34 33 18 17 18 32 34 32 32 34 32 16 17 16 32 34 32 33 34 33 16 17 16 2 1 2 17 17 17 2 0 0 0 0 0 16 16 16 0 0 0 0 0 0 16 16 16 0 0 0 2 0 0 1 1 2 2 0 0 0 0 0 0 1 0 0 0 0 0 0 0 0 0 0 0 0 0 
1
2 2 1 0 1 0 0 0 0 
1 2 0 1 2 1 2 1 2 0 2 0 0 2 0 0 1 0 0 2 0 1 2 1 0 1 0 2 1 2 1 1 1 2 0 2 0 0 0 0 0 0 0 0 0 0 0 0 0 0 0 0 0 0 2 0 0 1 1 2 2 0 0 0 0 0 0 1 0 0 0 0 0 0 0 0 0 0 0 0 0 
33 34 32 33 34 33 18 17 18 32 34 32 32 34 32 16 17 16 32 34 32 33 34 33 16 17 16 2 1 2 17 17 17 2 0 2 0 0 0 16 16 16 0 0 0 0 0 0 16 16 16 0 0 0 2 0 0 1 1 2 2 0 0 0 0 0 0 1 0 0 0 0 0 0 0 0 0 0 0 0 0 
1
2 2 1 0 1 0 0 0 0 
1 2 0 1 2 1 2 1 2 0 2 0 0 2 0 0 1 0 0 2 0 1 2 1 0 1 0 2 1 2 1 1 1 2 0 2 0 1 0 0 0 0 0 0 0 0 0 0 0 0 0 0 0 0 2 0 0 1 1 2 2 0 0 0 0 0 0 1 0 0 0 0 0 0 0 0 0 0 0 0 0 
33 34 32 33 34 33 18 17 18 32 34 32 32 34 32 16 17 16 32 34 32 33 34 33 16 17 16 2 1 2 17 17 17 2 0 2 0 1 0 16 16 16 0 0 0 0 0 0 16 16 16 0 0 0 2 0 0 1 1 2 2 0 0 0 0 0 0 1 0 0 0 0 0 0 0 0 0 0 0 0 0 
1
2 2 1 0 1 2 0 0 0 
1 2 0 1 2 1 2 1 2 0 2 0 0 2 0 0 1 0 0 2 0 1 2 1 0 1 0 2 1 2 1 1 1 2 2 2 0 1 0 0 0 0 0 0 0 0 0 0 0 0 0 0 0 0 2 0 0 1 1 2 2 0 0 0 0 0 0 1 0 0 0 0 0 0 0 0 0 0 0 0 0 
33 34 32 33 34 33 18 17 18 32 34 32 32 34 32 16 17 16 32 34 32 33 34 33 16 17 16 2 1 2 17 17 17 34 34 34 0 1 0 16 16 16 32 32 32 0 0 0 16 16 16 32 32 32 2 0 0 1 1 2 2 0 0 0 0 0 0 1 0 0 0 0 0 0 0 0 0 0 0 0 0 
1
2 2 1 0 1 2 0 0 0 
1 2 0 1 2 1 2 1 2 0 2 0 0 2 0 0 1 0 0 2 0 1 2 1 0 1 0 2 1 2 1 1 1 2 2 2 0 1 0 0 0 0 0 0 0 0 0 0 0 0 0 0 0 0 2 0 0 1 1 2 2 0 0 0 0 0 1 1 0 0 0 0 0 0 0 0 0 0 0 0 0 
33 34 32 33 34 33 18 17 18 32 34 32 32 34 32 16 17 16 32 34 32 33 34 33 16 17 16 2 1 2 17 17 17 34 34 34 0 1 0 16 16 16 32 32 32 0 0 0 16 16 16 32 32 32 2 0 0 1 1 2 2 0 0 0 0 0 1 1 0 0 0 0 0 0 0 0 0 0 0 0 0 
1
2 2 1 0 1 2 0 0 0 
1 2 0 1 2 1 2 1 2 0 2 0 0 2 0 0 1 0 0 2 0 1 2 1 0 1 0 2 1 2 1 1 1 2 2 2 0 1 0 0 0 0 0 0 0 0 2 0 0 0 0 0 0 0 2 0 0 1 1 2 2 0 0 0 0 0 1 1 0 0 0 0 0 0 0 0 0 0 0 0 0 
33 34 32 33 34 33 18 17 18 32 34 32 32 34 32 16 17 16 32 34 32 33 34 33 16 17 16 2 1 2 17 17 17 34 34 34 0 1 0 16 16 16 32 32 32 0 2 0 16 16 16 32 32 32 2 0 0 1 1 2 2 0 0 0 0 0 1 1 0 0 0 0 0 0 0 0 0 0 0 0 0 
1
2 2 1 0 1 2 0 1 0 
1 2 0 1 2 1 2 1 2 0 2 0 0 2 0 0 1 0 0 2 0 1 2 1 0 1 0 2 1 2 1 1 1 2 2 2 0 1 0 0 0 0 0 0 0 0 2 0 0 0 0 0 0 0 2 0 0 1 1 2 2 0 0 0 0 0 1 1 1 0 0 0 0 0 0 0 0 0 0 0 0 
33 34 32 33 34 33 18 17 18 32 34 32 32 34 32 16 17 16 32 34 32 33 34 33 16 17 16 2 1 2 17 17 17 34 34 34 0 1 0 16 16 16 32 32 32 0 2 0 16 16 16 32 32 32 2 0 0 17 17 18 2 0 0 0 0 0 17 17 17 0 0 0 0 0 0 16 16 16 0 0 0 
1
2 2 1 0 1 2 0 1 0 
1 2 0 1 2 1 2 1 2 0 2 0 0 2 0 0 1 0 0 2 0 1 2 1 0 1 0 2 1 2 1 1 1 2 2 2 0 1 0 0 0 0 0 0 0 0 2 0 0 0 0 0 0 0 2 0 2 1 1 2 2 0 0 0 0 0 1 1 1 0 0 0 0 0 0 0 0 0 0 0 0 
33 34 32 33 34 33 18 17 18 32 34 32 32 34 32 16 17 16 32 34 32 33 34 33 16 17 16 2 1 2 17 17 17 34 34 34 0 1 0 16 16 16 32 32 32 0 2 0 16 16 16 32 32 32 2 0 2 17 17 18 2 0 0 0 0 0 17 17 17 0 0 0 0 0 0 16 16 16 0 0 0 
1
2 2 1 0 1 2 0 1 0 
1 2 0 1 2 1 2 1 2 0 2 0 0 2 0 0 1 0 0 2 0 1 2 1 0 1 0 2 1 2 1 1 1 2 2 2 0 1 0 0 0 0 0 0 0 0 2 0 0 0 0 0 0 0 2 1 2 1 1 2 2 0 0 0 0 0 1 1 1 0 0 0 0 0 0 0 0 0 0 0 0 
33 34 32 33 34 33 18 17 18 32 34 32 32 34 32 16 17 16 32 34 32 33 34 33 16 17 16 2 1 2 17 17 17 34 34 34 0 1 0 16 16 16 32 32 32 0 2 0 16 16 16 32 32 32 2 1 2 17 17 18 2 0 0 0 0 0 17 17 17 0 0 0 0 0 0 16 16 16 0 0 0 
1
2 2 1 0 1 2 0 1 0 
1 2 0 1 2 1 2 1 2 0 2 0 0 2 0 0 1 0 0 2 0 1 2 1 0 1 0 2 1 2 1 1 1 2 2 2 0 1 0 0 0 0 0 0 0 0 2 0 0 0 0 0 0 0 2 1 2 1 1 2 2 0 2 0 0 0 1 1 1 0 0 0 0 0 0 0 0 0 0 0 0 
33 34 32 33 34 33 18 17 18 32 34 32 32 34 32 16 17 16 32 34 32 33 34 33 16 17 16 2 1 2 17 17 17 34 34 34 0 1 0 16 16 16 32 32 32 0 2 0 16 16 16 32 32 32 2 1 2 17 17 18 2 0 2 0 0 0 17 17 17 0 0 0 0 0 0 16 16 16 0 0 0 
1
2 2 1 0 1 2 0 1 0 
1 2 0 1 2 1 2 1 2 0 2 0 0 2 0 0 1 0 0 2 0 1 2 1 0 1 0 2 1 2 1 1 1 2 2 2 0 1 0 0 0 0 0 0 0 0 2 0 0 0 0 0 0 0 2 1 2 1 1 2 2 0 2 0 0 0 1 1 1 0 0 0 0 1 0 0 0 0 0 0 0 
33 34 32 33 34 33 18 17 18 32 34 32 32 34 32 16 17 16 32 34 32 33 34 33 16 17 16 2 1 2 17 17 17 34 34 34 0 1 0 16 16 16 32 32 32 0 2 0 16 16 16 32 32 32 2 1 2 17 17 18 2 0 2 0 0 0 17 17 17 0 0 0 0 1 0 16 16 16 0 0 0 
1
2 2 1 0 1 2 0 1 2 
1 2 0 1 2 1 2 1 2 0 2 0 0 2 0 0 1 0 0 2 0 1 2 1 0 1 0 2 1 2 1 1 1 2 2 2 0 1 0 0 0 0 0 0 0 0 2 0 0 0 0 0 0 0 2 1 2 1 1 2 2 2 2 0 0 0 1 1 1 0 0 0 0 1 0 0 0 0 0 0 0 
33 34 32 33 34 33 18 17 18 32 34 32 32 34 32 16 17 16 32 34 32 33 34 33 16 17 16 2 1 2 17 17 17 34 34 34 0 1 0 16 16 16 32 32 32 0 2 0 16 16 16 32 32 32 2 1 2 17 17 18 34 34 34 0 0 0 17 17 17 32 32 32 0 1 0 16 16 16 32 32 32 
1
2 2 1 0 1 2 1 1 2 
1 2 0 1 2 1 2 1 2 0 2 0 0 2 0 0 1 0 0 2 0 1 2 1 0 1 0 2 1 2 1 1 1 2 2 2 0 1 0 0 0 0 0 0 0 0 2 0 0 0 0 0 0 0 2 1 2 1 1 2 2 2 2 0 1 0 1 1 1 0 0 0 0 1 0 0 0 0 0 0 0 
33 34 32 33 34 33 18 17 18 32 34 32 32 34 32 16 17 16 32 34 32 33 34 33 16 17 16 2 1 2 17 17 17 34 34 34 0 1 0 16 16 16 32 32 32 0 2 0 16 16 16 32 32 32 18 17 18 17 17 18 34 34 34 16 17 16 17 17 17 32 32 32 16 17 16 16 16 16 32 32 32 
1
2 2 1 0 1 2 1 1 2 
1 2 0 1 2 1 2 1 2 0 2 0 0 2 0 0 1 0 0 2 0 1 2 1 0 1 0 2 1 2 1 1 1 2 2 2 0 1 0 0 0 0 0 0 0 0 2 0 0 0 0 0 0 0 2 1 2 1 1 2 2 2 2 0 1 0 1 1 1 0 0 0 0 1 0 0 0 0 0 0 0 
33 34 32 33 34 33 18 17 18 32 34 32 32 34 32 16 17 16 32 34 32 33 34 33 16 17 16 2 1 2 17 17 17 34 34 34 0 1 0 16 16 16 32 32 32 0 2 0 16 16 16 32 32 32 18 17 18 17 17 18 34 34 34 16 17 16 17 17 17 32 32 32 16 17 16 16 16 16 32 32 32 
1
