0 0 0 0 0 0 0 0 0 
0 0 0 0 0 0 0 0 0 0 0 0 0 0 0 0 0 0 0 0 0 0 0 0 0 0 0 0 0 0 0 0 0 0 0 0 0 0 0 0 0 0 0 0 0 0 0 0 0 0 0 0 0 0 0 0 0 0 0 0 0 0 0 0 0 0 0 0 0 0 0 0 0 0 0 0 0 0 0 0 1 
0 0 0 0 0 0 0 0 0 0 0 0 0 0 0 0 0 0 0 0 0 0 0 0 0 0 0 0 0 0 0 0 0 0 0 0 0 0 0 0 0 0 0 0 0 0 0 0 0 0 0 0 0 0 0 0 0 0 0 0 0 0 0 0 0 0 0 0 0 0 0 0 0 0 0 0 0 0 0 0 1 
0
0 0 0 0 0 0 0 0 0 
0 0 0 0 0 0 0 0 0 0 0 0 0 0 0 0 0 0 0 0 0 0 0 0 0 0 0 0 0 0 0 0 0 0 0 0 0 0 0 0 0 0 0 0 0 0 0 0 0 0 0 0 0 0 0 0 0 0 0 0 0 0 0 0 0 0 0 0 0 0 2 0 0 0 0 0 0 0 0 0 1 
0 0 0 0 0 0 0 0 0 0 0 0 0 0 0 0 0 0 0 0 0 0 0 0 0 0 0 0 0 0 0 0 0 0 0 0 0 0 0 0 0 0 0 0 0 0 0 0 0 0 0 0 0 0 0 0 0 0 0 0 0 0 0 0 0 0 0 0 0 0 2 0 0 0 0 0 0 0 0 0 1 
0
0 0 0 0 0 0 0 0 0 
0 0 0 0 0 0 0 0 0 0 0 0 0 0 0 0 0 0 0 0 0 0 0 0 0 0 0 0 0 0 0 0 1 0 0 0 0 0 0 0 0 0 0 0 0 0 0 0 0 0 0 0 0 0 0 0 0 0 0 0 0 0 0 0 0 0 0 0 0 0 2 0 0 0 0 0 0 0 0 0 1 
0 0 0 0 0 0 0 0 0 0 0 0 0 0 0 0 0 0 0 0 0 0 0 0 0 0 0 0 0 0 0 0 1 0 0 0 0 0 0 0 0 0 0 0 0 0 0 0 0 0 0 0 0 0 0 0 0 0 0 0 0 0 0 0 0 0 0 0 0 0 2 0 0 0 0 0 0 0 0 0 1 
0
0 0 0 0 0 0 0 0 0 
0 0 0 0 0 0 2 0 0 0 0 0 0 0 0 0 0 0 0 0 0 0 0 0 0 0 0 0 0 0 0 0 1 0 0 0 0 0 0 0 0 0 0 0 0 0 0 0 0 0 0 0 0 0 0 0 0 0 0 0 0 0 0 0 0 0 0 0 0 0 2 0 0 0 0 0 0 0 0 0 1 
0 0 0 0 0 0 2 0 0 0 0 0 0 0 0 0 0 0 0 0 0 0 0 0 0 0 0 0 0 0 0 0 1 0 0 0 0 0 0 0 0 0 0 0 0 0 0 0 0 0 0 0 0 0 0 0 0 0 0 0 0 0 0 0 0 0 0 0 0 0 2 0 0 0 0 0 0 0 0 0 1 
0
0 0 0 0 0 0 0 0 0 
0 0 0 0 0 0 2 0 0 1 0 0 0 0 0 0 0 0 0 0 0 0 0 0 0 0 0 0 0 0 0 0 1 0 0 0 0 0 0 0 0 0 0 0 0 0 0 0 0 0 0 0 0 0 0 0 0 0 0 0 0 0 0 0 0 0 0 0 0 0 2 0 0 0 0 0 0 0 0 0 1 
0 0 0 0 0 0 2 0 0 1 0 0 0 0 0 0 0 0 0 0 0 0 0 0 0 0 0 0 0 0 0 0 1 0 0 0 0 0 0 0 0 0 0 0 0 0 0 0 0 0 0 0 0 0 0 0 0 0 0 0 0 0 0 0 0 0 0 0 0 0 2 0 0 0 0 0 0 0 0 0 1 
0
0 0 0 0 0 0 0 0 0 
0 0 0 0 0 0 2 0 0 1 0 0 0 0 0 0 0 0 0 0 0 0 0 0 0 0 0 0 0 0 0 0 1 0 0 0 0 0 0 0 0 0 0 0 0 2 0 0 0 0 0 0 0 0 0 0 0 0 0 0 0 0 0 0 0 0 0 0 0 0 2 0 0 0 0 0 0 0 0 0 1 
0 0 0 0 0 0 2 0 0 1 0 0 0 0 0 0 0 0 0 0 0 0 0 0 0 0 0 0 0 0 0 0 1 0 0 0 0 0 0 0 0 0 0 0 0 2 0 0 0 0 0 0 0 0 0 0 0 0 0 0 0 0 0 0 0 0 0 0 0 0 2 0 0 0 0 0 0 0 0 0 1 
0
0 0 0 0 0 0 0 0 0 
0 0 0 0 0 0 2 0 0 1 0 0 0 0 0 0 0 0 0 0 0 0 0 0 0 0 0 0 0 0 0 0 1 0 0 0 0 0 0 0 0 0 0 0 0 2 0 0 0 0 0 0 0 0 0 0 0 0 0 0 0 0 0 0 0 0 0 0 0 0 2 0 1 0 0 0 0 0 0 0 1 
0 0 0 0 0 0 2 0 0 1 0 0 0 0 0 0 0 0 0 0 0 0 0 0 0 0 0 0 0 0 0 0 1 0 0 0 0 0 0 0 0 0 0 0 0 2 0 0 0 0 0 0 0 0 0 0 0 0 0 0 0 0 0 0 0 0 0 0 0 0 2 0 1 0 0 0 0 0 0 0 1 
0
0 0 0 0 0 0 0 0 0 
0 0 0 0 0 0 2 0 0 1 0 0 0 0 0 0 0 0 0 0 0 0 0 0 0 0 0 0 0 0 0 0 1 0 0 0 0 0 0 0 0 0 0 0 0 2 0 0 0 0 0 0 0 0 0 0 0 0 0 0 0 0 0 0 0 0 0 0 0 0 2 0 1 2 0 0 0 0 0 0 1 
0 0 0 0 0 0 2 0 0 1 0 0 0 0 0 0 0 0 0 0 0 0 0 0 0 0 0 0 0 0 0 0 1 0 0 0 0 0 0 0 0 0 0 0 0 2 0 0 0 0 0 0 0 0 0 0 0 0 0 0 0 0 0 0 0 0 0 0 0 0 2 0 1 2 0 0 0 0 0 0 1 
0
0 0 0 0 0 0 0 0 0 
0 0 0 0 0 0 2 0 0 1 0 0 0 0 0 0 0 0 0 0 0 0 0 0 0 0 0 0 0 0 0 0 1 0 0 0 0 0 0 0 0 0 0 0 0 2 0 0 0 0 0 0 0 0 0 0 0 0 0 0 0 0 0 0 0 0 0 0 1 0 2 0 1 2 0 0 0 0 0 0 1 
0 0 0 0 0 0 2 0 0 1 0 0 0 0 0 0 0 0 0 0 0 0 0 0 0 0 0 0 0 0 0 0 1 0 0 0 0 0 0 0 0 0 0 0 0 2 0 0 0 0 0 0 0 0 0 0 0 0 0 0 0 0 0 0 0 0 0 0 1 0 2 0 1 2 0 0 0 0 0 0 1 
0
0 0 0 0 0 0 0 0 0 
0 0 0 0 0 0 2 0 0 1 0 0 0 0 0 0 0 0 0 0 0 0 0 0 0 0 0 0 0 0 0 0 1 2 0 0 0 0 0 0 0 0 0 0 0 2 0 0 0 0 0 0 0 0 0 0 0 0 0 0 0 0 0 0 0 0 0 0 1 0 2 0 1 2 0 0 0 0 0 0 1 
0 0 0 0 0 0 2 0 0 1 0 0 0 0 0 0 0 0 0 0 0 0 0 0 0 0 0 0 0 0 0 0 1 2 0 0 0 0 0 0 0 0 0 0 0 2 0 0 0 0 0 0 0 0 0 0 0 0 0 0 0 0 0 0 0 0 0 0 1 0 2 0 1 2 0 0 0 0 0 0 1 
0
0 0 0 0 0 0 0 0 0 
1 0 0 0 0 0 2 0 0 1 0 0 0 0 0 0 0 0 0 0 0 0 0 0 0 0 0 0 0 0 0 0 1 2 0 0 0 0 0 0 0 0 0 0 0 2 0 0 0 0 0 0 0 0 0 0 0 0 0 0 0 0 0 0 0 0 0 0 1 0 2 0 1 2 0 0 0 0 0 0 1 
1 0 0 0 0 0 2 0 0 1 0 0 0 0 0 0 0 0 0 0 0 0 0 0 0 0 0 0 0 0 0 0 1 2 0 0 0 0 0 0 0 0 0 0 0 2 0 0 0 0 0 0 0 0 0 0 0 0 0 0 0 0 0 0 0 0 0 0 1 0 2 0 1 2 0 0 0 0 0 0 1 
0
0 0 0 0 0 0 0 0 0 
1 0 0 0 0 0 2 0 0 1 0 0 0 0 0 0 0 0 2 0 0 0 0 0 0 0 0 0 0 0 0 0 1 2 0 0 0 0 0 0 0 0 0 0 0 2 0 0 0 0 0 0 0 0 0 0 0 0 0 0 0 0 0 0 0 0 0 0 1 0 2 0 1 2 0 0 0 0 0 0 1 
1 0 0 0 0 0 2 0 0 1 0 0 0 0 0 0 0 0 2 0 0 0 0 0 0 0 0 0 0 0 0 0 1 2 0 0 0 0 0 0 0 0 0 0 0 2 0 0 0 0 0 0 0 0 0 0 0 0 0 0 0 0 0 0 0 0 0 0 1 0 2 0 1 2 0 0 0 0 0 0 1 
0
0 0 0 0 0 0 0 0 0 
1 0 0 0 0 0 2 0 0 1 0 0 0 0 0 0 0 0 2 0 0 0 0 0 0 0 0 0 0 0 0 0 1 2 0 0 0 0 0 0 0 0 0 0 0 2 0 0 0 0 0 0 0 0 0 0 1 0 0 0 0 0 0 0 0 0 0 0 1 0 2 0 1 2 0 0 0 0 0 0 1 
1 0 0 0 0 0 2 0 0 1 0 0 0 0 0 0 0 0 2 0 0 0 0 0 0 0 0 0 0 0 0 0 1 2 0 0 0 0 0 0 0 0 0 0 0 2 0 0 0 0 0 0 0 0 0 0 1 0 0 0 0 0 0 0 0 0 0 0 1 0 2 0 1 2 0 0 0 0 0 0 1 
0
0 0 0 0 0 0 0 0 0 
1 0 0 0 0 0 2 0 0 1 0 0 0 0 0 0 0 0 2 0 0 0 0 0 2 0 0 0 0 0 0 0 1 2 0 0 0 0 0 0 0 0 0 0 0 2 0 0 0 0 0 0 0 0 0 0 1 0 0 0 0 0 0 0 0 0 0 0 1 0 2 0 1 2 0 0 0 0 0 0 1 
1 0 0 0 0 0 2 0 0 1 0 0 0 0 0 0 0 0 2 0 0 0 0 0 2 0 0 0 0 0 0 0 1 2 0 0 0 0 0 0 0 0 0 0 0 2 0 0 0 0 0 0 0 0 0 0 1 0 0 0 0 0 0 0 0 0 0 0 1 0 2 0 1 2 0 0 0 0 0 0 1 
0
0 0 0 0 0 0 1 0 0 
1 0 0 0 0 0 2 0 0 1 0 0 0 0 0 0 0 0 2 0 0 0 0 0 2 0 0 0 0 0 0 0 1 2 0 0 0 0 0 0 0 0 0 0 0 2 0 0 0 0 0 0 0 0 0 0 1 0 0 0 0 0 0 0 1 0 0 0 1 0 2 0 1 2 0 0 0 0 0 0 1 
1 0 0 0 0 0 2 0 0 1 0 0 0 0 0 0 0 0 2 0 0 0 0 0 2 0 0 0 0 0 0 0 1 2 0 0 0 0 0 0 0 0 0 0 0 2 0 0 0 0 0 0 0 0 16 16 17 0 0 0 0 0 0 16 17 16 0 0 1 0 2 0 17 18 16 0 0 0 0 0 1 
0
0 0 0 0 0 0 1 0 0 
1 0 0 0 0 0 2 0 0 1 0 0 0 0 0 0 0 0 2 0 0 0 0 0 2 0 0 0 0 0 0 0 1 2 0 0 0 0 0 0 0 0 0 0 0 2 0 0 2 0 0 0 0 0 0 0 1 0 0 0 0 0 0 0 1 0 0 0 1 0 2 0 1 2 0 0 0 0 0 0 1 
1 0 0 0 0 0 2 0 0 1 0 0 0 0 0 0 0 0 2 0 0 0 0 0 2 0 0 0 0 0 0 0 1 2 0 0 0 0 0 0 0 0 0 0 0 2 0 0 2 0 0 0 0 0 16 16 17 0 0 0 0 0 0 16 17 16 0 0 1 0 2 0 17 18 16 0 0 0 0 0 1 
0
0 0 0 0 0 0 1 0 0 
1 0 0 0 0 0 2 0 0 1 0 0 0 0 0 0 0 0 2 0 0 0 0 0 2 0 0 0 0 0 0 0 1 2 0 0 0 0 0 0 0 0 0 0 0 2 0 0 2 0 0 0 0 0 0 0 1 0 0 0 0 0 0 0 1 0 0 0 1 0 2 0 1 2 0 0 0 0 1 0 1 
1 0 0 0 0 0 2 0 0 1 0 0 0 0 0 0 0 0 2 0 0 0 0 0 2 0 0 0 0 0 0 0 1 2 0 0 0 0 0 0 0 0 0 0 0 2 0 0 2 0 0 0 0 0 16 16 17 0 0 0 0 0 0 16 17 16 0 0 1 0 2 0 17 18 16 0 0 0 1 0 1 
0
0 0 0 0 0 0 1 0 0 
1 0 0 0 0 0 2 0 0 1 0 0 0 0 0 0 0 0 2 0 0 0 0 0 2 0 0 0 0 0 0 0 1 2 0 0 0 0 0 0 0 0 0 0 0 2 0 0 2 0 0 0 0 0 0 0 1 0 0 0 0 0 0 0 1 0 0 0 1 0 2 0 1 2 0 0 0 0 1 2 1 
1 0 0 0 0 0 2 0 0 1 0 0 0 0 0 0 0 0 2 0 0 0 0 0 2 0 0 0 0 0 0 0 1 2 0 0 0 0 0 0 0 0 0 0 0 2 0 0 2 0 0 0 0 0 16 16 17 0 0 0 0 0 0 16 17 16 0 0 1 0 2 0 17 18 16 0 0 0 1 2 1 
0
0 0 0 0 0 0 1 0 0 
1 0 0 0 0 0 2 0 0 1 0 0 0 0 0 0 0 0 2 0 0 0 0 0 2 0 0 0 0 0 0 0 1 2 0 0 0 0 0 0 0 0 0 0 0 2 0 0 2 0 0 0 0 0 0 0 1 0 0 0 0 0 0 0 1 0 0 0 1 0 2 0 1 2 0 1 0 0 1 2 1 
1 0 0 0 0 0 2 0 0 1 0 0 0 0 0 0 0 0 2 0 0 0 0 0 2 0 0 0 0 0 0 0 1 2 0 0 0 0 0 0 0 0 0 0 0 2 0 0 2 0 0 0 0 0 16 16 17 0 0 0 0 0 0 16 17 16 0 0 1 0 2 0 17 18 16 1 0 0 1 2 1 
0
0 0 0 0 0 0 1 0 2 
1 0 0 0 0 0 2 0 0 1 0 0 0 0 0 0 0 0 2 0 0 0 0 0 2 0 0 0 0 0 0 0 1 2 0 0 0 0 0 0 0 0 0 0 0 2 0 0 2 0 0 0 0 0 0 0 1 0 0 0 0 2 0 0 1 0 0 0 1 0 2 0 1 2 0 1 0 0 1 2 1 
1 0 0 0 0 0 2 0 0 1 0 0 0 0 0 0 0 0 2 0 0 0 0 0 2 0 0 0 0 0 0 0 1 2 0 0 0 0 0 0 0 0 0 0 0 2 0 0 2 0 0 0 0 0 16 16 17 0 0 0 32 34 32 16 17 16 0 0 1 32 34 32 17 18 16 1 0 0 33 34 33 
0
0 0 0 0 0 0 1 0 2 
1 0 0 0 0 0 2 0 0 1 0 0 0 0 0 0 0 0 2 0 0 1 0 0 2 0 0 0 0 0 0 0 1 2 0 0 0 0 0 0 0 0 0 0 0 2 0 0 2 0 0 0 0 0 0 0 1 0 0 0 0 2 0 0 1 0 0 0 1 0 2 0 1 2 0 1 0 0 1 2 1 
1 0 0 0 0 0 2 0 0 1 0 0 0 0 0 0 0 0 2 0 0 1 0 0 2 0 0 0 0 0 0 0 1 2 0 0 0 0 0 0 0 0 0 0 0 2 0 0 2 0 0 0 0 0 16 16 17 0 0 0 32 34 32 16 17 16 0 0 1 32 34 32 17 18 16 1 0 0 33 34 33 
0
0 0 2 0 0 0 1 0 2 
1 0 0 0 0 0 2 0 0 1 0 0 0 0 0 2 0 0 2 0 0 1 0 0 2 0 0 0 0 0 0 0 1 2 0 0 0 0 0 0 0 0 0 0 0 2 0 0 2 0 0 0 0 0 0 0 1 0 0 0 0 2 0 0 1 0 0 0 1 0 2 0 1 2 0 1 0 0 1 2 1 
1 0 0 0 0 0 34 32 32 1 0 0 0 0 0 34 32 32 2 0 0 1 0 0 34 32 32 0 0 0 0 0 1 2 0 0 0 0 0 0 0 0 0 0 0 2 0 0 2 0 0 0 0 0 16 16 17 0 0 0 32 34 32 16 17 16 0 0 1 32 34 32 17 18 16 1 0 0 33 34 33 
0
0 0 2 0 0 0 1 0 2 
1 0 0 0 0 0 2 0 0 1 0 0 0 0 0 2 0 0 2 0 0 1 0 0 2 0 0 0 1 0 0 0 1 2 0 0 0 0 0 0 0 0 0 0 0 2 0 0 2 0 0 0 0 0 0 0 1 0 0 0 0 2 0 0 1 0 0 0 1 0 2 0 1 2 0 1 0 0 1 2 1 
1 0 0 0 0 0 34 32 32 1 0 0 0 0 0 34 32 32 2 0 0 1 0 0 34 32 32 0 1 0 0 0 1 2 0 0 0 0 0 0 0 0 0 0 0 2 0 0 2 0 0 0 0 0 16 16 17 0 0 0 32 34 32 16 17 16 0 0 1 32 34 32 17 18 16 1 0 0 33 34 33 
0
0 0 2 0 0 0 1 0 2 
1 0 0 0 0 0 2 0 0 1 0 0 0 0 2 2 0 0 2 0 0 1 0 0 2 0 0 0 1 0 0 0 1 2 0 0 0 0 0 0 0 0 0 0 0 2 0 0 2 0 0 0 0 0 0 0 1 0 0 0 0 2 0 0 1 0 0 0 1 0 2 0 1 2 0 1 0 0 1 2 1 
1 0 0 0 0 0 34 32 32 1 0 0 0 0 2 34 32 32 2 0 0 1 0 0 34 32 32 0 1 0 0 0 1 2 0 0 0 0 0 0 0 0 0 0 0 2 0 0 2 0 0 0 0 0 16 16 17 0 0 0 32 34 32 16 17 16 0 0 1 32 34 32 17 18 16 1 0 0 33 34 33 
0
0 0 2 0 0 0 1 0 2 
1 0 0 0 0 0 2 0 0 1 0 0 0 0 2 2 0 0 2 0 0 1 0 0 2 0 0 0 1 0 0 0 1 2 0 0 0 0 0 0 0 0 0 1 0 2 0 0 2 0 0 0 0 0 0 0 1 0 0 0 0 2 0 0 1 0 0 0 1 0 2 0 1 2 0 1 0 0 1 2 1 
1 0 0 0 0 0 34 32 32 1 0 0 0 0 2 34 32 32 2 0 0 1 0 0 34 32 32 0 1 0 0 0 1 2 0 0 0 0 0 0 0 0 0 1 0 2 0 0 2 0 0 0 0 0 16 16 17 0 0 0 32 34 32 16 17 16 0 0 1 32 34 32 17 18 16 1 0 0 33 34 33 
0
0 0 2 0 0 0 1 0 2 
1 0 0 0 0 0 2 0 0 1 0 0 0 0 2 2 0 0 2 0 0 1 0 0 2 0 0 0 1 0 0 0 1 2 0 0 0 0 0 0 0 0 0 1 0 2 0 0 2 2 0 0 0 0 0 0 1 0 0 0 0 2 0 0 1 0 0 0 1 0 2 0 1 2 0 1 0 0 1 2 1 
1 0 0 0 0 0 34 32 32 1 0 0 0 0 2 34 32 32 2 0 0 1 0 0 34 32 32 0 1 0 0 0 1 2 0 0 0 0 0 0 0 0 0 1 0 2 0 0 2 2 0 0 0 0 16 16 17 0 0 0 32 34 32 16 17 16 0 0 1 32 34 32 17 18 16 1 0 0 33 34 33 
0
0 0 2 0 0 0 1 0 2 
1 0 0 0 0 0 2 0 0 1 0 0 0 0 2 2 0 0 2 0 0 1 0 0 2 0 0 0 1 0 0 0 1 2 0 0 0 0 0 0 0 0 0 1 0 2 0 0 2 2 0 0 0 0 0 0 1 0 0 0 0 2 0 0 1 0 0 0 1 0 2 0 1 2 0 1 1 0 1 2 1 
1 0 0 0 0 0 34 32 32 1 0 0 0 0 2 34 32 32 2 0 0 1 0 0 34 32 32 0 1 0 0 0 1 2 0 0 0 0 0 0 0 0 0 1 0 2 0 0 2 2 0 0 0 0 16 16 17 0 0 0 32 34 32 16 17 16 0 0 1 32 34 32 17 18 16 1 1 0 33 34 33 
0
0 0 2 0 0 0 1 0 2 
1 0 0 0 0 0 2 0 0 1 0 0 0 0 2 2 0 0 2 0 0 1 0 0 2 0 0 0 1 0 0 0 1 2 0 0 0 0 0 0 0 0 0 1 0 2 0 0 2 2 0 0 0 0 0 0 1 0 0 0 0 2 0 0 1 0 0 2 1 0 2 0 1 2 0 1 1 0 1 2 1 
1 0 0 0 0 0 34 32 32 1 0 0 0 0 2 34 32 32 2 0 0 1 0 0 34 32 32 0 1 0 0 0 1 2 0 0 0 0 0 0 0 0 0 1 0 2 0 0 2 2 0 0 0 0 16 16 17 0 0 0 32 34 32 16 17 16 0 2 1 32 34 32 17 18 16 1 1 0 33 34 33 
0
0 0 2 0 0 0 1 0 2 
1 0 0 0 0 0 2 0 0 1 0 0 0 0 2 2 0 0 2 0 0 1 0 0 2 0 0 0 1 0 0 0 1 2 0 0 0 0 0 0 0 0 0 1 0 2 0 0 2 2 1 0 0 0 0 0 1 0 0 0 0 2 0 0 1 0 0 2 1 0 2 0 1 2 0 1 1 0 1 2 1 
1 0 0 0 0 0 34 32 32 1 0 0 0 0 2 34 32 32 2 0 0 1 0 0 34 32 32 0 1 0 0 0 1 2 0 0 0 0 0 0 0 0 0 1 0 2 0 0 2 2 1 0 0 0 16 16 17 0 0 0 32 34 32 16 17 16 0 2 1 32 34 32 17 18 16 1 1 0 33 34 33 
0
0 0 2 0 0 0 1 0 2 
1 0 0 0 0 0 2 0 0 1 0 0 0 0 2 2 0 0 2 0 0 1 0 0 2 0 0 0 1 0 0 0 1 2 0 0 0 0 0 0 0 0 2 1 0 2 0 0 2 2 1 0 0 0 0 0 1 0 0 0 0 2 0 0 1 0 0 2 1 0 2 0 1 2 0 1 1 0 1 2 1 
1 0 0 0 0 0 34 32 32 1 0 0 0 0 2 34 32 32 2 0 0 1 0 0 34 32 32 0 1 0 0 0 1 2 0 0 0 0 0 0 0 0 2 1 0 2 0 0 2 2 1 0 0 0 16 16 17 0 0 0 32 34 32 16 17 16 0 2 1 32 34 32 17 18 16 1 1 0 33 34 33 
0
0 0 2 0 0 0 1 0 2 
1 0 0 0 0 0 2 0 0 1 0 0 0 0 2 2 0 0 2 0 0 1 0 0 2 0 0 0 1 0 0 0 1 2 0 0 0 0 0 0 0 0 2 1 0 2 1 0 2 2 1 0 0 0 0 0 1 0 0 0 0 2 0 0 1 0 0 2 1 0 2 0 1 2 0 1 1 0 1 2 1 
1 0 0 0 0 0 34 32 32 1 0 0 0 0 2 34 32 32 2 0 0 1 0 0 34 32 32 0 1 0 0 0 1 2 0 0 0 0 0 0 0 0 2 1 0 2 1 0 2 2 1 0 0 0 16 16 17 0 0 0 32 34 32 16 17 16 0 2 1 32 34 32 17 18 16 1 1 0 33 34 33 
0
0 0 2 0 0 0 1 0 2 
1 0 0 0 0 0 2 0 0 1 0 0 0 0 2 2 0 0 2 0 0 1 0 0 2 0 0 0 1 0 0 0 1 2 0 0 0 0 0 0 0 0 2 1 0 2 1 0 2 2 1 0 0 0 0 0 1 2 0 0 0 2 0 0 1 0 0 2 1 0 2 0 1 2 0 1 1 0 1 2 1 
1 0 0 0 0 0 34 32 32 1 0 0 0 0 2 34 32 32 2 0 0 1 0 0 34 32 32 0 1 0 0 0 1 2 0 0 0 0 0 0 0 0 2 1 0 2 1 0 2 2 1 0 0 0 16 16 17 2 0 0 32 34 32 16 17 16 0 2 1 32 34 32 17 18 16 1 1 0 33 34 33 
0
0 0 2 0 0 0 1 0 2 
1 0 0 0 0 0 2 0 0 1 1 0 0 0 2 2 0 0 2 0 0 1 0 0 2 0 0 0 1 0 0 0 1 2 0 0 0 0 0 0 0 0 2 1 0 2 1 0 2 2 1 0 0 0 0 0 1 2 0 0 0 2 0 0 1 0 0 2 1 0 2 0 1 2 0 1 1 0 1 2 1 
1 0 0 0 0 0 34 32 32 1 1 0 0 0 2 34 32 32 2 0 0 1 0 0 34 32 32 0 1 0 0 0 1 2 0 0 0 0 0 0 0 0 2 1 0 2 1 0 2 2 1 0 0 0 16 16 17 2 0 0 32 34 32 16 17 16 0 2 1 32 34 32 17 18 16 1 1 0 33 34 33 
0
0 0 2 0 0 0 1 0 2 
1 0 0 0 0 0 2 0 0 1 1 0 0 0 2 2 0 0 2 0 0 1 0 0 2 0 0 0 1 0 2 0 1 2 0 0 0 0 0 0 0 0 2 1 0 2 1 0 2 2 1 0 0 0 0 0 1 2 0 0 0 2 0 0 1 0 0 2 1 0 2 0 1 2 0 1 1 0 1 2 1 
1 0 0 0 0 0 34 32 32 1 1 0 0 0 2 34 32 32 2 0 0 1 0 0 34 32 32 0 1 0 2 0 1 2 0 0 0 0 0 0 0 0 2 1 0 2 1 0 2 2 1 0 0 0 16 16 17 2 0 0 32 34 32 16 17 16 0 2 1 32 34 32 17 18 16 1 1 0 33 34 33 
0
1 0 2 0 0 0 1 0 2 
1 0 0 0 0 0 2 0 0 1 1 0 0 0 2 2 0 0 2 0 1 1 0 0 2 0 0 0 1 0 2 0 1 2 0 0 0 0 0 0 0 0 2 1 0 2 1 0 2 2 1 0 0 0 0 0 1 2 0 0 0 2 0 0 1 0 0 2 1 0 2 0 1 2 0 1 1 0 1 2 1 
17 16 16 0 0 0 34 32 32 17 17 16 0 0 2 34 32 32 18 16 17 1 0 0 34 32 32 0 1 0 2 0 1 2 0 0 0 0 0 0 0 0 2 1 0 2 1 0 2 2 1 0 0 0 16 16 17 2 0 0 32 34 32 16 17 16 0 2 1 32 34 32 17 18 16 1 1 0 33 34 33 
0
1 0 2 0 0 2 1 0 2 
1 0 0 0 0 0 2 0 0 1 1 0 0 0 2 2 0 0 2 0 1 1 0 0 2 0 0 0 1 0 2 0 1 2 0 0 0 0 0 0 0 0 2 1 0 2 1 0 2 2 1 2 0 0 0 0 1 2 0 0 0 2 0 0 1 0 0 2 1 0 2 0 1 2 0 1 1 0 1 2 1 
17 16 16 0 0 0 34 32 32 17 17 16 0 0 2 34 32 32 18 16 17 1 0 0 34 32 32 0 1 0 2 0 1 34 32 32 0 0 0 0 0 0 34 33 32 2 1 0 2 2 1 34 32 32 16 16 17 2 0 0 32 34 32 16 17 16 0 2 1 32 34 32 17 18 16 1 1 0 33 34 33 
0
1 0 2 0 0 2 1 0 2 
1 0 0 0 0 0 2 0 0 1 1 0 0 0 2 2 0 0 2 0 1 1 0 0 2 0 0 0 1 0 2 0 1 2 0 0 0 0 0 0 0 0 2 1 0 2 1 0 2 2 1 2 0 0 0 0 1 2 0 0 0 2 0 0 1 0 0 2 1 0 2 0 1 2 0 1 1 0 1 2 1 
17 16 16 0 0 0 34 32 32 17 17 16 0 0 2 34 32 32 18 16 17 1 0 0 34 32 32 0 1 0 2 0 1 34 32 32 0 0 0 0 0 0 34 33 32 2 1 0 2 2 1 34 32 32 16 16 17 2 0 0 32 34 32 16 17 16 0 2 1 32 34 32 17 18 16 1 1 0 33 34 33 
0
