0 0 0 0 0 0 0 0 0 
0 0 0 0 0 0 0 0 0 0 0 0 0 0 0 0 0 0 0 0 0 0 0 0 0 0 0 0 0 0 0 0 0 0 0 0 0 0 0 0 0 0 0 0 0 0 0 0 0 0 0 0 0 0 1 0 0 0 0 0 0 0 0 0 0 0 0 0 0 0 0 0 0 0 0 0 0 0 0 0 0 
0 0 0 0 0 0 0 0 0 0 0 0 0 0 0 0 0 0 0 0 0 0 0 0 0 0 0 0 0 0 0 0 0 0 0 0 0 0 0 0 0 0 0 0 0 0 0 0 0 0 0 0 0 0 1 0 0 0 0 0 0 0 0 0 0 0 0 0 0 0 0 0 0 0 0 0 0 0 0 0 0 
1
0 0 0 0 0 0 0 0 0 
2 0 0 0 0 0 0 0 0 0 0 0 0 0 0 0 0 0 0 0 0 0 0 0 0 0 0 0 0 0 0 0 0 0 0 0 0 0 0 0 0 0 0 0 0 0 0 0 0 0 0 0 0 0 1 0 0 0 0 0 0 0 0 0 0 0 0 0 0 0 0 0 0 0 0 0 0 0 0 0 0 
2 0 0 0 0 0 0 0 0 0 0 0 0 0 0 0 0 0 0 0 0 0 0 0 0 0 0 0 0 0 0 0 0 0 0 0 0 0 0 0 0 0 0 0 0 0 0 0 0 0 0 0 0 0 1 0 0 0 0 0 0 0 0 0 0 0 0 0 0 0 0 0 0 0 0 0 0 0 0 0 0 
1
0 0 0 0 0 0 0 0 0 
2 1 0 0 0 0 0 0 0 0 0 0 0 0 0 0 0 0 0 0 0 0 0 0 0 0 0 0 0 0 0 0 0 0 0 0 0 0 0 0 0 0 0 0 0 0 0 0 0 0 0 0 0 0 1 0 0 0 0 0 0 0 0 0 0 0 0 0 0 0 0 0 0 0 0 0 0 0 0 0 0 
2 1 0 0 0 0 0 0 0 0 0 0 0 0 0 0 0 0 0 0 0 0 0 0 0 0 0 0 0 0 0 0 0 0 0 0 0 0 0 0 0 0 0 0 0 0 0 0 0 0 0 0 0 0 1 0 0 0 0 0 0 0 0 0 0 0 0 0 0 0 0 0 0 0 0 0 0 0 0 0 0 
1
0 0 0 0 0 0 0 0 0 
2 1 0 0 0 2 0 0 0 0 0 0 0 0 0 0 0 0 0 0 0 0 0 0 0 0 0 0 0 0 0 0 0 0 0 0 0 0 0 0 0 0 0 0 0 0 0 0 0 0 0 0 0 0 1 0 0 0 0 0 0 0 0 0 0 0 0 0 0 0 0 0 0 0 0 0 0 0 0 0 0 
2 1 0 0 0 2 0 0 0 0 0 0 0 0 0 0 0 0 0 0 0 0 0 0 0 0 0 0 0 0 0 0 0 0 0 0 0 0 0 0 0 0 0 0 0 0 0 0 0 0 0 0 0 0 1 0 0 0 0 0 0 0 0 0 0 0 0 0 0 0 0 0 0 0 0 0 0 0 0 0 0 
1
0 0 0 0 0 0 0 0 0 
2 1 0 0 0 2 0 1 0 0 0 0 0 0 0 0 0 0 0 0 0 0 0 0 0 0 0 0 0 0 0 0 0 0 0 0 0 0 0 0 0 0 0 0 0 0 0 0 0 0 0 0 0 0 1 0 0 0 0 0 0 0 0 0 0 0 0 0 0 0 0 0 0 0 0 0 0 0 0 0 0 
2 1 0 0 0 2 0 1 0 0 0 0 0 0 0 0 0 0 0 0 0 0 0 0 0 0 0 0 0 0 0 0 0 0 0 0 0 0 0 0 0 0 0 0 0 0 0 0 0 0 0 0 0 0 1 0 0 0 0 0 0 0 0 0 0 0 0 0 0 0 0 0 0 0 0 0 0 0 0 0 0 
1
0 0 0 0 0 0 0 0 0 
2 1 0 0 2 2 0 1 0 0 0 0 0 0 0 0 0 0 0 0 0 0 0 0 0 0 0 0 0 0 0 0 0 0 0 0 0 0 0 0 0 0 0 0 0 0 0 0 0 0 0 0 0 0 1 0 0 0 0 0 0 0 0 0 0 0 0 0 0 0 0 0 0 0 0 0 0 0 0 0 0 
2 1 0 0 2 2 0 1 0 0 0 0 0 0 0 0 0 0 0 0 0 0 0 0 0 0 0 0 0 0 0 0 0 0 0 0 0 0 0 0 0 0 0 0 0 0 0 0 0 0 0 0 0 0 1 0 0 0 0 0 0 0 0 0 0 0 0 0 0 0 0 0 0 0 0 0 0 0 0 0 0 
1
0 0 0 0 0 0 0 0 0 
2 1 0 1 2 2 0 1 0 0 0 0 0 0 0 0 0 0 0 0 0 0 0 0 0 0 0 0 0 0 0 0 0 0 0 0 0 0 0 0 0 0 0 0 0 0 0 0 0 0 0 0 0 0 1 0 0 0 0 0 0 0 0 0 0 0 0 0 0 0 0 0 0 0 0 0 0 0 0 0 0 
2 1 0 1 2 2 0 1 0 0 0 0 0 0 0 0 0 0 0 0 0 0 0 0 0 0 0 0 0 0 0 0 0 0 0 0 0 0 0 0 0 0 0 0 0 0 0 0 0 0 0 0 0 0 1 0 0 0 0 0 0 0 0 0 0 0 0 0 0 0 0 0 0 0 0 0 0 0 0 0 0 
1
0 0 0 0 0 0 0 0 0 
2 1 0 1 2 2 0 1 0 0 0 0 0 0 0 0 0 0 2 0 0 0 0 0 0 0 0 0 0 0 0 0 0 0 0 0 0 0 0 0 0 0 0 0 0 0 0 0 0 0 0 0 0 0 1 0 0 0 0 0 0 0 0 0 0 0 0 0 0 0 0 0 0 0 0 0 0 0 0 0 0 
2 1 0 1 2 2 0 1 0 0 0 0 0 0 0 0 0 0 2 0 0 0 0 0 0 0 0 0 0 0 0 0 0 0 0 0 0 0 0 0 0 0 0 0 0 0 0 0 0 0 0 0 0 0 1 0 0 0 0 0 0 0 0 0 0 0 0 0 0 0 0 0 0 0 0 0 0 0 0 0 0 
1
0 0 0 0 0 0 0 0 0 
2 1 0 1 2 2 0 1 0 0 0 0 0 0 0 0 0 0 2 0 0 0 0 0 0 0 0 0 0 0 0 0 0 0 0 0 0 0 0 0 0 0 0 0 0 0 0 0 0 0 0 0 0 0 1 0 0 0 0 0 0 0 0 1 0 0 0 0 0 0 0 0 0 0 0 0 0 0 0 0 0 
2 1 0 1 2 2 0 1 0 0 0 0 0 0 0 0 0 0 2 0 0 0 0 0 0 0 0 0 0 0 0 0 0 0 0 0 0 0 0 0 0 0 0 0 0 0 0 0 0 0 0 0 0 0 1 0 0 0 0 0 0 0 0 1 0 0 0 0 0 0 0 0 0 0 0 0 0 0 0 0 0 
1
0 0 0 0 0 0 0 0 0 
2 1 0 1 2 2 0 1 0 0 0 0 0 0 0 0 0 0 2 0 0 0 0 0 0 0 0 0 0 0 0 0 0 0 0 0 0 0 2 0 0 0 0 0 0 0 0 0 0 0 0 0 0 0 1 0 0 0 0 0 0 0 0 1 0 0 0 0 0 0 0 0 0 0 0 0 0 0 0 0 0 
2 1 0 1 2 2 0 1 0 0 0 0 0 0 0 0 0 0 2 0 0 0 0 0 0 0 0 0 0 0 0 0 0 0 0 0 0 0 2 0 0 0 0 0 0 0 0 0 0 0 0 0 0 0 1 0 0 0 0 0 0 0 0 1 0 0 0 0 0 0 0 0 0 0 0 0 0 0 0 0 0 
1
0 0 0 0 0 0 0 0 0 
2 1 0 1 2 2 0 1 0 0 0 0 0 0 0 0 0 0 2 0 0 0 0 0 0 0 0 0 0 0 0 0 0 0 0 0 0 0 2 0 0 0 0 0 1 0 0 0 0 0 0 0 0 0 1 0 0 0 0 0 0 0 0 1 0 0 0 0 0 0 0 0 0 0 0 0 0 0 0 0 0 
2 1 0 1 2 2 0 1 0 0 0 0 0 0 0 0 0 0 2 0 0 0 0 0 0 0 0 0 0 0 0 0 0 0 0 0 0 0 2 0 0 0 0 0 1 0 0 0 0 0 0 0 0 0 1 0 0 0 0 0 0 0 0 1 0 0 0 0 0 0 0 0 0 0 0 0 0 0 0 0 0 
1
0 0 0 0 0 0 0 0 0 
2 1 0 1 2 2 0 1 0 0 0 0 0 0 0 0 0 0 2 0 0 0 0 0 0 0 0 0 0 0 0 0 0 0 0 0 0 0 2 0 0 0 0 0 1 0 0 0 0 0 0 2 0 0 1 0 0 0 0 0 0 0 0 1 0 0 0 0 0 0 0 0 0 0 0 0 0 0 0 0 0 
2 1 0 1 2 2 0 1 0 0 0 0 0 0 0 0 0 0 2 0 0 0 0 0 0 0 0 0 0 0 0 0 0 0 0 0 0 0 2 0 0 0 0 0 1 0 0 0 0 0 0 2 0 0 1 0 0 0 0 0 0 0 0 1 0 0 0 0 0 0 0 0 0 0 0 0 0 0 0 0 0 
1
0 0 0 0 0 0 1 0 0 
2 1 0 1 2 2 0 1 0 0 0 0 0 0 0 0 0 0 2 0 0 0 0 0 0 0 0 0 0 0 0 0 0 0 0 0 0 0 2 0 0 0 0 0 1 0 0 0 0 0 0 2 0 0 1 0 0 0 0 0 0 0 0 1 0 0 0 0 0 0 0 0 1 0 0 0 0 0 0 0 0 
2 1 0 1 2 2 0 1 0 0 0 0 0 0 0 0 0 0 2 0 0 0 0 0 0 0 0 0 0 0 0 0 0 0 0 0 0 0 2 0 0 0 0 0 1 0 0 0 0 0 0 2 0 0 17 16 16 0 0 0 0 0 0 17 16 16 0 0 0 0 0 0 17 16 16 0 0 0 0 0 0 
1
0 0 0 0 0 0 1 0 0 
2 1 0 1 2 2 0 1 0 0 0 0 0 0 2 0 0 0 2 0 0 0 0 0 0 0 0 0 0 0 0 0 0 0 0 0 0 0 2 0 0 0 0 0 1 0 0 0 0 0 0 2 0 0 1 0 0 0 0 0 0 0 0 1 0 0 0 0 0 0 0 0 1 0 0 0 0 0 0 0 0 
2 1 0 1 2 2 0 1 0 0 0 0 0 0 2 0 0 0 2 0 0 0 0 0 0 0 0 0 0 0 0 0 0 0 0 0 0 0 2 0 0 0 0 0 1 0 0 0 0 0 0 2 0 0 17 16 16 0 0 0 0 0 0 17 16 16 0 0 0 0 0 0 17 16 16 0 0 0 0 0 0 
1
0 0 0 0 0 0 1 0 0 
2 1 0 1 2 2 0 1 0 0 0 0 0 0 2 0 0 0 2 0 0 0 0 0 0 0 0 0 0 0 0 0 0 0 0 0 0 0 2 0 0 0 1 0 1 0 0 0 0 0 0 2 0 0 1 0 0 0 0 0 0 0 0 1 0 0 0 0 0 0 0 0 1 0 0 0 0 0 0 0 0 
2 1 0 1 2 2 0 1 0 0 0 0 0 0 2 0 0 0 2 0 0 0 0 0 0 0 0 0 0 0 0 0 0 0 0 0 0 0 2 0 0 0 1 0 1 0 0 0 0 0 0 2 0 0 17 16 16 0 0 0 0 0 0 17 16 16 0 0 0 0 0 0 17 16 16 0 0 0 0 0 0 
1
0 0 0 0 0 0 1 0 0 
2 1 0 1 2 2 0 1 0 0 0 0 0 0 2 0 0 0 2 0 0 0 0 0 0 0 0 0 0 0 0 0 0 0 0 0 0 0 2 0 0 0 1 0 1 2 0 0 0 0 0 2 0 0 1 0 0 0 0 0 0 0 0 1 0 0 0 0 0 0 0 0 1 0 0 0 0 0 0 0 0 
2 1 0 1 2 2 0 1 0 0 0 0 0 0 2 0 0 0 2 0 0 0 0 0 0 0 0 0 0 0 0 0 0 0 0 0 0 0 2 0 0 0 1 0 1 2 0 0 0 0 0 2 0 0 17 16 16 0 0 0 0 0 0 17 16 16 0 0 0 0 0 0 17 16 16 0 0 0 0 0 0 
1
0 0 0 0 0 0 1 0 0 
2 1 0 1 2 2 0 1 0 0 0 0 0 0 2 0 0 0 2 0 0 0 0 0 0 0 0 0 0 0 0 0 0 0 0 0 0 0 2 0 0 0 1 0 1 2 0 0 0 0 0 2 0 0 1 0 0 0 0 0 0 0 0 1 0 0 0 0 0 0 0 0 1 0 0 0 0 0 1 0 0 
2 1 0 1 2 2 0 1 0 0 0 0 0 0 2 0 0 0 2 0 0 0 0 0 0 0 0 0 0 0 0 0 0 0 0 0 0 0 2 0 0 0 1 0 1 2 0 0 0 0 0 2 0 0 17 16 16 0 0 0 0 0 0 17 16 16 0 0 0 0 0 0 17 16 16 0 0 0 1 0 0 
1
0 0 0 0 0 0 1 0 0 
2 1 0 1 2 2 0 1 0 0 0 0 0 0 2 0 0 0 2 0 0 0 0 0 0 0 0 0 0 0 0 0 0 0 0 0 0 0 2 0 0 0 1 0 1 2 0 2 0 0 0 2 0 0 1 0 0 0 0 0 0 0 0 1 0 0 0 0 0 0 0 0 1 0 0 0 0 0 1 0 0 
2 1 0 1 2 2 0 1 0 0 0 0 0 0 2 0 0 0 2 0 0 0 0 0 0 0 0 0 0 0 0 0 0 0 0 0 0 0 2 0 0 0 1 0 1 2 0 2 0 0 0 2 0 0 17 16 16 0 0 0 0 0 0 17 16 16 0 0 0 0 0 0 17 16 16 0 0 0 1 0 0 
1
0 0 0 0 0 0 1 0 0 
2 1 0 1 2 2 0 1 0 0 0 0 0 0 2 0 0 0 2 0 0 0 0 0 0 0 0 0 0 0 0 0 0 0 0 0 0 0 2 0 0 0 1 0 1 2 0 2 0 0 0 2 0 0 1 0 0 0 0 0 0 0 0 1 0 0 0 0 0 1 0 0 1 0 0 0 0 0 1 0 0 
2 1 0 1 2 2 0 1 0 0 0 0 0 0 2 0 0 0 2 0 0 0 0 0 0 0 0 0 0 0 0 0 0 0 0 0 0 0 2 0 0 0 1 0 1 2 0 2 0 0 0 2 0 0 17 16 16 0 0 0 0 0 0 17 16 16 0 0 0 1 0 0 17 16 16 0 0 0 1 0 0 
1
0 0 0 2 0 0 1 0 0 
2 1 0 1 2 2 0 1 0 0 0 0 0 0 2 0 0 0 2 0 0 0 0 0 0 0 0 0 0 2 0 0 0 0 0 0 0 0 2 0 0 0 1 0 1 2 0 2 0 0 0 2 0 0 1 0 0 0 0 0 0 0 0 1 0 0 0 0 0 1 0 0 1 0 0 0 0 0 1 0 0 
2 1 0 1 2 2 0 1 0 0 0 0 0 0 2 0 0 0 2 0 0 0 0 0 0 0 0 32 32 34 0 0 0 0 0 0 32 32 34 0 0 0 1 0 1 34 32 34 0 0 0 2 0 0 17 16 16 0 0 0 0 0 0 17 16 16 0 0 0 1 0 0 17 16 16 0 0 0 1 0 0 
1
0 0 0 2 0 0 1 0 0 
2 1 0 1 2 2 1 1 0 0 0 0 0 0 2 0 0 0 2 0 0 0 0 0 0 0 0 0 0 2 0 0 0 0 0 0 0 0 2 0 0 0 1 0 1 2 0 2 0 0 0 2 0 0 1 0 0 0 0 0 0 0 0 1 0 0 0 0 0 1 0 0 1 0 0 0 0 0 1 0 0 
2 1 0 1 2 2 1 1 0 0 0 0 0 0 2 0 0 0 2 0 0 0 0 0 0 0 0 32 32 34 0 0 0 0 0 0 32 32 34 0 0 0 1 0 1 34 32 34 0 0 0 2 0 0 17 16 16 0 0 0 0 0 0 17 16 16 0 0 0 1 0 0 17 16 16 0 0 0 1 0 0 
1
2 0 0 2 0 0 1 0 0 
2 1 0 1 2 2 1 1 0 2 0 0 0 0 2 0 0 0 2 0 0 0 0 0 0 0 0 0 0 2 0 0 0 0 0 0 0 0 2 0 0 0 1 0 1 2 0 2 0 0 0 2 0 0 1 0 0 0 0 0 0 0 0 1 0 0 0 0 0 1 0 0 1 0 0 0 0 0 1 0 0 
34 33 32 1 2 2 1 1 0 34 32 32 0 0 2 0 0 0 34 32 32 0 0 0 0 0 0 32 32 34 0 0 0 0 0 0 32 32 34 0 0 0 1 0 1 34 32 34 0 0 0 2 0 0 17 16 16 0 0 0 0 0 0 17 16 16 0 0 0 1 0 0 17 16 16 0 0 0 1 0 0 
1
2 0 0 2 0 0 1 0 1 
2 1 0 1 2 2 1 1 0 2 0 0 0 0 2 0 0 0 2 0 0 0 0 0 0 0 0 0 0 2 0 0 0 0 0 0 0 0 2 0 0 0 1 0 1 2 0 2 0 0 0 2 0 0 1 0 0 0 0 0 1 0 0 1 0 0 0 0 0 1 0 0 1 0 0 0 0 0 1 0 0 
34 33 32 1 2 2 1 1 0 34 32 32 0 0 2 0 0 0 34 32 32 0 0 0 0 0 0 32 32 34 0 0 0 0 0 0 32 32 34 0 0 0 1 0 1 34 32 34 0 0 0 2 0 0 17 16 16 0 0 0 17 16 16 17 16 16 0 0 0 17 16 16 17 16 16 0 0 0 17 16 16 
1
2 0 0 2 0 0 1 0 1 
2 1 0 1 2 2 1 1 0 2 0 0 0 2 2 0 0 0 2 0 0 0 0 0 0 0 0 0 0 2 0 0 0 0 0 0 0 0 2 0 0 0 1 0 1 2 0 2 0 0 0 2 0 0 1 0 0 0 0 0 1 0 0 1 0 0 0 0 0 1 0 0 1 0 0 0 0 0 1 0 0 
34 33 32 1 2 2 1 1 0 34 32 32 0 2 2 0 0 0 34 32 32 0 0 0 0 0 0 32 32 34 0 0 0 0 0 0 32 32 34 0 0 0 1 0 1 34 32 34 0 0 0 2 0 0 17 16 16 0 0 0 17 16 16 17 16 16 0 0 0 17 16 16 17 16 16 0 0 0 17 16 16 
1
2 0 0 2 0 0 1 0 1 
2 1 0 1 2 2 1 1 0 2 0 0 0 2 2 0 0 0 2 0 0 0 0 0 0 0 0 0 0 2 0 0 0 0 0 0 0 0 2 0 1 0 1 0 1 2 0 2 0 0 0 2 0 0 1 0 0 0 0 0 1 0 0 1 0 0 0 0 0 1 0 0 1 0 0 0 0 0 1 0 0 
34 33 32 1 2 2 1 1 0 34 32 32 0 2 2 0 0 0 34 32 32 0 0 0 0 0 0 32 32 34 0 0 0 0 0 0 32 32 34 0 1 0 1 0 1 34 32 34 0 0 0 2 0 0 17 16 16 0 0 0 17 16 16 17 16 16 0 0 0 17 16 16 17 16 16 0 0 0 17 16 16 
1
2 0 0 2 0 0 1 0 1 
2 1 0 1 2 2 1 1 0 2 0 0 0 2 2 0 0 0 2 0 0 0 0 0 0 0 0 0 0 2 0 0 0 0 0 0 0 0 2 2 1 0 1 0 1 2 0 2 0 0 0 2 0 0 1 0 0 0 0 0 1 0 0 1 0 0 0 0 0 1 0 0 1 0 0 0 0 0 1 0 0 
34 33 32 1 2 2 1 1 0 34 32 32 0 2 2 0 0 0 34 32 32 0 0 0 0 0 0 32 32 34 0 0 0 0 0 0 32 32 34 2 1 0 1 0 1 34 32 34 0 0 0 2 0 0 17 16 16 0 0 0 17 16 16 17 16 16 0 0 0 17 16 16 17 16 16 0 0 0 17 16 16 
1
2 0 1 2 0 0 1 0 1 
2 1 0 1 2 2 1 1 1 2 0 0 0 2 2 0 0 0 2 0 0 0 0 0 0 0 0 0 0 2 0 0 0 0 0 0 0 0 2 2 1 0 1 0 1 2 0 2 0 0 0 2 0 0 1 0 0 0 0 0 1 0 0 1 0 0 0 0 0 1 0 0 1 0 0 0 0 0 1 0 0 
34 33 32 1 2 2 17 17 17 34 32 32 0 2 2 16 16 16 34 32 32 0 0 0 16 16 16 32 32 34 0 0 0 0 0 0 32 32 34 2 1 0 1 0 1 34 32 34 0 0 0 2 0 0 17 16 16 0 0 0 17 16 16 17 16 16 0 0 0 17 16 16 17 16 16 0 0 0 17 16 16 
1
2 0 1 2 0 0 1 0 1 
2 1 0 1 2 2 1 1 1 2 0 0 0 2 2 0 0 0 2 0 0 0 0 0 0 0 0 0 0 2 0 2 0 0 0 0 0 0 2 2 1 0 1 0 1 2 0 2 0 0 0 2 0 0 1 0 0 0 0 0 1 0 0 1 0 0 0 0 0 1 0 0 1 0 0 0 0 0 1 0 0 
34 33 32 1 2 2 17 17 17 34 32 32 0 2 2 16 16 16 34 32 32 0 0 0 16 16 16 32 32 34 0 2 0 0 0 0 32 32 34 2 1 0 1 0 1 34 32 34 0 0 0 2 0 0 17 16 16 0 0 0 17 16 16 17 16 16 0 0 0 17 16 16 17 16 16 0 0 0 17 16 16 
1
2 0 1 2 0 0 1 0 1 
2 1 0 1 2 2 1 1 1 2 0 0 0 2 2 0 0 0 2 0 0 1 0 0 0 0 0 0 0 2 0 2 0 0 0 0 0 0 2 2 1 0 1 0 1 2 0 2 0 0 0 2 0 0 1 0 0 0 0 0 1 0 0 1 0 0 0 0 0 1 0 0 1 0 0 0 0 0 1 0 0 
34 33 32 1 2 2 17 17 17 34 32 32 0 2 2 16 16 16 34 32 32 1 0 0 16 16 16 32 32 34 0 2 0 0 0 0 32 32 34 2 1 0 1 0 1 34 32 34 0 0 0 2 0 0 17 16 16 0 0 0 17 16 16 17 16 16 0 0 0 17 16 16 17 16 16 0 0 0 17 16 16 
1
2 0 1 2 0 0 1 0 1 
2 1 0 1 2 2 1 1 1 2 0 0 0 2 2 0 0 0 2 0 0 1 0 0 0 0 0 0 0 2 0 2 0 0 0 0 0 0 2 2 1 0 1 2 1 2 0 2 0 0 0 2 0 0 1 0 0 0 0 0 1 0 0 1 0 0 0 0 0 1 0 0 1 0 0 0 0 0 1 0 0 
34 33 32 1 2 2 17 17 17 34 32 32 0 2 2 16 16 16 34 32 32 1 0 0 16 16 16 32 32 34 0 2 0 0 0 0 32 32 34 2 1 0 1 2 1 34 32 34 0 0 0 2 0 0 17 16 16 0 0 0 17 16 16 17 16 16 0 0 0 17 16 16 17 16 16 0 0 0 17 16 16 
1
2 0 1 2 0 0 1 0 1 
2 1 0 1 2 2 1 1 1 2 0 0 0 2 2 0 0 0 2 0 0 1 0 0 0 0 0 0 0 2 1 2 0 0 0 0 0 0 2 2 1 0 1 2 1 2 0 2 0 0 0 2 0 0 1 0 0 0 0 0 1 0 0 1 0 0 0 0 0 1 0 0 1 0 0 0 0 0 1 0 0 
34 33 32 1 2 2 17 17 17 34 32 32 0 2 2 16 16 16 34 32 32 1 0 0 16 16 16 32 32 34 1 2 0 0 0 0 32 32 34 2 1 0 1 2 1 34 32 34 0 0 0 2 0 0 17 16 16 0 0 0 17 16 16 17 16 16 0 0 0 17 16 16 17 16 16 0 0 0 17 16 16 
1
2 0 1 2 0 0 1 0 1 
2 1 0 1 2 2 1 1 1 2 0 0 0 2 2 0 0 0 2 0 0 1 0 0 0 0 0 0 0 2 1 2 0 0 0 0 0 0 2 2 1 0 1 2 1 2 0 2 0 0 2 2 0 0 1 0 0 0 0 0 1 0 0 1 0 0 0 0 0 1 0 0 1 0 0 0 0 0 1 0 0 
34 33 32 1 2 2 17 17 17 34 32 32 0 2 2 16 16 16 34 32 32 1 0 0 16 16 16 32 32 34 1 2 0 0 0 0 32 32 34 2 1 0 1 2 1 34 32 34 0 0 2 2 0 0 17 16 16 0 0 0 17 16 16 17 16 16 0 0 0 17 16 16 17 16 16 0 0 0 17 16 16 
1
2 0 1 2 0 0 1 0 1 
2 1 0 1 2 2 1 1 1 2 0 0 0 2 2 0 0 0 2 0 0 1 0 0 0 0 0 0 0 2 1 2 0 0 0 0 0 0 2 2 1 0 1 2 1 2 0 2 0 0 2 2 0 0 1 0 0 0 1 0 1 0 0 1 0 0 0 0 0 1 0 0 1 0 0 0 0 0 1 0 0 
34 33 32 1 2 2 17 17 17 34 32 32 0 2 2 16 16 16 34 32 32 1 0 0 16 16 16 32 32 34 1 2 0 0 0 0 32 32 34 2 1 0 1 2 1 34 32 34 0 0 2 2 0 0 17 16 16 0 1 0 17 16 16 17 16 16 0 0 0 17 16 16 17 16 16 0 0 0 17 16 16 
1
2 2 1 2 0 0 1 0 1 
2 1 0 1 2 2 1 1 1 2 0 0 0 2 2 0 0 0 2 0 0 1 0 2 0 0 0 0 0 2 1 2 0 0 0 0 0 0 2 2 1 0 1 2 1 2 0 2 0 0 2 2 0 0 1 0 0 0 1 0 1 0 0 1 0 0 0 0 0 1 0 0 1 0 0 0 0 0 1 0 0 
34 33 32 33 34 34 17 17 17 34 32 32 32 34 34 16 16 16 34 32 32 33 32 34 16 16 16 32 32 34 1 2 0 0 0 0 32 32 34 2 1 0 1 2 1 34 32 34 0 0 2 2 0 0 17 16 16 0 1 0 17 16 16 17 16 16 0 0 0 17 16 16 17 16 16 0 0 0 17 16 16 
1
2 2 1 2 0 0 1 0 1 
2 1 0 1 2 2 1 1 1 2 0 0 0 2 2 0 0 0 2 0 0 1 0 2 0 0 0 0 0 2 1 2 0 0 0 0 0 0 2 2 1 0 1 2 1 2 0 2 0 0 2 2 0 0 1 0 0 0 1 0 1 0 0 1 0 0 0 1 0 1 0 0 1 0 0 0 0 0 1 0 0 
34 33 32 33 34 34 17 17 17 34 32 32 32 34 34 16 16 16 34 32 32 33 32 34 16 16 16 32 32 34 1 2 0 0 0 0 32 32 34 2 1 0 1 2 1 34 32 34 0 0 2 2 0 0 17 16 16 0 1 0 17 16 16 17 16 16 0 1 0 17 16 16 17 16 16 0 0 0 17 16 16 
1
2 2 1 2 0 0 1 0 1 
2 1 0 1 2 2 1 1 1 2 0 0 0 2 2 0 0 0 2 0 0 1 0 2 0 0 0 0 0 2 1 2 0 0 0 0 0 0 2 2 1 2 1 2 1 2 0 2 0 0 2 2 0 0 1 0 0 0 1 0 1 0 0 1 0 0 0 1 0 1 0 0 1 0 0 0 0 0 1 0 0 
34 33 32 33 34 34 17 17 17 34 32 32 32 34 34 16 16 16 34 32 32 33 32 34 16 16 16 32 32 34 1 2 0 0 0 0 32 32 34 2 1 2 1 2 1 34 32 34 0 0 2 2 0 0 17 16 16 0 1 0 17 16 16 17 16 16 0 1 0 17 16 16 17 16 16 0 0 0 17 16 16 
1
2 2 1 2 0 0 1 0 1 
2 1 0 1 2 2 1 1 1 2 0 0 0 2 2 0 0 0 2 0 0 1 0 2 0 0 0 0 0 2 1 2 0 0 0 1 0 0 2 2 1 2 1 2 1 2 0 2 0 0 2 2 0 0 1 0 0 0 1 0 1 0 0 1 0 0 0 1 0 1 0 0 1 0 0 0 0 0 1 0 0 
34 33 32 33 34 34 17 17 17 34 32 32 32 34 34 16 16 16 34 32 32 33 32 34 16 16 16 32 32 34 1 2 0 0 0 1 32 32 34 2 1 2 1 2 1 34 32 34 0 0 2 2 0 0 17 16 16 0 1 0 17 16 16 17 16 16 0 1 0 17 16 16 17 16 16 0 0 0 17 16 16 
1
2 2 1 2 0 0 1 0 1 
2 1 0 1 2 2 1 1 1 2 0 0 0 2 2 0 0 0 2 0 0 1 0 2 0 0 0 0 0 2 1 2 0 0 0 1 0 0 2 2 1 2 1 2 1 2 0 2 0 0 2 2 0 0 1 0 0 0 1 0 1 0 0 1 0 0 0 1 0 1 0 0 1 0 0 0 2 0 1 0 0 
34 33 32 33 34 34 17 17 17 34 32 32 32 34 34 16 16 16 34 32 32 33 32 34 16 16 16 32 32 34 1 2 0 0 0 1 32 32 34 2 1 2 1 2 1 34 32 34 0 0 2 2 0 0 17 16 16 0 1 0 17 16 16 17 16 16 0 1 0 17 16 16 17 16 16 0 2 0 17 16 16 
1
2 2 1 2 0 0 1 0 1 
2 1 0 1 2 2 1 1 1 2 0 0 0 2 2 0 0 0 2 0 0 1 0 2 0 0 0 0 0 2 1 2 0 0 0 1 0 0 2 2 1 2 1 2 1 2 0 2 0 0 2 2 0 0 1 0 0 0 1 1 1 0 0 1 0 0 0 1 0 1 0 0 1 0 0 0 2 0 1 0 0 
34 33 32 33 34 34 17 17 17 34 32 32 32 34 34 16 16 16 34 32 32 33 32 34 16 16 16 32 32 34 1 2 0 0 0 1 32 32 34 2 1 2 1 2 1 34 32 34 0 0 2 2 0 0 17 16 16 0 1 1 17 16 16 17 16 16 0 1 0 17 16 16 17 16 16 0 2 0 17 16 16 
1
2 2 1 2 0 0 1 0 1 
2 1 0 1 2 2 1 1 1 2 0 0 0 2 2 0 0 0 2 0 0 1 0 2 0 0 0 0 0 2 1 2 0 0 2 1 0 0 2 2 1 2 1 2 1 2 0 2 0 0 2 2 0 0 1 0 0 0 1 1 1 0 0 1 0 0 0 1 0 1 0 0 1 0 0 0 2 0 1 0 0 
34 33 32 33 34 34 17 17 17 34 32 32 32 34 34 16 16 16 34 32 32 33 32 34 16 16 16 32 32 34 1 2 0 0 2 1 32 32 34 2 1 2 1 2 1 34 32 34 0 0 2 2 0 0 17 16 16 0 1 1 17 16 16 17 16 16 0 1 0 17 16 16 17 16 16 0 2 0 17 16 16 
1
2 2 1 2 0 0 1 1 1 
2 1 0 1 2 2 1 1 1 2 0 0 0 2 2 0 0 0 2 0 0 1 0 2 0 0 0 0 0 2 1 2 0 0 2 1 0 0 2 2 1 2 1 2 1 2 0 2 0 0 2 2 0 0 1 0 0 1 1 1 1 0 0 1 0 0 0 1 0 1 0 0 1 0 0 0 2 0 1 0 0 
34 33 32 33 34 34 17 17 17 34 32 32 32 34 34 16 16 16 34 32 32 33 32 34 16 16 16 32 32 34 1 2 0 0 2 1 32 32 34 2 1 2 1 2 1 34 32 34 0 0 2 2 0 0 17 16 16 17 17 17 17 16 16 17 16 16 16 17 16 17 16 16 17 16 16 16 18 16 17 16 16 
1
2 2 1 2 0 0 1 1 1 
2 1 0 1 2 2 1 1 1 2 0 0 0 2 2 0 0 0 2 0 0 1 0 2 0 0 0 0 0 2 1 2 0 0 2 1 0 0 2 2 1 2 1 2 1 2 0 2 0 0 2 2 0 0 1 0 0 1 1 1 1 0 0 1 0 0 0 1 0 1 0 0 1 0 0 0 2 0 1 0 0 
34 33 32 33 34 34 17 17 17 34 32 32 32 34 34 16 16 16 34 32 32 33 32 34 16 16 16 32 32 34 1 2 0 0 2 1 32 32 34 2 1 2 1 2 1 34 32 34 0 0 2 2 0 0 17 16 16 17 17 17 17 16 16 17 16 16 16 17 16 17 16 16 17 16 16 16 18 16 17 16 16 
1
