0 0 0 0 0 0 0 0 0 
0 0 0 0 0 0 0 0 0 0 0 0 0 0 1 0 0 0 0 0 0 0 0 0 0 0 0 0 0 0 0 0 0 0 0 0 0 0 0 0 0 0 0 0 0 0 0 0 0 0 0 0 0 0 0 0 0 0 0 0 0 0 0 0 0 0 0 0 0 0 0 0 0 0 0 0 0 0 0 0 0 
0 0 0 0 0 0 0 0 0 0 0 0 0 0 1 0 0 0 0 0 0 0 0 0 0 0 0 0 0 0 0 0 0 0 0 0 0 0 0 0 0 0 0 0 0 0 0 0 0 0 0 0 0 0 0 0 0 0 0 0 0 0 0 0 0 0 0 0 0 0 0 0 0 0 0 0 0 0 0 0 0 
1
0 0 0 0 0 0 0 0 0 
0 0 0 0 0 0 0 0 0 0 0 0 0 0 1 0 0 0 0 0 0 0 0 0 0 0 0 0 0 0 0 0 0 0 0 2 0 0 0 0 0 0 0 0 0 0 0 0 0 0 0 0 0 0 0 0 0 0 0 0 0 0 0 0 0 0 0 0 0 0 0 0 0 0 0 0 0 0 0 0 0 
0 0 0 0 0 0 0 0 0 0 0 0 0 0 1 0 0 0 0 0 0 0 0 0 0 0 0 0 0 0 0 0 0 0 0 2 0 0 0 0 0 0 0 0 0 0 0 0 0 0 0 0 0 0 0 0 0 0 0 0 0 0 0 0 0 0 0 0 0 0 0 0 0 0 0 0 0 0 0 0 0 
1
0 0 0 0 0 0 0 0 0 
0 0 0 0 0 0 0 1 0 0 0 0 0 0 1 0 0 0 0 0 0 0 0 0 0 0 0 0 0 0 0 0 0 0 0 2 0 0 0 0 0 0 0 0 0 0 0 0 0 0 0 0 0 0 0 0 0 0 0 0 0 0 0 0 0 0 0 0 0 0 0 0 0 0 0 0 0 0 0 0 0 
0 0 0 0 0 0 0 1 0 0 0 0 0 0 1 0 0 0 0 0 0 0 0 0 0 0 0 0 0 0 0 0 0 0 0 2 0 0 0 0 0 0 0 0 0 0 0 0 0 0 0 0 0 0 0 0 0 0 0 0 0 0 0 0 0 0 0 0 0 0 0 0 0 0 0 0 0 0 0 0 0 
1
0 0 0 0 0 0 0 0 0 
0 0 0 0 0 0 0 1 0 0 0 0 0 2 1 0 0 0 0 0 0 0 0 0 0 0 0 0 0 0 0 0 0 0 0 2 0 0 0 0 0 0 0 0 0 0 0 0 0 0 0 0 0 0 0 0 0 0 0 0 0 0 0 0 0 0 0 0 0 0 0 0 0 0 0 0 0 0 0 0 0 
0 0 0 0 0 0 0 1 0 0 0 0 0 2 1 0 0 0 0 0 0 0 0 0 0 0 0 0 0 0 0 0 0 0 0 2 0 0 0 0 0 0 0 0 0 0 0 0 0 0 0 0 0 0 0 0 0 0 0 0 0 0 0 0 0 0 0 0 0 0 0 0 0 0 0 0 0 0 0 0 0 
1
0 0 0 0 0 0 0 0 0 
0 0 0 0 0 0 0 1 0 0 0 0 0 2 1 0 0 0 0 0 0 0 0 0 0 0 0 0 0 0 0 1 0 0 0 2 0 0 0 0 0 0 0 0 0 0 0 0 0 0 0 0 0 0 0 0 0 0 0 0 0 0 0 0 0 0 0 0 0 0 0 0 0 0 0 0 0 0 0 0 0 
0 0 0 0 0 0 0 1 0 0 0 0 0 2 1 0 0 0 0 0 0 0 0 0 0 0 0 0 0 0 0 1 0 0 0 2 0 0 0 0 0 0 0 0 0 0 0 0 0 0 0 0 0 0 0 0 0 0 0 0 0 0 0 0 0 0 0 0 0 0 0 0 0 0 0 0 0 0 0 0 0 
1
0 0 0 0 0 0 0 0 0 
0 0 0 0 0 2 0 1 0 0 0 0 0 2 1 0 0 0 0 0 0 0 0 0 0 0 0 0 0 0 0 1 0 0 0 2 0 0 0 0 0 0 0 0 0 0 0 0 0 0 0 0 0 0 0 0 0 0 0 0 0 0 0 0 0 0 0 0 0 0 0 0 0 0 0 0 0 0 0 0 0 
0 0 0 0 0 2 0 1 0 0 0 0 0 2 1 0 0 0 0 0 0 0 0 0 0 0 0 0 0 0 0 1 0 0 0 2 0 0 0 0 0 0 0 0 0 0 0 0 0 0 0 0 0 0 0 0 0 0 0 0 0 0 0 0 0 0 0 0 0 0 0 0 0 0 0 0 0 0 0 0 0 
1
0 0 0 0 0 0 0 0 0 
0 0 0 0 0 2 0 1 0 0 0 0 0 2 1 0 0 0 0 0 0 0 0 0 0 1 0 0 0 0 0 1 0 0 0 2 0 0 0 0 0 0 0 0 0 0 0 0 0 0 0 0 0 0 0 0 0 0 0 0 0 0 0 0 0 0 0 0 0 0 0 0 0 0 0 0 0 0 0 0 0 
0 0 0 0 0 2 0 1 0 0 0 0 0 2 1 0 0 0 0 0 0 0 0 0 0 1 0 0 0 0 0 1 0 0 0 2 0 0 0 0 0 0 0 0 0 0 0 0 0 0 0 0 0 0 0 0 0 0 0 0 0 0 0 0 0 0 0 0 0 0 0 0 0 0 0 0 0 0 0 0 0 
1
0 0 0 0 0 0 0 0 0 
0 0 0 0 0 2 0 1 0 0 0 0 0 2 1 0 0 0 0 0 0 0 0 0 0 1 0 0 0 0 0 1 0 0 0 2 0 0 0 0 0 0 0 0 0 0 0 0 0 0 0 0 0 0 0 0 0 0 0 2 0 0 0 0 0 0 0 0 0 0 0 0 0 0 0 0 0 0 0 0 0 
0 0 0 0 0 2 0 1 0 0 0 0 0 2 1 0 0 0 0 0 0 0 0 0 0 1 0 0 0 0 0 1 0 0 0 2 0 0 0 0 0 0 0 0 0 0 0 0 0 0 0 0 0 0 0 0 0 0 0 2 0 0 0 0 0 0 0 0 0 0 0 0 0 0 0 0 0 0 0 0 0 
1
0 0 0 0 0 0 0 0 0 
0 0 0 0 0 2 0 1 0 0 0 0 0 2 1 0 0 0 0 0 0 0 0 0 0 1 1 0 0 0 0 1 0 0 0 2 0 0 0 0 0 0 0 0 0 0 0 0 0 0 0 0 0 0 0 0 0 0 0 2 0 0 0 0 0 0 0 0 0 0 0 0 0 0 0 0 0 0 0 0 0 
0 0 0 0 0 2 0 1 0 0 0 0 0 2 1 0 0 0 0 0 0 0 0 0 0 1 1 0 0 0 0 1 0 0 0 2 0 0 0 0 0 0 0 0 0 0 0 0 0 0 0 0 0 0 0 0 0 0 0 2 0 0 0 0 0 0 0 0 0 0 0 0 0 0 0 0 0 0 0 0 0 
1
0 0 0 0 0 0 0 0 0 
0 0 0 0 0 2 0 1 0 0 0 0 0 2 1 0 0 0 0 0 0 0 0 0 0 1 1 0 0 0 0 1 0 0 0 2 0 0 0 0 0 0 0 0 0 0 0 0 0 0 0 0 0 0 0 0 0 0 0 2 0 0 0 0 0 0 0 0 0 0 0 0 0 0 0 0 0 0 2 0 0 
0 0 0 0 0 2 0 1 0 0 0 0 0 2 1 0 0 0 0 0 0 0 0 0 0 1 1 0 0 0 0 1 0 0 0 2 0 0 0 0 0 0 0 0 0 0 0 0 0 0 0 0 0 0 0 0 0 0 0 2 0 0 0 0 0 0 0 0 0 0 0 0 0 0 0 0 0 0 2 0 0 
1
0 0 0 0 0 0 0 0 0 
0 0 0 0 0 2 0 1 0 0 0 0 0 2 1 0 0 0 0 0 0 0 0 0 0 1 1 0 0 0 0 1 0 0 0 2 0 0 0 0 0 0 0 0 0 0 0 0 0 0 0 0 0 0 0 0 0 0 0 2 0 0 0 0 0 0 0 0 0 0 0 0 1 0 0 0 0 0 2 0 0 
0 0 0 0 0 2 0 1 0 0 0 0 0 2 1 0 0 0 0 0 0 0 0 0 0 1 1 0 0 0 0 1 0 0 0 2 0 0 0 0 0 0 0 0 0 0 0 0 0 0 0 0 0 0 0 0 0 0 0 2 0 0 0 0 0 0 0 0 0 0 0 0 1 0 0 0 0 0 2 0 0 
1
0 0 0 0 0 0 0 0 0 
0 0 0 0 0 2 0 1 0 0 0 0 0 2 1 0 0 0 0 0 0 0 0 0 0 1 1 0 0 0 0 1 0 0 0 2 0 0 0 0 0 0 0 0 0 0 0 0 0 0 0 0 0 0 0 0 0 0 0 2 0 0 0 2 0 0 0 0 0 0 0 0 1 0 0 0 0 0 2 0 0 
0 0 0 0 0 2 0 1 0 0 0 0 0 2 1 0 0 0 0 0 0 0 0 0 0 1 1 0 0 0 0 1 0 0 0 2 0 0 0 0 0 0 0 0 0 0 0 0 0 0 0 0 0 0 0 0 0 0 0 2 0 0 0 2 0 0 0 0 0 0 0 0 1 0 0 0 0 0 2 0 0 
1
0 0 0 0 0 0 0 0 0 
0 0 0 0 0 2 0 1 0 0 0 0 0 2 1 0 0 0 0 0 0 0 0 0 0 1 1 0 1 0 0 1 0 0 0 2 0 0 0 0 0 0 0 0 0 0 0 0 0 0 0 0 0 0 0 0 0 0 0 2 0 0 0 2 0 0 0 0 0 0 0 0 1 0 0 0 0 0 2 0 0 
0 0 0 0 0 2 0 1 0 0 0 0 0 2 1 0 0 0 0 0 0 0 0 0 0 1 1 0 1 0 0 1 0 0 0 2 0 0 0 0 0 0 0 0 0 0 0 0 0 0 0 0 0 0 0 0 0 0 0 2 0 0 0 2 0 0 0 0 0 0 0 0 1 0 0 0 0 0 2 0 0 
1
0 0 0 0 0 0 0 0 0 
0 0 0 2 0 2 0 1 0 0 0 0 0 2 1 0 0 0 0 0 0 0 0 0 0 1 1 0 1 0 0 1 0 0 0 2 0 0 0 0 0 0 0 0 0 0 0 0 0 0 0 0 0 0 0 0 0 0 0 2 0 0 0 2 0 0 0 0 0 0 0 0 1 0 0 0 0 0 2 0 0 
0 0 0 2 0 2 0 1 0 0 0 0 0 2 1 0 0 0 0 0 0 0 0 0 0 1 1 0 1 0 0 1 0 0 0 2 0 0 0 0 0 0 0 0 0 0 0 0 0 0 0 0 0 0 0 0 0 0 0 2 0 0 0 2 0 0 0 0 0 0 0 0 1 0 0 0 0 0 2 0 0 
1
0 0 0 0 0 0 0 0 0 
0 0 0 2 0 2 0 1 0 1 0 0 0 2 1 0 0 0 0 0 0 0 0 0 0 1 1 0 1 0 0 1 0 0 0 2 0 0 0 0 0 0 0 0 0 0 0 0 0 0 0 0 0 0 0 0 0 0 0 2 0 0 0 2 0 0 0 0 0 0 0 0 1 0 0 0 0 0 2 0 0 
0 0 0 2 0 2 0 1 0 1 0 0 0 2 1 0 0 0 0 0 0 0 0 0 0 1 1 0 1 0 0 1 0 0 0 2 0 0 0 0 0 0 0 0 0 0 0 0 0 0 0 0 0 0 0 0 0 0 0 2 0 0 0 2 0 0 0 0 0 0 0 0 1 0 0 0 0 0 2 0 0 
1
0 0 0 0 0 0 0 0 0 
0 0 0 2 0 2 0 1 0 1 0 0 0 2 1 0 0 0 0 0 0 0 0 0 0 1 1 0 1 0 0 1 0 0 0 2 0 0 0 0 0 0 0 0 0 0 0 2 0 0 0 0 0 0 0 0 0 0 0 2 0 0 0 2 0 0 0 0 0 0 0 0 1 0 0 0 0 0 2 0 0 
0 0 0 2 0 2 0 1 0 1 0 0 0 2 1 0 0 0 0 0 0 0 0 0 0 1 1 0 1 0 0 1 0 0 0 2 0 0 0 0 0 0 0 0 0 0 0 2 0 0 0 0 0 0 0 0 0 0 0 2 0 0 0 2 0 0 0 0 0 0 0 0 1 0 0 0 0 0 2 0 0 
1
0 0 0 0 0 0 0 0 0 
0 0 0 2 0 2 0 1 0 1 0 0 0 2 1 0 0 0 0 0 0 0 0 0 0 1 1 0 1 0 0 1 0 0 0 2 0 0 0 0 0 0 0 0 0 0 0 2 0 0 0 0 0 0 0 0 0 0 0 2 0 1 0 2 0 0 0 0 0 0 0 0 1 0 0 0 0 0 2 0 0 
0 0 0 2 0 2 0 1 0 1 0 0 0 2 1 0 0 0 0 0 0 0 0 0 0 1 1 0 1 0 0 1 0 0 0 2 0 0 0 0 0 0 0 0 0 0 0 2 0 0 0 0 0 0 0 0 0 0 0 2 0 1 0 2 0 0 0 0 0 0 0 0 1 0 0 0 0 0 2 0 0 
1
0 0 0 0 0 0 0 0 0 
0 0 0 2 0 2 0 1 0 1 0 0 2 2 1 0 0 0 0 0 0 0 0 0 0 1 1 0 1 0 0 1 0 0 0 2 0 0 0 0 0 0 0 0 0 0 0 2 0 0 0 0 0 0 0 0 0 0 0 2 0 1 0 2 0 0 0 0 0 0 0 0 1 0 0 0 0 0 2 0 0 
0 0 0 2 0 2 0 1 0 1 0 0 2 2 1 0 0 0 0 0 0 0 0 0 0 1 1 0 1 0 0 1 0 0 0 2 0 0 0 0 0 0 0 0 0 0 0 2 0 0 0 0 0 0 0 0 0 0 0 2 0 1 0 2 0 0 0 0 0 0 0 0 1 0 0 0 0 0 2 0 0 
1
0 0 0 0 0 0 0 0 0 
0 0 0 2 0 2 0 1 0 1 0 0 2 2 1 0 0 0 0 0 0 0 0 0 0 1 1 0 1 0 0 1 0 0 0 2 0 0 1 0 0 0 0 0 0 0 0 2 0 0 0 0 0 0 0 0 0 0 0 2 0 1 0 2 0 0 0 0 0 0 0 0 1 0 0 0 0 0 2 0 0 
0 0 0 2 0 2 0 1 0 1 0 0 2 2 1 0 0 0 0 0 0 0 0 0 0 1 1 0 1 0 0 1 0 0 0 2 0 0 1 0 0 0 0 0 0 0 0 2 0 0 0 0 0 0 0 0 0 0 0 2 0 1 0 2 0 0 0 0 0 0 0 0 1 0 0 0 0 0 2 0 0 
1
0 0 0 0 0 0 0 0 0 
0 0 0 2 0 2 0 1 0 1 0 0 2 2 1 0 0 0 0 0 0 0 0 0 0 1 1 0 1 0 0 1 0 0 0 2 0 0 1 0 0 0 0 0 2 0 0 2 0 0 0 0 0 0 0 0 0 0 0 2 0 1 0 2 0 0 0 0 0 0 0 0 1 0 0 0 0 0 2 0 0 
0 0 0 2 0 2 0 1 0 1 0 0 2 2 1 0 0 0 0 0 0 0 0 0 0 1 1 0 1 0 0 1 0 0 0 2 0 0 1 0 0 0 0 0 2 0 0 2 0 0 0 0 0 0 0 0 0 0 0 2 0 1 0 2 0 0 0 0 0 0 0 0 1 0 0 0 0 0 2 0 0 
1
0 0 0 0 0 0 0 0 0 
0 0 0 2 0 2 0 1 0 1 0 0 2 2 1 0 0 0 0 0 0 0 0 0 0 1 1 0 1 0 0 1 0 0 0 2 0 0 1 0 0 0 0 0 2 0 0 2 0 0 0 1 0 0 0 0 0 0 0 2 0 1 0 2 0 0 0 0 0 0 0 0 1 0 0 0 0 0 2 0 0 
0 0 0 2 0 2 0 1 0 1 0 0 2 2 1 0 0 0 0 0 0 0 0 0 0 1 1 0 1 0 0 1 0 0 0 2 0 0 1 0 0 0 0 0 2 0 0 2 0 0 0 1 0 0 0 0 0 0 0 2 0 1 0 2 0 0 0 0 0 0 0 0 1 0 0 0 0 0 2 0 0 
1
0 0 0 0 0 0 0 0 0 
0 0 0 2 0 2 0 1 0 1 0 0 2 2 1 0 0 0 0 0 0 0 0 0 0 1 1 0 1 0 0 1 0 0 0 2 0 0 1 0 0 0 0 0 2 0 0 2 0 0 0 1 0 0 0 0 0 0 0 2 0 1 0 2 0 2 0 0 0 0 0 0 1 0 0 0 0 0 2 0 0 
0 0 0 2 0 2 0 1 0 1 0 0 2 2 1 0 0 0 0 0 0 0 0 0 0 1 1 0 1 0 0 1 0 0 0 2 0 0 1 0 0 0 0 0 2 0 0 2 0 0 0 1 0 0 0 0 0 0 0 2 0 1 0 2 0 2 0 0 0 0 0 0 1 0 0 0 0 0 2 0 0 
1
0 0 0 0 0 0 0 0 0 
0 0 0 2 0 2 0 1 0 1 0 0 2 2 1 0 0 0 0 0 0 0 0 0 0 1 1 0 1 0 0 1 0 0 0 2 0 0 1 0 0 0 0 0 2 0 0 2 0 0 0 1 1 0 0 0 0 0 0 2 0 1 0 2 0 2 0 0 0 0 0 0 1 0 0 0 0 0 2 0 0 
0 0 0 2 0 2 0 1 0 1 0 0 2 2 1 0 0 0 0 0 0 0 0 0 0 1 1 0 1 0 0 1 0 0 0 2 0 0 1 0 0 0 0 0 2 0 0 2 0 0 0 1 1 0 0 0 0 0 0 2 0 1 0 2 0 2 0 0 0 0 0 0 1 0 0 0 0 0 2 0 0 
1
0 0 0 0 0 0 0 0 0 
0 0 0 2 0 2 0 1 0 1 0 0 2 2 1 0 0 0 0 0 0 0 0 0 0 1 1 0 1 0 0 1 0 0 0 2 0 0 1 0 0 0 0 0 2 0 0 2 0 0 0 1 1 0 0 0 0 0 0 2 0 1 0 2 0 2 0 0 0 0 0 0 1 0 0 0 2 0 2 0 0 
0 0 0 2 0 2 0 1 0 1 0 0 2 2 1 0 0 0 0 0 0 0 0 0 0 1 1 0 1 0 0 1 0 0 0 2 0 0 1 0 0 0 0 0 2 0 0 2 0 0 0 1 1 0 0 0 0 0 0 2 0 1 0 2 0 2 0 0 0 0 0 0 1 0 0 0 2 0 2 0 0 
1
0 0 0 0 0 0 0 0 0 
0 0 0 2 0 2 0 1 0 1 0 0 2 2 1 0 0 0 0 0 0 0 0 0 0 1 1 0 1 0 0 1 0 0 0 2 0 0 1 0 0 0 0 0 2 0 0 2 0 0 0 1 1 0 0 0 0 1 0 2 0 1 0 2 0 2 0 0 0 0 0 0 1 0 0 0 2 0 2 0 0 
0 0 0 2 0 2 0 1 0 1 0 0 2 2 1 0 0 0 0 0 0 0 0 0 0 1 1 0 1 0 0 1 0 0 0 2 0 0 1 0 0 0 0 0 2 0 0 2 0 0 0 1 1 0 0 0 0 1 0 2 0 1 0 2 0 2 0 0 0 0 0 0 1 0 0 0 2 0 2 0 0 
1
0 0 0 0 0 0 0 0 0 
0 0 0 2 0 2 0 1 0 1 2 0 2 2 1 0 0 0 0 0 0 0 0 0 0 1 1 0 1 0 0 1 0 0 0 2 0 0 1 0 0 0 0 0 2 0 0 2 0 0 0 1 1 0 0 0 0 1 0 2 0 1 0 2 0 2 0 0 0 0 0 0 1 0 0 0 2 0 2 0 0 
0 0 0 2 0 2 0 1 0 1 2 0 2 2 1 0 0 0 0 0 0 0 0 0 0 1 1 0 1 0 0 1 0 0 0 2 0 0 1 0 0 0 0 0 2 0 0 2 0 0 0 1 1 0 0 0 0 1 0 2 0 1 0 2 0 2 0 0 0 0 0 0 1 0 0 0 2 0 2 0 0 
1
0 0 0 0 0 0 0 0 0 
0 0 0 2 0 2 0 1 0 1 2 0 2 2 1 0 0 0 0 0 0 0 0 0 0 1 1 0 1 0 0 1 0 0 0 2 0 0 1 0 0 0 0 0 2 0 0 2 0 1 0 1 1 0 0 0 0 1 0 2 0 1 0 2 0 2 0 0 0 0 0 0 1 0 0 0 2 0 2 0 0 
0 0 0 2 0 2 0 1 0 1 2 0 2 2 1 0 0 0 0 0 0 0 0 0 0 1 1 0 1 0 0 1 0 0 0 2 0 0 1 0 0 0 0 0 2 0 0 2 0 1 0 1 1 0 0 0 0 1 0 2 0 1 0 2 0 2 0 0 0 0 0 0 1 0 0 0 2 0 2 0 0 
1
0 0 0 0 0 0 0 0 0 
0 0 0 2 0 2 0 1 0 1 2 0 2 2 1 0 0 0 0 0 0 0 0 0 0 1 1 0 1 0 0 1 0 0 0 2 0 0 1 0 0 0 0 0 2 0 0 2 0 1 0 1 1 0 0 0 0 1 0 2 0 1 0 2 0 2 0 0 2 0 0 0 1 0 0 0 2 0 2 0 0 
0 0 0 2 0 2 0 1 0 1 2 0 2 2 1 0 0 0 0 0 0 0 0 0 0 1 1 0 1 0 0 1 0 0 0 2 0 0 1 0 0 0 0 0 2 0 0 2 0 1 0 1 1 0 0 0 0 1 0 2 0 1 0 2 0 2 0 0 2 0 0 0 1 0 0 0 2 0 2 0 0 
1
0 0 0 0 0 0 0 0 0 
0 0 0 2 0 2 0 1 0 1 2 0 2 2 1 0 0 0 0 0 0 0 0 0 0 1 1 0 1 0 0 1 0 1 0 2 0 0 1 0 0 0 0 0 2 0 0 2 0 1 0 1 1 0 0 0 0 1 0 2 0 1 0 2 0 2 0 0 2 0 0 0 1 0 0 0 2 0 2 0 0 
0 0 0 2 0 2 0 1 0 1 2 0 2 2 1 0 0 0 0 0 0 0 0 0 0 1 1 0 1 0 0 1 0 1 0 2 0 0 1 0 0 0 0 0 2 0 0 2 0 1 0 1 1 0 0 0 0 1 0 2 0 1 0 2 0 2 0 0 2 0 0 0 1 0 0 0 2 0 2 0 0 
1
0 0 0 0 0 0 0 0 0 
0 0 0 2 0 2 0 1 0 1 2 2 2 2 1 0 0 0 0 0 0 0 0 0 0 1 1 0 1 0 0 1 0 1 0 2 0 0 1 0 0 0 0 0 2 0 0 2 0 1 0 1 1 0 0 0 0 1 0 2 0 1 0 2 0 2 0 0 2 0 0 0 1 0 0 0 2 0 2 0 0 
0 0 0 2 0 2 0 1 0 1 2 2 2 2 1 0 0 0 0 0 0 0 0 0 0 1 1 0 1 0 0 1 0 1 0 2 0 0 1 0 0 0 0 0 2 0 0 2 0 1 0 1 1 0 0 0 0 1 0 2 0 1 0 2 0 2 0 0 2 0 0 0 1 0 0 0 2 0 2 0 0 
1
0 0 0 0 0 1 0 0 0 
0 0 0 2 0 2 0 1 0 1 2 2 2 2 1 0 0 0 0 0 0 0 0 0 0 1 1 0 1 0 0 1 0 1 0 2 0 0 1 0 0 0 0 0 2 0 0 2 0 1 0 1 1 1 0 0 0 1 0 2 0 1 0 2 0 2 0 0 2 0 0 0 1 0 0 0 2 0 2 0 0 
0 0 0 2 0 2 0 1 0 1 2 2 2 2 1 0 0 0 0 0 0 0 0 0 0 1 1 0 1 0 0 1 0 17 16 18 0 0 1 0 0 0 16 16 18 0 0 2 0 1 0 17 17 17 0 0 0 1 0 2 0 1 0 2 0 2 0 0 2 0 0 0 1 0 0 0 2 0 2 0 0 
1
0 0 0 0 0 1 0 0 0 
0 0 0 2 0 2 0 1 0 1 2 2 2 2 1 0 0 0 0 0 0 0 0 0 0 1 1 0 1 0 0 1 0 1 0 2 0 0 1 0 0 0 0 0 2 0 0 2 0 1 0 1 1 1 0 0 0 1 0 2 0 1 0 2 0 2 0 0 2 0 2 0 1 0 0 0 2 0 2 0 0 
0 0 0 2 0 2 0 1 0 1 2 2 2 2 1 0 0 0 0 0 0 0 0 0 0 1 1 0 1 0 0 1 0 17 16 18 0 0 1 0 0 0 16 16 18 0 0 2 0 1 0 17 17 17 0 0 0 1 0 2 0 1 0 2 0 2 0 0 2 0 2 0 1 0 0 0 2 0 2 0 0 
1
0 0 0 0 0 1 0 0 0 
0 0 0 2 0 2 0 1 0 1 2 2 2 2 1 0 0 0 0 0 0 0 0 0 0 1 1 0 1 0 0 1 0 1 0 2 0 0 1 1 0 0 0 0 2 0 0 2 0 1 0 1 1 1 0 0 0 1 0 2 0 1 0 2 0 2 0 0 2 0 2 0 1 0 0 0 2 0 2 0 0 
0 0 0 2 0 2 0 1 0 1 2 2 2 2 1 0 0 0 0 0 0 0 0 0 0 1 1 0 1 0 0 1 0 17 16 18 0 0 1 1 0 0 16 16 18 0 0 2 0 1 0 17 17 17 0 0 0 1 0 2 0 1 0 2 0 2 0 0 2 0 2 0 1 0 0 0 2 0 2 0 0 
1
0 0 0 0 0 1 0 0 0 
0 0 0 2 0 2 0 1 0 1 2 2 2 2 1 0 0 0 0 0 0 0 0 0 0 1 1 0 1 0 0 1 0 1 0 2 0 0 1 1 0 0 0 0 2 0 2 2 0 1 0 1 1 1 0 0 0 1 0 2 0 1 0 2 0 2 0 0 2 0 2 0 1 0 0 0 2 0 2 0 0 
0 0 0 2 0 2 0 1 0 1 2 2 2 2 1 0 0 0 0 0 0 0 0 0 0 1 1 0 1 0 0 1 0 17 16 18 0 0 1 1 0 0 16 16 18 0 2 2 0 1 0 17 17 17 0 0 0 1 0 2 0 1 0 2 0 2 0 0 2 0 2 0 1 0 0 0 2 0 2 0 0 
1
0 0 0 0 0 1 0 0 0 
0 0 0 2 0 2 0 1 0 1 2 2 2 2 1 0 0 0 0 0 0 0 0 0 0 1 1 0 1 0 0 1 0 1 0 2 0 0 1 1 0 0 0 0 2 0 2 2 0 1 0 1 1 1 0 0 0 1 0 2 0 1 0 2 0 2 0 0 2 0 2 0 1 0 0 1 2 0 2 0 0 
0 0 0 2 0 2 0 1 0 1 2 2 2 2 1 0 0 0 0 0 0 0 0 0 0 1 1 0 1 0 0 1 0 17 16 18 0 0 1 1 0 0 16 16 18 0 2 2 0 1 0 17 17 17 0 0 0 1 0 2 0 1 0 2 0 2 0 0 2 0 2 0 1 0 0 1 2 0 2 0 0 
1
0 0 0 0 0 1 0 0 0 
0 0 0 2 0 2 0 1 0 1 2 2 2 2 1 0 0 0 0 0 0 0 0 0 0 1 1 0 1 0 0 1 0 1 0 2 0 0 1 1 0 0 0 0 2 0 2 2 0 1 0 1 1 1 0 0 0 1 0 2 0 1 0 2 0 2 0 0 2 0 2 0 1 0 2 1 2 0 2 0 0 
0 0 0 2 0 2 0 1 0 1 2 2 2 2 1 0 0 0 0 0 0 0 0 0 0 1 1 0 1 0 0 1 0 17 16 18 0 0 1 1 0 0 16 16 18 0 2 2 0 1 0 17 17 17 0 0 0 1 0 2 0 1 0 2 0 2 0 0 2 0 2 0 1 0 2 1 2 0 2 0 0 
1
0 0 0 0 0 1 0 0 0 
0 0 0 2 0 2 0 1 0 1 2 2 2 2 1 0 0 0 0 0 0 0 0 0 0 1 1 0 1 0 0 1 0 1 0 2 0 0 1 1 0 0 0 0 2 0 2 2 0 1 0 1 1 1 0 0 0 1 0 2 0 1 1 2 0 2 0 0 2 0 2 0 1 0 2 1 2 0 2 0 0 
0 0 0 2 0 2 0 1 0 1 2 2 2 2 1 0 0 0 0 0 0 0 0 0 0 1 1 0 1 0 0 1 0 17 16 18 0 0 1 1 0 0 16 16 18 0 2 2 0 1 0 17 17 17 0 0 0 1 0 2 0 1 1 2 0 2 0 0 2 0 2 0 1 0 2 1 2 0 2 0 0 
1
0 0 0 0 0 1 0 0 0 
0 0 0 2 0 2 0 1 2 1 2 2 2 2 1 0 0 0 0 0 0 0 0 0 0 1 1 0 1 0 0 1 0 1 0 2 0 0 1 1 0 0 0 0 2 0 2 2 0 1 0 1 1 1 0 0 0 1 0 2 0 1 1 2 0 2 0 0 2 0 2 0 1 0 2 1 2 0 2 0 0 
0 0 0 2 0 2 0 1 2 1 2 2 2 2 1 0 0 0 0 0 0 0 0 0 0 1 1 0 1 0 0 1 0 17 16 18 0 0 1 1 0 0 16 16 18 0 2 2 0 1 0 17 17 17 0 0 0 1 0 2 0 1 1 2 0 2 0 0 2 0 2 0 1 0 2 1 2 0 2 0 0 
1
0 0 1 0 0 1 0 0 0 
0 0 0 2 0 2 0 1 2 1 2 2 2 2 1 0 1 0 0 0 0 0 0 0 0 1 1 0 1 0 0 1 0 1 0 2 0 0 1 1 0 0 0 0 2 0 2 2 0 1 0 1 1 1 0 0 0 1 0 2 0 1 1 2 0 2 0 0 2 0 2 0 1 0 2 1 2 0 2 0 0 
0 0 0 2 0 2 16 17 18 1 2 2 2 2 1 16 17 16 0 0 0 0 0 0 16 17 17 0 1 0 0 1 0 17 16 18 0 0 1 1 0 0 16 16 18 0 2 2 0 1 0 17 17 17 0 0 0 1 0 2 0 1 1 2 0 2 0 0 2 0 2 0 1 0 2 1 2 0 2 0 0 
1
0 0 1 0 0 1 0 0 0 
0 0 0 2 0 2 0 1 2 1 2 2 2 2 1 0 1 0 0 0 0 0 0 0 0 1 1 0 1 0 2 1 0 1 0 2 0 0 1 1 0 0 0 0 2 0 2 2 0 1 0 1 1 1 0 0 0 1 0 2 0 1 1 2 0 2 0 0 2 0 2 0 1 0 2 1 2 0 2 0 0 
0 0 0 2 0 2 16 17 18 1 2 2 2 2 1 16 17 16 0 0 0 0 0 0 16 17 17 0 1 0 2 1 0 17 16 18 0 0 1 1 0 0 16 16 18 0 2 2 0 1 0 17 17 17 0 0 0 1 0 2 0 1 1 2 0 2 0 0 2 0 2 0 1 0 2 1 2 0 2 0 0 
1
0 0 1 0 0 1 0 0 0 
0 0 0 2 0 2 0 1 2 1 2 2 2 2 1 0 1 0 0 0 1 0 0 0 0 1 1 0 1 0 2 1 0 1 0 2 0 0 1 1 0 0 0 0 2 0 2 2 0 1 0 1 1 1 0 0 0 1 0 2 0 1 1 2 0 2 0 0 2 0 2 0 1 0 2 1 2 0 2 0 0 
0 0 0 2 0 2 16 17 18 1 2 2 2 2 1 16 17 16 0 0 1 0 0 0 16 17 17 0 1 0 2 1 0 17 16 18 0 0 1 1 0 0 16 16 18 0 2 2 0 1 0 17 17 17 0 0 0 1 0 2 0 1 1 2 0 2 0 0 2 0 2 0 1 0 2 1 2 0 2 0 0 
1
0 0 1 0 0 1 0 0 0 
0 0 0 2 0 2 0 1 2 1 2 2 2 2 1 0 1 0 0 0 1 0 0 0 0 1 1 0 1 0 2 1 0 1 0 2 0 0 1 1 0 0 0 0 2 0 2 2 0 1 0 1 1 1 0 0 0 1 0 2 0 1 1 2 0 2 0 0 2 2 2 0 1 0 2 1 2 0 2 0 0 
0 0 0 2 0 2 16 17 18 1 2 2 2 2 1 16 17 16 0 0 1 0 0 0 16 17 17 0 1 0 2 1 0 17 16 18 0 0 1 1 0 0 16 16 18 0 2 2 0 1 0 17 17 17 0 0 0 1 0 2 0 1 1 2 0 2 0 0 2 2 2 0 1 0 2 1 2 0 2 0 0 
1
0 0 1 0 0 1 0 0 0 
0 0 0 2 0 2 0 1 2 1 2 2 2 2 1 0 1 0 0 0 1 0 0 0 0 1 1 1 1 0 2 1 0 1 0 2 0 0 1 1 0 0 0 0 2 0 2 2 0 1 0 1 1 1 0 0 0 1 0 2 0 1 1 2 0 2 0 0 2 2 2 0 1 0 2 1 2 0 2 0 0 
0 0 0 2 0 2 16 17 18 1 2 2 2 2 1 16 17 16 0 0 1 0 0 0 16 17 17 1 1 0 2 1 0 17 16 18 0 0 1 1 0 0 16 16 18 0 2 2 0 1 0 17 17 17 0 0 0 1 0 2 0 1 1 2 0 2 0 0 2 2 2 0 1 0 2 1 2 0 2 0 0 
1
0 0 1 0 0 1 0 0 0 
0 0 2 2 0 2 0 1 2 1 2 2 2 2 1 0 1 0 0 0 1 0 0 0 0 1 1 1 1 0 2 1 0 1 0 2 0 0 1 1 0 0 0 0 2 0 2 2 0 1 0 1 1 1 0 0 0 1 0 2 0 1 1 2 0 2 0 0 2 2 2 0 1 0 2 1 2 0 2 0 0 
0 0 2 2 0 2 16 17 18 1 2 2 2 2 1 16 17 16 0 0 1 0 0 0 16 17 17 1 1 0 2 1 0 17 16 18 0 0 1 1 0 0 16 16 18 0 2 2 0 1 0 17 17 17 0 0 0 1 0 2 0 1 1 2 0 2 0 0 2 2 2 0 1 0 2 1 2 0 2 0 0 
1
0 0 1 0 0 1 0 0 0 
0 0 2 2 0 2 0 1 2 1 2 2 2 2 1 0 1 0 0 0 1 0 0 0 0 1 1 1 1 0 2 1 0 1 0 2 0 0 1 1 0 1 0 0 2 0 2 2 0 1 0 1 1 1 0 0 0 1 0 2 0 1 1 2 0 2 0 0 2 2 2 0 1 0 2 1 2 0 2 0 0 
0 0 2 2 0 2 16 17 18 1 2 2 2 2 1 16 17 16 0 0 1 0 0 0 16 17 17 1 1 0 2 1 0 17 16 18 0 0 1 1 0 1 16 16 18 0 2 2 0 1 0 17 17 17 0 0 0 1 0 2 0 1 1 2 0 2 0 0 2 2 2 0 1 0 2 1 2 0 2 0 0 
1
0 0 1 0 0 1 2 0 0 
0 0 2 2 0 2 0 1 2 1 2 2 2 2 1 0 1 0 0 0 1 0 0 0 0 1 1 1 1 0 2 1 0 1 0 2 0 0 1 1 0 1 0 0 2 0 2 2 0 1 0 1 1 1 0 0 2 1 0 2 0 1 1 2 0 2 0 0 2 2 2 0 1 0 2 1 2 0 2 0 0 
0 0 2 2 0 2 16 17 18 1 2 2 2 2 1 16 17 16 0 0 1 0 0 0 16 17 17 1 1 0 2 1 0 17 16 18 0 0 1 1 0 1 16 16 18 0 2 2 0 1 0 17 17 17 32 32 34 1 0 2 0 1 1 34 32 34 0 0 2 2 2 0 33 32 34 1 2 0 2 0 0 
1
0 0 1 0 0 1 2 0 0 
1 0 2 2 0 2 0 1 2 1 2 2 2 2 1 0 1 0 0 0 1 0 0 0 0 1 1 1 1 0 2 1 0 1 0 2 0 0 1 1 0 1 0 0 2 0 2 2 0 1 0 1 1 1 0 0 2 1 0 2 0 1 1 2 0 2 0 0 2 2 2 0 1 0 2 1 2 0 2 0 0 
1 0 2 2 0 2 16 17 18 1 2 2 2 2 1 16 17 16 0 0 1 0 0 0 16 17 17 1 1 0 2 1 0 17 16 18 0 0 1 1 0 1 16 16 18 0 2 2 0 1 0 17 17 17 32 32 34 1 0 2 0 1 1 34 32 34 0 0 2 2 2 0 33 32 34 1 2 0 2 0 0 
1
0 0 1 0 0 1 2 0 0 
1 0 2 2 0 2 0 1 2 1 2 2 2 2 1 0 1 0 0 2 1 0 0 0 0 1 1 1 1 0 2 1 0 1 0 2 0 0 1 1 0 1 0 0 2 0 2 2 0 1 0 1 1 1 0 0 2 1 0 2 0 1 1 2 0 2 0 0 2 2 2 0 1 0 2 1 2 0 2 0 0 
1 0 2 2 0 2 16 17 18 1 2 2 2 2 1 16 17 16 0 2 1 0 0 0 16 17 17 1 1 0 2 1 0 17 16 18 0 0 1 1 0 1 16 16 18 0 2 2 0 1 0 17 17 17 32 32 34 1 0 2 0 1 1 34 32 34 0 0 2 2 2 0 33 32 34 1 2 0 2 0 0 
1
0 0 1 0 0 1 2 0 0 
1 0 2 2 0 2 0 1 2 1 2 2 2 2 1 0 1 0 0 2 1 0 0 0 0 1 1 1 1 0 2 1 0 1 0 2 0 0 1 1 0 1 0 0 2 0 2 2 0 1 0 1 1 1 0 0 2 1 1 2 0 1 1 2 0 2 0 0 2 2 2 0 1 0 2 1 2 0 2 0 0 
1 0 2 2 0 2 16 17 18 1 2 2 2 2 1 16 17 16 0 2 1 0 0 0 16 17 17 1 1 0 2 1 0 17 16 18 0 0 1 1 0 1 16 16 18 0 2 2 0 1 0 17 17 17 32 32 34 1 1 2 0 1 1 34 32 34 0 0 2 2 2 0 33 32 34 1 2 0 2 0 0 
1
0 2 1 0 0 1 2 0 0 
1 0 2 2 0 2 0 1 2 1 2 2 2 2 1 0 1 0 0 2 1 0 0 2 0 1 1 1 1 0 2 1 0 1 0 2 0 0 1 1 0 1 0 0 2 0 2 2 0 1 0 1 1 1 0 0 2 1 1 2 0 1 1 2 0 2 0 0 2 2 2 0 1 0 2 1 2 0 2 0 0 
1 0 2 34 32 34 16 17 18 1 2 2 34 34 33 16 17 16 0 2 1 32 32 34 16 17 17 1 1 0 2 1 0 17 16 18 0 0 1 1 0 1 16 16 18 0 2 2 0 1 0 17 17 17 32 32 34 1 1 2 0 1 1 34 32 34 0 0 2 2 2 0 33 32 34 1 2 0 2 0 0 
1
0 2 1 0 0 1 2 0 1 
1 0 2 2 0 2 0 1 2 1 2 2 2 2 1 0 1 0 0 2 1 0 0 2 0 1 1 1 1 0 2 1 0 1 0 2 0 0 1 1 0 1 0 0 2 0 2 2 0 1 0 1 1 1 0 0 2 1 1 2 1 1 1 2 0 2 0 0 2 2 2 0 1 0 2 1 2 0 2 0 0 
1 0 2 34 32 34 16 17 18 1 2 2 34 34 33 16 17 16 0 2 1 32 32 34 16 17 17 1 1 0 2 1 0 17 16 18 0 0 1 1 0 1 16 16 18 0 2 2 0 1 0 17 17 17 32 32 34 1 1 2 17 17 17 34 32 34 0 0 2 18 18 16 33 32 34 1 2 0 18 16 16 
1
0 2 1 0 0 1 2 0 1 
1 0 2 2 0 2 0 1 2 1 2 2 2 2 1 0 1 0 0 2 1 0 0 2 0 1 1 1 1 0 2 1 0 1 0 2 0 0 1 1 0 1 0 0 2 0 2 2 0 1 0 1 1 1 0 0 2 1 1 2 1 1 1 2 0 2 0 0 2 2 2 0 1 0 2 1 2 0 2 0 0 
1 0 2 34 32 34 16 17 18 1 2 2 34 34 33 16 17 16 0 2 1 32 32 34 16 17 17 1 1 0 2 1 0 17 16 18 0 0 1 1 0 1 16 16 18 0 2 2 0 1 0 17 17 17 32 32 34 1 1 2 17 17 17 34 32 34 0 0 2 18 18 16 33 32 34 1 2 0 18 16 16 
1
