0 0 0 0 0 0 0 0 0 
0 0 0 0 0 0 0 0 0 0 0 0 0 0 0 0 0 0 0 0 0 0 0 0 0 0 0 0 0 0 0 0 0 0 0 0 0 0 0 0 1 0 0 0 0 0 0 0 0 0 0 0 0 0 0 0 0 0 0 0 0 0 0 0 0 0 0 0 0 0 0 0 0 0 0 0 0 0 0 0 0 
0 0 0 0 0 0 0 0 0 0 0 0 0 0 0 0 0 0 0 0 0 0 0 0 0 0 0 0 0 0 0 0 0 0 0 0 0 0 0 0 1 0 0 0 0 0 0 0 0 0 0 0 0 0 0 0 0 0 0 0 0 0 0 0 0 0 0 0 0 0 0 0 0 0 0 0 0 0 0 0 0 
1
0 0 0 0 0 0 0 0 0 
0 0 0 0 0 0 0 0 0 0 0 0 0 0 0 0 0 0 0 0 0 0 0 0 0 0 0 0 0 0 0 0 0 0 0 0 0 0 0 0 1 0 0 0 0 0 0 0 2 0 0 0 0 0 0 0 0 0 0 0 0 0 0 0 0 0 0 0 0 0 0 0 0 0 0 0 0 0 0 0 0 
0 0 0 0 0 0 0 0 0 0 0 0 0 0 0 0 0 0 0 0 0 0 0 0 0 0 0 0 0 0 0 0 0 0 0 0 0 0 0 0 1 0 0 0 0 0 0 0 2 0 0 0 0 0 0 0 0 0 0 0 0 0 0 0 0 0 0 0 0 0 0 0 0 0 0 0 0 0 0 0 0 
1
0 0 0 0 0 0 0 0 0 
0 0 0 0 0 0 0 0 0 0 0 0 0 0 0 0 0 0 0 0 0 0 0 0 0 0 0 0 0 0 0 0 0 0 0 0 0 0 0 0 1 0 0 0 0 0 0 0 2 0 0 0 0 0 1 0 0 0 0 0 0 0 0 0 0 0 0 0 0 0 0 0 0 0 0 0 0 0 0 0 0 
0 0 0 0 0 0 0 0 0 0 0 0 0 0 0 0 0 0 0 0 0 0 0 0 0 0 0 0 0 0 0 0 0 0 0 0 0 0 0 0 1 0 0 0 0 0 0 0 2 0 0 0 0 0 1 0 0 0 0 0 0 0 0 0 0 0 0 0 0 0 0 0 0 0 0 0 0 0 0 0 0 
1
0 0 0 0 0 0 0 0 0 
0 0 0 0 0 0 0 0 0 0 2 0 0 0 0 0 0 0 0 0 0 0 0 0 0 0 0 0 0 0 0 0 0 0 0 0 0 0 0 0 1 0 0 0 0 0 0 0 2 0 0 0 0 0 1 0 0 0 0 0 0 0 0 0 0 0 0 0 0 0 0 0 0 0 0 0 0 0 0 0 0 
0 0 0 0 0 0 0 0 0 0 2 0 0 0 0 0 0 0 0 0 0 0 0 0 0 0 0 0 0 0 0 0 0 0 0 0 0 0 0 0 1 0 0 0 0 0 0 0 2 0 0 0 0 0 1 0 0 0 0 0 0 0 0 0 0 0 0 0 0 0 0 0 0 0 0 0 0 0 0 0 0 
1
0 0 0 0 0 0 0 0 0 
0 0 0 0 0 0 0 0 0 0 2 0 0 0 0 0 0 0 0 0 0 0 0 0 0 0 0 0 0 0 0 0 0 0 0 0 0 0 0 0 1 0 0 0 0 0 0 0 2 0 1 0 0 0 1 0 0 0 0 0 0 0 0 0 0 0 0 0 0 0 0 0 0 0 0 0 0 0 0 0 0 
0 0 0 0 0 0 0 0 0 0 2 0 0 0 0 0 0 0 0 0 0 0 0 0 0 0 0 0 0 0 0 0 0 0 0 0 0 0 0 0 1 0 0 0 0 0 0 0 2 0 1 0 0 0 1 0 0 0 0 0 0 0 0 0 0 0 0 0 0 0 0 0 0 0 0 0 0 0 0 0 0 
1
0 0 0 0 0 0 0 0 0 
0 0 0 0 0 0 0 0 0 0 2 0 0 0 0 0 0 0 0 0 0 0 0 0 0 0 0 0 0 0 0 0 0 0 0 0 0 0 0 0 1 0 0 0 0 0 0 0 2 0 1 0 0 0 1 0 0 0 0 0 2 0 0 0 0 0 0 0 0 0 0 0 0 0 0 0 0 0 0 0 0 
0 0 0 0 0 0 0 0 0 0 2 0 0 0 0 0 0 0 0 0 0 0 0 0 0 0 0 0 0 0 0 0 0 0 0 0 0 0 0 0 1 0 0 0 0 0 0 0 2 0 1 0 0 0 1 0 0 0 0 0 2 0 0 0 0 0 0 0 0 0 0 0 0 0 0 0 0 0 0 0 0 
1
0 0 0 0 0 0 0 0 0 
0 0 0 0 0 0 0 0 0 1 2 0 0 0 0 0 0 0 0 0 0 0 0 0 0 0 0 0 0 0 0 0 0 0 0 0 0 0 0 0 1 0 0 0 0 0 0 0 2 0 1 0 0 0 1 0 0 0 0 0 2 0 0 0 0 0 0 0 0 0 0 0 0 0 0 0 0 0 0 0 0 
0 0 0 0 0 0 0 0 0 1 2 0 0 0 0 0 0 0 0 0 0 0 0 0 0 0 0 0 0 0 0 0 0 0 0 0 0 0 0 0 1 0 0 0 0 0 0 0 2 0 1 0 0 0 1 0 0 0 0 0 2 0 0 0 0 0 0 0 0 0 0 0 0 0 0 0 0 0 0 0 0 
1
0 0 0 0 0 0 0 0 0 
0 0 0 0 0 0 0 0 0 1 2 0 0 0 0 0 0 0 0 0 0 0 0 0 0 0 0 2 0 0 0 0 0 0 0 0 0 0 0 0 1 0 0 0 0 0 0 0 2 0 1 0 0 0 1 0 0 0 0 0 2 0 0 0 0 0 0 0 0 0 0 0 0 0 0 0 0 0 0 0 0 
0 0 0 0 0 0 0 0 0 1 2 0 0 0 0 0 0 0 0 0 0 0 0 0 0 0 0 2 0 0 0 0 0 0 0 0 0 0 0 0 1 0 0 0 0 0 0 0 2 0 1 0 0 0 1 0 0 0 0 0 2 0 0 0 0 0 0 0 0 0 0 0 0 0 0 0 0 0 0 0 0 
1
0 0 0 0 0 0 0 0 0 
0 0 0 0 0 0 0 0 0 1 2 0 0 0 0 0 0 0 1 0 0 0 0 0 0 0 0 2 0 0 0 0 0 0 0 0 0 0 0 0 1 0 0 0 0 0 0 0 2 0 1 0 0 0 1 0 0 0 0 0 2 0 0 0 0 0 0 0 0 0 0 0 0 0 0 0 0 0 0 0 0 
0 0 0 0 0 0 0 0 0 1 2 0 0 0 0 0 0 0 1 0 0 0 0 0 0 0 0 2 0 0 0 0 0 0 0 0 0 0 0 0 1 0 0 0 0 0 0 0 2 0 1 0 0 0 1 0 0 0 0 0 2 0 0 0 0 0 0 0 0 0 0 0 0 0 0 0 0 0 0 0 0 
1
0 0 0 0 0 0 0 0 0 
0 0 0 0 0 0 0 0 0 1 2 0 0 0 0 0 0 0 1 0 0 0 0 0 0 0 0 2 0 0 0 0 0 0 0 0 0 0 0 0 1 0 0 0 0 0 0 0 2 0 1 0 0 0 1 0 0 0 0 0 2 0 0 0 0 0 0 0 0 0 0 0 2 0 0 0 0 0 0 0 0 
0 0 0 0 0 0 0 0 0 1 2 0 0 0 0 0 0 0 1 0 0 0 0 0 0 0 0 2 0 0 0 0 0 0 0 0 0 0 0 0 1 0 0 0 0 0 0 0 2 0 1 0 0 0 1 0 0 0 0 0 2 0 0 0 0 0 0 0 0 0 0 0 2 0 0 0 0 0 0 0 0 
1
0 0 0 0 0 0 0 0 0 
0 0 0 0 0 0 0 0 0 1 2 0 0 0 0 0 0 0 1 0 0 0 0 0 0 0 0 2 0 0 0 0 0 0 0 0 0 0 0 0 1 0 0 0 0 0 0 0 2 0 1 0 0 0 1 0 1 0 0 0 2 0 0 0 0 0 0 0 0 0 0 0 2 0 0 0 0 0 0 0 0 
0 0 0 0 0 0 0 0 0 1 2 0 0 0 0 0 0 0 1 0 0 0 0 0 0 0 0 2 0 0 0 0 0 0 0 0 0 0 0 0 1 0 0 0 0 0 0 0 2 0 1 0 0 0 1 0 1 0 0 0 2 0 0 0 0 0 0 0 0 0 0 0 2 0 0 0 0 0 0 0 0 
1
0 0 0 0 0 0 0 0 0 
0 0 0 0 0 0 0 0 2 1 2 0 0 0 0 0 0 0 1 0 0 0 0 0 0 0 0 2 0 0 0 0 0 0 0 0 0 0 0 0 1 0 0 0 0 0 0 0 2 0 1 0 0 0 1 0 1 0 0 0 2 0 0 0 0 0 0 0 0 0 0 0 2 0 0 0 0 0 0 0 0 
0 0 0 0 0 0 0 0 2 1 2 0 0 0 0 0 0 0 1 0 0 0 0 0 0 0 0 2 0 0 0 0 0 0 0 0 0 0 0 0 1 0 0 0 0 0 0 0 2 0 1 0 0 0 1 0 1 0 0 0 2 0 0 0 0 0 0 0 0 0 0 0 2 0 0 0 0 0 0 0 0 
1
0 0 0 0 0 0 0 0 0 
0 0 0 0 0 0 0 0 2 1 2 0 0 0 0 0 0 0 1 0 0 0 0 0 0 0 1 2 0 0 0 0 0 0 0 0 0 0 0 0 1 0 0 0 0 0 0 0 2 0 1 0 0 0 1 0 1 0 0 0 2 0 0 0 0 0 0 0 0 0 0 0 2 0 0 0 0 0 0 0 0 
0 0 0 0 0 0 0 0 2 1 2 0 0 0 0 0 0 0 1 0 0 0 0 0 0 0 1 2 0 0 0 0 0 0 0 0 0 0 0 0 1 0 0 0 0 0 0 0 2 0 1 0 0 0 1 0 1 0 0 0 2 0 0 0 0 0 0 0 0 0 0 0 2 0 0 0 0 0 0 0 0 
1
0 0 0 0 0 0 0 0 0 
0 0 0 0 0 0 0 0 2 1 2 0 0 0 0 0 0 0 1 0 0 0 0 0 0 0 1 2 0 0 0 0 0 0 0 0 0 0 0 0 1 0 0 0 0 0 0 0 2 0 1 0 0 0 1 0 1 0 0 0 2 0 0 0 0 0 0 0 0 0 0 0 2 0 0 0 0 0 0 0 2 
0 0 0 0 0 0 0 0 2 1 2 0 0 0 0 0 0 0 1 0 0 0 0 0 0 0 1 2 0 0 0 0 0 0 0 0 0 0 0 0 1 0 0 0 0 0 0 0 2 0 1 0 0 0 1 0 1 0 0 0 2 0 0 0 0 0 0 0 0 0 0 0 2 0 0 0 0 0 0 0 2 
1
0 0 0 0 0 0 0 0 0 
0 0 0 0 0 0 0 0 2 1 2 0 0 0 0 0 0 0 1 0 0 0 0 0 0 0 1 2 0 0 0 0 0 0 0 0 0 0 0 0 1 0 0 0 0 0 0 0 2 0 1 0 0 0 1 0 1 0 0 0 2 0 0 0 0 0 0 0 0 0 1 0 2 0 0 0 0 0 0 0 2 
0 0 0 0 0 0 0 0 2 1 2 0 0 0 0 0 0 0 1 0 0 0 0 0 0 0 1 2 0 0 0 0 0 0 0 0 0 0 0 0 1 0 0 0 0 0 0 0 2 0 1 0 0 0 1 0 1 0 0 0 2 0 0 0 0 0 0 0 0 0 1 0 2 0 0 0 0 0 0 0 2 
1
0 0 0 0 0 0 0 0 0 
0 0 0 0 0 0 0 0 2 1 2 0 0 0 0 0 0 0 1 0 0 0 0 0 0 0 1 2 0 0 0 0 0 0 0 0 0 0 0 0 1 0 0 0 0 0 0 0 2 2 1 0 0 0 1 0 1 0 0 0 2 0 0 0 0 0 0 0 0 0 1 0 2 0 0 0 0 0 0 0 2 
0 0 0 0 0 0 0 0 2 1 2 0 0 0 0 0 0 0 1 0 0 0 0 0 0 0 1 2 0 0 0 0 0 0 0 0 0 0 0 0 1 0 0 0 0 0 0 0 2 2 1 0 0 0 1 0 1 0 0 0 2 0 0 0 0 0 0 0 0 0 1 0 2 0 0 0 0 0 0 0 2 
1
0 0 0 0 0 0 0 0 0 
0 0 0 0 0 0 0 0 2 1 2 0 0 0 0 0 0 0 1 0 0 0 0 0 0 0 1 2 0 0 0 0 0 0 0 0 0 0 0 0 1 0 0 0 0 0 0 0 2 2 1 0 0 0 1 0 1 0 0 0 2 0 0 0 0 0 0 0 1 0 1 0 2 0 0 0 0 0 0 0 2 
0 0 0 0 0 0 0 0 2 1 2 0 0 0 0 0 0 0 1 0 0 0 0 0 0 0 1 2 0 0 0 0 0 0 0 0 0 0 0 0 1 0 0 0 0 0 0 0 2 2 1 0 0 0 1 0 1 0 0 0 2 0 0 0 0 0 0 0 1 0 1 0 2 0 0 0 0 0 0 0 2 
1
0 0 0 0 0 0 0 0 0 
0 0 0 0 0 0 0 0 2 1 2 0 0 0 0 0 0 0 1 0 0 0 0 0 0 0 1 2 0 0 0 0 0 0 0 2 0 0 0 0 1 0 0 0 0 0 0 0 2 2 1 0 0 0 1 0 1 0 0 0 2 0 0 0 0 0 0 0 1 0 1 0 2 0 0 0 0 0 0 0 2 
0 0 0 0 0 0 0 0 2 1 2 0 0 0 0 0 0 0 1 0 0 0 0 0 0 0 1 2 0 0 0 0 0 0 0 2 0 0 0 0 1 0 0 0 0 0 0 0 2 2 1 0 0 0 1 0 1 0 0 0 2 0 0 0 0 0 0 0 1 0 1 0 2 0 0 0 0 0 0 0 2 
1
0 0 0 0 0 0 0 0 0 
0 0 0 0 0 0 0 0 2 1 2 0 0 0 0 0 0 0 1 0 0 0 0 0 0 1 1 2 0 0 0 0 0 0 0 2 0 0 0 0 1 0 0 0 0 0 0 0 2 2 1 0 0 0 1 0 1 0 0 0 2 0 0 0 0 0 0 0 1 0 1 0 2 0 0 0 0 0 0 0 2 
0 0 0 0 0 0 0 0 2 1 2 0 0 0 0 0 0 0 1 0 0 0 0 0 0 1 1 2 0 0 0 0 0 0 0 2 0 0 0 0 1 0 0 0 0 0 0 0 2 2 1 0 0 0 1 0 1 0 0 0 2 0 0 0 0 0 0 0 1 0 1 0 2 0 0 0 0 0 0 0 2 
1
0 0 0 0 0 0 0 0 0 
0 0 0 0 0 0 0 0 2 1 2 0 0 0 0 0 0 0 1 0 0 0 0 0 0 1 1 2 0 0 0 0 0 0 0 2 0 0 0 0 1 0 0 0 0 0 0 0 2 2 1 0 0 0 1 0 1 0 0 0 2 0 0 0 0 0 0 0 1 0 1 0 2 0 0 0 0 2 0 0 2 
0 0 0 0 0 0 0 0 2 1 2 0 0 0 0 0 0 0 1 0 0 0 0 0 0 1 1 2 0 0 0 0 0 0 0 2 0 0 0 0 1 0 0 0 0 0 0 0 2 2 1 0 0 0 1 0 1 0 0 0 2 0 0 0 0 0 0 0 1 0 1 0 2 0 0 0 0 2 0 0 2 
1
0 0 0 0 0 0 0 0 0 
0 0 0 0 0 0 0 0 2 1 2 0 0 0 0 0 0 0 1 0 0 0 0 0 0 1 1 2 0 0 0 0 0 0 0 2 0 0 0 0 1 0 0 0 0 0 0 0 2 2 1 0 0 0 1 0 1 0 0 0 2 0 0 0 0 0 0 0 1 0 1 0 2 0 0 0 0 2 0 1 2 
0 0 0 0 0 0 0 0 2 1 2 0 0 0 0 0 0 0 1 0 0 0 0 0 0 1 1 2 0 0 0 0 0 0 0 2 0 0 0 0 1 0 0 0 0 0 0 0 2 2 1 0 0 0 1 0 1 0 0 0 2 0 0 0 0 0 0 0 1 0 1 0 2 0 0 0 0 2 0 1 2 
1
0 0 0 0 0 0 0 0 0 
0 0 0 0 0 0 0 0 2 1 2 0 0 0 0 0 0 0 1 0 0 0 0 0 0 1 1 2 0 0 0 0 0 0 0 2 0 0 0 0 1 0 0 0 0 0 0 0 2 2 1 0 0 0 1 0 1 0 0 0 2 0 0 0 0 0 0 0 1 0 1 0 2 0 0 0 2 2 0 1 2 
0 0 0 0 0 0 0 0 2 1 2 0 0 0 0 0 0 0 1 0 0 0 0 0 0 1 1 2 0 0 0 0 0 0 0 2 0 0 0 0 1 0 0 0 0 0 0 0 2 2 1 0 0 0 1 0 1 0 0 0 2 0 0 0 0 0 0 0 1 0 1 0 2 0 0 0 2 2 0 1 2 
1
0 0 0 0 0 0 0 0 0 
0 0 0 0 0 0 0 0 2 1 2 0 0 0 0 0 0 0 1 0 0 0 0 0 0 1 1 2 0 0 0 0 0 0 0 2 0 0 0 0 1 0 0 0 0 0 0 0 2 2 1 0 0 0 1 0 1 0 0 0 2 0 0 0 0 0 1 0 1 0 1 0 2 0 0 0 2 2 0 1 2 
0 0 0 0 0 0 0 0 2 1 2 0 0 0 0 0 0 0 1 0 0 0 0 0 0 1 1 2 0 0 0 0 0 0 0 2 0 0 0 0 1 0 0 0 0 0 0 0 2 2 1 0 0 0 1 0 1 0 0 0 2 0 0 0 0 0 1 0 1 0 1 0 2 0 0 0 2 2 0 1 2 
1
0 0 0 0 0 0 0 0 0 
0 0 0 0 0 0 0 0 2 1 2 0 0 0 0 0 0 0 1 0 0 0 0 0 0 1 1 2 0 0 0 0 0 0 0 2 2 0 0 0 1 0 0 0 0 0 0 0 2 2 1 0 0 0 1 0 1 0 0 0 2 0 0 0 0 0 1 0 1 0 1 0 2 0 0 0 2 2 0 1 2 
0 0 0 0 0 0 0 0 2 1 2 0 0 0 0 0 0 0 1 0 0 0 0 0 0 1 1 2 0 0 0 0 0 0 0 2 2 0 0 0 1 0 0 0 0 0 0 0 2 2 1 0 0 0 1 0 1 0 0 0 2 0 0 0 0 0 1 0 1 0 1 0 2 0 0 0 2 2 0 1 2 
1
0 0 0 0 0 0 0 0 0 
0 0 0 0 0 0 0 0 2 1 2 0 0 0 0 0 0 0 1 0 0 0 0 0 0 1 1 2 0 0 0 0 0 0 0 2 2 0 0 0 1 0 0 0 0 0 1 0 2 2 1 0 0 0 1 0 1 0 0 0 2 0 0 0 0 0 1 0 1 0 1 0 2 0 0 0 2 2 0 1 2 
0 0 0 0 0 0 0 0 2 1 2 0 0 0 0 0 0 0 1 0 0 0 0 0 0 1 1 2 0 0 0 0 0 0 0 2 2 0 0 0 1 0 0 0 0 0 1 0 2 2 1 0 0 0 1 0 1 0 0 0 2 0 0 0 0 0 1 0 1 0 1 0 2 0 0 0 2 2 0 1 2 
1
0 0 0 0 0 0 0 0 0 
0 0 0 0 0 0 0 0 2 1 2 0 0 0 0 0 0 0 1 0 0 0 0 0 0 1 1 2 0 0 0 0 0 0 0 2 2 0 0 0 1 0 0 0 0 0 1 0 2 2 1 0 0 0 1 0 1 0 2 0 2 0 0 0 0 0 1 0 1 0 1 0 2 0 0 0 2 2 0 1 2 
0 0 0 0 0 0 0 0 2 1 2 0 0 0 0 0 0 0 1 0 0 0 0 0 0 1 1 2 0 0 0 0 0 0 0 2 2 0 0 0 1 0 0 0 0 0 1 0 2 2 1 0 0 0 1 0 1 0 2 0 2 0 0 0 0 0 1 0 1 0 1 0 2 0 0 0 2 2 0 1 2 
1
0 0 0 0 0 0 0 0 0 
0 0 0 0 0 0 0 0 2 1 2 0 1 0 0 0 0 0 1 0 0 0 0 0 0 1 1 2 0 0 0 0 0 0 0 2 2 0 0 0 1 0 0 0 0 0 1 0 2 2 1 0 0 0 1 0 1 0 2 0 2 0 0 0 0 0 1 0 1 0 1 0 2 0 0 0 2 2 0 1 2 
0 0 0 0 0 0 0 0 2 1 2 0 1 0 0 0 0 0 1 0 0 0 0 0 0 1 1 2 0 0 0 0 0 0 0 2 2 0 0 0 1 0 0 0 0 0 1 0 2 2 1 0 0 0 1 0 1 0 2 0 2 0 0 0 0 0 1 0 1 0 1 0 2 0 0 0 2 2 0 1 2 
1
0 0 0 0 0 0 0 0 0 
0 0 0 0 0 0 0 0 2 1 2 0 1 0 0 0 0 0 1 0 0 0 0 0 0 1 1 2 2 0 0 0 0 0 0 2 2 0 0 0 1 0 0 0 0 0 1 0 2 2 1 0 0 0 1 0 1 0 2 0 2 0 0 0 0 0 1 0 1 0 1 0 2 0 0 0 2 2 0 1 2 
0 0 0 0 0 0 0 0 2 1 2 0 1 0 0 0 0 0 1 0 0 0 0 0 0 1 1 2 2 0 0 0 0 0 0 2 2 0 0 0 1 0 0 0 0 0 1 0 2 2 1 0 0 0 1 0 1 0 2 0 2 0 0 0 0 0 1 0 1 0 1 0 2 0 0 0 2 2 0 1 2 
1
0 0 0 0 0 0 0 0 0 
0 0 0 0 0 0 0 0 2 1 2 0 1 0 1 0 0 0 1 0 0 0 0 0 0 1 1 2 2 0 0 0 0 0 0 2 2 0 0 0 1 0 0 0 0 0 1 0 2 2 1 0 0 0 1 0 1 0 2 0 2 0 0 0 0 0 1 0 1 0 1 0 2 0 0 0 2 2 0 1 2 
0 0 0 0 0 0 0 0 2 1 2 0 1 0 1 0 0 0 1 0 0 0 0 0 0 1 1 2 2 0 0 0 0 0 0 2 2 0 0 0 1 0 0 0 0 0 1 0 2 2 1 0 0 0 1 0 1 0 2 0 2 0 0 0 0 0 1 0 1 0 1 0 2 0 0 0 2 2 0 1 2 
1
0 0 0 0 0 0 0 0 0 
0 0 0 0 0 0 0 0 2 1 2 0 1 0 1 0 0 0 1 0 0 0 0 0 0 1 1 2 2 0 0 0 0 0 0 2 2 0 0 0 1 0 0 0 2 0 1 0 2 2 1 0 0 0 1 0 1 0 2 0 2 0 0 0 0 0 1 0 1 0 1 0 2 0 0 0 2 2 0 1 2 
0 0 0 0 0 0 0 0 2 1 2 0 1 0 1 0 0 0 1 0 0 0 0 0 0 1 1 2 2 0 0 0 0 0 0 2 2 0 0 0 1 0 0 0 2 0 1 0 2 2 1 0 0 0 1 0 1 0 2 0 2 0 0 0 0 0 1 0 1 0 1 0 2 0 0 0 2 2 0 1 2 
1
0 0 0 0 0 0 0 0 0 
0 0 0 0 0 0 0 0 2 1 2 0 1 0 1 0 0 0 1 0 0 0 0 0 0 1 1 2 2 0 0 0 0 0 0 2 2 0 0 0 1 0 1 0 2 0 1 0 2 2 1 0 0 0 1 0 1 0 2 0 2 0 0 0 0 0 1 0 1 0 1 0 2 0 0 0 2 2 0 1 2 
0 0 0 0 0 0 0 0 2 1 2 0 1 0 1 0 0 0 1 0 0 0 0 0 0 1 1 2 2 0 0 0 0 0 0 2 2 0 0 0 1 0 1 0 2 0 1 0 2 2 1 0 0 0 1 0 1 0 2 0 2 0 0 0 0 0 1 0 1 0 1 0 2 0 0 0 2 2 0 1 2 
1
0 0 0 0 0 0 0 0 0 
0 0 0 0 0 0 0 0 2 1 2 0 1 0 1 0 0 0 1 0 0 0 0 0 0 1 1 2 2 0 0 0 0 0 0 2 2 0 2 0 1 0 1 0 2 0 1 0 2 2 1 0 0 0 1 0 1 0 2 0 2 0 0 0 0 0 1 0 1 0 1 0 2 0 0 0 2 2 0 1 2 
0 0 0 0 0 0 0 0 2 1 2 0 1 0 1 0 0 0 1 0 0 0 0 0 0 1 1 2 2 0 0 0 0 0 0 2 2 0 2 0 1 0 1 0 2 0 1 0 2 2 1 0 0 0 1 0 1 0 2 0 2 0 0 0 0 0 1 0 1 0 1 0 2 0 0 0 2 2 0 1 2 
1
0 0 0 0 0 0 0 0 0 
0 0 0 0 0 0 0 0 2 1 2 0 1 0 1 0 0 0 1 0 0 0 0 0 0 1 1 2 2 0 0 0 0 0 1 2 2 0 2 0 1 0 1 0 2 0 1 0 2 2 1 0 0 0 1 0 1 0 2 0 2 0 0 0 0 0 1 0 1 0 1 0 2 0 0 0 2 2 0 1 2 
0 0 0 0 0 0 0 0 2 1 2 0 1 0 1 0 0 0 1 0 0 0 0 0 0 1 1 2 2 0 0 0 0 0 1 2 2 0 2 0 1 0 1 0 2 0 1 0 2 2 1 0 0 0 1 0 1 0 2 0 2 0 0 0 0 0 1 0 1 0 1 0 2 0 0 0 2 2 0 1 2 
1
0 0 0 0 0 0 0 0 0 
0 0 0 0 0 0 0 0 2 1 2 0 1 2 1 0 0 0 1 0 0 0 0 0 0 1 1 2 2 0 0 0 0 0 1 2 2 0 2 0 1 0 1 0 2 0 1 0 2 2 1 0 0 0 1 0 1 0 2 0 2 0 0 0 0 0 1 0 1 0 1 0 2 0 0 0 2 2 0 1 2 
0 0 0 0 0 0 0 0 2 1 2 0 1 2 1 0 0 0 1 0 0 0 0 0 0 1 1 2 2 0 0 0 0 0 1 2 2 0 2 0 1 0 1 0 2 0 1 0 2 2 1 0 0 0 1 0 1 0 2 0 2 0 0 0 0 0 1 0 1 0 1 0 2 0 0 0 2 2 0 1 2 
1
0 0 0 0 1 0 0 0 0 
0 0 0 0 0 0 0 0 2 1 2 0 1 2 1 0 0 0 1 0 0 0 0 0 0 1 1 2 2 0 1 0 0 0 1 2 2 0 2 0 1 0 1 0 2 0 1 0 2 2 1 0 0 0 1 0 1 0 2 0 2 0 0 0 0 0 1 0 1 0 1 0 2 0 0 0 2 2 0 1 2 
0 0 0 0 0 0 0 0 2 1 2 0 1 2 1 0 0 0 1 0 0 0 0 0 0 1 1 2 2 0 17 16 16 0 1 2 2 0 2 16 17 16 1 0 2 0 1 0 18 18 17 0 0 0 1 0 1 0 2 0 2 0 0 0 0 0 1 0 1 0 1 0 2 0 0 0 2 2 0 1 2 
1
0 0 0 0 1 0 0 0 0 
0 0 0 0 0 0 0 0 2 1 2 2 1 2 1 0 0 0 1 0 0 0 0 0 0 1 1 2 2 0 1 0 0 0 1 2 2 0 2 0 1 0 1 0 2 0 1 0 2 2 1 0 0 0 1 0 1 0 2 0 2 0 0 0 0 0 1 0 1 0 1 0 2 0 0 0 2 2 0 1 2 
0 0 0 0 0 0 0 0 2 1 2 2 1 2 1 0 0 0 1 0 0 0 0 0 0 1 1 2 2 0 17 16 16 0 1 2 2 0 2 16 17 16 1 0 2 0 1 0 18 18 17 0 0 0 1 0 1 0 2 0 2 0 0 0 0 0 1 0 1 0 1 0 2 0 0 0 2 2 0 1 2 
1
0 0 0 0 1 0 0 0 0 
0 0 0 0 0 0 0 0 2 1 2 2 1 2 1 0 0 0 1 0 0 0 0 0 0 1 1 2 2 0 1 0 0 0 1 2 2 0 2 0 1 0 1 0 2 0 1 0 2 2 1 0 1 0 1 0 1 0 2 0 2 0 0 0 0 0 1 0 1 0 1 0 2 0 0 0 2 2 0 1 2 
0 0 0 0 0 0 0 0 2 1 2 2 1 2 1 0 0 0 1 0 0 0 0 0 0 1 1 2 2 0 17 16 16 0 1 2 2 0 2 16 17 16 1 0 2 0 1 0 18 18 17 0 1 0 1 0 1 0 2 0 2 0 0 0 0 0 1 0 1 0 1 0 2 0 0 0 2 2 0 1 2 
1
0 0 0 0 1 0 0 2 0 
0 0 0 0 0 0 0 0 2 1 2 2 1 2 1 0 0 0 1 0 0 0 0 0 0 1 1 2 2 0 1 0 0 0 1 2 2 0 2 0 1 0 1 0 2 0 1 0 2 2 1 0 1 0 1 0 1 0 2 0 2 0 0 0 0 0 1 2 1 0 1 0 2 0 0 0 2 2 0 1 2 
0 0 0 0 0 0 0 0 2 1 2 2 1 2 1 0 0 0 1 0 0 0 0 0 0 1 1 2 2 0 17 16 16 0 1 2 2 0 2 16 17 16 1 0 2 0 1 0 18 18 17 0 1 0 1 0 1 32 34 32 2 0 0 0 0 0 33 34 33 0 1 0 2 0 0 32 34 34 0 1 2 
1
0 0 0 0 1 0 0 2 1 
0 0 0 0 0 0 0 0 2 1 2 2 1 2 1 0 0 0 1 0 0 0 0 0 0 1 1 2 2 0 1 0 0 0 1 2 2 0 2 0 1 0 1 0 2 0 1 0 2 2 1 0 1 0 1 0 1 0 2 0 2 1 0 0 0 0 1 2 1 0 1 0 2 0 0 0 2 2 0 1 2 
0 0 0 0 0 0 0 0 2 1 2 2 1 2 1 0 0 0 1 0 0 0 0 0 0 1 1 2 2 0 17 16 16 0 1 2 2 0 2 16 17 16 1 0 2 0 1 0 18 18 17 0 1 0 1 0 1 32 34 32 18 17 16 0 0 0 33 34 33 16 17 16 2 0 0 32 34 34 16 17 18 
1
0 0 0 0 1 0 0 2 1 
0 0 0 0 2 0 0 0 2 1 2 2 1 2 1 0 0 0 1 0 0 0 0 0 0 1 1 2 2 0 1 0 0 0 1 2 2 0 2 0 1 0 1 0 2 0 1 0 2 2 1 0 1 0 1 0 1 0 2 0 2 1 0 0 0 0 1 2 1 0 1 0 2 0 0 0 2 2 0 1 2 
0 0 0 0 2 0 0 0 2 1 2 2 1 2 1 0 0 0 1 0 0 0 0 0 0 1 1 2 2 0 17 16 16 0 1 2 2 0 2 16 17 16 1 0 2 0 1 0 18 18 17 0 1 0 1 0 1 32 34 32 18 17 16 0 0 0 33 34 33 16 17 16 2 0 0 32 34 34 16 17 18 
1
0 0 0 0 1 0 0 2 1 
0 0 0 0 2 0 0 0 2 1 2 2 1 2 1 0 0 0 1 0 0 0 0 1 0 1 1 2 2 0 1 0 0 0 1 2 2 0 2 0 1 0 1 0 2 0 1 0 2 2 1 0 1 0 1 0 1 0 2 0 2 1 0 0 0 0 1 2 1 0 1 0 2 0 0 0 2 2 0 1 2 
0 0 0 0 2 0 0 0 2 1 2 2 1 2 1 0 0 0 1 0 0 0 0 1 0 1 1 2 2 0 17 16 16 0 1 2 2 0 2 16 17 16 1 0 2 0 1 0 18 18 17 0 1 0 1 0 1 32 34 32 18 17 16 0 0 0 33 34 33 16 17 16 2 0 0 32 34 34 16 17 18 
1
0 0 0 0 1 0 0 2 1 
0 0 0 0 2 0 0 0 2 1 2 2 1 2 1 0 0 0 1 0 0 0 0 1 0 1 1 2 2 0 1 0 0 0 1 2 2 0 2 0 1 0 1 0 2 0 1 0 2 2 1 0 1 0 1 0 1 0 2 0 2 1 0 2 0 0 1 2 1 0 1 0 2 0 0 0 2 2 0 1 2 
0 0 0 0 2 0 0 0 2 1 2 2 1 2 1 0 0 0 1 0 0 0 0 1 0 1 1 2 2 0 17 16 16 0 1 2 2 0 2 16 17 16 1 0 2 0 1 0 18 18 17 0 1 0 1 0 1 32 34 32 18 17 16 2 0 0 33 34 33 16 17 16 2 0 0 32 34 34 16 17 18 
1
0 0 0 0 1 0 0 2 1 
0 0 0 0 2 0 0 0 2 1 2 2 1 2 1 0 0 0 1 0 0 0 0 1 0 1 1 2 2 0 1 0 0 0 1 2 2 0 2 0 1 0 1 0 2 1 1 0 2 2 1 0 1 0 1 0 1 0 2 0 2 1 0 2 0 0 1 2 1 0 1 0 2 0 0 0 2 2 0 1 2 
0 0 0 0 2 0 0 0 2 1 2 2 1 2 1 0 0 0 1 0 0 0 0 1 0 1 1 2 2 0 17 16 16 0 1 2 2 0 2 16 17 16 1 0 2 1 1 0 18 18 17 0 1 0 1 0 1 32 34 32 18 17 16 2 0 0 33 34 33 16 17 16 2 0 0 32 34 34 16 17 18 
1
0 0 0 0 1 0 0 2 1 
0 0 0 0 2 0 0 0 2 1 2 2 1 2 1 0 0 0 1 0 0 0 0 1 0 1 1 2 2 0 1 0 0 0 1 2 2 0 2 0 1 0 1 0 2 1 1 0 2 2 1 0 1 0 1 2 1 0 2 0 2 1 0 2 0 0 1 2 1 0 1 0 2 0 0 0 2 2 0 1 2 
0 0 0 0 2 0 0 0 2 1 2 2 1 2 1 0 0 0 1 0 0 0 0 1 0 1 1 2 2 0 17 16 16 0 1 2 2 0 2 16 17 16 1 0 2 1 1 0 18 18 17 0 1 0 1 2 1 32 34 32 18 17 16 2 0 0 33 34 33 16 17 16 2 0 0 32 34 34 16 17 18 
1
0 0 0 0 1 0 0 2 1 
0 0 0 0 2 0 0 0 2 1 2 2 1 2 1 0 0 0 1 0 0 1 0 1 0 1 1 2 2 0 1 0 0 0 1 2 2 0 2 0 1 0 1 0 2 1 1 0 2 2 1 0 1 0 1 2 1 0 2 0 2 1 0 2 0 0 1 2 1 0 1 0 2 0 0 0 2 2 0 1 2 
0 0 0 0 2 0 0 0 2 1 2 2 1 2 1 0 0 0 1 0 0 1 0 1 0 1 1 2 2 0 17 16 16 0 1 2 2 0 2 16 17 16 1 0 2 1 1 0 18 18 17 0 1 0 1 2 1 32 34 32 18 17 16 2 0 0 33 34 33 16 17 16 2 0 0 32 34 34 16 17 18 
1
0 0 0 0 1 0 0 2 1 
0 0 0 0 2 0 0 0 2 1 2 2 1 2 1 0 0 0 1 0 0 1 0 1 0 1 1 2 2 0 1 0 0 0 1 2 2 0 2 0 1 0 1 0 2 1 1 0 2 2 1 0 1 0 1 2 1 0 2 0 2 1 0 2 0 0 1 2 1 0 1 0 2 0 2 0 2 2 0 1 2 
0 0 0 0 2 0 0 0 2 1 2 2 1 2 1 0 0 0 1 0 0 1 0 1 0 1 1 2 2 0 17 16 16 0 1 2 2 0 2 16 17 16 1 0 2 1 1 0 18 18 17 0 1 0 1 2 1 32 34 32 18 17 16 2 0 0 33 34 33 16 17 16 2 0 2 32 34 34 16 17 18 
1
1 0 0 0 1 0 0 2 1 
1 0 0 0 2 0 0 0 2 1 2 2 1 2 1 0 0 0 1 0 0 1 0 1 0 1 1 2 2 0 1 0 0 0 1 2 2 0 2 0 1 0 1 0 2 1 1 0 2 2 1 0 1 0 1 2 1 0 2 0 2 1 0 2 0 0 1 2 1 0 1 0 2 0 2 0 2 2 0 1 2 
17 16 16 0 2 0 0 0 2 17 18 18 1 2 1 0 0 0 17 16 16 1 0 1 0 1 1 2 2 0 17 16 16 0 1 2 2 0 2 16 17 16 1 0 2 1 1 0 18 18 17 0 1 0 1 2 1 32 34 32 18 17 16 2 0 0 33 34 33 16 17 16 2 0 2 32 34 34 16 17 18 
1
1 0 0 0 1 0 0 2 1 
1 0 0 0 2 0 0 0 2 1 2 2 1 2 1 0 0 0 1 0 0 1 0 1 0 1 1 2 2 0 1 0 0 0 1 2 2 0 2 0 1 0 1 0 2 1 1 0 2 2 1 0 1 0 1 2 1 0 2 0 2 1 0 2 0 0 1 2 1 0 1 0 2 0 2 0 2 2 0 1 2 
17 16 16 0 2 0 0 0 2 17 18 18 1 2 1 0 0 0 17 16 16 1 0 1 0 1 1 2 2 0 17 16 16 0 1 2 2 0 2 16 17 16 1 0 2 1 1 0 18 18 17 0 1 0 1 2 1 32 34 32 18 17 16 2 0 0 33 34 33 16 17 16 2 0 2 32 34 34 16 17 18 
1
