0 0 0 0 0 0 0 0 0 
0 0 0 0 0 0 0 0 0 0 0 0 0 0 0 0 0 0 0 0 0 0 0 0 0 0 0 0 0 0 0 0 1 0 0 0 0 0 0 0 0 0 0 0 0 0 0 0 0 0 0 0 0 0 0 0 0 0 0 0 0 0 0 0 0 0 0 0 0 0 0 0 0 0 0 0 0 0 0 0 0 
0 0 0 0 0 0 0 0 0 0 0 0 0 0 0 0 0 0 0 0 0 0 0 0 0 0 0 0 0 0 0 0 1 0 0 0 0 0 0 0 0 0 0 0 0 0 0 0 0 0 0 0 0 0 0 0 0 0 0 0 0 0 0 0 0 0 0 0 0 0 0 0 0 0 0 0 0 0 0 0 0 
1
0 0 0 0 0 0 0 0 0 
0 0 0 0 0 0 2 0 0 0 0 0 0 0 0 0 0 0 0 0 0 0 0 0 0 0 0 0 0 0 0 0 1 0 0 0 0 0 0 0 0 0 0 0 0 0 0 0 0 0 0 0 0 0 0 0 0 0 0 0 0 0 0 0 0 0 0 0 0 0 0 0 0 0 0 0 0 0 0 0 0 
0 0 0 0 0 0 2 0 0 0 0 0 0 0 0 0 0 0 0 0 0 0 0 0 0 0 0 0 0 0 0 0 1 0 0 0 0 0 0 0 0 0 0 0 0 0 0 0 0 0 0 0 0 0 0 0 0 0 0 0 0 0 0 0 0 0 0 0 0 0 0 0 0 0 0 0 0 0 0 0 0 
1
0 0 0 0 0 0 0 0 0 
0 0 1 0 0 0 2 0 0 0 0 0 0 0 0 0 0 0 0 0 0 0 0 0 0 0 0 0 0 0 0 0 1 0 0 0 0 0 0 0 0 0 0 0 0 0 0 0 0 0 0 0 0 0 0 0 0 0 0 0 0 0 0 0 0 0 0 0 0 0 0 0 0 0 0 0 0 0 0 0 0 
0 0 1 0 0 0 2 0 0 0 0 0 0 0 0 0 0 0 0 0 0 0 0 0 0 0 0 0 0 0 0 0 1 0 0 0 0 0 0 0 0 0 0 0 0 0 0 0 0 0 0 0 0 0 0 0 0 0 0 0 0 0 0 0 0 0 0 0 0 0 0 0 0 0 0 0 0 0 0 0 0 
1
0 0 0 0 0 0 0 0 0 
0 0 1 0 0 0 2 0 0 0 0 0 0 0 0 0 2 0 0 0 0 0 0 0 0 0 0 0 0 0 0 0 1 0 0 0 0 0 0 0 0 0 0 0 0 0 0 0 0 0 0 0 0 0 0 0 0 0 0 0 0 0 0 0 0 0 0 0 0 0 0 0 0 0 0 0 0 0 0 0 0 
0 0 1 0 0 0 2 0 0 0 0 0 0 0 0 0 2 0 0 0 0 0 0 0 0 0 0 0 0 0 0 0 1 0 0 0 0 0 0 0 0 0 0 0 0 0 0 0 0 0 0 0 0 0 0 0 0 0 0 0 0 0 0 0 0 0 0 0 0 0 0 0 0 0 0 0 0 0 0 0 0 
1
0 0 0 0 0 0 0 0 0 
0 0 1 0 0 0 2 0 0 0 0 0 0 0 0 0 2 0 0 0 0 0 0 0 0 0 0 0 0 0 0 0 1 0 0 0 0 0 0 0 1 0 0 0 0 0 0 0 0 0 0 0 0 0 0 0 0 0 0 0 0 0 0 0 0 0 0 0 0 0 0 0 0 0 0 0 0 0 0 0 0 
0 0 1 0 0 0 2 0 0 0 0 0 0 0 0 0 2 0 0 0 0 0 0 0 0 0 0 0 0 0 0 0 1 0 0 0 0 0 0 0 1 0 0 0 0 0 0 0 0 0 0 0 0 0 0 0 0 0 0 0 0 0 0 0 0 0 0 0 0 0 0 0 0 0 0 0 0 0 0 0 0 
1
0 0 0 0 0 0 0 0 0 
0 0 1 0 0 0 2 0 0 0 0 0 0 0 0 0 2 0 0 0 0 0 0 0 0 0 0 0 0 0 0 0 1 0 0 0 0 0 0 0 1 0 0 0 0 0 0 0 2 0 0 0 0 0 0 0 0 0 0 0 0 0 0 0 0 0 0 0 0 0 0 0 0 0 0 0 0 0 0 0 0 
0 0 1 0 0 0 2 0 0 0 0 0 0 0 0 0 2 0 0 0 0 0 0 0 0 0 0 0 0 0 0 0 1 0 0 0 0 0 0 0 1 0 0 0 0 0 0 0 2 0 0 0 0 0 0 0 0 0 0 0 0 0 0 0 0 0 0 0 0 0 0 0 0 0 0 0 0 0 0 0 0 
1
0 0 0 0 0 0 0 0 0 
0 0 1 0 0 0 2 0 0 0 0 0 0 0 0 0 2 0 0 0 0 0 0 0 0 0 0 0 0 0 0 0 1 0 0 0 0 0 0 0 1 0 0 0 0 0 0 0 2 0 0 0 0 0 1 0 0 0 0 0 0 0 0 0 0 0 0 0 0 0 0 0 0 0 0 0 0 0 0 0 0 
0 0 1 0 0 0 2 0 0 0 0 0 0 0 0 0 2 0 0 0 0 0 0 0 0 0 0 0 0 0 0 0 1 0 0 0 0 0 0 0 1 0 0 0 0 0 0 0 2 0 0 0 0 0 1 0 0 0 0 0 0 0 0 0 0 0 0 0 0 0 0 0 0 0 0 0 0 0 0 0 0 
1
0 0 0 0 0 0 0 0 0 
0 2 1 0 0 0 2 0 0 0 0 0 0 0 0 0 2 0 0 0 0 0 0 0 0 0 0 0 0 0 0 0 1 0 0 0 0 0 0 0 1 0 0 0 0 0 0 0 2 0 0 0 0 0 1 0 0 0 0 0 0 0 0 0 0 0 0 0 0 0 0 0 0 0 0 0 0 0 0 0 0 
0 2 1 0 0 0 2 0 0 0 0 0 0 0 0 0 2 0 0 0 0 0 0 0 0 0 0 0 0 0 0 0 1 0 0 0 0 0 0 0 1 0 0 0 0 0 0 0 2 0 0 0 0 0 1 0 0 0 0 0 0 0 0 0 0 0 0 0 0 0 0 0 0 0 0 0 0 0 0 0 0 
1
0 0 0 0 0 0 0 0 0 
0 2 1 0 0 0 2 0 0 0 0 0 0 0 0 0 2 0 0 0 0 0 1 0 0 0 0 0 0 0 0 0 1 0 0 0 0 0 0 0 1 0 0 0 0 0 0 0 2 0 0 0 0 0 1 0 0 0 0 0 0 0 0 0 0 0 0 0 0 0 0 0 0 0 0 0 0 0 0 0 0 
0 2 1 0 0 0 2 0 0 0 0 0 0 0 0 0 2 0 0 0 0 0 1 0 0 0 0 0 0 0 0 0 1 0 0 0 0 0 0 0 1 0 0 0 0 0 0 0 2 0 0 0 0 0 1 0 0 0 0 0 0 0 0 0 0 0 0 0 0 0 0 0 0 0 0 0 0 0 0 0 0 
1
0 0 0 0 0 0 0 0 0 
0 2 1 0 0 0 2 0 0 0 0 0 0 0 0 0 2 0 0 0 0 0 1 0 0 0 0 0 0 0 0 0 1 0 0 0 0 0 0 0 1 0 0 0 0 0 0 0 2 0 0 0 0 0 1 0 0 0 0 0 0 0 0 0 0 0 0 0 2 0 0 0 0 0 0 0 0 0 0 0 0 
0 2 1 0 0 0 2 0 0 0 0 0 0 0 0 0 2 0 0 0 0 0 1 0 0 0 0 0 0 0 0 0 1 0 0 0 0 0 0 0 1 0 0 0 0 0 0 0 2 0 0 0 0 0 1 0 0 0 0 0 0 0 0 0 0 0 0 0 2 0 0 0 0 0 0 0 0 0 0 0 0 
1
0 0 0 0 0 0 0 0 0 
0 2 1 0 0 0 2 0 0 0 0 0 0 0 0 0 2 0 0 0 0 0 1 0 0 0 0 0 0 0 0 0 1 0 0 0 0 0 0 0 1 0 0 0 0 0 0 0 2 0 0 0 1 0 1 0 0 0 0 0 0 0 0 0 0 0 0 0 2 0 0 0 0 0 0 0 0 0 0 0 0 
0 2 1 0 0 0 2 0 0 0 0 0 0 0 0 0 2 0 0 0 0 0 1 0 0 0 0 0 0 0 0 0 1 0 0 0 0 0 0 0 1 0 0 0 0 0 0 0 2 0 0 0 1 0 1 0 0 0 0 0 0 0 0 0 0 0 0 0 2 0 0 0 0 0 0 0 0 0 0 0 0 
1
0 0 0 0 0 0 0 0 0 
0 2 1 0 0 0 2 0 0 0 0 0 0 0 0 0 2 0 0 0 0 0 1 0 0 0 0 0 0 0 0 0 1 0 0 0 0 0 0 0 1 0 0 0 0 0 0 0 2 0 0 0 1 0 1 0 0 0 2 0 0 0 0 0 0 0 0 0 2 0 0 0 0 0 0 0 0 0 0 0 0 
0 2 1 0 0 0 2 0 0 0 0 0 0 0 0 0 2 0 0 0 0 0 1 0 0 0 0 0 0 0 0 0 1 0 0 0 0 0 0 0 1 0 0 0 0 0 0 0 2 0 0 0 1 0 1 0 0 0 2 0 0 0 0 0 0 0 0 0 2 0 0 0 0 0 0 0 0 0 0 0 0 
1
0 0 0 0 0 0 0 0 0 
0 2 1 0 1 0 2 0 0 0 0 0 0 0 0 0 2 0 0 0 0 0 1 0 0 0 0 0 0 0 0 0 1 0 0 0 0 0 0 0 1 0 0 0 0 0 0 0 2 0 0 0 1 0 1 0 0 0 2 0 0 0 0 0 0 0 0 0 2 0 0 0 0 0 0 0 0 0 0 0 0 
0 2 1 0 1 0 2 0 0 0 0 0 0 0 0 0 2 0 0 0 0 0 1 0 0 0 0 0 0 0 0 0 1 0 0 0 0 0 0 0 1 0 0 0 0 0 0 0 2 0 0 0 1 0 1 0 0 0 2 0 0 0 0 0 0 0 0 0 2 0 0 0 0 0 0 0 0 0 0 0 0 
1
0 0 0 0 0 0 0 0 0 
0 2 1 0 1 0 2 0 0 0 0 0 0 2 0 0 2 0 0 0 0 0 1 0 0 0 0 0 0 0 0 0 1 0 0 0 0 0 0 0 1 0 0 0 0 0 0 0 2 0 0 0 1 0 1 0 0 0 2 0 0 0 0 0 0 0 0 0 2 0 0 0 0 0 0 0 0 0 0 0 0 
0 2 1 0 1 0 2 0 0 0 0 0 0 2 0 0 2 0 0 0 0 0 1 0 0 0 0 0 0 0 0 0 1 0 0 0 0 0 0 0 1 0 0 0 0 0 0 0 2 0 0 0 1 0 1 0 0 0 2 0 0 0 0 0 0 0 0 0 2 0 0 0 0 0 0 0 0 0 0 0 0 
1
0 0 0 0 0 0 0 0 0 
0 2 1 0 1 0 2 0 0 0 0 0 0 2 0 0 2 0 0 0 0 0 1 0 0 0 0 0 0 0 0 0 1 0 0 0 0 0 0 1 1 0 0 0 0 0 0 0 2 0 0 0 1 0 1 0 0 0 2 0 0 0 0 0 0 0 0 0 2 0 0 0 0 0 0 0 0 0 0 0 0 
0 2 1 0 1 0 2 0 0 0 0 0 0 2 0 0 2 0 0 0 0 0 1 0 0 0 0 0 0 0 0 0 1 0 0 0 0 0 0 1 1 0 0 0 0 0 0 0 2 0 0 0 1 0 1 0 0 0 2 0 0 0 0 0 0 0 0 0 2 0 0 0 0 0 0 0 0 0 0 0 0 
1
0 0 0 0 0 0 0 0 0 
0 2 1 0 1 0 2 0 0 0 0 0 0 2 0 0 2 0 0 0 0 0 1 0 0 0 0 0 0 0 0 0 1 0 0 0 0 2 0 1 1 0 0 0 0 0 0 0 2 0 0 0 1 0 1 0 0 0 2 0 0 0 0 0 0 0 0 0 2 0 0 0 0 0 0 0 0 0 0 0 0 
0 2 1 0 1 0 2 0 0 0 0 0 0 2 0 0 2 0 0 0 0 0 1 0 0 0 0 0 0 0 0 0 1 0 0 0 0 2 0 1 1 0 0 0 0 0 0 0 2 0 0 0 1 0 1 0 0 0 2 0 0 0 0 0 0 0 0 0 2 0 0 0 0 0 0 0 0 0 0 0 0 
1
0 0 0 0 1 0 0 0 0 
0 2 1 0 1 0 2 0 0 0 0 0 0 2 0 0 2 0 0 0 0 0 1 0 0 0 0 0 0 0 0 0 1 0 0 0 0 2 0 1 1 1 0 0 0 0 0 0 2 0 0 0 1 0 1 0 0 0 2 0 0 0 0 0 0 0 0 0 2 0 0 0 0 0 0 0 0 0 0 0 0 
0 2 1 0 1 0 2 0 0 0 0 0 0 2 0 0 2 0 0 0 0 0 1 0 0 0 0 0 0 0 16 16 17 0 0 0 0 2 0 17 17 17 0 0 0 0 0 0 18 16 16 0 1 0 1 0 0 0 2 0 0 0 0 0 0 0 0 0 2 0 0 0 0 0 0 0 0 0 0 0 0 
1
0 0 0 0 1 0 0 0 0 
0 2 1 0 1 0 2 0 0 0 0 0 0 2 0 0 2 0 0 0 0 0 1 0 0 0 0 0 0 0 0 0 1 0 0 0 0 2 0 1 1 1 0 0 0 0 0 0 2 0 0 2 1 0 1 0 0 0 2 0 0 0 0 0 0 0 0 0 2 0 0 0 0 0 0 0 0 0 0 0 0 
0 2 1 0 1 0 2 0 0 0 0 0 0 2 0 0 2 0 0 0 0 0 1 0 0 0 0 0 0 0 16 16 17 0 0 0 0 2 0 17 17 17 0 0 0 0 0 0 18 16 16 2 1 0 1 0 0 0 2 0 0 0 0 0 0 0 0 0 2 0 0 0 0 0 0 0 0 0 0 0 0 
1
0 0 0 0 1 0 0 0 0 
0 2 1 0 1 0 2 0 0 0 0 0 0 2 0 0 2 0 0 0 0 0 1 0 0 0 0 0 0 0 0 0 1 0 0 0 0 2 0 1 1 1 0 0 0 0 0 0 2 0 0 2 1 0 1 0 0 0 2 0 0 0 0 0 0 0 0 0 2 0 0 0 1 0 0 0 0 0 0 0 0 
0 2 1 0 1 0 2 0 0 0 0 0 0 2 0 0 2 0 0 0 0 0 1 0 0 0 0 0 0 0 16 16 17 0 0 0 0 2 0 17 17 17 0 0 0 0 0 0 18 16 16 2 1 0 1 0 0 0 2 0 0 0 0 0 0 0 0 0 2 0 0 0 1 0 0 0 0 0 0 0 0 
1
0 0 0 0 1 0 0 0 0 
0 2 1 0 1 0 2 0 0 0 0 0 0 2 0 0 2 0 0 0 0 0 1 0 0 0 0 0 0 0 0 0 1 0 0 0 0 2 0 1 1 1 0 0 0 0 0 0 2 0 0 2 1 0 1 0 0 0 2 0 0 0 0 0 0 2 0 0 2 0 0 0 1 0 0 0 0 0 0 0 0 
0 2 1 0 1 0 2 0 0 0 0 0 0 2 0 0 2 0 0 0 0 0 1 0 0 0 0 0 0 0 16 16 17 0 0 0 0 2 0 17 17 17 0 0 0 0 0 0 18 16 16 2 1 0 1 0 0 0 2 0 0 0 0 0 0 2 0 0 2 0 0 0 1 0 0 0 0 0 0 0 0 
1
0 0 0 0 1 0 0 0 0 
0 2 1 0 1 0 2 0 0 0 0 0 0 2 0 0 2 0 0 0 0 0 1 0 0 0 0 0 0 0 0 0 1 0 0 0 0 2 0 1 1 1 0 1 0 0 0 0 2 0 0 2 1 0 1 0 0 0 2 0 0 0 0 0 0 2 0 0 2 0 0 0 1 0 0 0 0 0 0 0 0 
0 2 1 0 1 0 2 0 0 0 0 0 0 2 0 0 2 0 0 0 0 0 1 0 0 0 0 0 0 0 16 16 17 0 0 0 0 2 0 17 17 17 0 1 0 0 0 0 18 16 16 2 1 0 1 0 0 0 2 0 0 0 0 0 0 2 0 0 2 0 0 0 1 0 0 0 0 0 0 0 0 
1
0 0 0 0 1 0 0 0 0 
0 2 1 0 1 0 2 0 0 0 0 0 0 2 0 0 2 0 2 0 0 0 1 0 0 0 0 0 0 0 0 0 1 0 0 0 0 2 0 1 1 1 0 1 0 0 0 0 2 0 0 2 1 0 1 0 0 0 2 0 0 0 0 0 0 2 0 0 2 0 0 0 1 0 0 0 0 0 0 0 0 
0 2 1 0 1 0 2 0 0 0 0 0 0 2 0 0 2 0 2 0 0 0 1 0 0 0 0 0 0 0 16 16 17 0 0 0 0 2 0 17 17 17 0 1 0 0 0 0 18 16 16 2 1 0 1 0 0 0 2 0 0 0 0 0 0 2 0 0 2 0 0 0 1 0 0 0 0 0 0 0 0 
1
0 0 0 0 1 0 1 0 0 
0 2 1 0 1 0 2 0 0 0 0 0 0 2 0 0 2 0 2 0 0 0 1 0 0 0 0 0 0 0 0 0 1 0 0 0 0 2 0 1 1 1 0 1 0 0 0 0 2 0 0 2 1 0 1 0 0 0 2 0 0 0 0 1 0 2 0 0 2 0 0 0 1 0 0 0 0 0 0 0 0 
0 2 1 0 1 0 2 0 0 0 0 0 0 2 0 0 2 0 2 0 0 0 1 0 0 0 0 0 0 0 16 16 17 0 0 0 0 2 0 17 17 17 0 1 0 0 0 0 18 16 16 2 1 0 17 16 16 0 2 0 0 0 0 17 16 18 0 0 2 0 0 0 17 16 16 0 0 0 0 0 0 
1
0 0 0 0 1 0 1 0 0 
0 2 1 0 1 0 2 0 0 0 0 0 0 2 0 0 2 0 2 0 0 0 1 0 0 0 0 0 0 0 0 0 1 0 0 0 0 2 2 1 1 1 0 1 0 0 0 0 2 0 0 2 1 0 1 0 0 0 2 0 0 0 0 1 0 2 0 0 2 0 0 0 1 0 0 0 0 0 0 0 0 
0 2 1 0 1 0 2 0 0 0 0 0 0 2 0 0 2 0 2 0 0 0 1 0 0 0 0 0 0 0 16 16 17 0 0 0 0 2 2 17 17 17 0 1 0 0 0 0 18 16 16 2 1 0 17 16 16 0 2 0 0 0 0 17 16 18 0 0 2 0 0 0 17 16 16 0 0 0 0 0 0 
1
0 0 0 0 1 1 1 0 0 
0 2 1 0 1 0 2 0 0 0 0 0 0 2 0 0 2 0 2 0 0 0 1 0 0 0 0 0 0 0 0 0 1 0 1 0 0 2 2 1 1 1 0 1 0 0 0 0 2 0 0 2 1 0 1 0 0 0 2 0 0 0 0 1 0 2 0 0 2 0 0 0 1 0 0 0 0 0 0 0 0 
0 2 1 0 1 0 2 0 0 0 0 0 0 2 0 0 2 0 2 0 0 0 1 0 0 0 0 0 0 0 16 16 17 16 17 16 0 2 2 17 17 17 16 17 16 0 0 0 18 16 16 18 17 16 17 16 16 0 2 0 0 0 0 17 16 18 0 0 2 0 0 0 17 16 16 0 0 0 0 0 0 
1
0 0 0 0 1 1 1 0 0 
0 2 1 0 1 0 2 0 0 0 0 0 2 2 0 0 2 0 2 0 0 0 1 0 0 0 0 0 0 0 0 0 1 0 1 0 0 2 2 1 1 1 0 1 0 0 0 0 2 0 0 2 1 0 1 0 0 0 2 0 0 0 0 1 0 2 0 0 2 0 0 0 1 0 0 0 0 0 0 0 0 
0 2 1 0 1 0 2 0 0 0 0 0 2 2 0 0 2 0 2 0 0 0 1 0 0 0 0 0 0 0 16 16 17 16 17 16 0 2 2 17 17 17 16 17 16 0 0 0 18 16 16 18 17 16 17 16 16 0 2 0 0 0 0 17 16 18 0 0 2 0 0 0 17 16 16 0 0 0 0 0 0 
1
0 0 0 0 1 1 1 0 0 
0 2 1 0 1 0 2 0 0 0 0 0 2 2 0 0 2 0 2 0 0 0 1 0 0 0 0 0 0 0 0 0 1 0 1 0 1 2 2 1 1 1 0 1 0 0 0 0 2 0 0 2 1 0 1 0 0 0 2 0 0 0 0 1 0 2 0 0 2 0 0 0 1 0 0 0 0 0 0 0 0 
0 2 1 0 1 0 2 0 0 0 0 0 2 2 0 0 2 0 2 0 0 0 1 0 0 0 0 0 0 0 16 16 17 16 17 16 1 2 2 17 17 17 16 17 16 0 0 0 18 16 16 18 17 16 17 16 16 0 2 0 0 0 0 17 16 18 0 0 2 0 0 0 17 16 16 0 0 0 0 0 0 
1
0 0 0 0 1 1 1 0 0 
0 2 1 0 1 0 2 0 0 0 0 0 2 2 0 0 2 0 2 0 0 0 1 0 0 0 0 0 2 0 0 0 1 0 1 0 1 2 2 1 1 1 0 1 0 0 0 0 2 0 0 2 1 0 1 0 0 0 2 0 0 0 0 1 0 2 0 0 2 0 0 0 1 0 0 0 0 0 0 0 0 
0 2 1 0 1 0 2 0 0 0 0 0 2 2 0 0 2 0 2 0 0 0 1 0 0 0 0 0 2 0 16 16 17 16 17 16 1 2 2 17 17 17 16 17 16 0 0 0 18 16 16 18 17 16 17 16 16 0 2 0 0 0 0 17 16 18 0 0 2 0 0 0 17 16 16 0 0 0 0 0 0 
1
0 0 0 0 1 1 1 0 0 
0 2 1 0 1 0 2 0 0 0 0 0 2 2 0 0 2 0 2 0 0 0 1 1 0 0 0 0 2 0 0 0 1 0 1 0 1 2 2 1 1 1 0 1 0 0 0 0 2 0 0 2 1 0 1 0 0 0 2 0 0 0 0 1 0 2 0 0 2 0 0 0 1 0 0 0 0 0 0 0 0 
0 2 1 0 1 0 2 0 0 0 0 0 2 2 0 0 2 0 2 0 0 0 1 1 0 0 0 0 2 0 16 16 17 16 17 16 1 2 2 17 17 17 16 17 16 0 0 0 18 16 16 18 17 16 17 16 16 0 2 0 0 0 0 17 16 18 0 0 2 0 0 0 17 16 16 0 0 0 0 0 0 
1
0 0 0 0 1 1 1 0 0 
0 2 1 0 1 0 2 0 0 0 0 0 2 2 0 0 2 0 2 0 0 0 1 1 0 0 0 0 2 0 0 0 1 0 1 0 1 2 2 1 1 1 0 1 0 0 0 0 2 0 0 2 1 0 1 0 0 0 2 0 0 2 0 1 0 2 0 0 2 0 0 0 1 0 0 0 0 0 0 0 0 
0 2 1 0 1 0 2 0 0 0 0 0 2 2 0 0 2 0 2 0 0 0 1 1 0 0 0 0 2 0 16 16 17 16 17 16 1 2 2 17 17 17 16 17 16 0 0 0 18 16 16 18 17 16 17 16 16 0 2 0 0 2 0 17 16 18 0 0 2 0 0 0 17 16 16 0 0 0 0 0 0 
1
0 1 0 0 1 1 1 0 0 
0 2 1 0 1 0 2 0 0 0 0 0 2 2 0 0 2 0 2 0 0 1 1 1 0 0 0 0 2 0 0 0 1 0 1 0 1 2 2 1 1 1 0 1 0 0 0 0 2 0 0 2 1 0 1 0 0 0 2 0 0 2 0 1 0 2 0 0 2 0 0 0 1 0 0 0 0 0 0 0 0 
0 2 1 16 17 16 2 0 0 0 0 0 18 18 16 0 2 0 2 0 0 17 17 17 0 0 0 0 2 0 16 16 17 16 17 16 1 2 2 17 17 17 16 17 16 0 0 0 18 16 16 18 17 16 17 16 16 0 2 0 0 2 0 17 16 18 0 0 2 0 0 0 17 16 16 0 0 0 0 0 0 
1
0 1 0 0 1 1 1 0 0 
0 2 1 0 1 0 2 0 0 0 0 0 2 2 0 0 2 0 2 0 0 1 1 1 0 0 0 0 2 0 0 0 1 0 1 0 1 2 2 1 1 1 0 1 0 0 0 2 2 0 0 2 1 0 1 0 0 0 2 0 0 2 0 1 0 2 0 0 2 0 0 0 1 0 0 0 0 0 0 0 0 
0 2 1 16 17 16 2 0 0 0 0 0 18 18 16 0 2 0 2 0 0 17 17 17 0 0 0 0 2 0 16 16 17 16 17 16 1 2 2 17 17 17 16 17 16 0 0 2 18 16 16 18 17 16 17 16 16 0 2 0 0 2 0 17 16 18 0 0 2 0 0 0 17 16 16 0 0 0 0 0 0 
1
0 1 0 0 1 1 1 0 0 
0 2 1 0 1 0 2 0 0 0 0 0 2 2 0 0 2 0 2 0 0 1 1 1 0 0 0 0 2 0 0 0 1 0 1 0 1 2 2 1 1 1 0 1 0 0 0 2 2 0 0 2 1 0 1 0 0 0 2 0 0 2 0 1 0 2 0 0 2 0 0 0 1 0 0 0 0 0 0 0 1 
0 2 1 16 17 16 2 0 0 0 0 0 18 18 16 0 2 0 2 0 0 17 17 17 0 0 0 0 2 0 16 16 17 16 17 16 1 2 2 17 17 17 16 17 16 0 0 2 18 16 16 18 17 16 17 16 16 0 2 0 0 2 0 17 16 18 0 0 2 0 0 0 17 16 16 0 0 0 0 0 1 
1
0 1 0 0 1 1 1 0 0 
0 2 1 0 1 0 2 0 0 0 0 0 2 2 0 0 2 0 2 0 0 1 1 1 0 0 0 0 2 0 0 0 1 0 1 0 1 2 2 1 1 1 0 1 0 0 0 2 2 0 0 2 1 0 1 0 0 0 2 0 2 2 0 1 0 2 0 0 2 0 0 0 1 0 0 0 0 0 0 0 1 
0 2 1 16 17 16 2 0 0 0 0 0 18 18 16 0 2 0 2 0 0 17 17 17 0 0 0 0 2 0 16 16 17 16 17 16 1 2 2 17 17 17 16 17 16 0 0 2 18 16 16 18 17 16 17 16 16 0 2 0 2 2 0 17 16 18 0 0 2 0 0 0 17 16 16 0 0 0 0 0 1 
1
0 1 0 0 1 1 1 0 0 
0 2 1 0 1 0 2 0 0 0 0 0 2 2 0 0 2 0 2 0 1 1 1 1 0 0 0 0 2 0 0 0 1 0 1 0 1 2 2 1 1 1 0 1 0 0 0 2 2 0 0 2 1 0 1 0 0 0 2 0 2 2 0 1 0 2 0 0 2 0 0 0 1 0 0 0 0 0 0 0 1 
0 2 1 16 17 16 2 0 0 0 0 0 18 18 16 0 2 0 2 0 1 17 17 17 0 0 0 0 2 0 16 16 17 16 17 16 1 2 2 17 17 17 16 17 16 0 0 2 18 16 16 18 17 16 17 16 16 0 2 0 2 2 0 17 16 18 0 0 2 0 0 0 17 16 16 0 0 0 0 0 1 
1
0 1 0 0 1 1 1 0 2 
0 2 1 0 1 0 2 0 0 0 0 0 2 2 0 0 2 0 2 0 1 1 1 1 0 0 0 0 2 0 0 0 1 0 1 0 1 2 2 1 1 1 0 1 0 0 0 2 2 0 0 2 1 0 1 0 0 0 2 0 2 2 2 1 0 2 0 0 2 0 0 0 1 0 0 0 0 0 0 0 1 
0 2 1 16 17 16 2 0 0 0 0 0 18 18 16 0 2 0 2 0 1 17 17 17 0 0 0 0 2 0 16 16 17 16 17 16 1 2 2 17 17 17 16 17 16 0 0 2 18 16 16 18 17 16 17 16 16 0 2 0 34 34 34 17 16 18 0 0 2 32 32 32 17 16 16 0 0 0 32 32 33 
1
0 1 0 0 1 1 1 0 2 
0 2 1 0 1 0 2 0 0 0 0 0 2 2 0 0 2 0 2 0 1 1 1 1 0 0 1 0 2 0 0 0 1 0 1 0 1 2 2 1 1 1 0 1 0 0 0 2 2 0 0 2 1 0 1 0 0 0 2 0 2 2 2 1 0 2 0 0 2 0 0 0 1 0 0 0 0 0 0 0 1 
0 2 1 16 17 16 2 0 0 0 0 0 18 18 16 0 2 0 2 0 1 17 17 17 0 0 1 0 2 0 16 16 17 16 17 16 1 2 2 17 17 17 16 17 16 0 0 2 18 16 16 18 17 16 17 16 16 0 2 0 34 34 34 17 16 18 0 0 2 32 32 32 17 16 16 0 0 0 32 32 33 
1
0 1 0 0 1 1 1 0 2 
0 2 1 0 1 0 2 0 0 0 0 0 2 2 0 0 2 0 2 0 1 1 1 1 2 0 1 0 2 0 0 0 1 0 1 0 1 2 2 1 1 1 0 1 0 0 0 2 2 0 0 2 1 0 1 0 0 0 2 0 2 2 2 1 0 2 0 0 2 0 0 0 1 0 0 0 0 0 0 0 1 
0 2 1 16 17 16 2 0 0 0 0 0 18 18 16 0 2 0 2 0 1 17 17 17 2 0 1 0 2 0 16 16 17 16 17 16 1 2 2 17 17 17 16 17 16 0 0 2 18 16 16 18 17 16 17 16 16 0 2 0 34 34 34 17 16 18 0 0 2 32 32 32 17 16 16 0 0 0 32 32 33 
1
0 1 0 0 1 1 1 0 2 
0 2 1 0 1 0 2 0 0 0 0 0 2 2 0 0 2 0 2 0 1 1 1 1 2 0 1 1 2 0 0 0 1 0 1 0 1 2 2 1 1 1 0 1 0 0 0 2 2 0 0 2 1 0 1 0 0 0 2 0 2 2 2 1 0 2 0 0 2 0 0 0 1 0 0 0 0 0 0 0 1 
0 2 1 16 17 16 2 0 0 0 0 0 18 18 16 0 2 0 2 0 1 17 17 17 2 0 1 1 2 0 16 16 17 16 17 16 1 2 2 17 17 17 16 17 16 0 0 2 18 16 16 18 17 16 17 16 16 0 2 0 34 34 34 17 16 18 0 0 2 32 32 32 17 16 16 0 0 0 32 32 33 
1
0 1 0 0 1 1 1 0 2 
2 2 1 0 1 0 2 0 0 0 0 0 2 2 0 0 2 0 2 0 1 1 1 1 2 0 1 1 2 0 0 0 1 0 1 0 1 2 2 1 1 1 0 1 0 0 0 2 2 0 0 2 1 0 1 0 0 0 2 0 2 2 2 1 0 2 0 0 2 0 0 0 1 0 0 0 0 0 0 0 1 
2 2 1 16 17 16 2 0 0 0 0 0 18 18 16 0 2 0 2 0 1 17 17 17 2 0 1 1 2 0 16 16 17 16 17 16 1 2 2 17 17 17 16 17 16 0 0 2 18 16 16 18 17 16 17 16 16 0 2 0 34 34 34 17 16 18 0 0 2 32 32 32 17 16 16 0 0 0 32 32 33 
1
0 1 0 0 1 1 1 0 2 
2 2 1 0 1 0 2 0 0 0 1 0 2 2 0 0 2 0 2 0 1 1 1 1 2 0 1 1 2 0 0 0 1 0 1 0 1 2 2 1 1 1 0 1 0 0 0 2 2 0 0 2 1 0 1 0 0 0 2 0 2 2 2 1 0 2 0 0 2 0 0 0 1 0 0 0 0 0 0 0 1 
2 2 1 16 17 16 2 0 0 0 1 0 18 18 16 0 2 0 2 0 1 17 17 17 2 0 1 1 2 0 16 16 17 16 17 16 1 2 2 17 17 17 16 17 16 0 0 2 18 16 16 18 17 16 17 16 16 0 2 0 34 34 34 17 16 18 0 0 2 32 32 32 17 16 16 0 0 0 32 32 33 
1
0 1 0 2 1 1 1 0 2 
2 2 1 0 1 0 2 0 0 0 1 0 2 2 0 0 2 0 2 0 1 1 1 1 2 0 1 1 2 2 0 0 1 0 1 0 1 2 2 1 1 1 0 1 0 0 0 2 2 0 0 2 1 0 1 0 0 0 2 0 2 2 2 1 0 2 0 0 2 0 0 0 1 0 0 0 0 0 0 0 1 
2 2 1 16 17 16 2 0 0 0 1 0 18 18 16 0 2 0 2 0 1 17 17 17 2 0 1 33 34 34 16 16 17 16 17 16 33 34 34 17 17 17 16 17 16 32 32 34 18 16 16 18 17 16 17 16 16 0 2 0 34 34 34 17 16 18 0 0 2 32 32 32 17 16 16 0 0 0 32 32 33 
1
0 1 0 2 1 1 1 0 2 
2 2 1 0 1 0 2 0 1 0 1 0 2 2 0 0 2 0 2 0 1 1 1 1 2 0 1 1 2 2 0 0 1 0 1 0 1 2 2 1 1 1 0 1 0 0 0 2 2 0 0 2 1 0 1 0 0 0 2 0 2 2 2 1 0 2 0 0 2 0 0 0 1 0 0 0 0 0 0 0 1 
2 2 1 16 17 16 2 0 1 0 1 0 18 18 16 0 2 0 2 0 1 17 17 17 2 0 1 33 34 34 16 16 17 16 17 16 33 34 34 17 17 17 16 17 16 32 32 34 18 16 16 18 17 16 17 16 16 0 2 0 34 34 34 17 16 18 0 0 2 32 32 32 17 16 16 0 0 0 32 32 33 
1
0 1 0 2 1 1 1 0 2 
2 2 1 0 1 0 2 0 1 0 1 0 2 2 0 0 2 2 2 0 1 1 1 1 2 0 1 1 2 2 0 0 1 0 1 0 1 2 2 1 1 1 0 1 0 0 0 2 2 0 0 2 1 0 1 0 0 0 2 0 2 2 2 1 0 2 0 0 2 0 0 0 1 0 0 0 0 0 0 0 1 
2 2 1 16 17 16 2 0 1 0 1 0 18 18 16 0 2 2 2 0 1 17 17 17 2 0 1 33 34 34 16 16 17 16 17 16 33 34 34 17 17 17 16 17 16 32 32 34 18 16 16 18 17 16 17 16 16 0 2 0 34 34 34 17 16 18 0 0 2 32 32 32 17 16 16 0 0 0 32 32 33 
1
0 1 0 2 1 1 1 0 2 
2 2 1 0 1 0 2 0 1 0 1 0 2 2 0 0 2 2 2 0 1 1 1 1 2 0 1 1 2 2 0 0 1 0 1 0 1 2 2 1 1 1 0 1 0 0 0 2 2 0 0 2 1 0 1 0 0 1 2 0 2 2 2 1 0 2 0 0 2 0 0 0 1 0 0 0 0 0 0 0 1 
2 2 1 16 17 16 2 0 1 0 1 0 18 18 16 0 2 2 2 0 1 17 17 17 2 0 1 33 34 34 16 16 17 16 17 16 33 34 34 17 17 17 16 17 16 32 32 34 18 16 16 18 17 16 17 16 16 1 2 0 34 34 34 17 16 18 0 0 2 32 32 32 17 16 16 0 0 0 32 32 33 
1
0 1 0 2 1 1 1 0 2 
2 2 1 0 1 0 2 0 1 0 1 0 2 2 0 0 2 2 2 2 1 1 1 1 2 0 1 1 2 2 0 0 1 0 1 0 1 2 2 1 1 1 0 1 0 0 0 2 2 0 0 2 1 0 1 0 0 1 2 0 2 2 2 1 0 2 0 0 2 0 0 0 1 0 0 0 0 0 0 0 1 
2 2 1 16 17 16 2 0 1 0 1 0 18 18 16 0 2 2 2 2 1 17 17 17 2 0 1 33 34 34 16 16 17 16 17 16 33 34 34 17 17 17 16 17 16 32 32 34 18 16 16 18 17 16 17 16 16 1 2 0 34 34 34 17 16 18 0 0 2 32 32 32 17 16 16 0 0 0 32 32 33 
1
0 1 0 2 1 1 1 0 2 
2 2 1 0 1 0 2 0 1 0 1 0 2 2 0 0 2 2 2 2 1 1 1 1 2 0 1 1 2 2 0 0 1 0 1 0 1 2 2 1 1 1 0 1 0 0 0 2 2 0 0 2 1 0 1 0 0 1 2 1 2 2 2 1 0 2 0 0 2 0 0 0 1 0 0 0 0 0 0 0 1 
2 2 1 16 17 16 2 0 1 0 1 0 18 18 16 0 2 2 2 2 1 17 17 17 2 0 1 33 34 34 16 16 17 16 17 16 33 34 34 17 17 17 16 17 16 32 32 34 18 16 16 18 17 16 17 16 16 1 2 1 34 34 34 17 16 18 0 0 2 32 32 32 17 16 16 0 0 0 32 32 33 
1
0 1 0 2 1 1 1 0 2 
2 2 1 0 1 0 2 0 1 0 1 0 2 2 0 0 2 2 2 2 1 1 1 1 2 2 1 1 2 2 0 0 1 0 1 0 1 2 2 1 1 1 0 1 0 0 0 2 2 0 0 2 1 0 1 0 0 1 2 1 2 2 2 1 0 2 0 0 2 0 0 0 1 0 0 0 0 0 0 0 1 
2 2 1 16 17 16 2 0 1 0 1 0 18 18 16 0 2 2 2 2 1 17 17 17 2 2 1 33 34 34 16 16 17 16 17 16 33 34 34 17 17 17 16 17 16 32 32 34 18 16 16 18 17 16 17 16 16 1 2 1 34 34 34 17 16 18 0 0 2 32 32 32 17 16 16 0 0 0 32 32 33 
1
0 1 0 2 1 1 1 0 2 
2 2 1 0 1 0 2 0 1 0 1 0 2 2 0 0 2 2 2 2 1 1 1 1 2 2 1 1 2 2 0 0 1 0 1 0 1 2 2 1 1 1 0 1 0 0 0 2 2 0 0 2 1 0 1 0 0 1 2 1 2 2 2 1 0 2 0 1 2 0 0 0 1 0 0 0 0 0 0 0 1 
2 2 1 16 17 16 2 0 1 0 1 0 18 18 16 0 2 2 2 2 1 17 17 17 2 2 1 33 34 34 16 16 17 16 17 16 33 34 34 17 17 17 16 17 16 32 32 34 18 16 16 18 17 16 17 16 16 1 2 1 34 34 34 17 16 18 0 1 2 32 32 32 17 16 16 0 0 0 32 32 33 
1
0 1 0 2 1 1 1 0 2 
2 2 1 0 1 0 2 0 1 0 1 0 2 2 0 0 2 2 2 2 1 1 1 1 2 2 1 1 2 2 0 0 1 0 1 0 1 2 2 1 1 1 0 1 0 0 0 2 2 0 0 2 1 0 1 0 0 1 2 1 2 2 2 1 0 2 0 1 2 0 0 0 1 0 0 0 0 2 0 0 1 
2 2 1 16 17 16 2 0 1 0 1 0 18 18 16 0 2 2 2 2 1 17 17 17 2 2 1 33 34 34 16 16 17 16 17 16 33 34 34 17 17 17 16 17 16 32 32 34 18 16 16 18 17 16 17 16 16 1 2 1 34 34 34 17 16 18 0 1 2 32 32 32 17 16 16 0 0 2 32 32 33 
1
0 1 0 2 1 1 1 1 2 
2 2 1 0 1 0 2 0 1 0 1 0 2 2 0 0 2 2 2 2 1 1 1 1 2 2 1 1 2 2 0 0 1 0 1 0 1 2 2 1 1 1 0 1 0 0 0 2 2 0 0 2 1 0 1 0 0 1 2 1 2 2 2 1 0 2 0 1 2 0 0 0 1 0 0 1 0 2 0 0 1 
2 2 1 16 17 16 2 0 1 0 1 0 18 18 16 0 2 2 2 2 1 17 17 17 2 2 1 33 34 34 16 16 17 16 17 16 33 34 34 17 17 17 16 17 16 32 32 34 18 16 16 18 17 16 17 16 16 17 18 17 34 34 34 17 16 18 16 17 18 32 32 32 17 16 16 17 16 18 32 32 33 
1
0 1 0 2 1 1 1 1 2 
2 2 1 0 1 0 2 0 1 0 1 0 2 2 0 0 2 2 2 2 1 1 1 1 2 2 1 1 2 2 0 0 1 0 1 0 1 2 2 1 1 1 0 1 0 0 0 2 2 0 0 2 1 0 1 0 0 1 2 1 2 2 2 1 0 2 0 1 2 0 0 0 1 0 0 1 0 2 0 0 1 
2 2 1 16 17 16 2 0 1 0 1 0 18 18 16 0 2 2 2 2 1 17 17 17 2 2 1 33 34 34 16 16 17 16 17 16 33 34 34 17 17 17 16 17 16 32 32 34 18 16 16 18 17 16 17 16 16 17 18 17 34 34 34 17 16 18 16 17 18 32 32 32 17 16 16 17 16 18 32 32 33 
1
