0 0 0 0 0 0 0 0 0 
0 0 0 0 0 0 0 0 0 0 0 0 0 0 0 0 0 0 0 0 0 0 0 0 0 0 0 0 0 0 0 0 0 0 0 0 0 0 0 0 0 0 0 0 0 0 0 0 0 0 0 0 0 0 0 0 0 0 0 0 0 0 1 0 0 0 0 0 0 0 0 0 0 0 0 0 0 0 0 0 0 
0 0 0 0 0 0 0 0 0 0 0 0 0 0 0 0 0 0 0 0 0 0 0 0 0 0 0 0 0 0 0 0 0 0 0 0 0 0 0 0 0 0 0 0 0 0 0 0 0 0 0 0 0 0 0 0 0 0 0 0 0 0 1 0 0 0 0 0 0 0 0 0 0 0 0 0 0 0 0 0 0 
1
0 0 0 0 0 0 0 0 0 
0 0 0 0 0 0 0 0 0 0 0 0 0 0 0 0 0 0 0 0 0 0 0 0 0 0 2 0 0 0 0 0 0 0 0 0 0 0 0 0 0 0 0 0 0 0 0 0 0 0 0 0 0 0 0 0 0 0 0 0 0 0 1 0 0 0 0 0 0 0 0 0 0 0 0 0 0 0 0 0 0 
0 0 0 0 0 0 0 0 0 0 0 0 0 0 0 0 0 0 0 0 0 0 0 0 0 0 2 0 0 0 0 0 0 0 0 0 0 0 0 0 0 0 0 0 0 0 0 0 0 0 0 0 0 0 0 0 0 0 0 0 0 0 1 0 0 0 0 0 0 0 0 0 0 0 0 0 0 0 0 0 0 
1
0 0 0 0 0 0 0 0 0 
0 0 0 0 0 0 0 0 0 0 0 0 0 0 0 0 0 0 0 0 0 0 0 0 0 0 2 0 0 0 0 0 0 0 0 0 0 0 0 0 0 0 0 0 0 0 0 0 0 0 0 0 0 0 0 0 0 0 0 0 0 0 1 0 0 0 0 0 0 0 1 0 0 0 0 0 0 0 0 0 0 
0 0 0 0 0 0 0 0 0 0 0 0 0 0 0 0 0 0 0 0 0 0 0 0 0 0 2 0 0 0 0 0 0 0 0 0 0 0 0 0 0 0 0 0 0 0 0 0 0 0 0 0 0 0 0 0 0 0 0 0 0 0 1 0 0 0 0 0 0 0 1 0 0 0 0 0 0 0 0 0 0 
1
0 0 0 0 0 0 0 0 0 
0 0 0 0 0 0 0 0 0 0 0 0 0 0 0 0 0 0 0 0 0 0 0 0 0 0 2 0 0 0 0 0 0 0 0 0 0 0 0 0 0 0 0 0 0 0 0 0 0 2 0 0 0 0 0 0 0 0 0 0 0 0 1 0 0 0 0 0 0 0 1 0 0 0 0 0 0 0 0 0 0 
0 0 0 0 0 0 0 0 0 0 0 0 0 0 0 0 0 0 0 0 0 0 0 0 0 0 2 0 0 0 0 0 0 0 0 0 0 0 0 0 0 0 0 0 0 0 0 0 0 2 0 0 0 0 0 0 0 0 0 0 0 0 1 0 0 0 0 0 0 0 1 0 0 0 0 0 0 0 0 0 0 
1
0 0 0 0 0 0 0 0 0 
0 0 0 0 0 0 0 0 0 0 0 0 0 0 0 0 0 0 0 0 0 0 0 0 0 0 2 0 0 0 0 0 0 0 0 0 0 0 0 0 0 0 0 0 0 0 0 0 0 2 0 0 0 0 0 0 0 0 0 0 0 0 1 0 0 0 1 0 0 0 1 0 0 0 0 0 0 0 0 0 0 
0 0 0 0 0 0 0 0 0 0 0 0 0 0 0 0 0 0 0 0 0 0 0 0 0 0 2 0 0 0 0 0 0 0 0 0 0 0 0 0 0 0 0 0 0 0 0 0 0 2 0 0 0 0 0 0 0 0 0 0 0 0 1 0 0 0 1 0 0 0 1 0 0 0 0 0 0 0 0 0 0 
1
0 0 0 0 0 0 0 0 0 
0 0 0 0 0 0 0 0 0 0 0 0 0 0 0 0 0 0 0 0 0 0 0 0 0 0 2 0 0 0 0 0 0 0 0 0 2 0 0 0 0 0 0 0 0 0 0 0 0 2 0 0 0 0 0 0 0 0 0 0 0 0 1 0 0 0 1 0 0 0 1 0 0 0 0 0 0 0 0 0 0 
0 0 0 0 0 0 0 0 0 0 0 0 0 0 0 0 0 0 0 0 0 0 0 0 0 0 2 0 0 0 0 0 0 0 0 0 2 0 0 0 0 0 0 0 0 0 0 0 0 2 0 0 0 0 0 0 0 0 0 0 0 0 1 0 0 0 1 0 0 0 1 0 0 0 0 0 0 0 0 0 0 
1
0 0 0 0 0 0 0 0 0 
0 0 0 0 0 0 0 0 0 0 0 0 0 0 0 0 0 0 0 0 0 0 0 0 0 0 2 0 0 0 0 0 0 0 0 0 2 0 0 0 0 0 0 0 0 0 1 0 0 2 0 0 0 0 0 0 0 0 0 0 0 0 1 0 0 0 1 0 0 0 1 0 0 0 0 0 0 0 0 0 0 
0 0 0 0 0 0 0 0 0 0 0 0 0 0 0 0 0 0 0 0 0 0 0 0 0 0 2 0 0 0 0 0 0 0 0 0 2 0 0 0 0 0 0 0 0 0 1 0 0 2 0 0 0 0 0 0 0 0 0 0 0 0 1 0 0 0 1 0 0 0 1 0 0 0 0 0 0 0 0 0 0 
1
0 0 0 0 0 0 0 0 0 
0 0 0 0 0 0 0 0 0 0 0 0 0 0 0 0 0 0 0 0 0 0 0 0 0 0 2 0 0 0 0 0 0 0 0 0 2 0 0 0 0 0 0 0 0 0 1 0 0 2 0 0 0 0 0 0 0 0 0 0 0 0 1 0 0 0 1 2 0 0 1 0 0 0 0 0 0 0 0 0 0 
0 0 0 0 0 0 0 0 0 0 0 0 0 0 0 0 0 0 0 0 0 0 0 0 0 0 2 0 0 0 0 0 0 0 0 0 2 0 0 0 0 0 0 0 0 0 1 0 0 2 0 0 0 0 0 0 0 0 0 0 0 0 1 0 0 0 1 2 0 0 1 0 0 0 0 0 0 0 0 0 0 
1
0 0 0 0 0 0 0 0 0 
0 0 0 0 0 0 0 0 0 0 0 0 0 0 0 0 0 0 0 0 0 0 0 0 0 0 2 0 0 0 1 0 0 0 0 0 2 0 0 0 0 0 0 0 0 0 1 0 0 2 0 0 0 0 0 0 0 0 0 0 0 0 1 0 0 0 1 2 0 0 1 0 0 0 0 0 0 0 0 0 0 
0 0 0 0 0 0 0 0 0 0 0 0 0 0 0 0 0 0 0 0 0 0 0 0 0 0 2 0 0 0 1 0 0 0 0 0 2 0 0 0 0 0 0 0 0 0 1 0 0 2 0 0 0 0 0 0 0 0 0 0 0 0 1 0 0 0 1 2 0 0 1 0 0 0 0 0 0 0 0 0 0 
1
0 0 0 0 0 0 0 0 0 
0 0 0 0 0 0 0 0 0 0 0 0 0 0 0 0 0 0 0 0 2 0 0 0 0 0 2 0 0 0 1 0 0 0 0 0 2 0 0 0 0 0 0 0 0 0 1 0 0 2 0 0 0 0 0 0 0 0 0 0 0 0 1 0 0 0 1 2 0 0 1 0 0 0 0 0 0 0 0 0 0 
0 0 0 0 0 0 0 0 0 0 0 0 0 0 0 0 0 0 0 0 2 0 0 0 0 0 2 0 0 0 1 0 0 0 0 0 2 0 0 0 0 0 0 0 0 0 1 0 0 2 0 0 0 0 0 0 0 0 0 0 0 0 1 0 0 0 1 2 0 0 1 0 0 0 0 0 0 0 0 0 0 
1
0 0 0 0 0 0 0 0 1 
0 0 0 0 0 0 0 0 0 0 0 0 0 0 0 0 0 0 0 0 2 0 0 0 0 0 2 0 0 0 1 0 0 0 0 0 2 0 0 0 0 0 0 0 0 0 1 0 0 2 0 0 0 0 0 0 0 0 0 0 0 0 1 0 0 0 1 2 0 0 1 0 0 0 0 0 0 0 1 0 0 
0 0 0 0 0 0 0 0 0 0 0 0 0 0 0 0 0 0 0 0 2 0 0 0 0 0 2 0 0 0 1 0 0 0 0 0 2 0 0 0 0 0 0 0 0 0 1 0 0 2 0 0 0 0 0 0 0 0 0 0 16 16 17 0 0 0 1 2 0 16 17 16 0 0 0 0 0 0 17 16 16 
1
0 0 0 0 0 0 0 0 1 
0 0 0 0 0 0 0 0 0 0 0 0 0 0 0 0 0 0 0 0 2 0 0 0 0 0 2 0 0 0 1 0 0 0 0 0 2 0 0 0 0 0 0 0 0 0 1 0 0 2 0 0 0 0 0 0 0 0 0 0 0 0 1 0 0 0 1 2 0 0 1 0 0 2 0 0 0 0 1 0 0 
0 0 0 0 0 0 0 0 0 0 0 0 0 0 0 0 0 0 0 0 2 0 0 0 0 0 2 0 0 0 1 0 0 0 0 0 2 0 0 0 0 0 0 0 0 0 1 0 0 2 0 0 0 0 0 0 0 0 0 0 16 16 17 0 0 0 1 2 0 16 17 16 0 2 0 0 0 0 17 16 16 
1
0 0 0 0 0 0 0 0 1 
0 0 0 0 0 0 0 0 0 0 0 0 0 0 0 0 0 0 0 0 2 0 0 0 0 0 2 0 0 0 1 0 0 0 0 0 2 0 0 0 0 0 0 0 0 0 1 0 0 2 0 0 0 0 0 0 0 0 0 0 0 0 1 0 0 0 1 2 0 0 1 0 0 2 0 1 0 0 1 0 0 
0 0 0 0 0 0 0 0 0 0 0 0 0 0 0 0 0 0 0 0 2 0 0 0 0 0 2 0 0 0 1 0 0 0 0 0 2 0 0 0 0 0 0 0 0 0 1 0 0 2 0 0 0 0 0 0 0 0 0 0 16 16 17 0 0 0 1 2 0 16 17 16 0 2 0 1 0 0 17 16 16 
1
0 0 0 0 0 0 0 0 1 
0 0 0 0 0 0 0 0 0 0 0 0 0 0 0 0 0 0 0 0 2 0 0 0 0 0 2 0 0 0 1 0 0 0 0 0 2 0 0 0 0 0 0 0 0 0 1 0 0 2 0 0 0 0 0 0 0 0 0 0 0 0 1 0 0 0 1 2 0 0 1 0 0 2 2 1 0 0 1 0 0 
0 0 0 0 0 0 0 0 0 0 0 0 0 0 0 0 0 0 0 0 2 0 0 0 0 0 2 0 0 0 1 0 0 0 0 0 2 0 0 0 0 0 0 0 0 0 1 0 0 2 0 0 0 0 0 0 0 0 0 0 16 16 17 0 0 0 1 2 0 16 17 16 0 2 2 1 0 0 17 16 16 
1
0 0 0 0 0 0 0 0 1 
0 0 0 0 0 0 0 0 0 0 0 0 0 0 0 0 0 0 0 0 2 0 0 0 0 0 2 0 0 0 1 0 0 0 0 0 2 0 0 0 0 0 0 0 0 0 1 0 0 2 0 0 0 0 0 0 0 0 0 0 0 0 1 0 0 0 1 2 0 0 1 0 1 2 2 1 0 0 1 0 0 
0 0 0 0 0 0 0 0 0 0 0 0 0 0 0 0 0 0 0 0 2 0 0 0 0 0 2 0 0 0 1 0 0 0 0 0 2 0 0 0 0 0 0 0 0 0 1 0 0 2 0 0 0 0 0 0 0 0 0 0 16 16 17 0 0 0 1 2 0 16 17 16 1 2 2 1 0 0 17 16 16 
1
0 0 0 0 0 0 0 0 1 
0 0 0 0 0 0 0 0 0 0 0 0 0 0 0 0 0 0 0 0 2 0 0 0 0 0 2 0 0 0 1 0 0 0 0 0 2 0 0 0 0 0 0 0 0 0 1 0 0 2 0 0 0 0 0 0 2 0 0 0 0 0 1 0 0 0 1 2 0 0 1 0 1 2 2 1 0 0 1 0 0 
0 0 0 0 0 0 0 0 0 0 0 0 0 0 0 0 0 0 0 0 2 0 0 0 0 0 2 0 0 0 1 0 0 0 0 0 2 0 0 0 0 0 0 0 0 0 1 0 0 2 0 0 0 0 0 0 2 0 0 0 16 16 17 0 0 0 1 2 0 16 17 16 1 2 2 1 0 0 17 16 16 
1
0 0 0 0 0 0 0 0 1 
0 0 0 0 0 0 0 0 0 0 0 0 0 0 0 0 0 0 0 0 2 0 0 0 1 0 2 0 0 0 1 0 0 0 0 0 2 0 0 0 0 0 0 0 0 0 1 0 0 2 0 0 0 0 0 0 2 0 0 0 0 0 1 0 0 0 1 2 0 0 1 0 1 2 2 1 0 0 1 0 0 
0 0 0 0 0 0 0 0 0 0 0 0 0 0 0 0 0 0 0 0 2 0 0 0 1 0 2 0 0 0 1 0 0 0 0 0 2 0 0 0 0 0 0 0 0 0 1 0 0 2 0 0 0 0 0 0 2 0 0 0 16 16 17 0 0 0 1 2 0 16 17 16 1 2 2 1 0 0 17 16 16 
1
0 0 0 0 0 0 0 0 1 
0 0 0 0 0 0 0 0 0 0 0 0 0 0 0 0 0 0 0 0 2 0 0 0 1 0 2 0 0 0 1 0 0 0 0 0 2 0 0 0 0 0 0 0 0 0 1 0 0 2 0 0 0 0 0 0 2 0 0 0 0 0 1 0 2 0 1 2 0 0 1 0 1 2 2 1 0 0 1 0 0 
0 0 0 0 0 0 0 0 0 0 0 0 0 0 0 0 0 0 0 0 2 0 0 0 1 0 2 0 0 0 1 0 0 0 0 0 2 0 0 0 0 0 0 0 0 0 1 0 0 2 0 0 0 0 0 0 2 0 0 0 16 16 17 0 2 0 1 2 0 16 17 16 1 2 2 1 0 0 17 16 16 
1
0 0 0 0 0 0 0 0 1 
0 0 0 0 0 0 0 0 0 0 0 0 0 0 0 0 0 0 0 0 2 0 0 0 1 0 2 0 0 0 1 0 0 0 0 0 2 0 0 0 0 0 0 0 0 0 1 0 0 2 1 0 0 0 0 0 2 0 0 0 0 0 1 0 2 0 1 2 0 0 1 0 1 2 2 1 0 0 1 0 0 
0 0 0 0 0 0 0 0 0 0 0 0 0 0 0 0 0 0 0 0 2 0 0 0 1 0 2 0 0 0 1 0 0 0 0 0 2 0 0 0 0 0 0 0 0 0 1 0 0 2 1 0 0 0 0 0 2 0 0 0 16 16 17 0 2 0 1 2 0 16 17 16 1 2 2 1 0 0 17 16 16 
1
0 0 0 0 0 0 0 0 1 
0 0 0 0 0 0 0 0 0 0 0 0 0 0 0 0 0 0 2 0 2 0 0 0 1 0 2 0 0 0 1 0 0 0 0 0 2 0 0 0 0 0 0 0 0 0 1 0 0 2 1 0 0 0 0 0 2 0 0 0 0 0 1 0 2 0 1 2 0 0 1 0 1 2 2 1 0 0 1 0 0 
0 0 0 0 0 0 0 0 0 0 0 0 0 0 0 0 0 0 2 0 2 0 0 0 1 0 2 0 0 0 1 0 0 0 0 0 2 0 0 0 0 0 0 0 0 0 1 0 0 2 1 0 0 0 0 0 2 0 0 0 16 16 17 0 2 0 1 2 0 16 17 16 1 2 2 1 0 0 17 16 16 
1
0 0 0 0 0 0 0 0 1 
0 0 0 0 0 0 0 0 0 0 0 0 0 0 0 0 0 0 2 0 2 0 0 0 1 0 2 0 0 0 1 0 0 0 0 0 2 0 0 0 0 0 0 0 0 0 1 0 0 2 1 0 0 0 1 0 2 0 0 0 0 0 1 0 2 0 1 2 0 0 1 0 1 2 2 1 0 0 1 0 0 
0 0 0 0 0 0 0 0 0 0 0 0 0 0 0 0 0 0 2 0 2 0 0 0 1 0 2 0 0 0 1 0 0 0 0 0 2 0 0 0 0 0 0 0 0 0 1 0 0 2 1 0 0 0 1 0 2 0 0 0 16 16 17 0 2 0 1 2 0 16 17 16 1 2 2 1 0 0 17 16 16 
1
0 0 0 0 0 0 0 0 1 
2 0 0 0 0 0 0 0 0 0 0 0 0 0 0 0 0 0 2 0 2 0 0 0 1 0 2 0 0 0 1 0 0 0 0 0 2 0 0 0 0 0 0 0 0 0 1 0 0 2 1 0 0 0 1 0 2 0 0 0 0 0 1 0 2 0 1 2 0 0 1 0 1 2 2 1 0 0 1 0 0 
2 0 0 0 0 0 0 0 0 0 0 0 0 0 0 0 0 0 2 0 2 0 0 0 1 0 2 0 0 0 1 0 0 0 0 0 2 0 0 0 0 0 0 0 0 0 1 0 0 2 1 0 0 0 1 0 2 0 0 0 16 16 17 0 2 0 1 2 0 16 17 16 1 2 2 1 0 0 17 16 16 
1
0 0 0 0 0 0 0 0 1 
2 0 0 0 0 0 0 0 0 1 0 0 0 0 0 0 0 0 2 0 2 0 0 0 1 0 2 0 0 0 1 0 0 0 0 0 2 0 0 0 0 0 0 0 0 0 1 0 0 2 1 0 0 0 1 0 2 0 0 0 0 0 1 0 2 0 1 2 0 0 1 0 1 2 2 1 0 0 1 0 0 
2 0 0 0 0 0 0 0 0 1 0 0 0 0 0 0 0 0 2 0 2 0 0 0 1 0 2 0 0 0 1 0 0 0 0 0 2 0 0 0 0 0 0 0 0 0 1 0 0 2 1 0 0 0 1 0 2 0 0 0 16 16 17 0 2 0 1 2 0 16 17 16 1 2 2 1 0 0 17 16 16 
1
0 0 0 0 0 0 0 0 1 
2 0 0 0 0 0 0 0 0 1 0 0 0 0 0 0 0 0 2 0 2 0 0 0 1 0 2 0 0 0 1 0 0 0 0 0 2 0 2 0 0 0 0 0 0 0 1 0 0 2 1 0 0 0 1 0 2 0 0 0 0 0 1 0 2 0 1 2 0 0 1 0 1 2 2 1 0 0 1 0 0 
2 0 0 0 0 0 0 0 0 1 0 0 0 0 0 0 0 0 2 0 2 0 0 0 1 0 2 0 0 0 1 0 0 0 0 0 2 0 2 0 0 0 0 0 0 0 1 0 0 2 1 0 0 0 1 0 2 0 0 0 16 16 17 0 2 0 1 2 0 16 17 16 1 2 2 1 0 0 17 16 16 
1
0 0 0 0 0 0 0 0 1 
2 0 0 0 0 0 0 0 0 1 0 0 0 0 0 0 0 0 2 0 2 0 0 0 1 0 2 0 0 0 1 0 0 0 1 0 2 0 2 0 0 0 0 0 0 0 1 0 0 2 1 0 0 0 1 0 2 0 0 0 0 0 1 0 2 0 1 2 0 0 1 0 1 2 2 1 0 0 1 0 0 
2 0 0 0 0 0 0 0 0 1 0 0 0 0 0 0 0 0 2 0 2 0 0 0 1 0 2 0 0 0 1 0 0 0 1 0 2 0 2 0 0 0 0 0 0 0 1 0 0 2 1 0 0 0 1 0 2 0 0 0 16 16 17 0 2 0 1 2 0 16 17 16 1 2 2 1 0 0 17 16 16 
1
0 0 0 0 0 0 0 0 1 
2 0 0 0 0 0 0 0 0 1 0 0 2 0 0 0 0 0 2 0 2 0 0 0 1 0 2 0 0 0 1 0 0 0 1 0 2 0 2 0 0 0 0 0 0 0 1 0 0 2 1 0 0 0 1 0 2 0 0 0 0 0 1 0 2 0 1 2 0 0 1 0 1 2 2 1 0 0 1 0 0 
2 0 0 0 0 0 0 0 0 1 0 0 2 0 0 0 0 0 2 0 2 0 0 0 1 0 2 0 0 0 1 0 0 0 1 0 2 0 2 0 0 0 0 0 0 0 1 0 0 2 1 0 0 0 1 0 2 0 0 0 16 16 17 0 2 0 1 2 0 16 17 16 1 2 2 1 0 0 17 16 16 
1
0 0 0 0 0 0 0 0 1 
2 0 0 0 0 0 0 0 0 1 0 0 2 0 0 0 0 0 2 0 2 0 0 0 1 0 2 0 0 0 1 0 0 0 1 0 2 1 2 0 0 0 0 0 0 0 1 0 0 2 1 0 0 0 1 0 2 0 0 0 0 0 1 0 2 0 1 2 0 0 1 0 1 2 2 1 0 0 1 0 0 
2 0 0 0 0 0 0 0 0 1 0 0 2 0 0 0 0 0 2 0 2 0 0 0 1 0 2 0 0 0 1 0 0 0 1 0 2 1 2 0 0 0 0 0 0 0 1 0 0 2 1 0 0 0 1 0 2 0 0 0 16 16 17 0 2 0 1 2 0 16 17 16 1 2 2 1 0 0 17 16 16 
1
0 0 0 0 0 0 0 0 1 
2 0 0 0 0 0 0 0 0 1 0 0 2 0 0 0 0 0 2 0 2 0 0 0 1 0 2 0 0 0 1 0 0 0 1 0 2 1 2 2 0 0 0 0 0 0 1 0 0 2 1 0 0 0 1 0 2 0 0 0 0 0 1 0 2 0 1 2 0 0 1 0 1 2 2 1 0 0 1 0 0 
2 0 0 0 0 0 0 0 0 1 0 0 2 0 0 0 0 0 2 0 2 0 0 0 1 0 2 0 0 0 1 0 0 0 1 0 2 1 2 2 0 0 0 0 0 0 1 0 0 2 1 0 0 0 1 0 2 0 0 0 16 16 17 0 2 0 1 2 0 16 17 16 1 2 2 1 0 0 17 16 16 
1
0 0 0 1 0 0 0 0 1 
2 0 0 0 0 0 0 0 0 1 0 0 2 0 0 0 0 0 2 0 2 0 0 0 1 0 2 0 1 0 1 0 0 0 1 0 2 1 2 2 0 0 0 0 0 0 1 0 0 2 1 0 0 0 1 0 2 0 0 0 0 0 1 0 2 0 1 2 0 0 1 0 1 2 2 1 0 0 1 0 0 
2 0 0 0 0 0 0 0 0 1 0 0 2 0 0 0 0 0 2 0 2 0 0 0 1 0 2 16 17 16 1 0 0 0 1 0 18 17 18 2 0 0 0 0 0 16 17 16 0 2 1 0 0 0 1 0 2 0 0 0 16 16 17 0 2 0 1 2 0 16 17 16 1 2 2 1 0 0 17 16 16 
1
0 0 0 1 0 0 0 0 1 
2 0 0 0 0 0 0 0 0 1 0 0 2 0 2 0 0 0 2 0 2 0 0 0 1 0 2 0 1 0 1 0 0 0 1 0 2 1 2 2 0 0 0 0 0 0 1 0 0 2 1 0 0 0 1 0 2 0 0 0 0 0 1 0 2 0 1 2 0 0 1 0 1 2 2 1 0 0 1 0 0 
2 0 0 0 0 0 0 0 0 1 0 0 2 0 2 0 0 0 2 0 2 0 0 0 1 0 2 16 17 16 1 0 0 0 1 0 18 17 18 2 0 0 0 0 0 16 17 16 0 2 1 0 0 0 1 0 2 0 0 0 16 16 17 0 2 0 1 2 0 16 17 16 1 2 2 1 0 0 17 16 16 
1
0 0 0 1 0 0 0 0 1 
2 0 0 0 0 0 0 0 0 1 0 0 2 0 2 0 0 0 2 0 2 0 0 0 1 0 2 0 1 0 1 0 0 0 1 0 2 1 2 2 0 0 0 0 0 0 1 0 0 2 1 1 0 0 1 0 2 0 0 0 0 0 1 0 2 0 1 2 0 0 1 0 1 2 2 1 0 0 1 0 0 
2 0 0 0 0 0 0 0 0 1 0 0 2 0 2 0 0 0 2 0 2 0 0 0 1 0 2 16 17 16 1 0 0 0 1 0 18 17 18 2 0 0 0 0 0 16 17 16 0 2 1 1 0 0 1 0 2 0 0 0 16 16 17 0 2 0 1 2 0 16 17 16 1 2 2 1 0 0 17 16 16 
1
0 0 0 1 0 0 2 0 1 
2 0 0 0 0 0 0 0 0 1 0 0 2 0 2 0 0 0 2 0 2 0 0 0 1 0 2 0 1 0 1 0 0 0 1 0 2 1 2 2 0 0 0 0 0 0 1 0 0 2 1 1 0 0 1 2 2 0 0 0 0 0 1 0 2 0 1 2 0 0 1 0 1 2 2 1 0 0 1 0 0 
2 0 0 0 0 0 0 0 0 1 0 0 2 0 2 0 0 0 2 0 2 0 0 0 1 0 2 16 17 16 1 0 0 0 1 0 18 17 18 2 0 0 0 0 0 16 17 16 0 2 1 1 0 0 33 34 34 0 0 0 16 16 17 32 34 32 1 2 0 16 17 16 33 34 34 1 0 0 17 16 16 
1
0 0 0 1 0 0 2 0 1 
2 0 0 0 0 0 0 0 0 1 0 0 2 1 2 0 0 0 2 0 2 0 0 0 1 0 2 0 1 0 1 0 0 0 1 0 2 1 2 2 0 0 0 0 0 0 1 0 0 2 1 1 0 0 1 2 2 0 0 0 0 0 1 0 2 0 1 2 0 0 1 0 1 2 2 1 0 0 1 0 0 
2 0 0 0 0 0 0 0 0 1 0 0 2 1 2 0 0 0 2 0 2 0 0 0 1 0 2 16 17 16 1 0 0 0 1 0 18 17 18 2 0 0 0 0 0 16 17 16 0 2 1 1 0 0 33 34 34 0 0 0 16 16 17 32 34 32 1 2 0 16 17 16 33 34 34 1 0 0 17 16 16 
1
0 0 0 1 0 0 2 0 1 
2 0 0 0 0 0 0 0 0 1 0 0 2 1 2 0 0 0 2 0 2 0 0 0 1 0 2 0 1 0 1 0 0 0 1 0 2 1 2 2 0 2 0 0 0 0 1 0 0 2 1 1 0 0 1 2 2 0 0 0 0 0 1 0 2 0 1 2 0 0 1 0 1 2 2 1 0 0 1 0 0 
2 0 0 0 0 0 0 0 0 1 0 0 2 1 2 0 0 0 2 0 2 0 0 0 1 0 2 16 17 16 1 0 0 0 1 0 18 17 18 2 0 2 0 0 0 16 17 16 0 2 1 1 0 0 33 34 34 0 0 0 16 16 17 32 34 32 1 2 0 16 17 16 33 34 34 1 0 0 17 16 16 
1
0 0 0 1 0 0 2 0 1 
2 0 0 0 0 0 0 0 0 1 0 0 2 1 2 0 0 0 2 0 2 0 0 0 1 0 2 0 1 0 1 0 0 0 1 1 2 1 2 2 0 2 0 0 0 0 1 0 0 2 1 1 0 0 1 2 2 0 0 0 0 0 1 0 2 0 1 2 0 0 1 0 1 2 2 1 0 0 1 0 0 
2 0 0 0 0 0 0 0 0 1 0 0 2 1 2 0 0 0 2 0 2 0 0 0 1 0 2 16 17 16 1 0 0 0 1 1 18 17 18 2 0 2 0 0 0 16 17 16 0 2 1 1 0 0 33 34 34 0 0 0 16 16 17 32 34 32 1 2 0 16 17 16 33 34 34 1 0 0 17 16 16 
1
0 0 0 1 0 0 2 0 1 
2 0 0 0 0 0 0 2 0 1 0 0 2 1 2 0 0 0 2 0 2 0 0 0 1 0 2 0 1 0 1 0 0 0 1 1 2 1 2 2 0 2 0 0 0 0 1 0 0 2 1 1 0 0 1 2 2 0 0 0 0 0 1 0 2 0 1 2 0 0 1 0 1 2 2 1 0 0 1 0 0 
2 0 0 0 0 0 0 2 0 1 0 0 2 1 2 0 0 0 2 0 2 0 0 0 1 0 2 16 17 16 1 0 0 0 1 1 18 17 18 2 0 2 0 0 0 16 17 16 0 2 1 1 0 0 33 34 34 0 0 0 16 16 17 32 34 32 1 2 0 16 17 16 33 34 34 1 0 0 17 16 16 
1
0 0 0 1 0 0 2 0 1 
2 0 0 1 0 0 0 2 0 1 0 0 2 1 2 0 0 0 2 0 2 0 0 0 1 0 2 0 1 0 1 0 0 0 1 1 2 1 2 2 0 2 0 0 0 0 1 0 0 2 1 1 0 0 1 2 2 0 0 0 0 0 1 0 2 0 1 2 0 0 1 0 1 2 2 1 0 0 1 0 0 
2 0 0 1 0 0 0 2 0 1 0 0 2 1 2 0 0 0 2 0 2 0 0 0 1 0 2 16 17 16 1 0 0 0 1 1 18 17 18 2 0 2 0 0 0 16 17 16 0 2 1 1 0 0 33 34 34 0 0 0 16 16 17 32 34 32 1 2 0 16 17 16 33 34 34 1 0 0 17 16 16 
1
2 0 0 1 0 0 2 0 1 
2 0 0 1 0 0 0 2 0 1 0 0 2 1 2 0 0 0 2 2 2 0 0 0 1 0 2 0 1 0 1 0 0 0 1 1 2 1 2 2 0 2 0 0 0 0 1 0 0 2 1 1 0 0 1 2 2 0 0 0 0 0 1 0 2 0 1 2 0 0 1 0 1 2 2 1 0 0 1 0 0 
34 32 32 1 0 0 0 2 0 33 32 32 2 1 2 0 0 0 34 34 34 0 0 0 1 0 2 16 17 16 1 0 0 0 1 1 18 17 18 2 0 2 0 0 0 16 17 16 0 2 1 1 0 0 33 34 34 0 0 0 16 16 17 32 34 32 1 2 0 16 17 16 33 34 34 1 0 0 17 16 16 
1
2 0 0 1 0 0 2 1 1 
2 0 0 1 0 0 0 2 0 1 0 0 2 1 2 0 0 0 2 2 2 0 0 0 1 0 2 0 1 0 1 0 0 0 1 1 2 1 2 2 0 2 0 0 0 0 1 0 0 2 1 1 0 0 1 2 2 1 0 0 0 0 1 0 2 0 1 2 0 0 1 0 1 2 2 1 0 0 1 0 0 
34 32 32 1 0 0 0 2 0 33 32 32 2 1 2 0 0 0 34 34 34 0 0 0 1 0 2 16 17 16 1 0 0 0 1 1 18 17 18 2 0 2 0 0 0 16 17 16 0 2 1 1 0 0 33 34 34 17 16 16 16 16 17 32 34 32 17 18 16 16 17 16 33 34 34 17 16 16 17 16 16 
1
2 0 0 1 0 0 2 1 1 
2 0 0 1 0 0 0 2 0 1 0 0 2 1 2 0 0 0 2 2 2 0 0 0 1 0 2 0 1 0 1 0 0 2 1 1 2 1 2 2 0 2 0 0 0 0 1 0 0 2 1 1 0 0 1 2 2 1 0 0 0 0 1 0 2 0 1 2 0 0 1 0 1 2 2 1 0 0 1 0 0 
34 32 32 1 0 0 0 2 0 33 32 32 2 1 2 0 0 0 34 34 34 0 0 0 1 0 2 16 17 16 1 0 0 2 1 1 18 17 18 2 0 2 0 0 0 16 17 16 0 2 1 1 0 0 33 34 34 17 16 16 16 16 17 32 34 32 17 18 16 16 17 16 33 34 34 17 16 16 17 16 16 
1
2 1 0 1 0 0 2 1 1 
2 0 0 1 0 0 0 2 0 1 0 0 2 1 2 0 0 0 2 2 2 0 0 1 1 0 2 0 1 0 1 0 0 2 1 1 2 1 2 2 0 2 0 0 0 0 1 0 0 2 1 1 0 0 1 2 2 1 0 0 0 0 1 0 2 0 1 2 0 0 1 0 1 2 2 1 0 0 1 0 0 
34 32 32 17 16 16 0 2 0 33 32 32 18 17 18 0 0 0 34 34 34 16 16 17 1 0 2 16 17 16 1 0 0 2 1 1 18 17 18 2 0 2 0 0 0 16 17 16 0 2 1 1 0 0 33 34 34 17 16 16 16 16 17 32 34 32 17 18 16 16 17 16 33 34 34 17 16 16 17 16 16 
1
2 1 0 1 0 0 2 1 1 
2 0 0 1 0 0 0 2 0 1 0 0 2 1 2 0 0 0 2 2 2 0 0 1 1 0 2 0 1 0 1 0 0 2 1 1 2 1 2 2 0 2 0 2 0 0 1 0 0 2 1 1 0 0 1 2 2 1 0 0 0 0 1 0 2 0 1 2 0 0 1 0 1 2 2 1 0 0 1 0 0 
34 32 32 17 16 16 0 2 0 33 32 32 18 17 18 0 0 0 34 34 34 16 16 17 1 0 2 16 17 16 1 0 0 2 1 1 18 17 18 2 0 2 0 2 0 16 17 16 0 2 1 1 0 0 33 34 34 17 16 16 16 16 17 32 34 32 17 18 16 16 17 16 33 34 34 17 16 16 17 16 16 
1
2 1 0 1 1 0 2 1 1 
2 0 0 1 0 0 0 2 0 1 0 0 2 1 2 0 0 0 2 2 2 0 0 1 1 0 2 0 1 0 1 0 0 2 1 1 2 1 2 2 1 2 0 2 0 0 1 0 0 2 1 1 0 0 1 2 2 1 0 0 0 0 1 0 2 0 1 2 0 0 1 0 1 2 2 1 0 0 1 0 0 
34 32 32 17 16 16 0 2 0 33 32 32 18 17 18 0 0 0 34 34 34 16 16 17 1 0 2 16 17 16 17 16 16 2 1 1 18 17 18 18 17 18 0 2 0 16 17 16 16 18 17 1 0 0 33 34 34 17 16 16 16 16 17 32 34 32 17 18 16 16 17 16 33 34 34 17 16 16 17 16 16 
1
2 1 0 1 1 0 2 1 1 
2 0 0 1 0 0 0 2 0 1 0 0 2 1 2 0 0 0 2 2 2 0 0 1 1 0 2 0 1 0 1 0 0 2 1 1 2 1 2 2 1 2 0 2 0 0 1 0 0 2 1 1 0 0 1 2 2 1 0 0 0 0 1 0 2 0 1 2 0 0 1 0 1 2 2 1 0 0 1 0 0 
34 32 32 17 16 16 0 2 0 33 32 32 18 17 18 0 0 0 34 34 34 16 16 17 1 0 2 16 17 16 17 16 16 2 1 1 18 17 18 18 17 18 0 2 0 16 17 16 16 18 17 1 0 0 33 34 34 17 16 16 16 16 17 32 34 32 17 18 16 16 17 16 33 34 34 17 16 16 17 16 16 
1
