0 0 0 0 0 0 0 0 0 
0 0 0 0 0 0 0 0 0 0 0 0 0 0 0 0 0 0 0 0 0 0 0 0 0 0 0 0 0 0 0 0 0 0 0 0 0 0 0 0 1 0 0 0 0 0 0 0 0 0 0 0 0 0 0 0 0 0 0 0 0 0 0 0 0 0 0 0 0 0 0 0 0 0 0 0 0 0 0 0 0 
0 0 0 0 0 0 0 0 0 0 0 0 0 0 0 0 0 0 0 0 0 0 0 0 0 0 0 0 0 0 0 0 0 0 0 0 0 0 0 0 1 0 0 0 0 0 0 0 0 0 0 0 0 0 0 0 0 0 0 0 0 0 0 0 0 0 0 0 0 0 0 0 0 0 0 0 0 0 0 0 0 
0
0 0 0 0 0 0 0 0 0 
0 0 0 0 0 0 0 0 0 0 0 0 0 0 0 0 0 0 0 0 0 0 0 0 0 0 0 0 0 0 0 0 0 0 0 0 0 0 0 0 1 0 0 0 0 0 0 0 2 0 0 0 0 0 0 0 0 0 0 0 0 0 0 0 0 0 0 0 0 0 0 0 0 0 0 0 0 0 0 0 0 
0 0 0 0 0 0 0 0 0 0 0 0 0 0 0 0 0 0 0 0 0 0 0 0 0 0 0 0 0 0 0 0 0 0 0 0 0 0 0 0 1 0 0 0 0 0 0 0 2 0 0 0 0 0 0 0 0 0 0 0 0 0 0 0 0 0 0 0 0 0 0 0 0 0 0 0 0 0 0 0 0 
0
0 0 0 0 0 0 0 0 0 
0 0 0 0 0 0 0 0 0 0 0 0 0 0 0 0 0 0 0 0 0 0 0 0 0 0 0 0 0 0 0 0 0 0 0 0 0 0 0 0 1 0 0 0 0 0 0 0 2 0 0 0 0 0 0 0 0 0 0 0 0 0 0 0 0 0 0 0 0 0 0 0 0 1 0 0 0 0 0 0 0 
0 0 0 0 0 0 0 0 0 0 0 0 0 0 0 0 0 0 0 0 0 0 0 0 0 0 0 0 0 0 0 0 0 0 0 0 0 0 0 0 1 0 0 0 0 0 0 0 2 0 0 0 0 0 0 0 0 0 0 0 0 0 0 0 0 0 0 0 0 0 0 0 0 1 0 0 0 0 0 0 0 
0
0 0 0 0 0 0 0 0 0 
0 0 0 0 0 0 0 0 0 0 0 0 0 0 0 0 0 0 0 0 0 0 0 0 0 0 0 0 0 0 0 0 0 0 0 0 0 0 0 0 1 0 0 0 0 0 0 0 2 0 0 0 0 0 0 0 0 0 0 0 0 0 0 0 0 0 0 0 0 0 0 0 0 1 0 0 0 2 0 0 0 
0 0 0 0 0 0 0 0 0 0 0 0 0 0 0 0 0 0 0 0 0 0 0 0 0 0 0 0 0 0 0 0 0 0 0 0 0 0 0 0 1 0 0 0 0 0 0 0 2 0 0 0 0 0 0 0 0 0 0 0 0 0 0 0 0 0 0 0 0 0 0 0 0 1 0 0 0 2 0 0 0 
0
0 0 0 0 0 0 0 0 0 
0 0 0 0 0 0 0 0 0 0 0 0 0 0 0 0 0 0 0 0 0 0 0 0 0 0 0 0 0 0 0 0 0 0 0 0 0 0 0 0 1 0 0 0 0 0 0 0 2 0 0 0 0 0 0 0 0 0 0 0 0 1 0 0 0 0 0 0 0 0 0 0 0 1 0 0 0 2 0 0 0 
0 0 0 0 0 0 0 0 0 0 0 0 0 0 0 0 0 0 0 0 0 0 0 0 0 0 0 0 0 0 0 0 0 0 0 0 0 0 0 0 1 0 0 0 0 0 0 0 2 0 0 0 0 0 0 0 0 0 0 0 0 1 0 0 0 0 0 0 0 0 0 0 0 1 0 0 0 2 0 0 0 
0
0 0 0 0 0 0 0 0 0 
0 0 0 0 0 0 0 0 0 0 0 0 2 0 0 0 0 0 0 0 0 0 0 0 0 0 0 0 0 0 0 0 0 0 0 0 0 0 0 0 1 0 0 0 0 0 0 0 2 0 0 0 0 0 0 0 0 0 0 0 0 1 0 0 0 0 0 0 0 0 0 0 0 1 0 0 0 2 0 0 0 
0 0 0 0 0 0 0 0 0 0 0 0 2 0 0 0 0 0 0 0 0 0 0 0 0 0 0 0 0 0 0 0 0 0 0 0 0 0 0 0 1 0 0 0 0 0 0 0 2 0 0 0 0 0 0 0 0 0 0 0 0 1 0 0 0 0 0 0 0 0 0 0 0 1 0 0 0 2 0 0 0 
0
0 0 0 0 0 0 0 0 0 
0 0 0 0 0 0 0 0 0 0 0 0 2 0 0 0 0 0 0 0 0 0 0 0 0 0 0 0 0 0 0 0 0 0 0 0 0 0 1 0 1 0 0 0 0 0 0 0 2 0 0 0 0 0 0 0 0 0 0 0 0 1 0 0 0 0 0 0 0 0 0 0 0 1 0 0 0 2 0 0 0 
0 0 0 0 0 0 0 0 0 0 0 0 2 0 0 0 0 0 0 0 0 0 0 0 0 0 0 0 0 0 0 0 0 0 0 0 0 0 1 0 1 0 0 0 0 0 0 0 2 0 0 0 0 0 0 0 0 0 0 0 0 1 0 0 0 0 0 0 0 0 0 0 0 1 0 0 0 2 0 0 0 
0
0 0 0 0 0 0 0 0 0 
0 0 0 0 0 0 0 0 0 0 0 0 2 0 0 0 0 0 0 0 0 0 0 0 0 0 0 0 0 0 0 0 0 2 0 0 0 0 1 0 1 0 0 0 0 0 0 0 2 0 0 0 0 0 0 0 0 0 0 0 0 1 0 0 0 0 0 0 0 0 0 0 0 1 0 0 0 2 0 0 0 
0 0 0 0 0 0 0 0 0 0 0 0 2 0 0 0 0 0 0 0 0 0 0 0 0 0 0 0 0 0 0 0 0 2 0 0 0 0 1 0 1 0 0 0 0 0 0 0 2 0 0 0 0 0 0 0 0 0 0 0 0 1 0 0 0 0 0 0 0 0 0 0 0 1 0 0 0 2 0 0 0 
0
0 0 0 0 0 0 0 0 0 
0 0 0 0 0 0 0 0 0 0 0 0 2 0 0 0 0 0 1 0 0 0 0 0 0 0 0 0 0 0 0 0 0 2 0 0 0 0 1 0 1 0 0 0 0 0 0 0 2 0 0 0 0 0 0 0 0 0 0 0 0 1 0 0 0 0 0 0 0 0 0 0 0 1 0 0 0 2 0 0 0 
0 0 0 0 0 0 0 0 0 0 0 0 2 0 0 0 0 0 1 0 0 0 0 0 0 0 0 0 0 0 0 0 0 2 0 0 0 0 1 0 1 0 0 0 0 0 0 0 2 0 0 0 0 0 0 0 0 0 0 0 0 1 0 0 0 0 0 0 0 0 0 0 0 1 0 0 0 2 0 0 0 
0
0 0 0 0 0 0 0 0 0 
0 0 0 0 0 0 0 0 0 0 0 0 2 0 0 0 0 0 1 0 0 0 0 0 0 0 0 0 0 0 0 0 0 2 0 0 0 0 1 0 1 0 0 0 0 0 0 0 2 0 0 0 0 0 0 0 0 0 0 0 0 1 0 0 0 0 0 0 0 0 0 0 0 1 2 0 0 2 0 0 0 
0 0 0 0 0 0 0 0 0 0 0 0 2 0 0 0 0 0 1 0 0 0 0 0 0 0 0 0 0 0 0 0 0 2 0 0 0 0 1 0 1 0 0 0 0 0 0 0 2 0 0 0 0 0 0 0 0 0 0 0 0 1 0 0 0 0 0 0 0 0 0 0 0 1 2 0 0 2 0 0 0 
0
0 0 0 0 0 0 0 0 0 
0 0 0 0 0 0 0 0 0 0 0 0 2 0 0 0 0 0 1 0 0 0 0 0 0 0 0 0 0 0 0 0 0 2 0 0 0 0 1 0 1 0 0 0 0 0 0 0 2 0 0 0 0 0 0 0 0 0 0 0 0 1 1 0 0 0 0 0 0 0 0 0 0 1 2 0 0 2 0 0 0 
0 0 0 0 0 0 0 0 0 0 0 0 2 0 0 0 0 0 1 0 0 0 0 0 0 0 0 0 0 0 0 0 0 2 0 0 0 0 1 0 1 0 0 0 0 0 0 0 2 0 0 0 0 0 0 0 0 0 0 0 0 1 1 0 0 0 0 0 0 0 0 0 0 1 2 0 0 2 0 0 0 
0
0 0 0 0 0 0 0 0 0 
0 0 0 0 0 0 0 0 2 0 0 0 2 0 0 0 0 0 1 0 0 0 0 0 0 0 0 0 0 0 0 0 0 2 0 0 0 0 1 0 1 0 0 0 0 0 0 0 2 0 0 0 0 0 0 0 0 0 0 0 0 1 1 0 0 0 0 0 0 0 0 0 0 1 2 0 0 2 0 0 0 
0 0 0 0 0 0 0 0 2 0 0 0 2 0 0 0 0 0 1 0 0 0 0 0 0 0 0 0 0 0 0 0 0 2 0 0 0 0 1 0 1 0 0 0 0 0 0 0 2 0 0 0 0 0 0 0 0 0 0 0 0 1 1 0 0 0 0 0 0 0 0 0 0 1 2 0 0 2 0 0 0 
0
0 0 0 0 0 0 0 0 0 
0 0 0 0 0 0 1 0 2 0 0 0 2 0 0 0 0 0 1 0 0 0 0 0 0 0 0 0 0 0 0 0 0 2 0 0 0 0 1 0 1 0 0 0 0 0 0 0 2 0 0 0 0 0 0 0 0 0 0 0 0 1 1 0 0 0 0 0 0 0 0 0 0 1 2 0 0 2 0 0 0 
0 0 0 0 0 0 1 0 2 0 0 0 2 0 0 0 0 0 1 0 0 0 0 0 0 0 0 0 0 0 0 0 0 2 0 0 0 0 1 0 1 0 0 0 0 0 0 0 2 0 0 0 0 0 0 0 0 0 0 0 0 1 1 0 0 0 0 0 0 0 0 0 0 1 2 0 0 2 0 0 0 
0
0 0 0 0 0 0 0 0 0 
0 0 0 0 0 0 1 0 2 0 0 0 2 0 0 0 0 0 1 0 2 0 0 0 0 0 0 0 0 0 0 0 0 2 0 0 0 0 1 0 1 0 0 0 0 0 0 0 2 0 0 0 0 0 0 0 0 0 0 0 0 1 1 0 0 0 0 0 0 0 0 0 0 1 2 0 0 2 0 0 0 
0 0 0 0 0 0 1 0 2 0 0 0 2 0 0 0 0 0 1 0 2 0 0 0 0 0 0 0 0 0 0 0 0 2 0 0 0 0 1 0 1 0 0 0 0 0 0 0 2 0 0 0 0 0 0 0 0 0 0 0 0 1 1 0 0 0 0 0 0 0 0 0 0 1 2 0 0 2 0 0 0 
0
0 0 0 0 0 0 0 0 1 
0 0 0 0 0 0 1 0 2 0 0 0 2 0 0 0 0 0 1 0 2 0 0 0 0 0 0 0 0 0 0 0 0 2 0 0 0 0 1 0 1 0 0 0 0 0 0 0 2 0 0 0 0 0 0 0 0 0 0 0 1 1 1 0 0 0 0 0 0 0 0 0 0 1 2 0 0 2 0 0 0 
0 0 0 0 0 0 1 0 2 0 0 0 2 0 0 0 0 0 1 0 2 0 0 0 0 0 0 0 0 0 0 0 0 2 0 0 0 0 1 0 1 0 0 0 0 0 0 0 2 0 0 0 0 0 0 0 0 0 0 0 17 17 17 0 0 0 0 0 0 16 16 16 0 1 2 0 0 2 16 16 16 
0
0 0 0 0 0 0 0 0 1 
0 0 0 0 0 0 1 0 2 0 2 0 2 0 0 0 0 0 1 0 2 0 0 0 0 0 0 0 0 0 0 0 0 2 0 0 0 0 1 0 1 0 0 0 0 0 0 0 2 0 0 0 0 0 0 0 0 0 0 0 1 1 1 0 0 0 0 0 0 0 0 0 0 1 2 0 0 2 0 0 0 
0 0 0 0 0 0 1 0 2 0 2 0 2 0 0 0 0 0 1 0 2 0 0 0 0 0 0 0 0 0 0 0 0 2 0 0 0 0 1 0 1 0 0 0 0 0 0 0 2 0 0 0 0 0 0 0 0 0 0 0 17 17 17 0 0 0 0 0 0 16 16 16 0 1 2 0 0 2 16 16 16 
0
0 0 0 0 0 0 0 0 1 
0 0 0 0 0 0 1 0 2 0 2 0 2 0 0 0 0 0 1 0 2 0 0 0 0 0 0 0 0 0 0 0 0 2 0 0 0 0 1 1 1 0 0 0 0 0 0 0 2 0 0 0 0 0 0 0 0 0 0 0 1 1 1 0 0 0 0 0 0 0 0 0 0 1 2 0 0 2 0 0 0 
0 0 0 0 0 0 1 0 2 0 2 0 2 0 0 0 0 0 1 0 2 0 0 0 0 0 0 0 0 0 0 0 0 2 0 0 0 0 1 1 1 0 0 0 0 0 0 0 2 0 0 0 0 0 0 0 0 0 0 0 17 17 17 0 0 0 0 0 0 16 16 16 0 1 2 0 0 2 16 16 16 
0
0 0 0 0 0 0 0 0 1 
0 0 0 0 0 0 1 0 2 0 2 0 2 0 0 0 0 0 1 0 2 0 0 0 0 0 0 0 2 0 0 0 0 2 0 0 0 0 1 1 1 0 0 0 0 0 0 0 2 0 0 0 0 0 0 0 0 0 0 0 1 1 1 0 0 0 0 0 0 0 0 0 0 1 2 0 0 2 0 0 0 
0 0 0 0 0 0 1 0 2 0 2 0 2 0 0 0 0 0 1 0 2 0 0 0 0 0 0 0 2 0 0 0 0 2 0 0 0 0 1 1 1 0 0 0 0 0 0 0 2 0 0 0 0 0 0 0 0 0 0 0 17 17 17 0 0 0 0 0 0 16 16 16 0 1 2 0 0 2 16 16 16 
0
0 0 0 0 0 0 0 0 1 
0 0 0 0 0 1 1 0 2 0 2 0 2 0 0 0 0 0 1 0 2 0 0 0 0 0 0 0 2 0 0 0 0 2 0 0 0 0 1 1 1 0 0 0 0 0 0 0 2 0 0 0 0 0 0 0 0 0 0 0 1 1 1 0 0 0 0 0 0 0 0 0 0 1 2 0 0 2 0 0 0 
0 0 0 0 0 1 1 0 2 0 2 0 2 0 0 0 0 0 1 0 2 0 0 0 0 0 0 0 2 0 0 0 0 2 0 0 0 0 1 1 1 0 0 0 0 0 0 0 2 0 0 0 0 0 0 0 0 0 0 0 17 17 17 0 0 0 0 0 0 16 16 16 0 1 2 0 0 2 16 16 16 
0
0 0 0 0 0 0 0 0 1 
0 0 0 0 0 1 1 0 2 0 2 0 2 0 0 0 0 0 1 0 2 0 0 0 0 0 2 0 2 0 0 0 0 2 0 0 0 0 1 1 1 0 0 0 0 0 0 0 2 0 0 0 0 0 0 0 0 0 0 0 1 1 1 0 0 0 0 0 0 0 0 0 0 1 2 0 0 2 0 0 0 
0 0 0 0 0 1 1 0 2 0 2 0 2 0 0 0 0 0 1 0 2 0 0 0 0 0 2 0 2 0 0 0 0 2 0 0 0 0 1 1 1 0 0 0 0 0 0 0 2 0 0 0 0 0 0 0 0 0 0 0 17 17 17 0 0 0 0 0 0 16 16 16 0 1 2 0 0 2 16 16 16 
0
0 0 0 0 1 0 0 0 1 
0 0 0 0 0 1 1 0 2 0 2 0 2 0 0 0 0 0 1 0 2 0 0 0 0 0 2 0 2 0 0 0 0 2 0 0 0 0 1 1 1 1 0 0 0 0 0 0 2 0 0 0 0 0 0 0 0 0 0 0 1 1 1 0 0 0 0 0 0 0 0 0 0 1 2 0 0 2 0 0 0 
0 0 0 0 0 1 1 0 2 0 2 0 2 0 0 0 0 0 1 0 2 0 0 0 0 0 2 0 2 0 16 16 16 2 0 0 0 0 1 17 17 17 0 0 0 0 0 0 18 16 16 0 0 0 0 0 0 0 0 0 17 17 17 0 0 0 0 0 0 16 16 16 0 1 2 0 0 2 16 16 16 
0
0 0 0 0 1 0 0 0 1 
0 0 0 0 0 1 1 0 2 0 2 0 2 0 0 0 0 0 1 0 2 0 0 0 0 0 2 0 2 0 0 0 0 2 0 0 0 0 1 1 1 1 0 0 0 0 0 0 2 0 0 2 0 0 0 0 0 0 0 0 1 1 1 0 0 0 0 0 0 0 0 0 0 1 2 0 0 2 0 0 0 
0 0 0 0 0 1 1 0 2 0 2 0 2 0 0 0 0 0 1 0 2 0 0 0 0 0 2 0 2 0 16 16 16 2 0 0 0 0 1 17 17 17 0 0 0 0 0 0 18 16 16 2 0 0 0 0 0 0 0 0 17 17 17 0 0 0 0 0 0 16 16 16 0 1 2 0 0 2 16 16 16 
0
0 0 0 0 1 0 0 0 1 
0 0 0 0 0 1 1 0 2 0 2 0 2 0 0 0 0 0 1 0 2 0 0 0 0 0 2 0 2 0 0 0 0 2 0 0 0 0 1 1 1 1 0 0 0 0 0 0 2 0 0 2 0 0 0 0 0 0 0 0 1 1 1 0 0 1 0 0 0 0 0 0 0 1 2 0 0 2 0 0 0 
0 0 0 0 0 1 1 0 2 0 2 0 2 0 0 0 0 0 1 0 2 0 0 0 0 0 2 0 2 0 16 16 16 2 0 0 0 0 1 17 17 17 0 0 0 0 0 0 18 16 16 2 0 0 0 0 0 0 0 0 17 17 17 0 0 1 0 0 0 16 16 16 0 1 2 0 0 2 16 16 16 
0
0 0 0 0 1 0 0 0 1 
0 0 0 0 0 1 1 0 2 0 2 0 2 0 0 0 0 0 1 0 2 0 0 0 0 0 2 0 2 0 0 0 0 2 0 0 0 0 1 1 1 1 0 0 2 0 0 0 2 0 0 2 0 0 0 0 0 0 0 0 1 1 1 0 0 1 0 0 0 0 0 0 0 1 2 0 0 2 0 0 0 
0 0 0 0 0 1 1 0 2 0 2 0 2 0 0 0 0 0 1 0 2 0 0 0 0 0 2 0 2 0 16 16 16 2 0 0 0 0 1 17 17 17 0 0 2 0 0 0 18 16 16 2 0 0 0 0 0 0 0 0 17 17 17 0 0 1 0 0 0 16 16 16 0 1 2 0 0 2 16 16 16 
0
0 0 0 0 1 0 0 0 1 
0 0 0 0 0 1 1 0 2 0 2 0 2 0 0 0 0 0 1 0 2 0 0 0 0 0 2 0 2 0 0 0 0 2 0 0 0 0 1 1 1 1 0 0 2 0 0 0 2 0 0 2 1 0 0 0 0 0 0 0 1 1 1 0 0 1 0 0 0 0 0 0 0 1 2 0 0 2 0 0 0 
0 0 0 0 0 1 1 0 2 0 2 0 2 0 0 0 0 0 1 0 2 0 0 0 0 0 2 0 2 0 16 16 16 2 0 0 0 0 1 17 17 17 0 0 2 0 0 0 18 16 16 2 1 0 0 0 0 0 0 0 17 17 17 0 0 1 0 0 0 16 16 16 0 1 2 0 0 2 16 16 16 
0
0 0 0 0 1 0 0 0 1 
0 0 0 0 0 1 1 0 2 0 2 0 2 0 0 0 0 0 1 0 2 0 0 0 0 0 2 0 2 0 0 0 0 2 0 0 0 0 1 1 1 1 0 0 2 0 0 0 2 0 0 2 1 0 0 0 0 0 0 0 1 1 1 0 0 1 2 0 0 0 0 0 0 1 2 0 0 2 0 0 0 
0 0 0 0 0 1 1 0 2 0 2 0 2 0 0 0 0 0 1 0 2 0 0 0 0 0 2 0 2 0 16 16 16 2 0 0 0 0 1 17 17 17 0 0 2 0 0 0 18 16 16 2 1 0 0 0 0 0 0 0 17 17 17 0 0 1 2 0 0 16 16 16 0 1 2 0 0 2 16 16 16 
0
0 0 0 0 1 0 0 0 1 
0 0 0 0 0 1 1 0 2 0 2 0 2 0 0 0 0 0 1 0 2 0 0 0 0 0 2 0 2 0 0 0 0 2 0 0 1 0 1 1 1 1 0 0 2 0 0 0 2 0 0 2 1 0 0 0 0 0 0 0 1 1 1 0 0 1 2 0 0 0 0 0 0 1 2 0 0 2 0 0 0 
0 0 0 0 0 1 1 0 2 0 2 0 2 0 0 0 0 0 1 0 2 0 0 0 0 0 2 0 2 0 16 16 16 2 0 0 1 0 1 17 17 17 0 0 2 0 0 0 18 16 16 2 1 0 0 0 0 0 0 0 17 17 17 0 0 1 2 0 0 16 16 16 0 1 2 0 0 2 16 16 16 
0
0 0 0 0 1 0 0 0 1 
0 0 0 0 0 1 1 0 2 0 2 0 2 0 0 0 0 0 1 0 2 0 0 0 0 0 2 0 2 0 0 0 0 2 0 0 1 0 1 1 1 1 0 0 2 0 2 0 2 0 0 2 1 0 0 0 0 0 0 0 1 1 1 0 0 1 2 0 0 0 0 0 0 1 2 0 0 2 0 0 0 
0 0 0 0 0 1 1 0 2 0 2 0 2 0 0 0 0 0 1 0 2 0 0 0 0 0 2 0 2 0 16 16 16 2 0 0 1 0 1 17 17 17 0 0 2 0 2 0 18 16 16 2 1 0 0 0 0 0 0 0 17 17 17 0 0 1 2 0 0 16 16 16 0 1 2 0 0 2 16 16 16 
0
0 0 0 0 1 0 0 0 1 
0 0 0 0 0 1 1 0 2 0 2 0 2 0 0 0 0 0 1 0 2 0 0 0 0 0 2 0 2 0 0 0 0 2 0 0 1 0 1 1 1 1 0 0 2 0 2 0 2 0 0 2 1 0 0 0 0 0 1 0 1 1 1 0 0 1 2 0 0 0 0 0 0 1 2 0 0 2 0 0 0 
0 0 0 0 0 1 1 0 2 0 2 0 2 0 0 0 0 0 1 0 2 0 0 0 0 0 2 0 2 0 16 16 16 2 0 0 1 0 1 17 17 17 0 0 2 0 2 0 18 16 16 2 1 0 0 0 0 0 1 0 17 17 17 0 0 1 2 0 0 16 16 16 0 1 2 0 0 2 16 16 16 
0
0 0 0 0 1 0 0 0 1 
0 0 0 0 0 1 1 0 2 0 2 0 2 0 2 0 0 0 1 0 2 0 0 0 0 0 2 0 2 0 0 0 0 2 0 0 1 0 1 1 1 1 0 0 2 0 2 0 2 0 0 2 1 0 0 0 0 0 1 0 1 1 1 0 0 1 2 0 0 0 0 0 0 1 2 0 0 2 0 0 0 
0 0 0 0 0 1 1 0 2 0 2 0 2 0 2 0 0 0 1 0 2 0 0 0 0 0 2 0 2 0 16 16 16 2 0 0 1 0 1 17 17 17 0 0 2 0 2 0 18 16 16 2 1 0 0 0 0 0 1 0 17 17 17 0 0 1 2 0 0 16 16 16 0 1 2 0 0 2 16 16 16 
0
0 0 0 0 1 0 0 0 1 
0 0 0 0 0 1 1 0 2 0 2 0 2 0 2 0 0 0 1 0 2 0 0 0 0 0 2 0 2 0 0 0 0 2 1 0 1 0 1 1 1 1 0 0 2 0 2 0 2 0 0 2 1 0 0 0 0 0 1 0 1 1 1 0 0 1 2 0 0 0 0 0 0 1 2 0 0 2 0 0 0 
0 0 0 0 0 1 1 0 2 0 2 0 2 0 2 0 0 0 1 0 2 0 0 0 0 0 2 0 2 0 16 16 16 2 1 0 1 0 1 17 17 17 0 0 2 0 2 0 18 16 16 2 1 0 0 0 0 0 1 0 17 17 17 0 0 1 2 0 0 16 16 16 0 1 2 0 0 2 16 16 16 
0
0 0 0 0 1 0 0 0 1 
0 0 0 0 0 1 1 0 2 0 2 0 2 0 2 0 0 0 1 0 2 2 0 0 0 0 2 0 2 0 0 0 0 2 1 0 1 0 1 1 1 1 0 0 2 0 2 0 2 0 0 2 1 0 0 0 0 0 1 0 1 1 1 0 0 1 2 0 0 0 0 0 0 1 2 0 0 2 0 0 0 
0 0 0 0 0 1 1 0 2 0 2 0 2 0 2 0 0 0 1 0 2 2 0 0 0 0 2 0 2 0 16 16 16 2 1 0 1 0 1 17 17 17 0 0 2 0 2 0 18 16 16 2 1 0 0 0 0 0 1 0 17 17 17 0 0 1 2 0 0 16 16 16 0 1 2 0 0 2 16 16 16 
0
0 0 0 0 1 0 0 0 1 
0 0 0 0 0 1 1 0 2 0 2 0 2 0 2 0 0 0 1 0 2 2 0 0 0 0 2 0 2 0 0 0 0 2 1 0 1 0 1 1 1 1 0 0 2 0 2 0 2 0 0 2 1 0 0 0 0 0 1 0 1 1 1 1 0 1 2 0 0 0 0 0 0 1 2 0 0 2 0 0 0 
0 0 0 0 0 1 1 0 2 0 2 0 2 0 2 0 0 0 1 0 2 2 0 0 0 0 2 0 2 0 16 16 16 2 1 0 1 0 1 17 17 17 0 0 2 0 2 0 18 16 16 2 1 0 0 0 0 0 1 0 17 17 17 1 0 1 2 0 0 16 16 16 0 1 2 0 0 2 16 16 16 
0
0 0 0 2 1 0 0 0 1 
0 0 0 0 0 1 1 0 2 0 2 0 2 0 2 0 0 0 1 0 2 2 0 0 0 0 2 0 2 0 0 0 0 2 1 0 1 2 1 1 1 1 0 0 2 0 2 0 2 0 0 2 1 0 0 0 0 0 1 0 1 1 1 1 0 1 2 0 0 0 0 0 0 1 2 0 0 2 0 0 0 
0 0 0 0 0 1 1 0 2 0 2 0 2 0 2 0 0 0 1 0 2 2 0 0 0 0 2 32 34 32 16 16 16 2 1 0 33 34 33 17 17 17 0 0 2 32 34 32 18 16 16 2 1 0 0 0 0 0 1 0 17 17 17 1 0 1 2 0 0 16 16 16 0 1 2 0 0 2 16 16 16 
0
0 0 0 2 1 0 0 0 1 
0 0 0 0 0 1 1 0 2 0 2 1 2 0 2 0 0 0 1 0 2 2 0 0 0 0 2 0 2 0 0 0 0 2 1 0 1 2 1 1 1 1 0 0 2 0 2 0 2 0 0 2 1 0 0 0 0 0 1 0 1 1 1 1 0 1 2 0 0 0 0 0 0 1 2 0 0 2 0 0 0 
0 0 0 0 0 1 1 0 2 0 2 1 2 0 2 0 0 0 1 0 2 2 0 0 0 0 2 32 34 32 16 16 16 2 1 0 33 34 33 17 17 17 0 0 2 32 34 32 18 16 16 2 1 0 0 0 0 0 1 0 17 17 17 1 0 1 2 0 0 16 16 16 0 1 2 0 0 2 16 16 16 
0
0 0 0 2 1 0 0 0 1 
0 0 0 0 0 1 1 0 2 0 2 1 2 0 2 0 0 0 1 0 2 2 0 0 0 0 2 0 2 0 0 0 0 2 1 0 1 2 1 1 1 1 0 2 2 0 2 0 2 0 0 2 1 0 0 0 0 0 1 0 1 1 1 1 0 1 2 0 0 0 0 0 0 1 2 0 0 2 0 0 0 
0 0 0 0 0 1 1 0 2 0 2 1 2 0 2 0 0 0 1 0 2 2 0 0 0 0 2 32 34 32 16 16 16 2 1 0 33 34 33 17 17 17 0 2 2 32 34 32 18 16 16 2 1 0 0 0 0 0 1 0 17 17 17 1 0 1 2 0 0 16 16 16 0 1 2 0 0 2 16 16 16 
0
0 0 0 2 1 0 0 0 1 
1 0 0 0 0 1 1 0 2 0 2 1 2 0 2 0 0 0 1 0 2 2 0 0 0 0 2 0 2 0 0 0 0 2 1 0 1 2 1 1 1 1 0 2 2 0 2 0 2 0 0 2 1 0 0 0 0 0 1 0 1 1 1 1 0 1 2 0 0 0 0 0 0 1 2 0 0 2 0 0 0 
1 0 0 0 0 1 1 0 2 0 2 1 2 0 2 0 0 0 1 0 2 2 0 0 0 0 2 32 34 32 16 16 16 2 1 0 33 34 33 17 17 17 0 2 2 32 34 32 18 16 16 2 1 0 0 0 0 0 1 0 17 17 17 1 0 1 2 0 0 16 16 16 0 1 2 0 0 2 16 16 16 
0
0 0 0 2 1 0 0 0 1 
1 0 0 0 0 1 1 0 2 0 2 1 2 0 2 0 0 0 1 2 2 2 0 0 0 0 2 0 2 0 0 0 0 2 1 0 1 2 1 1 1 1 0 2 2 0 2 0 2 0 0 2 1 0 0 0 0 0 1 0 1 1 1 1 0 1 2 0 0 0 0 0 0 1 2 0 0 2 0 0 0 
1 0 0 0 0 1 1 0 2 0 2 1 2 0 2 0 0 0 1 2 2 2 0 0 0 0 2 32 34 32 16 16 16 2 1 0 33 34 33 17 17 17 0 2 2 32 34 32 18 16 16 2 1 0 0 0 0 0 1 0 17 17 17 1 0 1 2 0 0 16 16 16 0 1 2 0 0 2 16 16 16 
0
0 0 0 2 1 0 0 0 1 
1 0 0 0 0 1 1 0 2 0 2 1 2 0 2 0 0 0 1 2 2 2 0 0 0 0 2 0 2 0 0 0 0 2 1 0 1 2 1 1 1 1 0 2 2 0 2 0 2 0 0 2 1 0 0 0 0 0 1 0 1 1 1 1 0 1 2 0 1 0 0 0 0 1 2 0 0 2 0 0 0 
1 0 0 0 0 1 1 0 2 0 2 1 2 0 2 0 0 0 1 2 2 2 0 0 0 0 2 32 34 32 16 16 16 2 1 0 33 34 33 17 17 17 0 2 2 32 34 32 18 16 16 2 1 0 0 0 0 0 1 0 17 17 17 1 0 1 2 0 1 16 16 16 0 1 2 0 0 2 16 16 16 
0
0 0 0 2 1 2 0 0 1 
1 0 0 0 0 1 1 0 2 0 2 1 2 0 2 0 0 0 1 2 2 2 0 0 0 0 2 0 2 0 0 0 0 2 1 2 1 2 1 1 1 1 0 2 2 0 2 0 2 0 0 2 1 0 0 0 0 0 1 0 1 1 1 1 0 1 2 0 1 0 0 0 0 1 2 0 0 2 0 0 0 
1 0 0 0 0 1 1 0 2 0 2 1 2 0 2 0 0 0 1 2 2 2 0 0 0 0 2 32 34 32 16 16 16 34 33 34 33 34 33 17 17 17 32 34 34 32 34 32 18 16 16 34 33 32 0 0 0 0 1 0 17 17 17 1 0 1 2 0 1 16 16 16 0 1 2 0 0 2 16 16 16 
0
0 0 0 2 1 2 0 0 1 
1 0 0 0 0 1 1 0 2 0 2 1 2 0 2 0 0 0 1 2 2 2 0 0 1 0 2 0 2 0 0 0 0 2 1 2 1 2 1 1 1 1 0 2 2 0 2 0 2 0 0 2 1 0 0 0 0 0 1 0 1 1 1 1 0 1 2 0 1 0 0 0 0 1 2 0 0 2 0 0 0 
1 0 0 0 0 1 1 0 2 0 2 1 2 0 2 0 0 0 1 2 2 2 0 0 1 0 2 32 34 32 16 16 16 34 33 34 33 34 33 17 17 17 32 34 34 32 34 32 18 16 16 34 33 32 0 0 0 0 1 0 17 17 17 1 0 1 2 0 1 16 16 16 0 1 2 0 0 2 16 16 16 
0
0 0 0 2 1 2 0 0 1 
1 0 0 0 0 1 1 0 2 0 2 1 2 0 2 0 0 0 1 2 2 2 0 0 1 0 2 0 2 0 0 0 0 2 1 2 1 2 1 1 1 1 0 2 2 0 2 0 2 0 0 2 1 0 0 0 2 0 1 0 1 1 1 1 0 1 2 0 1 0 0 0 0 1 2 0 0 2 0 0 0 
1 0 0 0 0 1 1 0 2 0 2 1 2 0 2 0 0 0 1 2 2 2 0 0 1 0 2 32 34 32 16 16 16 34 33 34 33 34 33 17 17 17 32 34 34 32 34 32 18 16 16 34 33 32 0 0 2 0 1 0 17 17 17 1 0 1 2 0 1 16 16 16 0 1 2 0 0 2 16 16 16 
0
0 0 0 2 1 2 0 0 1 
1 0 0 0 0 1 1 0 2 0 2 1 2 0 2 0 0 1 1 2 2 2 0 0 1 0 2 0 2 0 0 0 0 2 1 2 1 2 1 1 1 1 0 2 2 0 2 0 2 0 0 2 1 0 0 0 2 0 1 0 1 1 1 1 0 1 2 0 1 0 0 0 0 1 2 0 0 2 0 0 0 
1 0 0 0 0 1 1 0 2 0 2 1 2 0 2 0 0 1 1 2 2 2 0 0 1 0 2 32 34 32 16 16 16 34 33 34 33 34 33 17 17 17 32 34 34 32 34 32 18 16 16 34 33 32 0 0 2 0 1 0 17 17 17 1 0 1 2 0 1 16 16 16 0 1 2 0 0 2 16 16 16 
0
0 0 0 2 1 2 0 0 1 
1 0 0 0 2 1 1 0 2 0 2 1 2 0 2 0 0 1 1 2 2 2 0 0 1 0 2 0 2 0 0 0 0 2 1 2 1 2 1 1 1 1 0 2 2 0 2 0 2 0 0 2 1 0 0 0 2 0 1 0 1 1 1 1 0 1 2 0 1 0 0 0 0 1 2 0 0 2 0 0 0 
1 0 0 0 2 1 1 0 2 0 2 1 2 0 2 0 0 1 1 2 2 2 0 0 1 0 2 32 34 32 16 16 16 34 33 34 33 34 33 17 17 17 32 34 34 32 34 32 18 16 16 34 33 32 0 0 2 0 1 0 17 17 17 1 0 1 2 0 1 16 16 16 0 1 2 0 0 2 16 16 16 
0
0 0 0 2 1 2 0 0 1 
1 0 0 0 2 1 1 0 2 0 2 1 2 0 2 0 0 1 1 2 2 2 0 1 1 0 2 0 2 0 0 0 0 2 1 2 1 2 1 1 1 1 0 2 2 0 2 0 2 0 0 2 1 0 0 0 2 0 1 0 1 1 1 1 0 1 2 0 1 0 0 0 0 1 2 0 0 2 0 0 0 
1 0 0 0 2 1 1 0 2 0 2 1 2 0 2 0 0 1 1 2 2 2 0 1 1 0 2 32 34 32 16 16 16 34 33 34 33 34 33 17 17 17 32 34 34 32 34 32 18 16 16 34 33 32 0 0 2 0 1 0 17 17 17 1 0 1 2 0 1 16 16 16 0 1 2 0 0 2 16 16 16 
0
2 0 0 2 1 2 0 0 1 
1 2 0 0 2 1 1 0 2 0 2 1 2 0 2 0 0 1 1 2 2 2 0 1 1 0 2 0 2 0 0 0 0 2 1 2 1 2 1 1 1 1 0 2 2 0 2 0 2 0 0 2 1 0 0 0 2 0 1 0 1 1 1 1 0 1 2 0 1 0 0 0 0 1 2 0 0 2 0 0 0 
33 34 32 0 2 1 1 0 2 32 34 33 2 0 2 0 0 1 33 34 34 2 0 1 1 0 2 32 34 32 16 16 16 34 33 34 33 34 33 17 17 17 32 34 34 32 34 32 18 16 16 34 33 32 0 0 2 0 1 0 17 17 17 1 0 1 2 0 1 16 16 16 0 1 2 0 0 2 16 16 16 
0
2 0 0 2 1 2 0 0 1 
1 2 0 0 2 1 1 0 2 0 2 1 2 1 2 0 0 1 1 2 2 2 0 1 1 0 2 0 2 0 0 0 0 2 1 2 1 2 1 1 1 1 0 2 2 0 2 0 2 0 0 2 1 0 0 0 2 0 1 0 1 1 1 1 0 1 2 0 1 0 0 0 0 1 2 0 0 2 0 0 0 
33 34 32 0 2 1 1 0 2 32 34 33 2 1 2 0 0 1 33 34 34 2 0 1 1 0 2 32 34 32 16 16 16 34 33 34 33 34 33 17 17 17 32 34 34 32 34 32 18 16 16 34 33 32 0 0 2 0 1 0 17 17 17 1 0 1 2 0 1 16 16 16 0 1 2 0 0 2 16 16 16 
0
2 0 0 2 1 2 0 0 1 
1 2 0 0 2 1 1 0 2 0 2 1 2 1 2 0 0 1 1 2 2 2 0 1 1 0 2 0 2 0 0 0 0 2 1 2 1 2 1 1 1 1 0 2 2 0 2 0 2 0 0 2 1 0 0 0 2 0 1 0 1 1 1 1 2 1 2 0 1 0 0 0 0 1 2 0 0 2 0 0 0 
33 34 32 0 2 1 1 0 2 32 34 33 2 1 2 0 0 1 33 34 34 2 0 1 1 0 2 32 34 32 16 16 16 34 33 34 33 34 33 17 17 17 32 34 34 32 34 32 18 16 16 34 33 32 0 0 2 0 1 0 17 17 17 1 2 1 2 0 1 16 16 16 0 1 2 0 0 2 16 16 16 
0
2 0 0 2 1 2 0 0 1 
1 2 0 0 2 1 1 0 2 0 2 1 2 1 2 0 0 1 1 2 2 2 0 1 1 1 2 0 2 0 0 0 0 2 1 2 1 2 1 1 1 1 0 2 2 0 2 0 2 0 0 2 1 0 0 0 2 0 1 0 1 1 1 1 2 1 2 0 1 0 0 0 0 1 2 0 0 2 0 0 0 
33 34 32 0 2 1 1 0 2 32 34 33 2 1 2 0 0 1 33 34 34 2 0 1 1 1 2 32 34 32 16 16 16 34 33 34 33 34 33 17 17 17 32 34 34 32 34 32 18 16 16 34 33 32 0 0 2 0 1 0 17 17 17 1 2 1 2 0 1 16 16 16 0 1 2 0 0 2 16 16 16 
0
2 0 0 2 1 2 0 0 1 
1 2 0 0 2 1 1 0 2 0 2 1 2 1 2 0 0 1 1 2 2 2 0 1 1 1 2 0 2 0 0 0 0 2 1 2 1 2 1 1 1 1 0 2 2 0 2 0 2 0 0 2 1 0 0 0 2 0 1 2 1 1 1 1 2 1 2 0 1 0 0 0 0 1 2 0 0 2 0 0 0 
33 34 32 0 2 1 1 0 2 32 34 33 2 1 2 0 0 1 33 34 34 2 0 1 1 1 2 32 34 32 16 16 16 34 33 34 33 34 33 17 17 17 32 34 34 32 34 32 18 16 16 34 33 32 0 0 2 0 1 2 17 17 17 1 2 1 2 0 1 16 16 16 0 1 2 0 0 2 16 16 16 
0
2 0 0 2 1 2 0 0 1 
1 2 0 0 2 1 1 1 2 0 2 1 2 1 2 0 0 1 1 2 2 2 0 1 1 1 2 0 2 0 0 0 0 2 1 2 1 2 1 1 1 1 0 2 2 0 2 0 2 0 0 2 1 0 0 0 2 0 1 2 1 1 1 1 2 1 2 0 1 0 0 0 0 1 2 0 0 2 0 0 0 
33 34 32 0 2 1 1 1 2 32 34 33 2 1 2 0 0 1 33 34 34 2 0 1 1 1 2 32 34 32 16 16 16 34 33 34 33 34 33 17 17 17 32 34 34 32 34 32 18 16 16 34 33 32 0 0 2 0 1 2 17 17 17 1 2 1 2 0 1 16 16 16 0 1 2 0 0 2 16 16 16 
0
2 2 0 2 1 2 0 0 1 
1 2 0 2 2 1 1 1 2 0 2 1 2 1 2 0 0 1 1 2 2 2 0 1 1 1 2 0 2 0 0 0 0 2 1 2 1 2 1 1 1 1 0 2 2 0 2 0 2 0 0 2 1 0 0 0 2 0 1 2 1 1 1 1 2 1 2 0 1 0 0 0 0 1 2 0 0 2 0 0 0 
33 34 32 34 34 33 1 1 2 32 34 33 34 33 34 0 0 1 33 34 34 34 32 33 1 1 2 32 34 32 16 16 16 34 33 34 33 34 33 17 17 17 32 34 34 32 34 32 18 16 16 34 33 32 0 0 2 0 1 2 17 17 17 1 2 1 2 0 1 16 16 16 0 1 2 0 0 2 16 16 16 
0
2 2 0 2 1 2 0 0 1 
1 2 0 2 2 1 1 1 2 0 2 1 2 1 2 0 0 1 1 2 2 2 0 1 1 1 2 0 2 0 0 0 0 2 1 2 1 2 1 1 1 1 0 2 2 0 2 0 2 0 0 2 1 0 0 0 2 0 1 2 1 1 1 1 2 1 2 0 1 0 0 0 0 1 2 0 1 2 0 0 0 
33 34 32 34 34 33 1 1 2 32 34 33 34 33 34 0 0 1 33 34 34 34 32 33 1 1 2 32 34 32 16 16 16 34 33 34 33 34 33 17 17 17 32 34 34 32 34 32 18 16 16 34 33 32 0 0 2 0 1 2 17 17 17 1 2 1 2 0 1 16 16 16 0 1 2 0 1 2 16 16 16 
0
2 2 0 2 1 2 0 0 1 
1 2 0 2 2 1 1 1 2 0 2 1 2 1 2 0 0 1 1 2 2 2 0 1 1 1 2 0 2 0 0 0 0 2 1 2 1 2 1 1 1 1 0 2 2 0 2 0 2 0 0 2 1 0 0 0 2 2 1 2 1 1 1 1 2 1 2 0 1 0 0 0 0 1 2 0 1 2 0 0 0 
33 34 32 34 34 33 1 1 2 32 34 33 34 33 34 0 0 1 33 34 34 34 32 33 1 1 2 32 34 32 16 16 16 34 33 34 33 34 33 17 17 17 32 34 34 32 34 32 18 16 16 34 33 32 0 0 2 2 1 2 17 17 17 1 2 1 2 0 1 16 16 16 0 1 2 0 1 2 16 16 16 
0
2 2 0 2 1 2 0 1 1 
1 2 0 2 2 1 1 1 2 0 2 1 2 1 2 0 0 1 1 2 2 2 0 1 1 1 2 0 2 0 0 0 0 2 1 2 1 2 1 1 1 1 0 2 2 0 2 0 2 0 0 2 1 0 0 0 2 2 1 2 1 1 1 1 2 1 2 1 1 0 0 0 0 1 2 0 1 2 0 0 0 
33 34 32 34 34 33 1 1 2 32 34 33 34 33 34 0 0 1 33 34 34 34 32 33 1 1 2 32 34 32 16 16 16 34 33 34 33 34 33 17 17 17 32 34 34 32 34 32 18 16 16 34 33 32 0 0 2 18 17 18 17 17 17 1 2 1 18 17 17 16 16 16 0 1 2 16 17 18 16 16 16 
0
2 2 0 2 1 2 0 1 1 
1 2 0 2 2 1 1 1 2 0 2 1 2 1 2 2 0 1 1 2 2 2 0 1 1 1 2 0 2 0 0 0 0 2 1 2 1 2 1 1 1 1 0 2 2 0 2 0 2 0 0 2 1 0 0 0 2 2 1 2 1 1 1 1 2 1 2 1 1 0 0 0 0 1 2 0 1 2 0 0 0 
33 34 32 34 34 33 1 1 2 32 34 33 34 33 34 2 0 1 33 34 34 34 32 33 1 1 2 32 34 32 16 16 16 34 33 34 33 34 33 17 17 17 32 34 34 32 34 32 18 16 16 34 33 32 0 0 2 18 17 18 17 17 17 1 2 1 18 17 17 16 16 16 0 1 2 16 17 18 16 16 16 
0
2 2 0 2 1 2 0 1 1 
1 2 0 2 2 1 1 1 2 0 2 1 2 1 2 2 0 1 1 2 2 2 0 1 1 1 2 0 2 0 0 0 0 2 1 2 1 2 1 1 1 1 0 2 2 0 2 0 2 0 0 2 1 0 0 0 2 2 1 2 1 1 1 1 2 1 2 1 1 0 0 0 1 1 2 0 1 2 0 0 0 
33 34 32 34 34 33 1 1 2 32 34 33 34 33 34 2 0 1 33 34 34 34 32 33 1 1 2 32 34 32 16 16 16 34 33 34 33 34 33 17 17 17 32 34 34 32 34 32 18 16 16 34 33 32 0 0 2 18 17 18 17 17 17 1 2 1 18 17 17 16 16 16 1 1 2 16 17 18 16 16 16 
0
2 2 0 2 1 2 2 1 1 
1 2 0 2 2 1 1 1 2 0 2 1 2 1 2 2 0 1 1 2 2 2 0 1 1 1 2 0 2 0 0 0 0 2 1 2 1 2 1 1 1 1 0 2 2 0 2 0 2 0 0 2 1 0 2 0 2 2 1 2 1 1 1 1 2 1 2 1 1 0 0 0 1 1 2 0 1 2 0 0 0 
33 34 32 34 34 33 1 1 2 32 34 33 34 33 34 2 0 1 33 34 34 34 32 33 1 1 2 32 34 32 16 16 16 34 33 34 33 34 33 17 17 17 32 34 34 32 34 32 18 16 16 34 33 32 34 32 34 18 17 18 17 17 17 33 34 33 18 17 17 16 16 16 33 33 34 16 17 18 16 16 16 
0
2 2 0 2 1 2 2 1 1 
1 2 0 2 2 1 1 1 2 0 2 1 2 1 2 2 0 1 1 2 2 2 0 1 1 1 2 0 2 0 0 0 0 2 1 2 1 2 1 1 1 1 0 2 2 0 2 0 2 0 0 2 1 0 2 0 2 2 1 2 1 1 1 1 2 1 2 1 1 0 0 0 1 1 2 0 1 2 0 0 0 
33 34 32 34 34 33 1 1 2 32 34 33 34 33 34 2 0 1 33 34 34 34 32 33 1 1 2 32 34 32 16 16 16 34 33 34 33 34 33 17 17 17 32 34 34 32 34 32 18 16 16 34 33 32 34 32 34 18 17 18 17 17 17 33 34 33 18 17 17 16 16 16 33 33 34 16 17 18 16 16 16 
0
