0 0 0 0 0 0 0 0 0 
0 0 0 0 0 0 0 0 0 0 0 0 0 0 0 0 0 0 0 0 0 0 0 0 0 0 0 0 0 0 0 0 0 0 0 0 0 0 0 0 1 0 0 0 0 0 0 0 0 0 0 0 0 0 0 0 0 0 0 0 0 0 0 0 0 0 0 0 0 0 0 0 0 0 0 0 0 0 0 0 0 
0 0 0 0 0 0 0 0 0 0 0 0 0 0 0 0 0 0 0 0 0 0 0 0 0 0 0 0 0 0 0 0 0 0 0 0 0 0 0 0 1 0 0 0 0 0 0 0 0 0 0 0 0 0 0 0 0 0 0 0 0 0 0 0 0 0 0 0 0 0 0 0 0 0 0 0 0 0 0 0 0 
0
0 0 0 0 0 0 0 0 0 
0 0 0 0 0 0 0 0 0 0 0 0 0 0 0 0 0 0 0 0 0 0 0 0 0 0 0 0 0 0 0 0 0 0 0 0 0 0 0 2 1 0 0 0 0 0 0 0 0 0 0 0 0 0 0 0 0 0 0 0 0 0 0 0 0 0 0 0 0 0 0 0 0 0 0 0 0 0 0 0 0 
0 0 0 0 0 0 0 0 0 0 0 0 0 0 0 0 0 0 0 0 0 0 0 0 0 0 0 0 0 0 0 0 0 0 0 0 0 0 0 2 1 0 0 0 0 0 0 0 0 0 0 0 0 0 0 0 0 0 0 0 0 0 0 0 0 0 0 0 0 0 0 0 0 0 0 0 0 0 0 0 0 
0
0 0 0 0 0 0 0 0 0 
0 0 0 0 0 0 0 0 0 0 0 0 0 0 0 0 0 0 0 0 0 0 0 0 0 0 0 0 0 0 0 0 0 0 0 0 0 0 0 2 1 0 0 0 0 0 0 1 0 0 0 0 0 0 0 0 0 0 0 0 0 0 0 0 0 0 0 0 0 0 0 0 0 0 0 0 0 0 0 0 0 
0 0 0 0 0 0 0 0 0 0 0 0 0 0 0 0 0 0 0 0 0 0 0 0 0 0 0 0 0 0 0 0 0 0 0 0 0 0 0 2 1 0 0 0 0 0 0 1 0 0 0 0 0 0 0 0 0 0 0 0 0 0 0 0 0 0 0 0 0 0 0 0 0 0 0 0 0 0 0 0 0 
0
0 0 0 0 0 0 0 0 0 
0 0 0 0 0 0 0 0 0 0 0 0 0 0 0 0 0 0 0 0 0 0 0 0 0 0 0 0 0 0 0 0 0 0 0 0 0 0 0 2 1 0 0 0 0 0 0 1 0 0 0 0 0 0 0 0 0 0 0 0 0 2 0 0 0 0 0 0 0 0 0 0 0 0 0 0 0 0 0 0 0 
0 0 0 0 0 0 0 0 0 0 0 0 0 0 0 0 0 0 0 0 0 0 0 0 0 0 0 0 0 0 0 0 0 0 0 0 0 0 0 2 1 0 0 0 0 0 0 1 0 0 0 0 0 0 0 0 0 0 0 0 0 2 0 0 0 0 0 0 0 0 0 0 0 0 0 0 0 0 0 0 0 
0
0 0 0 0 0 0 0 0 0 
0 0 0 0 0 0 0 0 0 0 0 0 0 0 0 0 0 0 0 0 0 1 0 0 0 0 0 0 0 0 0 0 0 0 0 0 0 0 0 2 1 0 0 0 0 0 0 1 0 0 0 0 0 0 0 0 0 0 0 0 0 2 0 0 0 0 0 0 0 0 0 0 0 0 0 0 0 0 0 0 0 
0 0 0 0 0 0 0 0 0 0 0 0 0 0 0 0 0 0 0 0 0 1 0 0 0 0 0 0 0 0 0 0 0 0 0 0 0 0 0 2 1 0 0 0 0 0 0 1 0 0 0 0 0 0 0 0 0 0 0 0 0 2 0 0 0 0 0 0 0 0 0 0 0 0 0 0 0 0 0 0 0 
0
0 0 0 0 0 0 0 0 0 
0 0 0 0 0 0 0 0 0 0 0 0 0 0 0 0 0 0 0 0 0 1 0 0 0 0 0 0 0 0 0 0 0 0 0 0 0 0 0 2 1 0 0 0 0 0 0 1 0 0 0 0 0 0 0 0 0 0 0 0 0 2 0 0 0 0 0 0 0 0 0 0 2 0 0 0 0 0 0 0 0 
0 0 0 0 0 0 0 0 0 0 0 0 0 0 0 0 0 0 0 0 0 1 0 0 0 0 0 0 0 0 0 0 0 0 0 0 0 0 0 2 1 0 0 0 0 0 0 1 0 0 0 0 0 0 0 0 0 0 0 0 0 2 0 0 0 0 0 0 0 0 0 0 2 0 0 0 0 0 0 0 0 
0
0 0 0 0 0 0 0 0 0 
0 0 0 0 0 0 0 0 0 0 0 0 0 0 0 0 0 0 0 0 0 1 0 0 0 0 0 0 0 0 0 0 0 0 0 0 0 0 0 2 1 0 0 0 0 0 0 1 0 0 0 0 0 0 0 0 1 0 0 0 0 2 0 0 0 0 0 0 0 0 0 0 2 0 0 0 0 0 0 0 0 
0 0 0 0 0 0 0 0 0 0 0 0 0 0 0 0 0 0 0 0 0 1 0 0 0 0 0 0 0 0 0 0 0 0 0 0 0 0 0 2 1 0 0 0 0 0 0 1 0 0 0 0 0 0 0 0 1 0 0 0 0 2 0 0 0 0 0 0 0 0 0 0 2 0 0 0 0 0 0 0 0 
0
0 0 0 0 0 0 0 0 0 
0 0 0 0 0 0 0 0 0 0 0 0 0 0 0 0 0 0 0 0 0 1 0 0 0 2 0 0 0 0 0 0 0 0 0 0 0 0 0 2 1 0 0 0 0 0 0 1 0 0 0 0 0 0 0 0 1 0 0 0 0 2 0 0 0 0 0 0 0 0 0 0 2 0 0 0 0 0 0 0 0 
0 0 0 0 0 0 0 0 0 0 0 0 0 0 0 0 0 0 0 0 0 1 0 0 0 2 0 0 0 0 0 0 0 0 0 0 0 0 0 2 1 0 0 0 0 0 0 1 0 0 0 0 0 0 0 0 1 0 0 0 0 2 0 0 0 0 0 0 0 0 0 0 2 0 0 0 0 0 0 0 0 
0
0 0 0 0 0 0 0 0 0 
0 0 0 0 0 0 0 0 0 0 0 0 0 0 0 0 0 0 0 0 0 1 0 0 0 2 0 0 0 0 0 0 0 0 0 0 0 0 0 2 1 0 0 0 0 0 0 1 0 0 0 0 0 0 0 0 1 1 0 0 0 2 0 0 0 0 0 0 0 0 0 0 2 0 0 0 0 0 0 0 0 
0 0 0 0 0 0 0 0 0 0 0 0 0 0 0 0 0 0 0 0 0 1 0 0 0 2 0 0 0 0 0 0 0 0 0 0 0 0 0 2 1 0 0 0 0 0 0 1 0 0 0 0 0 0 0 0 1 1 0 0 0 2 0 0 0 0 0 0 0 0 0 0 2 0 0 0 0 0 0 0 0 
0
0 0 0 0 0 0 0 0 0 
0 0 0 0 0 0 0 0 0 0 0 0 0 0 0 0 0 0 0 0 2 1 0 0 0 2 0 0 0 0 0 0 0 0 0 0 0 0 0 2 1 0 0 0 0 0 0 1 0 0 0 0 0 0 0 0 1 1 0 0 0 2 0 0 0 0 0 0 0 0 0 0 2 0 0 0 0 0 0 0 0 
0 0 0 0 0 0 0 0 0 0 0 0 0 0 0 0 0 0 0 0 2 1 0 0 0 2 0 0 0 0 0 0 0 0 0 0 0 0 0 2 1 0 0 0 0 0 0 1 0 0 0 0 0 0 0 0 1 1 0 0 0 2 0 0 0 0 0 0 0 0 0 0 2 0 0 0 0 0 0 0 0 
0
0 0 0 0 0 0 0 0 0 
0 0 0 0 0 0 0 0 0 0 0 0 0 0 0 0 0 0 0 0 2 1 0 0 0 2 0 0 0 0 0 0 0 0 0 0 0 0 0 2 1 0 0 0 0 0 0 1 0 0 0 0 0 0 0 0 1 1 0 0 0 2 0 0 0 0 0 0 0 0 0 0 2 0 0 0 0 0 0 1 0 
0 0 0 0 0 0 0 0 0 0 0 0 0 0 0 0 0 0 0 0 2 1 0 0 0 2 0 0 0 0 0 0 0 0 0 0 0 0 0 2 1 0 0 0 0 0 0 1 0 0 0 0 0 0 0 0 1 1 0 0 0 2 0 0 0 0 0 0 0 0 0 0 2 0 0 0 0 0 0 1 0 
0
0 0 0 0 0 0 0 0 0 
0 0 0 0 0 0 0 0 0 0 0 0 0 0 0 0 0 0 0 0 2 1 0 0 0 2 0 0 0 0 0 0 0 0 0 0 0 0 0 2 1 0 0 0 0 0 0 1 0 0 0 0 0 0 0 0 1 1 0 0 0 2 0 0 0 0 0 0 0 0 0 0 2 0 0 2 0 0 0 1 0 
0 0 0 0 0 0 0 0 0 0 0 0 0 0 0 0 0 0 0 0 2 1 0 0 0 2 0 0 0 0 0 0 0 0 0 0 0 0 0 2 1 0 0 0 0 0 0 1 0 0 0 0 0 0 0 0 1 1 0 0 0 2 0 0 0 0 0 0 0 0 0 0 2 0 0 2 0 0 0 1 0 
0
0 0 0 0 0 0 0 0 0 
0 0 0 0 0 0 0 0 0 0 0 0 0 0 0 0 0 0 0 0 2 1 0 0 0 2 0 0 0 0 0 0 0 0 0 0 0 0 0 2 1 0 0 0 0 0 0 1 0 0 0 0 0 0 0 1 1 1 0 0 0 2 0 0 0 0 0 0 0 0 0 0 2 0 0 2 0 0 0 1 0 
0 0 0 0 0 0 0 0 0 0 0 0 0 0 0 0 0 0 0 0 2 1 0 0 0 2 0 0 0 0 0 0 0 0 0 0 0 0 0 2 1 0 0 0 0 0 0 1 0 0 0 0 0 0 0 1 1 1 0 0 0 2 0 0 0 0 0 0 0 0 0 0 2 0 0 2 0 0 0 1 0 
0
0 0 0 0 0 0 0 0 0 
0 0 0 0 0 0 0 0 0 0 0 0 0 0 2 0 0 0 0 0 2 1 0 0 0 2 0 0 0 0 0 0 0 0 0 0 0 0 0 2 1 0 0 0 0 0 0 1 0 0 0 0 0 0 0 1 1 1 0 0 0 2 0 0 0 0 0 0 0 0 0 0 2 0 0 2 0 0 0 1 0 
0 0 0 0 0 0 0 0 0 0 0 0 0 0 2 0 0 0 0 0 2 1 0 0 0 2 0 0 0 0 0 0 0 0 0 0 0 0 0 2 1 0 0 0 0 0 0 1 0 0 0 0 0 0 0 1 1 1 0 0 0 2 0 0 0 0 0 0 0 0 0 0 2 0 0 2 0 0 0 1 0 
0
0 0 0 0 0 0 0 0 0 
0 0 0 0 0 0 0 0 0 0 0 0 0 0 2 0 0 0 0 0 2 1 0 0 0 2 0 0 0 0 0 0 0 0 0 0 0 0 0 2 1 0 0 0 1 0 0 1 0 0 0 0 0 0 0 1 1 1 0 0 0 2 0 0 0 0 0 0 0 0 0 0 2 0 0 2 0 0 0 1 0 
0 0 0 0 0 0 0 0 0 0 0 0 0 0 2 0 0 0 0 0 2 1 0 0 0 2 0 0 0 0 0 0 0 0 0 0 0 0 0 2 1 0 0 0 1 0 0 1 0 0 0 0 0 0 0 1 1 1 0 0 0 2 0 0 0 0 0 0 0 0 0 0 2 0 0 2 0 0 0 1 0 
0
0 0 0 0 0 0 0 0 0 
0 0 0 0 0 0 0 0 0 0 0 0 0 0 2 0 0 0 0 0 2 1 0 0 0 2 0 0 0 0 0 0 0 0 0 0 0 0 0 2 1 0 2 0 1 0 0 1 0 0 0 0 0 0 0 1 1 1 0 0 0 2 0 0 0 0 0 0 0 0 0 0 2 0 0 2 0 0 0 1 0 
0 0 0 0 0 0 0 0 0 0 0 0 0 0 2 0 0 0 0 0 2 1 0 0 0 2 0 0 0 0 0 0 0 0 0 0 0 0 0 2 1 0 2 0 1 0 0 1 0 0 0 0 0 0 0 1 1 1 0 0 0 2 0 0 0 0 0 0 0 0 0 0 2 0 0 2 0 0 0 1 0 
0
0 0 0 0 0 0 0 0 0 
0 0 0 0 0 0 0 0 0 0 0 0 0 0 2 0 0 0 0 0 2 1 0 0 0 2 0 0 0 1 0 0 0 0 0 0 0 0 0 2 1 0 2 0 1 0 0 1 0 0 0 0 0 0 0 1 1 1 0 0 0 2 0 0 0 0 0 0 0 0 0 0 2 0 0 2 0 0 0 1 0 
0 0 0 0 0 0 0 0 0 0 0 0 0 0 2 0 0 0 0 0 2 1 0 0 0 2 0 0 0 1 0 0 0 0 0 0 0 0 0 2 1 0 2 0 1 0 0 1 0 0 0 0 0 0 0 1 1 1 0 0 0 2 0 0 0 0 0 0 0 0 0 0 2 0 0 2 0 0 0 1 0 
0
0 0 0 0 0 0 0 0 0 
0 0 0 0 0 0 0 0 2 0 0 0 0 0 2 0 0 0 0 0 2 1 0 0 0 2 0 0 0 1 0 0 0 0 0 0 0 0 0 2 1 0 2 0 1 0 0 1 0 0 0 0 0 0 0 1 1 1 0 0 0 2 0 0 0 0 0 0 0 0 0 0 2 0 0 2 0 0 0 1 0 
0 0 0 0 0 0 0 0 2 0 0 0 0 0 2 0 0 0 0 0 2 1 0 0 0 2 0 0 0 1 0 0 0 0 0 0 0 0 0 2 1 0 2 0 1 0 0 1 0 0 0 0 0 0 0 1 1 1 0 0 0 2 0 0 0 0 0 0 0 0 0 0 2 0 0 2 0 0 0 1 0 
0
0 0 0 0 0 0 0 0 0 
0 0 0 0 0 0 0 0 2 0 0 0 0 0 2 1 0 0 0 0 2 1 0 0 0 2 0 0 0 1 0 0 0 0 0 0 0 0 0 2 1 0 2 0 1 0 0 1 0 0 0 0 0 0 0 1 1 1 0 0 0 2 0 0 0 0 0 0 0 0 0 0 2 0 0 2 0 0 0 1 0 
0 0 0 0 0 0 0 0 2 0 0 0 0 0 2 1 0 0 0 0 2 1 0 0 0 2 0 0 0 1 0 0 0 0 0 0 0 0 0 2 1 0 2 0 1 0 0 1 0 0 0 0 0 0 0 1 1 1 0 0 0 2 0 0 0 0 0 0 0 0 0 0 2 0 0 2 0 0 0 1 0 
0
0 0 0 0 0 0 0 0 0 
0 0 0 0 0 0 0 0 2 0 0 0 0 0 2 1 0 0 0 0 2 1 0 0 0 2 0 0 0 1 0 0 0 0 0 0 0 0 2 2 1 0 2 0 1 0 0 1 0 0 0 0 0 0 0 1 1 1 0 0 0 2 0 0 0 0 0 0 0 0 0 0 2 0 0 2 0 0 0 1 0 
0 0 0 0 0 0 0 0 2 0 0 0 0 0 2 1 0 0 0 0 2 1 0 0 0 2 0 0 0 1 0 0 0 0 0 0 0 0 2 2 1 0 2 0 1 0 0 1 0 0 0 0 0 0 0 1 1 1 0 0 0 2 0 0 0 0 0 0 0 0 0 0 2 0 0 2 0 0 0 1 0 
0
0 0 0 0 0 0 0 0 0 
0 0 0 0 0 0 0 0 2 0 0 0 0 0 2 1 0 0 0 0 2 1 0 0 0 2 0 0 0 1 0 0 0 0 0 0 0 0 2 2 1 0 2 0 1 0 0 1 0 0 0 0 0 1 0 1 1 1 0 0 0 2 0 0 0 0 0 0 0 0 0 0 2 0 0 2 0 0 0 1 0 
0 0 0 0 0 0 0 0 2 0 0 0 0 0 2 1 0 0 0 0 2 1 0 0 0 2 0 0 0 1 0 0 0 0 0 0 0 0 2 2 1 0 2 0 1 0 0 1 0 0 0 0 0 1 0 1 1 1 0 0 0 2 0 0 0 0 0 0 0 0 0 0 2 0 0 2 0 0 0 1 0 
0
0 0 0 0 0 0 0 0 0 
0 0 0 0 0 0 0 0 2 0 0 0 0 0 2 1 0 0 0 0 2 1 0 0 0 2 0 0 0 1 0 0 0 0 0 0 0 0 2 2 1 0 2 0 1 0 0 1 0 0 0 0 0 1 0 1 1 1 0 0 2 2 0 0 0 0 0 0 0 0 0 0 2 0 0 2 0 0 0 1 0 
0 0 0 0 0 0 0 0 2 0 0 0 0 0 2 1 0 0 0 0 2 1 0 0 0 2 0 0 0 1 0 0 0 0 0 0 0 0 2 2 1 0 2 0 1 0 0 1 0 0 0 0 0 1 0 1 1 1 0 0 2 2 0 0 0 0 0 0 0 0 0 0 2 0 0 2 0 0 0 1 0 
0
0 0 0 0 0 0 0 0 0 
0 0 1 0 0 0 0 0 2 0 0 0 0 0 2 1 0 0 0 0 2 1 0 0 0 2 0 0 0 1 0 0 0 0 0 0 0 0 2 2 1 0 2 0 1 0 0 1 0 0 0 0 0 1 0 1 1 1 0 0 2 2 0 0 0 0 0 0 0 0 0 0 2 0 0 2 0 0 0 1 0 
0 0 1 0 0 0 0 0 2 0 0 0 0 0 2 1 0 0 0 0 2 1 0 0 0 2 0 0 0 1 0 0 0 0 0 0 0 0 2 2 1 0 2 0 1 0 0 1 0 0 0 0 0 1 0 1 1 1 0 0 2 2 0 0 0 0 0 0 0 0 0 0 2 0 0 2 0 0 0 1 0 
0
0 0 0 0 0 0 0 0 0 
0 0 1 0 0 0 0 0 2 0 0 0 0 0 2 1 0 0 0 0 2 1 0 0 0 2 2 0 0 1 0 0 0 0 0 0 0 0 2 2 1 0 2 0 1 0 0 1 0 0 0 0 0 1 0 1 1 1 0 0 2 2 0 0 0 0 0 0 0 0 0 0 2 0 0 2 0 0 0 1 0 
0 0 1 0 0 0 0 0 2 0 0 0 0 0 2 1 0 0 0 0 2 1 0 0 0 2 2 0 0 1 0 0 0 0 0 0 0 0 2 2 1 0 2 0 1 0 0 1 0 0 0 0 0 1 0 1 1 1 0 0 2 2 0 0 0 0 0 0 0 0 0 0 2 0 0 2 0 0 0 1 0 
0
0 0 0 0 0 0 0 0 0 
0 0 1 0 0 0 0 0 2 0 0 0 0 0 2 1 0 0 0 0 2 1 0 0 0 2 2 0 0 1 0 0 0 0 0 0 0 0 2 2 1 0 2 0 1 0 0 1 0 0 0 0 0 1 0 1 1 1 0 0 2 2 0 0 0 0 0 0 0 0 0 0 2 0 0 2 0 0 1 1 0 
0 0 1 0 0 0 0 0 2 0 0 0 0 0 2 1 0 0 0 0 2 1 0 0 0 2 2 0 0 1 0 0 0 0 0 0 0 0 2 2 1 0 2 0 1 0 0 1 0 0 0 0 0 1 0 1 1 1 0 0 2 2 0 0 0 0 0 0 0 0 0 0 2 0 0 2 0 0 1 1 0 
0
0 0 0 0 0 0 0 0 0 
0 0 1 0 0 0 0 0 2 0 0 0 0 0 2 1 0 0 0 0 2 1 0 0 0 2 2 0 0 1 0 0 0 0 0 0 0 0 2 2 1 0 2 0 1 0 0 1 0 0 0 0 0 1 2 1 1 1 0 0 2 2 0 0 0 0 0 0 0 0 0 0 2 0 0 2 0 0 1 1 0 
0 0 1 0 0 0 0 0 2 0 0 0 0 0 2 1 0 0 0 0 2 1 0 0 0 2 2 0 0 1 0 0 0 0 0 0 0 0 2 2 1 0 2 0 1 0 0 1 0 0 0 0 0 1 2 1 1 1 0 0 2 2 0 0 0 0 0 0 0 0 0 0 2 0 0 2 0 0 1 1 0 
0
0 0 0 0 0 0 0 0 0 
0 1 1 0 0 0 0 0 2 0 0 0 0 0 2 1 0 0 0 0 2 1 0 0 0 2 2 0 0 1 0 0 0 0 0 0 0 0 2 2 1 0 2 0 1 0 0 1 0 0 0 0 0 1 2 1 1 1 0 0 2 2 0 0 0 0 0 0 0 0 0 0 2 0 0 2 0 0 1 1 0 
0 1 1 0 0 0 0 0 2 0 0 0 0 0 2 1 0 0 0 0 2 1 0 0 0 2 2 0 0 1 0 0 0 0 0 0 0 0 2 2 1 0 2 0 1 0 0 1 0 0 0 0 0 1 2 1 1 1 0 0 2 2 0 0 0 0 0 0 0 0 0 0 2 0 0 2 0 0 1 1 0 
0
0 0 0 0 0 0 0 0 0 
0 1 1 0 0 0 0 0 2 0 0 0 2 0 2 1 0 0 0 0 2 1 0 0 0 2 2 0 0 1 0 0 0 0 0 0 0 0 2 2 1 0 2 0 1 0 0 1 0 0 0 0 0 1 2 1 1 1 0 0 2 2 0 0 0 0 0 0 0 0 0 0 2 0 0 2 0 0 1 1 0 
0 1 1 0 0 0 0 0 2 0 0 0 2 0 2 1 0 0 0 0 2 1 0 0 0 2 2 0 0 1 0 0 0 0 0 0 0 0 2 2 1 0 2 0 1 0 0 1 0 0 0 0 0 1 2 1 1 1 0 0 2 2 0 0 0 0 0 0 0 0 0 0 2 0 0 2 0 0 1 1 0 
0
0 0 0 0 0 0 0 0 0 
0 1 1 0 0 0 0 0 2 0 0 0 2 0 2 1 0 0 0 0 2 1 0 0 0 2 2 0 0 1 0 0 0 0 0 0 0 0 2 2 1 0 2 0 1 0 1 1 0 0 0 0 0 1 2 1 1 1 0 0 2 2 0 0 0 0 0 0 0 0 0 0 2 0 0 2 0 0 1 1 0 
0 1 1 0 0 0 0 0 2 0 0 0 2 0 2 1 0 0 0 0 2 1 0 0 0 2 2 0 0 1 0 0 0 0 0 0 0 0 2 2 1 0 2 0 1 0 1 1 0 0 0 0 0 1 2 1 1 1 0 0 2 2 0 0 0 0 0 0 0 0 0 0 2 0 0 2 0 0 1 1 0 
0
0 0 0 0 0 0 0 0 0 
0 1 1 0 0 0 0 0 2 0 0 0 2 0 2 1 0 0 0 0 2 1 0 0 0 2 2 0 0 1 0 0 0 0 0 0 0 0 2 2 1 0 2 0 1 0 1 1 0 0 0 0 0 1 2 1 1 1 0 0 2 2 0 0 0 0 0 0 0 0 0 0 2 0 0 2 2 0 1 1 0 
0 1 1 0 0 0 0 0 2 0 0 0 2 0 2 1 0 0 0 0 2 1 0 0 0 2 2 0 0 1 0 0 0 0 0 0 0 0 2 2 1 0 2 0 1 0 1 1 0 0 0 0 0 1 2 1 1 1 0 0 2 2 0 0 0 0 0 0 0 0 0 0 2 0 0 2 2 0 1 1 0 
0
0 0 0 0 0 0 0 0 0 
0 1 1 0 0 0 0 0 2 0 0 0 2 0 2 1 0 0 0 0 2 1 0 0 0 2 2 0 0 1 0 0 0 0 0 0 0 0 2 2 1 0 2 0 1 0 1 1 0 0 0 0 0 1 2 1 1 1 0 0 2 2 0 0 0 0 0 0 1 0 0 0 2 0 0 2 2 0 1 1 0 
0 1 1 0 0 0 0 0 2 0 0 0 2 0 2 1 0 0 0 0 2 1 0 0 0 2 2 0 0 1 0 0 0 0 0 0 0 0 2 2 1 0 2 0 1 0 1 1 0 0 0 0 0 1 2 1 1 1 0 0 2 2 0 0 0 0 0 0 1 0 0 0 2 0 0 2 2 0 1 1 0 
0
0 0 0 0 0 0 0 0 0 
0 1 1 0 0 0 0 0 2 0 0 0 2 0 2 1 0 0 0 0 2 1 0 0 0 2 2 0 0 1 0 0 0 2 0 0 0 0 2 2 1 0 2 0 1 0 1 1 0 0 0 0 0 1 2 1 1 1 0 0 2 2 0 0 0 0 0 0 1 0 0 0 2 0 0 2 2 0 1 1 0 
0 1 1 0 0 0 0 0 2 0 0 0 2 0 2 1 0 0 0 0 2 1 0 0 0 2 2 0 0 1 0 0 0 2 0 0 0 0 2 2 1 0 2 0 1 0 1 1 0 0 0 0 0 1 2 1 1 1 0 0 2 2 0 0 0 0 0 0 1 0 0 0 2 0 0 2 2 0 1 1 0 
0
0 0 0 0 0 0 0 0 0 
0 1 1 0 0 0 0 0 2 1 0 0 2 0 2 1 0 0 0 0 2 1 0 0 0 2 2 0 0 1 0 0 0 2 0 0 0 0 2 2 1 0 2 0 1 0 1 1 0 0 0 0 0 1 2 1 1 1 0 0 2 2 0 0 0 0 0 0 1 0 0 0 2 0 0 2 2 0 1 1 0 
0 1 1 0 0 0 0 0 2 1 0 0 2 0 2 1 0 0 0 0 2 1 0 0 0 2 2 0 0 1 0 0 0 2 0 0 0 0 2 2 1 0 2 0 1 0 1 1 0 0 0 0 0 1 2 1 1 1 0 0 2 2 0 0 0 0 0 0 1 0 0 0 2 0 0 2 2 0 1 1 0 
0
0 0 0 0 0 0 0 0 0 
0 1 1 0 0 0 0 0 2 1 0 0 2 0 2 1 0 0 0 0 2 1 0 0 0 2 2 2 0 1 0 0 0 2 0 0 0 0 2 2 1 0 2 0 1 0 1 1 0 0 0 0 0 1 2 1 1 1 0 0 2 2 0 0 0 0 0 0 1 0 0 0 2 0 0 2 2 0 1 1 0 
0 1 1 0 0 0 0 0 2 1 0 0 2 0 2 1 0 0 0 0 2 1 0 0 0 2 2 2 0 1 0 0 0 2 0 0 0 0 2 2 1 0 2 0 1 0 1 1 0 0 0 0 0 1 2 1 1 1 0 0 2 2 0 0 0 0 0 0 1 0 0 0 2 0 0 2 2 0 1 1 0 
0
0 0 0 0 0 0 0 0 0 
0 1 1 0 0 0 0 0 2 1 1 0 2 0 2 1 0 0 0 0 2 1 0 0 0 2 2 2 0 1 0 0 0 2 0 0 0 0 2 2 1 0 2 0 1 0 1 1 0 0 0 0 0 1 2 1 1 1 0 0 2 2 0 0 0 0 0 0 1 0 0 0 2 0 0 2 2 0 1 1 0 
0 1 1 0 0 0 0 0 2 1 1 0 2 0 2 1 0 0 0 0 2 1 0 0 0 2 2 2 0 1 0 0 0 2 0 0 0 0 2 2 1 0 2 0 1 0 1 1 0 0 0 0 0 1 2 1 1 1 0 0 2 2 0 0 0 0 0 0 1 0 0 0 2 0 0 2 2 0 1 1 0 
0
0 0 0 0 0 0 0 0 0 
0 1 1 0 0 0 0 0 2 1 1 0 2 0 2 1 0 0 0 0 2 1 0 0 0 2 2 2 0 1 2 0 0 2 0 0 0 0 2 2 1 0 2 0 1 0 1 1 0 0 0 0 0 1 2 1 1 1 0 0 2 2 0 0 0 0 0 0 1 0 0 0 2 0 0 2 2 0 1 1 0 
0 1 1 0 0 0 0 0 2 1 1 0 2 0 2 1 0 0 0 0 2 1 0 0 0 2 2 2 0 1 2 0 0 2 0 0 0 0 2 2 1 0 2 0 1 0 1 1 0 0 0 0 0 1 2 1 1 1 0 0 2 2 0 0 0 0 0 0 1 0 0 0 2 0 0 2 2 0 1 1 0 
0
1 0 0 0 0 0 0 0 0 
0 1 1 0 0 0 0 0 2 1 1 0 2 0 2 1 0 0 0 1 2 1 0 0 0 2 2 2 0 1 2 0 0 2 0 0 0 0 2 2 1 0 2 0 1 0 1 1 0 0 0 0 0 1 2 1 1 1 0 0 2 2 0 0 0 0 0 0 1 0 0 0 2 0 0 2 2 0 1 1 0 
16 17 17 0 0 0 0 0 2 17 17 16 2 0 2 1 0 0 16 17 18 1 0 0 0 2 2 2 0 1 2 0 0 2 0 0 0 0 2 2 1 0 2 0 1 0 1 1 0 0 0 0 0 1 2 1 1 1 0 0 2 2 0 0 0 0 0 0 1 0 0 0 2 0 0 2 2 0 1 1 0 
0
1 0 0 0 0 0 0 2 0 
0 1 1 0 0 0 0 0 2 1 1 0 2 0 2 1 0 0 0 1 2 1 0 0 0 2 2 2 0 1 2 0 0 2 0 0 0 0 2 2 1 0 2 0 1 0 1 1 0 0 0 0 0 1 2 1 1 1 0 0 2 2 0 0 0 0 0 0 1 0 0 0 2 0 0 2 2 2 1 1 0 
16 17 17 0 0 0 0 0 2 17 17 16 2 0 2 1 0 0 16 17 18 1 0 0 0 2 2 2 0 1 2 0 0 2 0 0 0 0 2 2 1 0 2 0 1 0 1 1 0 0 0 0 0 1 2 1 1 33 32 32 2 2 0 0 0 0 32 32 33 0 0 0 2 0 0 34 34 34 1 1 0 
0
1 0 0 0 0 0 0 2 0 
0 1 1 0 0 0 0 0 2 1 1 0 2 0 2 1 0 0 0 1 2 1 0 0 0 2 2 2 0 1 2 0 0 2 0 0 0 0 2 2 1 0 2 0 1 0 1 1 0 0 0 0 0 1 2 1 1 1 0 0 2 2 0 0 0 0 0 0 1 1 0 0 2 0 0 2 2 2 1 1 0 
16 17 17 0 0 0 0 0 2 17 17 16 2 0 2 1 0 0 16 17 18 1 0 0 0 2 2 2 0 1 2 0 0 2 0 0 0 0 2 2 1 0 2 0 1 0 1 1 0 0 0 0 0 1 2 1 1 33 32 32 2 2 0 0 0 0 32 32 33 1 0 0 2 0 0 34 34 34 1 1 0 
0
1 0 0 0 0 0 0 2 0 
0 1 1 0 0 0 0 0 2 1 1 0 2 0 2 1 0 0 0 1 2 1 0 0 0 2 2 2 0 1 2 0 0 2 0 0 0 0 2 2 1 0 2 0 1 2 1 1 0 0 0 0 0 1 2 1 1 1 0 0 2 2 0 0 0 0 0 0 1 1 0 0 2 0 0 2 2 2 1 1 0 
16 17 17 0 0 0 0 0 2 17 17 16 2 0 2 1 0 0 16 17 18 1 0 0 0 2 2 2 0 1 2 0 0 2 0 0 0 0 2 2 1 0 2 0 1 2 1 1 0 0 0 0 0 1 2 1 1 33 32 32 2 2 0 0 0 0 32 32 33 1 0 0 2 0 0 34 34 34 1 1 0 
0
1 0 0 0 0 0 0 2 0 
0 1 1 0 0 0 0 0 2 1 1 0 2 0 2 1 0 0 0 1 2 1 0 0 0 2 2 2 0 1 2 0 0 2 0 0 0 0 2 2 1 0 2 0 1 2 1 1 0 0 0 0 0 1 2 1 1 1 0 0 2 2 0 0 0 1 0 0 1 1 0 0 2 0 0 2 2 2 1 1 0 
16 17 17 0 0 0 0 0 2 17 17 16 2 0 2 1 0 0 16 17 18 1 0 0 0 2 2 2 0 1 2 0 0 2 0 0 0 0 2 2 1 0 2 0 1 2 1 1 0 0 0 0 0 1 2 1 1 33 32 32 2 2 0 0 0 1 32 32 33 1 0 0 2 0 0 34 34 34 1 1 0 
0
1 0 0 0 0 2 0 2 0 
0 1 1 0 0 0 0 0 2 1 1 0 2 0 2 1 0 0 0 1 2 1 0 0 0 2 2 2 0 1 2 0 0 2 0 0 0 0 2 2 1 0 2 0 1 2 1 1 0 0 0 2 0 1 2 1 1 1 0 0 2 2 0 0 0 1 0 0 1 1 0 0 2 0 0 2 2 2 1 1 0 
16 17 17 0 0 0 0 0 2 17 17 16 2 0 2 1 0 0 16 17 18 1 0 0 0 2 2 2 0 1 2 0 0 34 32 32 0 0 2 2 1 0 34 32 33 2 1 1 0 0 0 34 32 33 2 1 1 33 32 32 2 2 0 0 0 1 32 32 33 1 0 0 2 0 0 34 34 34 1 1 0 
0
1 0 0 0 0 2 1 2 0 
0 1 1 0 0 0 0 0 2 1 1 0 2 0 2 1 0 0 0 1 2 1 0 0 0 2 2 2 0 1 2 0 0 2 0 0 0 0 2 2 1 0 2 0 1 2 1 1 0 0 0 2 0 1 2 1 1 1 0 0 2 2 0 0 0 1 0 0 1 1 0 0 2 0 1 2 2 2 1 1 0 
16 17 17 0 0 0 0 0 2 17 17 16 2 0 2 1 0 0 16 17 18 1 0 0 0 2 2 2 0 1 2 0 0 34 32 32 0 0 2 2 1 0 34 32 33 2 1 1 0 0 0 34 32 33 18 17 17 33 32 32 2 2 0 16 16 17 32 32 33 1 0 0 18 16 17 34 34 34 1 1 0 
0
1 0 0 0 0 2 1 2 2 
0 1 1 0 0 0 0 0 2 1 1 0 2 0 2 1 0 0 0 1 2 1 0 0 0 2 2 2 0 1 2 0 0 2 0 0 0 0 2 2 1 0 2 0 1 2 1 1 0 0 0 2 0 1 2 1 1 1 0 0 2 2 2 0 0 1 0 0 1 1 0 0 2 0 1 2 2 2 1 1 0 
16 17 17 0 0 0 0 0 2 17 17 16 2 0 2 1 0 0 16 17 18 1 0 0 0 2 2 2 0 1 2 0 0 34 32 32 0 0 2 2 1 0 34 32 33 2 1 1 0 0 0 34 32 33 18 17 17 33 32 32 34 34 34 16 16 17 32 32 33 33 32 32 18 16 17 34 34 34 33 33 32 
0
1 0 0 0 0 2 1 2 2 
0 1 1 0 0 0 0 1 2 1 1 0 2 0 2 1 0 0 0 1 2 1 0 0 0 2 2 2 0 1 2 0 0 2 0 0 0 0 2 2 1 0 2 0 1 2 1 1 0 0 0 2 0 1 2 1 1 1 0 0 2 2 2 0 0 1 0 0 1 1 0 0 2 0 1 2 2 2 1 1 0 
16 17 17 0 0 0 0 1 2 17 17 16 2 0 2 1 0 0 16 17 18 1 0 0 0 2 2 2 0 1 2 0 0 34 32 32 0 0 2 2 1 0 34 32 33 2 1 1 0 0 0 34 32 33 18 17 17 33 32 32 34 34 34 16 16 17 32 32 33 33 32 32 18 16 17 34 34 34 33 33 32 
0
1 2 0 0 0 2 1 2 2 
0 1 1 0 0 0 0 1 2 1 1 0 2 2 2 1 0 0 0 1 2 1 0 0 0 2 2 2 0 1 2 0 0 2 0 0 0 0 2 2 1 0 2 0 1 2 1 1 0 0 0 2 0 1 2 1 1 1 0 0 2 2 2 0 0 1 0 0 1 1 0 0 2 0 1 2 2 2 1 1 0 
16 17 17 32 32 32 0 1 2 17 17 16 34 34 34 1 0 0 16 17 18 33 32 32 0 2 2 2 0 1 2 0 0 34 32 32 0 0 2 2 1 0 34 32 33 2 1 1 0 0 0 34 32 33 18 17 17 33 32 32 34 34 34 16 16 17 32 32 33 33 32 32 18 16 17 34 34 34 33 33 32 
0
1 2 0 0 0 2 1 2 2 
0 1 1 0 0 0 0 1 2 1 1 0 2 2 2 1 0 0 0 1 2 1 0 0 0 2 2 2 0 1 2 0 0 2 0 0 0 0 2 2 1 0 2 0 1 2 1 1 0 0 1 2 0 1 2 1 1 1 0 0 2 2 2 0 0 1 0 0 1 1 0 0 2 0 1 2 2 2 1 1 0 
16 17 17 32 32 32 0 1 2 17 17 16 34 34 34 1 0 0 16 17 18 33 32 32 0 2 2 2 0 1 2 0 0 34 32 32 0 0 2 2 1 0 34 32 33 2 1 1 0 0 1 34 32 33 18 17 17 33 32 32 34 34 34 16 16 17 32 32 33 33 32 32 18 16 17 34 34 34 33 33 32 
0
1 2 0 0 2 2 1 2 2 
0 1 1 0 0 0 0 1 2 1 1 0 2 2 2 1 0 0 0 1 2 1 0 0 0 2 2 2 0 1 2 0 0 2 0 0 0 0 2 2 1 0 2 0 1 2 1 1 2 0 1 2 0 1 2 1 1 1 0 0 2 2 2 0 0 1 0 0 1 1 0 0 2 0 1 2 2 2 1 1 0 
16 17 17 32 32 32 0 1 2 17 17 16 34 34 34 1 0 0 16 17 18 33 32 32 0 2 2 2 0 1 34 32 32 34 32 32 0 0 2 34 33 32 34 32 33 2 1 1 34 32 33 34 32 33 18 17 17 33 32 32 34 34 34 16 16 17 32 32 33 33 32 32 18 16 17 34 34 34 33 33 32 
0
1 2 0 0 2 2 1 2 2 
0 1 1 0 0 0 0 1 2 1 1 0 2 2 2 1 0 0 0 1 2 1 0 0 0 2 2 2 0 1 2 0 0 2 0 0 0 0 2 2 1 0 2 0 1 2 1 1 2 0 1 2 0 1 2 1 1 1 0 0 2 2 2 0 0 1 0 0 1 1 0 0 2 0 1 2 2 2 1 1 0 
16 17 17 32 32 32 0 1 2 17 17 16 34 34 34 1 0 0 16 17 18 33 32 32 0 2 2 2 0 1 34 32 32 34 32 32 0 0 2 34 33 32 34 32 33 2 1 1 34 32 33 34 32 33 18 17 17 33 32 32 34 34 34 16 16 17 32 32 33 33 32 32 18 16 17 34 34 34 33 33 32 
0
