0 0 0 0 0 0 0 0 0 
0 0 0 0 0 0 0 0 0 0 0 0 0 0 0 0 0 0 0 0 0 0 0 0 0 0 0 0 0 0 0 0 0 0 0 0 0 0 0 0 0 0 0 0 0 0 0 0 0 0 0 0 0 0 0 0 0 0 0 0 0 0 0 0 0 0 0 0 0 0 0 0 0 0 0 0 0 1 0 0 0 
0 0 0 0 0 0 0 0 0 0 0 0 0 0 0 0 0 0 0 0 0 0 0 0 0 0 0 0 0 0 0 0 0 0 0 0 0 0 0 0 0 0 0 0 0 0 0 0 0 0 0 0 0 0 0 0 0 0 0 0 0 0 0 0 0 0 0 0 0 0 0 0 0 0 0 0 0 1 0 0 0 
1
0 0 0 0 0 0 0 0 0 
0 0 0 0 0 0 0 0 0 0 0 0 0 0 0 0 0 0 0 0 0 0 0 0 0 0 0 0 0 0 0 0 0 0 0 0 0 0 0 0 0 0 0 0 0 0 0 0 0 0 0 0 0 0 0 0 0 0 0 0 0 0 0 0 0 0 0 0 0 0 0 2 0 0 0 0 0 1 0 0 0 
0 0 0 0 0 0 0 0 0 0 0 0 0 0 0 0 0 0 0 0 0 0 0 0 0 0 0 0 0 0 0 0 0 0 0 0 0 0 0 0 0 0 0 0 0 0 0 0 0 0 0 0 0 0 0 0 0 0 0 0 0 0 0 0 0 0 0 0 0 0 0 2 0 0 0 0 0 1 0 0 0 
1
0 0 0 0 0 0 0 0 0 
0 0 0 0 0 0 0 0 0 0 0 0 0 0 0 0 0 0 0 0 0 0 0 0 0 0 0 0 0 0 0 0 0 0 0 0 0 0 0 0 0 0 0 0 0 0 0 0 0 0 0 0 1 0 0 0 0 0 0 0 0 0 0 0 0 0 0 0 0 0 0 2 0 0 0 0 0 1 0 0 0 
0 0 0 0 0 0 0 0 0 0 0 0 0 0 0 0 0 0 0 0 0 0 0 0 0 0 0 0 0 0 0 0 0 0 0 0 0 0 0 0 0 0 0 0 0 0 0 0 0 0 0 0 1 0 0 0 0 0 0 0 0 0 0 0 0 0 0 0 0 0 0 2 0 0 0 0 0 1 0 0 0 
1
0 0 0 0 0 0 0 0 0 
0 0 0 0 0 0 0 0 0 0 0 0 0 0 0 0 0 0 0 0 0 0 0 0 0 0 0 0 0 0 0 0 0 0 0 0 0 0 0 0 0 0 0 0 0 0 0 0 0 0 0 0 1 0 0 0 0 0 0 0 0 0 0 0 0 0 0 2 0 0 0 2 0 0 0 0 0 1 0 0 0 
0 0 0 0 0 0 0 0 0 0 0 0 0 0 0 0 0 0 0 0 0 0 0 0 0 0 0 0 0 0 0 0 0 0 0 0 0 0 0 0 0 0 0 0 0 0 0 0 0 0 0 0 1 0 0 0 0 0 0 0 0 0 0 0 0 0 0 2 0 0 0 2 0 0 0 0 0 1 0 0 0 
1
0 0 0 0 0 0 0 0 0 
0 0 0 0 0 0 0 0 0 0 0 0 0 0 0 0 0 0 0 0 0 0 0 0 0 0 0 0 0 0 0 0 0 0 0 0 0 0 0 0 1 0 0 0 0 0 0 0 0 0 0 0 1 0 0 0 0 0 0 0 0 0 0 0 0 0 0 2 0 0 0 2 0 0 0 0 0 1 0 0 0 
0 0 0 0 0 0 0 0 0 0 0 0 0 0 0 0 0 0 0 0 0 0 0 0 0 0 0 0 0 0 0 0 0 0 0 0 0 0 0 0 1 0 0 0 0 0 0 0 0 0 0 0 1 0 0 0 0 0 0 0 0 0 0 0 0 0 0 2 0 0 0 2 0 0 0 0 0 1 0 0 0 
1
0 0 0 0 0 0 0 0 0 
0 0 0 0 0 0 0 0 0 0 0 0 0 0 0 0 0 0 0 0 0 0 0 0 0 0 0 0 0 0 0 0 0 0 0 0 0 0 0 0 1 2 0 0 0 0 0 0 0 0 0 0 1 0 0 0 0 0 0 0 0 0 0 0 0 0 0 2 0 0 0 2 0 0 0 0 0 1 0 0 0 
0 0 0 0 0 0 0 0 0 0 0 0 0 0 0 0 0 0 0 0 0 0 0 0 0 0 0 0 0 0 0 0 0 0 0 0 0 0 0 0 1 2 0 0 0 0 0 0 0 0 0 0 1 0 0 0 0 0 0 0 0 0 0 0 0 0 0 2 0 0 0 2 0 0 0 0 0 1 0 0 0 
1
0 0 0 0 0 0 0 0 0 
0 0 0 0 0 0 0 0 0 0 0 0 0 0 0 0 0 0 0 0 0 0 0 0 0 0 0 0 0 0 0 0 0 1 0 0 0 0 0 0 1 2 0 0 0 0 0 0 0 0 0 0 1 0 0 0 0 0 0 0 0 0 0 0 0 0 0 2 0 0 0 2 0 0 0 0 0 1 0 0 0 
0 0 0 0 0 0 0 0 0 0 0 0 0 0 0 0 0 0 0 0 0 0 0 0 0 0 0 0 0 0 0 0 0 1 0 0 0 0 0 0 1 2 0 0 0 0 0 0 0 0 0 0 1 0 0 0 0 0 0 0 0 0 0 0 0 0 0 2 0 0 0 2 0 0 0 0 0 1 0 0 0 
1
0 0 0 0 0 0 0 0 0 
0 0 0 0 0 0 0 0 0 0 0 0 0 0 0 0 0 0 2 0 0 0 0 0 0 0 0 0 0 0 0 0 0 1 0 0 0 0 0 0 1 2 0 0 0 0 0 0 0 0 0 0 1 0 0 0 0 0 0 0 0 0 0 0 0 0 0 2 0 0 0 2 0 0 0 0 0 1 0 0 0 
0 0 0 0 0 0 0 0 0 0 0 0 0 0 0 0 0 0 2 0 0 0 0 0 0 0 0 0 0 0 0 0 0 1 0 0 0 0 0 0 1 2 0 0 0 0 0 0 0 0 0 0 1 0 0 0 0 0 0 0 0 0 0 0 0 0 0 2 0 0 0 2 0 0 0 0 0 1 0 0 0 
1
0 0 0 0 0 0 0 0 0 
0 0 0 0 0 0 0 0 0 0 0 0 0 0 0 0 0 0 2 0 0 0 0 0 0 0 0 0 0 0 0 0 0 1 0 0 0 0 0 0 1 2 0 0 0 0 0 0 0 0 0 0 1 0 0 0 0 0 0 0 0 0 0 0 1 0 0 2 0 0 0 2 0 0 0 0 0 1 0 0 0 
0 0 0 0 0 0 0 0 0 0 0 0 0 0 0 0 0 0 2 0 0 0 0 0 0 0 0 0 0 0 0 0 0 1 0 0 0 0 0 0 1 2 0 0 0 0 0 0 0 0 0 0 1 0 0 0 0 0 0 0 0 0 0 0 1 0 0 2 0 0 0 2 0 0 0 0 0 1 0 0 0 
1
0 0 0 0 0 0 0 0 0 
0 0 0 0 0 0 0 0 0 0 0 0 0 0 0 0 0 0 2 0 0 0 0 0 0 0 0 0 0 0 0 0 0 1 0 0 0 0 0 2 1 2 0 0 0 0 0 0 0 0 0 0 1 0 0 0 0 0 0 0 0 0 0 0 1 0 0 2 0 0 0 2 0 0 0 0 0 1 0 0 0 
0 0 0 0 0 0 0 0 0 0 0 0 0 0 0 0 0 0 2 0 0 0 0 0 0 0 0 0 0 0 0 0 0 1 0 0 0 0 0 2 1 2 0 0 0 0 0 0 0 0 0 0 1 0 0 0 0 0 0 0 0 0 0 0 1 0 0 2 0 0 0 2 0 0 0 0 0 1 0 0 0 
1
0 0 0 0 0 0 0 0 0 
0 0 0 0 0 0 0 0 0 0 0 0 0 0 0 0 0 0 2 0 0 0 0 0 0 0 0 0 0 0 0 0 0 1 0 0 0 0 1 2 1 2 0 0 0 0 0 0 0 0 0 0 1 0 0 0 0 0 0 0 0 0 0 0 1 0 0 2 0 0 0 2 0 0 0 0 0 1 0 0 0 
0 0 0 0 0 0 0 0 0 0 0 0 0 0 0 0 0 0 2 0 0 0 0 0 0 0 0 0 0 0 0 0 0 1 0 0 0 0 1 2 1 2 0 0 0 0 0 0 0 0 0 0 1 0 0 0 0 0 0 0 0 0 0 0 1 0 0 2 0 0 0 2 0 0 0 0 0 1 0 0 0 
1
0 0 0 0 0 0 0 0 0 
0 0 0 0 0 0 0 0 0 0 0 0 0 0 0 0 0 0 2 0 0 0 0 0 0 0 0 0 0 0 0 0 0 1 0 0 0 0 1 2 1 2 0 0 0 0 0 0 0 0 0 2 1 0 0 0 0 0 0 0 0 0 0 0 1 0 0 2 0 0 0 2 0 0 0 0 0 1 0 0 0 
0 0 0 0 0 0 0 0 0 0 0 0 0 0 0 0 0 0 2 0 0 0 0 0 0 0 0 0 0 0 0 0 0 1 0 0 0 0 1 2 1 2 0 0 0 0 0 0 0 0 0 2 1 0 0 0 0 0 0 0 0 0 0 0 1 0 0 2 0 0 0 2 0 0 0 0 0 1 0 0 0 
1
0 0 0 0 0 0 0 0 0 
0 0 0 0 0 0 0 0 0 0 0 0 0 0 0 0 0 0 2 0 0 0 0 0 0 0 0 0 0 0 0 0 0 1 0 0 0 0 1 2 1 2 0 0 0 0 0 0 0 0 0 2 1 0 0 0 0 0 0 0 0 0 0 1 1 0 0 2 0 0 0 2 0 0 0 0 0 1 0 0 0 
0 0 0 0 0 0 0 0 0 0 0 0 0 0 0 0 0 0 2 0 0 0 0 0 0 0 0 0 0 0 0 0 0 1 0 0 0 0 1 2 1 2 0 0 0 0 0 0 0 0 0 2 1 0 0 0 0 0 0 0 0 0 0 1 1 0 0 2 0 0 0 2 0 0 0 0 0 1 0 0 0 
1
0 0 0 0 0 0 0 0 0 
0 0 0 0 0 0 0 0 0 0 0 0 0 0 0 0 0 0 2 0 0 0 0 0 0 0 0 0 0 0 0 0 0 1 0 0 0 0 1 2 1 2 0 0 0 0 2 0 0 0 0 2 1 0 0 0 0 0 0 0 0 0 0 1 1 0 0 2 0 0 0 2 0 0 0 0 0 1 0 0 0 
0 0 0 0 0 0 0 0 0 0 0 0 0 0 0 0 0 0 2 0 0 0 0 0 0 0 0 0 0 0 0 0 0 1 0 0 0 0 1 2 1 2 0 0 0 0 2 0 0 0 0 2 1 0 0 0 0 0 0 0 0 0 0 1 1 0 0 2 0 0 0 2 0 0 0 0 0 1 0 0 0 
1
0 0 0 0 0 0 0 0 0 
0 0 0 0 0 0 0 0 0 0 0 0 0 0 0 0 0 0 2 0 0 0 0 0 0 0 0 0 0 0 0 0 0 1 0 0 0 0 1 2 1 2 0 0 0 0 2 0 0 0 0 2 1 0 0 0 0 0 0 0 0 0 0 1 1 0 0 2 1 0 0 2 0 0 0 0 0 1 0 0 0 
0 0 0 0 0 0 0 0 0 0 0 0 0 0 0 0 0 0 2 0 0 0 0 0 0 0 0 0 0 0 0 0 0 1 0 0 0 0 1 2 1 2 0 0 0 0 2 0 0 0 0 2 1 0 0 0 0 0 0 0 0 0 0 1 1 0 0 2 1 0 0 2 0 0 0 0 0 1 0 0 0 
1
0 0 0 0 0 0 0 0 0 
0 0 0 0 0 0 0 0 0 0 0 0 0 0 0 0 0 0 2 0 0 0 0 0 0 0 0 0 0 0 0 0 0 1 0 0 0 0 1 2 1 2 0 2 0 0 2 0 0 0 0 2 1 0 0 0 0 0 0 0 0 0 0 1 1 0 0 2 1 0 0 2 0 0 0 0 0 1 0 0 0 
0 0 0 0 0 0 0 0 0 0 0 0 0 0 0 0 0 0 2 0 0 0 0 0 0 0 0 0 0 0 0 0 0 1 0 0 0 0 1 2 1 2 0 2 0 0 2 0 0 0 0 2 1 0 0 0 0 0 0 0 0 0 0 1 1 0 0 2 1 0 0 2 0 0 0 0 0 1 0 0 0 
1
0 0 0 0 0 0 0 0 0 
0 0 0 0 0 0 0 0 0 0 0 0 0 0 0 0 0 0 2 0 0 0 0 0 0 0 0 0 0 0 0 0 0 1 0 0 0 0 1 2 1 2 0 2 0 0 2 0 0 0 1 2 1 0 0 0 0 0 0 0 0 0 0 1 1 0 0 2 1 0 0 2 0 0 0 0 0 1 0 0 0 
0 0 0 0 0 0 0 0 0 0 0 0 0 0 0 0 0 0 2 0 0 0 0 0 0 0 0 0 0 0 0 0 0 1 0 0 0 0 1 2 1 2 0 2 0 0 2 0 0 0 1 2 1 0 0 0 0 0 0 0 0 0 0 1 1 0 0 2 1 0 0 2 0 0 0 0 0 1 0 0 0 
1
0 0 0 0 0 0 0 0 0 
0 0 0 0 0 0 0 0 0 0 0 0 0 0 0 0 0 0 2 0 0 0 0 0 0 0 0 0 0 0 0 0 0 1 0 0 0 0 1 2 1 2 0 2 0 0 2 0 0 0 1 2 1 0 0 0 0 0 0 0 0 0 2 1 1 0 0 2 1 0 0 2 0 0 0 0 0 1 0 0 0 
0 0 0 0 0 0 0 0 0 0 0 0 0 0 0 0 0 0 2 0 0 0 0 0 0 0 0 0 0 0 0 0 0 1 0 0 0 0 1 2 1 2 0 2 0 0 2 0 0 0 1 2 1 0 0 0 0 0 0 0 0 0 2 1 1 0 0 2 1 0 0 2 0 0 0 0 0 1 0 0 0 
1
0 0 0 0 0 0 0 0 0 
0 0 0 0 0 0 0 0 0 0 0 0 0 0 0 0 0 0 2 0 0 0 0 0 0 0 1 0 0 0 0 0 0 1 0 0 0 0 1 2 1 2 0 2 0 0 2 0 0 0 1 2 1 0 0 0 0 0 0 0 0 0 2 1 1 0 0 2 1 0 0 2 0 0 0 0 0 1 0 0 0 
0 0 0 0 0 0 0 0 0 0 0 0 0 0 0 0 0 0 2 0 0 0 0 0 0 0 1 0 0 0 0 0 0 1 0 0 0 0 1 2 1 2 0 2 0 0 2 0 0 0 1 2 1 0 0 0 0 0 0 0 0 0 2 1 1 0 0 2 1 0 0 2 0 0 0 0 0 1 0 0 0 
1
0 0 0 0 0 0 0 0 0 
0 0 0 0 0 0 0 0 0 0 0 0 0 0 0 0 0 0 2 0 0 0 0 0 0 0 1 0 0 0 0 0 0 1 0 0 0 0 1 2 1 2 0 2 0 0 2 0 0 0 1 2 1 0 0 0 0 0 0 0 0 0 2 1 1 0 0 2 1 0 0 2 0 0 0 0 0 1 2 0 0 
0 0 0 0 0 0 0 0 0 0 0 0 0 0 0 0 0 0 2 0 0 0 0 0 0 0 1 0 0 0 0 0 0 1 0 0 0 0 1 2 1 2 0 2 0 0 2 0 0 0 1 2 1 0 0 0 0 0 0 0 0 0 2 1 1 0 0 2 1 0 0 2 0 0 0 0 0 1 2 0 0 
1
0 0 0 0 0 0 1 0 0 
0 0 0 0 0 0 0 0 0 0 0 0 0 0 0 0 0 0 2 0 0 0 0 0 0 0 1 0 0 0 0 0 0 1 0 0 0 0 1 2 1 2 0 2 0 0 2 0 0 0 1 2 1 0 0 0 0 0 0 0 0 0 2 1 1 1 0 2 1 0 0 2 0 0 0 0 0 1 2 0 0 
0 0 0 0 0 0 0 0 0 0 0 0 0 0 0 0 0 0 2 0 0 0 0 0 0 0 1 0 0 0 0 0 0 1 0 0 0 0 1 2 1 2 0 2 0 0 2 0 0 0 1 2 1 0 16 16 16 0 0 0 0 0 2 17 17 17 0 2 1 0 0 2 16 16 16 0 0 1 2 0 0 
1
0 0 0 0 0 2 1 0 0 
0 0 0 0 0 0 0 0 0 0 0 0 0 0 0 0 0 0 2 0 0 0 0 0 0 0 1 0 0 0 0 0 0 1 0 2 0 0 1 2 1 2 0 2 0 0 2 0 0 0 1 2 1 0 0 0 0 0 0 0 0 0 2 1 1 1 0 2 1 0 0 2 0 0 0 0 0 1 2 0 0 
0 0 0 0 0 0 0 0 0 0 0 0 0 0 0 0 0 0 2 0 0 0 0 0 0 0 1 0 0 0 0 0 0 33 32 34 0 0 1 2 1 2 32 34 32 0 2 0 0 0 1 34 33 32 16 16 16 0 0 0 0 0 2 17 17 17 0 2 1 0 0 2 16 16 16 0 0 1 2 0 0 
1
0 0 0 0 0 2 1 0 0 
0 0 0 0 0 0 0 0 0 0 0 0 0 0 0 0 0 0 2 0 0 0 0 0 1 0 1 0 0 0 0 0 0 1 0 2 0 0 1 2 1 2 0 2 0 0 2 0 0 0 1 2 1 0 0 0 0 0 0 0 0 0 2 1 1 1 0 2 1 0 0 2 0 0 0 0 0 1 2 0 0 
0 0 0 0 0 0 0 0 0 0 0 0 0 0 0 0 0 0 2 0 0 0 0 0 1 0 1 0 0 0 0 0 0 33 32 34 0 0 1 2 1 2 32 34 32 0 2 0 0 0 1 34 33 32 16 16 16 0 0 0 0 0 2 17 17 17 0 2 1 0 0 2 16 16 16 0 0 1 2 0 0 
1
0 0 0 0 0 2 1 0 0 
0 0 0 0 0 0 0 0 0 0 0 0 0 0 0 0 0 0 2 0 0 0 0 0 1 0 1 0 0 0 0 0 0 1 0 2 0 0 1 2 1 2 0 2 0 0 2 0 0 0 1 2 1 0 0 0 0 0 0 0 0 0 2 1 1 1 0 2 1 2 0 2 0 0 0 0 0 1 2 0 0 
0 0 0 0 0 0 0 0 0 0 0 0 0 0 0 0 0 0 2 0 0 0 0 0 1 0 1 0 0 0 0 0 0 33 32 34 0 0 1 2 1 2 32 34 32 0 2 0 0 0 1 34 33 32 16 16 16 0 0 0 0 0 2 17 17 17 0 2 1 2 0 2 16 16 16 0 0 1 2 0 0 
1
0 0 0 0 0 2 1 0 0 
0 0 0 0 0 0 0 0 0 0 0 0 0 0 0 0 0 0 2 0 0 0 0 0 1 0 1 0 0 0 0 0 0 1 0 2 0 0 1 2 1 2 0 2 0 0 2 1 0 0 1 2 1 0 0 0 0 0 0 0 0 0 2 1 1 1 0 2 1 2 0 2 0 0 0 0 0 1 2 0 0 
0 0 0 0 0 0 0 0 0 0 0 0 0 0 0 0 0 0 2 0 0 0 0 0 1 0 1 0 0 0 0 0 0 33 32 34 0 0 1 2 1 2 32 34 32 0 2 1 0 0 1 34 33 32 16 16 16 0 0 0 0 0 2 17 17 17 0 2 1 2 0 2 16 16 16 0 0 1 2 0 0 
1
0 0 0 0 0 2 1 0 0 
0 0 0 0 0 0 0 0 0 0 0 0 0 0 0 0 0 0 2 0 0 0 0 0 1 0 1 0 0 0 0 0 0 1 0 2 0 0 1 2 1 2 0 2 0 0 2 1 0 0 1 2 1 0 0 0 0 0 0 0 0 0 2 1 1 1 0 2 1 2 0 2 0 0 0 0 0 1 2 2 0 
0 0 0 0 0 0 0 0 0 0 0 0 0 0 0 0 0 0 2 0 0 0 0 0 1 0 1 0 0 0 0 0 0 33 32 34 0 0 1 2 1 2 32 34 32 0 2 1 0 0 1 34 33 32 16 16 16 0 0 0 0 0 2 17 17 17 0 2 1 2 0 2 16 16 16 0 0 1 2 2 0 
1
0 0 0 0 0 2 1 0 0 
0 0 0 0 0 0 0 0 0 0 0 0 0 0 0 0 0 0 2 0 0 0 0 0 1 0 1 0 0 0 0 0 0 1 0 2 0 0 1 2 1 2 0 2 0 0 2 1 0 0 1 2 1 0 0 0 0 0 0 0 0 0 2 1 1 1 0 2 1 2 0 2 0 0 0 0 1 1 2 2 0 
0 0 0 0 0 0 0 0 0 0 0 0 0 0 0 0 0 0 2 0 0 0 0 0 1 0 1 0 0 0 0 0 0 33 32 34 0 0 1 2 1 2 32 34 32 0 2 1 0 0 1 34 33 32 16 16 16 0 0 0 0 0 2 17 17 17 0 2 1 2 0 2 16 16 16 0 1 1 2 2 0 
1
0 0 0 0 0 2 1 0 0 
0 0 0 0 0 0 0 0 0 0 0 0 0 0 0 0 0 0 2 0 0 0 0 0 1 0 1 0 0 0 0 0 0 1 0 2 0 0 1 2 1 2 0 2 0 0 2 1 0 0 1 2 1 0 0 0 0 0 0 2 0 0 2 1 1 1 0 2 1 2 0 2 0 0 0 0 1 1 2 2 0 
0 0 0 0 0 0 0 0 0 0 0 0 0 0 0 0 0 0 2 0 0 0 0 0 1 0 1 0 0 0 0 0 0 33 32 34 0 0 1 2 1 2 32 34 32 0 2 1 0 0 1 34 33 32 16 16 16 0 0 2 0 0 2 17 17 17 0 2 1 2 0 2 16 16 16 0 1 1 2 2 0 
1
0 0 1 0 0 2 1 0 0 
0 0 0 0 0 0 0 0 0 0 0 0 0 0 0 0 0 0 2 0 0 0 0 0 1 1 1 0 0 0 0 0 0 1 0 2 0 0 1 2 1 2 0 2 0 0 2 1 0 0 1 2 1 0 0 0 0 0 0 2 0 0 2 1 1 1 0 2 1 2 0 2 0 0 0 0 1 1 2 2 0 
0 0 0 0 0 0 16 16 16 0 0 0 0 0 0 16 16 16 2 0 0 0 0 0 17 17 17 0 0 0 0 0 0 33 32 34 0 0 1 2 1 2 32 34 32 0 2 1 0 0 1 34 33 32 16 16 16 0 0 2 0 0 2 17 17 17 0 2 1 2 0 2 16 16 16 0 1 1 2 2 0 
1
0 0 1 0 0 2 1 0 0 
0 0 0 0 0 0 0 0 0 0 0 0 0 0 0 0 0 0 2 0 0 0 0 0 1 1 1 0 0 0 0 0 0 1 0 2 0 0 1 2 1 2 0 2 0 0 2 1 0 0 1 2 1 0 0 0 0 0 2 2 0 0 2 1 1 1 0 2 1 2 0 2 0 0 0 0 1 1 2 2 0 
0 0 0 0 0 0 16 16 16 0 0 0 0 0 0 16 16 16 2 0 0 0 0 0 17 17 17 0 0 0 0 0 0 33 32 34 0 0 1 2 1 2 32 34 32 0 2 1 0 0 1 34 33 32 16 16 16 0 2 2 0 0 2 17 17 17 0 2 1 2 0 2 16 16 16 0 1 1 2 2 0 
1
0 0 1 0 0 2 1 0 0 
0 0 0 0 0 0 0 0 0 0 0 0 0 0 0 0 0 0 2 0 0 0 0 1 1 1 1 0 0 0 0 0 0 1 0 2 0 0 1 2 1 2 0 2 0 0 2 1 0 0 1 2 1 0 0 0 0 0 2 2 0 0 2 1 1 1 0 2 1 2 0 2 0 0 0 0 1 1 2 2 0 
0 0 0 0 0 0 16 16 16 0 0 0 0 0 0 16 16 16 2 0 0 0 0 1 17 17 17 0 0 0 0 0 0 33 32 34 0 0 1 2 1 2 32 34 32 0 2 1 0 0 1 34 33 32 16 16 16 0 2 2 0 0 2 17 17 17 0 2 1 2 0 2 16 16 16 0 1 1 2 2 0 
1
0 0 1 0 0 2 1 0 2 
0 0 0 0 0 0 0 0 0 0 0 0 0 0 0 0 0 0 2 0 0 0 0 1 1 1 1 0 0 0 0 0 0 1 0 2 0 0 1 2 1 2 0 2 0 0 2 1 0 0 1 2 1 0 0 0 0 0 2 2 2 0 2 1 1 1 0 2 1 2 0 2 0 0 0 0 1 1 2 2 0 
0 0 0 0 0 0 16 16 16 0 0 0 0 0 0 16 16 16 2 0 0 0 0 1 17 17 17 0 0 0 0 0 0 33 32 34 0 0 1 2 1 2 32 34 32 0 2 1 0 0 1 34 33 32 16 16 16 0 2 2 34 32 34 17 17 17 0 2 1 34 32 34 16 16 16 0 1 1 34 34 32 
1
0 0 1 0 0 2 1 0 2 
0 0 0 0 0 0 0 0 0 0 0 0 0 0 0 0 0 0 2 1 0 0 0 1 1 1 1 0 0 0 0 0 0 1 0 2 0 0 1 2 1 2 0 2 0 0 2 1 0 0 1 2 1 0 0 0 0 0 2 2 2 0 2 1 1 1 0 2 1 2 0 2 0 0 0 0 1 1 2 2 0 
0 0 0 0 0 0 16 16 16 0 0 0 0 0 0 16 16 16 2 1 0 0 0 1 17 17 17 0 0 0 0 0 0 33 32 34 0 0 1 2 1 2 32 34 32 0 2 1 0 0 1 34 33 32 16 16 16 0 2 2 34 32 34 17 17 17 0 2 1 34 32 34 16 16 16 0 1 1 34 34 32 
1
0 0 1 0 0 2 1 0 2 
0 0 0 0 0 0 0 0 0 0 0 0 0 0 0 0 0 0 2 1 0 0 0 1 1 1 1 0 0 0 0 0 0 1 0 2 0 0 1 2 1 2 0 2 0 0 2 1 0 0 1 2 1 0 0 0 0 0 2 2 2 0 2 1 1 1 2 2 1 2 0 2 0 0 0 0 1 1 2 2 0 
0 0 0 0 0 0 16 16 16 0 0 0 0 0 0 16 16 16 2 1 0 0 0 1 17 17 17 0 0 0 0 0 0 33 32 34 0 0 1 2 1 2 32 34 32 0 2 1 0 0 1 34 33 32 16 16 16 0 2 2 34 32 34 17 17 17 2 2 1 34 32 34 16 16 16 0 1 1 34 34 32 
1
0 0 1 1 0 2 1 0 2 
0 0 0 0 0 0 0 0 0 0 0 0 0 0 0 0 0 0 2 1 0 0 0 1 1 1 1 0 0 1 0 0 0 1 0 2 0 0 1 2 1 2 0 2 0 0 2 1 0 0 1 2 1 0 0 0 0 0 2 2 2 0 2 1 1 1 2 2 1 2 0 2 0 0 0 0 1 1 2 2 0 
0 0 0 0 0 0 16 16 16 0 0 0 0 0 0 16 16 16 2 1 0 0 0 1 17 17 17 16 16 17 0 0 0 33 32 34 16 16 17 2 1 2 32 34 32 16 18 17 0 0 1 34 33 32 16 16 16 0 2 2 34 32 34 17 17 17 2 2 1 34 32 34 16 16 16 0 1 1 34 34 32 
1
0 0 1 1 0 2 1 2 2 
0 0 0 0 0 0 0 0 0 0 0 0 0 0 0 0 0 0 2 1 0 0 0 1 1 1 1 0 0 1 0 0 0 1 0 2 0 0 1 2 1 2 0 2 0 0 2 1 0 0 1 2 1 0 0 0 0 2 2 2 2 0 2 1 1 1 2 2 1 2 0 2 0 0 0 0 1 1 2 2 0 
0 0 0 0 0 0 16 16 16 0 0 0 0 0 0 16 16 16 2 1 0 0 0 1 17 17 17 16 16 17 0 0 0 33 32 34 16 16 17 2 1 2 32 34 32 16 18 17 0 0 1 34 33 32 16 16 16 34 34 34 34 32 34 17 17 17 34 34 33 34 32 34 16 16 16 32 33 33 34 34 32 
1
0 0 1 1 0 2 1 2 2 
0 1 0 0 0 0 0 0 0 0 0 0 0 0 0 0 0 0 2 1 0 0 0 1 1 1 1 0 0 1 0 0 0 1 0 2 0 0 1 2 1 2 0 2 0 0 2 1 0 0 1 2 1 0 0 0 0 2 2 2 2 0 2 1 1 1 2 2 1 2 0 2 0 0 0 0 1 1 2 2 0 
0 1 0 0 0 0 16 16 16 0 0 0 0 0 0 16 16 16 2 1 0 0 0 1 17 17 17 16 16 17 0 0 0 33 32 34 16 16 17 2 1 2 32 34 32 16 18 17 0 0 1 34 33 32 16 16 16 34 34 34 34 32 34 17 17 17 34 34 33 34 32 34 16 16 16 32 33 33 34 34 32 
1
0 0 1 1 0 2 1 2 2 
0 1 0 0 0 0 0 0 0 0 0 0 0 0 0 0 0 0 2 1 0 2 0 1 1 1 1 0 0 1 0 0 0 1 0 2 0 0 1 2 1 2 0 2 0 0 2 1 0 0 1 2 1 0 0 0 0 2 2 2 2 0 2 1 1 1 2 2 1 2 0 2 0 0 0 0 1 1 2 2 0 
0 1 0 0 0 0 16 16 16 0 0 0 0 0 0 16 16 16 2 1 0 2 0 1 17 17 17 16 16 17 0 0 0 33 32 34 16 16 17 2 1 2 32 34 32 16 18 17 0 0 1 34 33 32 16 16 16 34 34 34 34 32 34 17 17 17 34 34 33 34 32 34 16 16 16 32 33 33 34 34 32 
1
1 0 1 1 0 2 1 2 2 
0 1 0 0 0 0 0 0 0 0 1 0 0 0 0 0 0 0 2 1 0 2 0 1 1 1 1 0 0 1 0 0 0 1 0 2 0 0 1 2 1 2 0 2 0 0 2 1 0 0 1 2 1 0 0 0 0 2 2 2 2 0 2 1 1 1 2 2 1 2 0 2 0 0 0 0 1 1 2 2 0 
16 17 16 0 0 0 16 16 16 16 17 16 0 0 0 16 16 16 18 17 16 2 0 1 17 17 17 16 16 17 0 0 0 33 32 34 16 16 17 2 1 2 32 34 32 16 18 17 0 0 1 34 33 32 16 16 16 34 34 34 34 32 34 17 17 17 34 34 33 34 32 34 16 16 16 32 33 33 34 34 32 
1
1 0 1 1 0 2 1 2 2 
0 1 0 0 0 0 0 0 0 0 1 0 0 0 0 0 0 0 2 1 0 2 0 1 1 1 1 0 0 1 0 0 0 1 0 2 0 0 1 2 1 2 0 2 0 0 2 1 0 0 1 2 1 0 0 0 0 2 2 2 2 0 2 1 1 1 2 2 1 2 0 2 0 0 0 0 1 1 2 2 0 
16 17 16 0 0 0 16 16 16 16 17 16 0 0 0 16 16 16 18 17 16 2 0 1 17 17 17 16 16 17 0 0 0 33 32 34 16 16 17 2 1 2 32 34 32 16 18 17 0 0 1 34 33 32 16 16 16 34 34 34 34 32 34 17 17 17 34 34 33 34 32 34 16 16 16 32 33 33 34 34 32 
1
