0 0 0 0 0 0 0 0 0 
0 0 0 0 0 0 0 0 0 0 0 0 0 0 0 0 0 0 0 0 0 0 0 0 0 0 0 0 0 0 0 0 0 0 0 0 0 0 0 0 0 0 0 0 0 0 0 0 0 1 0 0 0 0 0 0 0 0 0 0 0 0 0 0 0 0 0 0 0 0 0 0 0 0 0 0 0 0 0 0 0 
0 0 0 0 0 0 0 0 0 0 0 0 0 0 0 0 0 0 0 0 0 0 0 0 0 0 0 0 0 0 0 0 0 0 0 0 0 0 0 0 0 0 0 0 0 0 0 0 0 1 0 0 0 0 0 0 0 0 0 0 0 0 0 0 0 0 0 0 0 0 0 0 0 0 0 0 0 0 0 0 0 
1
0 0 0 0 0 0 0 0 0 
0 0 0 0 0 0 0 0 0 0 0 0 0 0 0 0 0 0 0 0 0 0 0 0 0 0 0 0 0 0 0 0 0 0 0 0 0 0 0 0 0 0 0 0 0 0 0 0 0 1 0 0 0 0 0 0 0 0 2 0 0 0 0 0 0 0 0 0 0 0 0 0 0 0 0 0 0 0 0 0 0 
0 0 0 0 0 0 0 0 0 0 0 0 0 0 0 0 0 0 0 0 0 0 0 0 0 0 0 0 0 0 0 0 0 0 0 0 0 0 0 0 0 0 0 0 0 0 0 0 0 1 0 0 0 0 0 0 0 0 2 0 0 0 0 0 0 0 0 0 0 0 0 0 0 0 0 0 0 0 0 0 0 
1
0 0 0 0 0 0 0 0 0 
0 0 0 0 0 0 0 0 0 0 0 0 0 0 0 0 0 0 0 0 0 0 0 1 0 0 0 0 0 0 0 0 0 0 0 0 0 0 0 0 0 0 0 0 0 0 0 0 0 1 0 0 0 0 0 0 0 0 2 0 0 0 0 0 0 0 0 0 0 0 0 0 0 0 0 0 0 0 0 0 0 
0 0 0 0 0 0 0 0 0 0 0 0 0 0 0 0 0 0 0 0 0 0 0 1 0 0 0 0 0 0 0 0 0 0 0 0 0 0 0 0 0 0 0 0 0 0 0 0 0 1 0 0 0 0 0 0 0 0 2 0 0 0 0 0 0 0 0 0 0 0 0 0 0 0 0 0 0 0 0 0 0 
1
0 0 0 0 0 0 0 0 0 
0 0 0 0 0 0 0 0 0 0 0 0 0 0 0 0 0 0 0 0 0 0 0 1 0 0 0 0 0 0 0 0 0 0 0 0 0 0 0 0 0 0 0 0 0 0 0 0 0 1 0 0 0 0 0 0 0 0 2 0 0 0 0 0 0 0 0 0 0 0 2 0 0 0 0 0 0 0 0 0 0 
0 0 0 0 0 0 0 0 0 0 0 0 0 0 0 0 0 0 0 0 0 0 0 1 0 0 0 0 0 0 0 0 0 0 0 0 0 0 0 0 0 0 0 0 0 0 0 0 0 1 0 0 0 0 0 0 0 0 2 0 0 0 0 0 0 0 0 0 0 0 2 0 0 0 0 0 0 0 0 0 0 
1
0 0 0 0 0 0 0 0 0 
0 0 0 0 0 0 0 0 0 0 0 0 0 0 0 0 0 0 0 0 0 0 0 1 0 0 0 0 0 0 0 0 0 0 0 0 0 0 0 1 0 0 0 0 0 0 0 0 0 1 0 0 0 0 0 0 0 0 2 0 0 0 0 0 0 0 0 0 0 0 2 0 0 0 0 0 0 0 0 0 0 
0 0 0 0 0 0 0 0 0 0 0 0 0 0 0 0 0 0 0 0 0 0 0 1 0 0 0 0 0 0 0 0 0 0 0 0 0 0 0 1 0 0 0 0 0 0 0 0 0 1 0 0 0 0 0 0 0 0 2 0 0 0 0 0 0 0 0 0 0 0 2 0 0 0 0 0 0 0 0 0 0 
1
0 0 0 0 0 0 0 0 0 
0 0 0 0 0 0 0 0 0 0 0 0 0 0 0 0 0 0 0 0 0 0 0 1 0 0 0 0 0 0 0 0 0 0 0 0 0 0 0 1 0 0 0 0 0 0 2 0 0 1 0 0 0 0 0 0 0 0 2 0 0 0 0 0 0 0 0 0 0 0 2 0 0 0 0 0 0 0 0 0 0 
0 0 0 0 0 0 0 0 0 0 0 0 0 0 0 0 0 0 0 0 0 0 0 1 0 0 0 0 0 0 0 0 0 0 0 0 0 0 0 1 0 0 0 0 0 0 2 0 0 1 0 0 0 0 0 0 0 0 2 0 0 0 0 0 0 0 0 0 0 0 2 0 0 0 0 0 0 0 0 0 0 
1
0 0 0 0 0 0 0 0 0 
0 0 0 0 0 0 0 0 0 0 0 0 0 0 0 0 0 0 0 0 0 0 0 1 0 0 0 0 0 0 0 0 0 0 0 0 0 0 0 1 0 0 0 0 0 0 2 0 0 1 0 0 0 0 0 0 0 0 2 0 0 0 0 0 0 0 0 0 0 0 2 0 0 0 0 1 0 0 0 0 0 
0 0 0 0 0 0 0 0 0 0 0 0 0 0 0 0 0 0 0 0 0 0 0 1 0 0 0 0 0 0 0 0 0 0 0 0 0 0 0 1 0 0 0 0 0 0 2 0 0 1 0 0 0 0 0 0 0 0 2 0 0 0 0 0 0 0 0 0 0 0 2 0 0 0 0 1 0 0 0 0 0 
1
0 0 0 0 0 0 0 0 0 
0 0 0 0 0 0 0 0 0 0 0 0 0 0 0 0 0 0 0 0 0 0 0 1 0 0 0 0 0 0 0 0 0 0 0 0 0 0 0 1 0 0 0 0 0 0 2 0 0 1 0 0 0 0 0 0 2 0 2 0 0 0 0 0 0 0 0 0 0 0 2 0 0 0 0 1 0 0 0 0 0 
0 0 0 0 0 0 0 0 0 0 0 0 0 0 0 0 0 0 0 0 0 0 0 1 0 0 0 0 0 0 0 0 0 0 0 0 0 0 0 1 0 0 0 0 0 0 2 0 0 1 0 0 0 0 0 0 2 0 2 0 0 0 0 0 0 0 0 0 0 0 2 0 0 0 0 1 0 0 0 0 0 
1
0 0 0 0 0 0 0 0 0 
0 0 0 0 0 0 0 1 0 0 0 0 0 0 0 0 0 0 0 0 0 0 0 1 0 0 0 0 0 0 0 0 0 0 0 0 0 0 0 1 0 0 0 0 0 0 2 0 0 1 0 0 0 0 0 0 2 0 2 0 0 0 0 0 0 0 0 0 0 0 2 0 0 0 0 1 0 0 0 0 0 
0 0 0 0 0 0 0 1 0 0 0 0 0 0 0 0 0 0 0 0 0 0 0 1 0 0 0 0 0 0 0 0 0 0 0 0 0 0 0 1 0 0 0 0 0 0 2 0 0 1 0 0 0 0 0 0 2 0 2 0 0 0 0 0 0 0 0 0 0 0 2 0 0 0 0 1 0 0 0 0 0 
1
0 0 0 0 0 0 0 0 0 
0 0 0 0 0 0 0 1 0 0 0 0 2 0 0 0 0 0 0 0 0 0 0 1 0 0 0 0 0 0 0 0 0 0 0 0 0 0 0 1 0 0 0 0 0 0 2 0 0 1 0 0 0 0 0 0 2 0 2 0 0 0 0 0 0 0 0 0 0 0 2 0 0 0 0 1 0 0 0 0 0 
0 0 0 0 0 0 0 1 0 0 0 0 2 0 0 0 0 0 0 0 0 0 0 1 0 0 0 0 0 0 0 0 0 0 0 0 0 0 0 1 0 0 0 0 0 0 2 0 0 1 0 0 0 0 0 0 2 0 2 0 0 0 0 0 0 0 0 0 0 0 2 0 0 0 0 1 0 0 0 0 0 
1
0 0 0 0 0 0 0 0 0 
0 0 0 0 0 0 0 1 0 0 0 0 2 0 0 0 0 0 0 0 0 0 0 1 0 0 0 1 0 0 0 0 0 0 0 0 0 0 0 1 0 0 0 0 0 0 2 0 0 1 0 0 0 0 0 0 2 0 2 0 0 0 0 0 0 0 0 0 0 0 2 0 0 0 0 1 0 0 0 0 0 
0 0 0 0 0 0 0 1 0 0 0 0 2 0 0 0 0 0 0 0 0 0 0 1 0 0 0 1 0 0 0 0 0 0 0 0 0 0 0 1 0 0 0 0 0 0 2 0 0 1 0 0 0 0 0 0 2 0 2 0 0 0 0 0 0 0 0 0 0 0 2 0 0 0 0 1 0 0 0 0 0 
1
0 0 0 0 0 0 0 0 0 
0 0 0 0 0 0 0 1 0 0 2 0 2 0 0 0 0 0 0 0 0 0 0 1 0 0 0 1 0 0 0 0 0 0 0 0 0 0 0 1 0 0 0 0 0 0 2 0 0 1 0 0 0 0 0 0 2 0 2 0 0 0 0 0 0 0 0 0 0 0 2 0 0 0 0 1 0 0 0 0 0 
0 0 0 0 0 0 0 1 0 0 2 0 2 0 0 0 0 0 0 0 0 0 0 1 0 0 0 1 0 0 0 0 0 0 0 0 0 0 0 1 0 0 0 0 0 0 2 0 0 1 0 0 0 0 0 0 2 0 2 0 0 0 0 0 0 0 0 0 0 0 2 0 0 0 0 1 0 0 0 0 0 
1
0 0 0 0 0 0 0 0 0 
0 0 0 0 0 0 0 1 0 0 2 0 2 0 0 0 0 0 0 0 0 0 0 1 0 0 0 1 0 0 0 0 0 0 0 0 0 0 0 1 0 0 0 0 0 0 2 0 0 1 1 0 0 0 0 0 2 0 2 0 0 0 0 0 0 0 0 0 0 0 2 0 0 0 0 1 0 0 0 0 0 
0 0 0 0 0 0 0 1 0 0 2 0 2 0 0 0 0 0 0 0 0 0 0 1 0 0 0 1 0 0 0 0 0 0 0 0 0 0 0 1 0 0 0 0 0 0 2 0 0 1 1 0 0 0 0 0 2 0 2 0 0 0 0 0 0 0 0 0 0 0 2 0 0 0 0 1 0 0 0 0 0 
1
0 0 0 0 0 0 0 0 0 
0 0 0 0 0 0 0 1 0 0 2 0 2 0 0 0 0 0 0 0 0 0 0 1 0 0 0 1 0 0 0 0 0 0 0 0 0 0 0 1 0 0 0 0 0 0 2 0 0 1 1 0 0 0 0 0 2 0 2 0 0 0 2 0 0 0 0 0 0 0 2 0 0 0 0 1 0 0 0 0 0 
0 0 0 0 0 0 0 1 0 0 2 0 2 0 0 0 0 0 0 0 0 0 0 1 0 0 0 1 0 0 0 0 0 0 0 0 0 0 0 1 0 0 0 0 0 0 2 0 0 1 1 0 0 0 0 0 2 0 2 0 0 0 2 0 0 0 0 0 0 0 2 0 0 0 0 1 0 0 0 0 0 
1
0 0 0 0 0 0 0 0 0 
0 0 0 0 0 0 0 1 0 0 2 0 2 0 0 0 1 0 0 0 0 0 0 1 0 0 0 1 0 0 0 0 0 0 0 0 0 0 0 1 0 0 0 0 0 0 2 0 0 1 1 0 0 0 0 0 2 0 2 0 0 0 2 0 0 0 0 0 0 0 2 0 0 0 0 1 0 0 0 0 0 
0 0 0 0 0 0 0 1 0 0 2 0 2 0 0 0 1 0 0 0 0 0 0 1 0 0 0 1 0 0 0 0 0 0 0 0 0 0 0 1 0 0 0 0 0 0 2 0 0 1 1 0 0 0 0 0 2 0 2 0 0 0 2 0 0 0 0 0 0 0 2 0 0 0 0 1 0 0 0 0 0 
1
0 0 0 0 0 0 0 0 0 
0 0 0 0 0 0 0 1 0 0 2 0 2 0 0 0 1 0 0 0 0 0 0 1 0 0 0 1 0 0 0 0 0 0 0 0 0 0 0 1 0 0 0 0 0 0 2 0 2 1 1 0 0 0 0 0 2 0 2 0 0 0 2 0 0 0 0 0 0 0 2 0 0 0 0 1 0 0 0 0 0 
0 0 0 0 0 0 0 1 0 0 2 0 2 0 0 0 1 0 0 0 0 0 0 1 0 0 0 1 0 0 0 0 0 0 0 0 0 0 0 1 0 0 0 0 0 0 2 0 2 1 1 0 0 0 0 0 2 0 2 0 0 0 2 0 0 0 0 0 0 0 2 0 0 0 0 1 0 0 0 0 0 
1
0 0 0 0 0 0 0 0 0 
0 0 0 0 0 0 0 1 0 0 2 0 2 0 0 0 1 0 0 0 0 0 0 1 0 0 0 1 0 0 0 0 0 0 0 0 0 0 0 1 0 0 0 0 0 0 2 0 2 1 1 0 0 0 0 0 2 0 2 0 0 0 2 0 0 0 0 0 0 0 2 0 1 0 0 1 0 0 0 0 0 
0 0 0 0 0 0 0 1 0 0 2 0 2 0 0 0 1 0 0 0 0 0 0 1 0 0 0 1 0 0 0 0 0 0 0 0 0 0 0 1 0 0 0 0 0 0 2 0 2 1 1 0 0 0 0 0 2 0 2 0 0 0 2 0 0 0 0 0 0 0 2 0 1 0 0 1 0 0 0 0 0 
1
0 0 0 0 0 0 0 0 0 
0 0 0 0 0 0 0 1 0 0 2 0 2 0 0 0 1 0 0 0 0 0 0 1 0 0 0 1 0 0 0 0 0 0 0 0 0 0 0 1 0 0 0 0 0 0 2 0 2 1 1 0 0 0 0 0 2 0 2 0 0 0 2 0 0 2 0 0 0 0 2 0 1 0 0 1 0 0 0 0 0 
0 0 0 0 0 0 0 1 0 0 2 0 2 0 0 0 1 0 0 0 0 0 0 1 0 0 0 1 0 0 0 0 0 0 0 0 0 0 0 1 0 0 0 0 0 0 2 0 2 1 1 0 0 0 0 0 2 0 2 0 0 0 2 0 0 2 0 0 0 0 2 0 1 0 0 1 0 0 0 0 0 
1
0 0 0 0 0 0 0 0 0 
0 0 0 0 0 0 0 1 0 0 2 0 2 0 0 0 1 0 0 0 0 0 0 1 0 0 0 1 0 0 0 0 0 0 0 0 0 0 0 1 0 0 1 0 0 0 2 0 2 1 1 0 0 0 0 0 2 0 2 0 0 0 2 0 0 2 0 0 0 0 2 0 1 0 0 1 0 0 0 0 0 
0 0 0 0 0 0 0 1 0 0 2 0 2 0 0 0 1 0 0 0 0 0 0 1 0 0 0 1 0 0 0 0 0 0 0 0 0 0 0 1 0 0 1 0 0 0 2 0 2 1 1 0 0 0 0 0 2 0 2 0 0 0 2 0 0 2 0 0 0 0 2 0 1 0 0 1 0 0 0 0 0 
1
0 0 0 0 0 0 0 0 0 
0 0 0 0 0 0 0 1 0 0 2 0 2 0 0 0 1 0 0 0 0 0 0 1 0 0 0 1 0 0 0 0 0 0 0 0 0 2 0 1 0 0 1 0 0 0 2 0 2 1 1 0 0 0 0 0 2 0 2 0 0 0 2 0 0 2 0 0 0 0 2 0 1 0 0 1 0 0 0 0 0 
0 0 0 0 0 0 0 1 0 0 2 0 2 0 0 0 1 0 0 0 0 0 0 1 0 0 0 1 0 0 0 0 0 0 0 0 0 2 0 1 0 0 1 0 0 0 2 0 2 1 1 0 0 0 0 0 2 0 2 0 0 0 2 0 0 2 0 0 0 0 2 0 1 0 0 1 0 0 0 0 0 
1
0 0 0 0 0 0 0 0 0 
0 0 0 0 0 0 0 1 0 0 2 0 2 0 0 0 1 0 0 0 0 0 0 1 0 0 0 1 0 0 1 0 0 0 0 0 0 2 0 1 0 0 1 0 0 0 2 0 2 1 1 0 0 0 0 0 2 0 2 0 0 0 2 0 0 2 0 0 0 0 2 0 1 0 0 1 0 0 0 0 0 
0 0 0 0 0 0 0 1 0 0 2 0 2 0 0 0 1 0 0 0 0 0 0 1 0 0 0 1 0 0 1 0 0 0 0 0 0 2 0 1 0 0 1 0 0 0 2 0 2 1 1 0 0 0 0 0 2 0 2 0 0 0 2 0 0 2 0 0 0 0 2 0 1 0 0 1 0 0 0 0 0 
1
0 0 0 0 0 0 0 0 0 
0 0 0 0 0 0 0 1 0 0 2 0 2 0 0 0 1 0 0 2 0 0 0 1 0 0 0 1 0 0 1 0 0 0 0 0 0 2 0 1 0 0 1 0 0 0 2 0 2 1 1 0 0 0 0 0 2 0 2 0 0 0 2 0 0 2 0 0 0 0 2 0 1 0 0 1 0 0 0 0 0 
0 0 0 0 0 0 0 1 0 0 2 0 2 0 0 0 1 0 0 2 0 0 0 1 0 0 0 1 0 0 1 0 0 0 0 0 0 2 0 1 0 0 1 0 0 0 2 0 2 1 1 0 0 0 0 0 2 0 2 0 0 0 2 0 0 2 0 0 0 0 2 0 1 0 0 1 0 0 0 0 0 
1
0 0 0 0 0 0 0 0 0 
0 0 0 0 0 0 0 1 0 0 2 0 2 0 0 0 1 0 0 2 0 0 0 1 0 0 0 1 0 0 1 0 0 0 0 0 0 2 0 1 0 0 1 0 0 0 2 0 2 1 1 0 0 0 0 0 2 0 2 1 0 0 2 0 0 2 0 0 0 0 2 0 1 0 0 1 0 0 0 0 0 
0 0 0 0 0 0 0 1 0 0 2 0 2 0 0 0 1 0 0 2 0 0 0 1 0 0 0 1 0 0 1 0 0 0 0 0 0 2 0 1 0 0 1 0 0 0 2 0 2 1 1 0 0 0 0 0 2 0 2 1 0 0 2 0 0 2 0 0 0 0 2 0 1 0 0 1 0 0 0 0 0 
1
0 0 0 0 0 0 0 0 0 
0 0 0 0 0 0 0 1 0 0 2 0 2 0 0 0 1 0 0 2 0 0 0 1 0 2 0 1 0 0 1 0 0 0 0 0 0 2 0 1 0 0 1 0 0 0 2 0 2 1 1 0 0 0 0 0 2 0 2 1 0 0 2 0 0 2 0 0 0 0 2 0 1 0 0 1 0 0 0 0 0 
0 0 0 0 0 0 0 1 0 0 2 0 2 0 0 0 1 0 0 2 0 0 0 1 0 2 0 1 0 0 1 0 0 0 0 0 0 2 0 1 0 0 1 0 0 0 2 0 2 1 1 0 0 0 0 0 2 0 2 1 0 0 2 0 0 2 0 0 0 0 2 0 1 0 0 1 0 0 0 0 0 
1
0 0 0 0 0 0 0 1 0 
0 0 0 0 0 0 0 1 0 0 2 0 2 0 0 0 1 0 0 2 0 0 0 1 0 2 0 1 0 0 1 0 0 0 0 0 0 2 0 1 0 0 1 0 0 0 2 0 2 1 1 0 0 0 0 0 2 0 2 1 0 0 2 0 0 2 0 1 0 0 2 0 1 0 0 1 0 0 0 0 0 
0 0 0 0 0 0 0 1 0 0 2 0 2 0 0 0 1 0 0 2 0 0 0 1 0 2 0 1 0 0 1 0 0 0 0 0 0 2 0 1 0 0 1 0 0 0 2 0 2 1 1 0 0 0 0 0 2 16 18 17 0 0 2 0 0 2 16 17 16 0 2 0 1 0 0 17 16 16 0 0 0 
1
0 0 0 0 0 0 0 1 0 
0 0 0 0 0 0 0 1 0 0 2 0 2 0 0 0 1 0 0 2 0 0 0 1 0 2 0 1 0 0 1 0 0 0 0 0 0 2 0 1 2 0 1 0 0 0 2 0 2 1 1 0 0 0 0 0 2 0 2 1 0 0 2 0 0 2 0 1 0 0 2 0 1 0 0 1 0 0 0 0 0 
0 0 0 0 0 0 0 1 0 0 2 0 2 0 0 0 1 0 0 2 0 0 0 1 0 2 0 1 0 0 1 0 0 0 0 0 0 2 0 1 2 0 1 0 0 0 2 0 2 1 1 0 0 0 0 0 2 16 18 17 0 0 2 0 0 2 16 17 16 0 2 0 1 0 0 17 16 16 0 0 0 
1
0 0 0 0 0 0 0 1 0 
0 0 0 0 0 0 0 1 0 0 2 0 2 0 0 0 1 0 0 2 0 0 0 1 0 2 0 1 0 0 1 0 0 0 0 0 0 2 0 1 2 1 1 0 0 0 2 0 2 1 1 0 0 0 0 0 2 0 2 1 0 0 2 0 0 2 0 1 0 0 2 0 1 0 0 1 0 0 0 0 0 
0 0 0 0 0 0 0 1 0 0 2 0 2 0 0 0 1 0 0 2 0 0 0 1 0 2 0 1 0 0 1 0 0 0 0 0 0 2 0 1 2 1 1 0 0 0 2 0 2 1 1 0 0 0 0 0 2 16 18 17 0 0 2 0 0 2 16 17 16 0 2 0 1 0 0 17 16 16 0 0 0 
1
0 0 0 0 0 0 0 1 0 
0 0 0 0 0 0 0 1 0 0 2 0 2 0 0 0 1 0 0 2 0 0 0 1 0 2 0 1 0 0 1 0 0 0 0 0 0 2 0 1 2 1 1 2 0 0 2 0 2 1 1 0 0 0 0 0 2 0 2 1 0 0 2 0 0 2 0 1 0 0 2 0 1 0 0 1 0 0 0 0 0 
0 0 0 0 0 0 0 1 0 0 2 0 2 0 0 0 1 0 0 2 0 0 0 1 0 2 0 1 0 0 1 0 0 0 0 0 0 2 0 1 2 1 1 2 0 0 2 0 2 1 1 0 0 0 0 0 2 16 18 17 0 0 2 0 0 2 16 17 16 0 2 0 1 0 0 17 16 16 0 0 0 
1
0 0 0 0 1 0 0 1 0 
0 0 0 0 0 0 0 1 0 0 2 0 2 0 0 0 1 0 0 2 0 0 0 1 0 2 0 1 0 0 1 0 1 0 0 0 0 2 0 1 2 1 1 2 0 0 2 0 2 1 1 0 0 0 0 0 2 0 2 1 0 0 2 0 0 2 0 1 0 0 2 0 1 0 0 1 0 0 0 0 0 
0 0 0 0 0 0 0 1 0 0 2 0 2 0 0 0 1 0 0 2 0 0 0 1 0 2 0 1 0 0 17 16 17 0 0 0 0 2 0 17 18 17 1 2 0 0 2 0 18 17 17 0 0 0 0 0 2 16 18 17 0 0 2 0 0 2 16 17 16 0 2 0 1 0 0 17 16 16 0 0 0 
1
0 0 0 0 1 0 0 1 0 
0 0 0 0 0 0 0 1 0 0 2 0 2 0 0 0 1 0 0 2 0 0 0 1 2 2 0 1 0 0 1 0 1 0 0 0 0 2 0 1 2 1 1 2 0 0 2 0 2 1 1 0 0 0 0 0 2 0 2 1 0 0 2 0 0 2 0 1 0 0 2 0 1 0 0 1 0 0 0 0 0 
0 0 0 0 0 0 0 1 0 0 2 0 2 0 0 0 1 0 0 2 0 0 0 1 2 2 0 1 0 0 17 16 17 0 0 0 0 2 0 17 18 17 1 2 0 0 2 0 18 17 17 0 0 0 0 0 2 16 18 17 0 0 2 0 0 2 16 17 16 0 2 0 1 0 0 17 16 16 0 0 0 
1
0 0 0 0 1 0 0 1 0 
0 0 0 0 0 0 0 1 0 0 2 0 2 0 0 0 1 0 0 2 0 0 0 1 2 2 0 1 0 0 1 0 1 0 0 0 0 2 0 1 2 1 1 2 0 0 2 0 2 1 1 0 0 0 0 0 2 0 2 1 0 0 2 1 0 2 0 1 0 0 2 0 1 0 0 1 0 0 0 0 0 
0 0 0 0 0 0 0 1 0 0 2 0 2 0 0 0 1 0 0 2 0 0 0 1 2 2 0 1 0 0 17 16 17 0 0 0 0 2 0 17 18 17 1 2 0 0 2 0 18 17 17 0 0 0 0 0 2 16 18 17 0 0 2 1 0 2 16 17 16 0 2 0 1 0 0 17 16 16 0 0 0 
1
0 0 0 2 1 0 0 1 0 
0 0 0 0 0 0 0 1 0 0 2 0 2 0 0 0 1 0 0 2 0 0 0 1 2 2 0 1 2 0 1 0 1 0 0 0 0 2 0 1 2 1 1 2 0 0 2 0 2 1 1 0 0 0 0 0 2 0 2 1 0 0 2 1 0 2 0 1 0 0 2 0 1 0 0 1 0 0 0 0 0 
0 0 0 0 0 0 0 1 0 0 2 0 2 0 0 0 1 0 0 2 0 0 0 1 2 2 0 33 34 32 17 16 17 0 0 0 32 34 32 17 18 17 1 2 0 32 34 32 18 17 17 0 0 0 0 0 2 16 18 17 0 0 2 1 0 2 16 17 16 0 2 0 1 0 0 17 16 16 0 0 0 
1
0 0 0 2 1 0 0 1 0 
0 0 0 0 1 0 0 1 0 0 2 0 2 0 0 0 1 0 0 2 0 0 0 1 2 2 0 1 2 0 1 0 1 0 0 0 0 2 0 1 2 1 1 2 0 0 2 0 2 1 1 0 0 0 0 0 2 0 2 1 0 0 2 1 0 2 0 1 0 0 2 0 1 0 0 1 0 0 0 0 0 
0 0 0 0 1 0 0 1 0 0 2 0 2 0 0 0 1 0 0 2 0 0 0 1 2 2 0 33 34 32 17 16 17 0 0 0 32 34 32 17 18 17 1 2 0 32 34 32 18 17 17 0 0 0 0 0 2 16 18 17 0 0 2 1 0 2 16 17 16 0 2 0 1 0 0 17 16 16 0 0 0 
1
0 0 0 2 1 0 0 1 0 
0 0 0 0 1 0 0 1 0 0 2 0 2 0 0 0 1 0 0 2 0 2 0 1 2 2 0 1 2 0 1 0 1 0 0 0 0 2 0 1 2 1 1 2 0 0 2 0 2 1 1 0 0 0 0 0 2 0 2 1 0 0 2 1 0 2 0 1 0 0 2 0 1 0 0 1 0 0 0 0 0 
0 0 0 0 1 0 0 1 0 0 2 0 2 0 0 0 1 0 0 2 0 2 0 1 2 2 0 33 34 32 17 16 17 0 0 0 32 34 32 17 18 17 1 2 0 32 34 32 18 17 17 0 0 0 0 0 2 16 18 17 0 0 2 1 0 2 16 17 16 0 2 0 1 0 0 17 16 16 0 0 0 
1
0 0 0 2 1 0 1 1 0 
0 0 0 0 1 0 0 1 0 0 2 0 2 0 0 0 1 0 0 2 0 2 0 1 2 2 0 1 2 0 1 0 1 0 0 0 0 2 0 1 2 1 1 2 0 0 2 0 2 1 1 0 0 0 1 0 2 0 2 1 0 0 2 1 0 2 0 1 0 0 2 0 1 0 0 1 0 0 0 0 0 
0 0 0 0 1 0 0 1 0 0 2 0 2 0 0 0 1 0 0 2 0 2 0 1 2 2 0 33 34 32 17 16 17 0 0 0 32 34 32 17 18 17 1 2 0 32 34 32 18 17 17 0 0 0 17 16 18 16 18 17 0 0 2 17 16 18 16 17 16 0 2 0 17 16 16 17 16 16 0 0 0 
1
2 0 0 2 1 0 1 1 0 
0 2 0 0 1 0 0 1 0 0 2 0 2 0 0 0 1 0 0 2 0 2 0 1 2 2 0 1 2 0 1 0 1 0 0 0 0 2 0 1 2 1 1 2 0 0 2 0 2 1 1 0 0 0 1 0 2 0 2 1 0 0 2 1 0 2 0 1 0 0 2 0 1 0 0 1 0 0 0 0 0 
32 34 32 0 1 0 0 1 0 32 34 32 2 0 0 0 1 0 32 34 32 2 0 1 2 2 0 33 34 32 17 16 17 0 0 0 32 34 32 17 18 17 1 2 0 32 34 32 18 17 17 0 0 0 17 16 18 16 18 17 0 0 2 17 16 18 16 17 16 0 2 0 17 16 16 17 16 16 0 0 0 
1
2 0 0 2 1 0 1 1 0 
0 2 0 1 1 0 0 1 0 0 2 0 2 0 0 0 1 0 0 2 0 2 0 1 2 2 0 1 2 0 1 0 1 0 0 0 0 2 0 1 2 1 1 2 0 0 2 0 2 1 1 0 0 0 1 0 2 0 2 1 0 0 2 1 0 2 0 1 0 0 2 0 1 0 0 1 0 0 0 0 0 
32 34 32 1 1 0 0 1 0 32 34 32 2 0 0 0 1 0 32 34 32 2 0 1 2 2 0 33 34 32 17 16 17 0 0 0 32 34 32 17 18 17 1 2 0 32 34 32 18 17 17 0 0 0 17 16 18 16 18 17 0 0 2 17 16 18 16 17 16 0 2 0 17 16 16 17 16 16 0 0 0 
1
2 0 0 2 1 0 1 1 2 
0 2 0 1 1 0 0 1 0 0 2 0 2 0 0 0 1 0 0 2 0 2 0 1 2 2 0 1 2 0 1 0 1 0 0 0 0 2 0 1 2 1 1 2 0 0 2 0 2 1 1 0 0 0 1 0 2 0 2 1 0 0 2 1 0 2 0 1 0 0 2 0 1 0 0 1 0 0 2 0 0 
32 34 32 1 1 0 0 1 0 32 34 32 2 0 0 0 1 0 32 34 32 2 0 1 2 2 0 33 34 32 17 16 17 0 0 0 32 34 32 17 18 17 1 2 0 32 34 32 18 17 17 0 0 0 17 16 18 16 18 17 32 32 34 17 16 18 16 17 16 32 34 32 17 16 16 17 16 16 34 32 32 
1
2 1 0 2 1 0 1 1 2 
0 2 0 1 1 0 0 1 0 0 2 0 2 1 0 0 1 0 0 2 0 2 0 1 2 2 0 1 2 0 1 0 1 0 0 0 0 2 0 1 2 1 1 2 0 0 2 0 2 1 1 0 0 0 1 0 2 0 2 1 0 0 2 1 0 2 0 1 0 0 2 0 1 0 0 1 0 0 2 0 0 
32 34 32 17 17 16 0 1 0 32 34 32 18 17 16 0 1 0 32 34 32 18 16 17 2 2 0 33 34 32 17 16 17 0 0 0 32 34 32 17 18 17 1 2 0 32 34 32 18 17 17 0 0 0 17 16 18 16 18 17 32 32 34 17 16 18 16 17 16 32 34 32 17 16 16 17 16 16 34 32 32 
1
2 1 0 2 1 0 1 1 2 
0 2 0 1 1 0 0 1 0 0 2 0 2 1 0 0 1 0 0 2 0 2 0 1 2 2 0 1 2 0 1 0 1 0 0 0 0 2 0 1 2 1 1 2 0 0 2 0 2 1 1 0 0 0 1 0 2 0 2 1 0 0 2 1 0 2 0 1 0 0 2 0 1 0 0 1 0 0 2 0 0 
32 34 32 17 17 16 0 1 0 32 34 32 18 17 16 0 1 0 32 34 32 18 16 17 2 2 0 33 34 32 17 16 17 0 0 0 32 34 32 17 18 17 1 2 0 32 34 32 18 17 17 0 0 0 17 16 18 16 18 17 32 32 34 17 16 18 16 17 16 32 34 32 17 16 16 17 16 16 34 32 32 
1
