0 0 0 0 0 0 0 0 0 
0 0 0 0 0 0 0 0 0 0 0 0 0 0 0 0 0 0 0 0 0 0 0 0 0 0 0 0 0 0 0 0 0 0 0 0 0 0 0 0 1 0 0 0 0 0 0 0 0 0 0 0 0 0 0 0 0 0 0 0 0 0 0 0 0 0 0 0 0 0 0 0 0 0 0 0 0 0 0 0 0 
0 0 0 0 0 0 0 0 0 0 0 0 0 0 0 0 0 0 0 0 0 0 0 0 0 0 0 0 0 0 0 0 0 0 0 0 0 0 0 0 1 0 0 0 0 0 0 0 0 0 0 0 0 0 0 0 0 0 0 0 0 0 0 0 0 0 0 0 0 0 0 0 0 0 0 0 0 0 0 0 0 
0
0 0 0 0 0 0 0 0 0 
0 0 0 0 0 0 0 0 0 0 0 0 0 0 0 0 0 0 0 0 0 0 0 0 0 0 0 0 0 0 2 0 0 0 0 0 0 0 0 0 1 0 0 0 0 0 0 0 0 0 0 0 0 0 0 0 0 0 0 0 0 0 0 0 0 0 0 0 0 0 0 0 0 0 0 0 0 0 0 0 0 
0 0 0 0 0 0 0 0 0 0 0 0 0 0 0 0 0 0 0 0 0 0 0 0 0 0 0 0 0 0 2 0 0 0 0 0 0 0 0 0 1 0 0 0 0 0 0 0 0 0 0 0 0 0 0 0 0 0 0 0 0 0 0 0 0 0 0 0 0 0 0 0 0 0 0 0 0 0 0 0 0 
0
0 0 0 0 0 0 0 0 0 
1 0 0 0 0 0 0 0 0 0 0 0 0 0 0 0 0 0 0 0 0 0 0 0 0 0 0 0 0 0 2 0 0 0 0 0 0 0 0 0 1 0 0 0 0 0 0 0 0 0 0 0 0 0 0 0 0 0 0 0 0 0 0 0 0 0 0 0 0 0 0 0 0 0 0 0 0 0 0 0 0 
1 0 0 0 0 0 0 0 0 0 0 0 0 0 0 0 0 0 0 0 0 0 0 0 0 0 0 0 0 0 2 0 0 0 0 0 0 0 0 0 1 0 0 0 0 0 0 0 0 0 0 0 0 0 0 0 0 0 0 0 0 0 0 0 0 0 0 0 0 0 0 0 0 0 0 0 0 0 0 0 0 
0
0 0 0 0 0 0 0 0 0 
1 0 0 0 0 0 0 0 0 0 0 0 0 0 0 0 0 0 0 0 2 0 0 0 0 0 0 0 0 0 2 0 0 0 0 0 0 0 0 0 1 0 0 0 0 0 0 0 0 0 0 0 0 0 0 0 0 0 0 0 0 0 0 0 0 0 0 0 0 0 0 0 0 0 0 0 0 0 0 0 0 
1 0 0 0 0 0 0 0 0 0 0 0 0 0 0 0 0 0 0 0 2 0 0 0 0 0 0 0 0 0 2 0 0 0 0 0 0 0 0 0 1 0 0 0 0 0 0 0 0 0 0 0 0 0 0 0 0 0 0 0 0 0 0 0 0 0 0 0 0 0 0 0 0 0 0 0 0 0 0 0 0 
0
0 0 0 0 0 0 0 0 0 
1 0 0 0 0 0 0 0 0 0 0 0 0 0 0 0 0 0 0 0 2 0 0 0 0 0 0 0 0 0 2 0 0 0 0 0 0 0 0 0 1 0 0 0 0 0 0 0 0 0 0 0 0 0 0 0 0 0 0 0 0 0 0 0 0 0 0 0 0 0 0 0 0 0 0 0 0 0 0 0 1 
1 0 0 0 0 0 0 0 0 0 0 0 0 0 0 0 0 0 0 0 2 0 0 0 0 0 0 0 0 0 2 0 0 0 0 0 0 0 0 0 1 0 0 0 0 0 0 0 0 0 0 0 0 0 0 0 0 0 0 0 0 0 0 0 0 0 0 0 0 0 0 0 0 0 0 0 0 0 0 0 1 
0
0 0 0 0 0 0 0 0 0 
1 0 0 0 0 0 0 0 0 0 0 0 0 0 0 0 0 0 0 0 2 0 0 0 0 0 0 0 0 0 2 0 0 0 0 0 0 0 0 0 1 0 0 0 0 0 0 0 0 0 0 0 0 0 0 0 0 0 0 0 0 2 0 0 0 0 0 0 0 0 0 0 0 0 0 0 0 0 0 0 1 
1 0 0 0 0 0 0 0 0 0 0 0 0 0 0 0 0 0 0 0 2 0 0 0 0 0 0 0 0 0 2 0 0 0 0 0 0 0 0 0 1 0 0 0 0 0 0 0 0 0 0 0 0 0 0 0 0 0 0 0 0 2 0 0 0 0 0 0 0 0 0 0 0 0 0 0 0 0 0 0 1 
0
0 0 0 0 0 0 0 0 0 
1 0 0 0 0 0 0 0 0 0 0 0 0 0 0 0 0 0 0 0 2 1 0 0 0 0 0 0 0 0 2 0 0 0 0 0 0 0 0 0 1 0 0 0 0 0 0 0 0 0 0 0 0 0 0 0 0 0 0 0 0 2 0 0 0 0 0 0 0 0 0 0 0 0 0 0 0 0 0 0 1 
1 0 0 0 0 0 0 0 0 0 0 0 0 0 0 0 0 0 0 0 2 1 0 0 0 0 0 0 0 0 2 0 0 0 0 0 0 0 0 0 1 0 0 0 0 0 0 0 0 0 0 0 0 0 0 0 0 0 0 0 0 2 0 0 0 0 0 0 0 0 0 0 0 0 0 0 0 0 0 0 1 
0
0 0 0 0 0 0 0 0 0 
1 0 0 0 0 0 0 0 0 0 0 0 0 0 0 0 0 0 0 0 2 1 0 0 0 0 0 0 0 0 2 0 0 0 0 0 0 0 0 0 1 0 0 0 0 0 0 0 0 0 0 0 0 0 0 0 0 0 0 0 0 2 0 0 0 2 0 0 0 0 0 0 0 0 0 0 0 0 0 0 1 
1 0 0 0 0 0 0 0 0 0 0 0 0 0 0 0 0 0 0 0 2 1 0 0 0 0 0 0 0 0 2 0 0 0 0 0 0 0 0 0 1 0 0 0 0 0 0 0 0 0 0 0 0 0 0 0 0 0 0 0 0 2 0 0 0 2 0 0 0 0 0 0 0 0 0 0 0 0 0 0 1 
0
0 0 0 0 0 0 0 0 0 
1 0 0 0 0 0 0 0 0 0 0 0 0 0 0 0 0 0 0 0 2 1 0 0 0 0 0 0 0 0 2 0 0 0 0 1 0 0 0 0 1 0 0 0 0 0 0 0 0 0 0 0 0 0 0 0 0 0 0 0 0 2 0 0 0 2 0 0 0 0 0 0 0 0 0 0 0 0 0 0 1 
1 0 0 0 0 0 0 0 0 0 0 0 0 0 0 0 0 0 0 0 2 1 0 0 0 0 0 0 0 0 2 0 0 0 0 1 0 0 0 0 1 0 0 0 0 0 0 0 0 0 0 0 0 0 0 0 0 0 0 0 0 2 0 0 0 2 0 0 0 0 0 0 0 0 0 0 0 0 0 0 1 
0
0 0 0 0 0 0 0 0 0 
1 0 0 0 0 0 0 0 0 0 0 0 0 0 0 0 0 0 0 0 2 1 0 0 0 2 0 0 0 0 2 0 0 0 0 1 0 0 0 0 1 0 0 0 0 0 0 0 0 0 0 0 0 0 0 0 0 0 0 0 0 2 0 0 0 2 0 0 0 0 0 0 0 0 0 0 0 0 0 0 1 
1 0 0 0 0 0 0 0 0 0 0 0 0 0 0 0 0 0 0 0 2 1 0 0 0 2 0 0 0 0 2 0 0 0 0 1 0 0 0 0 1 0 0 0 0 0 0 0 0 0 0 0 0 0 0 0 0 0 0 0 0 2 0 0 0 2 0 0 0 0 0 0 0 0 0 0 0 0 0 0 1 
0
0 0 0 0 0 0 0 0 0 
1 0 0 0 0 0 0 0 0 0 0 0 0 0 0 0 0 0 0 0 2 1 0 0 0 2 0 0 0 0 2 0 0 0 0 1 0 0 0 0 1 0 0 0 0 0 0 0 0 0 0 0 0 0 0 0 0 0 0 0 0 2 0 0 0 2 0 0 0 0 0 0 0 0 0 0 1 0 0 0 1 
1 0 0 0 0 0 0 0 0 0 0 0 0 0 0 0 0 0 0 0 2 1 0 0 0 2 0 0 0 0 2 0 0 0 0 1 0 0 0 0 1 0 0 0 0 0 0 0 0 0 0 0 0 0 0 0 0 0 0 0 0 2 0 0 0 2 0 0 0 0 0 0 0 0 0 0 1 0 0 0 1 
0
0 0 0 0 0 0 0 0 0 
1 0 0 0 0 0 0 0 0 0 0 0 0 0 0 0 0 0 0 0 2 1 0 0 0 2 0 0 0 0 2 0 0 0 0 1 0 0 0 0 1 0 0 0 0 0 0 0 0 0 0 0 0 0 0 0 0 0 0 0 0 2 0 0 0 2 2 0 0 0 0 0 0 0 0 0 1 0 0 0 1 
1 0 0 0 0 0 0 0 0 0 0 0 0 0 0 0 0 0 0 0 2 1 0 0 0 2 0 0 0 0 2 0 0 0 0 1 0 0 0 0 1 0 0 0 0 0 0 0 0 0 0 0 0 0 0 0 0 0 0 0 0 2 0 0 0 2 2 0 0 0 0 0 0 0 0 0 1 0 0 0 1 
0
0 0 0 0 0 0 0 0 0 
1 0 0 0 0 0 0 0 0 0 0 0 0 0 0 0 0 0 0 0 2 1 0 0 0 2 0 0 0 0 2 0 0 0 0 1 0 0 1 0 1 0 0 0 0 0 0 0 0 0 0 0 0 0 0 0 0 0 0 0 0 2 0 0 0 2 2 0 0 0 0 0 0 0 0 0 1 0 0 0 1 
1 0 0 0 0 0 0 0 0 0 0 0 0 0 0 0 0 0 0 0 2 1 0 0 0 2 0 0 0 0 2 0 0 0 0 1 0 0 1 0 1 0 0 0 0 0 0 0 0 0 0 0 0 0 0 0 0 0 0 0 0 2 0 0 0 2 2 0 0 0 0 0 0 0 0 0 1 0 0 0 1 
0
0 0 0 0 0 0 0 0 0 
1 0 0 0 0 0 0 0 0 0 0 0 0 0 0 0 0 0 0 0 2 1 0 0 0 2 0 0 0 0 2 0 0 0 0 1 0 0 1 0 1 0 0 0 0 0 0 0 0 0 0 2 0 0 0 0 0 0 0 0 0 2 0 0 0 2 2 0 0 0 0 0 0 0 0 0 1 0 0 0 1 
1 0 0 0 0 0 0 0 0 0 0 0 0 0 0 0 0 0 0 0 2 1 0 0 0 2 0 0 0 0 2 0 0 0 0 1 0 0 1 0 1 0 0 0 0 0 0 0 0 0 0 2 0 0 0 0 0 0 0 0 0 2 0 0 0 2 2 0 0 0 0 0 0 0 0 0 1 0 0 0 1 
0
0 0 0 0 0 0 0 0 0 
1 0 0 0 0 0 0 0 0 0 0 0 0 0 0 0 0 0 0 0 2 1 0 0 0 2 0 0 0 0 2 0 0 0 0 1 0 0 1 0 1 0 0 0 0 0 0 0 0 0 0 2 0 0 0 0 0 0 0 0 0 2 0 1 0 2 2 0 0 0 0 0 0 0 0 0 1 0 0 0 1 
1 0 0 0 0 0 0 0 0 0 0 0 0 0 0 0 0 0 0 0 2 1 0 0 0 2 0 0 0 0 2 0 0 0 0 1 0 0 1 0 1 0 0 0 0 0 0 0 0 0 0 2 0 0 0 0 0 0 0 0 0 2 0 1 0 2 2 0 0 0 0 0 0 0 0 0 1 0 0 0 1 
0
0 0 0 0 0 0 0 0 0 
1 0 0 0 0 0 0 0 0 0 0 0 0 0 0 0 0 0 0 0 2 1 0 0 0 2 0 0 0 2 2 0 0 0 0 1 0 0 1 0 1 0 0 0 0 0 0 0 0 0 0 2 0 0 0 0 0 0 0 0 0 2 0 1 0 2 2 0 0 0 0 0 0 0 0 0 1 0 0 0 1 
1 0 0 0 0 0 0 0 0 0 0 0 0 0 0 0 0 0 0 0 2 1 0 0 0 2 0 0 0 2 2 0 0 0 0 1 0 0 1 0 1 0 0 0 0 0 0 0 0 0 0 2 0 0 0 0 0 0 0 0 0 2 0 1 0 2 2 0 0 0 0 0 0 0 0 0 1 0 0 0 1 
0
0 0 0 0 0 0 0 0 0 
1 0 0 0 0 0 0 1 0 0 0 0 0 0 0 0 0 0 0 0 2 1 0 0 0 2 0 0 0 2 2 0 0 0 0 1 0 0 1 0 1 0 0 0 0 0 0 0 0 0 0 2 0 0 0 0 0 0 0 0 0 2 0 1 0 2 2 0 0 0 0 0 0 0 0 0 1 0 0 0 1 
1 0 0 0 0 0 0 1 0 0 0 0 0 0 0 0 0 0 0 0 2 1 0 0 0 2 0 0 0 2 2 0 0 0 0 1 0 0 1 0 1 0 0 0 0 0 0 0 0 0 0 2 0 0 0 0 0 0 0 0 0 2 0 1 0 2 2 0 0 0 0 0 0 0 0 0 1 0 0 0 1 
0
0 0 0 0 0 0 0 0 0 
1 0 0 0 0 0 0 1 0 0 0 0 2 0 0 0 0 0 0 0 2 1 0 0 0 2 0 0 0 2 2 0 0 0 0 1 0 0 1 0 1 0 0 0 0 0 0 0 0 0 0 2 0 0 0 0 0 0 0 0 0 2 0 1 0 2 2 0 0 0 0 0 0 0 0 0 1 0 0 0 1 
1 0 0 0 0 0 0 1 0 0 0 0 2 0 0 0 0 0 0 0 2 1 0 0 0 2 0 0 0 2 2 0 0 0 0 1 0 0 1 0 1 0 0 0 0 0 0 0 0 0 0 2 0 0 0 0 0 0 0 0 0 2 0 1 0 2 2 0 0 0 0 0 0 0 0 0 1 0 0 0 1 
0
0 0 0 0 0 0 0 0 0 
1 0 0 0 0 0 0 1 0 0 0 0 2 0 0 0 0 0 0 0 2 1 0 0 0 2 0 0 0 2 2 0 0 0 0 1 1 0 1 0 1 0 0 0 0 0 0 0 0 0 0 2 0 0 0 0 0 0 0 0 0 2 0 1 0 2 2 0 0 0 0 0 0 0 0 0 1 0 0 0 1 
1 0 0 0 0 0 0 1 0 0 0 0 2 0 0 0 0 0 0 0 2 1 0 0 0 2 0 0 0 2 2 0 0 0 0 1 1 0 1 0 1 0 0 0 0 0 0 0 0 0 0 2 0 0 0 0 0 0 0 0 0 2 0 1 0 2 2 0 0 0 0 0 0 0 0 0 1 0 0 0 1 
0
0 0 0 0 0 0 0 0 0 
1 0 0 0 0 0 0 1 0 0 0 0 2 0 0 0 0 0 0 0 2 1 0 0 0 2 0 0 0 2 2 0 0 0 0 1 1 2 1 0 1 0 0 0 0 0 0 0 0 0 0 2 0 0 0 0 0 0 0 0 0 2 0 1 0 2 2 0 0 0 0 0 0 0 0 0 1 0 0 0 1 
1 0 0 0 0 0 0 1 0 0 0 0 2 0 0 0 0 0 0 0 2 1 0 0 0 2 0 0 0 2 2 0 0 0 0 1 1 2 1 0 1 0 0 0 0 0 0 0 0 0 0 2 0 0 0 0 0 0 0 0 0 2 0 1 0 2 2 0 0 0 0 0 0 0 0 0 1 0 0 0 1 
0
0 0 0 0 0 0 0 0 0 
1 0 0 0 0 0 0 1 0 0 0 0 2 0 0 0 0 0 0 0 2 1 0 0 0 2 0 0 0 2 2 0 0 0 0 1 1 2 1 0 1 0 0 0 0 0 0 0 1 0 0 2 0 0 0 0 0 0 0 0 0 2 0 1 0 2 2 0 0 0 0 0 0 0 0 0 1 0 0 0 1 
1 0 0 0 0 0 0 1 0 0 0 0 2 0 0 0 0 0 0 0 2 1 0 0 0 2 0 0 0 2 2 0 0 0 0 1 1 2 1 0 1 0 0 0 0 0 0 0 1 0 0 2 0 0 0 0 0 0 0 0 0 2 0 1 0 2 2 0 0 0 0 0 0 0 0 0 1 0 0 0 1 
0
0 0 0 0 0 0 0 0 0 
1 0 0 0 0 0 0 1 0 0 0 0 2 0 0 0 0 0 0 0 2 1 0 0 0 2 0 0 0 2 2 0 0 0 0 1 1 2 1 0 1 0 0 0 0 0 0 0 1 0 0 2 0 0 0 0 2 0 0 0 0 2 0 1 0 2 2 0 0 0 0 0 0 0 0 0 1 0 0 0 1 
1 0 0 0 0 0 0 1 0 0 0 0 2 0 0 0 0 0 0 0 2 1 0 0 0 2 0 0 0 2 2 0 0 0 0 1 1 2 1 0 1 0 0 0 0 0 0 0 1 0 0 2 0 0 0 0 2 0 0 0 0 2 0 1 0 2 2 0 0 0 0 0 0 0 0 0 1 0 0 0 1 
0
0 0 0 0 0 0 0 0 0 
1 0 0 0 0 0 1 1 0 0 0 0 2 0 0 0 0 0 0 0 2 1 0 0 0 2 0 0 0 2 2 0 0 0 0 1 1 2 1 0 1 0 0 0 0 0 0 0 1 0 0 2 0 0 0 0 2 0 0 0 0 2 0 1 0 2 2 0 0 0 0 0 0 0 0 0 1 0 0 0 1 
1 0 0 0 0 0 1 1 0 0 0 0 2 0 0 0 0 0 0 0 2 1 0 0 0 2 0 0 0 2 2 0 0 0 0 1 1 2 1 0 1 0 0 0 0 0 0 0 1 0 0 2 0 0 0 0 2 0 0 0 0 2 0 1 0 2 2 0 0 0 0 0 0 0 0 0 1 0 0 0 1 
0
0 0 0 0 0 0 0 0 0 
1 0 0 0 0 0 1 1 0 0 0 2 2 0 0 0 0 0 0 0 2 1 0 0 0 2 0 0 0 2 2 0 0 0 0 1 1 2 1 0 1 0 0 0 0 0 0 0 1 0 0 2 0 0 0 0 2 0 0 0 0 2 0 1 0 2 2 0 0 0 0 0 0 0 0 0 1 0 0 0 1 
1 0 0 0 0 0 1 1 0 0 0 2 2 0 0 0 0 0 0 0 2 1 0 0 0 2 0 0 0 2 2 0 0 0 0 1 1 2 1 0 1 0 0 0 0 0 0 0 1 0 0 2 0 0 0 0 2 0 0 0 0 2 0 1 0 2 2 0 0 0 0 0 0 0 0 0 1 0 0 0 1 
0
0 0 0 0 0 0 0 0 0 
1 0 0 0 0 0 1 1 0 0 0 2 2 0 0 0 0 0 0 0 2 1 0 0 0 2 0 0 0 2 2 0 0 0 0 1 1 2 1 0 1 0 0 0 0 0 0 0 1 0 0 2 0 1 0 0 2 0 0 0 0 2 0 1 0 2 2 0 0 0 0 0 0 0 0 0 1 0 0 0 1 
1 0 0 0 0 0 1 1 0 0 0 2 2 0 0 0 0 0 0 0 2 1 0 0 0 2 0 0 0 2 2 0 0 0 0 1 1 2 1 0 1 0 0 0 0 0 0 0 1 0 0 2 0 1 0 0 2 0 0 0 0 2 0 1 0 2 2 0 0 0 0 0 0 0 0 0 1 0 0 0 1 
0
0 0 0 0 0 0 0 0 0 
1 0 0 0 0 0 1 1 0 0 0 2 2 0 0 0 0 0 0 0 2 1 0 0 0 2 0 0 0 2 2 0 0 0 0 1 1 2 1 0 1 0 0 0 0 0 0 0 1 0 0 2 0 1 0 0 2 0 0 0 0 2 0 1 0 2 2 0 0 0 0 0 0 0 0 0 1 0 0 2 1 
1 0 0 0 0 0 1 1 0 0 0 2 2 0 0 0 0 0 0 0 2 1 0 0 0 2 0 0 0 2 2 0 0 0 0 1 1 2 1 0 1 0 0 0 0 0 0 0 1 0 0 2 0 1 0 0 2 0 0 0 0 2 0 1 0 2 2 0 0 0 0 0 0 0 0 0 1 0 0 2 1 
0
0 0 0 0 0 0 0 0 0 
1 0 0 0 0 0 1 1 0 0 0 2 2 0 0 0 0 0 0 0 2 1 0 0 0 2 0 0 0 2 2 0 0 0 0 1 1 2 1 0 1 0 0 0 0 0 0 0 1 0 0 2 0 1 0 0 2 0 1 0 0 2 0 1 0 2 2 0 0 0 0 0 0 0 0 0 1 0 0 2 1 
1 0 0 0 0 0 1 1 0 0 0 2 2 0 0 0 0 0 0 0 2 1 0 0 0 2 0 0 0 2 2 0 0 0 0 1 1 2 1 0 1 0 0 0 0 0 0 0 1 0 0 2 0 1 0 0 2 0 1 0 0 2 0 1 0 2 2 0 0 0 0 0 0 0 0 0 1 0 0 2 1 
0
0 0 0 0 0 0 0 0 0 
1 0 0 0 2 0 1 1 0 0 0 2 2 0 0 0 0 0 0 0 2 1 0 0 0 2 0 0 0 2 2 0 0 0 0 1 1 2 1 0 1 0 0 0 0 0 0 0 1 0 0 2 0 1 0 0 2 0 1 0 0 2 0 1 0 2 2 0 0 0 0 0 0 0 0 0 1 0 0 2 1 
1 0 0 0 2 0 1 1 0 0 0 2 2 0 0 0 0 0 0 0 2 1 0 0 0 2 0 0 0 2 2 0 0 0 0 1 1 2 1 0 1 0 0 0 0 0 0 0 1 0 0 2 0 1 0 0 2 0 1 0 0 2 0 1 0 2 2 0 0 0 0 0 0 0 0 0 1 0 0 2 1 
0
0 0 0 0 0 0 0 0 0 
1 0 0 0 2 1 1 1 0 0 0 2 2 0 0 0 0 0 0 0 2 1 0 0 0 2 0 0 0 2 2 0 0 0 0 1 1 2 1 0 1 0 0 0 0 0 0 0 1 0 0 2 0 1 0 0 2 0 1 0 0 2 0 1 0 2 2 0 0 0 0 0 0 0 0 0 1 0 0 2 1 
1 0 0 0 2 1 1 1 0 0 0 2 2 0 0 0 0 0 0 0 2 1 0 0 0 2 0 0 0 2 2 0 0 0 0 1 1 2 1 0 1 0 0 0 0 0 0 0 1 0 0 2 0 1 0 0 2 0 1 0 0 2 0 1 0 2 2 0 0 0 0 0 0 0 0 0 1 0 0 2 1 
0
0 0 0 0 0 0 0 0 0 
1 0 0 0 2 1 1 1 0 0 0 2 2 0 0 0 0 0 0 0 2 1 0 0 2 2 0 0 0 2 2 0 0 0 0 1 1 2 1 0 1 0 0 0 0 0 0 0 1 0 0 2 0 1 0 0 2 0 1 0 0 2 0 1 0 2 2 0 0 0 0 0 0 0 0 0 1 0 0 2 1 
1 0 0 0 2 1 1 1 0 0 0 2 2 0 0 0 0 0 0 0 2 1 0 0 2 2 0 0 0 2 2 0 0 0 0 1 1 2 1 0 1 0 0 0 0 0 0 0 1 0 0 2 0 1 0 0 2 0 1 0 0 2 0 1 0 2 2 0 0 0 0 0 0 0 0 0 1 0 0 2 1 
0
0 0 0 0 0 0 0 0 0 
1 0 0 0 2 1 1 1 0 0 0 2 2 0 0 0 0 0 0 0 2 1 0 0 2 2 0 0 0 2 2 0 0 0 0 1 1 2 1 0 1 0 0 0 0 0 0 0 1 0 0 2 0 1 0 0 2 0 1 0 0 2 0 1 0 2 2 0 0 0 0 0 0 1 0 0 1 0 0 2 1 
1 0 0 0 2 1 1 1 0 0 0 2 2 0 0 0 0 0 0 0 2 1 0 0 2 2 0 0 0 2 2 0 0 0 0 1 1 2 1 0 1 0 0 0 0 0 0 0 1 0 0 2 0 1 0 0 2 0 1 0 0 2 0 1 0 2 2 0 0 0 0 0 0 1 0 0 1 0 0 2 1 
0
0 0 0 0 0 0 0 0 0 
1 0 0 0 2 1 1 1 0 0 0 2 2 0 0 0 0 0 0 0 2 1 0 0 2 2 0 0 0 2 2 0 0 0 0 1 1 2 1 0 1 0 0 0 0 0 0 0 1 0 0 2 0 1 0 0 2 2 1 0 0 2 0 1 0 2 2 0 0 0 0 0 0 1 0 0 1 0 0 2 1 
1 0 0 0 2 1 1 1 0 0 0 2 2 0 0 0 0 0 0 0 2 1 0 0 2 2 0 0 0 2 2 0 0 0 0 1 1 2 1 0 1 0 0 0 0 0 0 0 1 0 0 2 0 1 0 0 2 2 1 0 0 2 0 1 0 2 2 0 0 0 0 0 0 1 0 0 1 0 0 2 1 
0
0 0 0 0 0 0 0 0 0 
1 1 0 0 2 1 1 1 0 0 0 2 2 0 0 0 0 0 0 0 2 1 0 0 2 2 0 0 0 2 2 0 0 0 0 1 1 2 1 0 1 0 0 0 0 0 0 0 1 0 0 2 0 1 0 0 2 2 1 0 0 2 0 1 0 2 2 0 0 0 0 0 0 1 0 0 1 0 0 2 1 
1 1 0 0 2 1 1 1 0 0 0 2 2 0 0 0 0 0 0 0 2 1 0 0 2 2 0 0 0 2 2 0 0 0 0 1 1 2 1 0 1 0 0 0 0 0 0 0 1 0 0 2 0 1 0 0 2 2 1 0 0 2 0 1 0 2 2 0 0 0 0 0 0 1 0 0 1 0 0 2 1 
0
0 0 0 0 0 0 0 0 0 
1 1 0 0 2 1 1 1 0 0 0 2 2 0 0 0 0 0 0 0 2 1 0 2 2 2 0 0 0 2 2 0 0 0 0 1 1 2 1 0 1 0 0 0 0 0 0 0 1 0 0 2 0 1 0 0 2 2 1 0 0 2 0 1 0 2 2 0 0 0 0 0 0 1 0 0 1 0 0 2 1 
1 1 0 0 2 1 1 1 0 0 0 2 2 0 0 0 0 0 0 0 2 1 0 2 2 2 0 0 0 2 2 0 0 0 0 1 1 2 1 0 1 0 0 0 0 0 0 0 1 0 0 2 0 1 0 0 2 2 1 0 0 2 0 1 0 2 2 0 0 0 0 0 0 1 0 0 1 0 0 2 1 
0
0 0 0 0 0 0 0 0 0 
1 1 0 0 2 1 1 1 0 0 0 2 2 0 0 0 0 0 0 0 2 1 0 2 2 2 0 0 0 2 2 0 0 0 0 1 1 2 1 0 1 0 0 0 0 0 0 0 1 0 0 2 0 1 0 0 2 2 1 0 0 2 0 1 0 2 2 0 0 0 0 1 0 1 0 0 1 0 0 2 1 
1 1 0 0 2 1 1 1 0 0 0 2 2 0 0 0 0 0 0 0 2 1 0 2 2 2 0 0 0 2 2 0 0 0 0 1 1 2 1 0 1 0 0 0 0 0 0 0 1 0 0 2 0 1 0 0 2 2 1 0 0 2 0 1 0 2 2 0 0 0 0 1 0 1 0 0 1 0 0 2 1 
0
0 0 0 0 0 0 0 0 0 
1 1 0 0 2 1 1 1 0 0 0 2 2 0 0 0 0 0 0 0 2 1 0 2 2 2 0 0 0 2 2 0 0 0 0 1 1 2 1 0 1 0 2 0 0 0 0 0 1 0 0 2 0 1 0 0 2 2 1 0 0 2 0 1 0 2 2 0 0 0 0 1 0 1 0 0 1 0 0 2 1 
1 1 0 0 2 1 1 1 0 0 0 2 2 0 0 0 0 0 0 0 2 1 0 2 2 2 0 0 0 2 2 0 0 0 0 1 1 2 1 0 1 0 2 0 0 0 0 0 1 0 0 2 0 1 0 0 2 2 1 0 0 2 0 1 0 2 2 0 0 0 0 1 0 1 0 0 1 0 0 2 1 
0
0 0 0 0 0 0 0 0 0 
1 1 0 0 2 1 1 1 0 0 0 2 2 0 0 0 0 0 0 0 2 1 0 2 2 2 0 0 1 2 2 0 0 0 0 1 1 2 1 0 1 0 2 0 0 0 0 0 1 0 0 2 0 1 0 0 2 2 1 0 0 2 0 1 0 2 2 0 0 0 0 1 0 1 0 0 1 0 0 2 1 
1 1 0 0 2 1 1 1 0 0 0 2 2 0 0 0 0 0 0 0 2 1 0 2 2 2 0 0 1 2 2 0 0 0 0 1 1 2 1 0 1 0 2 0 0 0 0 0 1 0 0 2 0 1 0 0 2 2 1 0 0 2 0 1 0 2 2 0 0 0 0 1 0 1 0 0 1 0 0 2 1 
0
0 0 0 0 0 0 0 0 0 
1 1 0 0 2 1 1 1 0 0 0 2 2 0 2 0 0 0 0 0 2 1 0 2 2 2 0 0 1 2 2 0 0 0 0 1 1 2 1 0 1 0 2 0 0 0 0 0 1 0 0 2 0 1 0 0 2 2 1 0 0 2 0 1 0 2 2 0 0 0 0 1 0 1 0 0 1 0 0 2 1 
1 1 0 0 2 1 1 1 0 0 0 2 2 0 2 0 0 0 0 0 2 1 0 2 2 2 0 0 1 2 2 0 0 0 0 1 1 2 1 0 1 0 2 0 0 0 0 0 1 0 0 2 0 1 0 0 2 2 1 0 0 2 0 1 0 2 2 0 0 0 0 1 0 1 0 0 1 0 0 2 1 
0
0 0 0 0 0 0 0 0 0 
1 1 0 0 2 1 1 1 0 0 0 2 2 0 2 0 0 0 0 0 2 1 0 2 2 2 0 0 1 2 2 0 0 0 1 1 1 2 1 0 1 0 2 0 0 0 0 0 1 0 0 2 0 1 0 0 2 2 1 0 0 2 0 1 0 2 2 0 0 0 0 1 0 1 0 0 1 0 0 2 1 
1 1 0 0 2 1 1 1 0 0 0 2 2 0 2 0 0 0 0 0 2 1 0 2 2 2 0 0 1 2 2 0 0 0 1 1 1 2 1 0 1 0 2 0 0 0 0 0 1 0 0 2 0 1 0 0 2 2 1 0 0 2 0 1 0 2 2 0 0 0 0 1 0 1 0 0 1 0 0 2 1 
0
0 2 0 0 0 0 0 0 0 
1 1 0 0 2 1 1 1 0 0 0 2 2 2 2 0 0 0 0 0 2 1 0 2 2 2 0 0 1 2 2 0 0 0 1 1 1 2 1 0 1 0 2 0 0 0 0 0 1 0 0 2 0 1 0 0 2 2 1 0 0 2 0 1 0 2 2 0 0 0 0 1 0 1 0 0 1 0 0 2 1 
1 1 0 32 34 33 1 1 0 0 0 2 34 34 34 0 0 0 0 0 2 33 32 34 2 2 0 0 1 2 2 0 0 0 1 1 1 2 1 0 1 0 2 0 0 0 0 0 1 0 0 2 0 1 0 0 2 2 1 0 0 2 0 1 0 2 2 0 0 0 0 1 0 1 0 0 1 0 0 2 1 
0
0 2 0 0 1 0 0 0 0 
1 1 0 0 2 1 1 1 0 0 0 2 2 2 2 0 0 0 0 0 2 1 0 2 2 2 0 0 1 2 2 0 1 0 1 1 1 2 1 0 1 0 2 0 0 0 0 0 1 0 0 2 0 1 0 0 2 2 1 0 0 2 0 1 0 2 2 0 0 0 0 1 0 1 0 0 1 0 0 2 1 
1 1 0 32 34 33 1 1 0 0 0 2 34 34 34 0 0 0 0 0 2 33 32 34 2 2 0 0 1 2 18 16 17 0 1 1 1 2 1 16 17 16 2 0 0 0 0 0 17 16 16 2 0 1 0 0 2 2 1 0 0 2 0 1 0 2 2 0 0 0 0 1 0 1 0 0 1 0 0 2 1 
0
0 2 2 0 1 0 0 0 0 
1 1 0 0 2 1 1 1 0 0 0 2 2 2 2 0 0 0 0 0 2 1 0 2 2 2 2 0 1 2 2 0 1 0 1 1 1 2 1 0 1 0 2 0 0 0 0 0 1 0 0 2 0 1 0 0 2 2 1 0 0 2 0 1 0 2 2 0 0 0 0 1 0 1 0 0 1 0 0 2 1 
1 1 0 32 34 33 33 33 32 0 0 2 34 34 34 32 32 32 0 0 2 33 32 34 34 34 34 0 1 2 18 16 17 0 1 1 1 2 1 16 17 16 2 0 0 0 0 0 17 16 16 2 0 1 0 0 2 2 1 0 0 2 0 1 0 2 2 0 0 0 0 1 0 1 0 0 1 0 0 2 1 
0
0 2 2 0 1 0 0 0 0 
1 1 0 0 2 1 1 1 0 0 0 2 2 2 2 0 0 0 0 0 2 1 0 2 2 2 2 0 1 2 2 0 1 0 1 1 1 2 1 0 1 0 2 0 0 0 0 0 1 0 0 2 0 1 0 0 2 2 1 0 0 2 0 1 0 2 2 0 0 1 0 1 0 1 0 0 1 0 0 2 1 
1 1 0 32 34 33 33 33 32 0 0 2 34 34 34 32 32 32 0 0 2 33 32 34 34 34 34 0 1 2 18 16 17 0 1 1 1 2 1 16 17 16 2 0 0 0 0 0 17 16 16 2 0 1 0 0 2 2 1 0 0 2 0 1 0 2 2 0 0 1 0 1 0 1 0 0 1 0 0 2 1 
0
0 2 2 2 1 0 0 0 0 
1 1 0 0 2 1 1 1 0 0 0 2 2 2 2 0 0 0 0 0 2 1 0 2 2 2 2 0 1 2 2 0 1 0 1 1 1 2 1 0 1 0 2 0 0 2 0 0 1 0 0 2 0 1 0 0 2 2 1 0 0 2 0 1 0 2 2 0 0 1 0 1 0 1 0 0 1 0 0 2 1 
1 1 0 32 34 33 33 33 32 0 0 2 34 34 34 32 32 32 0 0 2 33 32 34 34 34 34 32 33 34 18 16 17 0 1 1 33 34 33 16 17 16 2 0 0 34 32 32 17 16 16 2 0 1 0 0 2 2 1 0 0 2 0 1 0 2 2 0 0 1 0 1 0 1 0 0 1 0 0 2 1 
0
0 2 2 2 1 0 0 0 0 
1 1 0 0 2 1 1 1 0 0 0 2 2 2 2 0 0 0 0 0 2 1 0 2 2 2 2 0 1 2 2 0 1 0 1 1 1 2 1 0 1 0 2 0 0 2 0 0 1 0 0 2 0 1 0 0 2 2 1 0 0 2 0 1 0 2 2 0 0 1 0 1 0 1 1 0 1 0 0 2 1 
1 1 0 32 34 33 33 33 32 0 0 2 34 34 34 32 32 32 0 0 2 33 32 34 34 34 34 32 33 34 18 16 17 0 1 1 33 34 33 16 17 16 2 0 0 34 32 32 17 16 16 2 0 1 0 0 2 2 1 0 0 2 0 1 0 2 2 0 0 1 0 1 0 1 1 0 1 0 0 2 1 
0
0 2 2 2 1 0 0 0 2 
1 1 0 0 2 1 1 1 0 0 0 2 2 2 2 0 0 0 0 0 2 1 0 2 2 2 2 0 1 2 2 0 1 0 1 1 1 2 1 0 1 0 2 0 0 2 0 0 1 0 0 2 0 1 0 0 2 2 1 0 0 2 0 1 0 2 2 0 0 1 2 1 0 1 1 0 1 0 0 2 1 
1 1 0 32 34 33 33 33 32 0 0 2 34 34 34 32 32 32 0 0 2 33 32 34 34 34 34 32 33 34 18 16 17 0 1 1 33 34 33 16 17 16 2 0 0 34 32 32 17 16 16 2 0 1 0 0 2 2 1 0 32 34 32 1 0 2 2 0 0 33 34 33 0 1 1 0 1 0 32 34 33 
0
0 2 2 2 1 0 0 0 2 
1 1 0 0 2 1 1 1 0 0 0 2 2 2 2 0 0 0 0 0 2 1 0 2 2 2 2 0 1 2 2 0 1 0 1 1 1 2 1 0 1 0 2 0 0 2 0 0 1 0 0 2 0 1 0 0 2 2 1 0 0 2 0 1 0 2 2 0 0 1 2 1 0 1 1 1 1 0 0 2 1 
1 1 0 32 34 33 33 33 32 0 0 2 34 34 34 32 32 32 0 0 2 33 32 34 34 34 34 32 33 34 18 16 17 0 1 1 33 34 33 16 17 16 2 0 0 34 32 32 17 16 16 2 0 1 0 0 2 2 1 0 32 34 32 1 0 2 2 0 0 33 34 33 0 1 1 1 1 0 32 34 33 
0
0 2 2 2 1 0 0 0 2 
1 1 0 0 2 1 1 1 0 0 0 2 2 2 2 0 0 0 0 0 2 1 0 2 2 2 2 0 1 2 2 0 1 0 1 1 1 2 1 0 1 0 2 0 0 2 0 0 1 0 0 2 0 1 0 0 2 2 1 0 0 2 0 1 2 2 2 0 0 1 2 1 0 1 1 1 1 0 0 2 1 
1 1 0 32 34 33 33 33 32 0 0 2 34 34 34 32 32 32 0 0 2 33 32 34 34 34 34 32 33 34 18 16 17 0 1 1 33 34 33 16 17 16 2 0 0 34 32 32 17 16 16 2 0 1 0 0 2 2 1 0 32 34 32 1 2 2 2 0 0 33 34 33 0 1 1 1 1 0 32 34 33 
0
0 2 2 2 1 0 0 0 2 
1 1 0 0 2 1 1 1 0 0 0 2 2 2 2 0 0 0 0 0 2 1 0 2 2 2 2 0 1 2 2 0 1 0 1 1 1 2 1 0 1 0 2 0 0 2 0 0 1 0 0 2 1 1 0 0 2 2 1 0 0 2 0 1 2 2 2 0 0 1 2 1 0 1 1 1 1 0 0 2 1 
1 1 0 32 34 33 33 33 32 0 0 2 34 34 34 32 32 32 0 0 2 33 32 34 34 34 34 32 33 34 18 16 17 0 1 1 33 34 33 16 17 16 2 0 0 34 32 32 17 16 16 2 1 1 0 0 2 2 1 0 32 34 32 1 2 2 2 0 0 33 34 33 0 1 1 1 1 0 32 34 33 
0
0 2 2 2 1 0 0 0 2 
1 1 0 0 2 1 1 1 0 0 0 2 2 2 2 0 0 0 0 0 2 1 0 2 2 2 2 0 1 2 2 0 1 0 1 1 1 2 1 0 1 0 2 0 0 2 0 0 1 0 0 2 1 1 0 0 2 2 1 0 0 2 0 1 2 2 2 2 0 1 2 1 0 1 1 1 1 0 0 2 1 
1 1 0 32 34 33 33 33 32 0 0 2 34 34 34 32 32 32 0 0 2 33 32 34 34 34 34 32 33 34 18 16 17 0 1 1 33 34 33 16 17 16 2 0 0 34 32 32 17 16 16 2 1 1 0 0 2 2 1 0 32 34 32 1 2 2 2 2 0 33 34 33 0 1 1 1 1 0 32 34 33 
0
0 2 2 2 1 0 0 0 2 
1 1 0 0 2 1 1 1 0 0 0 2 2 2 2 0 0 0 1 0 2 1 0 2 2 2 2 0 1 2 2 0 1 0 1 1 1 2 1 0 1 0 2 0 0 2 0 0 1 0 0 2 1 1 0 0 2 2 1 0 0 2 0 1 2 2 2 2 0 1 2 1 0 1 1 1 1 0 0 2 1 
1 1 0 32 34 33 33 33 32 0 0 2 34 34 34 32 32 32 1 0 2 33 32 34 34 34 34 32 33 34 18 16 17 0 1 1 33 34 33 16 17 16 2 0 0 34 32 32 17 16 16 2 1 1 0 0 2 2 1 0 32 34 32 1 2 2 2 2 0 33 34 33 0 1 1 1 1 0 32 34 33 
0
0 2 2 2 1 0 0 0 2 
1 1 0 0 2 1 1 1 0 0 0 2 2 2 2 0 0 0 1 0 2 1 0 2 2 2 2 0 1 2 2 0 1 0 1 1 1 2 1 0 1 0 2 0 0 2 0 0 1 0 0 2 1 1 2 0 2 2 1 0 0 2 0 1 2 2 2 2 0 1 2 1 0 1 1 1 1 0 0 2 1 
1 1 0 32 34 33 33 33 32 0 0 2 34 34 34 32 32 32 1 0 2 33 32 34 34 34 34 32 33 34 18 16 17 0 1 1 33 34 33 16 17 16 2 0 0 34 32 32 17 16 16 2 1 1 2 0 2 2 1 0 32 34 32 1 2 2 2 2 0 33 34 33 0 1 1 1 1 0 32 34 33 
0
0 2 2 2 1 0 0 0 2 
1 1 0 0 2 1 1 1 0 0 0 2 2 2 2 0 0 0 1 1 2 1 0 2 2 2 2 0 1 2 2 0 1 0 1 1 1 2 1 0 1 0 2 0 0 2 0 0 1 0 0 2 1 1 2 0 2 2 1 0 0 2 0 1 2 2 2 2 0 1 2 1 0 1 1 1 1 0 0 2 1 
1 1 0 32 34 33 33 33 32 0 0 2 34 34 34 32 32 32 1 1 2 33 32 34 34 34 34 32 33 34 18 16 17 0 1 1 33 34 33 16 17 16 2 0 0 34 32 32 17 16 16 2 1 1 2 0 2 2 1 0 32 34 32 1 2 2 2 2 0 33 34 33 0 1 1 1 1 0 32 34 33 
0
0 2 2 2 1 0 0 2 2 
1 1 0 0 2 1 1 1 0 0 0 2 2 2 2 0 0 0 1 1 2 1 0 2 2 2 2 0 1 2 2 0 1 0 1 1 1 2 1 0 1 0 2 0 0 2 0 0 1 0 0 2 1 1 2 0 2 2 1 0 0 2 0 1 2 2 2 2 2 1 2 1 0 1 1 1 1 0 0 2 1 
1 1 0 32 34 33 33 33 32 0 0 2 34 34 34 32 32 32 1 1 2 33 32 34 34 34 34 32 33 34 18 16 17 0 1 1 33 34 33 16 17 16 2 0 0 34 32 32 17 16 16 2 1 1 2 0 2 34 33 32 32 34 32 1 2 2 34 34 34 33 34 33 0 1 1 33 33 32 32 34 33 
0
0 2 2 2 1 1 0 2 2 
1 1 0 0 2 1 1 1 0 0 0 2 2 2 2 0 0 0 1 1 2 1 0 2 2 2 2 0 1 2 2 0 1 0 1 1 1 2 1 0 1 0 2 0 1 2 0 0 1 0 0 2 1 1 2 0 2 2 1 0 0 2 0 1 2 2 2 2 2 1 2 1 0 1 1 1 1 0 0 2 1 
1 1 0 32 34 33 33 33 32 0 0 2 34 34 34 32 32 32 1 1 2 33 32 34 34 34 34 32 33 34 18 16 17 16 17 17 33 34 33 16 17 16 18 16 17 34 32 32 17 16 16 18 17 17 2 0 2 34 33 32 32 34 32 1 2 2 34 34 34 33 34 33 0 1 1 33 33 32 32 34 33 
0
0 2 2 2 1 1 2 2 2 
1 1 0 0 2 1 1 1 0 0 0 2 2 2 2 0 0 0 1 1 2 1 0 2 2 2 2 0 1 2 2 0 1 0 1 1 1 2 1 0 1 0 2 0 1 2 0 0 1 0 0 2 1 1 2 0 2 2 1 0 0 2 0 1 2 2 2 2 2 1 2 1 2 1 1 1 1 0 0 2 1 
1 1 0 32 34 33 33 33 32 0 0 2 34 34 34 32 32 32 1 1 2 33 32 34 34 34 34 32 33 34 18 16 17 16 17 17 33 34 33 16 17 16 18 16 17 34 32 32 17 16 16 18 17 17 34 32 34 34 33 32 32 34 32 33 34 34 34 34 34 33 34 33 34 33 33 33 33 32 32 34 33 
0
0 2 2 2 1 1 2 2 2 
1 1 0 0 2 1 1 1 0 0 0 2 2 2 2 0 0 0 1 1 2 1 0 2 2 2 2 0 1 2 2 0 1 0 1 1 1 2 1 0 1 0 2 0 1 2 0 0 1 0 0 2 1 1 2 0 2 2 1 0 0 2 0 1 2 2 2 2 2 1 2 1 2 1 1 1 1 0 0 2 1 
1 1 0 32 34 33 33 33 32 0 0 2 34 34 34 32 32 32 1 1 2 33 32 34 34 34 34 32 33 34 18 16 17 16 17 17 33 34 33 16 17 16 18 16 17 34 32 32 17 16 16 18 17 17 34 32 34 34 33 32 32 34 32 33 34 34 34 34 34 33 34 33 34 33 33 33 33 32 32 34 33 
0
