0 0 0 0 0 0 0 0 0 
0 0 0 0 0 0 0 0 0 0 0 0 0 0 0 0 0 0 0 0 0 0 0 0 0 0 0 0 0 0 0 0 0 0 0 0 0 0 0 0 1 0 0 0 0 0 0 0 0 0 0 0 0 0 0 0 0 0 0 0 0 0 0 0 0 0 0 0 0 0 0 0 0 0 0 0 0 0 0 0 0 
0 0 0 0 0 0 0 0 0 0 0 0 0 0 0 0 0 0 0 0 0 0 0 0 0 0 0 0 0 0 0 0 0 0 0 0 0 0 0 0 1 0 0 0 0 0 0 0 0 0 0 0 0 0 0 0 0 0 0 0 0 0 0 0 0 0 0 0 0 0 0 0 0 0 0 0 0 0 0 0 0 
0
0 0 0 0 0 0 0 0 0 
0 0 0 0 0 0 0 0 0 0 0 0 0 0 0 0 0 0 0 0 0 0 0 0 0 0 0 0 0 0 2 0 0 0 0 0 0 0 0 0 1 0 0 0 0 0 0 0 0 0 0 0 0 0 0 0 0 0 0 0 0 0 0 0 0 0 0 0 0 0 0 0 0 0 0 0 0 0 0 0 0 
0 0 0 0 0 0 0 0 0 0 0 0 0 0 0 0 0 0 0 0 0 0 0 0 0 0 0 0 0 0 2 0 0 0 0 0 0 0 0 0 1 0 0 0 0 0 0 0 0 0 0 0 0 0 0 0 0 0 0 0 0 0 0 0 0 0 0 0 0 0 0 0 0 0 0 0 0 0 0 0 0 
0
0 0 0 0 0 0 0 0 0 
0 1 0 0 0 0 0 0 0 0 0 0 0 0 0 0 0 0 0 0 0 0 0 0 0 0 0 0 0 0 2 0 0 0 0 0 0 0 0 0 1 0 0 0 0 0 0 0 0 0 0 0 0 0 0 0 0 0 0 0 0 0 0 0 0 0 0 0 0 0 0 0 0 0 0 0 0 0 0 0 0 
0 1 0 0 0 0 0 0 0 0 0 0 0 0 0 0 0 0 0 0 0 0 0 0 0 0 0 0 0 0 2 0 0 0 0 0 0 0 0 0 1 0 0 0 0 0 0 0 0 0 0 0 0 0 0 0 0 0 0 0 0 0 0 0 0 0 0 0 0 0 0 0 0 0 0 0 0 0 0 0 0 
0
0 0 0 0 0 0 0 0 0 
0 1 0 0 2 0 0 0 0 0 0 0 0 0 0 0 0 0 0 0 0 0 0 0 0 0 0 0 0 0 2 0 0 0 0 0 0 0 0 0 1 0 0 0 0 0 0 0 0 0 0 0 0 0 0 0 0 0 0 0 0 0 0 0 0 0 0 0 0 0 0 0 0 0 0 0 0 0 0 0 0 
0 1 0 0 2 0 0 0 0 0 0 0 0 0 0 0 0 0 0 0 0 0 0 0 0 0 0 0 0 0 2 0 0 0 0 0 0 0 0 0 1 0 0 0 0 0 0 0 0 0 0 0 0 0 0 0 0 0 0 0 0 0 0 0 0 0 0 0 0 0 0 0 0 0 0 0 0 0 0 0 0 
0
0 0 0 0 0 0 0 0 0 
0 1 0 0 2 0 0 0 0 0 0 0 0 0 0 0 0 0 0 0 0 0 1 0 0 0 0 0 0 0 2 0 0 0 0 0 0 0 0 0 1 0 0 0 0 0 0 0 0 0 0 0 0 0 0 0 0 0 0 0 0 0 0 0 0 0 0 0 0 0 0 0 0 0 0 0 0 0 0 0 0 
0 1 0 0 2 0 0 0 0 0 0 0 0 0 0 0 0 0 0 0 0 0 1 0 0 0 0 0 0 0 2 0 0 0 0 0 0 0 0 0 1 0 0 0 0 0 0 0 0 0 0 0 0 0 0 0 0 0 0 0 0 0 0 0 0 0 0 0 0 0 0 0 0 0 0 0 0 0 0 0 0 
0
0 0 0 0 0 0 0 0 0 
0 1 0 0 2 0 0 0 0 0 0 0 0 0 0 0 0 0 0 0 0 0 1 0 0 0 0 0 0 0 2 0 0 0 0 0 0 0 0 0 1 0 0 0 0 0 0 0 0 0 0 0 0 0 0 0 0 0 0 2 0 0 0 0 0 0 0 0 0 0 0 0 0 0 0 0 0 0 0 0 0 
0 1 0 0 2 0 0 0 0 0 0 0 0 0 0 0 0 0 0 0 0 0 1 0 0 0 0 0 0 0 2 0 0 0 0 0 0 0 0 0 1 0 0 0 0 0 0 0 0 0 0 0 0 0 0 0 0 0 0 2 0 0 0 0 0 0 0 0 0 0 0 0 0 0 0 0 0 0 0 0 0 
0
0 0 0 0 0 0 0 0 0 
0 1 0 0 2 0 0 1 0 0 0 0 0 0 0 0 0 0 0 0 0 0 1 0 0 0 0 0 0 0 2 0 0 0 0 0 0 0 0 0 1 0 0 0 0 0 0 0 0 0 0 0 0 0 0 0 0 0 0 2 0 0 0 0 0 0 0 0 0 0 0 0 0 0 0 0 0 0 0 0 0 
0 1 0 0 2 0 0 1 0 0 0 0 0 0 0 0 0 0 0 0 0 0 1 0 0 0 0 0 0 0 2 0 0 0 0 0 0 0 0 0 1 0 0 0 0 0 0 0 0 0 0 0 0 0 0 0 0 0 0 2 0 0 0 0 0 0 0 0 0 0 0 0 0 0 0 0 0 0 0 0 0 
0
0 0 0 0 0 0 0 0 0 
0 1 0 2 2 0 0 1 0 0 0 0 0 0 0 0 0 0 0 0 0 0 1 0 0 0 0 0 0 0 2 0 0 0 0 0 0 0 0 0 1 0 0 0 0 0 0 0 0 0 0 0 0 0 0 0 0 0 0 2 0 0 0 0 0 0 0 0 0 0 0 0 0 0 0 0 0 0 0 0 0 
0 1 0 2 2 0 0 1 0 0 0 0 0 0 0 0 0 0 0 0 0 0 1 0 0 0 0 0 0 0 2 0 0 0 0 0 0 0 0 0 1 0 0 0 0 0 0 0 0 0 0 0 0 0 0 0 0 0 0 2 0 0 0 0 0 0 0 0 0 0 0 0 0 0 0 0 0 0 0 0 0 
0
0 0 0 0 0 0 0 0 0 
0 1 1 2 2 0 0 1 0 0 0 0 0 0 0 0 0 0 0 0 0 0 1 0 0 0 0 0 0 0 2 0 0 0 0 0 0 0 0 0 1 0 0 0 0 0 0 0 0 0 0 0 0 0 0 0 0 0 0 2 0 0 0 0 0 0 0 0 0 0 0 0 0 0 0 0 0 0 0 0 0 
0 1 1 2 2 0 0 1 0 0 0 0 0 0 0 0 0 0 0 0 0 0 1 0 0 0 0 0 0 0 2 0 0 0 0 0 0 0 0 0 1 0 0 0 0 0 0 0 0 0 0 0 0 0 0 0 0 0 0 2 0 0 0 0 0 0 0 0 0 0 0 0 0 0 0 0 0 0 0 0 0 
0
0 0 0 0 0 0 0 0 0 
0 1 1 2 2 0 0 1 2 0 0 0 0 0 0 0 0 0 0 0 0 0 1 0 0 0 0 0 0 0 2 0 0 0 0 0 0 0 0 0 1 0 0 0 0 0 0 0 0 0 0 0 0 0 0 0 0 0 0 2 0 0 0 0 0 0 0 0 0 0 0 0 0 0 0 0 0 0 0 0 0 
0 1 1 2 2 0 0 1 2 0 0 0 0 0 0 0 0 0 0 0 0 0 1 0 0 0 0 0 0 0 2 0 0 0 0 0 0 0 0 0 1 0 0 0 0 0 0 0 0 0 0 0 0 0 0 0 0 0 0 2 0 0 0 0 0 0 0 0 0 0 0 0 0 0 0 0 0 0 0 0 0 
0
0 0 0 0 0 0 0 0 0 
0 1 1 2 2 0 0 1 2 0 0 0 0 0 0 0 0 0 0 0 0 0 1 0 0 1 0 0 0 0 2 0 0 0 0 0 0 0 0 0 1 0 0 0 0 0 0 0 0 0 0 0 0 0 0 0 0 0 0 2 0 0 0 0 0 0 0 0 0 0 0 0 0 0 0 0 0 0 0 0 0 
0 1 1 2 2 0 0 1 2 0 0 0 0 0 0 0 0 0 0 0 0 0 1 0 0 1 0 0 0 0 2 0 0 0 0 0 0 0 0 0 1 0 0 0 0 0 0 0 0 0 0 0 0 0 0 0 0 0 0 2 0 0 0 0 0 0 0 0 0 0 0 0 0 0 0 0 0 0 0 0 0 
0
0 0 0 0 0 0 0 0 0 
0 1 1 2 2 0 0 1 2 0 0 0 0 0 0 0 0 0 0 0 0 0 1 0 0 1 0 0 0 0 2 0 0 0 0 0 0 0 0 0 1 0 0 0 0 0 0 0 0 0 0 0 0 0 0 0 0 0 0 2 0 0 0 0 0 0 0 0 2 0 0 0 0 0 0 0 0 0 0 0 0 
0 1 1 2 2 0 0 1 2 0 0 0 0 0 0 0 0 0 0 0 0 0 1 0 0 1 0 0 0 0 2 0 0 0 0 0 0 0 0 0 1 0 0 0 0 0 0 0 0 0 0 0 0 0 0 0 0 0 0 2 0 0 0 0 0 0 0 0 2 0 0 0 0 0 0 0 0 0 0 0 0 
0
0 0 0 0 0 0 0 0 0 
0 1 1 2 2 0 0 1 2 0 0 0 0 0 0 0 0 0 0 0 0 0 1 0 0 1 0 0 0 0 2 0 0 0 0 0 0 0 0 0 1 0 0 0 1 0 0 0 0 0 0 0 0 0 0 0 0 0 0 2 0 0 0 0 0 0 0 0 2 0 0 0 0 0 0 0 0 0 0 0 0 
0 1 1 2 2 0 0 1 2 0 0 0 0 0 0 0 0 0 0 0 0 0 1 0 0 1 0 0 0 0 2 0 0 0 0 0 0 0 0 0 1 0 0 0 1 0 0 0 0 0 0 0 0 0 0 0 0 0 0 2 0 0 0 0 0 0 0 0 2 0 0 0 0 0 0 0 0 0 0 0 0 
0
0 0 0 0 0 0 0 0 0 
0 1 1 2 2 0 0 1 2 0 0 0 0 0 0 0 0 0 0 0 0 0 1 0 0 1 0 0 0 0 2 0 0 0 2 0 0 0 0 0 1 0 0 0 1 0 0 0 0 0 0 0 0 0 0 0 0 0 0 2 0 0 0 0 0 0 0 0 2 0 0 0 0 0 0 0 0 0 0 0 0 
0 1 1 2 2 0 0 1 2 0 0 0 0 0 0 0 0 0 0 0 0 0 1 0 0 1 0 0 0 0 2 0 0 0 2 0 0 0 0 0 1 0 0 0 1 0 0 0 0 0 0 0 0 0 0 0 0 0 0 2 0 0 0 0 0 0 0 0 2 0 0 0 0 0 0 0 0 0 0 0 0 
0
0 0 0 0 0 0 0 0 0 
0 1 1 2 2 0 0 1 2 0 0 0 0 0 0 0 0 0 0 0 0 1 1 0 0 1 0 0 0 0 2 0 0 0 2 0 0 0 0 0 1 0 0 0 1 0 0 0 0 0 0 0 0 0 0 0 0 0 0 2 0 0 0 0 0 0 0 0 2 0 0 0 0 0 0 0 0 0 0 0 0 
0 1 1 2 2 0 0 1 2 0 0 0 0 0 0 0 0 0 0 0 0 1 1 0 0 1 0 0 0 0 2 0 0 0 2 0 0 0 0 0 1 0 0 0 1 0 0 0 0 0 0 0 0 0 0 0 0 0 0 2 0 0 0 0 0 0 0 0 2 0 0 0 0 0 0 0 0 0 0 0 0 
0
0 0 0 0 0 0 0 0 0 
0 1 1 2 2 0 0 1 2 0 0 0 0 0 0 0 0 0 0 0 0 1 1 0 0 1 0 0 0 0 2 0 0 0 2 0 0 0 0 0 1 0 0 0 1 0 0 0 0 0 0 0 0 0 0 0 0 0 0 2 0 0 0 0 0 0 0 0 2 0 0 0 2 0 0 0 0 0 0 0 0 
0 1 1 2 2 0 0 1 2 0 0 0 0 0 0 0 0 0 0 0 0 1 1 0 0 1 0 0 0 0 2 0 0 0 2 0 0 0 0 0 1 0 0 0 1 0 0 0 0 0 0 0 0 0 0 0 0 0 0 2 0 0 0 0 0 0 0 0 2 0 0 0 2 0 0 0 0 0 0 0 0 
0
0 0 0 0 0 0 0 0 0 
0 1 1 2 2 0 0 1 2 0 0 0 0 0 0 0 0 0 0 0 0 1 1 0 0 1 0 0 0 0 2 0 0 0 2 0 0 0 0 0 1 0 0 0 1 0 0 0 0 0 0 0 0 0 0 0 0 0 0 2 0 0 0 0 0 1 0 0 2 0 0 0 2 0 0 0 0 0 0 0 0 
0 1 1 2 2 0 0 1 2 0 0 0 0 0 0 0 0 0 0 0 0 1 1 0 0 1 0 0 0 0 2 0 0 0 2 0 0 0 0 0 1 0 0 0 1 0 0 0 0 0 0 0 0 0 0 0 0 0 0 2 0 0 0 0 0 1 0 0 2 0 0 0 2 0 0 0 0 0 0 0 0 
0
0 0 0 0 0 0 0 0 0 
0 1 1 2 2 0 0 1 2 0 0 0 0 0 0 0 0 0 0 0 0 1 1 0 0 1 0 0 0 0 2 0 0 0 2 0 0 0 0 0 1 0 2 0 1 0 0 0 0 0 0 0 0 0 0 0 0 0 0 2 0 0 0 0 0 1 0 0 2 0 0 0 2 0 0 0 0 0 0 0 0 
0 1 1 2 2 0 0 1 2 0 0 0 0 0 0 0 0 0 0 0 0 1 1 0 0 1 0 0 0 0 2 0 0 0 2 0 0 0 0 0 1 0 2 0 1 0 0 0 0 0 0 0 0 0 0 0 0 0 0 2 0 0 0 0 0 1 0 0 2 0 0 0 2 0 0 0 0 0 0 0 0 
0
0 0 0 0 0 0 0 0 0 
0 1 1 2 2 0 0 1 2 0 0 0 0 0 0 0 0 0 0 0 0 1 1 0 0 1 0 0 0 0 2 0 0 0 2 0 1 0 0 0 1 0 2 0 1 0 0 0 0 0 0 0 0 0 0 0 0 0 0 2 0 0 0 0 0 1 0 0 2 0 0 0 2 0 0 0 0 0 0 0 0 
0 1 1 2 2 0 0 1 2 0 0 0 0 0 0 0 0 0 0 0 0 1 1 0 0 1 0 0 0 0 2 0 0 0 2 0 1 0 0 0 1 0 2 0 1 0 0 0 0 0 0 0 0 0 0 0 0 0 0 2 0 0 0 0 0 1 0 0 2 0 0 0 2 0 0 0 0 0 0 0 0 
0
0 0 0 0 0 0 0 0 0 
0 1 1 2 2 0 0 1 2 0 0 0 0 0 0 0 0 0 0 0 0 1 1 0 0 1 0 0 0 0 2 0 0 0 2 0 1 0 0 0 1 0 2 0 1 0 0 2 0 0 0 0 0 0 0 0 0 0 0 2 0 0 0 0 0 1 0 0 2 0 0 0 2 0 0 0 0 0 0 0 0 
0 1 1 2 2 0 0 1 2 0 0 0 0 0 0 0 0 0 0 0 0 1 1 0 0 1 0 0 0 0 2 0 0 0 2 0 1 0 0 0 1 0 2 0 1 0 0 2 0 0 0 0 0 0 0 0 0 0 0 2 0 0 0 0 0 1 0 0 2 0 0 0 2 0 0 0 0 0 0 0 0 
0
0 0 0 0 0 0 0 0 0 
0 1 1 2 2 0 0 1 2 0 0 0 0 0 0 0 0 0 0 0 0 1 1 0 0 1 0 0 0 0 2 0 0 0 2 0 1 0 0 0 1 0 2 0 1 0 0 2 0 0 0 0 0 0 0 0 0 0 0 2 1 0 0 0 0 1 0 0 2 0 0 0 2 0 0 0 0 0 0 0 0 
0 1 1 2 2 0 0 1 2 0 0 0 0 0 0 0 0 0 0 0 0 1 1 0 0 1 0 0 0 0 2 0 0 0 2 0 1 0 0 0 1 0 2 0 1 0 0 2 0 0 0 0 0 0 0 0 0 0 0 2 1 0 0 0 0 1 0 0 2 0 0 0 2 0 0 0 0 0 0 0 0 
0
0 0 0 0 0 0 0 0 0 
2 1 1 2 2 0 0 1 2 0 0 0 0 0 0 0 0 0 0 0 0 1 1 0 0 1 0 0 0 0 2 0 0 0 2 0 1 0 0 0 1 0 2 0 1 0 0 2 0 0 0 0 0 0 0 0 0 0 0 2 1 0 0 0 0 1 0 0 2 0 0 0 2 0 0 0 0 0 0 0 0 
2 1 1 2 2 0 0 1 2 0 0 0 0 0 0 0 0 0 0 0 0 1 1 0 0 1 0 0 0 0 2 0 0 0 2 0 1 0 0 0 1 0 2 0 1 0 0 2 0 0 0 0 0 0 0 0 0 0 0 2 1 0 0 0 0 1 0 0 2 0 0 0 2 0 0 0 0 0 0 0 0 
0
0 0 0 0 0 0 0 0 0 
2 1 1 2 2 0 0 1 2 0 1 0 0 0 0 0 0 0 0 0 0 1 1 0 0 1 0 0 0 0 2 0 0 0 2 0 1 0 0 0 1 0 2 0 1 0 0 2 0 0 0 0 0 0 0 0 0 0 0 2 1 0 0 0 0 1 0 0 2 0 0 0 2 0 0 0 0 0 0 0 0 
2 1 1 2 2 0 0 1 2 0 1 0 0 0 0 0 0 0 0 0 0 1 1 0 0 1 0 0 0 0 2 0 0 0 2 0 1 0 0 0 1 0 2 0 1 0 0 2 0 0 0 0 0 0 0 0 0 0 0 2 1 0 0 0 0 1 0 0 2 0 0 0 2 0 0 0 0 0 0 0 0 
0
0 0 0 0 0 0 0 0 0 
2 1 1 2 2 0 0 1 2 0 1 0 0 0 0 0 0 0 0 0 0 1 1 0 0 1 0 0 0 0 2 0 0 0 2 0 1 0 0 2 1 0 2 0 1 0 0 2 0 0 0 0 0 0 0 0 0 0 0 2 1 0 0 0 0 1 0 0 2 0 0 0 2 0 0 0 0 0 0 0 0 
2 1 1 2 2 0 0 1 2 0 1 0 0 0 0 0 0 0 0 0 0 1 1 0 0 1 0 0 0 0 2 0 0 0 2 0 1 0 0 2 1 0 2 0 1 0 0 2 0 0 0 0 0 0 0 0 0 0 0 2 1 0 0 0 0 1 0 0 2 0 0 0 2 0 0 0 0 0 0 0 0 
0
0 0 0 0 0 0 0 0 0 
2 1 1 2 2 0 0 1 2 0 1 0 0 0 0 0 0 0 0 0 0 1 1 0 0 1 0 0 0 0 2 0 0 0 2 0 1 0 1 2 1 0 2 0 1 0 0 2 0 0 0 0 0 0 0 0 0 0 0 2 1 0 0 0 0 1 0 0 2 0 0 0 2 0 0 0 0 0 0 0 0 
2 1 1 2 2 0 0 1 2 0 1 0 0 0 0 0 0 0 0 0 0 1 1 0 0 1 0 0 0 0 2 0 0 0 2 0 1 0 1 2 1 0 2 0 1 0 0 2 0 0 0 0 0 0 0 0 0 0 0 2 1 0 0 0 0 1 0 0 2 0 0 0 2 0 0 0 0 0 0 0 0 
0
0 0 0 0 0 0 0 0 0 
2 1 1 2 2 0 0 1 2 0 1 0 0 0 0 0 0 0 0 0 0 1 1 0 0 1 0 0 0 0 2 0 0 0 2 0 1 0 1 2 1 0 2 0 1 0 0 2 0 0 0 0 2 0 0 0 0 0 0 2 1 0 0 0 0 1 0 0 2 0 0 0 2 0 0 0 0 0 0 0 0 
2 1 1 2 2 0 0 1 2 0 1 0 0 0 0 0 0 0 0 0 0 1 1 0 0 1 0 0 0 0 2 0 0 0 2 0 1 0 1 2 1 0 2 0 1 0 0 2 0 0 0 0 2 0 0 0 0 0 0 2 1 0 0 0 0 1 0 0 2 0 0 0 2 0 0 0 0 0 0 0 0 
0
0 0 0 0 0 0 0 0 0 
2 1 1 2 2 0 0 1 2 0 1 0 0 0 0 0 0 0 0 0 0 1 1 0 0 1 0 0 0 0 2 0 0 0 2 0 1 0 1 2 1 0 2 0 1 0 0 2 0 0 0 0 2 0 0 0 0 0 0 2 1 0 0 0 0 1 0 0 2 0 0 0 2 0 0 0 0 1 0 0 0 
2 1 1 2 2 0 0 1 2 0 1 0 0 0 0 0 0 0 0 0 0 1 1 0 0 1 0 0 0 0 2 0 0 0 2 0 1 0 1 2 1 0 2 0 1 0 0 2 0 0 0 0 2 0 0 0 0 0 0 2 1 0 0 0 0 1 0 0 2 0 0 0 2 0 0 0 0 1 0 0 0 
0
0 0 0 0 0 0 0 0 0 
2 1 1 2 2 0 0 1 2 0 1 0 0 0 0 0 0 0 0 0 0 1 1 0 0 1 0 0 0 0 2 0 0 0 2 0 1 0 1 2 1 0 2 0 1 0 0 2 0 0 0 0 2 0 0 0 0 0 0 2 1 0 2 0 0 1 0 0 2 0 0 0 2 0 0 0 0 1 0 0 0 
2 1 1 2 2 0 0 1 2 0 1 0 0 0 0 0 0 0 0 0 0 1 1 0 0 1 0 0 0 0 2 0 0 0 2 0 1 0 1 2 1 0 2 0 1 0 0 2 0 0 0 0 2 0 0 0 0 0 0 2 1 0 2 0 0 1 0 0 2 0 0 0 2 0 0 0 0 1 0 0 0 
0
0 0 0 0 0 0 0 0 0 
2 1 1 2 2 0 0 1 2 0 1 0 0 0 0 1 0 0 0 0 0 1 1 0 0 1 0 0 0 0 2 0 0 0 2 0 1 0 1 2 1 0 2 0 1 0 0 2 0 0 0 0 2 0 0 0 0 0 0 2 1 0 2 0 0 1 0 0 2 0 0 0 2 0 0 0 0 1 0 0 0 
2 1 1 2 2 0 0 1 2 0 1 0 0 0 0 1 0 0 0 0 0 1 1 0 0 1 0 0 0 0 2 0 0 0 2 0 1 0 1 2 1 0 2 0 1 0 0 2 0 0 0 0 2 0 0 0 0 0 0 2 1 0 2 0 0 1 0 0 2 0 0 0 2 0 0 0 0 1 0 0 0 
0
0 0 0 0 0 0 0 0 0 
2 1 1 2 2 0 0 1 2 0 1 0 0 0 0 1 0 0 0 0 0 1 1 0 0 1 0 0 0 2 2 0 0 0 2 0 1 0 1 2 1 0 2 0 1 0 0 2 0 0 0 0 2 0 0 0 0 0 0 2 1 0 2 0 0 1 0 0 2 0 0 0 2 0 0 0 0 1 0 0 0 
2 1 1 2 2 0 0 1 2 0 1 0 0 0 0 1 0 0 0 0 0 1 1 0 0 1 0 0 0 2 2 0 0 0 2 0 1 0 1 2 1 0 2 0 1 0 0 2 0 0 0 0 2 0 0 0 0 0 0 2 1 0 2 0 0 1 0 0 2 0 0 0 2 0 0 0 0 1 0 0 0 
0
0 0 0 0 0 0 0 0 0 
2 1 1 2 2 0 0 1 2 0 1 0 0 0 0 1 0 0 0 0 0 1 1 0 1 1 0 0 0 2 2 0 0 0 2 0 1 0 1 2 1 0 2 0 1 0 0 2 0 0 0 0 2 0 0 0 0 0 0 2 1 0 2 0 0 1 0 0 2 0 0 0 2 0 0 0 0 1 0 0 0 
2 1 1 2 2 0 0 1 2 0 1 0 0 0 0 1 0 0 0 0 0 1 1 0 1 1 0 0 0 2 2 0 0 0 2 0 1 0 1 2 1 0 2 0 1 0 0 2 0 0 0 0 2 0 0 0 0 0 0 2 1 0 2 0 0 1 0 0 2 0 0 0 2 0 0 0 0 1 0 0 0 
0
0 0 0 0 0 0 0 0 0 
2 1 1 2 2 0 0 1 2 0 1 0 0 0 0 1 0 0 0 0 0 1 1 0 1 1 0 0 0 2 2 0 0 0 2 0 1 0 1 2 1 0 2 0 1 0 0 2 0 0 0 0 2 0 0 0 0 0 0 2 1 0 2 0 0 1 0 0 2 0 0 0 2 2 0 0 0 1 0 0 0 
2 1 1 2 2 0 0 1 2 0 1 0 0 0 0 1 0 0 0 0 0 1 1 0 1 1 0 0 0 2 2 0 0 0 2 0 1 0 1 2 1 0 2 0 1 0 0 2 0 0 0 0 2 0 0 0 0 0 0 2 1 0 2 0 0 1 0 0 2 0 0 0 2 2 0 0 0 1 0 0 0 
0
0 0 0 0 0 0 0 0 0 
2 1 1 2 2 0 0 1 2 0 1 0 0 0 0 1 0 0 0 0 0 1 1 0 1 1 0 0 0 2 2 0 0 0 2 0 1 0 1 2 1 0 2 0 1 0 0 2 0 0 0 0 2 0 0 0 0 0 0 2 1 0 2 0 0 1 1 0 2 0 0 0 2 2 0 0 0 1 0 0 0 
2 1 1 2 2 0 0 1 2 0 1 0 0 0 0 1 0 0 0 0 0 1 1 0 1 1 0 0 0 2 2 0 0 0 2 0 1 0 1 2 1 0 2 0 1 0 0 2 0 0 0 0 2 0 0 0 0 0 0 2 1 0 2 0 0 1 1 0 2 0 0 0 2 2 0 0 0 1 0 0 0 
0
0 0 0 0 0 0 0 0 0 
2 1 1 2 2 0 0 1 2 0 1 0 0 0 0 1 0 0 0 0 0 1 1 0 1 1 0 0 0 2 2 0 0 0 2 0 1 0 1 2 1 0 2 0 1 0 2 2 0 0 0 0 2 0 0 0 0 0 0 2 1 0 2 0 0 1 1 0 2 0 0 0 2 2 0 0 0 1 0 0 0 
2 1 1 2 2 0 0 1 2 0 1 0 0 0 0 1 0 0 0 0 0 1 1 0 1 1 0 0 0 2 2 0 0 0 2 0 1 0 1 2 1 0 2 0 1 0 2 2 0 0 0 0 2 0 0 0 0 0 0 2 1 0 2 0 0 1 1 0 2 0 0 0 2 2 0 0 0 1 0 0 0 
0
0 0 0 0 0 0 0 0 0 
2 1 1 2 2 0 0 1 2 0 1 0 0 0 0 1 0 0 0 0 0 1 1 0 1 1 0 0 0 2 2 0 0 0 2 0 1 0 1 2 1 0 2 0 1 0 2 2 0 0 0 0 2 0 0 0 0 0 0 2 1 0 2 0 0 1 1 0 2 0 0 0 2 2 0 0 1 1 0 0 0 
2 1 1 2 2 0 0 1 2 0 1 0 0 0 0 1 0 0 0 0 0 1 1 0 1 1 0 0 0 2 2 0 0 0 2 0 1 0 1 2 1 0 2 0 1 0 2 2 0 0 0 0 2 0 0 0 0 0 0 2 1 0 2 0 0 1 1 0 2 0 0 0 2 2 0 0 1 1 0 0 0 
0
0 0 0 0 0 0 0 0 0 
2 1 1 2 2 0 0 1 2 0 1 0 0 0 0 1 0 0 0 0 0 1 1 0 1 1 0 0 0 2 2 0 0 0 2 0 1 0 1 2 1 0 2 0 1 0 2 2 0 0 0 0 2 0 0 0 0 0 0 2 1 0 2 0 0 1 1 2 2 0 0 0 2 2 0 0 1 1 0 0 0 
2 1 1 2 2 0 0 1 2 0 1 0 0 0 0 1 0 0 0 0 0 1 1 0 1 1 0 0 0 2 2 0 0 0 2 0 1 0 1 2 1 0 2 0 1 0 2 2 0 0 0 0 2 0 0 0 0 0 0 2 1 0 2 0 0 1 1 2 2 0 0 0 2 2 0 0 1 1 0 0 0 
0
0 0 0 0 0 0 0 0 0 
2 1 1 2 2 0 0 1 2 0 1 0 0 0 0 1 0 0 0 0 0 1 1 0 1 1 0 0 0 2 2 1 0 0 2 0 1 0 1 2 1 0 2 0 1 0 2 2 0 0 0 0 2 0 0 0 0 0 0 2 1 0 2 0 0 1 1 2 2 0 0 0 2 2 0 0 1 1 0 0 0 
2 1 1 2 2 0 0 1 2 0 1 0 0 0 0 1 0 0 0 0 0 1 1 0 1 1 0 0 0 2 2 1 0 0 2 0 1 0 1 2 1 0 2 0 1 0 2 2 0 0 0 0 2 0 0 0 0 0 0 2 1 0 2 0 0 1 1 2 2 0 0 0 2 2 0 0 1 1 0 0 0 
0
0 2 0 0 0 0 0 0 0 
2 1 1 2 2 2 0 1 2 0 1 0 0 0 0 1 0 0 0 0 0 1 1 0 1 1 0 0 0 2 2 1 0 0 2 0 1 0 1 2 1 0 2 0 1 0 2 2 0 0 0 0 2 0 0 0 0 0 0 2 1 0 2 0 0 1 1 2 2 0 0 0 2 2 0 0 1 1 0 0 0 
2 1 1 34 34 34 0 1 2 0 1 0 32 32 32 1 0 0 0 0 0 33 33 32 1 1 0 0 0 2 2 1 0 0 2 0 1 0 1 2 1 0 2 0 1 0 2 2 0 0 0 0 2 0 0 0 0 0 0 2 1 0 2 0 0 1 1 2 2 0 0 0 2 2 0 0 1 1 0 0 0 
0
0 2 1 0 0 0 0 0 0 
2 1 1 2 2 2 0 1 2 0 1 0 0 0 0 1 0 0 0 0 0 1 1 0 1 1 1 0 0 2 2 1 0 0 2 0 1 0 1 2 1 0 2 0 1 0 2 2 0 0 0 0 2 0 0 0 0 0 0 2 1 0 2 0 0 1 1 2 2 0 0 0 2 2 0 0 1 1 0 0 0 
2 1 1 34 34 34 16 17 18 0 1 0 32 32 32 17 16 16 0 0 0 33 33 32 17 17 17 0 0 2 2 1 0 0 2 0 1 0 1 2 1 0 2 0 1 0 2 2 0 0 0 0 2 0 0 0 0 0 0 2 1 0 2 0 0 1 1 2 2 0 0 0 2 2 0 0 1 1 0 0 0 
0
0 2 1 0 0 0 0 0 0 
2 1 1 2 2 2 0 1 2 0 1 0 0 0 0 1 0 0 0 0 0 1 1 0 1 1 1 0 0 2 2 1 0 0 2 0 1 0 1 2 1 0 2 0 1 0 2 2 0 0 0 0 2 0 0 0 0 0 0 2 1 0 2 0 0 1 1 2 2 0 0 0 2 2 0 0 1 1 2 0 0 
2 1 1 34 34 34 16 17 18 0 1 0 32 32 32 17 16 16 0 0 0 33 33 32 17 17 17 0 0 2 2 1 0 0 2 0 1 0 1 2 1 0 2 0 1 0 2 2 0 0 0 0 2 0 0 0 0 0 0 2 1 0 2 0 0 1 1 2 2 0 0 0 2 2 0 0 1 1 2 0 0 
0
0 2 1 0 0 0 0 0 0 
2 1 1 2 2 2 0 1 2 0 1 0 0 0 0 1 0 0 0 0 0 1 1 0 1 1 1 0 0 2 2 1 0 0 2 0 1 0 1 2 1 0 2 0 1 0 2 2 0 0 0 0 2 0 0 0 0 0 0 2 1 0 2 0 0 1 1 2 2 0 0 0 2 2 1 0 1 1 2 0 0 
2 1 1 34 34 34 16 17 18 0 1 0 32 32 32 17 16 16 0 0 0 33 33 32 17 17 17 0 0 2 2 1 0 0 2 0 1 0 1 2 1 0 2 0 1 0 2 2 0 0 0 0 2 0 0 0 0 0 0 2 1 0 2 0 0 1 1 2 2 0 0 0 2 2 1 0 1 1 2 0 0 
0
0 2 1 0 0 0 0 0 0 
2 1 1 2 2 2 0 1 2 0 1 0 0 0 0 1 0 0 0 0 0 1 1 0 1 1 1 0 0 2 2 1 0 0 2 0 1 0 1 2 1 0 2 0 1 0 2 2 0 0 0 0 2 0 0 0 0 0 0 2 1 0 2 0 0 1 1 2 2 0 0 0 2 2 1 0 1 1 2 0 2 
2 1 1 34 34 34 16 17 18 0 1 0 32 32 32 17 16 16 0 0 0 33 33 32 17 17 17 0 0 2 2 1 0 0 2 0 1 0 1 2 1 0 2 0 1 0 2 2 0 0 0 0 2 0 0 0 0 0 0 2 1 0 2 0 0 1 1 2 2 0 0 0 2 2 1 0 1 1 2 0 2 
0
0 2 1 0 0 0 0 0 0 
2 1 1 2 2 2 0 1 2 0 1 0 0 0 0 1 0 0 0 0 0 1 1 0 1 1 1 0 0 2 2 1 0 0 2 0 1 0 1 2 1 0 2 0 1 0 2 2 0 0 0 0 2 0 0 0 0 0 0 2 1 0 2 0 0 1 1 2 2 0 0 1 2 2 1 0 1 1 2 0 2 
2 1 1 34 34 34 16 17 18 0 1 0 32 32 32 17 16 16 0 0 0 33 33 32 17 17 17 0 0 2 2 1 0 0 2 0 1 0 1 2 1 0 2 0 1 0 2 2 0 0 0 0 2 0 0 0 0 0 0 2 1 0 2 0 0 1 1 2 2 0 0 1 2 2 1 0 1 1 2 0 2 
0
0 2 1 0 0 0 0 0 0 
2 1 1 2 2 2 0 1 2 0 1 0 0 0 0 1 0 0 0 0 0 1 1 0 1 1 1 0 0 2 2 1 0 0 2 0 1 0 1 2 1 0 2 0 1 0 2 2 0 0 0 2 2 0 0 0 0 0 0 2 1 0 2 0 0 1 1 2 2 0 0 1 2 2 1 0 1 1 2 0 2 
2 1 1 34 34 34 16 17 18 0 1 0 32 32 32 17 16 16 0 0 0 33 33 32 17 17 17 0 0 2 2 1 0 0 2 0 1 0 1 2 1 0 2 0 1 0 2 2 0 0 0 2 2 0 0 0 0 0 0 2 1 0 2 0 0 1 1 2 2 0 0 1 2 2 1 0 1 1 2 0 2 
0
0 2 1 0 0 0 0 0 0 
2 1 1 2 2 2 0 1 2 0 1 0 0 0 0 1 0 0 0 0 0 1 1 0 1 1 1 0 0 2 2 1 0 0 2 0 1 0 1 2 1 0 2 0 1 0 2 2 0 0 0 2 2 0 1 0 0 0 0 2 1 0 2 0 0 1 1 2 2 0 0 1 2 2 1 0 1 1 2 0 2 
2 1 1 34 34 34 16 17 18 0 1 0 32 32 32 17 16 16 0 0 0 33 33 32 17 17 17 0 0 2 2 1 0 0 2 0 1 0 1 2 1 0 2 0 1 0 2 2 0 0 0 2 2 0 1 0 0 0 0 2 1 0 2 0 0 1 1 2 2 0 0 1 2 2 1 0 1 1 2 0 2 
0
0 2 1 0 0 0 0 0 0 
2 1 1 2 2 2 0 1 2 0 1 0 0 0 0 1 0 0 2 0 0 1 1 0 1 1 1 0 0 2 2 1 0 0 2 0 1 0 1 2 1 0 2 0 1 0 2 2 0 0 0 2 2 0 1 0 0 0 0 2 1 0 2 0 0 1 1 2 2 0 0 1 2 2 1 0 1 1 2 0 2 
2 1 1 34 34 34 16 17 18 0 1 0 32 32 32 17 16 16 2 0 0 33 33 32 17 17 17 0 0 2 2 1 0 0 2 0 1 0 1 2 1 0 2 0 1 0 2 2 0 0 0 2 2 0 1 0 0 0 0 2 1 0 2 0 0 1 1 2 2 0 0 1 2 2 1 0 1 1 2 0 2 
0
0 2 1 0 0 0 1 0 0 
2 1 1 2 2 2 0 1 2 0 1 0 0 0 0 1 0 0 2 0 0 1 1 0 1 1 1 0 0 2 2 1 0 0 2 0 1 0 1 2 1 0 2 0 1 0 2 2 0 0 0 2 2 0 1 0 0 0 0 2 1 0 2 0 1 1 1 2 2 0 0 1 2 2 1 0 1 1 2 0 2 
2 1 1 34 34 34 16 17 18 0 1 0 32 32 32 17 16 16 2 0 0 33 33 32 17 17 17 0 0 2 2 1 0 0 2 0 1 0 1 2 1 0 2 0 1 0 2 2 0 0 0 2 2 0 17 16 16 0 0 2 1 0 2 16 17 17 1 2 2 0 0 1 18 18 17 0 1 1 2 0 2 
0
0 2 1 0 2 0 1 0 0 
2 1 1 2 2 2 0 1 2 0 1 0 0 0 0 1 0 0 2 0 0 1 1 0 1 1 1 0 0 2 2 1 0 0 2 0 1 0 1 2 1 0 2 0 1 0 2 2 2 0 0 2 2 0 1 0 0 0 0 2 1 0 2 0 1 1 1 2 2 0 0 1 2 2 1 0 1 1 2 0 2 
2 1 1 34 34 34 16 17 18 0 1 0 32 32 32 17 16 16 2 0 0 33 33 32 17 17 17 0 0 2 34 33 32 0 2 0 1 0 1 34 33 32 2 0 1 0 2 2 34 32 32 2 2 0 17 16 16 0 0 2 1 0 2 16 17 17 1 2 2 0 0 1 18 18 17 0 1 1 2 0 2 
0
0 2 1 0 2 0 1 0 0 
2 1 1 2 2 2 0 1 2 1 1 0 0 0 0 1 0 0 2 0 0 1 1 0 1 1 1 0 0 2 2 1 0 0 2 0 1 0 1 2 1 0 2 0 1 0 2 2 2 0 0 2 2 0 1 0 0 0 0 2 1 0 2 0 1 1 1 2 2 0 0 1 2 2 1 0 1 1 2 0 2 
2 1 1 34 34 34 16 17 18 1 1 0 32 32 32 17 16 16 2 0 0 33 33 32 17 17 17 0 0 2 34 33 32 0 2 0 1 0 1 34 33 32 2 0 1 0 2 2 34 32 32 2 2 0 17 16 16 0 0 2 1 0 2 16 17 17 1 2 2 0 0 1 18 18 17 0 1 1 2 0 2 
0
0 2 1 0 2 0 1 0 0 
2 1 1 2 2 2 0 1 2 1 1 0 0 0 0 1 0 0 2 0 0 1 1 0 1 1 1 2 0 2 2 1 0 0 2 0 1 0 1 2 1 0 2 0 1 0 2 2 2 0 0 2 2 0 1 0 0 0 0 2 1 0 2 0 1 1 1 2 2 0 0 1 2 2 1 0 1 1 2 0 2 
2 1 1 34 34 34 16 17 18 1 1 0 32 32 32 17 16 16 2 0 0 33 33 32 17 17 17 2 0 2 34 33 32 0 2 0 1 0 1 34 33 32 2 0 1 0 2 2 34 32 32 2 2 0 17 16 16 0 0 2 1 0 2 16 17 17 1 2 2 0 0 1 18 18 17 0 1 1 2 0 2 
0
0 2 1 0 2 0 1 0 0 
2 1 1 2 2 2 0 1 2 1 1 0 0 0 0 1 0 0 2 0 1 1 1 0 1 1 1 2 0 2 2 1 0 0 2 0 1 0 1 2 1 0 2 0 1 0 2 2 2 0 0 2 2 0 1 0 0 0 0 2 1 0 2 0 1 1 1 2 2 0 0 1 2 2 1 0 1 1 2 0 2 
2 1 1 34 34 34 16 17 18 1 1 0 32 32 32 17 16 16 2 0 1 33 33 32 17 17 17 2 0 2 34 33 32 0 2 0 1 0 1 34 33 32 2 0 1 0 2 2 34 32 32 2 2 0 17 16 16 0 0 2 1 0 2 16 17 17 1 2 2 0 0 1 18 18 17 0 1 1 2 0 2 
0
0 2 1 0 2 0 1 0 0 
2 1 1 2 2 2 0 1 2 1 1 0 0 0 0 1 0 0 2 0 1 1 1 0 1 1 1 2 0 2 2 1 0 0 2 0 1 0 1 2 1 0 2 0 1 0 2 2 2 0 0 2 2 0 1 0 0 0 0 2 1 0 2 0 1 1 1 2 2 2 0 1 2 2 1 0 1 1 2 0 2 
2 1 1 34 34 34 16 17 18 1 1 0 32 32 32 17 16 16 2 0 1 33 33 32 17 17 17 2 0 2 34 33 32 0 2 0 1 0 1 34 33 32 2 0 1 0 2 2 34 32 32 2 2 0 17 16 16 0 0 2 1 0 2 16 17 17 1 2 2 2 0 1 18 18 17 0 1 1 2 0 2 
0
0 2 1 1 2 0 1 0 0 
2 1 1 2 2 2 0 1 2 1 1 0 0 0 0 1 0 0 2 0 1 1 1 0 1 1 1 2 0 2 2 1 0 0 2 0 1 1 1 2 1 0 2 0 1 0 2 2 2 0 0 2 2 0 1 0 0 0 0 2 1 0 2 0 1 1 1 2 2 2 0 1 2 2 1 0 1 1 2 0 2 
2 1 1 34 34 34 16 17 18 1 1 0 32 32 32 17 16 16 2 0 1 33 33 32 17 17 17 18 16 18 34 33 32 0 2 0 17 17 17 34 33 32 2 0 1 16 18 18 34 32 32 2 2 0 17 16 16 0 0 2 1 0 2 16 17 17 1 2 2 2 0 1 18 18 17 0 1 1 2 0 2 
0
0 2 1 1 2 2 1 0 0 
2 1 1 2 2 2 0 1 2 1 1 0 0 0 0 1 0 0 2 0 1 1 1 0 1 1 1 2 0 2 2 1 0 0 2 0 1 1 1 2 1 0 2 0 1 0 2 2 2 0 0 2 2 2 1 0 0 0 0 2 1 0 2 0 1 1 1 2 2 2 0 1 2 2 1 0 1 1 2 0 2 
2 1 1 34 34 34 16 17 18 1 1 0 32 32 32 17 16 16 2 0 1 33 33 32 17 17 17 18 16 18 34 33 32 32 34 32 17 17 17 34 33 32 34 32 33 16 18 18 34 32 32 34 34 34 17 16 16 0 0 2 1 0 2 16 17 17 1 2 2 2 0 1 18 18 17 0 1 1 2 0 2 
0
0 2 1 1 2 2 1 0 0 
2 1 1 2 2 2 0 1 2 1 1 0 0 0 0 1 0 0 2 0 1 1 1 0 1 1 1 2 0 2 2 1 0 0 2 0 1 1 1 2 1 0 2 0 1 0 2 2 2 0 0 2 2 2 1 0 0 0 0 2 1 0 2 0 1 1 1 2 2 2 1 1 2 2 1 0 1 1 2 0 2 
2 1 1 34 34 34 16 17 18 1 1 0 32 32 32 17 16 16 2 0 1 33 33 32 17 17 17 18 16 18 34 33 32 32 34 32 17 17 17 34 33 32 34 32 33 16 18 18 34 32 32 34 34 34 17 16 16 0 0 2 1 0 2 16 17 17 1 2 2 2 1 1 18 18 17 0 1 1 2 0 2 
0
0 2 1 1 2 2 1 2 0 
2 1 1 2 2 2 0 1 2 1 1 0 0 0 0 1 0 0 2 0 1 1 1 0 1 1 1 2 0 2 2 1 0 0 2 0 1 1 1 2 1 0 2 0 1 0 2 2 2 0 0 2 2 2 1 0 0 0 0 2 1 0 2 0 1 1 1 2 2 2 1 1 2 2 1 2 1 1 2 0 2 
2 1 1 34 34 34 16 17 18 1 1 0 32 32 32 17 16 16 2 0 1 33 33 32 17 17 17 18 16 18 34 33 32 32 34 32 17 17 17 34 33 32 34 32 33 16 18 18 34 32 32 34 34 34 17 16 16 32 32 34 1 0 2 16 17 17 33 34 34 2 1 1 18 18 17 34 33 33 2 0 2 
0
0 2 1 1 2 2 1 2 0 
2 1 1 2 2 2 0 1 2 1 1 0 0 0 0 1 0 0 2 0 1 1 1 0 1 1 1 2 0 2 2 1 0 0 2 0 1 1 1 2 1 0 2 0 1 0 2 2 2 0 0 2 2 2 1 0 0 0 0 2 1 0 2 0 1 1 1 2 2 2 1 1 2 2 1 2 1 1 2 0 2 
2 1 1 34 34 34 16 17 18 1 1 0 32 32 32 17 16 16 2 0 1 33 33 32 17 17 17 18 16 18 34 33 32 32 34 32 17 17 17 34 33 32 34 32 33 16 18 18 34 32 32 34 34 34 17 16 16 32 32 34 1 0 2 16 17 17 33 34 34 2 1 1 18 18 17 34 33 33 2 0 2 
0
