0 0 0 0 0 0 0 0 0 
0 0 0 0 0 0 0 0 0 0 0 0 0 0 0 0 0 0 0 0 0 0 0 0 0 0 0 0 0 0 0 0 0 0 0 0 0 0 0 0 1 0 0 0 0 0 0 0 0 0 0 0 0 0 0 0 0 0 0 0 0 0 0 0 0 0 0 0 0 0 0 0 0 0 0 0 0 0 0 0 0 
0 0 0 0 0 0 0 0 0 0 0 0 0 0 0 0 0 0 0 0 0 0 0 0 0 0 0 0 0 0 0 0 0 0 0 0 0 0 0 0 1 0 0 0 0 0 0 0 0 0 0 0 0 0 0 0 0 0 0 0 0 0 0 0 0 0 0 0 0 0 0 0 0 0 0 0 0 0 0 0 0 
0
0 0 0 0 0 0 0 0 0 
0 0 0 0 0 0 0 0 0 0 0 0 0 0 0 0 0 0 0 0 0 0 0 0 0 0 0 0 0 0 0 0 0 0 0 0 0 0 0 0 1 0 0 0 0 0 0 0 0 2 0 0 0 0 0 0 0 0 0 0 0 0 0 0 0 0 0 0 0 0 0 0 0 0 0 0 0 0 0 0 0 
0 0 0 0 0 0 0 0 0 0 0 0 0 0 0 0 0 0 0 0 0 0 0 0 0 0 0 0 0 0 0 0 0 0 0 0 0 0 0 0 1 0 0 0 0 0 0 0 0 2 0 0 0 0 0 0 0 0 0 0 0 0 0 0 0 0 0 0 0 0 0 0 0 0 0 0 0 0 0 0 0 
0
0 0 0 0 0 0 0 0 0 
0 0 0 0 0 0 0 0 0 0 0 0 0 0 0 0 0 0 0 0 0 0 0 0 0 0 0 0 0 0 0 0 0 0 0 0 0 0 0 0 1 0 0 0 0 0 0 0 0 2 0 0 0 0 0 0 0 0 0 0 0 0 0 0 0 0 0 0 0 0 0 0 0 0 0 1 0 0 0 0 0 
0 0 0 0 0 0 0 0 0 0 0 0 0 0 0 0 0 0 0 0 0 0 0 0 0 0 0 0 0 0 0 0 0 0 0 0 0 0 0 0 1 0 0 0 0 0 0 0 0 2 0 0 0 0 0 0 0 0 0 0 0 0 0 0 0 0 0 0 0 0 0 0 0 0 0 1 0 0 0 0 0 
0
0 0 0 0 0 0 0 0 0 
0 0 0 0 0 0 0 0 0 0 0 0 0 0 0 0 0 0 0 0 0 0 0 0 0 0 0 0 0 0 0 0 0 0 0 0 0 0 0 0 1 0 0 0 0 0 0 0 0 2 0 0 0 0 0 0 0 0 0 0 0 0 0 0 0 0 0 0 0 0 0 0 2 0 0 1 0 0 0 0 0 
0 0 0 0 0 0 0 0 0 0 0 0 0 0 0 0 0 0 0 0 0 0 0 0 0 0 0 0 0 0 0 0 0 0 0 0 0 0 0 0 1 0 0 0 0 0 0 0 0 2 0 0 0 0 0 0 0 0 0 0 0 0 0 0 0 0 0 0 0 0 0 0 2 0 0 1 0 0 0 0 0 
0
0 0 0 0 0 0 0 0 0 
0 0 0 0 0 0 0 0 0 0 0 0 0 0 0 0 0 0 0 0 0 0 0 0 0 0 0 0 0 0 0 0 0 0 0 0 0 0 0 0 1 0 0 0 0 0 0 0 0 2 0 0 0 0 0 0 1 0 0 0 0 0 0 0 0 0 0 0 0 0 0 0 2 0 0 1 0 0 0 0 0 
0 0 0 0 0 0 0 0 0 0 0 0 0 0 0 0 0 0 0 0 0 0 0 0 0 0 0 0 0 0 0 0 0 0 0 0 0 0 0 0 1 0 0 0 0 0 0 0 0 2 0 0 0 0 0 0 1 0 0 0 0 0 0 0 0 0 0 0 0 0 0 0 2 0 0 1 0 0 0 0 0 
0
0 0 0 0 0 0 0 0 0 
0 0 0 0 0 0 2 0 0 0 0 0 0 0 0 0 0 0 0 0 0 0 0 0 0 0 0 0 0 0 0 0 0 0 0 0 0 0 0 0 1 0 0 0 0 0 0 0 0 2 0 0 0 0 0 0 1 0 0 0 0 0 0 0 0 0 0 0 0 0 0 0 2 0 0 1 0 0 0 0 0 
0 0 0 0 0 0 2 0 0 0 0 0 0 0 0 0 0 0 0 0 0 0 0 0 0 0 0 0 0 0 0 0 0 0 0 0 0 0 0 0 1 0 0 0 0 0 0 0 0 2 0 0 0 0 0 0 1 0 0 0 0 0 0 0 0 0 0 0 0 0 0 0 2 0 0 1 0 0 0 0 0 
0
0 0 0 0 0 0 0 0 0 
0 0 0 0 0 0 2 0 0 0 0 1 0 0 0 0 0 0 0 0 0 0 0 0 0 0 0 0 0 0 0 0 0 0 0 0 0 0 0 0 1 0 0 0 0 0 0 0 0 2 0 0 0 0 0 0 1 0 0 0 0 0 0 0 0 0 0 0 0 0 0 0 2 0 0 1 0 0 0 0 0 
0 0 0 0 0 0 2 0 0 0 0 1 0 0 0 0 0 0 0 0 0 0 0 0 0 0 0 0 0 0 0 0 0 0 0 0 0 0 0 0 1 0 0 0 0 0 0 0 0 2 0 0 0 0 0 0 1 0 0 0 0 0 0 0 0 0 0 0 0 0 0 0 2 0 0 1 0 0 0 0 0 
0
0 0 0 0 0 0 0 0 0 
0 0 0 0 0 0 2 0 0 0 0 1 0 0 0 0 0 0 0 0 0 0 0 0 0 0 0 0 0 0 0 0 0 0 0 2 0 0 0 0 1 0 0 0 0 0 0 0 0 2 0 0 0 0 0 0 1 0 0 0 0 0 0 0 0 0 0 0 0 0 0 0 2 0 0 1 0 0 0 0 0 
0 0 0 0 0 0 2 0 0 0 0 1 0 0 0 0 0 0 0 0 0 0 0 0 0 0 0 0 0 0 0 0 0 0 0 2 0 0 0 0 1 0 0 0 0 0 0 0 0 2 0 0 0 0 0 0 1 0 0 0 0 0 0 0 0 0 0 0 0 0 0 0 2 0 0 1 0 0 0 0 0 
0
0 0 0 0 0 0 0 0 0 
0 0 0 0 0 0 2 0 0 0 0 1 0 0 0 1 0 0 0 0 0 0 0 0 0 0 0 0 0 0 0 0 0 0 0 2 0 0 0 0 1 0 0 0 0 0 0 0 0 2 0 0 0 0 0 0 1 0 0 0 0 0 0 0 0 0 0 0 0 0 0 0 2 0 0 1 0 0 0 0 0 
0 0 0 0 0 0 2 0 0 0 0 1 0 0 0 1 0 0 0 0 0 0 0 0 0 0 0 0 0 0 0 0 0 0 0 2 0 0 0 0 1 0 0 0 0 0 0 0 0 2 0 0 0 0 0 0 1 0 0 0 0 0 0 0 0 0 0 0 0 0 0 0 2 0 0 1 0 0 0 0 0 
0
0 0 0 0 0 0 0 0 0 
0 0 0 0 0 0 2 0 0 0 0 1 0 0 0 1 0 0 0 0 0 0 0 0 0 0 0 0 0 0 0 0 0 0 0 2 0 0 2 0 1 0 0 0 0 0 0 0 0 2 0 0 0 0 0 0 1 0 0 0 0 0 0 0 0 0 0 0 0 0 0 0 2 0 0 1 0 0 0 0 0 
0 0 0 0 0 0 2 0 0 0 0 1 0 0 0 1 0 0 0 0 0 0 0 0 0 0 0 0 0 0 0 0 0 0 0 2 0 0 2 0 1 0 0 0 0 0 0 0 0 2 0 0 0 0 0 0 1 0 0 0 0 0 0 0 0 0 0 0 0 0 0 0 2 0 0 1 0 0 0 0 0 
0
0 0 0 0 0 0 0 0 0 
0 0 0 0 0 0 2 0 0 0 0 1 0 0 0 1 0 0 0 0 0 0 0 0 0 0 0 0 0 0 0 0 0 1 0 2 0 0 2 0 1 0 0 0 0 0 0 0 0 2 0 0 0 0 0 0 1 0 0 0 0 0 0 0 0 0 0 0 0 0 0 0 2 0 0 1 0 0 0 0 0 
0 0 0 0 0 0 2 0 0 0 0 1 0 0 0 1 0 0 0 0 0 0 0 0 0 0 0 0 0 0 0 0 0 1 0 2 0 0 2 0 1 0 0 0 0 0 0 0 0 2 0 0 0 0 0 0 1 0 0 0 0 0 0 0 0 0 0 0 0 0 0 0 2 0 0 1 0 0 0 0 0 
0
0 0 0 0 0 0 0 0 0 
0 0 0 0 0 0 2 0 0 0 0 1 0 0 0 1 0 0 0 2 0 0 0 0 0 0 0 0 0 0 0 0 0 1 0 2 0 0 2 0 1 0 0 0 0 0 0 0 0 2 0 0 0 0 0 0 1 0 0 0 0 0 0 0 0 0 0 0 0 0 0 0 2 0 0 1 0 0 0 0 0 
0 0 0 0 0 0 2 0 0 0 0 1 0 0 0 1 0 0 0 2 0 0 0 0 0 0 0 0 0 0 0 0 0 1 0 2 0 0 2 0 1 0 0 0 0 0 0 0 0 2 0 0 0 0 0 0 1 0 0 0 0 0 0 0 0 0 0 0 0 0 0 0 2 0 0 1 0 0 0 0 0 
0
0 0 0 0 0 0 0 0 0 
0 0 0 0 0 0 2 0 0 0 0 1 0 0 0 1 0 0 0 2 0 0 0 0 0 0 0 0 0 0 0 0 0 1 0 2 0 0 2 0 1 0 0 0 0 0 0 0 0 2 0 0 0 0 0 0 1 0 0 0 0 0 0 0 0 0 0 0 0 0 0 0 2 0 0 1 1 0 0 0 0 
0 0 0 0 0 0 2 0 0 0 0 1 0 0 0 1 0 0 0 2 0 0 0 0 0 0 0 0 0 0 0 0 0 1 0 2 0 0 2 0 1 0 0 0 0 0 0 0 0 2 0 0 0 0 0 0 1 0 0 0 0 0 0 0 0 0 0 0 0 0 0 0 2 0 0 1 1 0 0 0 0 
0
0 0 0 0 0 0 0 0 0 
0 0 0 0 0 0 2 0 0 0 0 1 0 0 0 1 0 0 0 2 0 0 0 0 0 0 0 0 0 0 0 0 0 1 0 2 0 0 2 0 1 0 0 0 0 0 0 0 0 2 0 0 0 0 0 0 1 0 0 0 0 0 0 0 0 0 0 0 0 0 0 0 2 0 0 1 1 2 0 0 0 
0 0 0 0 0 0 2 0 0 0 0 1 0 0 0 1 0 0 0 2 0 0 0 0 0 0 0 0 0 0 0 0 0 1 0 2 0 0 2 0 1 0 0 0 0 0 0 0 0 2 0 0 0 0 0 0 1 0 0 0 0 0 0 0 0 0 0 0 0 0 0 0 2 0 0 1 1 2 0 0 0 
0
0 0 0 0 0 0 0 0 0 
0 0 0 0 0 0 2 0 0 0 0 1 0 0 0 1 0 0 0 2 0 0 0 0 0 0 0 0 0 0 0 0 0 1 0 2 0 0 2 0 1 0 0 0 0 0 0 0 0 2 0 0 0 0 0 0 1 0 0 0 0 0 0 0 0 0 0 0 0 0 0 0 2 0 0 1 1 2 0 0 1 
0 0 0 0 0 0 2 0 0 0 0 1 0 0 0 1 0 0 0 2 0 0 0 0 0 0 0 0 0 0 0 0 0 1 0 2 0 0 2 0 1 0 0 0 0 0 0 0 0 2 0 0 0 0 0 0 1 0 0 0 0 0 0 0 0 0 0 0 0 0 0 0 2 0 0 1 1 2 0 0 1 
0
0 0 0 0 0 0 0 0 0 
0 0 0 0 0 0 2 0 0 0 0 1 0 0 0 1 0 0 0 2 0 0 0 0 0 0 0 0 0 0 0 0 0 1 0 2 0 0 2 0 1 0 0 0 0 0 0 0 0 2 0 0 0 0 0 0 1 0 0 0 0 0 0 0 0 0 0 0 0 0 0 2 2 0 0 1 1 2 0 0 1 
0 0 0 0 0 0 2 0 0 0 0 1 0 0 0 1 0 0 0 2 0 0 0 0 0 0 0 0 0 0 0 0 0 1 0 2 0 0 2 0 1 0 0 0 0 0 0 0 0 2 0 0 0 0 0 0 1 0 0 0 0 0 0 0 0 0 0 0 0 0 0 2 2 0 0 1 1 2 0 0 1 
0
0 0 0 0 0 0 0 0 0 
0 0 0 0 0 0 2 0 0 0 0 1 0 0 0 1 0 0 0 2 0 0 0 0 0 0 0 0 0 0 0 0 0 1 0 2 0 0 2 0 1 0 0 0 0 0 0 0 0 2 0 0 1 0 0 0 1 0 0 0 0 0 0 0 0 0 0 0 0 0 0 2 2 0 0 1 1 2 0 0 1 
0 0 0 0 0 0 2 0 0 0 0 1 0 0 0 1 0 0 0 2 0 0 0 0 0 0 0 0 0 0 0 0 0 1 0 2 0 0 2 0 1 0 0 0 0 0 0 0 0 2 0 0 1 0 0 0 1 0 0 0 0 0 0 0 0 0 0 0 0 0 0 2 2 0 0 1 1 2 0 0 1 
0
0 0 0 0 0 0 0 0 0 
0 0 0 0 0 0 2 0 0 0 0 1 0 0 0 1 0 0 0 2 0 0 0 0 0 0 0 0 0 0 0 0 0 1 0 2 0 0 2 0 1 0 0 0 0 0 0 0 0 2 0 0 1 0 0 0 1 0 0 0 0 0 0 0 0 0 0 0 2 0 0 2 2 0 0 1 1 2 0 0 1 
0 0 0 0 0 0 2 0 0 0 0 1 0 0 0 1 0 0 0 2 0 0 0 0 0 0 0 0 0 0 0 0 0 1 0 2 0 0 2 0 1 0 0 0 0 0 0 0 0 2 0 0 1 0 0 0 1 0 0 0 0 0 0 0 0 0 0 0 2 0 0 2 2 0 0 1 1 2 0 0 1 
0
0 0 0 0 0 0 0 0 0 
0 0 0 0 0 0 2 0 0 0 0 1 0 0 0 1 0 0 0 2 0 0 0 0 0 0 0 0 0 0 0 0 0 1 0 2 0 0 2 0 1 0 0 0 1 0 0 0 0 2 0 0 1 0 0 0 1 0 0 0 0 0 0 0 0 0 0 0 2 0 0 2 2 0 0 1 1 2 0 0 1 
0 0 0 0 0 0 2 0 0 0 0 1 0 0 0 1 0 0 0 2 0 0 0 0 0 0 0 0 0 0 0 0 0 1 0 2 0 0 2 0 1 0 0 0 1 0 0 0 0 2 0 0 1 0 0 0 1 0 0 0 0 0 0 0 0 0 0 0 2 0 0 2 2 0 0 1 1 2 0 0 1 
0
0 0 0 0 0 0 0 0 0 
0 0 0 0 0 0 2 0 0 0 0 1 0 0 0 1 0 0 0 2 0 0 0 0 0 0 0 0 0 0 0 0 0 1 0 2 0 0 2 0 1 0 0 0 1 0 0 0 0 2 0 2 1 0 0 0 1 0 0 0 0 0 0 0 0 0 0 0 2 0 0 2 2 0 0 1 1 2 0 0 1 
0 0 0 0 0 0 2 0 0 0 0 1 0 0 0 1 0 0 0 2 0 0 0 0 0 0 0 0 0 0 0 0 0 1 0 2 0 0 2 0 1 0 0 0 1 0 0 0 0 2 0 2 1 0 0 0 1 0 0 0 0 0 0 0 0 0 0 0 2 0 0 2 2 0 0 1 1 2 0 0 1 
0
0 0 0 0 0 0 0 0 0 
0 0 0 0 0 0 2 0 0 0 0 1 0 0 0 1 0 0 0 2 0 0 0 0 0 0 0 0 0 0 0 0 0 1 0 2 0 0 2 0 1 0 0 0 1 0 0 0 0 2 0 2 1 0 1 0 1 0 0 0 0 0 0 0 0 0 0 0 2 0 0 2 2 0 0 1 1 2 0 0 1 
0 0 0 0 0 0 2 0 0 0 0 1 0 0 0 1 0 0 0 2 0 0 0 0 0 0 0 0 0 0 0 0 0 1 0 2 0 0 2 0 1 0 0 0 1 0 0 0 0 2 0 2 1 0 1 0 1 0 0 0 0 0 0 0 0 0 0 0 2 0 0 2 2 0 0 1 1 2 0 0 1 
0
0 0 0 0 0 0 0 0 0 
0 2 0 0 0 0 2 0 0 0 0 1 0 0 0 1 0 0 0 2 0 0 0 0 0 0 0 0 0 0 0 0 0 1 0 2 0 0 2 0 1 0 0 0 1 0 0 0 0 2 0 2 1 0 1 0 1 0 0 0 0 0 0 0 0 0 0 0 2 0 0 2 2 0 0 1 1 2 0 0 1 
0 2 0 0 0 0 2 0 0 0 0 1 0 0 0 1 0 0 0 2 0 0 0 0 0 0 0 0 0 0 0 0 0 1 0 2 0 0 2 0 1 0 0 0 1 0 0 0 0 2 0 2 1 0 1 0 1 0 0 0 0 0 0 0 0 0 0 0 2 0 0 2 2 0 0 1 1 2 0 0 1 
0
0 0 0 0 0 0 0 0 0 
0 2 0 0 1 0 2 0 0 0 0 1 0 0 0 1 0 0 0 2 0 0 0 0 0 0 0 0 0 0 0 0 0 1 0 2 0 0 2 0 1 0 0 0 1 0 0 0 0 2 0 2 1 0 1 0 1 0 0 0 0 0 0 0 0 0 0 0 2 0 0 2 2 0 0 1 1 2 0 0 1 
0 2 0 0 1 0 2 0 0 0 0 1 0 0 0 1 0 0 0 2 0 0 0 0 0 0 0 0 0 0 0 0 0 1 0 2 0 0 2 0 1 0 0 0 1 0 0 0 0 2 0 2 1 0 1 0 1 0 0 0 0 0 0 0 0 0 0 0 2 0 0 2 2 0 0 1 1 2 0 0 1 
0
0 0 0 0 0 0 0 0 0 
0 2 0 0 1 0 2 0 0 0 0 1 2 0 0 1 0 0 0 2 0 0 0 0 0 0 0 0 0 0 0 0 0 1 0 2 0 0 2 0 1 0 0 0 1 0 0 0 0 2 0 2 1 0 1 0 1 0 0 0 0 0 0 0 0 0 0 0 2 0 0 2 2 0 0 1 1 2 0 0 1 
0 2 0 0 1 0 2 0 0 0 0 1 2 0 0 1 0 0 0 2 0 0 0 0 0 0 0 0 0 0 0 0 0 1 0 2 0 0 2 0 1 0 0 0 1 0 0 0 0 2 0 2 1 0 1 0 1 0 0 0 0 0 0 0 0 0 0 0 2 0 0 2 2 0 0 1 1 2 0 0 1 
0
0 0 0 0 0 0 0 0 0 
0 2 0 0 1 0 2 0 0 0 0 1 2 0 0 1 0 0 0 2 0 0 0 0 0 0 0 0 0 0 0 0 0 1 0 2 0 0 2 0 1 0 0 0 1 0 0 1 0 2 0 2 1 0 1 0 1 0 0 0 0 0 0 0 0 0 0 0 2 0 0 2 2 0 0 1 1 2 0 0 1 
0 2 0 0 1 0 2 0 0 0 0 1 2 0 0 1 0 0 0 2 0 0 0 0 0 0 0 0 0 0 0 0 0 1 0 2 0 0 2 0 1 0 0 0 1 0 0 1 0 2 0 2 1 0 1 0 1 0 0 0 0 0 0 0 0 0 0 0 2 0 0 2 2 0 0 1 1 2 0 0 1 
0
0 0 0 0 0 0 0 0 0 
0 2 0 0 1 0 2 0 0 0 0 1 2 0 0 1 0 0 0 2 0 0 0 0 0 0 0 0 0 0 0 0 0 1 0 2 0 0 2 0 1 0 0 0 1 0 0 1 0 2 0 2 1 0 1 0 1 0 0 0 0 0 0 0 0 0 0 0 2 2 0 2 2 0 0 1 1 2 0 0 1 
0 2 0 0 1 0 2 0 0 0 0 1 2 0 0 1 0 0 0 2 0 0 0 0 0 0 0 0 0 0 0 0 0 1 0 2 0 0 2 0 1 0 0 0 1 0 0 1 0 2 0 2 1 0 1 0 1 0 0 0 0 0 0 0 0 0 0 0 2 2 0 2 2 0 0 1 1 2 0 0 1 
0
0 0 0 0 0 0 0 0 0 
0 2 0 0 1 0 2 0 0 0 0 1 2 0 0 1 0 0 0 2 0 0 0 0 0 0 0 0 0 0 0 0 0 1 0 2 1 0 2 0 1 0 0 0 1 0 0 1 0 2 0 2 1 0 1 0 1 0 0 0 0 0 0 0 0 0 0 0 2 2 0 2 2 0 0 1 1 2 0 0 1 
0 2 0 0 1 0 2 0 0 0 0 1 2 0 0 1 0 0 0 2 0 0 0 0 0 0 0 0 0 0 0 0 0 1 0 2 1 0 2 0 1 0 0 0 1 0 0 1 0 2 0 2 1 0 1 0 1 0 0 0 0 0 0 0 0 0 0 0 2 2 0 2 2 0 0 1 1 2 0 0 1 
0
0 0 0 0 0 0 0 0 0 
0 2 0 0 1 0 2 0 0 0 0 1 2 0 0 1 0 0 0 2 0 0 0 0 0 0 0 0 2 0 0 0 0 1 0 2 1 0 2 0 1 0 0 0 1 0 0 1 0 2 0 2 1 0 1 0 1 0 0 0 0 0 0 0 0 0 0 0 2 2 0 2 2 0 0 1 1 2 0 0 1 
0 2 0 0 1 0 2 0 0 0 0 1 2 0 0 1 0 0 0 2 0 0 0 0 0 0 0 0 2 0 0 0 0 1 0 2 1 0 2 0 1 0 0 0 1 0 0 1 0 2 0 2 1 0 1 0 1 0 0 0 0 0 0 0 0 0 0 0 2 2 0 2 2 0 0 1 1 2 0 0 1 
0
0 0 0 0 0 0 0 0 0 
0 2 0 1 1 0 2 0 0 0 0 1 2 0 0 1 0 0 0 2 0 0 0 0 0 0 0 0 2 0 0 0 0 1 0 2 1 0 2 0 1 0 0 0 1 0 0 1 0 2 0 2 1 0 1 0 1 0 0 0 0 0 0 0 0 0 0 0 2 2 0 2 2 0 0 1 1 2 0 0 1 
0 2 0 1 1 0 2 0 0 0 0 1 2 0 0 1 0 0 0 2 0 0 0 0 0 0 0 0 2 0 0 0 0 1 0 2 1 0 2 0 1 0 0 0 1 0 0 1 0 2 0 2 1 0 1 0 1 0 0 0 0 0 0 0 0 0 0 0 2 2 0 2 2 0 0 1 1 2 0 0 1 
0
2 0 0 0 0 0 0 0 0 
0 2 0 1 1 0 2 0 0 0 2 1 2 0 0 1 0 0 0 2 0 0 0 0 0 0 0 0 2 0 0 0 0 1 0 2 1 0 2 0 1 0 0 0 1 0 0 1 0 2 0 2 1 0 1 0 1 0 0 0 0 0 0 0 0 0 0 0 2 2 0 2 2 0 0 1 1 2 0 0 1 
32 34 32 1 1 0 2 0 0 32 34 33 2 0 0 1 0 0 32 34 32 0 0 0 0 0 0 0 2 0 0 0 0 1 0 2 1 0 2 0 1 0 0 0 1 0 0 1 0 2 0 2 1 0 1 0 1 0 0 0 0 0 0 0 0 0 0 0 2 2 0 2 2 0 0 1 1 2 0 0 1 
0
2 0 0 0 0 0 0 0 0 
0 2 0 1 1 0 2 0 0 0 2 1 2 0 0 1 0 0 0 2 0 0 0 0 0 0 0 0 2 0 0 0 0 1 0 2 1 0 2 1 1 0 0 0 1 0 0 1 0 2 0 2 1 0 1 0 1 0 0 0 0 0 0 0 0 0 0 0 2 2 0 2 2 0 0 1 1 2 0 0 1 
32 34 32 1 1 0 2 0 0 32 34 33 2 0 0 1 0 0 32 34 32 0 0 0 0 0 0 0 2 0 0 0 0 1 0 2 1 0 2 1 1 0 0 0 1 0 0 1 0 2 0 2 1 0 1 0 1 0 0 0 0 0 0 0 0 0 0 0 2 2 0 2 2 0 0 1 1 2 0 0 1 
0
2 0 0 0 0 0 0 0 0 
0 2 0 1 1 0 2 0 0 0 2 1 2 0 0 1 0 0 0 2 0 0 0 0 0 0 0 0 2 0 0 0 0 1 0 2 1 0 2 1 1 0 0 0 1 0 2 1 0 2 0 2 1 0 1 0 1 0 0 0 0 0 0 0 0 0 0 0 2 2 0 2 2 0 0 1 1 2 0 0 1 
32 34 32 1 1 0 2 0 0 32 34 33 2 0 0 1 0 0 32 34 32 0 0 0 0 0 0 0 2 0 0 0 0 1 0 2 1 0 2 1 1 0 0 0 1 0 2 1 0 2 0 2 1 0 1 0 1 0 0 0 0 0 0 0 0 0 0 0 2 2 0 2 2 0 0 1 1 2 0 0 1 
0
2 0 0 0 0 0 0 0 0 
0 2 0 1 1 0 2 0 0 0 2 1 2 0 0 1 0 0 0 2 0 0 0 0 0 0 0 0 2 0 0 0 0 1 0 2 1 0 2 1 1 0 0 0 1 0 2 1 0 2 0 2 1 0 1 0 1 0 0 0 0 0 0 0 0 0 1 0 2 2 0 2 2 0 0 1 1 2 0 0 1 
32 34 32 1 1 0 2 0 0 32 34 33 2 0 0 1 0 0 32 34 32 0 0 0 0 0 0 0 2 0 0 0 0 1 0 2 1 0 2 1 1 0 0 0 1 0 2 1 0 2 0 2 1 0 1 0 1 0 0 0 0 0 0 0 0 0 1 0 2 2 0 2 2 0 0 1 1 2 0 0 1 
0
2 0 0 0 0 0 0 0 0 
0 2 0 1 1 0 2 0 0 0 2 1 2 0 0 1 0 0 0 2 0 0 0 0 0 0 0 0 2 2 0 0 0 1 0 2 1 0 2 1 1 0 0 0 1 0 2 1 0 2 0 2 1 0 1 0 1 0 0 0 0 0 0 0 0 0 1 0 2 2 0 2 2 0 0 1 1 2 0 0 1 
32 34 32 1 1 0 2 0 0 32 34 33 2 0 0 1 0 0 32 34 32 0 0 0 0 0 0 0 2 2 0 0 0 1 0 2 1 0 2 1 1 0 0 0 1 0 2 1 0 2 0 2 1 0 1 0 1 0 0 0 0 0 0 0 0 0 1 0 2 2 0 2 2 0 0 1 1 2 0 0 1 
0
2 0 0 0 0 0 0 0 0 
0 2 0 1 1 0 2 0 0 0 2 1 2 0 0 1 0 0 0 2 0 0 0 0 0 0 1 0 2 2 0 0 0 1 0 2 1 0 2 1 1 0 0 0 1 0 2 1 0 2 0 2 1 0 1 0 1 0 0 0 0 0 0 0 0 0 1 0 2 2 0 2 2 0 0 1 1 2 0 0 1 
32 34 32 1 1 0 2 0 0 32 34 33 2 0 0 1 0 0 32 34 32 0 0 0 0 0 1 0 2 2 0 0 0 1 0 2 1 0 2 1 1 0 0 0 1 0 2 1 0 2 0 2 1 0 1 0 1 0 0 0 0 0 0 0 0 0 1 0 2 2 0 2 2 0 0 1 1 2 0 0 1 
0
2 0 0 0 0 0 0 0 0 
0 2 0 1 1 0 2 0 0 0 2 1 2 0 0 1 0 0 0 2 0 0 0 0 0 0 1 0 2 2 0 0 0 1 0 2 1 0 2 1 1 0 0 0 1 0 2 1 0 2 0 2 1 0 1 0 1 0 0 0 0 2 0 0 0 0 1 0 2 2 0 2 2 0 0 1 1 2 0 0 1 
32 34 32 1 1 0 2 0 0 32 34 33 2 0 0 1 0 0 32 34 32 0 0 0 0 0 1 0 2 2 0 0 0 1 0 2 1 0 2 1 1 0 0 0 1 0 2 1 0 2 0 2 1 0 1 0 1 0 0 0 0 2 0 0 0 0 1 0 2 2 0 2 2 0 0 1 1 2 0 0 1 
0
2 0 0 0 0 0 0 0 0 
0 2 0 1 1 0 2 0 0 0 2 1 2 0 0 1 0 0 0 2 0 0 0 1 0 0 1 0 2 2 0 0 0 1 0 2 1 0 2 1 1 0 0 0 1 0 2 1 0 2 0 2 1 0 1 0 1 0 0 0 0 2 0 0 0 0 1 0 2 2 0 2 2 0 0 1 1 2 0 0 1 
32 34 32 1 1 0 2 0 0 32 34 33 2 0 0 1 0 0 32 34 32 0 0 1 0 0 1 0 2 2 0 0 0 1 0 2 1 0 2 1 1 0 0 0 1 0 2 1 0 2 0 2 1 0 1 0 1 0 0 0 0 2 0 0 0 0 1 0 2 2 0 2 2 0 0 1 1 2 0 0 1 
0
2 0 0 0 0 0 0 0 0 
0 2 0 1 1 0 2 0 0 0 2 1 2 0 0 1 0 0 0 2 0 0 0 1 0 0 1 0 2 2 0 0 0 1 0 2 1 0 2 1 1 0 0 0 1 0 2 1 0 2 0 2 1 0 1 0 1 0 0 0 0 2 0 0 0 0 1 0 2 2 0 2 2 0 0 1 1 2 0 2 1 
32 34 32 1 1 0 2 0 0 32 34 33 2 0 0 1 0 0 32 34 32 0 0 1 0 0 1 0 2 2 0 0 0 1 0 2 1 0 2 1 1 0 0 0 1 0 2 1 0 2 0 2 1 0 1 0 1 0 0 0 0 2 0 0 0 0 1 0 2 2 0 2 2 0 0 1 1 2 0 2 1 
0
2 0 0 0 0 0 0 1 0 
0 2 0 1 1 0 2 0 0 0 2 1 2 0 0 1 0 0 0 2 0 0 0 1 0 0 1 0 2 2 0 0 0 1 0 2 1 0 2 1 1 0 0 0 1 0 2 1 0 2 0 2 1 0 1 0 1 1 0 0 0 2 0 0 0 0 1 0 2 2 0 2 2 0 0 1 1 2 0 2 1 
32 34 32 1 1 0 2 0 0 32 34 33 2 0 0 1 0 0 32 34 32 0 0 1 0 0 1 0 2 2 0 0 0 1 0 2 1 0 2 1 1 0 0 0 1 0 2 1 0 2 0 2 1 0 1 0 1 17 16 16 0 2 0 0 0 0 17 16 18 2 0 2 2 0 0 17 17 18 0 2 1 
0
2 0 0 0 0 0 0 1 0 
0 2 0 1 1 0 2 0 0 0 2 1 2 0 0 1 0 0 0 2 0 0 0 1 0 0 1 0 2 2 0 0 0 1 0 2 1 0 2 1 1 2 0 0 1 0 2 1 0 2 0 2 1 0 1 0 1 1 0 0 0 2 0 0 0 0 1 0 2 2 0 2 2 0 0 1 1 2 0 2 1 
32 34 32 1 1 0 2 0 0 32 34 33 2 0 0 1 0 0 32 34 32 0 0 1 0 0 1 0 2 2 0 0 0 1 0 2 1 0 2 1 1 2 0 0 1 0 2 1 0 2 0 2 1 0 1 0 1 17 16 16 0 2 0 0 0 0 17 16 18 2 0 2 2 0 0 17 17 18 0 2 1 
0
2 0 0 0 0 0 0 1 0 
0 2 0 1 1 0 2 0 0 0 2 1 2 0 0 1 0 0 0 2 0 0 0 1 0 0 1 0 2 2 0 0 0 1 0 2 1 0 2 1 1 2 1 0 1 0 2 1 0 2 0 2 1 0 1 0 1 1 0 0 0 2 0 0 0 0 1 0 2 2 0 2 2 0 0 1 1 2 0 2 1 
32 34 32 1 1 0 2 0 0 32 34 33 2 0 0 1 0 0 32 34 32 0 0 1 0 0 1 0 2 2 0 0 0 1 0 2 1 0 2 1 1 2 1 0 1 0 2 1 0 2 0 2 1 0 1 0 1 17 16 16 0 2 0 0 0 0 17 16 18 2 0 2 2 0 0 17 17 18 0 2 1 
0
2 0 0 2 0 0 0 1 0 
0 2 0 1 1 0 2 0 0 0 2 1 2 0 0 1 0 0 0 2 0 0 0 1 0 0 1 0 2 2 0 0 0 1 0 2 1 2 2 1 1 2 1 0 1 0 2 1 0 2 0 2 1 0 1 0 1 1 0 0 0 2 0 0 0 0 1 0 2 2 0 2 2 0 0 1 1 2 0 2 1 
32 34 32 1 1 0 2 0 0 32 34 33 2 0 0 1 0 0 32 34 32 0 0 1 0 0 1 32 34 34 0 0 0 1 0 2 33 34 34 1 1 2 1 0 1 32 34 33 0 2 0 2 1 0 1 0 1 17 16 16 0 2 0 0 0 0 17 16 18 2 0 2 2 0 0 17 17 18 0 2 1 
0
2 0 0 2 0 0 0 1 0 
0 2 0 1 1 0 2 0 0 0 2 1 2 0 0 1 0 0 0 2 0 0 0 1 0 0 1 0 2 2 0 0 1 1 0 2 1 2 2 1 1 2 1 0 1 0 2 1 0 2 0 2 1 0 1 0 1 1 0 0 0 2 0 0 0 0 1 0 2 2 0 2 2 0 0 1 1 2 0 2 1 
32 34 32 1 1 0 2 0 0 32 34 33 2 0 0 1 0 0 32 34 32 0 0 1 0 0 1 32 34 34 0 0 1 1 0 2 33 34 34 1 1 2 1 0 1 32 34 33 0 2 0 2 1 0 1 0 1 17 16 16 0 2 0 0 0 0 17 16 18 2 0 2 2 0 0 17 17 18 0 2 1 
0
2 0 0 2 0 0 0 1 0 
0 2 0 1 1 0 2 0 2 0 2 1 2 0 0 1 0 0 0 2 0 0 0 1 0 0 1 0 2 2 0 0 1 1 0 2 1 2 2 1 1 2 1 0 1 0 2 1 0 2 0 2 1 0 1 0 1 1 0 0 0 2 0 0 0 0 1 0 2 2 0 2 2 0 0 1 1 2 0 2 1 
32 34 32 1 1 0 2 0 2 32 34 33 2 0 0 1 0 0 32 34 32 0 0 1 0 0 1 32 34 34 0 0 1 1 0 2 33 34 34 1 1 2 1 0 1 32 34 33 0 2 0 2 1 0 1 0 1 17 16 16 0 2 0 0 0 0 17 16 18 2 0 2 2 0 0 17 17 18 0 2 1 
0
2 0 0 2 0 0 0 1 0 
0 2 0 1 1 0 2 1 2 0 2 1 2 0 0 1 0 0 0 2 0 0 0 1 0 0 1 0 2 2 0 0 1 1 0 2 1 2 2 1 1 2 1 0 1 0 2 1 0 2 0 2 1 0 1 0 1 1 0 0 0 2 0 0 0 0 1 0 2 2 0 2 2 0 0 1 1 2 0 2 1 
32 34 32 1 1 0 2 1 2 32 34 33 2 0 0 1 0 0 32 34 32 0 0 1 0 0 1 32 34 34 0 0 1 1 0 2 33 34 34 1 1 2 1 0 1 32 34 33 0 2 0 2 1 0 1 0 1 17 16 16 0 2 0 0 0 0 17 16 18 2 0 2 2 0 0 17 17 18 0 2 1 
0
2 0 0 2 0 0 0 1 0 
0 2 0 1 1 2 2 1 2 0 2 1 2 0 0 1 0 0 0 2 0 0 0 1 0 0 1 0 2 2 0 0 1 1 0 2 1 2 2 1 1 2 1 0 1 0 2 1 0 2 0 2 1 0 1 0 1 1 0 0 0 2 0 0 0 0 1 0 2 2 0 2 2 0 0 1 1 2 0 2 1 
32 34 32 1 1 2 2 1 2 32 34 33 2 0 0 1 0 0 32 34 32 0 0 1 0 0 1 32 34 34 0 0 1 1 0 2 33 34 34 1 1 2 1 0 1 32 34 33 0 2 0 2 1 0 1 0 1 17 16 16 0 2 0 0 0 0 17 16 18 2 0 2 2 0 0 17 17 18 0 2 1 
0
2 0 0 2 0 0 0 1 0 
0 2 0 1 1 2 2 1 2 0 2 1 2 0 0 1 0 1 0 2 0 0 0 1 0 0 1 0 2 2 0 0 1 1 0 2 1 2 2 1 1 2 1 0 1 0 2 1 0 2 0 2 1 0 1 0 1 1 0 0 0 2 0 0 0 0 1 0 2 2 0 2 2 0 0 1 1 2 0 2 1 
32 34 32 1 1 2 2 1 2 32 34 33 2 0 0 1 0 1 32 34 32 0 0 1 0 0 1 32 34 34 0 0 1 1 0 2 33 34 34 1 1 2 1 0 1 32 34 33 0 2 0 2 1 0 1 0 1 17 16 16 0 2 0 0 0 0 17 16 18 2 0 2 2 0 0 17 17 18 0 2 1 
0
2 0 0 2 0 0 0 1 0 
0 2 0 1 1 2 2 1 2 0 2 1 2 0 0 1 0 1 0 2 0 0 0 1 0 0 1 0 2 2 0 0 1 1 0 2 1 2 2 1 1 2 1 0 1 0 2 1 0 2 0 2 1 2 1 0 1 1 0 0 0 2 0 0 0 0 1 0 2 2 0 2 2 0 0 1 1 2 0 2 1 
32 34 32 1 1 2 2 1 2 32 34 33 2 0 0 1 0 1 32 34 32 0 0 1 0 0 1 32 34 34 0 0 1 1 0 2 33 34 34 1 1 2 1 0 1 32 34 33 0 2 0 2 1 2 1 0 1 17 16 16 0 2 0 0 0 0 17 16 18 2 0 2 2 0 0 17 17 18 0 2 1 
0
2 0 0 2 0 0 0 1 0 
0 2 0 1 1 2 2 1 2 0 2 1 2 0 0 1 0 1 0 2 0 0 0 1 0 0 1 0 2 2 0 0 1 1 0 2 1 2 2 1 1 2 1 0 1 0 2 1 0 2 0 2 1 2 1 0 1 1 0 0 0 2 1 0 0 0 1 0 2 2 0 2 2 0 0 1 1 2 0 2 1 
32 34 32 1 1 2 2 1 2 32 34 33 2 0 0 1 0 1 32 34 32 0 0 1 0 0 1 32 34 34 0 0 1 1 0 2 33 34 34 1 1 2 1 0 1 32 34 33 0 2 0 2 1 2 1 0 1 17 16 16 0 2 1 0 0 0 17 16 18 2 0 2 2 0 0 17 17 18 0 2 1 
0
2 0 0 2 0 0 0 1 0 
0 2 0 1 1 2 2 1 2 0 2 1 2 0 0 1 2 1 0 2 0 0 0 1 0 0 1 0 2 2 0 0 1 1 0 2 1 2 2 1 1 2 1 0 1 0 2 1 0 2 0 2 1 2 1 0 1 1 0 0 0 2 1 0 0 0 1 0 2 2 0 2 2 0 0 1 1 2 0 2 1 
32 34 32 1 1 2 2 1 2 32 34 33 2 0 0 1 2 1 32 34 32 0 0 1 0 0 1 32 34 34 0 0 1 1 0 2 33 34 34 1 1 2 1 0 1 32 34 33 0 2 0 2 1 2 1 0 1 17 16 16 0 2 1 0 0 0 17 16 18 2 0 2 2 0 0 17 17 18 0 2 1 
0
2 0 0 2 0 0 0 1 0 
0 2 0 1 1 2 2 1 2 0 2 1 2 0 0 1 2 1 0 2 0 0 0 1 0 0 1 0 2 2 1 0 1 1 0 2 1 2 2 1 1 2 1 0 1 0 2 1 0 2 0 2 1 2 1 0 1 1 0 0 0 2 1 0 0 0 1 0 2 2 0 2 2 0 0 1 1 2 0 2 1 
32 34 32 1 1 2 2 1 2 32 34 33 2 0 0 1 2 1 32 34 32 0 0 1 0 0 1 32 34 34 1 0 1 1 0 2 33 34 34 1 1 2 1 0 1 32 34 33 0 2 0 2 1 2 1 0 1 17 16 16 0 2 1 0 0 0 17 16 18 2 0 2 2 0 0 17 17 18 0 2 1 
0
2 0 0 2 0 0 0 1 0 
0 2 0 1 1 2 2 1 2 0 2 1 2 0 0 1 2 1 0 2 0 0 0 1 0 0 1 0 2 2 1 0 1 1 0 2 1 2 2 1 1 2 1 0 1 0 2 1 0 2 0 2 1 2 1 0 1 1 0 0 0 2 1 0 0 0 1 0 2 2 0 2 2 0 2 1 1 2 0 2 1 
32 34 32 1 1 2 2 1 2 32 34 33 2 0 0 1 2 1 32 34 32 0 0 1 0 0 1 32 34 34 1 0 1 1 0 2 33 34 34 1 1 2 1 0 1 32 34 33 0 2 0 2 1 2 1 0 1 17 16 16 0 2 1 0 0 0 17 16 18 2 0 2 2 0 2 17 17 18 0 2 1 
0
2 0 0 2 0 0 0 1 0 
0 2 0 1 1 2 2 1 2 0 2 1 2 0 0 1 2 1 0 2 0 0 0 1 0 0 1 0 2 2 1 0 1 1 0 2 1 2 2 1 1 2 1 0 1 0 2 1 0 2 0 2 1 2 1 0 1 1 0 0 0 2 1 0 0 0 1 0 2 2 1 2 2 0 2 1 1 2 0 2 1 
32 34 32 1 1 2 2 1 2 32 34 33 2 0 0 1 2 1 32 34 32 0 0 1 0 0 1 32 34 34 1 0 1 1 0 2 33 34 34 1 1 2 1 0 1 32 34 33 0 2 0 2 1 2 1 0 1 17 16 16 0 2 1 0 0 0 17 16 18 2 1 2 2 0 2 17 17 18 0 2 1 
0
2 0 0 2 0 0 0 1 0 
0 2 0 1 1 2 2 1 2 0 2 1 2 0 0 1 2 1 0 2 0 0 0 1 0 0 1 0 2 2 1 0 1 1 0 2 1 2 2 1 1 2 1 0 1 0 2 1 0 2 2 2 1 2 1 0 1 1 0 0 0 2 1 0 0 0 1 0 2 2 1 2 2 0 2 1 1 2 0 2 1 
32 34 32 1 1 2 2 1 2 32 34 33 2 0 0 1 2 1 32 34 32 0 0 1 0 0 1 32 34 34 1 0 1 1 0 2 33 34 34 1 1 2 1 0 1 32 34 33 0 2 2 2 1 2 1 0 1 17 16 16 0 2 1 0 0 0 17 16 18 2 1 2 2 0 2 17 17 18 0 2 1 
0
2 0 0 2 0 0 0 1 1 
0 2 0 1 1 2 2 1 2 0 2 1 2 0 0 1 2 1 0 2 0 0 0 1 0 0 1 0 2 2 1 0 1 1 0 2 1 2 2 1 1 2 1 0 1 0 2 1 0 2 2 2 1 2 1 0 1 1 0 0 0 2 1 0 0 0 1 0 2 2 1 2 2 0 2 1 1 2 1 2 1 
32 34 32 1 1 2 2 1 2 32 34 33 2 0 0 1 2 1 32 34 32 0 0 1 0 0 1 32 34 34 1 0 1 1 0 2 33 34 34 1 1 2 1 0 1 32 34 33 0 2 2 2 1 2 1 0 1 17 16 16 16 18 17 0 0 0 17 16 18 18 17 18 2 0 2 17 17 18 17 18 17 
0
2 0 0 2 0 0 2 1 1 
0 2 0 1 1 2 2 1 2 0 2 1 2 0 0 1 2 1 0 2 0 0 0 1 0 0 1 0 2 2 1 0 1 1 0 2 1 2 2 1 1 2 1 0 1 0 2 1 0 2 2 2 1 2 1 0 1 1 0 0 0 2 1 0 0 0 1 0 2 2 1 2 2 2 2 1 1 2 1 2 1 
32 34 32 1 1 2 2 1 2 32 34 33 2 0 0 1 2 1 32 34 32 0 0 1 0 0 1 32 34 34 1 0 1 1 0 2 33 34 34 1 1 2 1 0 1 32 34 33 0 2 2 2 1 2 33 32 33 17 16 16 16 18 17 32 32 32 17 16 18 18 17 18 34 34 34 17 17 18 17 18 17 
0
2 0 0 2 0 0 2 1 1 
0 2 0 1 1 2 2 1 2 0 2 1 2 0 0 1 2 1 0 2 0 0 0 1 0 0 1 0 2 2 1 0 1 1 0 2 1 2 2 1 1 2 1 0 1 0 2 1 0 2 2 2 1 2 1 0 1 1 0 0 0 2 1 0 0 0 1 0 2 2 1 2 2 2 2 1 1 2 1 2 1 
32 34 32 1 1 2 2 1 2 32 34 33 2 0 0 1 2 1 32 34 32 0 0 1 0 0 1 32 34 34 1 0 1 1 0 2 33 34 34 1 1 2 1 0 1 32 34 33 0 2 2 2 1 2 33 32 33 17 16 16 16 18 17 32 32 32 17 16 18 18 17 18 34 34 34 17 17 18 17 18 17 
0
