0 0 0 0 0 0 0 0 0 
0 0 0 0 0 0 0 0 0 0 0 0 0 0 0 0 0 0 0 0 0 0 0 0 0 0 0 0 0 0 0 0 0 0 0 0 0 0 0 0 0 0 0 0 0 0 0 0 0 0 0 0 0 0 0 0 0 0 0 0 0 0 0 0 0 0 0 0 0 0 1 0 0 0 0 0 0 0 0 0 0 
0 0 0 0 0 0 0 0 0 0 0 0 0 0 0 0 0 0 0 0 0 0 0 0 0 0 0 0 0 0 0 0 0 0 0 0 0 0 0 0 0 0 0 0 0 0 0 0 0 0 0 0 0 0 0 0 0 0 0 0 0 0 0 0 0 0 0 0 0 0 1 0 0 0 0 0 0 0 0 0 0 
1
0 0 0 0 0 0 0 0 0 
0 0 0 0 0 0 0 0 0 0 0 0 0 0 0 0 0 0 0 0 0 0 0 0 0 0 0 0 0 0 0 0 0 0 0 0 0 0 0 0 0 0 0 0 0 0 0 0 0 2 0 0 0 0 0 0 0 0 0 0 0 0 0 0 0 0 0 0 0 0 1 0 0 0 0 0 0 0 0 0 0 
0 0 0 0 0 0 0 0 0 0 0 0 0 0 0 0 0 0 0 0 0 0 0 0 0 0 0 0 0 0 0 0 0 0 0 0 0 0 0 0 0 0 0 0 0 0 0 0 0 2 0 0 0 0 0 0 0 0 0 0 0 0 0 0 0 0 0 0 0 0 1 0 0 0 0 0 0 0 0 0 0 
1
0 0 0 0 0 0 0 0 0 
0 0 0 0 0 0 0 0 0 0 0 0 0 0 0 0 0 0 0 0 0 0 0 0 0 0 0 0 0 0 0 0 0 0 0 0 0 0 0 0 0 0 0 0 0 0 0 0 0 2 0 0 0 0 0 0 0 0 0 0 0 0 0 0 0 0 0 0 1 0 1 0 0 0 0 0 0 0 0 0 0 
0 0 0 0 0 0 0 0 0 0 0 0 0 0 0 0 0 0 0 0 0 0 0 0 0 0 0 0 0 0 0 0 0 0 0 0 0 0 0 0 0 0 0 0 0 0 0 0 0 2 0 0 0 0 0 0 0 0 0 0 0 0 0 0 0 0 0 0 1 0 1 0 0 0 0 0 0 0 0 0 0 
1
0 0 0 0 0 0 0 0 0 
0 0 0 0 0 0 0 0 0 0 0 0 0 0 0 0 0 0 0 0 0 0 0 0 0 0 0 0 0 0 0 0 0 0 2 0 0 0 0 0 0 0 0 0 0 0 0 0 0 2 0 0 0 0 0 0 0 0 0 0 0 0 0 0 0 0 0 0 1 0 1 0 0 0 0 0 0 0 0 0 0 
0 0 0 0 0 0 0 0 0 0 0 0 0 0 0 0 0 0 0 0 0 0 0 0 0 0 0 0 0 0 0 0 0 0 2 0 0 0 0 0 0 0 0 0 0 0 0 0 0 2 0 0 0 0 0 0 0 0 0 0 0 0 0 0 0 0 0 0 1 0 1 0 0 0 0 0 0 0 0 0 0 
1
0 0 0 0 0 0 0 0 0 
0 0 0 0 0 1 0 0 0 0 0 0 0 0 0 0 0 0 0 0 0 0 0 0 0 0 0 0 0 0 0 0 0 0 2 0 0 0 0 0 0 0 0 0 0 0 0 0 0 2 0 0 0 0 0 0 0 0 0 0 0 0 0 0 0 0 0 0 1 0 1 0 0 0 0 0 0 0 0 0 0 
0 0 0 0 0 1 0 0 0 0 0 0 0 0 0 0 0 0 0 0 0 0 0 0 0 0 0 0 0 0 0 0 0 0 2 0 0 0 0 0 0 0 0 0 0 0 0 0 0 2 0 0 0 0 0 0 0 0 0 0 0 0 0 0 0 0 0 0 1 0 1 0 0 0 0 0 0 0 0 0 0 
1
0 0 0 0 0 0 0 0 0 
0 0 0 0 0 1 0 0 2 0 0 0 0 0 0 0 0 0 0 0 0 0 0 0 0 0 0 0 0 0 0 0 0 0 2 0 0 0 0 0 0 0 0 0 0 0 0 0 0 2 0 0 0 0 0 0 0 0 0 0 0 0 0 0 0 0 0 0 1 0 1 0 0 0 0 0 0 0 0 0 0 
0 0 0 0 0 1 0 0 2 0 0 0 0 0 0 0 0 0 0 0 0 0 0 0 0 0 0 0 0 0 0 0 0 0 2 0 0 0 0 0 0 0 0 0 0 0 0 0 0 2 0 0 0 0 0 0 0 0 0 0 0 0 0 0 0 0 0 0 1 0 1 0 0 0 0 0 0 0 0 0 0 
1
0 0 0 0 0 0 0 0 0 
0 0 0 0 0 1 0 0 2 0 0 0 0 0 0 0 0 0 0 0 0 0 0 0 0 0 1 0 0 0 0 0 0 0 2 0 0 0 0 0 0 0 0 0 0 0 0 0 0 2 0 0 0 0 0 0 0 0 0 0 0 0 0 0 0 0 0 0 1 0 1 0 0 0 0 0 0 0 0 0 0 
0 0 0 0 0 1 0 0 2 0 0 0 0 0 0 0 0 0 0 0 0 0 0 0 0 0 1 0 0 0 0 0 0 0 2 0 0 0 0 0 0 0 0 0 0 0 0 0 0 2 0 0 0 0 0 0 0 0 0 0 0 0 0 0 0 0 0 0 1 0 1 0 0 0 0 0 0 0 0 0 0 
1
0 0 0 0 0 0 0 0 0 
0 0 0 0 0 1 0 0 2 0 0 0 0 0 0 0 0 0 0 0 0 0 0 0 0 0 1 0 0 0 0 0 0 0 2 0 0 0 0 0 0 0 0 0 0 0 0 0 0 2 0 0 0 0 0 0 0 0 0 0 0 0 0 0 0 0 0 0 1 0 1 2 0 0 0 0 0 0 0 0 0 
0 0 0 0 0 1 0 0 2 0 0 0 0 0 0 0 0 0 0 0 0 0 0 0 0 0 1 0 0 0 0 0 0 0 2 0 0 0 0 0 0 0 0 0 0 0 0 0 0 2 0 0 0 0 0 0 0 0 0 0 0 0 0 0 0 0 0 0 1 0 1 2 0 0 0 0 0 0 0 0 0 
1
0 0 0 0 0 0 0 0 0 
0 0 0 0 0 1 0 0 2 0 0 0 0 0 0 0 0 0 0 0 0 0 0 0 0 0 1 0 0 0 0 0 0 0 2 0 0 0 0 0 0 0 0 0 0 0 0 0 0 2 0 0 0 1 0 0 0 0 0 0 0 0 0 0 0 0 0 0 1 0 1 2 0 0 0 0 0 0 0 0 0 
0 0 0 0 0 1 0 0 2 0 0 0 0 0 0 0 0 0 0 0 0 0 0 0 0 0 1 0 0 0 0 0 0 0 2 0 0 0 0 0 0 0 0 0 0 0 0 0 0 2 0 0 0 1 0 0 0 0 0 0 0 0 0 0 0 0 0 0 1 0 1 2 0 0 0 0 0 0 0 0 0 
1
0 0 0 0 0 0 0 0 0 
0 0 0 0 0 1 0 0 2 0 0 0 0 0 0 0 0 0 0 0 0 0 0 0 0 0 1 0 0 0 0 0 0 0 2 0 0 0 0 0 0 0 0 0 0 0 0 0 0 2 0 0 0 1 0 0 0 0 0 0 0 0 0 0 0 0 0 0 1 2 1 2 0 0 0 0 0 0 0 0 0 
0 0 0 0 0 1 0 0 2 0 0 0 0 0 0 0 0 0 0 0 0 0 0 0 0 0 1 0 0 0 0 0 0 0 2 0 0 0 0 0 0 0 0 0 0 0 0 0 0 2 0 0 0 1 0 0 0 0 0 0 0 0 0 0 0 0 0 0 1 2 1 2 0 0 0 0 0 0 0 0 0 
1
0 0 0 0 0 0 0 0 0 
0 0 0 0 0 1 0 0 2 0 0 0 0 0 0 0 0 0 0 0 0 0 0 0 0 0 1 0 0 0 0 0 0 0 2 0 0 0 0 0 0 0 0 0 0 1 0 0 0 2 0 0 0 1 0 0 0 0 0 0 0 0 0 0 0 0 0 0 1 2 1 2 0 0 0 0 0 0 0 0 0 
0 0 0 0 0 1 0 0 2 0 0 0 0 0 0 0 0 0 0 0 0 0 0 0 0 0 1 0 0 0 0 0 0 0 2 0 0 0 0 0 0 0 0 0 0 1 0 0 0 2 0 0 0 1 0 0 0 0 0 0 0 0 0 0 0 0 0 0 1 2 1 2 0 0 0 0 0 0 0 0 0 
1
0 0 0 0 0 0 0 0 0 
0 0 0 0 0 1 0 0 2 0 0 0 0 0 0 0 0 0 0 0 0 0 0 0 0 0 1 0 0 0 0 0 0 0 2 0 0 0 0 0 0 0 0 0 0 1 0 0 0 2 0 0 0 1 2 0 0 0 0 0 0 0 0 0 0 0 0 0 1 2 1 2 0 0 0 0 0 0 0 0 0 
0 0 0 0 0 1 0 0 2 0 0 0 0 0 0 0 0 0 0 0 0 0 0 0 0 0 1 0 0 0 0 0 0 0 2 0 0 0 0 0 0 0 0 0 0 1 0 0 0 2 0 0 0 1 2 0 0 0 0 0 0 0 0 0 0 0 0 0 1 2 1 2 0 0 0 0 0 0 0 0 0 
1
0 0 0 0 0 0 0 0 0 
0 0 0 0 0 1 0 0 2 1 0 0 0 0 0 0 0 0 0 0 0 0 0 0 0 0 1 0 0 0 0 0 0 0 2 0 0 0 0 0 0 0 0 0 0 1 0 0 0 2 0 0 0 1 2 0 0 0 0 0 0 0 0 0 0 0 0 0 1 2 1 2 0 0 0 0 0 0 0 0 0 
0 0 0 0 0 1 0 0 2 1 0 0 0 0 0 0 0 0 0 0 0 0 0 0 0 0 1 0 0 0 0 0 0 0 2 0 0 0 0 0 0 0 0 0 0 1 0 0 0 2 0 0 0 1 2 0 0 0 0 0 0 0 0 0 0 0 0 0 1 2 1 2 0 0 0 0 0 0 0 0 0 
1
0 0 0 0 0 0 0 0 0 
0 0 0 0 0 1 0 0 2 1 0 0 0 0 0 0 0 0 0 0 0 0 0 0 0 0 1 0 0 0 0 0 0 0 2 0 0 0 0 0 0 0 0 0 0 1 2 0 0 2 0 0 0 1 2 0 0 0 0 0 0 0 0 0 0 0 0 0 1 2 1 2 0 0 0 0 0 0 0 0 0 
0 0 0 0 0 1 0 0 2 1 0 0 0 0 0 0 0 0 0 0 0 0 0 0 0 0 1 0 0 0 0 0 0 0 2 0 0 0 0 0 0 0 0 0 0 1 2 0 0 2 0 0 0 1 2 0 0 0 0 0 0 0 0 0 0 0 0 0 1 2 1 2 0 0 0 0 0 0 0 0 0 
1
0 0 0 0 0 0 0 0 0 
0 0 0 0 0 1 0 0 2 1 0 0 0 0 0 0 0 0 0 0 0 0 0 0 0 0 1 0 0 0 0 0 0 0 2 0 0 0 0 0 0 0 0 0 0 1 2 0 0 2 0 0 0 1 2 0 0 0 0 0 0 0 0 0 0 0 0 0 1 2 1 2 0 0 0 1 0 0 0 0 0 
0 0 0 0 0 1 0 0 2 1 0 0 0 0 0 0 0 0 0 0 0 0 0 0 0 0 1 0 0 0 0 0 0 0 2 0 0 0 0 0 0 0 0 0 0 1 2 0 0 2 0 0 0 1 2 0 0 0 0 0 0 0 0 0 0 0 0 0 1 2 1 2 0 0 0 1 0 0 0 0 0 
1
0 0 0 0 0 0 0 0 0 
0 0 0 0 0 1 0 0 2 1 0 0 0 0 0 0 0 0 0 0 0 0 0 0 0 0 1 0 0 0 0 0 0 0 2 0 0 0 0 0 0 0 0 0 0 1 2 0 0 2 0 0 0 1 2 2 0 0 0 0 0 0 0 0 0 0 0 0 1 2 1 2 0 0 0 1 0 0 0 0 0 
0 0 0 0 0 1 0 0 2 1 0 0 0 0 0 0 0 0 0 0 0 0 0 0 0 0 1 0 0 0 0 0 0 0 2 0 0 0 0 0 0 0 0 0 0 1 2 0 0 2 0 0 0 1 2 2 0 0 0 0 0 0 0 0 0 0 0 0 1 2 1 2 0 0 0 1 0 0 0 0 0 
1
0 0 0 0 0 0 0 0 0 
0 0 0 0 0 1 0 0 2 1 0 0 0 1 0 0 0 0 0 0 0 0 0 0 0 0 1 0 0 0 0 0 0 0 2 0 0 0 0 0 0 0 0 0 0 1 2 0 0 2 0 0 0 1 2 2 0 0 0 0 0 0 0 0 0 0 0 0 1 2 1 2 0 0 0 1 0 0 0 0 0 
0 0 0 0 0 1 0 0 2 1 0 0 0 1 0 0 0 0 0 0 0 0 0 0 0 0 1 0 0 0 0 0 0 0 2 0 0 0 0 0 0 0 0 0 0 1 2 0 0 2 0 0 0 1 2 2 0 0 0 0 0 0 0 0 0 0 0 0 1 2 1 2 0 0 0 1 0 0 0 0 0 
1
0 0 0 0 0 0 0 0 0 
0 0 0 0 0 1 0 0 2 1 0 0 0 1 0 0 0 0 0 0 0 0 0 0 0 0 1 0 0 0 2 0 0 0 2 0 0 0 0 0 0 0 0 0 0 1 2 0 0 2 0 0 0 1 2 2 0 0 0 0 0 0 0 0 0 0 0 0 1 2 1 2 0 0 0 1 0 0 0 0 0 
0 0 0 0 0 1 0 0 2 1 0 0 0 1 0 0 0 0 0 0 0 0 0 0 0 0 1 0 0 0 2 0 0 0 2 0 0 0 0 0 0 0 0 0 0 1 2 0 0 2 0 0 0 1 2 2 0 0 0 0 0 0 0 0 0 0 0 0 1 2 1 2 0 0 0 1 0 0 0 0 0 
1
0 0 0 0 0 0 0 0 0 
0 0 0 0 0 1 0 0 2 1 0 0 0 1 0 0 0 0 0 1 0 0 0 0 0 0 1 0 0 0 2 0 0 0 2 0 0 0 0 0 0 0 0 0 0 1 2 0 0 2 0 0 0 1 2 2 0 0 0 0 0 0 0 0 0 0 0 0 1 2 1 2 0 0 0 1 0 0 0 0 0 
0 0 0 0 0 1 0 0 2 1 0 0 0 1 0 0 0 0 0 1 0 0 0 0 0 0 1 0 0 0 2 0 0 0 2 0 0 0 0 0 0 0 0 0 0 1 2 0 0 2 0 0 0 1 2 2 0 0 0 0 0 0 0 0 0 0 0 0 1 2 1 2 0 0 0 1 0 0 0 0 0 
1
0 0 0 0 0 0 0 0 0 
0 0 0 0 0 1 0 0 2 1 0 0 0 1 0 0 0 0 0 1 0 0 0 0 0 0 1 0 0 0 2 0 0 0 2 0 0 0 0 0 0 0 0 0 0 1 2 0 0 2 0 0 0 1 2 2 0 2 0 0 0 0 0 0 0 0 0 0 1 2 1 2 0 0 0 1 0 0 0 0 0 
0 0 0 0 0 1 0 0 2 1 0 0 0 1 0 0 0 0 0 1 0 0 0 0 0 0 1 0 0 0 2 0 0 0 2 0 0 0 0 0 0 0 0 0 0 1 2 0 0 2 0 0 0 1 2 2 0 2 0 0 0 0 0 0 0 0 0 0 1 2 1 2 0 0 0 1 0 0 0 0 0 
1
0 0 0 0 0 0 0 0 0 
0 1 0 0 0 1 0 0 2 1 0 0 0 1 0 0 0 0 0 1 0 0 0 0 0 0 1 0 0 0 2 0 0 0 2 0 0 0 0 0 0 0 0 0 0 1 2 0 0 2 0 0 0 1 2 2 0 2 0 0 0 0 0 0 0 0 0 0 1 2 1 2 0 0 0 1 0 0 0 0 0 
0 1 0 0 0 1 0 0 2 1 0 0 0 1 0 0 0 0 0 1 0 0 0 0 0 0 1 0 0 0 2 0 0 0 2 0 0 0 0 0 0 0 0 0 0 1 2 0 0 2 0 0 0 1 2 2 0 2 0 0 0 0 0 0 0 0 0 0 1 2 1 2 0 0 0 1 0 0 0 0 0 
1
0 0 0 0 0 0 0 0 0 
0 1 0 0 0 1 0 0 2 1 0 0 0 1 2 0 0 0 0 1 0 0 0 0 0 0 1 0 0 0 2 0 0 0 2 0 0 0 0 0 0 0 0 0 0 1 2 0 0 2 0 0 0 1 2 2 0 2 0 0 0 0 0 0 0 0 0 0 1 2 1 2 0 0 0 1 0 0 0 0 0 
0 1 0 0 0 1 0 0 2 1 0 0 0 1 2 0 0 0 0 1 0 0 0 0 0 0 1 0 0 0 2 0 0 0 2 0 0 0 0 0 0 0 0 0 0 1 2 0 0 2 0 0 0 1 2 2 0 2 0 0 0 0 0 0 0 0 0 0 1 2 1 2 0 0 0 1 0 0 0 0 0 
1
0 0 0 0 0 0 0 0 0 
0 1 0 0 0 1 0 0 2 1 0 0 0 1 2 0 0 0 0 1 0 0 0 0 0 0 1 0 0 0 2 0 0 0 2 1 0 0 0 0 0 0 0 0 0 1 2 0 0 2 0 0 0 1 2 2 0 2 0 0 0 0 0 0 0 0 0 0 1 2 1 2 0 0 0 1 0 0 0 0 0 
0 1 0 0 0 1 0 0 2 1 0 0 0 1 2 0 0 0 0 1 0 0 0 0 0 0 1 0 0 0 2 0 0 0 2 1 0 0 0 0 0 0 0 0 0 1 2 0 0 2 0 0 0 1 2 2 0 2 0 0 0 0 0 0 0 0 0 0 1 2 1 2 0 0 0 1 0 0 0 0 0 
1
0 0 0 0 0 0 0 0 0 
0 1 0 0 0 1 0 0 2 1 0 0 0 1 2 0 0 2 0 1 0 0 0 0 0 0 1 0 0 0 2 0 0 0 2 1 0 0 0 0 0 0 0 0 0 1 2 0 0 2 0 0 0 1 2 2 0 2 0 0 0 0 0 0 0 0 0 0 1 2 1 2 0 0 0 1 0 0 0 0 0 
0 1 0 0 0 1 0 0 2 1 0 0 0 1 2 0 0 2 0 1 0 0 0 0 0 0 1 0 0 0 2 0 0 0 2 1 0 0 0 0 0 0 0 0 0 1 2 0 0 2 0 0 0 1 2 2 0 2 0 0 0 0 0 0 0 0 0 0 1 2 1 2 0 0 0 1 0 0 0 0 0 
1
0 0 0 0 0 1 0 0 0 
0 1 0 0 0 1 0 0 2 1 0 0 0 1 2 0 0 2 0 1 0 0 0 0 0 0 1 0 0 0 2 0 0 0 2 1 0 0 0 0 0 0 0 0 1 1 2 0 0 2 0 0 0 1 2 2 0 2 0 0 0 0 0 0 0 0 0 0 1 2 1 2 0 0 0 1 0 0 0 0 0 
0 1 0 0 0 1 0 0 2 1 0 0 0 1 2 0 0 2 0 1 0 0 0 0 0 0 1 0 0 0 2 0 0 16 18 17 0 0 0 0 0 0 16 16 17 1 2 0 0 2 0 16 16 17 2 2 0 2 0 0 0 0 0 0 0 0 0 0 1 2 1 2 0 0 0 1 0 0 0 0 0 
1
0 0 0 0 0 1 0 0 0 
0 1 0 0 0 1 0 0 2 1 0 0 0 1 2 0 0 2 0 1 0 0 0 0 0 0 1 0 0 0 2 0 0 0 2 1 0 0 0 2 0 0 0 0 1 1 2 0 0 2 0 0 0 1 2 2 0 2 0 0 0 0 0 0 0 0 0 0 1 2 1 2 0 0 0 1 0 0 0 0 0 
0 1 0 0 0 1 0 0 2 1 0 0 0 1 2 0 0 2 0 1 0 0 0 0 0 0 1 0 0 0 2 0 0 16 18 17 0 0 0 2 0 0 16 16 17 1 2 0 0 2 0 16 16 17 2 2 0 2 0 0 0 0 0 0 0 0 0 0 1 2 1 2 0 0 0 1 0 0 0 0 0 
1
0 0 0 0 0 1 0 0 0 
0 1 0 0 0 1 0 0 2 1 0 0 0 1 2 0 0 2 0 1 0 0 0 0 0 0 1 1 0 0 2 0 0 0 2 1 0 0 0 2 0 0 0 0 1 1 2 0 0 2 0 0 0 1 2 2 0 2 0 0 0 0 0 0 0 0 0 0 1 2 1 2 0 0 0 1 0 0 0 0 0 
0 1 0 0 0 1 0 0 2 1 0 0 0 1 2 0 0 2 0 1 0 0 0 0 0 0 1 1 0 0 2 0 0 16 18 17 0 0 0 2 0 0 16 16 17 1 2 0 0 2 0 16 16 17 2 2 0 2 0 0 0 0 0 0 0 0 0 0 1 2 1 2 0 0 0 1 0 0 0 0 0 
1
0 0 0 0 0 1 0 0 0 
0 1 2 0 0 1 0 0 2 1 0 0 0 1 2 0 0 2 0 1 0 0 0 0 0 0 1 1 0 0 2 0 0 0 2 1 0 0 0 2 0 0 0 0 1 1 2 0 0 2 0 0 0 1 2 2 0 2 0 0 0 0 0 0 0 0 0 0 1 2 1 2 0 0 0 1 0 0 0 0 0 
0 1 2 0 0 1 0 0 2 1 0 0 0 1 2 0 0 2 0 1 0 0 0 0 0 0 1 1 0 0 2 0 0 16 18 17 0 0 0 2 0 0 16 16 17 1 2 0 0 2 0 16 16 17 2 2 0 2 0 0 0 0 0 0 0 0 0 0 1 2 1 2 0 0 0 1 0 0 0 0 0 
1
0 0 0 0 0 1 0 0 0 
0 1 2 0 0 1 1 0 2 1 0 0 0 1 2 0 0 2 0 1 0 0 0 0 0 0 1 1 0 0 2 0 0 0 2 1 0 0 0 2 0 0 0 0 1 1 2 0 0 2 0 0 0 1 2 2 0 2 0 0 0 0 0 0 0 0 0 0 1 2 1 2 0 0 0 1 0 0 0 0 0 
0 1 2 0 0 1 1 0 2 1 0 0 0 1 2 0 0 2 0 1 0 0 0 0 0 0 1 1 0 0 2 0 0 16 18 17 0 0 0 2 0 0 16 16 17 1 2 0 0 2 0 16 16 17 2 2 0 2 0 0 0 0 0 0 0 0 0 0 1 2 1 2 0 0 0 1 0 0 0 0 0 
1
0 0 0 0 0 1 0 0 0 
2 1 2 0 0 1 1 0 2 1 0 0 0 1 2 0 0 2 0 1 0 0 0 0 0 0 1 1 0 0 2 0 0 0 2 1 0 0 0 2 0 0 0 0 1 1 2 0 0 2 0 0 0 1 2 2 0 2 0 0 0 0 0 0 0 0 0 0 1 2 1 2 0 0 0 1 0 0 0 0 0 
2 1 2 0 0 1 1 0 2 1 0 0 0 1 2 0 0 2 0 1 0 0 0 0 0 0 1 1 0 0 2 0 0 16 18 17 0 0 0 2 0 0 16 16 17 1 2 0 0 2 0 16 16 17 2 2 0 2 0 0 0 0 0 0 0 0 0 0 1 2 1 2 0 0 0 1 0 0 0 0 0 
1
0 0 0 0 0 1 0 0 0 
2 1 2 0 0 1 1 0 2 1 0 1 0 1 2 0 0 2 0 1 0 0 0 0 0 0 1 1 0 0 2 0 0 0 2 1 0 0 0 2 0 0 0 0 1 1 2 0 0 2 0 0 0 1 2 2 0 2 0 0 0 0 0 0 0 0 0 0 1 2 1 2 0 0 0 1 0 0 0 0 0 
2 1 2 0 0 1 1 0 2 1 0 1 0 1 2 0 0 2 0 1 0 0 0 0 0 0 1 1 0 0 2 0 0 16 18 17 0 0 0 2 0 0 16 16 17 1 2 0 0 2 0 16 16 17 2 2 0 2 0 0 0 0 0 0 0 0 0 0 1 2 1 2 0 0 0 1 0 0 0 0 0 
1
0 0 0 0 0 1 0 0 0 
2 1 2 0 0 1 1 0 2 1 0 1 0 1 2 0 0 2 0 1 0 0 0 0 0 0 1 1 0 0 2 0 0 0 2 1 0 0 0 2 0 0 0 0 1 1 2 0 0 2 0 0 0 1 2 2 0 2 0 0 0 0 0 0 0 0 0 0 1 2 1 2 0 0 0 1 0 0 2 0 0 
2 1 2 0 0 1 1 0 2 1 0 1 0 1 2 0 0 2 0 1 0 0 0 0 0 0 1 1 0 0 2 0 0 16 18 17 0 0 0 2 0 0 16 16 17 1 2 0 0 2 0 16 16 17 2 2 0 2 0 0 0 0 0 0 0 0 0 0 1 2 1 2 0 0 0 1 0 0 2 0 0 
1
0 0 0 0 0 1 0 0 0 
2 1 2 0 0 1 1 0 2 1 0 1 0 1 2 0 0 2 0 1 0 0 0 0 0 0 1 1 0 0 2 0 0 0 2 1 0 0 0 2 0 0 0 0 1 1 2 0 0 2 0 0 0 1 2 2 0 2 0 0 0 0 0 0 0 0 0 0 1 2 1 2 0 0 1 1 0 0 2 0 0 
2 1 2 0 0 1 1 0 2 1 0 1 0 1 2 0 0 2 0 1 0 0 0 0 0 0 1 1 0 0 2 0 0 16 18 17 0 0 0 2 0 0 16 16 17 1 2 0 0 2 0 16 16 17 2 2 0 2 0 0 0 0 0 0 0 0 0 0 1 2 1 2 0 0 1 1 0 0 2 0 0 
1
0 0 0 0 0 1 0 0 0 
2 1 2 0 0 1 1 0 2 1 0 1 0 1 2 0 0 2 0 1 0 0 0 0 0 0 1 1 0 0 2 0 0 0 2 1 0 0 0 2 0 0 0 0 1 1 2 0 0 2 0 0 0 1 2 2 0 2 0 0 0 0 0 0 0 0 0 0 1 2 1 2 0 0 1 1 0 0 2 0 2 
2 1 2 0 0 1 1 0 2 1 0 1 0 1 2 0 0 2 0 1 0 0 0 0 0 0 1 1 0 0 2 0 0 16 18 17 0 0 0 2 0 0 16 16 17 1 2 0 0 2 0 16 16 17 2 2 0 2 0 0 0 0 0 0 0 0 0 0 1 2 1 2 0 0 1 1 0 0 2 0 2 
1
0 0 0 0 0 1 0 0 0 
2 1 2 0 0 1 1 0 2 1 0 1 0 1 2 0 0 2 0 1 0 0 0 0 0 0 1 1 0 0 2 0 0 0 2 1 0 0 0 2 0 0 0 0 1 1 2 0 0 2 0 0 0 1 2 2 0 2 0 0 0 1 0 0 0 0 0 0 1 2 1 2 0 0 1 1 0 0 2 0 2 
2 1 2 0 0 1 1 0 2 1 0 1 0 1 2 0 0 2 0 1 0 0 0 0 0 0 1 1 0 0 2 0 0 16 18 17 0 0 0 2 0 0 16 16 17 1 2 0 0 2 0 16 16 17 2 2 0 2 0 0 0 1 0 0 0 0 0 0 1 2 1 2 0 0 1 1 0 0 2 0 2 
1
0 0 0 0 0 1 0 0 0 
2 1 2 2 0 1 1 0 2 1 0 1 0 1 2 0 0 2 0 1 0 0 0 0 0 0 1 1 0 0 2 0 0 0 2 1 0 0 0 2 0 0 0 0 1 1 2 0 0 2 0 0 0 1 2 2 0 2 0 0 0 1 0 0 0 0 0 0 1 2 1 2 0 0 1 1 0 0 2 0 2 
2 1 2 2 0 1 1 0 2 1 0 1 0 1 2 0 0 2 0 1 0 0 0 0 0 0 1 1 0 0 2 0 0 16 18 17 0 0 0 2 0 0 16 16 17 1 2 0 0 2 0 16 16 17 2 2 0 2 0 0 0 1 0 0 0 0 0 0 1 2 1 2 0 0 1 1 0 0 2 0 2 
1
0 0 0 0 0 1 0 0 0 
2 1 2 2 0 1 1 0 2 1 0 1 0 1 2 0 0 2 1 1 0 0 0 0 0 0 1 1 0 0 2 0 0 0 2 1 0 0 0 2 0 0 0 0 1 1 2 0 0 2 0 0 0 1 2 2 0 2 0 0 0 1 0 0 0 0 0 0 1 2 1 2 0 0 1 1 0 0 2 0 2 
2 1 2 2 0 1 1 0 2 1 0 1 0 1 2 0 0 2 1 1 0 0 0 0 0 0 1 1 0 0 2 0 0 16 18 17 0 0 0 2 0 0 16 16 17 1 2 0 0 2 0 16 16 17 2 2 0 2 0 0 0 1 0 0 0 0 0 0 1 2 1 2 0 0 1 1 0 0 2 0 2 
1
0 0 0 0 0 1 0 0 0 
2 1 2 2 0 1 1 0 2 1 0 1 0 1 2 0 0 2 1 1 0 0 0 0 0 0 1 1 0 0 2 0 0 0 2 1 0 0 0 2 0 0 0 0 1 1 2 0 0 2 0 0 0 1 2 2 0 2 0 0 0 1 0 2 0 0 0 0 1 2 1 2 0 0 1 1 0 0 2 0 2 
2 1 2 2 0 1 1 0 2 1 0 1 0 1 2 0 0 2 1 1 0 0 0 0 0 0 1 1 0 0 2 0 0 16 18 17 0 0 0 2 0 0 16 16 17 1 2 0 0 2 0 16 16 17 2 2 0 2 0 0 0 1 0 2 0 0 0 0 1 2 1 2 0 0 1 1 0 0 2 0 2 
1
0 0 0 0 0 1 0 0 0 
2 1 2 2 0 1 1 0 2 1 0 1 0 1 2 0 0 2 1 1 0 0 0 0 0 0 1 1 0 0 2 0 0 0 2 1 0 0 1 2 0 0 0 0 1 1 2 0 0 2 0 0 0 1 2 2 0 2 0 0 0 1 0 2 0 0 0 0 1 2 1 2 0 0 1 1 0 0 2 0 2 
2 1 2 2 0 1 1 0 2 1 0 1 0 1 2 0 0 2 1 1 0 0 0 0 0 0 1 1 0 0 2 0 0 16 18 17 0 0 1 2 0 0 16 16 17 1 2 0 0 2 0 16 16 17 2 2 0 2 0 0 0 1 0 2 0 0 0 0 1 2 1 2 0 0 1 1 0 0 2 0 2 
1
0 0 0 0 0 1 0 0 0 
2 1 2 2 0 1 1 0 2 1 0 1 0 1 2 0 0 2 1 1 0 0 0 0 0 0 1 1 0 0 2 0 0 0 2 1 0 2 1 2 0 0 0 0 1 1 2 0 0 2 0 0 0 1 2 2 0 2 0 0 0 1 0 2 0 0 0 0 1 2 1 2 0 0 1 1 0 0 2 0 2 
2 1 2 2 0 1 1 0 2 1 0 1 0 1 2 0 0 2 1 1 0 0 0 0 0 0 1 1 0 0 2 0 0 16 18 17 0 2 1 2 0 0 16 16 17 1 2 0 0 2 0 16 16 17 2 2 0 2 0 0 0 1 0 2 0 0 0 0 1 2 1 2 0 0 1 1 0 0 2 0 2 
1
0 0 0 0 0 1 0 0 0 
2 1 2 2 0 1 1 0 2 1 0 1 0 1 2 0 0 2 1 1 0 0 0 0 0 0 1 1 0 0 2 0 1 0 2 1 0 2 1 2 0 0 0 0 1 1 2 0 0 2 0 0 0 1 2 2 0 2 0 0 0 1 0 2 0 0 0 0 1 2 1 2 0 0 1 1 0 0 2 0 2 
2 1 2 2 0 1 1 0 2 1 0 1 0 1 2 0 0 2 1 1 0 0 0 0 0 0 1 1 0 0 2 0 1 16 18 17 0 2 1 2 0 0 16 16 17 1 2 0 0 2 0 16 16 17 2 2 0 2 0 0 0 1 0 2 0 0 0 0 1 2 1 2 0 0 1 1 0 0 2 0 2 
1
0 0 0 0 0 1 0 0 0 
2 1 2 2 0 1 1 0 2 1 0 1 0 1 2 0 0 2 1 1 0 0 0 0 0 2 1 1 0 0 2 0 1 0 2 1 0 2 1 2 0 0 0 0 1 1 2 0 0 2 0 0 0 1 2 2 0 2 0 0 0 1 0 2 0 0 0 0 1 2 1 2 0 0 1 1 0 0 2 0 2 
2 1 2 2 0 1 1 0 2 1 0 1 0 1 2 0 0 2 1 1 0 0 0 0 0 2 1 1 0 0 2 0 1 16 18 17 0 2 1 2 0 0 16 16 17 1 2 0 0 2 0 16 16 17 2 2 0 2 0 0 0 1 0 2 0 0 0 0 1 2 1 2 0 0 1 1 0 0 2 0 2 
1
0 0 0 0 0 1 0 0 0 
2 1 2 2 0 1 1 0 2 1 0 1 0 1 2 0 0 2 1 1 0 0 0 0 0 2 1 1 0 0 2 0 1 0 2 1 0 2 1 2 0 0 0 0 1 1 2 0 0 2 0 0 0 1 2 2 0 2 0 0 0 1 0 2 0 0 0 0 1 2 1 2 0 0 1 1 1 0 2 0 2 
2 1 2 2 0 1 1 0 2 1 0 1 0 1 2 0 0 2 1 1 0 0 0 0 0 2 1 1 0 0 2 0 1 16 18 17 0 2 1 2 0 0 16 16 17 1 2 0 0 2 0 16 16 17 2 2 0 2 0 0 0 1 0 2 0 0 0 0 1 2 1 2 0 0 1 1 1 0 2 0 2 
1
0 0 0 0 0 1 0 0 0 
2 1 2 2 0 1 1 0 2 1 0 1 0 1 2 0 0 2 1 1 0 0 0 0 0 2 1 1 0 0 2 0 1 0 2 1 0 2 1 2 0 0 0 0 1 1 2 0 0 2 0 0 0 1 2 2 0 2 0 2 0 1 0 2 0 0 0 0 1 2 1 2 0 0 1 1 1 0 2 0 2 
2 1 2 2 0 1 1 0 2 1 0 1 0 1 2 0 0 2 1 1 0 0 0 0 0 2 1 1 0 0 2 0 1 16 18 17 0 2 1 2 0 0 16 16 17 1 2 0 0 2 0 16 16 17 2 2 0 2 0 2 0 1 0 2 0 0 0 0 1 2 1 2 0 0 1 1 1 0 2 0 2 
1
0 0 1 0 0 1 0 0 0 
2 1 2 2 0 1 1 0 2 1 0 1 0 1 2 0 1 2 1 1 0 0 0 0 0 2 1 1 0 0 2 0 1 0 2 1 0 2 1 2 0 0 0 0 1 1 2 0 0 2 0 0 0 1 2 2 0 2 0 2 0 1 0 2 0 0 0 0 1 2 1 2 0 0 1 1 1 0 2 0 2 
2 1 2 2 0 1 17 16 18 1 0 1 0 1 2 16 17 18 1 1 0 0 0 0 16 18 17 1 0 0 2 0 1 16 18 17 0 2 1 2 0 0 16 16 17 1 2 0 0 2 0 16 16 17 2 2 0 2 0 2 0 1 0 2 0 0 0 0 1 2 1 2 0 0 1 1 1 0 2 0 2 
1
0 0 1 0 0 1 0 0 0 
2 1 2 2 0 1 1 0 2 1 0 1 0 1 2 0 1 2 1 1 0 0 0 0 0 2 1 1 0 0 2 0 1 0 2 1 0 2 1 2 2 0 0 0 1 1 2 0 0 2 0 0 0 1 2 2 0 2 0 2 0 1 0 2 0 0 0 0 1 2 1 2 0 0 1 1 1 0 2 0 2 
2 1 2 2 0 1 17 16 18 1 0 1 0 1 2 16 17 18 1 1 0 0 0 0 16 18 17 1 0 0 2 0 1 16 18 17 0 2 1 2 2 0 16 16 17 1 2 0 0 2 0 16 16 17 2 2 0 2 0 2 0 1 0 2 0 0 0 0 1 2 1 2 0 0 1 1 1 0 2 0 2 
1
0 0 1 0 0 1 0 0 0 
2 1 2 2 0 1 1 0 2 1 0 1 0 1 2 0 1 2 1 1 0 0 0 0 0 2 1 1 0 0 2 0 1 0 2 1 0 2 1 2 2 1 0 0 1 1 2 0 0 2 0 0 0 1 2 2 0 2 0 2 0 1 0 2 0 0 0 0 1 2 1 2 0 0 1 1 1 0 2 0 2 
2 1 2 2 0 1 17 16 18 1 0 1 0 1 2 16 17 18 1 1 0 0 0 0 16 18 17 1 0 0 2 0 1 16 18 17 0 2 1 2 2 1 16 16 17 1 2 0 0 2 0 16 16 17 2 2 0 2 0 2 0 1 0 2 0 0 0 0 1 2 1 2 0 0 1 1 1 0 2 0 2 
1
0 0 1 0 0 1 0 0 0 
2 1 2 2 0 1 1 0 2 1 0 1 0 1 2 0 1 2 1 1 0 0 0 0 0 2 1 1 0 0 2 0 1 0 2 1 0 2 1 2 2 1 0 0 1 1 2 0 0 2 0 0 0 1 2 2 0 2 0 2 0 1 0 2 0 0 2 0 1 2 1 2 0 0 1 1 1 0 2 0 2 
2 1 2 2 0 1 17 16 18 1 0 1 0 1 2 16 17 18 1 1 0 0 0 0 16 18 17 1 0 0 2 0 1 16 18 17 0 2 1 2 2 1 16 16 17 1 2 0 0 2 0 16 16 17 2 2 0 2 0 2 0 1 0 2 0 0 2 0 1 2 1 2 0 0 1 1 1 0 2 0 2 
1
0 0 1 1 0 1 0 0 0 
2 1 2 2 0 1 1 0 2 1 0 1 0 1 2 0 1 2 1 1 0 0 0 0 0 2 1 1 0 0 2 0 1 0 2 1 1 2 1 2 2 1 0 0 1 1 2 0 0 2 0 0 0 1 2 2 0 2 0 2 0 1 0 2 0 0 2 0 1 2 1 2 0 0 1 1 1 0 2 0 2 
2 1 2 2 0 1 17 16 18 1 0 1 0 1 2 16 17 18 1 1 0 0 0 0 16 18 17 17 16 16 2 0 1 16 18 17 17 18 17 2 2 1 16 16 17 17 18 16 0 2 0 16 16 17 2 2 0 2 0 2 0 1 0 2 0 0 2 0 1 2 1 2 0 0 1 1 1 0 2 0 2 
1
0 0 1 1 2 1 0 0 0 
2 1 2 2 0 1 1 0 2 1 0 1 0 1 2 0 1 2 1 1 0 0 0 0 0 2 1 1 0 0 2 0 1 0 2 1 1 2 1 2 2 1 0 0 1 1 2 0 2 2 0 0 0 1 2 2 0 2 0 2 0 1 0 2 0 0 2 0 1 2 1 2 0 0 1 1 1 0 2 0 2 
2 1 2 2 0 1 17 16 18 1 0 1 0 1 2 16 17 18 1 1 0 0 0 0 16 18 17 17 16 16 34 32 33 16 18 17 17 18 17 34 34 33 16 16 17 17 18 16 34 34 32 16 16 17 2 2 0 2 0 2 0 1 0 2 0 0 2 0 1 2 1 2 0 0 1 1 1 0 2 0 2 
1
0 0 1 1 2 1 0 0 0 
2 1 2 2 0 1 1 0 2 1 0 1 0 1 2 0 1 2 1 1 0 0 0 0 0 2 1 1 0 0 2 0 1 0 2 1 1 2 1 2 2 1 0 0 1 1 2 0 2 2 0 0 0 1 2 2 1 2 0 2 0 1 0 2 0 0 2 0 1 2 1 2 0 0 1 1 1 0 2 0 2 
2 1 2 2 0 1 17 16 18 1 0 1 0 1 2 16 17 18 1 1 0 0 0 0 16 18 17 17 16 16 34 32 33 16 18 17 17 18 17 34 34 33 16 16 17 17 18 16 34 34 32 16 16 17 2 2 1 2 0 2 0 1 0 2 0 0 2 0 1 2 1 2 0 0 1 1 1 0 2 0 2 
1
0 0 1 1 2 1 0 0 0 
2 1 2 2 0 1 1 0 2 1 0 1 0 1 2 0 1 2 1 1 0 0 0 0 0 2 1 1 0 0 2 0 1 0 2 1 1 2 1 2 2 1 0 0 1 1 2 0 2 2 0 0 0 1 2 2 1 2 0 2 0 1 0 2 0 0 2 2 1 2 1 2 0 0 1 1 1 0 2 0 2 
2 1 2 2 0 1 17 16 18 1 0 1 0 1 2 16 17 18 1 1 0 0 0 0 16 18 17 17 16 16 34 32 33 16 18 17 17 18 17 34 34 33 16 16 17 17 18 16 34 34 32 16 16 17 2 2 1 2 0 2 0 1 0 2 0 0 2 2 1 2 1 2 0 0 1 1 1 0 2 0 2 
1
0 0 1 1 2 1 0 0 0 
2 1 2 2 0 1 1 0 2 1 0 1 0 1 2 0 1 2 1 1 0 0 0 0 0 2 1 1 0 0 2 0 1 0 2 1 1 2 1 2 2 1 0 0 1 1 2 0 2 2 0 0 0 1 2 2 1 2 0 2 1 1 0 2 0 0 2 2 1 2 1 2 0 0 1 1 1 0 2 0 2 
2 1 2 2 0 1 17 16 18 1 0 1 0 1 2 16 17 18 1 1 0 0 0 0 16 18 17 17 16 16 34 32 33 16 18 17 17 18 17 34 34 33 16 16 17 17 18 16 34 34 32 16 16 17 2 2 1 2 0 2 1 1 0 2 0 0 2 2 1 2 1 2 0 0 1 1 1 0 2 0 2 
1
0 0 1 1 2 1 0 0 0 
2 1 2 2 0 1 1 0 2 1 0 1 0 1 2 0 1 2 1 1 2 0 0 0 0 2 1 1 0 0 2 0 1 0 2 1 1 2 1 2 2 1 0 0 1 1 2 0 2 2 0 0 0 1 2 2 1 2 0 2 1 1 0 2 0 0 2 2 1 2 1 2 0 0 1 1 1 0 2 0 2 
2 1 2 2 0 1 17 16 18 1 0 1 0 1 2 16 17 18 1 1 2 0 0 0 16 18 17 17 16 16 34 32 33 16 18 17 17 18 17 34 34 33 16 16 17 17 18 16 34 34 32 16 16 17 2 2 1 2 0 2 1 1 0 2 0 0 2 2 1 2 1 2 0 0 1 1 1 0 2 0 2 
1
0 0 1 1 2 1 0 0 1 
2 1 2 2 0 1 1 0 2 1 0 1 0 1 2 0 1 2 1 1 2 0 0 0 0 2 1 1 0 0 2 0 1 0 2 1 1 2 1 2 2 1 0 0 1 1 2 0 2 2 0 0 0 1 2 2 1 2 0 2 1 1 1 2 0 0 2 2 1 2 1 2 0 0 1 1 1 0 2 0 2 
2 1 2 2 0 1 17 16 18 1 0 1 0 1 2 16 17 18 1 1 2 0 0 0 16 18 17 17 16 16 34 32 33 16 18 17 17 18 17 34 34 33 16 16 17 17 18 16 34 34 32 16 16 17 2 2 1 2 0 2 17 17 17 2 0 0 2 2 1 18 17 18 0 0 1 1 1 0 18 16 18 
1
0 0 1 1 2 1 0 0 1 
2 1 2 2 0 1 1 0 2 1 0 1 0 1 2 0 1 2 1 1 2 0 0 0 0 2 1 1 0 0 2 0 1 0 2 1 1 2 1 2 2 1 0 0 1 1 2 0 2 2 0 0 0 1 2 2 1 2 0 2 1 1 1 2 0 0 2 2 1 2 1 2 0 0 1 1 1 0 2 0 2 
2 1 2 2 0 1 17 16 18 1 0 1 0 1 2 16 17 18 1 1 2 0 0 0 16 18 17 17 16 16 34 32 33 16 18 17 17 18 17 34 34 33 16 16 17 17 18 16 34 34 32 16 16 17 2 2 1 2 0 2 17 17 17 2 0 0 2 2 1 18 17 18 0 0 1 1 1 0 18 16 18 
1
