0 0 0 0 0 0 0 0 0 
0 0 0 0 0 0 0 0 0 0 0 0 0 0 0 0 0 0 0 0 0 0 0 0 0 0 0 0 0 0 0 0 0 0 0 0 0 0 0 0 0 0 0 0 0 0 0 0 0 0 0 0 0 0 0 0 0 0 0 0 0 0 0 0 0 0 0 0 0 1 0 0 0 0 0 0 0 0 0 0 0 
0 0 0 0 0 0 0 0 0 0 0 0 0 0 0 0 0 0 0 0 0 0 0 0 0 0 0 0 0 0 0 0 0 0 0 0 0 0 0 0 0 0 0 0 0 0 0 0 0 0 0 0 0 0 0 0 0 0 0 0 0 0 0 0 0 0 0 0 0 1 0 0 0 0 0 0 0 0 0 0 0 
0
0 0 0 0 0 0 0 0 0 
0 0 0 0 0 0 0 0 0 0 0 0 0 0 0 0 0 0 0 0 0 0 0 0 0 0 0 0 0 2 0 0 0 0 0 0 0 0 0 0 0 0 0 0 0 0 0 0 0 0 0 0 0 0 0 0 0 0 0 0 0 0 0 0 0 0 0 0 0 1 0 0 0 0 0 0 0 0 0 0 0 
0 0 0 0 0 0 0 0 0 0 0 0 0 0 0 0 0 0 0 0 0 0 0 0 0 0 0 0 0 2 0 0 0 0 0 0 0 0 0 0 0 0 0 0 0 0 0 0 0 0 0 0 0 0 0 0 0 0 0 0 0 0 0 0 0 0 0 0 0 1 0 0 0 0 0 0 0 0 0 0 0 
0
0 0 0 0 0 0 0 0 0 
0 0 0 0 0 0 0 0 0 0 0 0 0 0 0 1 0 0 0 0 0 0 0 0 0 0 0 0 0 2 0 0 0 0 0 0 0 0 0 0 0 0 0 0 0 0 0 0 0 0 0 0 0 0 0 0 0 0 0 0 0 0 0 0 0 0 0 0 0 1 0 0 0 0 0 0 0 0 0 0 0 
0 0 0 0 0 0 0 0 0 0 0 0 0 0 0 1 0 0 0 0 0 0 0 0 0 0 0 0 0 2 0 0 0 0 0 0 0 0 0 0 0 0 0 0 0 0 0 0 0 0 0 0 0 0 0 0 0 0 0 0 0 0 0 0 0 0 0 0 0 1 0 0 0 0 0 0 0 0 0 0 0 
0
0 0 0 0 0 0 0 0 0 
0 0 0 0 0 0 0 0 0 0 0 0 0 0 0 1 0 0 0 0 0 0 0 0 0 0 0 0 0 2 0 0 0 0 0 0 0 0 0 0 0 0 0 0 0 0 0 2 0 0 0 0 0 0 0 0 0 0 0 0 0 0 0 0 0 0 0 0 0 1 0 0 0 0 0 0 0 0 0 0 0 
0 0 0 0 0 0 0 0 0 0 0 0 0 0 0 1 0 0 0 0 0 0 0 0 0 0 0 0 0 2 0 0 0 0 0 0 0 0 0 0 0 0 0 0 0 0 0 2 0 0 0 0 0 0 0 0 0 0 0 0 0 0 0 0 0 0 0 0 0 1 0 0 0 0 0 0 0 0 0 0 0 
0
0 0 0 0 0 0 0 0 0 
0 0 0 0 0 0 0 0 0 0 0 0 0 0 0 1 0 0 0 0 0 0 0 0 0 0 0 0 0 2 0 0 0 0 0 0 0 0 0 0 0 0 0 0 0 0 0 2 0 0 0 0 0 0 0 0 0 0 0 0 0 0 0 0 0 0 0 0 0 1 1 0 0 0 0 0 0 0 0 0 0 
0 0 0 0 0 0 0 0 0 0 0 0 0 0 0 1 0 0 0 0 0 0 0 0 0 0 0 0 0 2 0 0 0 0 0 0 0 0 0 0 0 0 0 0 0 0 0 2 0 0 0 0 0 0 0 0 0 0 0 0 0 0 0 0 0 0 0 0 0 1 1 0 0 0 0 0 0 0 0 0 0 
0
0 0 0 0 0 0 0 0 0 
0 0 0 0 0 0 0 0 0 0 0 0 0 0 0 1 0 0 0 0 0 0 0 0 0 0 0 0 0 2 0 0 2 0 0 0 0 0 0 0 0 0 0 0 0 0 0 2 0 0 0 0 0 0 0 0 0 0 0 0 0 0 0 0 0 0 0 0 0 1 1 0 0 0 0 0 0 0 0 0 0 
0 0 0 0 0 0 0 0 0 0 0 0 0 0 0 1 0 0 0 0 0 0 0 0 0 0 0 0 0 2 0 0 2 0 0 0 0 0 0 0 0 0 0 0 0 0 0 2 0 0 0 0 0 0 0 0 0 0 0 0 0 0 0 0 0 0 0 0 0 1 1 0 0 0 0 0 0 0 0 0 0 
0
0 0 0 0 0 0 0 0 0 
0 0 0 0 0 0 0 0 0 0 0 0 0 0 0 1 0 0 0 0 0 0 0 0 1 0 0 0 0 2 0 0 2 0 0 0 0 0 0 0 0 0 0 0 0 0 0 2 0 0 0 0 0 0 0 0 0 0 0 0 0 0 0 0 0 0 0 0 0 1 1 0 0 0 0 0 0 0 0 0 0 
0 0 0 0 0 0 0 0 0 0 0 0 0 0 0 1 0 0 0 0 0 0 0 0 1 0 0 0 0 2 0 0 2 0 0 0 0 0 0 0 0 0 0 0 0 0 0 2 0 0 0 0 0 0 0 0 0 0 0 0 0 0 0 0 0 0 0 0 0 1 1 0 0 0 0 0 0 0 0 0 0 
0
0 0 0 0 0 0 0 0 0 
0 0 0 0 0 0 0 0 0 0 0 0 0 0 0 1 0 0 0 0 0 0 0 0 1 0 0 0 0 2 0 0 2 0 0 0 0 0 0 0 0 0 0 0 0 0 0 2 0 0 0 0 0 0 0 0 0 0 0 0 0 0 0 0 0 0 0 0 0 1 1 0 2 0 0 0 0 0 0 0 0 
0 0 0 0 0 0 0 0 0 0 0 0 0 0 0 1 0 0 0 0 0 0 0 0 1 0 0 0 0 2 0 0 2 0 0 0 0 0 0 0 0 0 0 0 0 0 0 2 0 0 0 0 0 0 0 0 0 0 0 0 0 0 0 0 0 0 0 0 0 1 1 0 2 0 0 0 0 0 0 0 0 
0
0 0 0 0 0 0 0 0 0 
0 0 0 0 0 0 0 0 0 0 0 0 0 0 0 1 0 0 0 0 0 0 0 0 1 0 0 0 0 2 0 0 2 0 0 0 0 0 0 0 0 0 0 0 0 0 0 2 0 0 0 0 0 0 0 1 0 0 0 0 0 0 0 0 0 0 0 0 0 1 1 0 2 0 0 0 0 0 0 0 0 
0 0 0 0 0 0 0 0 0 0 0 0 0 0 0 1 0 0 0 0 0 0 0 0 1 0 0 0 0 2 0 0 2 0 0 0 0 0 0 0 0 0 0 0 0 0 0 2 0 0 0 0 0 0 0 1 0 0 0 0 0 0 0 0 0 0 0 0 0 1 1 0 2 0 0 0 0 0 0 0 0 
0
0 0 0 0 0 0 0 0 0 
0 0 0 2 0 0 0 0 0 0 0 0 0 0 0 1 0 0 0 0 0 0 0 0 1 0 0 0 0 2 0 0 2 0 0 0 0 0 0 0 0 0 0 0 0 0 0 2 0 0 0 0 0 0 0 1 0 0 0 0 0 0 0 0 0 0 0 0 0 1 1 0 2 0 0 0 0 0 0 0 0 
0 0 0 2 0 0 0 0 0 0 0 0 0 0 0 1 0 0 0 0 0 0 0 0 1 0 0 0 0 2 0 0 2 0 0 0 0 0 0 0 0 0 0 0 0 0 0 2 0 0 0 0 0 0 0 1 0 0 0 0 0 0 0 0 0 0 0 0 0 1 1 0 2 0 0 0 0 0 0 0 0 
0
0 0 0 0 0 0 0 0 0 
0 0 0 2 0 0 0 0 0 0 0 1 0 0 0 1 0 0 0 0 0 0 0 0 1 0 0 0 0 2 0 0 2 0 0 0 0 0 0 0 0 0 0 0 0 0 0 2 0 0 0 0 0 0 0 1 0 0 0 0 0 0 0 0 0 0 0 0 0 1 1 0 2 0 0 0 0 0 0 0 0 
0 0 0 2 0 0 0 0 0 0 0 1 0 0 0 1 0 0 0 0 0 0 0 0 1 0 0 0 0 2 0 0 2 0 0 0 0 0 0 0 0 0 0 0 0 0 0 2 0 0 0 0 0 0 0 1 0 0 0 0 0 0 0 0 0 0 0 0 0 1 1 0 2 0 0 0 0 0 0 0 0 
0
0 0 0 0 0 0 0 0 0 
0 0 0 2 0 0 0 0 0 0 0 1 0 0 0 1 0 0 0 0 0 0 0 0 1 0 0 0 0 2 0 0 2 2 0 0 0 0 0 0 0 0 0 0 0 0 0 2 0 0 0 0 0 0 0 1 0 0 0 0 0 0 0 0 0 0 0 0 0 1 1 0 2 0 0 0 0 0 0 0 0 
0 0 0 2 0 0 0 0 0 0 0 1 0 0 0 1 0 0 0 0 0 0 0 0 1 0 0 0 0 2 0 0 2 2 0 0 0 0 0 0 0 0 0 0 0 0 0 2 0 0 0 0 0 0 0 1 0 0 0 0 0 0 0 0 0 0 0 0 0 1 1 0 2 0 0 0 0 0 0 0 0 
0
0 0 0 0 0 0 0 0 0 
0 0 0 2 0 0 0 0 0 0 1 1 0 0 0 1 0 0 0 0 0 0 0 0 1 0 0 0 0 2 0 0 2 2 0 0 0 0 0 0 0 0 0 0 0 0 0 2 0 0 0 0 0 0 0 1 0 0 0 0 0 0 0 0 0 0 0 0 0 1 1 0 2 0 0 0 0 0 0 0 0 
0 0 0 2 0 0 0 0 0 0 1 1 0 0 0 1 0 0 0 0 0 0 0 0 1 0 0 0 0 2 0 0 2 2 0 0 0 0 0 0 0 0 0 0 0 0 0 2 0 0 0 0 0 0 0 1 0 0 0 0 0 0 0 0 0 0 0 0 0 1 1 0 2 0 0 0 0 0 0 0 0 
0
0 0 0 0 0 0 0 0 0 
0 0 0 2 0 0 0 0 0 0 1 1 0 0 0 1 0 0 0 0 0 0 0 0 1 0 0 0 0 2 0 0 2 2 0 0 0 0 0 0 0 0 0 0 0 0 0 2 2 0 0 0 0 0 0 1 0 0 0 0 0 0 0 0 0 0 0 0 0 1 1 0 2 0 0 0 0 0 0 0 0 
0 0 0 2 0 0 0 0 0 0 1 1 0 0 0 1 0 0 0 0 0 0 0 0 1 0 0 0 0 2 0 0 2 2 0 0 0 0 0 0 0 0 0 0 0 0 0 2 2 0 0 0 0 0 0 1 0 0 0 0 0 0 0 0 0 0 0 0 0 1 1 0 2 0 0 0 0 0 0 0 0 
0
0 0 0 0 0 0 0 0 0 
0 0 0 2 0 0 0 0 0 0 1 1 0 0 0 1 0 0 0 0 0 0 0 0 1 0 0 0 0 2 0 0 2 2 0 0 0 0 0 0 0 0 0 0 0 0 0 2 2 0 0 0 0 0 1 1 0 0 0 0 0 0 0 0 0 0 0 0 0 1 1 0 2 0 0 0 0 0 0 0 0 
0 0 0 2 0 0 0 0 0 0 1 1 0 0 0 1 0 0 0 0 0 0 0 0 1 0 0 0 0 2 0 0 2 2 0 0 0 0 0 0 0 0 0 0 0 0 0 2 2 0 0 0 0 0 1 1 0 0 0 0 0 0 0 0 0 0 0 0 0 1 1 0 2 0 0 0 0 0 0 0 0 
0
0 0 0 0 0 0 0 0 0 
2 0 0 2 0 0 0 0 0 0 1 1 0 0 0 1 0 0 0 0 0 0 0 0 1 0 0 0 0 2 0 0 2 2 0 0 0 0 0 0 0 0 0 0 0 0 0 2 2 0 0 0 0 0 1 1 0 0 0 0 0 0 0 0 0 0 0 0 0 1 1 0 2 0 0 0 0 0 0 0 0 
2 0 0 2 0 0 0 0 0 0 1 1 0 0 0 1 0 0 0 0 0 0 0 0 1 0 0 0 0 2 0 0 2 2 0 0 0 0 0 0 0 0 0 0 0 0 0 2 2 0 0 0 0 0 1 1 0 0 0 0 0 0 0 0 0 0 0 0 0 1 1 0 2 0 0 0 0 0 0 0 0 
0
0 0 0 0 0 0 0 0 0 
2 0 0 2 0 0 0 0 0 0 1 1 0 0 0 1 0 0 1 0 0 0 0 0 1 0 0 0 0 2 0 0 2 2 0 0 0 0 0 0 0 0 0 0 0 0 0 2 2 0 0 0 0 0 1 1 0 0 0 0 0 0 0 0 0 0 0 0 0 1 1 0 2 0 0 0 0 0 0 0 0 
2 0 0 2 0 0 0 0 0 0 1 1 0 0 0 1 0 0 1 0 0 0 0 0 1 0 0 0 0 2 0 0 2 2 0 0 0 0 0 0 0 0 0 0 0 0 0 2 2 0 0 0 0 0 1 1 0 0 0 0 0 0 0 0 0 0 0 0 0 1 1 0 2 0 0 0 0 0 0 0 0 
0
0 0 0 0 0 0 0 0 0 
2 0 0 2 0 0 0 0 0 0 1 1 0 0 0 1 0 0 1 0 0 0 0 0 1 0 0 0 0 2 0 0 2 2 0 0 0 0 0 0 0 0 0 0 0 0 0 2 2 0 0 0 0 0 1 1 0 0 0 0 0 0 0 0 2 0 0 0 0 1 1 0 2 0 0 0 0 0 0 0 0 
2 0 0 2 0 0 0 0 0 0 1 1 0 0 0 1 0 0 1 0 0 0 0 0 1 0 0 0 0 2 0 0 2 2 0 0 0 0 0 0 0 0 0 0 0 0 0 2 2 0 0 0 0 0 1 1 0 0 0 0 0 0 0 0 2 0 0 0 0 1 1 0 2 0 0 0 0 0 0 0 0 
0
0 0 0 0 0 0 0 0 0 
2 0 0 2 0 0 0 0 0 0 1 1 0 0 0 1 0 0 1 0 0 0 0 0 1 0 0 0 0 2 0 0 2 2 0 0 0 0 0 0 0 1 0 0 0 0 0 2 2 0 0 0 0 0 1 1 0 0 0 0 0 0 0 0 2 0 0 0 0 1 1 0 2 0 0 0 0 0 0 0 0 
2 0 0 2 0 0 0 0 0 0 1 1 0 0 0 1 0 0 1 0 0 0 0 0 1 0 0 0 0 2 0 0 2 2 0 0 0 0 0 0 0 1 0 0 0 0 0 2 2 0 0 0 0 0 1 1 0 0 0 0 0 0 0 0 2 0 0 0 0 1 1 0 2 0 0 0 0 0 0 0 0 
0
0 0 0 0 0 0 0 0 0 
2 0 0 2 0 0 0 0 0 0 1 1 0 0 0 1 0 0 1 0 0 0 0 0 1 0 0 0 0 2 0 0 2 2 0 0 0 0 0 0 0 1 0 2 0 0 0 2 2 0 0 0 0 0 1 1 0 0 0 0 0 0 0 0 2 0 0 0 0 1 1 0 2 0 0 0 0 0 0 0 0 
2 0 0 2 0 0 0 0 0 0 1 1 0 0 0 1 0 0 1 0 0 0 0 0 1 0 0 0 0 2 0 0 2 2 0 0 0 0 0 0 0 1 0 2 0 0 0 2 2 0 0 0 0 0 1 1 0 0 0 0 0 0 0 0 2 0 0 0 0 1 1 0 2 0 0 0 0 0 0 0 0 
0
0 0 0 0 0 0 0 0 0 
2 0 0 2 0 0 0 0 0 0 1 1 0 0 0 1 0 0 1 0 0 0 0 0 1 0 0 0 0 2 0 0 2 2 0 0 0 0 0 0 1 1 0 2 0 0 0 2 2 0 0 0 0 0 1 1 0 0 0 0 0 0 0 0 2 0 0 0 0 1 1 0 2 0 0 0 0 0 0 0 0 
2 0 0 2 0 0 0 0 0 0 1 1 0 0 0 1 0 0 1 0 0 0 0 0 1 0 0 0 0 2 0 0 2 2 0 0 0 0 0 0 1 1 0 2 0 0 0 2 2 0 0 0 0 0 1 1 0 0 0 0 0 0 0 0 2 0 0 0 0 1 1 0 2 0 0 0 0 0 0 0 0 
0
0 0 0 0 0 0 0 0 0 
2 0 0 2 0 0 0 0 0 0 1 1 0 0 0 1 0 0 1 0 0 0 0 0 1 0 0 0 0 2 0 0 2 2 0 0 0 0 0 0 1 1 0 2 0 0 0 2 2 2 0 0 0 0 1 1 0 0 0 0 0 0 0 0 2 0 0 0 0 1 1 0 2 0 0 0 0 0 0 0 0 
2 0 0 2 0 0 0 0 0 0 1 1 0 0 0 1 0 0 1 0 0 0 0 0 1 0 0 0 0 2 0 0 2 2 0 0 0 0 0 0 1 1 0 2 0 0 0 2 2 2 0 0 0 0 1 1 0 0 0 0 0 0 0 0 2 0 0 0 0 1 1 0 2 0 0 0 0 0 0 0 0 
0
0 0 0 0 0 0 0 0 0 
2 0 0 2 0 0 0 0 0 0 1 1 0 0 0 1 0 0 1 0 0 0 0 0 1 0 0 0 0 2 0 0 2 2 0 0 0 0 0 0 1 1 0 2 0 0 0 2 2 2 0 0 0 0 1 1 0 0 1 0 0 0 0 0 2 0 0 0 0 1 1 0 2 0 0 0 0 0 0 0 0 
2 0 0 2 0 0 0 0 0 0 1 1 0 0 0 1 0 0 1 0 0 0 0 0 1 0 0 0 0 2 0 0 2 2 0 0 0 0 0 0 1 1 0 2 0 0 0 2 2 2 0 0 0 0 1 1 0 0 1 0 0 0 0 0 2 0 0 0 0 1 1 0 2 0 0 0 0 0 0 0 0 
0
0 0 0 0 0 0 0 0 0 
2 0 0 2 2 0 0 0 0 0 1 1 0 0 0 1 0 0 1 0 0 0 0 0 1 0 0 0 0 2 0 0 2 2 0 0 0 0 0 0 1 1 0 2 0 0 0 2 2 2 0 0 0 0 1 1 0 0 1 0 0 0 0 0 2 0 0 0 0 1 1 0 2 0 0 0 0 0 0 0 0 
2 0 0 2 2 0 0 0 0 0 1 1 0 0 0 1 0 0 1 0 0 0 0 0 1 0 0 0 0 2 0 0 2 2 0 0 0 0 0 0 1 1 0 2 0 0 0 2 2 2 0 0 0 0 1 1 0 0 1 0 0 0 0 0 2 0 0 0 0 1 1 0 2 0 0 0 0 0 0 0 0 
0
0 0 0 0 0 0 0 0 0 
2 0 0 2 2 0 0 0 0 0 1 1 0 0 1 1 0 0 1 0 0 0 0 0 1 0 0 0 0 2 0 0 2 2 0 0 0 0 0 0 1 1 0 2 0 0 0 2 2 2 0 0 0 0 1 1 0 0 1 0 0 0 0 0 2 0 0 0 0 1 1 0 2 0 0 0 0 0 0 0 0 
2 0 0 2 2 0 0 0 0 0 1 1 0 0 1 1 0 0 1 0 0 0 0 0 1 0 0 0 0 2 0 0 2 2 0 0 0 0 0 0 1 1 0 2 0 0 0 2 2 2 0 0 0 0 1 1 0 0 1 0 0 0 0 0 2 0 0 0 0 1 1 0 2 0 0 0 0 0 0 0 0 
0
0 0 0 0 0 2 0 0 0 
2 0 0 2 2 0 0 0 0 0 1 1 0 0 1 1 0 0 1 0 0 0 0 0 1 0 0 0 0 2 0 0 2 2 0 0 0 0 0 0 1 1 0 2 0 0 0 2 2 2 0 0 0 2 1 1 0 0 1 0 0 0 0 0 2 0 0 0 0 1 1 0 2 0 0 0 0 0 0 0 0 
2 0 0 2 2 0 0 0 0 0 1 1 0 0 1 1 0 0 1 0 0 0 0 0 1 0 0 0 0 2 0 0 2 34 32 32 0 0 0 0 1 1 32 34 32 0 0 2 2 2 0 32 32 34 1 1 0 0 1 0 0 0 0 0 2 0 0 0 0 1 1 0 2 0 0 0 0 0 0 0 0 
0
0 0 0 0 0 2 0 0 1 
2 0 0 2 2 0 0 0 0 0 1 1 0 0 1 1 0 0 1 0 0 0 0 0 1 0 0 0 0 2 0 0 2 2 0 0 0 0 0 0 1 1 0 2 0 0 0 2 2 2 0 0 0 2 1 1 0 0 1 0 0 0 0 0 2 0 0 0 0 1 1 1 2 0 0 0 0 0 0 0 0 
2 0 0 2 2 0 0 0 0 0 1 1 0 0 1 1 0 0 1 0 0 0 0 0 1 0 0 0 0 2 0 0 2 34 32 32 0 0 0 0 1 1 32 34 32 0 0 2 2 2 0 32 32 34 1 1 0 0 1 0 16 16 16 0 2 0 0 0 0 17 17 17 2 0 0 0 0 0 16 16 16 
0
0 2 0 0 0 2 0 0 1 
2 0 0 2 2 2 0 0 0 0 1 1 0 0 1 1 0 0 1 0 0 0 0 0 1 0 0 0 0 2 0 0 2 2 0 0 0 0 0 0 1 1 0 2 0 0 0 2 2 2 0 0 0 2 1 1 0 0 1 0 0 0 0 0 2 0 0 0 0 1 1 1 2 0 0 0 0 0 0 0 0 
2 0 0 34 34 34 0 0 0 0 1 1 32 32 33 1 0 0 1 0 0 32 32 32 1 0 0 0 0 2 0 0 2 34 32 32 0 0 0 0 1 1 32 34 32 0 0 2 2 2 0 32 32 34 1 1 0 0 1 0 16 16 16 0 2 0 0 0 0 17 17 17 2 0 0 0 0 0 16 16 16 
0
0 2 0 0 0 2 0 0 1 
2 0 0 2 2 2 0 0 0 0 1 1 0 0 1 1 0 0 1 0 0 0 0 0 1 1 0 0 0 2 0 0 2 2 0 0 0 0 0 0 1 1 0 2 0 0 0 2 2 2 0 0 0 2 1 1 0 0 1 0 0 0 0 0 2 0 0 0 0 1 1 1 2 0 0 0 0 0 0 0 0 
2 0 0 34 34 34 0 0 0 0 1 1 32 32 33 1 0 0 1 0 0 32 32 32 1 1 0 0 0 2 0 0 2 34 32 32 0 0 0 0 1 1 32 34 32 0 0 2 2 2 0 32 32 34 1 1 0 0 1 0 16 16 16 0 2 0 0 0 0 17 17 17 2 0 0 0 0 0 16 16 16 
0
0 2 0 0 0 2 0 0 1 
2 0 0 2 2 2 0 0 0 0 1 1 0 0 1 1 0 0 1 0 0 0 0 0 1 1 0 0 0 2 0 0 2 2 0 0 0 0 0 0 1 1 0 2 0 0 0 2 2 2 0 0 0 2 1 1 0 0 1 0 0 0 0 0 2 0 0 0 0 1 1 1 2 0 0 0 0 2 0 0 0 
2 0 0 34 34 34 0 0 0 0 1 1 32 32 33 1 0 0 1 0 0 32 32 32 1 1 0 0 0 2 0 0 2 34 32 32 0 0 0 0 1 1 32 34 32 0 0 2 2 2 0 32 32 34 1 1 0 0 1 0 16 16 16 0 2 0 0 0 0 17 17 17 2 0 0 0 0 2 16 16 16 
0
0 2 0 0 0 2 0 0 1 
2 0 0 2 2 2 0 0 0 0 1 1 0 0 1 1 0 0 1 0 0 0 0 0 1 1 0 0 0 2 0 0 2 2 0 0 0 0 0 0 1 1 0 2 0 0 0 2 2 2 0 0 0 2 1 1 0 0 1 1 0 0 0 0 2 0 0 0 0 1 1 1 2 0 0 0 0 2 0 0 0 
2 0 0 34 34 34 0 0 0 0 1 1 32 32 33 1 0 0 1 0 0 32 32 32 1 1 0 0 0 2 0 0 2 34 32 32 0 0 0 0 1 1 32 34 32 0 0 2 2 2 0 32 32 34 1 1 0 0 1 1 16 16 16 0 2 0 0 0 0 17 17 17 2 0 0 0 0 2 16 16 16 
0
0 2 0 0 0 2 0 0 1 
2 0 0 2 2 2 0 0 0 0 1 1 0 0 1 1 0 0 1 0 0 0 0 0 1 1 2 0 0 2 0 0 2 2 0 0 0 0 0 0 1 1 0 2 0 0 0 2 2 2 0 0 0 2 1 1 0 0 1 1 0 0 0 0 2 0 0 0 0 1 1 1 2 0 0 0 0 2 0 0 0 
2 0 0 34 34 34 0 0 0 0 1 1 32 32 33 1 0 0 1 0 0 32 32 32 1 1 2 0 0 2 0 0 2 34 32 32 0 0 0 0 1 1 32 34 32 0 0 2 2 2 0 32 32 34 1 1 0 0 1 1 16 16 16 0 2 0 0 0 0 17 17 17 2 0 0 0 0 2 16 16 16 
0
0 2 0 0 0 2 0 0 1 
2 0 0 2 2 2 0 0 0 0 1 1 0 0 1 1 0 0 1 0 0 0 0 0 1 1 2 0 0 2 0 0 2 2 0 0 0 0 0 0 1 1 0 2 0 0 0 2 2 2 0 0 0 2 1 1 0 0 1 1 0 0 0 0 2 0 1 0 0 1 1 1 2 0 0 0 0 2 0 0 0 
2 0 0 34 34 34 0 0 0 0 1 1 32 32 33 1 0 0 1 0 0 32 32 32 1 1 2 0 0 2 0 0 2 34 32 32 0 0 0 0 1 1 32 34 32 0 0 2 2 2 0 32 32 34 1 1 0 0 1 1 16 16 16 0 2 0 1 0 0 17 17 17 2 0 0 0 0 2 16 16 16 
0
0 2 0 2 0 2 0 0 1 
2 0 0 2 2 2 0 0 0 0 1 1 0 0 1 1 0 0 1 0 0 0 0 0 1 1 2 0 0 2 0 0 2 2 0 0 0 0 2 0 1 1 0 2 0 0 0 2 2 2 0 0 0 2 1 1 0 0 1 1 0 0 0 0 2 0 1 0 0 1 1 1 2 0 0 0 0 2 0 0 0 
2 0 0 34 34 34 0 0 0 0 1 1 32 32 33 1 0 0 1 0 0 32 32 32 1 1 2 32 32 34 0 0 2 34 32 32 32 32 34 0 1 1 32 34 32 32 32 34 2 2 0 32 32 34 1 1 0 0 1 1 16 16 16 0 2 0 1 0 0 17 17 17 2 0 0 0 0 2 16 16 16 
0
0 2 0 2 0 2 0 0 1 
2 0 0 2 2 2 0 0 0 0 1 1 0 0 1 1 0 0 1 0 0 0 0 0 1 1 2 0 0 2 0 0 2 2 0 0 0 0 2 0 1 1 0 2 0 0 0 2 2 2 0 0 0 2 1 1 0 0 1 1 0 0 0 0 2 0 1 1 0 1 1 1 2 0 0 0 0 2 0 0 0 
2 0 0 34 34 34 0 0 0 0 1 1 32 32 33 1 0 0 1 0 0 32 32 32 1 1 2 32 32 34 0 0 2 34 32 32 32 32 34 0 1 1 32 34 32 32 32 34 2 2 0 32 32 34 1 1 0 0 1 1 16 16 16 0 2 0 1 1 0 17 17 17 2 0 0 0 0 2 16 16 16 
0
0 2 0 2 2 2 0 0 1 
2 0 0 2 2 2 0 0 0 0 1 1 0 0 1 1 0 0 1 0 0 0 0 0 1 1 2 0 0 2 0 0 2 2 0 0 0 0 2 0 1 1 0 2 0 0 0 2 2 2 2 0 0 2 1 1 0 0 1 1 0 0 0 0 2 0 1 1 0 1 1 1 2 0 0 0 0 2 0 0 0 
2 0 0 34 34 34 0 0 0 0 1 1 32 32 33 1 0 0 1 0 0 32 32 32 1 1 2 32 32 34 32 32 34 34 32 32 32 32 34 32 33 33 32 34 32 32 32 34 34 34 34 32 32 34 1 1 0 0 1 1 16 16 16 0 2 0 1 1 0 17 17 17 2 0 0 0 0 2 16 16 16 
0
0 2 0 2 2 2 0 0 1 
2 0 0 2 2 2 0 0 0 0 1 1 0 0 1 1 0 0 1 0 0 0 0 0 1 1 2 0 0 2 0 0 2 2 0 0 0 0 2 0 1 1 0 2 0 0 0 2 2 2 2 0 0 2 1 1 0 0 1 1 0 0 0 0 2 0 1 1 0 1 1 1 2 0 0 0 0 2 0 0 0 
2 0 0 34 34 34 0 0 0 0 1 1 32 32 33 1 0 0 1 0 0 32 32 32 1 1 2 32 32 34 32 32 34 34 32 32 32 32 34 32 33 33 32 34 32 32 32 34 34 34 34 32 32 34 1 1 0 0 1 1 16 16 16 0 2 0 1 1 0 17 17 17 2 0 0 0 0 2 16 16 16 
0
