0 0 0 0 0 0 0 0 0 
0 0 0 0 0 0 0 0 0 0 0 0 0 0 0 0 0 0 0 0 0 0 0 0 0 0 0 0 0 0 0 0 0 0 0 0 0 0 0 0 1 0 0 0 0 0 0 0 0 0 0 0 0 0 0 0 0 0 0 0 0 0 0 0 0 0 0 0 0 0 0 0 0 0 0 0 0 0 0 0 0 
0 0 0 0 0 0 0 0 0 0 0 0 0 0 0 0 0 0 0 0 0 0 0 0 0 0 0 0 0 0 0 0 0 0 0 0 0 0 0 0 1 0 0 0 0 0 0 0 0 0 0 0 0 0 0 0 0 0 0 0 0 0 0 0 0 0 0 0 0 0 0 0 0 0 0 0 0 0 0 0 0 
1
0 0 0 0 0 0 0 0 0 
0 0 0 0 0 0 0 0 0 0 0 0 0 0 0 0 0 0 0 0 0 0 0 0 0 0 0 0 0 0 2 0 0 0 0 0 0 0 0 0 1 0 0 0 0 0 0 0 0 0 0 0 0 0 0 0 0 0 0 0 0 0 0 0 0 0 0 0 0 0 0 0 0 0 0 0 0 0 0 0 0 
0 0 0 0 0 0 0 0 0 0 0 0 0 0 0 0 0 0 0 0 0 0 0 0 0 0 0 0 0 0 2 0 0 0 0 0 0 0 0 0 1 0 0 0 0 0 0 0 0 0 0 0 0 0 0 0 0 0 0 0 0 0 0 0 0 0 0 0 0 0 0 0 0 0 0 0 0 0 0 0 0 
1
0 0 0 0 0 0 0 0 0 
0 0 1 0 0 0 0 0 0 0 0 0 0 0 0 0 0 0 0 0 0 0 0 0 0 0 0 0 0 0 2 0 0 0 0 0 0 0 0 0 1 0 0 0 0 0 0 0 0 0 0 0 0 0 0 0 0 0 0 0 0 0 0 0 0 0 0 0 0 0 0 0 0 0 0 0 0 0 0 0 0 
0 0 1 0 0 0 0 0 0 0 0 0 0 0 0 0 0 0 0 0 0 0 0 0 0 0 0 0 0 0 2 0 0 0 0 0 0 0 0 0 1 0 0 0 0 0 0 0 0 0 0 0 0 0 0 0 0 0 0 0 0 0 0 0 0 0 0 0 0 0 0 0 0 0 0 0 0 0 0 0 0 
1
0 0 0 0 0 0 0 0 0 
0 0 1 0 0 0 0 0 0 0 0 0 0 0 0 0 0 0 0 0 0 0 0 0 0 2 0 0 0 0 2 0 0 0 0 0 0 0 0 0 1 0 0 0 0 0 0 0 0 0 0 0 0 0 0 0 0 0 0 0 0 0 0 0 0 0 0 0 0 0 0 0 0 0 0 0 0 0 0 0 0 
0 0 1 0 0 0 0 0 0 0 0 0 0 0 0 0 0 0 0 0 0 0 0 0 0 2 0 0 0 0 2 0 0 0 0 0 0 0 0 0 1 0 0 0 0 0 0 0 0 0 0 0 0 0 0 0 0 0 0 0 0 0 0 0 0 0 0 0 0 0 0 0 0 0 0 0 0 0 0 0 0 
1
0 0 0 0 0 0 0 0 0 
0 0 1 0 0 0 0 0 0 0 0 0 0 0 0 0 0 0 0 0 0 0 0 0 0 2 0 0 0 0 2 0 0 0 0 0 0 0 0 0 1 0 0 0 0 0 0 0 0 0 0 0 0 0 0 0 0 0 0 0 0 0 0 0 0 0 0 0 0 0 0 0 0 0 0 0 1 0 0 0 0 
0 0 1 0 0 0 0 0 0 0 0 0 0 0 0 0 0 0 0 0 0 0 0 0 0 2 0 0 0 0 2 0 0 0 0 0 0 0 0 0 1 0 0 0 0 0 0 0 0 0 0 0 0 0 0 0 0 0 0 0 0 0 0 0 0 0 0 0 0 0 0 0 0 0 0 0 1 0 0 0 0 
1
0 0 0 0 0 0 0 0 0 
0 0 1 0 0 0 0 0 0 0 0 0 0 0 0 0 0 0 0 0 0 0 0 0 0 2 0 0 0 0 2 0 0 0 0 0 0 0 0 0 1 0 0 0 0 0 0 0 0 0 0 0 0 0 0 0 0 0 0 0 0 0 0 0 0 0 0 0 2 0 0 0 0 0 0 0 1 0 0 0 0 
0 0 1 0 0 0 0 0 0 0 0 0 0 0 0 0 0 0 0 0 0 0 0 0 0 2 0 0 0 0 2 0 0 0 0 0 0 0 0 0 1 0 0 0 0 0 0 0 0 0 0 0 0 0 0 0 0 0 0 0 0 0 0 0 0 0 0 0 2 0 0 0 0 0 0 0 1 0 0 0 0 
1
0 0 0 0 0 0 0 0 0 
0 0 1 0 0 0 0 0 0 0 0 0 0 0 0 0 0 0 0 0 0 0 0 0 0 2 0 0 0 0 2 0 0 1 0 0 0 0 0 0 1 0 0 0 0 0 0 0 0 0 0 0 0 0 0 0 0 0 0 0 0 0 0 0 0 0 0 0 2 0 0 0 0 0 0 0 1 0 0 0 0 
0 0 1 0 0 0 0 0 0 0 0 0 0 0 0 0 0 0 0 0 0 0 0 0 0 2 0 0 0 0 2 0 0 1 0 0 0 0 0 0 1 0 0 0 0 0 0 0 0 0 0 0 0 0 0 0 0 0 0 0 0 0 0 0 0 0 0 0 2 0 0 0 0 0 0 0 1 0 0 0 0 
1
0 0 0 0 0 0 0 0 0 
0 0 1 0 0 0 0 0 0 0 0 0 0 0 0 0 0 0 2 0 0 0 0 0 0 2 0 0 0 0 2 0 0 1 0 0 0 0 0 0 1 0 0 0 0 0 0 0 0 0 0 0 0 0 0 0 0 0 0 0 0 0 0 0 0 0 0 0 2 0 0 0 0 0 0 0 1 0 0 0 0 
0 0 1 0 0 0 0 0 0 0 0 0 0 0 0 0 0 0 2 0 0 0 0 0 0 2 0 0 0 0 2 0 0 1 0 0 0 0 0 0 1 0 0 0 0 0 0 0 0 0 0 0 0 0 0 0 0 0 0 0 0 0 0 0 0 0 0 0 2 0 0 0 0 0 0 0 1 0 0 0 0 
1
0 0 0 0 0 0 0 0 0 
0 0 1 0 0 0 0 0 0 0 0 0 0 0 0 0 0 0 2 0 0 0 0 0 0 2 0 0 0 0 2 0 0 1 0 0 0 0 0 0 1 0 0 0 0 0 0 0 0 0 0 0 0 0 0 0 0 0 0 0 0 0 0 0 0 0 0 0 2 0 0 0 0 0 1 0 1 0 0 0 0 
0 0 1 0 0 0 0 0 0 0 0 0 0 0 0 0 0 0 2 0 0 0 0 0 0 2 0 0 0 0 2 0 0 1 0 0 0 0 0 0 1 0 0 0 0 0 0 0 0 0 0 0 0 0 0 0 0 0 0 0 0 0 0 0 0 0 0 0 2 0 0 0 0 0 1 0 1 0 0 0 0 
1
0 0 0 0 0 0 0 0 0 
0 0 1 0 0 0 0 0 0 0 0 0 0 0 0 0 0 0 2 0 0 0 0 0 0 2 0 0 0 0 2 0 0 1 0 0 0 0 0 0 1 0 0 0 0 0 0 0 0 0 0 0 0 0 0 0 0 0 0 0 0 0 0 0 0 0 0 0 2 0 0 2 0 0 1 0 1 0 0 0 0 
0 0 1 0 0 0 0 0 0 0 0 0 0 0 0 0 0 0 2 0 0 0 0 0 0 2 0 0 0 0 2 0 0 1 0 0 0 0 0 0 1 0 0 0 0 0 0 0 0 0 0 0 0 0 0 0 0 0 0 0 0 0 0 0 0 0 0 0 2 0 0 2 0 0 1 0 1 0 0 0 0 
1
0 0 0 0 0 0 0 0 0 
0 0 1 0 0 0 0 0 0 0 0 0 0 0 0 0 0 0 2 0 0 0 0 0 0 2 0 0 0 0 2 0 0 1 0 0 0 0 0 0 1 0 1 0 0 0 0 0 0 0 0 0 0 0 0 0 0 0 0 0 0 0 0 0 0 0 0 0 2 0 0 2 0 0 1 0 1 0 0 0 0 
0 0 1 0 0 0 0 0 0 0 0 0 0 0 0 0 0 0 2 0 0 0 0 0 0 2 0 0 0 0 2 0 0 1 0 0 0 0 0 0 1 0 1 0 0 0 0 0 0 0 0 0 0 0 0 0 0 0 0 0 0 0 0 0 0 0 0 0 2 0 0 2 0 0 1 0 1 0 0 0 0 
1
0 0 0 0 0 0 0 0 0 
0 0 1 0 0 0 0 0 0 0 0 0 0 0 0 0 0 0 2 0 0 0 0 0 0 2 0 0 0 0 2 0 0 1 0 0 0 0 2 0 1 0 1 0 0 0 0 0 0 0 0 0 0 0 0 0 0 0 0 0 0 0 0 0 0 0 0 0 2 0 0 2 0 0 1 0 1 0 0 0 0 
0 0 1 0 0 0 0 0 0 0 0 0 0 0 0 0 0 0 2 0 0 0 0 0 0 2 0 0 0 0 2 0 0 1 0 0 0 0 2 0 1 0 1 0 0 0 0 0 0 0 0 0 0 0 0 0 0 0 0 0 0 0 0 0 0 0 0 0 2 0 0 2 0 0 1 0 1 0 0 0 0 
1
0 0 0 0 0 1 0 0 0 
0 0 1 0 0 0 0 0 0 0 0 0 0 0 0 0 0 0 2 0 0 0 0 0 0 2 0 0 0 0 2 0 0 1 0 0 0 0 2 0 1 0 1 0 0 0 0 0 0 0 0 1 0 0 0 0 0 0 0 0 0 0 0 0 0 0 0 0 2 0 0 2 0 0 1 0 1 0 0 0 0 
0 0 1 0 0 0 0 0 0 0 0 0 0 0 0 0 0 0 2 0 0 0 0 0 0 2 0 0 0 0 2 0 0 17 16 16 0 0 2 0 1 0 17 16 16 0 0 0 0 0 0 17 16 16 0 0 0 0 0 0 0 0 0 0 0 0 0 0 2 0 0 2 0 0 1 0 1 0 0 0 0 
1
0 0 0 0 0 1 0 0 0 
0 0 1 0 0 0 0 0 0 0 0 0 0 0 0 0 0 0 2 0 0 0 0 0 0 2 0 0 0 0 2 0 0 1 0 0 0 0 2 0 1 0 1 0 0 0 0 0 0 0 0 1 0 0 0 0 2 0 0 0 0 0 0 0 0 0 0 0 2 0 0 2 0 0 1 0 1 0 0 0 0 
0 0 1 0 0 0 0 0 0 0 0 0 0 0 0 0 0 0 2 0 0 0 0 0 0 2 0 0 0 0 2 0 0 17 16 16 0 0 2 0 1 0 17 16 16 0 0 0 0 0 0 17 16 16 0 0 2 0 0 0 0 0 0 0 0 0 0 0 2 0 0 2 0 0 1 0 1 0 0 0 0 
1
0 0 0 0 0 1 0 0 0 
0 0 1 0 0 0 0 0 0 0 0 0 0 0 0 0 0 0 2 0 0 0 0 0 1 2 0 0 0 0 2 0 0 1 0 0 0 0 2 0 1 0 1 0 0 0 0 0 0 0 0 1 0 0 0 0 2 0 0 0 0 0 0 0 0 0 0 0 2 0 0 2 0 0 1 0 1 0 0 0 0 
0 0 1 0 0 0 0 0 0 0 0 0 0 0 0 0 0 0 2 0 0 0 0 0 1 2 0 0 0 0 2 0 0 17 16 16 0 0 2 0 1 0 17 16 16 0 0 0 0 0 0 17 16 16 0 0 2 0 0 0 0 0 0 0 0 0 0 0 2 0 0 2 0 0 1 0 1 0 0 0 0 
1
0 0 0 0 0 1 0 0 0 
0 0 1 0 0 0 0 0 0 0 0 0 0 0 0 0 0 0 2 0 0 0 0 0 1 2 0 0 0 0 2 0 0 1 0 0 0 0 2 0 1 0 1 0 0 0 0 0 0 0 0 1 0 0 0 0 2 0 0 0 0 0 0 0 2 0 0 0 2 0 0 2 0 0 1 0 1 0 0 0 0 
0 0 1 0 0 0 0 0 0 0 0 0 0 0 0 0 0 0 2 0 0 0 0 0 1 2 0 0 0 0 2 0 0 17 16 16 0 0 2 0 1 0 17 16 16 0 0 0 0 0 0 17 16 16 0 0 2 0 0 0 0 0 0 0 2 0 0 0 2 0 0 2 0 0 1 0 1 0 0 0 0 
1
0 0 0 0 0 1 0 0 0 
0 0 1 0 0 0 0 0 0 0 0 0 0 0 0 0 0 0 2 0 0 0 0 0 1 2 0 0 0 0 2 1 0 1 0 0 0 0 2 0 1 0 1 0 0 0 0 0 0 0 0 1 0 0 0 0 2 0 0 0 0 0 0 0 2 0 0 0 2 0 0 2 0 0 1 0 1 0 0 0 0 
0 0 1 0 0 0 0 0 0 0 0 0 0 0 0 0 0 0 2 0 0 0 0 0 1 2 0 0 0 0 2 1 0 17 16 16 0 0 2 0 1 0 17 16 16 0 0 0 0 0 0 17 16 16 0 0 2 0 0 0 0 0 0 0 2 0 0 0 2 0 0 2 0 0 1 0 1 0 0 0 0 
1
0 0 0 0 0 1 0 0 0 
0 0 1 0 2 0 0 0 0 0 0 0 0 0 0 0 0 0 2 0 0 0 0 0 1 2 0 0 0 0 2 1 0 1 0 0 0 0 2 0 1 0 1 0 0 0 0 0 0 0 0 1 0 0 0 0 2 0 0 0 0 0 0 0 2 0 0 0 2 0 0 2 0 0 1 0 1 0 0 0 0 
0 0 1 0 2 0 0 0 0 0 0 0 0 0 0 0 0 0 2 0 0 0 0 0 1 2 0 0 0 0 2 1 0 17 16 16 0 0 2 0 1 0 17 16 16 0 0 0 0 0 0 17 16 16 0 0 2 0 0 0 0 0 0 0 2 0 0 0 2 0 0 2 0 0 1 0 1 0 0 0 0 
1
0 0 0 0 0 1 0 0 0 
0 0 1 1 2 0 0 0 0 0 0 0 0 0 0 0 0 0 2 0 0 0 0 0 1 2 0 0 0 0 2 1 0 1 0 0 0 0 2 0 1 0 1 0 0 0 0 0 0 0 0 1 0 0 0 0 2 0 0 0 0 0 0 0 2 0 0 0 2 0 0 2 0 0 1 0 1 0 0 0 0 
0 0 1 1 2 0 0 0 0 0 0 0 0 0 0 0 0 0 2 0 0 0 0 0 1 2 0 0 0 0 2 1 0 17 16 16 0 0 2 0 1 0 17 16 16 0 0 0 0 0 0 17 16 16 0 0 2 0 0 0 0 0 0 0 2 0 0 0 2 0 0 2 0 0 1 0 1 0 0 0 0 
1
0 0 0 0 0 1 0 0 0 
0 0 1 1 2 0 0 0 0 0 0 0 0 0 0 0 0 0 2 0 2 0 0 0 1 2 0 0 0 0 2 1 0 1 0 0 0 0 2 0 1 0 1 0 0 0 0 0 0 0 0 1 0 0 0 0 2 0 0 0 0 0 0 0 2 0 0 0 2 0 0 2 0 0 1 0 1 0 0 0 0 
0 0 1 1 2 0 0 0 0 0 0 0 0 0 0 0 0 0 2 0 2 0 0 0 1 2 0 0 0 0 2 1 0 17 16 16 0 0 2 0 1 0 17 16 16 0 0 0 0 0 0 17 16 16 0 0 2 0 0 0 0 0 0 0 2 0 0 0 2 0 0 2 0 0 1 0 1 0 0 0 0 
1
0 0 0 0 0 1 0 0 0 
0 0 1 1 2 0 0 0 0 0 0 0 0 0 0 0 0 0 2 0 2 0 0 0 1 2 0 0 0 0 2 1 0 1 0 0 0 0 2 0 1 0 1 0 0 0 0 0 0 0 0 1 0 0 0 0 2 0 0 0 0 1 0 0 2 0 0 0 2 0 0 2 0 0 1 0 1 0 0 0 0 
0 0 1 1 2 0 0 0 0 0 0 0 0 0 0 0 0 0 2 0 2 0 0 0 1 2 0 0 0 0 2 1 0 17 16 16 0 0 2 0 1 0 17 16 16 0 0 0 0 0 0 17 16 16 0 0 2 0 0 0 0 1 0 0 2 0 0 0 2 0 0 2 0 0 1 0 1 0 0 0 0 
1
0 0 0 0 0 1 0 0 0 
0 0 1 1 2 0 0 0 0 0 0 0 0 0 0 0 0 0 2 0 2 0 2 0 1 2 0 0 0 0 2 1 0 1 0 0 0 0 2 0 1 0 1 0 0 0 0 0 0 0 0 1 0 0 0 0 2 0 0 0 0 1 0 0 2 0 0 0 2 0 0 2 0 0 1 0 1 0 0 0 0 
0 0 1 1 2 0 0 0 0 0 0 0 0 0 0 0 0 0 2 0 2 0 2 0 1 2 0 0 0 0 2 1 0 17 16 16 0 0 2 0 1 0 17 16 16 0 0 0 0 0 0 17 16 16 0 0 2 0 0 0 0 1 0 0 2 0 0 0 2 0 0 2 0 0 1 0 1 0 0 0 0 
1
0 0 0 0 0 1 0 0 0 
0 0 1 1 2 0 0 0 0 0 0 0 0 0 0 0 0 0 2 0 2 0 2 0 1 2 0 0 0 0 2 1 0 1 0 0 0 0 2 0 1 0 1 0 0 0 0 0 0 0 0 1 0 0 0 0 2 0 0 0 0 1 0 0 2 0 0 0 2 0 0 2 0 0 1 1 1 0 0 0 0 
0 0 1 1 2 0 0 0 0 0 0 0 0 0 0 0 0 0 2 0 2 0 2 0 1 2 0 0 0 0 2 1 0 17 16 16 0 0 2 0 1 0 17 16 16 0 0 0 0 0 0 17 16 16 0 0 2 0 0 0 0 1 0 0 2 0 0 0 2 0 0 2 0 0 1 1 1 0 0 0 0 
1
0 0 0 0 0 1 2 0 0 
0 0 1 1 2 0 0 0 0 0 0 0 0 0 0 0 0 0 2 0 2 0 2 0 1 2 0 0 0 0 2 1 0 1 0 0 0 0 2 0 1 0 1 0 0 0 0 0 0 0 0 1 0 0 0 0 2 0 0 0 0 1 0 0 2 0 0 0 2 0 0 2 2 0 1 1 1 0 0 0 0 
0 0 1 1 2 0 0 0 0 0 0 0 0 0 0 0 0 0 2 0 2 0 2 0 1 2 0 0 0 0 2 1 0 17 16 16 0 0 2 0 1 0 17 16 16 0 0 0 0 0 0 17 16 16 32 32 34 0 0 0 0 1 0 32 34 32 0 0 2 0 0 2 34 32 33 1 1 0 0 0 0 
1
0 0 0 0 1 1 2 0 0 
0 0 1 1 2 0 0 0 0 0 0 0 0 0 0 0 0 0 2 0 2 0 2 0 1 2 0 0 0 0 2 1 0 1 0 0 0 0 2 0 1 0 1 0 0 0 0 0 0 1 0 1 0 0 0 0 2 0 0 0 0 1 0 0 2 0 0 0 2 0 0 2 2 0 1 1 1 0 0 0 0 
0 0 1 1 2 0 0 0 0 0 0 0 0 0 0 0 0 0 2 0 2 0 2 0 1 2 0 0 0 0 18 17 16 17 16 16 0 0 2 16 17 16 17 16 16 0 0 0 16 17 16 17 16 16 32 32 34 0 0 0 0 1 0 32 34 32 0 0 2 0 0 2 34 32 33 1 1 0 0 0 0 
1
0 0 0 0 1 1 2 0 0 
0 0 1 1 2 0 0 0 0 0 0 0 0 0 0 0 0 0 2 0 2 0 2 0 1 2 0 0 0 0 2 1 0 1 0 0 0 0 2 0 1 0 1 0 0 0 0 0 0 1 0 1 0 0 0 0 2 0 0 0 0 1 0 0 2 0 0 0 2 0 0 2 2 0 1 1 1 2 0 0 0 
0 0 1 1 2 0 0 0 0 0 0 0 0 0 0 0 0 0 2 0 2 0 2 0 1 2 0 0 0 0 18 17 16 17 16 16 0 0 2 16 17 16 17 16 16 0 0 0 16 17 16 17 16 16 32 32 34 0 0 0 0 1 0 32 34 32 0 0 2 0 0 2 34 32 33 1 1 2 0 0 0 
1
0 0 0 0 1 1 2 0 0 
0 0 1 1 2 0 0 0 0 0 0 0 0 0 0 0 0 0 2 0 2 0 2 0 1 2 0 0 0 0 2 1 0 1 0 0 0 0 2 0 1 0 1 0 0 0 0 0 0 1 0 1 0 0 0 0 2 0 0 0 0 1 0 0 2 0 0 0 2 0 0 2 2 0 1 1 1 2 0 0 1 
0 0 1 1 2 0 0 0 0 0 0 0 0 0 0 0 0 0 2 0 2 0 2 0 1 2 0 0 0 0 18 17 16 17 16 16 0 0 2 16 17 16 17 16 16 0 0 0 16 17 16 17 16 16 32 32 34 0 0 0 0 1 0 32 34 32 0 0 2 0 0 2 34 32 33 1 1 2 0 0 1 
1
0 0 0 0 1 1 2 0 0 
0 0 1 1 2 0 0 0 0 0 0 0 0 0 0 0 0 0 2 0 2 0 2 0 1 2 0 0 0 0 2 1 0 1 0 0 0 0 2 0 1 0 1 0 0 0 0 0 0 1 0 1 0 0 0 0 2 0 0 0 0 1 0 0 2 0 0 0 2 0 2 2 2 0 1 1 1 2 0 0 1 
0 0 1 1 2 0 0 0 0 0 0 0 0 0 0 0 0 0 2 0 2 0 2 0 1 2 0 0 0 0 18 17 16 17 16 16 0 0 2 16 17 16 17 16 16 0 0 0 16 17 16 17 16 16 32 32 34 0 0 0 0 1 0 32 34 32 0 0 2 0 2 2 34 32 33 1 1 2 0 0 1 
1
0 0 0 0 1 1 2 0 0 
0 0 1 1 2 0 0 0 0 0 0 0 0 0 0 0 0 0 2 0 2 0 2 0 1 2 0 0 0 0 2 1 0 1 0 0 0 0 2 0 1 0 1 0 0 0 0 0 0 1 0 1 0 0 0 0 2 0 0 0 0 1 0 0 2 0 0 0 2 1 2 2 2 0 1 1 1 2 0 0 1 
0 0 1 1 2 0 0 0 0 0 0 0 0 0 0 0 0 0 2 0 2 0 2 0 1 2 0 0 0 0 18 17 16 17 16 16 0 0 2 16 17 16 17 16 16 0 0 0 16 17 16 17 16 16 32 32 34 0 0 0 0 1 0 32 34 32 0 0 2 1 2 2 34 32 33 1 1 2 0 0 1 
1
0 0 0 0 1 1 2 0 0 
0 0 1 1 2 0 0 0 0 0 0 0 0 0 0 0 0 0 2 0 2 0 2 0 1 2 0 0 0 0 2 1 0 1 0 0 0 2 2 0 1 0 1 0 0 0 0 0 0 1 0 1 0 0 0 0 2 0 0 0 0 1 0 0 2 0 0 0 2 1 2 2 2 0 1 1 1 2 0 0 1 
0 0 1 1 2 0 0 0 0 0 0 0 0 0 0 0 0 0 2 0 2 0 2 0 1 2 0 0 0 0 18 17 16 17 16 16 0 2 2 16 17 16 17 16 16 0 0 0 16 17 16 17 16 16 32 32 34 0 0 0 0 1 0 32 34 32 0 0 2 1 2 2 34 32 33 1 1 2 0 0 1 
1
0 0 0 0 1 1 2 0 0 
0 0 1 1 2 0 0 0 0 0 0 0 0 0 0 0 0 0 2 1 2 0 2 0 1 2 0 0 0 0 2 1 0 1 0 0 0 2 2 0 1 0 1 0 0 0 0 0 0 1 0 1 0 0 0 0 2 0 0 0 0 1 0 0 2 0 0 0 2 1 2 2 2 0 1 1 1 2 0 0 1 
0 0 1 1 2 0 0 0 0 0 0 0 0 0 0 0 0 0 2 1 2 0 2 0 1 2 0 0 0 0 18 17 16 17 16 16 0 2 2 16 17 16 17 16 16 0 0 0 16 17 16 17 16 16 32 32 34 0 0 0 0 1 0 32 34 32 0 0 2 1 2 2 34 32 33 1 1 2 0 0 1 
1
0 0 0 0 1 1 2 2 0 
0 0 1 1 2 0 0 0 0 0 0 0 0 0 0 0 0 0 2 1 2 0 2 0 1 2 0 0 0 0 2 1 0 1 0 0 0 2 2 0 1 0 1 0 0 0 0 0 0 1 0 1 0 0 0 0 2 0 0 2 0 1 0 0 2 0 0 0 2 1 2 2 2 0 1 1 1 2 0 0 1 
0 0 1 1 2 0 0 0 0 0 0 0 0 0 0 0 0 0 2 1 2 0 2 0 1 2 0 0 0 0 18 17 16 17 16 16 0 2 2 16 17 16 17 16 16 0 0 0 16 17 16 17 16 16 32 32 34 32 32 34 0 1 0 32 34 32 32 32 34 1 2 2 34 32 33 33 33 34 0 0 1 
1
0 0 0 0 1 1 2 2 0 
0 0 1 1 2 0 0 1 0 0 0 0 0 0 0 0 0 0 2 1 2 0 2 0 1 2 0 0 0 0 2 1 0 1 0 0 0 2 2 0 1 0 1 0 0 0 0 0 0 1 0 1 0 0 0 0 2 0 0 2 0 1 0 0 2 0 0 0 2 1 2 2 2 0 1 1 1 2 0 0 1 
0 0 1 1 2 0 0 1 0 0 0 0 0 0 0 0 0 0 2 1 2 0 2 0 1 2 0 0 0 0 18 17 16 17 16 16 0 2 2 16 17 16 17 16 16 0 0 0 16 17 16 17 16 16 32 32 34 32 32 34 0 1 0 32 34 32 32 32 34 1 2 2 34 32 33 33 33 34 0 0 1 
1
0 0 0 0 1 1 2 2 0 
0 0 1 1 2 2 0 1 0 0 0 0 0 0 0 0 0 0 2 1 2 0 2 0 1 2 0 0 0 0 2 1 0 1 0 0 0 2 2 0 1 0 1 0 0 0 0 0 0 1 0 1 0 0 0 0 2 0 0 2 0 1 0 0 2 0 0 0 2 1 2 2 2 0 1 1 1 2 0 0 1 
0 0 1 1 2 2 0 1 0 0 0 0 0 0 0 0 0 0 2 1 2 0 2 0 1 2 0 0 0 0 18 17 16 17 16 16 0 2 2 16 17 16 17 16 16 0 0 0 16 17 16 17 16 16 32 32 34 32 32 34 0 1 0 32 34 32 32 32 34 1 2 2 34 32 33 33 33 34 0 0 1 
1
0 0 0 0 1 1 2 2 0 
0 0 1 1 2 2 0 1 1 0 0 0 0 0 0 0 0 0 2 1 2 0 2 0 1 2 0 0 0 0 2 1 0 1 0 0 0 2 2 0 1 0 1 0 0 0 0 0 0 1 0 1 0 0 0 0 2 0 0 2 0 1 0 0 2 0 0 0 2 1 2 2 2 0 1 1 1 2 0 0 1 
0 0 1 1 2 2 0 1 1 0 0 0 0 0 0 0 0 0 2 1 2 0 2 0 1 2 0 0 0 0 18 17 16 17 16 16 0 2 2 16 17 16 17 16 16 0 0 0 16 17 16 17 16 16 32 32 34 32 32 34 0 1 0 32 34 32 32 32 34 1 2 2 34 32 33 33 33 34 0 0 1 
1
0 0 0 0 1 1 2 2 0 
0 0 1 1 2 2 0 1 1 0 0 0 0 0 0 0 2 0 2 1 2 0 2 0 1 2 0 0 0 0 2 1 0 1 0 0 0 2 2 0 1 0 1 0 0 0 0 0 0 1 0 1 0 0 0 0 2 0 0 2 0 1 0 0 2 0 0 0 2 1 2 2 2 0 1 1 1 2 0 0 1 
0 0 1 1 2 2 0 1 1 0 0 0 0 0 0 0 2 0 2 1 2 0 2 0 1 2 0 0 0 0 18 17 16 17 16 16 0 2 2 16 17 16 17 16 16 0 0 0 16 17 16 17 16 16 32 32 34 32 32 34 0 1 0 32 34 32 32 32 34 1 2 2 34 32 33 33 33 34 0 0 1 
1
0 0 0 0 1 1 2 2 0 
0 1 1 1 2 2 0 1 1 0 0 0 0 0 0 0 2 0 2 1 2 0 2 0 1 2 0 0 0 0 2 1 0 1 0 0 0 2 2 0 1 0 1 0 0 0 0 0 0 1 0 1 0 0 0 0 2 0 0 2 0 1 0 0 2 0 0 0 2 1 2 2 2 0 1 1 1 2 0 0 1 
0 1 1 1 2 2 0 1 1 0 0 0 0 0 0 0 2 0 2 1 2 0 2 0 1 2 0 0 0 0 18 17 16 17 16 16 0 2 2 16 17 16 17 16 16 0 0 0 16 17 16 17 16 16 32 32 34 32 32 34 0 1 0 32 34 32 32 32 34 1 2 2 34 32 33 33 33 34 0 0 1 
1
0 2 0 0 1 1 2 2 0 
0 1 1 1 2 2 0 1 1 0 0 0 0 2 0 0 2 0 2 1 2 0 2 0 1 2 0 0 0 0 2 1 0 1 0 0 0 2 2 0 1 0 1 0 0 0 0 0 0 1 0 1 0 0 0 0 2 0 0 2 0 1 0 0 2 0 0 0 2 1 2 2 2 0 1 1 1 2 0 0 1 
0 1 1 33 34 34 0 1 1 0 0 0 32 34 32 0 2 0 2 1 2 32 34 32 1 2 0 0 0 0 18 17 16 17 16 16 0 2 2 16 17 16 17 16 16 0 0 0 16 17 16 17 16 16 32 32 34 32 32 34 0 1 0 32 34 32 32 32 34 1 2 2 34 32 33 33 33 34 0 0 1 
1
0 2 0 0 1 1 2 2 0 
0 1 1 1 2 2 0 1 1 0 0 0 0 2 0 0 2 0 2 1 2 0 2 0 1 2 0 0 0 0 2 1 0 1 0 0 0 2 2 0 1 0 1 0 0 0 0 0 0 1 0 1 0 0 0 0 2 0 0 2 0 1 1 0 2 0 0 0 2 1 2 2 2 0 1 1 1 2 0 0 1 
0 1 1 33 34 34 0 1 1 0 0 0 32 34 32 0 2 0 2 1 2 32 34 32 1 2 0 0 0 0 18 17 16 17 16 16 0 2 2 16 17 16 17 16 16 0 0 0 16 17 16 17 16 16 32 32 34 32 32 34 0 1 1 32 34 32 32 32 34 1 2 2 34 32 33 33 33 34 0 0 1 
1
0 2 0 0 1 1 2 2 0 
0 1 1 1 2 2 0 1 1 0 0 0 0 2 0 2 2 0 2 1 2 0 2 0 1 2 0 0 0 0 2 1 0 1 0 0 0 2 2 0 1 0 1 0 0 0 0 0 0 1 0 1 0 0 0 0 2 0 0 2 0 1 1 0 2 0 0 0 2 1 2 2 2 0 1 1 1 2 0 0 1 
0 1 1 33 34 34 0 1 1 0 0 0 32 34 32 2 2 0 2 1 2 32 34 32 1 2 0 0 0 0 18 17 16 17 16 16 0 2 2 16 17 16 17 16 16 0 0 0 16 17 16 17 16 16 32 32 34 32 32 34 0 1 1 32 34 32 32 32 34 1 2 2 34 32 33 33 33 34 0 0 1 
1
0 2 0 0 1 1 2 2 0 
0 1 1 1 2 2 0 1 1 0 0 0 0 2 0 2 2 0 2 1 2 0 2 0 1 2 0 0 0 0 2 1 0 1 0 0 1 2 2 0 1 0 1 0 0 0 0 0 0 1 0 1 0 0 0 0 2 0 0 2 0 1 1 0 2 0 0 0 2 1 2 2 2 0 1 1 1 2 0 0 1 
0 1 1 33 34 34 0 1 1 0 0 0 32 34 32 2 2 0 2 1 2 32 34 32 1 2 0 0 0 0 18 17 16 17 16 16 1 2 2 16 17 16 17 16 16 0 0 0 16 17 16 17 16 16 32 32 34 32 32 34 0 1 1 32 34 32 32 32 34 1 2 2 34 32 33 33 33 34 0 0 1 
1
0 2 0 0 1 1 2 2 0 
0 1 1 1 2 2 0 1 1 0 0 0 0 2 0 2 2 0 2 1 2 0 2 0 1 2 0 0 0 2 2 1 0 1 0 0 1 2 2 0 1 0 1 0 0 0 0 0 0 1 0 1 0 0 0 0 2 0 0 2 0 1 1 0 2 0 0 0 2 1 2 2 2 0 1 1 1 2 0 0 1 
0 1 1 33 34 34 0 1 1 0 0 0 32 34 32 2 2 0 2 1 2 32 34 32 1 2 0 0 0 2 18 17 16 17 16 16 1 2 2 16 17 16 17 16 16 0 0 0 16 17 16 17 16 16 32 32 34 32 32 34 0 1 1 32 34 32 32 32 34 1 2 2 34 32 33 33 33 34 0 0 1 
1
0 2 1 0 1 1 2 2 0 
0 1 1 1 2 2 1 1 1 0 0 0 0 2 0 2 2 0 2 1 2 0 2 0 1 2 0 0 0 2 2 1 0 1 0 0 1 2 2 0 1 0 1 0 0 0 0 0 0 1 0 1 0 0 0 0 2 0 0 2 0 1 1 0 2 0 0 0 2 1 2 2 2 0 1 1 1 2 0 0 1 
0 1 1 33 34 34 17 17 17 0 0 0 32 34 32 18 18 16 2 1 2 32 34 32 17 18 16 0 0 2 18 17 16 17 16 16 1 2 2 16 17 16 17 16 16 0 0 0 16 17 16 17 16 16 32 32 34 32 32 34 0 1 1 32 34 32 32 32 34 1 2 2 34 32 33 33 33 34 0 0 1 
1
0 2 1 0 1 1 2 2 0 
2 1 1 1 2 2 1 1 1 0 0 0 0 2 0 2 2 0 2 1 2 0 2 0 1 2 0 0 0 2 2 1 0 1 0 0 1 2 2 0 1 0 1 0 0 0 0 0 0 1 0 1 0 0 0 0 2 0 0 2 0 1 1 0 2 0 0 0 2 1 2 2 2 0 1 1 1 2 0 0 1 
2 1 1 33 34 34 17 17 17 0 0 0 32 34 32 18 18 16 2 1 2 32 34 32 17 18 16 0 0 2 18 17 16 17 16 16 1 2 2 16 17 16 17 16 16 0 0 0 16 17 16 17 16 16 32 32 34 32 32 34 0 1 1 32 34 32 32 32 34 1 2 2 34 32 33 33 33 34 0 0 1 
1
1 2 1 0 1 1 2 2 0 
2 1 1 1 2 2 1 1 1 0 1 0 0 2 0 2 2 0 2 1 2 0 2 0 1 2 0 0 0 2 2 1 0 1 0 0 1 2 2 0 1 0 1 0 0 0 0 0 0 1 0 1 0 0 0 0 2 0 0 2 0 1 1 0 2 0 0 0 2 1 2 2 2 0 1 1 1 2 0 0 1 
18 17 17 33 34 34 17 17 17 16 17 16 32 34 32 18 18 16 18 17 18 32 34 32 17 18 16 0 0 2 18 17 16 17 16 16 1 2 2 16 17 16 17 16 16 0 0 0 16 17 16 17 16 16 32 32 34 32 32 34 0 1 1 32 34 32 32 32 34 1 2 2 34 32 33 33 33 34 0 0 1 
1
1 2 1 0 1 1 2 2 0 
2 1 1 1 2 2 1 1 1 0 1 0 0 2 0 2 2 0 2 1 2 0 2 0 1 2 0 0 0 2 2 1 0 1 0 0 1 2 2 0 1 0 1 0 0 0 0 0 0 1 0 1 0 0 0 0 2 0 0 2 2 1 1 0 2 0 0 0 2 1 2 2 2 0 1 1 1 2 0 0 1 
18 17 17 33 34 34 17 17 17 16 17 16 32 34 32 18 18 16 18 17 18 32 34 32 17 18 16 0 0 2 18 17 16 17 16 16 1 2 2 16 17 16 17 16 16 0 0 0 16 17 16 17 16 16 32 32 34 32 32 34 2 1 1 32 34 32 32 32 34 1 2 2 34 32 33 33 33 34 0 0 1 
1
1 2 1 0 1 1 2 2 0 
2 1 1 1 2 2 1 1 1 0 1 0 0 2 0 2 2 0 2 1 2 0 2 0 1 2 0 0 0 2 2 1 0 1 0 0 1 2 2 0 1 0 1 0 0 0 0 1 0 1 0 1 0 0 0 0 2 0 0 2 2 1 1 0 2 0 0 0 2 1 2 2 2 0 1 1 1 2 0 0 1 
18 17 17 33 34 34 17 17 17 16 17 16 32 34 32 18 18 16 18 17 18 32 34 32 17 18 16 0 0 2 18 17 16 17 16 16 1 2 2 16 17 16 17 16 16 0 0 1 16 17 16 17 16 16 32 32 34 32 32 34 2 1 1 32 34 32 32 32 34 1 2 2 34 32 33 33 33 34 0 0 1 
1
1 2 1 0 1 1 2 2 0 
2 1 1 1 2 2 1 1 1 0 1 0 0 2 0 2 2 0 2 1 2 0 2 0 1 2 0 0 0 2 2 1 0 1 0 0 1 2 2 0 1 0 1 0 0 0 0 1 0 1 0 1 0 0 0 0 2 0 0 2 2 1 1 0 2 0 0 0 2 1 2 2 2 0 1 1 1 2 2 0 1 
18 17 17 33 34 34 17 17 17 16 17 16 32 34 32 18 18 16 18 17 18 32 34 32 17 18 16 0 0 2 18 17 16 17 16 16 1 2 2 16 17 16 17 16 16 0 0 1 16 17 16 17 16 16 32 32 34 32 32 34 2 1 1 32 34 32 32 32 34 1 2 2 34 32 33 33 33 34 2 0 1 
1
1 2 1 0 1 1 2 2 0 
2 1 1 1 2 2 1 1 1 0 1 0 0 2 0 2 2 0 2 1 2 0 2 0 1 2 0 0 0 2 2 1 0 1 0 0 1 2 2 0 1 0 1 0 0 1 0 1 0 1 0 1 0 0 0 0 2 0 0 2 2 1 1 0 2 0 0 0 2 1 2 2 2 0 1 1 1 2 2 0 1 
18 17 17 33 34 34 17 17 17 16 17 16 32 34 32 18 18 16 18 17 18 32 34 32 17 18 16 0 0 2 18 17 16 17 16 16 1 2 2 16 17 16 17 16 16 1 0 1 16 17 16 17 16 16 32 32 34 32 32 34 2 1 1 32 34 32 32 32 34 1 2 2 34 32 33 33 33 34 2 0 1 
1
1 2 1 0 1 1 2 2 0 
2 1 1 1 2 2 1 1 1 0 1 0 0 2 0 2 2 0 2 1 2 0 2 0 1 2 0 2 0 2 2 1 0 1 0 0 1 2 2 0 1 0 1 0 0 1 0 1 0 1 0 1 0 0 0 0 2 0 0 2 2 1 1 0 2 0 0 0 2 1 2 2 2 0 1 1 1 2 2 0 1 
18 17 17 33 34 34 17 17 17 16 17 16 32 34 32 18 18 16 18 17 18 32 34 32 17 18 16 2 0 2 18 17 16 17 16 16 1 2 2 16 17 16 17 16 16 1 0 1 16 17 16 17 16 16 32 32 34 32 32 34 2 1 1 32 34 32 32 32 34 1 2 2 34 32 33 33 33 34 2 0 1 
1
1 2 1 1 1 1 2 2 0 
2 1 1 1 2 2 1 1 1 0 1 0 0 2 0 2 2 0 2 1 2 0 2 0 1 2 0 2 0 2 2 1 0 1 0 0 1 2 2 0 1 0 1 0 0 1 1 1 0 1 0 1 0 0 0 0 2 0 0 2 2 1 1 0 2 0 0 0 2 1 2 2 2 0 1 1 1 2 2 0 1 
18 17 17 33 34 34 17 17 17 16 17 16 32 34 32 18 18 16 18 17 18 32 34 32 17 18 16 18 16 18 18 17 16 17 16 16 17 18 18 16 17 16 17 16 16 17 17 17 16 17 16 17 16 16 32 32 34 32 32 34 2 1 1 32 34 32 32 32 34 1 2 2 34 32 33 33 33 34 2 0 1 
1
1 2 1 1 1 1 2 2 0 
2 1 1 1 2 2 1 1 1 0 1 0 0 2 0 2 2 0 2 1 2 0 2 0 1 2 0 2 0 2 2 1 0 1 0 0 1 2 2 0 1 0 1 0 0 1 1 1 0 1 0 1 0 0 0 0 2 0 0 2 2 1 1 0 2 0 0 0 2 1 2 2 2 0 1 1 1 2 2 0 1 
18 17 17 33 34 34 17 17 17 16 17 16 32 34 32 18 18 16 18 17 18 32 34 32 17 18 16 18 16 18 18 17 16 17 16 16 17 18 18 16 17 16 17 16 16 17 17 17 16 17 16 17 16 16 32 32 34 32 32 34 2 1 1 32 34 32 32 32 34 1 2 2 34 32 33 33 33 34 2 0 1 
1
