0 0 0 0 0 0 0 0 0 
0 0 0 0 0 0 0 0 0 0 0 0 0 0 0 0 0 0 0 0 0 0 0 0 0 0 0 0 0 0 0 0 0 0 0 0 0 0 0 0 1 0 0 0 0 0 0 0 0 0 0 0 0 0 0 0 0 0 0 0 0 0 0 0 0 0 0 0 0 0 0 0 0 0 0 0 0 0 0 0 0 
0 0 0 0 0 0 0 0 0 0 0 0 0 0 0 0 0 0 0 0 0 0 0 0 0 0 0 0 0 0 0 0 0 0 0 0 0 0 0 0 1 0 0 0 0 0 0 0 0 0 0 0 0 0 0 0 0 0 0 0 0 0 0 0 0 0 0 0 0 0 0 0 0 0 0 0 0 0 0 0 0 
0
0 0 0 0 0 0 0 0 0 
0 0 0 0 0 0 0 0 0 0 0 0 0 0 0 0 0 0 0 0 0 0 0 0 0 0 0 0 0 0 0 0 0 0 0 0 0 0 0 0 1 0 0 0 0 0 0 0 0 0 2 0 0 0 0 0 0 0 0 0 0 0 0 0 0 0 0 0 0 0 0 0 0 0 0 0 0 0 0 0 0 
0 0 0 0 0 0 0 0 0 0 0 0 0 0 0 0 0 0 0 0 0 0 0 0 0 0 0 0 0 0 0 0 0 0 0 0 0 0 0 0 1 0 0 0 0 0 0 0 0 0 2 0 0 0 0 0 0 0 0 0 0 0 0 0 0 0 0 0 0 0 0 0 0 0 0 0 0 0 0 0 0 
0
0 0 0 0 0 0 0 0 0 
0 0 0 0 0 0 0 0 0 0 0 0 0 0 0 0 0 0 0 0 0 0 0 0 0 0 0 0 0 0 0 0 0 0 0 0 0 0 0 0 1 0 0 0 0 0 0 0 0 0 2 0 0 0 0 0 0 0 0 0 0 0 1 0 0 0 0 0 0 0 0 0 0 0 0 0 0 0 0 0 0 
0 0 0 0 0 0 0 0 0 0 0 0 0 0 0 0 0 0 0 0 0 0 0 0 0 0 0 0 0 0 0 0 0 0 0 0 0 0 0 0 1 0 0 0 0 0 0 0 0 0 2 0 0 0 0 0 0 0 0 0 0 0 1 0 0 0 0 0 0 0 0 0 0 0 0 0 0 0 0 0 0 
0
0 0 0 0 0 0 0 0 0 
0 0 0 0 0 0 0 0 0 0 0 0 0 0 0 2 0 0 0 0 0 0 0 0 0 0 0 0 0 0 0 0 0 0 0 0 0 0 0 0 1 0 0 0 0 0 0 0 0 0 2 0 0 0 0 0 0 0 0 0 0 0 1 0 0 0 0 0 0 0 0 0 0 0 0 0 0 0 0 0 0 
0 0 0 0 0 0 0 0 0 0 0 0 0 0 0 2 0 0 0 0 0 0 0 0 0 0 0 0 0 0 0 0 0 0 0 0 0 0 0 0 1 0 0 0 0 0 0 0 0 0 2 0 0 0 0 0 0 0 0 0 0 0 1 0 0 0 0 0 0 0 0 0 0 0 0 0 0 0 0 0 0 
0
0 0 0 0 0 0 0 0 0 
0 0 0 0 0 0 0 0 0 0 0 0 0 0 0 2 0 0 0 0 0 0 0 0 0 0 0 0 0 0 0 0 0 0 0 0 0 0 1 0 1 0 0 0 0 0 0 0 0 0 2 0 0 0 0 0 0 0 0 0 0 0 1 0 0 0 0 0 0 0 0 0 0 0 0 0 0 0 0 0 0 
0 0 0 0 0 0 0 0 0 0 0 0 0 0 0 2 0 0 0 0 0 0 0 0 0 0 0 0 0 0 0 0 0 0 0 0 0 0 1 0 1 0 0 0 0 0 0 0 0 0 2 0 0 0 0 0 0 0 0 0 0 0 1 0 0 0 0 0 0 0 0 0 0 0 0 0 0 0 0 0 0 
0
0 0 0 0 0 0 0 0 0 
0 0 0 0 0 0 0 0 0 0 0 0 0 0 0 2 0 0 0 0 0 0 0 0 0 0 0 0 0 0 0 0 0 0 2 0 0 0 1 0 1 0 0 0 0 0 0 0 0 0 2 0 0 0 0 0 0 0 0 0 0 0 1 0 0 0 0 0 0 0 0 0 0 0 0 0 0 0 0 0 0 
0 0 0 0 0 0 0 0 0 0 0 0 0 0 0 2 0 0 0 0 0 0 0 0 0 0 0 0 0 0 0 0 0 0 2 0 0 0 1 0 1 0 0 0 0 0 0 0 0 0 2 0 0 0 0 0 0 0 0 0 0 0 1 0 0 0 0 0 0 0 0 0 0 0 0 0 0 0 0 0 0 
0
0 0 0 0 0 0 0 0 0 
0 0 0 0 0 0 0 0 0 0 0 0 0 0 0 2 0 0 0 0 0 0 1 0 0 0 0 0 0 0 0 0 0 0 2 0 0 0 1 0 1 0 0 0 0 0 0 0 0 0 2 0 0 0 0 0 0 0 0 0 0 0 1 0 0 0 0 0 0 0 0 0 0 0 0 0 0 0 0 0 0 
0 0 0 0 0 0 0 0 0 0 0 0 0 0 0 2 0 0 0 0 0 0 1 0 0 0 0 0 0 0 0 0 0 0 2 0 0 0 1 0 1 0 0 0 0 0 0 0 0 0 2 0 0 0 0 0 0 0 0 0 0 0 1 0 0 0 0 0 0 0 0 0 0 0 0 0 0 0 0 0 0 
0
0 0 0 0 0 0 0 0 0 
0 0 0 0 0 0 0 0 0 0 0 0 0 0 0 2 0 0 0 0 0 0 1 0 0 0 0 0 0 0 0 0 0 0 2 0 0 0 1 0 1 0 0 0 0 0 0 0 0 0 2 0 0 0 0 0 0 0 0 0 0 0 1 0 0 0 0 0 0 0 0 0 0 0 0 2 0 0 0 0 0 
0 0 0 0 0 0 0 0 0 0 0 0 0 0 0 2 0 0 0 0 0 0 1 0 0 0 0 0 0 0 0 0 0 0 2 0 0 0 1 0 1 0 0 0 0 0 0 0 0 0 2 0 0 0 0 0 0 0 0 0 0 0 1 0 0 0 0 0 0 0 0 0 0 0 0 2 0 0 0 0 0 
0
0 0 0 0 0 0 0 0 0 
0 0 0 0 0 0 0 0 0 0 0 0 0 0 0 2 0 0 0 0 0 0 1 0 0 0 0 0 0 0 0 0 0 0 2 0 0 0 1 0 1 0 0 0 0 0 0 0 0 0 2 0 0 0 0 0 0 0 0 0 0 0 1 1 0 0 0 0 0 0 0 0 0 0 0 2 0 0 0 0 0 
0 0 0 0 0 0 0 0 0 0 0 0 0 0 0 2 0 0 0 0 0 0 1 0 0 0 0 0 0 0 0 0 0 0 2 0 0 0 1 0 1 0 0 0 0 0 0 0 0 0 2 0 0 0 0 0 0 0 0 0 0 0 1 1 0 0 0 0 0 0 0 0 0 0 0 2 0 0 0 0 0 
0
0 0 0 0 0 0 0 0 0 
0 0 0 0 0 0 0 0 0 0 0 0 0 0 0 2 0 0 0 0 0 0 1 0 0 0 0 0 2 0 0 0 0 0 2 0 0 0 1 0 1 0 0 0 0 0 0 0 0 0 2 0 0 0 0 0 0 0 0 0 0 0 1 1 0 0 0 0 0 0 0 0 0 0 0 2 0 0 0 0 0 
0 0 0 0 0 0 0 0 0 0 0 0 0 0 0 2 0 0 0 0 0 0 1 0 0 0 0 0 2 0 0 0 0 0 2 0 0 0 1 0 1 0 0 0 0 0 0 0 0 0 2 0 0 0 0 0 0 0 0 0 0 0 1 1 0 0 0 0 0 0 0 0 0 0 0 2 0 0 0 0 0 
0
0 0 0 0 0 0 0 0 0 
0 0 0 0 1 0 0 0 0 0 0 0 0 0 0 2 0 0 0 0 0 0 1 0 0 0 0 0 2 0 0 0 0 0 2 0 0 0 1 0 1 0 0 0 0 0 0 0 0 0 2 0 0 0 0 0 0 0 0 0 0 0 1 1 0 0 0 0 0 0 0 0 0 0 0 2 0 0 0 0 0 
0 0 0 0 1 0 0 0 0 0 0 0 0 0 0 2 0 0 0 0 0 0 1 0 0 0 0 0 2 0 0 0 0 0 2 0 0 0 1 0 1 0 0 0 0 0 0 0 0 0 2 0 0 0 0 0 0 0 0 0 0 0 1 1 0 0 0 0 0 0 0 0 0 0 0 2 0 0 0 0 0 
0
0 0 0 0 0 0 0 0 0 
0 0 0 0 1 2 0 0 0 0 0 0 0 0 0 2 0 0 0 0 0 0 1 0 0 0 0 0 2 0 0 0 0 0 2 0 0 0 1 0 1 0 0 0 0 0 0 0 0 0 2 0 0 0 0 0 0 0 0 0 0 0 1 1 0 0 0 0 0 0 0 0 0 0 0 2 0 0 0 0 0 
0 0 0 0 1 2 0 0 0 0 0 0 0 0 0 2 0 0 0 0 0 0 1 0 0 0 0 0 2 0 0 0 0 0 2 0 0 0 1 0 1 0 0 0 0 0 0 0 0 0 2 0 0 0 0 0 0 0 0 0 0 0 1 1 0 0 0 0 0 0 0 0 0 0 0 2 0 0 0 0 0 
0
0 0 0 0 0 0 0 0 0 
0 0 0 0 1 2 0 0 0 0 0 0 0 0 0 2 0 0 0 0 0 0 1 0 0 0 1 0 2 0 0 0 0 0 2 0 0 0 1 0 1 0 0 0 0 0 0 0 0 0 2 0 0 0 0 0 0 0 0 0 0 0 1 1 0 0 0 0 0 0 0 0 0 0 0 2 0 0 0 0 0 
0 0 0 0 1 2 0 0 0 0 0 0 0 0 0 2 0 0 0 0 0 0 1 0 0 0 1 0 2 0 0 0 0 0 2 0 0 0 1 0 1 0 0 0 0 0 0 0 0 0 2 0 0 0 0 0 0 0 0 0 0 0 1 1 0 0 0 0 0 0 0 0 0 0 0 2 0 0 0 0 0 
0
0 0 0 0 0 0 0 0 0 
0 0 0 0 1 2 0 0 0 0 0 0 0 0 0 2 0 0 0 0 0 0 1 0 0 0 1 0 2 0 0 0 0 0 2 0 0 0 1 0 1 0 0 0 0 0 0 0 0 0 2 0 0 0 0 0 0 0 0 0 0 0 1 1 0 0 0 0 0 0 0 0 0 0 0 2 0 0 2 0 0 
0 0 0 0 1 2 0 0 0 0 0 0 0 0 0 2 0 0 0 0 0 0 1 0 0 0 1 0 2 0 0 0 0 0 2 0 0 0 1 0 1 0 0 0 0 0 0 0 0 0 2 0 0 0 0 0 0 0 0 0 0 0 1 1 0 0 0 0 0 0 0 0 0 0 0 2 0 0 2 0 0 
0
0 0 0 0 0 0 0 0 0 
0 0 0 0 1 2 0 0 0 0 0 0 0 0 0 2 0 0 0 0 0 0 1 0 0 0 1 0 2 0 0 0 0 0 2 0 0 0 1 0 1 0 0 0 0 0 0 0 0 0 2 0 0 0 0 0 0 0 0 0 0 0 1 1 0 1 0 0 0 0 0 0 0 0 0 2 0 0 2 0 0 
0 0 0 0 1 2 0 0 0 0 0 0 0 0 0 2 0 0 0 0 0 0 1 0 0 0 1 0 2 0 0 0 0 0 2 0 0 0 1 0 1 0 0 0 0 0 0 0 0 0 2 0 0 0 0 0 0 0 0 0 0 0 1 1 0 1 0 0 0 0 0 0 0 0 0 2 0 0 2 0 0 
0
0 0 0 0 0 0 0 0 0 
0 0 0 0 1 2 0 0 0 0 0 0 0 0 0 2 0 0 0 0 0 0 1 0 0 0 1 0 2 0 0 0 0 0 2 0 0 0 1 0 1 0 0 0 0 0 0 0 0 0 2 2 0 0 0 0 0 0 0 0 0 0 1 1 0 1 0 0 0 0 0 0 0 0 0 2 0 0 2 0 0 
0 0 0 0 1 2 0 0 0 0 0 0 0 0 0 2 0 0 0 0 0 0 1 0 0 0 1 0 2 0 0 0 0 0 2 0 0 0 1 0 1 0 0 0 0 0 0 0 0 0 2 2 0 0 0 0 0 0 0 0 0 0 1 1 0 1 0 0 0 0 0 0 0 0 0 2 0 0 2 0 0 
0
0 0 0 0 0 0 1 0 0 
0 0 0 0 1 2 0 0 0 0 0 0 0 0 0 2 0 0 0 0 0 0 1 0 0 0 1 0 2 0 0 0 0 0 2 0 0 0 1 0 1 0 0 0 0 0 0 0 0 0 2 2 0 0 0 0 0 0 0 0 0 0 1 1 1 1 0 0 0 0 0 0 0 0 0 2 0 0 2 0 0 
0 0 0 0 1 2 0 0 0 0 0 0 0 0 0 2 0 0 0 0 0 0 1 0 0 0 1 0 2 0 0 0 0 0 2 0 0 0 1 0 1 0 0 0 0 0 0 0 0 0 2 2 0 0 16 16 16 0 0 0 0 0 1 17 17 17 0 0 0 0 0 0 16 16 16 2 0 0 2 0 0 
0
0 0 0 0 0 0 1 0 0 
0 0 0 0 1 2 0 0 0 0 0 0 0 0 0 2 0 0 0 0 0 0 1 0 0 0 1 0 2 0 0 0 0 0 2 0 0 0 1 0 1 2 0 0 0 0 0 0 0 0 2 2 0 0 0 0 0 0 0 0 0 0 1 1 1 1 0 0 0 0 0 0 0 0 0 2 0 0 2 0 0 
0 0 0 0 1 2 0 0 0 0 0 0 0 0 0 2 0 0 0 0 0 0 1 0 0 0 1 0 2 0 0 0 0 0 2 0 0 0 1 0 1 2 0 0 0 0 0 0 0 0 2 2 0 0 16 16 16 0 0 0 0 0 1 17 17 17 0 0 0 0 0 0 16 16 16 2 0 0 2 0 0 
0
0 0 0 0 0 0 1 0 0 
0 0 0 0 1 2 0 0 0 0 0 0 0 0 0 2 0 0 0 0 0 0 1 0 0 0 1 0 2 0 0 0 0 0 2 0 0 0 1 0 1 2 0 0 1 0 0 0 0 0 2 2 0 0 0 0 0 0 0 0 0 0 1 1 1 1 0 0 0 0 0 0 0 0 0 2 0 0 2 0 0 
0 0 0 0 1 2 0 0 0 0 0 0 0 0 0 2 0 0 0 0 0 0 1 0 0 0 1 0 2 0 0 0 0 0 2 0 0 0 1 0 1 2 0 0 1 0 0 0 0 0 2 2 0 0 16 16 16 0 0 0 0 0 1 17 17 17 0 0 0 0 0 0 16 16 16 2 0 0 2 0 0 
0
0 0 0 0 0 0 1 0 0 
0 0 0 0 1 2 0 0 0 0 0 0 0 0 0 2 0 0 0 0 0 0 1 0 0 0 1 0 2 0 0 0 0 0 2 0 0 0 1 0 1 2 0 0 1 0 0 0 0 0 2 2 2 0 0 0 0 0 0 0 0 0 1 1 1 1 0 0 0 0 0 0 0 0 0 2 0 0 2 0 0 
0 0 0 0 1 2 0 0 0 0 0 0 0 0 0 2 0 0 0 0 0 0 1 0 0 0 1 0 2 0 0 0 0 0 2 0 0 0 1 0 1 2 0 0 1 0 0 0 0 0 2 2 2 0 16 16 16 0 0 0 0 0 1 17 17 17 0 0 0 0 0 0 16 16 16 2 0 0 2 0 0 
0
0 0 0 0 0 0 1 0 0 
0 0 0 0 1 2 0 0 0 0 0 0 0 0 0 2 0 0 0 0 0 0 1 0 0 0 1 0 2 0 0 0 0 0 2 0 0 0 1 0 1 2 0 0 1 0 0 0 0 0 2 2 2 0 0 0 0 0 0 0 0 0 1 1 1 1 0 0 1 0 0 0 0 0 0 2 0 0 2 0 0 
0 0 0 0 1 2 0 0 0 0 0 0 0 0 0 2 0 0 0 0 0 0 1 0 0 0 1 0 2 0 0 0 0 0 2 0 0 0 1 0 1 2 0 0 1 0 0 0 0 0 2 2 2 0 16 16 16 0 0 0 0 0 1 17 17 17 0 0 1 0 0 0 16 16 16 2 0 0 2 0 0 
0
0 0 0 0 0 2 1 0 0 
0 0 0 0 1 2 0 0 0 0 0 0 0 0 0 2 0 0 0 0 0 0 1 0 0 0 1 0 2 0 0 0 0 0 2 0 0 0 1 0 1 2 0 0 1 0 0 0 0 0 2 2 2 2 0 0 0 0 0 0 0 0 1 1 1 1 0 0 1 0 0 0 0 0 0 2 0 0 2 0 0 
0 0 0 0 1 2 0 0 0 0 0 0 0 0 0 2 0 0 0 0 0 0 1 0 0 0 1 0 2 0 0 0 0 32 34 32 0 0 1 0 1 2 32 32 33 0 0 0 0 0 2 34 34 34 16 16 16 0 0 0 0 0 1 17 17 17 0 0 1 0 0 0 16 16 16 2 0 0 2 0 0 
0
0 0 0 0 0 2 1 0 0 
0 0 0 0 1 2 0 0 0 0 0 0 0 0 0 2 0 0 0 0 0 0 1 0 0 0 1 0 2 0 0 0 0 0 2 0 0 0 1 0 1 2 0 0 1 0 0 0 0 0 2 2 2 2 0 0 0 0 0 0 0 1 1 1 1 1 0 0 1 0 0 0 0 0 0 2 0 0 2 0 0 
0 0 0 0 1 2 0 0 0 0 0 0 0 0 0 2 0 0 0 0 0 0 1 0 0 0 1 0 2 0 0 0 0 32 34 32 0 0 1 0 1 2 32 32 33 0 0 0 0 0 2 34 34 34 16 16 16 0 0 0 0 1 1 17 17 17 0 0 1 0 0 0 16 16 16 2 0 0 2 0 0 
0
0 0 0 0 0 2 1 0 0 
0 0 0 0 1 2 0 0 0 0 0 0 2 0 0 2 0 0 0 0 0 0 1 0 0 0 1 0 2 0 0 0 0 0 2 0 0 0 1 0 1 2 0 0 1 0 0 0 0 0 2 2 2 2 0 0 0 0 0 0 0 1 1 1 1 1 0 0 1 0 0 0 0 0 0 2 0 0 2 0 0 
0 0 0 0 1 2 0 0 0 0 0 0 2 0 0 2 0 0 0 0 0 0 1 0 0 0 1 0 2 0 0 0 0 32 34 32 0 0 1 0 1 2 32 32 33 0 0 0 0 0 2 34 34 34 16 16 16 0 0 0 0 1 1 17 17 17 0 0 1 0 0 0 16 16 16 2 0 0 2 0 0 
0
0 0 0 0 0 2 1 0 0 
0 0 0 0 1 2 0 0 0 0 0 0 2 0 0 2 0 0 0 0 0 0 1 0 0 0 1 0 2 0 0 0 0 0 2 0 1 0 1 0 1 2 0 0 1 0 0 0 0 0 2 2 2 2 0 0 0 0 0 0 0 1 1 1 1 1 0 0 1 0 0 0 0 0 0 2 0 0 2 0 0 
0 0 0 0 1 2 0 0 0 0 0 0 2 0 0 2 0 0 0 0 0 0 1 0 0 0 1 0 2 0 0 0 0 32 34 32 1 0 1 0 1 2 32 32 33 0 0 0 0 0 2 34 34 34 16 16 16 0 0 0 0 1 1 17 17 17 0 0 1 0 0 0 16 16 16 2 0 0 2 0 0 
0
0 0 0 0 0 2 1 0 0 
0 0 0 0 1 2 0 0 0 0 0 0 2 0 0 2 0 0 0 0 0 0 1 0 0 0 1 0 2 2 0 0 0 0 2 0 1 0 1 0 1 2 0 0 1 0 0 0 0 0 2 2 2 2 0 0 0 0 0 0 0 1 1 1 1 1 0 0 1 0 0 0 0 0 0 2 0 0 2 0 0 
0 0 0 0 1 2 0 0 0 0 0 0 2 0 0 2 0 0 0 0 0 0 1 0 0 0 1 0 2 2 0 0 0 32 34 32 1 0 1 0 1 2 32 32 33 0 0 0 0 0 2 34 34 34 16 16 16 0 0 0 0 1 1 17 17 17 0 0 1 0 0 0 16 16 16 2 0 0 2 0 0 
0
0 0 0 0 0 2 1 0 0 
0 0 0 0 1 2 0 0 1 0 0 0 2 0 0 2 0 0 0 0 0 0 1 0 0 0 1 0 2 2 0 0 0 0 2 0 1 0 1 0 1 2 0 0 1 0 0 0 0 0 2 2 2 2 0 0 0 0 0 0 0 1 1 1 1 1 0 0 1 0 0 0 0 0 0 2 0 0 2 0 0 
0 0 0 0 1 2 0 0 1 0 0 0 2 0 0 2 0 0 0 0 0 0 1 0 0 0 1 0 2 2 0 0 0 32 34 32 1 0 1 0 1 2 32 32 33 0 0 0 0 0 2 34 34 34 16 16 16 0 0 0 0 1 1 17 17 17 0 0 1 0 0 0 16 16 16 2 0 0 2 0 0 
0
0 0 0 0 0 2 1 0 0 
0 0 0 0 1 2 0 2 1 0 0 0 2 0 0 2 0 0 0 0 0 0 1 0 0 0 1 0 2 2 0 0 0 0 2 0 1 0 1 0 1 2 0 0 1 0 0 0 0 0 2 2 2 2 0 0 0 0 0 0 0 1 1 1 1 1 0 0 1 0 0 0 0 0 0 2 0 0 2 0 0 
0 0 0 0 1 2 0 2 1 0 0 0 2 0 0 2 0 0 0 0 0 0 1 0 0 0 1 0 2 2 0 0 0 32 34 32 1 0 1 0 1 2 32 32 33 0 0 0 0 0 2 34 34 34 16 16 16 0 0 0 0 1 1 17 17 17 0 0 1 0 0 0 16 16 16 2 0 0 2 0 0 
0
0 0 0 0 0 2 1 0 0 
0 0 0 0 1 2 0 2 1 0 0 0 2 0 0 2 0 0 0 0 0 0 1 1 0 0 1 0 2 2 0 0 0 0 2 0 1 0 1 0 1 2 0 0 1 0 0 0 0 0 2 2 2 2 0 0 0 0 0 0 0 1 1 1 1 1 0 0 1 0 0 0 0 0 0 2 0 0 2 0 0 
0 0 0 0 1 2 0 2 1 0 0 0 2 0 0 2 0 0 0 0 0 0 1 1 0 0 1 0 2 2 0 0 0 32 34 32 1 0 1 0 1 2 32 32 33 0 0 0 0 0 2 34 34 34 16 16 16 0 0 0 0 1 1 17 17 17 0 0 1 0 0 0 16 16 16 2 0 0 2 0 0 
0
0 0 0 0 0 2 1 0 0 
0 0 0 0 1 2 0 2 1 0 0 0 2 0 0 2 0 0 0 0 0 0 1 1 0 0 1 0 2 2 0 0 0 0 2 0 1 0 1 0 1 2 0 0 1 0 0 0 0 0 2 2 2 2 0 0 0 0 0 0 2 1 1 1 1 1 0 0 1 0 0 0 0 0 0 2 0 0 2 0 0 
0 0 0 0 1 2 0 2 1 0 0 0 2 0 0 2 0 0 0 0 0 0 1 1 0 0 1 0 2 2 0 0 0 32 34 32 1 0 1 0 1 2 32 32 33 0 0 0 0 0 2 34 34 34 16 16 16 0 0 0 2 1 1 17 17 17 0 0 1 0 0 0 16 16 16 2 0 0 2 0 0 
0
0 0 0 0 0 2 1 0 0 
0 0 1 0 1 2 0 2 1 0 0 0 2 0 0 2 0 0 0 0 0 0 1 1 0 0 1 0 2 2 0 0 0 0 2 0 1 0 1 0 1 2 0 0 1 0 0 0 0 0 2 2 2 2 0 0 0 0 0 0 2 1 1 1 1 1 0 0 1 0 0 0 0 0 0 2 0 0 2 0 0 
0 0 1 0 1 2 0 2 1 0 0 0 2 0 0 2 0 0 0 0 0 0 1 1 0 0 1 0 2 2 0 0 0 32 34 32 1 0 1 0 1 2 32 32 33 0 0 0 0 0 2 34 34 34 16 16 16 0 0 0 2 1 1 17 17 17 0 0 1 0 0 0 16 16 16 2 0 0 2 0 0 
0
0 0 0 0 0 2 1 0 0 
0 0 1 0 1 2 0 2 1 0 0 0 2 0 0 2 0 0 0 0 0 0 1 1 0 2 1 0 2 2 0 0 0 0 2 0 1 0 1 0 1 2 0 0 1 0 0 0 0 0 2 2 2 2 0 0 0 0 0 0 2 1 1 1 1 1 0 0 1 0 0 0 0 0 0 2 0 0 2 0 0 
0 0 1 0 1 2 0 2 1 0 0 0 2 0 0 2 0 0 0 0 0 0 1 1 0 2 1 0 2 2 0 0 0 32 34 32 1 0 1 0 1 2 32 32 33 0 0 0 0 0 2 34 34 34 16 16 16 0 0 0 2 1 1 17 17 17 0 0 1 0 0 0 16 16 16 2 0 0 2 0 0 
0
0 0 0 0 0 2 1 0 0 
0 0 1 0 1 2 0 2 1 0 0 0 2 0 0 2 0 0 0 0 0 0 1 1 0 2 1 0 2 2 0 0 0 0 2 0 1 0 1 0 1 2 0 0 1 0 0 0 0 0 2 2 2 2 0 0 0 0 0 0 2 1 1 1 1 1 0 0 1 0 0 0 0 0 0 2 1 0 2 0 0 
0 0 1 0 1 2 0 2 1 0 0 0 2 0 0 2 0 0 0 0 0 0 1 1 0 2 1 0 2 2 0 0 0 32 34 32 1 0 1 0 1 2 32 32 33 0 0 0 0 0 2 34 34 34 16 16 16 0 0 0 2 1 1 17 17 17 0 0 1 0 0 0 16 16 16 2 1 0 2 0 0 
0
0 0 0 0 0 2 1 0 0 
0 0 1 0 1 2 0 2 1 0 0 0 2 0 0 2 0 0 0 0 0 0 1 1 0 2 1 0 2 2 0 0 0 0 2 0 1 0 1 0 1 2 0 0 1 0 0 0 0 0 2 2 2 2 0 0 0 0 2 0 2 1 1 1 1 1 0 0 1 0 0 0 0 0 0 2 1 0 2 0 0 
0 0 1 0 1 2 0 2 1 0 0 0 2 0 0 2 0 0 0 0 0 0 1 1 0 2 1 0 2 2 0 0 0 32 34 32 1 0 1 0 1 2 32 32 33 0 0 0 0 0 2 34 34 34 16 16 16 0 2 0 2 1 1 17 17 17 0 0 1 0 0 0 16 16 16 2 1 0 2 0 0 
0
0 0 0 0 0 2 1 0 0 
0 0 1 1 1 2 0 2 1 0 0 0 2 0 0 2 0 0 0 0 0 0 1 1 0 2 1 0 2 2 0 0 0 0 2 0 1 0 1 0 1 2 0 0 1 0 0 0 0 0 2 2 2 2 0 0 0 0 2 0 2 1 1 1 1 1 0 0 1 0 0 0 0 0 0 2 1 0 2 0 0 
0 0 1 1 1 2 0 2 1 0 0 0 2 0 0 2 0 0 0 0 0 0 1 1 0 2 1 0 2 2 0 0 0 32 34 32 1 0 1 0 1 2 32 32 33 0 0 0 0 0 2 34 34 34 16 16 16 0 2 0 2 1 1 17 17 17 0 0 1 0 0 0 16 16 16 2 1 0 2 0 0 
0
0 0 0 0 0 2 1 0 0 
0 2 1 1 1 2 0 2 1 0 0 0 2 0 0 2 0 0 0 0 0 0 1 1 0 2 1 0 2 2 0 0 0 0 2 0 1 0 1 0 1 2 0 0 1 0 0 0 0 0 2 2 2 2 0 0 0 0 2 0 2 1 1 1 1 1 0 0 1 0 0 0 0 0 0 2 1 0 2 0 0 
0 2 1 1 1 2 0 2 1 0 0 0 2 0 0 2 0 0 0 0 0 0 1 1 0 2 1 0 2 2 0 0 0 32 34 32 1 0 1 0 1 2 32 32 33 0 0 0 0 0 2 34 34 34 16 16 16 0 2 0 2 1 1 17 17 17 0 0 1 0 0 0 16 16 16 2 1 0 2 0 0 
0
0 1 0 0 0 2 1 0 0 
0 2 1 1 1 2 0 2 1 0 0 0 2 1 0 2 0 0 0 0 0 0 1 1 0 2 1 0 2 2 0 0 0 0 2 0 1 0 1 0 1 2 0 0 1 0 0 0 0 0 2 2 2 2 0 0 0 0 2 0 2 1 1 1 1 1 0 0 1 0 0 0 0 0 0 2 1 0 2 0 0 
0 2 1 17 17 18 0 2 1 0 0 0 18 17 16 2 0 0 0 0 0 16 17 17 0 2 1 0 2 2 0 0 0 32 34 32 1 0 1 0 1 2 32 32 33 0 0 0 0 0 2 34 34 34 16 16 16 0 2 0 2 1 1 17 17 17 0 0 1 0 0 0 16 16 16 2 1 0 2 0 0 
0
0 1 0 0 2 2 1 0 0 
0 2 1 1 1 2 0 2 1 0 0 0 2 1 0 2 0 0 0 0 0 0 1 1 0 2 1 0 2 2 0 0 2 0 2 0 1 0 1 0 1 2 0 0 1 0 0 0 0 0 2 2 2 2 0 0 0 0 2 0 2 1 1 1 1 1 0 0 1 0 0 0 0 0 0 2 1 0 2 0 0 
0 2 1 17 17 18 0 2 1 0 0 0 18 17 16 2 0 0 0 0 0 16 17 17 0 2 1 0 2 2 32 32 34 32 34 32 1 0 1 32 33 34 32 32 33 0 0 0 32 32 34 34 34 34 16 16 16 0 2 0 2 1 1 17 17 17 0 0 1 0 0 0 16 16 16 2 1 0 2 0 0 
0
0 1 0 0 2 2 1 0 0 
0 2 1 1 1 2 1 2 1 0 0 0 2 1 0 2 0 0 0 0 0 0 1 1 0 2 1 0 2 2 0 0 2 0 2 0 1 0 1 0 1 2 0 0 1 0 0 0 0 0 2 2 2 2 0 0 0 0 2 0 2 1 1 1 1 1 0 0 1 0 0 0 0 0 0 2 1 0 2 0 0 
0 2 1 17 17 18 1 2 1 0 0 0 18 17 16 2 0 0 0 0 0 16 17 17 0 2 1 0 2 2 32 32 34 32 34 32 1 0 1 32 33 34 32 32 33 0 0 0 32 32 34 34 34 34 16 16 16 0 2 0 2 1 1 17 17 17 0 0 1 0 0 0 16 16 16 2 1 0 2 0 0 
0
0 1 0 0 2 2 1 0 0 
0 2 1 1 1 2 1 2 1 0 0 0 2 1 0 2 0 0 0 0 2 0 1 1 0 2 1 0 2 2 0 0 2 0 2 0 1 0 1 0 1 2 0 0 1 0 0 0 0 0 2 2 2 2 0 0 0 0 2 0 2 1 1 1 1 1 0 0 1 0 0 0 0 0 0 2 1 0 2 0 0 
0 2 1 17 17 18 1 2 1 0 0 0 18 17 16 2 0 0 0 0 2 16 17 17 0 2 1 0 2 2 32 32 34 32 34 32 1 0 1 32 33 34 32 32 33 0 0 0 32 32 34 34 34 34 16 16 16 0 2 0 2 1 1 17 17 17 0 0 1 0 0 0 16 16 16 2 1 0 2 0 0 
0
0 1 0 0 2 2 1 0 0 
0 2 1 1 1 2 1 2 1 0 0 0 2 1 0 2 0 0 0 0 2 0 1 1 0 2 1 0 2 2 0 0 2 0 2 0 1 0 1 0 1 2 0 0 1 0 0 0 0 0 2 2 2 2 0 0 0 0 2 0 2 1 1 1 1 1 0 0 1 0 0 0 0 0 0 2 1 0 2 0 1 
0 2 1 17 17 18 1 2 1 0 0 0 18 17 16 2 0 0 0 0 2 16 17 17 0 2 1 0 2 2 32 32 34 32 34 32 1 0 1 32 33 34 32 32 33 0 0 0 32 32 34 34 34 34 16 16 16 0 2 0 2 1 1 17 17 17 0 0 1 0 0 0 16 16 16 2 1 0 2 0 1 
0
0 1 0 0 2 2 1 0 2 
0 2 1 1 1 2 1 2 1 0 0 0 2 1 0 2 0 0 0 0 2 0 1 1 0 2 1 0 2 2 0 0 2 0 2 0 1 0 1 0 1 2 0 0 1 0 0 0 0 0 2 2 2 2 0 0 0 0 2 0 2 1 1 1 1 1 0 0 1 2 0 0 0 0 0 2 1 0 2 0 1 
0 2 1 17 17 18 1 2 1 0 0 0 18 17 16 2 0 0 0 0 2 16 17 17 0 2 1 0 2 2 32 32 34 32 34 32 1 0 1 32 33 34 32 32 33 0 0 0 32 32 34 34 34 34 16 16 16 0 2 0 34 33 33 17 17 17 0 0 1 34 32 32 16 16 16 2 1 0 34 32 33 
0
0 1 0 0 2 2 1 0 2 
0 2 1 1 1 2 1 2 1 0 0 0 2 1 0 2 0 0 0 0 2 0 1 1 0 2 1 1 2 2 0 0 2 0 2 0 1 0 1 0 1 2 0 0 1 0 0 0 0 0 2 2 2 2 0 0 0 0 2 0 2 1 1 1 1 1 0 0 1 2 0 0 0 0 0 2 1 0 2 0 1 
0 2 1 17 17 18 1 2 1 0 0 0 18 17 16 2 0 0 0 0 2 16 17 17 0 2 1 1 2 2 32 32 34 32 34 32 1 0 1 32 33 34 32 32 33 0 0 0 32 32 34 34 34 34 16 16 16 0 2 0 34 33 33 17 17 17 0 0 1 34 32 32 16 16 16 2 1 0 34 32 33 
0
0 1 0 0 2 2 1 0 2 
0 2 1 1 1 2 1 2 1 0 0 0 2 1 0 2 0 0 0 2 2 0 1 1 0 2 1 1 2 2 0 0 2 0 2 0 1 0 1 0 1 2 0 0 1 0 0 0 0 0 2 2 2 2 0 0 0 0 2 0 2 1 1 1 1 1 0 0 1 2 0 0 0 0 0 2 1 0 2 0 1 
0 2 1 17 17 18 1 2 1 0 0 0 18 17 16 2 0 0 0 2 2 16 17 17 0 2 1 1 2 2 32 32 34 32 34 32 1 0 1 32 33 34 32 32 33 0 0 0 32 32 34 34 34 34 16 16 16 0 2 0 34 33 33 17 17 17 0 0 1 34 32 32 16 16 16 2 1 0 34 32 33 
0
0 1 0 0 2 2 1 0 2 
0 2 1 1 1 2 1 2 1 0 0 0 2 1 0 2 0 0 0 2 2 0 1 1 0 2 1 1 2 2 0 0 2 0 2 0 1 0 1 0 1 2 0 0 1 0 0 0 0 0 2 2 2 2 0 0 0 0 2 0 2 1 1 1 1 1 0 0 1 2 0 0 0 0 0 2 1 1 2 0 1 
0 2 1 17 17 18 1 2 1 0 0 0 18 17 16 2 0 0 0 2 2 16 17 17 0 2 1 1 2 2 32 32 34 32 34 32 1 0 1 32 33 34 32 32 33 0 0 0 32 32 34 34 34 34 16 16 16 0 2 0 34 33 33 17 17 17 0 0 1 34 32 32 16 16 16 2 1 1 34 32 33 
0
2 1 0 0 2 2 1 0 2 
0 2 1 1 1 2 1 2 1 0 0 0 2 1 0 2 0 0 2 2 2 0 1 1 0 2 1 1 2 2 0 0 2 0 2 0 1 0 1 0 1 2 0 0 1 0 0 0 0 0 2 2 2 2 0 0 0 0 2 0 2 1 1 1 1 1 0 0 1 2 0 0 0 0 0 2 1 1 2 0 1 
32 34 33 17 17 18 1 2 1 32 32 32 18 17 16 2 0 0 34 34 34 16 17 17 0 2 1 1 2 2 32 32 34 32 34 32 1 0 1 32 33 34 32 32 33 0 0 0 32 32 34 34 34 34 16 16 16 0 2 0 34 33 33 17 17 17 0 0 1 34 32 32 16 16 16 2 1 1 34 32 33 
0
2 1 0 0 2 2 1 0 2 
0 2 1 1 1 2 1 2 1 0 0 0 2 1 0 2 0 0 2 2 2 0 1 1 0 2 1 1 2 2 0 0 2 0 2 0 1 0 1 0 1 2 0 0 1 0 0 0 0 0 2 2 2 2 0 0 0 0 2 0 2 1 1 1 1 1 0 0 1 2 0 0 0 0 0 2 1 1 2 0 1 
32 34 33 17 17 18 1 2 1 32 32 32 18 17 16 2 0 0 34 34 34 16 17 17 0 2 1 1 2 2 32 32 34 32 34 32 1 0 1 32 33 34 32 32 33 0 0 0 32 32 34 34 34 34 16 16 16 0 2 0 34 33 33 17 17 17 0 0 1 34 32 32 16 16 16 2 1 1 34 32 33 
0
