0 0 0 0 0 0 0 0 0 
0 0 0 0 0 0 0 0 0 0 0 0 0 0 0 0 0 0 0 0 0 0 0 0 0 0 0 0 0 0 0 0 0 0 0 0 0 0 0 0 1 0 0 0 0 0 0 0 0 0 0 0 0 0 0 0 0 0 0 0 0 0 0 0 0 0 0 0 0 0 0 0 0 0 0 0 0 0 0 0 0 
0 0 0 0 0 0 0 0 0 0 0 0 0 0 0 0 0 0 0 0 0 0 0 0 0 0 0 0 0 0 0 0 0 0 0 0 0 0 0 0 1 0 0 0 0 0 0 0 0 0 0 0 0 0 0 0 0 0 0 0 0 0 0 0 0 0 0 0 0 0 0 0 0 0 0 0 0 0 0 0 0 
1
0 0 0 0 0 0 0 0 0 
0 0 0 0 0 0 0 0 0 0 0 0 0 0 0 0 0 0 0 0 0 0 0 0 0 0 0 0 0 0 2 0 0 0 0 0 0 0 0 0 1 0 0 0 0 0 0 0 0 0 0 0 0 0 0 0 0 0 0 0 0 0 0 0 0 0 0 0 0 0 0 0 0 0 0 0 0 0 0 0 0 
0 0 0 0 0 0 0 0 0 0 0 0 0 0 0 0 0 0 0 0 0 0 0 0 0 0 0 0 0 0 2 0 0 0 0 0 0 0 0 0 1 0 0 0 0 0 0 0 0 0 0 0 0 0 0 0 0 0 0 0 0 0 0 0 0 0 0 0 0 0 0 0 0 0 0 0 0 0 0 0 0 
1
0 0 0 0 0 0 0 0 0 
0 1 0 0 0 0 0 0 0 0 0 0 0 0 0 0 0 0 0 0 0 0 0 0 0 0 0 0 0 0 2 0 0 0 0 0 0 0 0 0 1 0 0 0 0 0 0 0 0 0 0 0 0 0 0 0 0 0 0 0 0 0 0 0 0 0 0 0 0 0 0 0 0 0 0 0 0 0 0 0 0 
0 1 0 0 0 0 0 0 0 0 0 0 0 0 0 0 0 0 0 0 0 0 0 0 0 0 0 0 0 0 2 0 0 0 0 0 0 0 0 0 1 0 0 0 0 0 0 0 0 0 0 0 0 0 0 0 0 0 0 0 0 0 0 0 0 0 0 0 0 0 0 0 0 0 0 0 0 0 0 0 0 
1
0 0 0 0 0 0 0 0 0 
0 1 0 2 0 0 0 0 0 0 0 0 0 0 0 0 0 0 0 0 0 0 0 0 0 0 0 0 0 0 2 0 0 0 0 0 0 0 0 0 1 0 0 0 0 0 0 0 0 0 0 0 0 0 0 0 0 0 0 0 0 0 0 0 0 0 0 0 0 0 0 0 0 0 0 0 0 0 0 0 0 
0 1 0 2 0 0 0 0 0 0 0 0 0 0 0 0 0 0 0 0 0 0 0 0 0 0 0 0 0 0 2 0 0 0 0 0 0 0 0 0 1 0 0 0 0 0 0 0 0 0 0 0 0 0 0 0 0 0 0 0 0 0 0 0 0 0 0 0 0 0 0 0 0 0 0 0 0 0 0 0 0 
1
0 0 0 0 0 0 0 0 0 
0 1 0 2 0 0 0 0 0 0 0 0 0 0 0 0 0 0 0 1 0 0 0 0 0 0 0 0 0 0 2 0 0 0 0 0 0 0 0 0 1 0 0 0 0 0 0 0 0 0 0 0 0 0 0 0 0 0 0 0 0 0 0 0 0 0 0 0 0 0 0 0 0 0 0 0 0 0 0 0 0 
0 1 0 2 0 0 0 0 0 0 0 0 0 0 0 0 0 0 0 1 0 0 0 0 0 0 0 0 0 0 2 0 0 0 0 0 0 0 0 0 1 0 0 0 0 0 0 0 0 0 0 0 0 0 0 0 0 0 0 0 0 0 0 0 0 0 0 0 0 0 0 0 0 0 0 0 0 0 0 0 0 
1
0 0 0 0 0 0 0 0 0 
0 1 0 2 0 0 0 0 0 0 0 0 0 0 0 0 0 0 0 1 0 0 0 0 0 0 0 0 0 0 2 0 0 0 0 0 0 0 0 0 1 0 0 0 0 0 0 0 0 0 0 0 0 0 0 0 0 0 2 0 0 0 0 0 0 0 0 0 0 0 0 0 0 0 0 0 0 0 0 0 0 
0 1 0 2 0 0 0 0 0 0 0 0 0 0 0 0 0 0 0 1 0 0 0 0 0 0 0 0 0 0 2 0 0 0 0 0 0 0 0 0 1 0 0 0 0 0 0 0 0 0 0 0 0 0 0 0 0 0 2 0 0 0 0 0 0 0 0 0 0 0 0 0 0 0 0 0 0 0 0 0 0 
1
0 0 0 0 0 0 0 0 0 
0 1 0 2 0 1 0 0 0 0 0 0 0 0 0 0 0 0 0 1 0 0 0 0 0 0 0 0 0 0 2 0 0 0 0 0 0 0 0 0 1 0 0 0 0 0 0 0 0 0 0 0 0 0 0 0 0 0 2 0 0 0 0 0 0 0 0 0 0 0 0 0 0 0 0 0 0 0 0 0 0 
0 1 0 2 0 1 0 0 0 0 0 0 0 0 0 0 0 0 0 1 0 0 0 0 0 0 0 0 0 0 2 0 0 0 0 0 0 0 0 0 1 0 0 0 0 0 0 0 0 0 0 0 0 0 0 0 0 0 2 0 0 0 0 0 0 0 0 0 0 0 0 0 0 0 0 0 0 0 0 0 0 
1
0 0 0 0 0 0 0 0 0 
0 1 0 2 0 1 0 2 0 0 0 0 0 0 0 0 0 0 0 1 0 0 0 0 0 0 0 0 0 0 2 0 0 0 0 0 0 0 0 0 1 0 0 0 0 0 0 0 0 0 0 0 0 0 0 0 0 0 2 0 0 0 0 0 0 0 0 0 0 0 0 0 0 0 0 0 0 0 0 0 0 
0 1 0 2 0 1 0 2 0 0 0 0 0 0 0 0 0 0 0 1 0 0 0 0 0 0 0 0 0 0 2 0 0 0 0 0 0 0 0 0 1 0 0 0 0 0 0 0 0 0 0 0 0 0 0 0 0 0 2 0 0 0 0 0 0 0 0 0 0 0 0 0 0 0 0 0 0 0 0 0 0 
1
0 0 0 0 0 0 0 0 0 
0 1 0 2 0 1 0 2 0 0 0 0 0 0 0 0 0 0 0 1 0 1 0 0 0 0 0 0 0 0 2 0 0 0 0 0 0 0 0 0 1 0 0 0 0 0 0 0 0 0 0 0 0 0 0 0 0 0 2 0 0 0 0 0 0 0 0 0 0 0 0 0 0 0 0 0 0 0 0 0 0 
0 1 0 2 0 1 0 2 0 0 0 0 0 0 0 0 0 0 0 1 0 1 0 0 0 0 0 0 0 0 2 0 0 0 0 0 0 0 0 0 1 0 0 0 0 0 0 0 0 0 0 0 0 0 0 0 0 0 2 0 0 0 0 0 0 0 0 0 0 0 0 0 0 0 0 0 0 0 0 0 0 
1
0 0 0 0 0 0 0 0 0 
0 1 0 2 0 1 0 2 0 0 0 0 0 0 0 0 0 0 0 1 0 1 0 0 0 0 0 0 0 0 2 0 0 0 0 0 0 0 0 0 1 0 0 0 0 0 0 0 0 0 0 0 0 0 0 0 2 0 2 0 0 0 0 0 0 0 0 0 0 0 0 0 0 0 0 0 0 0 0 0 0 
0 1 0 2 0 1 0 2 0 0 0 0 0 0 0 0 0 0 0 1 0 1 0 0 0 0 0 0 0 0 2 0 0 0 0 0 0 0 0 0 1 0 0 0 0 0 0 0 0 0 0 0 0 0 0 0 2 0 2 0 0 0 0 0 0 0 0 0 0 0 0 0 0 0 0 0 0 0 0 0 0 
1
0 0 0 0 0 0 0 0 0 
0 1 0 2 0 1 1 2 0 0 0 0 0 0 0 0 0 0 0 1 0 1 0 0 0 0 0 0 0 0 2 0 0 0 0 0 0 0 0 0 1 0 0 0 0 0 0 0 0 0 0 0 0 0 0 0 2 0 2 0 0 0 0 0 0 0 0 0 0 0 0 0 0 0 0 0 0 0 0 0 0 
0 1 0 2 0 1 1 2 0 0 0 0 0 0 0 0 0 0 0 1 0 1 0 0 0 0 0 0 0 0 2 0 0 0 0 0 0 0 0 0 1 0 0 0 0 0 0 0 0 0 0 0 0 0 0 0 2 0 2 0 0 0 0 0 0 0 0 0 0 0 0 0 0 0 0 0 0 0 0 0 0 
1
0 0 0 0 0 0 0 0 0 
0 1 2 2 0 1 1 2 0 0 0 0 0 0 0 0 0 0 0 1 0 1 0 0 0 0 0 0 0 0 2 0 0 0 0 0 0 0 0 0 1 0 0 0 0 0 0 0 0 0 0 0 0 0 0 0 2 0 2 0 0 0 0 0 0 0 0 0 0 0 0 0 0 0 0 0 0 0 0 0 0 
0 1 2 2 0 1 1 2 0 0 0 0 0 0 0 0 0 0 0 1 0 1 0 0 0 0 0 0 0 0 2 0 0 0 0 0 0 0 0 0 1 0 0 0 0 0 0 0 0 0 0 0 0 0 0 0 2 0 2 0 0 0 0 0 0 0 0 0 0 0 0 0 0 0 0 0 0 0 0 0 0 
1
0 0 0 0 0 0 0 0 0 
0 1 2 2 0 1 1 2 0 0 0 0 0 0 0 0 0 0 0 1 0 1 0 0 0 0 1 0 0 0 2 0 0 0 0 0 0 0 0 0 1 0 0 0 0 0 0 0 0 0 0 0 0 0 0 0 2 0 2 0 0 0 0 0 0 0 0 0 0 0 0 0 0 0 0 0 0 0 0 0 0 
0 1 2 2 0 1 1 2 0 0 0 0 0 0 0 0 0 0 0 1 0 1 0 0 0 0 1 0 0 0 2 0 0 0 0 0 0 0 0 0 1 0 0 0 0 0 0 0 0 0 0 0 0 0 0 0 2 0 2 0 0 0 0 0 0 0 0 0 0 0 0 0 0 0 0 0 0 0 0 0 0 
1
0 0 0 0 0 0 0 0 0 
0 1 2 2 0 1 1 2 0 0 0 0 0 0 0 0 0 0 0 1 0 1 0 0 0 0 1 0 0 0 2 0 0 0 0 0 0 0 0 0 1 0 0 0 0 0 0 0 0 0 0 0 0 0 0 0 2 0 2 0 0 0 0 0 0 0 0 0 0 2 0 0 0 0 0 0 0 0 0 0 0 
0 1 2 2 0 1 1 2 0 0 0 0 0 0 0 0 0 0 0 1 0 1 0 0 0 0 1 0 0 0 2 0 0 0 0 0 0 0 0 0 1 0 0 0 0 0 0 0 0 0 0 0 0 0 0 0 2 0 2 0 0 0 0 0 0 0 0 0 0 2 0 0 0 0 0 0 0 0 0 0 0 
1
0 0 0 0 0 0 0 0 0 
0 1 2 2 0 1 1 2 0 0 0 0 0 0 0 0 0 0 0 1 0 1 0 0 0 0 1 0 0 0 2 0 0 0 0 0 1 0 0 0 1 0 0 0 0 0 0 0 0 0 0 0 0 0 0 0 2 0 2 0 0 0 0 0 0 0 0 0 0 2 0 0 0 0 0 0 0 0 0 0 0 
0 1 2 2 0 1 1 2 0 0 0 0 0 0 0 0 0 0 0 1 0 1 0 0 0 0 1 0 0 0 2 0 0 0 0 0 1 0 0 0 1 0 0 0 0 0 0 0 0 0 0 0 0 0 0 0 2 0 2 0 0 0 0 0 0 0 0 0 0 2 0 0 0 0 0 0 0 0 0 0 0 
1
0 0 0 0 0 0 0 0 0 
0 1 2 2 0 1 1 2 0 0 0 0 0 0 0 0 0 0 0 1 0 1 0 0 0 0 1 0 0 0 2 0 0 0 0 0 1 2 0 0 1 0 0 0 0 0 0 0 0 0 0 0 0 0 0 0 2 0 2 0 0 0 0 0 0 0 0 0 0 2 0 0 0 0 0 0 0 0 0 0 0 
0 1 2 2 0 1 1 2 0 0 0 0 0 0 0 0 0 0 0 1 0 1 0 0 0 0 1 0 0 0 2 0 0 0 0 0 1 2 0 0 1 0 0 0 0 0 0 0 0 0 0 0 0 0 0 0 2 0 2 0 0 0 0 0 0 0 0 0 0 2 0 0 0 0 0 0 0 0 0 0 0 
1
0 0 0 0 0 0 0 0 0 
0 1 2 2 0 1 1 2 0 0 0 0 0 0 0 0 0 0 0 1 0 1 0 0 0 0 1 0 0 0 2 1 0 0 0 0 1 2 0 0 1 0 0 0 0 0 0 0 0 0 0 0 0 0 0 0 2 0 2 0 0 0 0 0 0 0 0 0 0 2 0 0 0 0 0 0 0 0 0 0 0 
0 1 2 2 0 1 1 2 0 0 0 0 0 0 0 0 0 0 0 1 0 1 0 0 0 0 1 0 0 0 2 1 0 0 0 0 1 2 0 0 1 0 0 0 0 0 0 0 0 0 0 0 0 0 0 0 2 0 2 0 0 0 0 0 0 0 0 0 0 2 0 0 0 0 0 0 0 0 0 0 0 
1
0 0 0 0 0 0 0 0 0 
0 1 2 2 0 1 1 2 0 0 0 0 2 0 0 0 0 0 0 1 0 1 0 0 0 0 1 0 0 0 2 1 0 0 0 0 1 2 0 0 1 0 0 0 0 0 0 0 0 0 0 0 0 0 0 0 2 0 2 0 0 0 0 0 0 0 0 0 0 2 0 0 0 0 0 0 0 0 0 0 0 
0 1 2 2 0 1 1 2 0 0 0 0 2 0 0 0 0 0 0 1 0 1 0 0 0 0 1 0 0 0 2 1 0 0 0 0 1 2 0 0 1 0 0 0 0 0 0 0 0 0 0 0 0 0 0 0 2 0 2 0 0 0 0 0 0 0 0 0 0 2 0 0 0 0 0 0 0 0 0 0 0 
1
0 0 0 0 0 0 0 0 0 
0 1 2 2 0 1 1 2 0 0 0 0 2 0 0 0 0 0 0 1 0 1 0 0 0 0 1 0 0 0 2 1 0 0 0 0 1 2 0 0 1 0 0 0 0 0 1 0 0 0 0 0 0 0 0 0 2 0 2 0 0 0 0 0 0 0 0 0 0 2 0 0 0 0 0 0 0 0 0 0 0 
0 1 2 2 0 1 1 2 0 0 0 0 2 0 0 0 0 0 0 1 0 1 0 0 0 0 1 0 0 0 2 1 0 0 0 0 1 2 0 0 1 0 0 0 0 0 1 0 0 0 0 0 0 0 0 0 2 0 2 0 0 0 0 0 0 0 0 0 0 2 0 0 0 0 0 0 0 0 0 0 0 
1
0 0 0 0 0 0 0 0 0 
0 1 2 2 0 1 1 2 0 0 0 0 2 0 0 0 0 0 0 1 0 1 0 0 0 0 1 0 0 0 2 1 0 0 0 0 1 2 0 0 1 0 0 0 0 0 1 0 0 0 0 0 0 0 0 0 2 0 2 0 0 0 0 0 0 0 2 0 0 2 0 0 0 0 0 0 0 0 0 0 0 
0 1 2 2 0 1 1 2 0 0 0 0 2 0 0 0 0 0 0 1 0 1 0 0 0 0 1 0 0 0 2 1 0 0 0 0 1 2 0 0 1 0 0 0 0 0 1 0 0 0 0 0 0 0 0 0 2 0 2 0 0 0 0 0 0 0 2 0 0 2 0 0 0 0 0 0 0 0 0 0 0 
1
0 0 0 0 0 0 0 0 0 
0 1 2 2 0 1 1 2 0 0 0 0 2 0 0 0 0 0 0 1 0 1 0 0 0 0 1 0 0 0 2 1 0 0 0 0 1 2 0 0 1 0 0 0 0 1 1 0 0 0 0 0 0 0 0 0 2 0 2 0 0 0 0 0 0 0 2 0 0 2 0 0 0 0 0 0 0 0 0 0 0 
0 1 2 2 0 1 1 2 0 0 0 0 2 0 0 0 0 0 0 1 0 1 0 0 0 0 1 0 0 0 2 1 0 0 0 0 1 2 0 0 1 0 0 0 0 1 1 0 0 0 0 0 0 0 0 0 2 0 2 0 0 0 0 0 0 0 2 0 0 2 0 0 0 0 0 0 0 0 0 0 0 
1
0 0 0 0 0 0 0 0 0 
0 1 2 2 0 1 1 2 0 0 0 0 2 0 0 0 0 0 0 1 0 1 0 0 0 0 1 0 0 0 2 1 0 0 0 0 1 2 0 0 1 0 0 0 0 1 1 0 0 0 0 0 0 0 0 0 2 0 2 0 0 0 0 0 0 2 2 0 0 2 0 0 0 0 0 0 0 0 0 0 0 
0 1 2 2 0 1 1 2 0 0 0 0 2 0 0 0 0 0 0 1 0 1 0 0 0 0 1 0 0 0 2 1 0 0 0 0 1 2 0 0 1 0 0 0 0 1 1 0 0 0 0 0 0 0 0 0 2 0 2 0 0 0 0 0 0 2 2 0 0 2 0 0 0 0 0 0 0 0 0 0 0 
1
0 0 0 0 0 0 0 0 0 
0 1 2 2 0 1 1 2 0 0 0 0 2 0 0 0 0 0 0 1 0 1 0 0 0 0 1 0 0 0 2 1 0 0 0 0 1 2 0 0 1 0 0 0 1 1 1 0 0 0 0 0 0 0 0 0 2 0 2 0 0 0 0 0 0 2 2 0 0 2 0 0 0 0 0 0 0 0 0 0 0 
0 1 2 2 0 1 1 2 0 0 0 0 2 0 0 0 0 0 0 1 0 1 0 0 0 0 1 0 0 0 2 1 0 0 0 0 1 2 0 0 1 0 0 0 1 1 1 0 0 0 0 0 0 0 0 0 2 0 2 0 0 0 0 0 0 2 2 0 0 2 0 0 0 0 0 0 0 0 0 0 0 
1
0 0 0 0 0 0 0 0 0 
0 1 2 2 0 1 1 2 0 0 0 0 2 0 0 0 0 0 0 1 0 1 0 0 0 0 1 0 0 0 2 1 0 0 0 0 1 2 0 0 1 0 0 0 1 1 1 0 0 0 0 2 0 0 0 0 2 0 2 0 0 0 0 0 0 2 2 0 0 2 0 0 0 0 0 0 0 0 0 0 0 
0 1 2 2 0 1 1 2 0 0 0 0 2 0 0 0 0 0 0 1 0 1 0 0 0 0 1 0 0 0 2 1 0 0 0 0 1 2 0 0 1 0 0 0 1 1 1 0 0 0 0 2 0 0 0 0 2 0 2 0 0 0 0 0 0 2 2 0 0 2 0 0 0 0 0 0 0 0 0 0 0 
1
0 0 0 0 0 0 0 0 0 
0 1 2 2 0 1 1 2 0 0 0 0 2 0 0 0 0 0 0 1 0 1 0 0 0 0 1 0 0 0 2 1 0 0 0 0 1 2 0 0 1 0 0 0 1 1 1 0 0 0 0 2 0 0 0 0 2 0 2 0 0 0 0 0 0 2 2 0 0 2 0 0 0 0 1 0 0 0 0 0 0 
0 1 2 2 0 1 1 2 0 0 0 0 2 0 0 0 0 0 0 1 0 1 0 0 0 0 1 0 0 0 2 1 0 0 0 0 1 2 0 0 1 0 0 0 1 1 1 0 0 0 0 2 0 0 0 0 2 0 2 0 0 0 0 0 0 2 2 0 0 2 0 0 0 0 1 0 0 0 0 0 0 
1
0 0 0 0 0 0 0 0 0 
0 1 2 2 0 1 1 2 0 0 0 0 2 0 0 0 0 0 0 1 0 1 0 0 0 0 1 0 0 0 2 1 0 0 0 0 1 2 0 0 1 0 0 0 1 1 1 0 0 0 0 2 0 0 0 0 2 0 2 0 0 0 0 0 0 2 2 0 0 2 0 0 0 0 1 0 0 0 0 0 2 
0 1 2 2 0 1 1 2 0 0 0 0 2 0 0 0 0 0 0 1 0 1 0 0 0 0 1 0 0 0 2 1 0 0 0 0 1 2 0 0 1 0 0 0 1 1 1 0 0 0 0 2 0 0 0 0 2 0 2 0 0 0 0 0 0 2 2 0 0 2 0 0 0 0 1 0 0 0 0 0 2 
1
0 0 0 0 0 0 0 0 0 
0 1 2 2 0 1 1 2 0 0 0 0 2 0 0 0 0 0 0 1 0 1 0 0 0 0 1 0 0 0 2 1 0 0 0 0 1 2 0 0 1 0 0 0 1 1 1 0 0 0 0 2 0 0 0 0 2 0 2 0 0 0 0 0 0 2 2 0 0 2 0 0 0 0 1 0 0 0 0 1 2 
0 1 2 2 0 1 1 2 0 0 0 0 2 0 0 0 0 0 0 1 0 1 0 0 0 0 1 0 0 0 2 1 0 0 0 0 1 2 0 0 1 0 0 0 1 1 1 0 0 0 0 2 0 0 0 0 2 0 2 0 0 0 0 0 0 2 2 0 0 2 0 0 0 0 1 0 0 0 0 1 2 
1
0 0 0 0 0 0 0 0 0 
0 1 2 2 0 1 1 2 0 0 0 0 2 0 0 0 0 0 0 1 0 1 0 0 0 0 1 0 0 0 2 1 0 0 0 0 1 2 0 0 1 0 0 0 1 1 1 0 0 0 0 2 0 0 0 0 2 0 2 0 0 0 0 0 0 2 2 0 2 2 0 0 0 0 1 0 0 0 0 1 2 
0 1 2 2 0 1 1 2 0 0 0 0 2 0 0 0 0 0 0 1 0 1 0 0 0 0 1 0 0 0 2 1 0 0 0 0 1 2 0 0 1 0 0 0 1 1 1 0 0 0 0 2 0 0 0 0 2 0 2 0 0 0 0 0 0 2 2 0 2 2 0 0 0 0 1 0 0 0 0 1 2 
1
0 0 0 0 0 0 0 0 0 
0 1 2 2 0 1 1 2 0 0 0 0 2 0 0 0 0 0 0 1 0 1 0 0 0 0 1 0 0 0 2 1 0 0 0 0 1 2 0 0 1 0 0 0 1 1 1 0 0 0 0 2 0 1 0 0 2 0 2 0 0 0 0 0 0 2 2 0 2 2 0 0 0 0 1 0 0 0 0 1 2 
0 1 2 2 0 1 1 2 0 0 0 0 2 0 0 0 0 0 0 1 0 1 0 0 0 0 1 0 0 0 2 1 0 0 0 0 1 2 0 0 1 0 0 0 1 1 1 0 0 0 0 2 0 1 0 0 2 0 2 0 0 0 0 0 0 2 2 0 2 2 0 0 0 0 1 0 0 0 0 1 2 
1
0 0 0 0 0 0 0 0 0 
0 1 2 2 0 1 1 2 0 0 0 0 2 0 0 0 0 0 0 1 0 1 0 0 0 0 1 0 0 0 2 1 0 0 0 0 1 2 0 0 1 0 0 0 1 1 1 0 0 0 0 2 0 1 0 0 2 0 2 0 0 2 0 0 0 2 2 0 2 2 0 0 0 0 1 0 0 0 0 1 2 
0 1 2 2 0 1 1 2 0 0 0 0 2 0 0 0 0 0 0 1 0 1 0 0 0 0 1 0 0 0 2 1 0 0 0 0 1 2 0 0 1 0 0 0 1 1 1 0 0 0 0 2 0 1 0 0 2 0 2 0 0 2 0 0 0 2 2 0 2 2 0 0 0 0 1 0 0 0 0 1 2 
1
0 1 0 0 0 0 0 0 0 
0 1 2 2 0 1 1 2 0 0 0 0 2 1 0 0 0 0 0 1 0 1 0 0 0 0 1 0 0 0 2 1 0 0 0 0 1 2 0 0 1 0 0 0 1 1 1 0 0 0 0 2 0 1 0 0 2 0 2 0 0 2 0 0 0 2 2 0 2 2 0 0 0 0 1 0 0 0 0 1 2 
0 1 2 18 16 17 1 2 0 0 0 0 18 17 16 0 0 0 0 1 0 17 16 16 0 0 1 0 0 0 2 1 0 0 0 0 1 2 0 0 1 0 0 0 1 1 1 0 0 0 0 2 0 1 0 0 2 0 2 0 0 2 0 0 0 2 2 0 2 2 0 0 0 0 1 0 0 0 0 1 2 
1
0 1 0 0 0 0 0 0 0 
0 1 2 2 0 1 1 2 0 0 0 0 2 1 0 0 0 0 0 1 0 1 0 0 0 0 1 0 0 0 2 1 0 0 0 0 1 2 0 0 1 0 0 0 1 1 1 0 2 0 0 2 0 1 0 0 2 0 2 0 0 2 0 0 0 2 2 0 2 2 0 0 0 0 1 0 0 0 0 1 2 
0 1 2 18 16 17 1 2 0 0 0 0 18 17 16 0 0 0 0 1 0 17 16 16 0 0 1 0 0 0 2 1 0 0 0 0 1 2 0 0 1 0 0 0 1 1 1 0 2 0 0 2 0 1 0 0 2 0 2 0 0 2 0 0 0 2 2 0 2 2 0 0 0 0 1 0 0 0 0 1 2 
1
0 1 0 0 0 0 0 0 0 
0 1 2 2 0 1 1 2 0 0 0 0 2 1 0 0 0 0 0 1 0 1 0 0 0 0 1 0 0 0 2 1 0 0 0 0 1 2 0 0 1 0 0 0 1 1 1 0 2 0 0 2 0 1 0 0 2 0 2 0 0 2 0 0 0 2 2 0 2 2 0 0 1 0 1 0 0 0 0 1 2 
0 1 2 18 16 17 1 2 0 0 0 0 18 17 16 0 0 0 0 1 0 17 16 16 0 0 1 0 0 0 2 1 0 0 0 0 1 2 0 0 1 0 0 0 1 1 1 0 2 0 0 2 0 1 0 0 2 0 2 0 0 2 0 0 0 2 2 0 2 2 0 0 1 0 1 0 0 0 0 1 2 
1
0 1 0 0 0 0 0 0 0 
0 1 2 2 0 1 1 2 0 0 0 0 2 1 0 0 0 0 0 1 0 1 0 0 0 0 1 0 0 0 2 1 0 0 0 0 1 2 0 0 1 0 0 0 1 1 1 0 2 0 0 2 0 1 0 0 2 0 2 0 0 2 0 0 0 2 2 0 2 2 0 0 1 2 1 0 0 0 0 1 2 
0 1 2 18 16 17 1 2 0 0 0 0 18 17 16 0 0 0 0 1 0 17 16 16 0 0 1 0 0 0 2 1 0 0 0 0 1 2 0 0 1 0 0 0 1 1 1 0 2 0 0 2 0 1 0 0 2 0 2 0 0 2 0 0 0 2 2 0 2 2 0 0 1 2 1 0 0 0 0 1 2 
1
0 1 0 0 0 0 0 0 0 
0 1 2 2 0 1 1 2 0 0 0 0 2 1 0 0 0 0 0 1 0 1 0 0 0 0 1 0 0 0 2 1 0 0 0 0 1 2 0 0 1 0 0 0 1 1 1 0 2 0 0 2 0 1 0 0 2 0 2 1 0 2 0 0 0 2 2 0 2 2 0 0 1 2 1 0 0 0 0 1 2 
0 1 2 18 16 17 1 2 0 0 0 0 18 17 16 0 0 0 0 1 0 17 16 16 0 0 1 0 0 0 2 1 0 0 0 0 1 2 0 0 1 0 0 0 1 1 1 0 2 0 0 2 0 1 0 0 2 0 2 1 0 2 0 0 0 2 2 0 2 2 0 0 1 2 1 0 0 0 0 1 2 
1
0 1 0 0 0 0 0 0 0 
0 1 2 2 0 1 1 2 0 0 0 0 2 1 0 0 0 0 0 1 0 1 0 0 0 2 1 0 0 0 2 1 0 0 0 0 1 2 0 0 1 0 0 0 1 1 1 0 2 0 0 2 0 1 0 0 2 0 2 1 0 2 0 0 0 2 2 0 2 2 0 0 1 2 1 0 0 0 0 1 2 
0 1 2 18 16 17 1 2 0 0 0 0 18 17 16 0 0 0 0 1 0 17 16 16 0 2 1 0 0 0 2 1 0 0 0 0 1 2 0 0 1 0 0 0 1 1 1 0 2 0 0 2 0 1 0 0 2 0 2 1 0 2 0 0 0 2 2 0 2 2 0 0 1 2 1 0 0 0 0 1 2 
1
0 1 0 0 0 0 0 0 0 
0 1 2 2 0 1 1 2 0 0 0 0 2 1 0 0 0 0 0 1 0 1 0 0 0 2 1 0 0 0 2 1 0 0 0 0 1 2 0 0 1 0 0 0 1 1 1 0 2 0 0 2 0 1 0 0 2 0 2 1 0 2 0 0 0 2 2 0 2 2 0 0 1 2 1 1 0 0 0 1 2 
0 1 2 18 16 17 1 2 0 0 0 0 18 17 16 0 0 0 0 1 0 17 16 16 0 2 1 0 0 0 2 1 0 0 0 0 1 2 0 0 1 0 0 0 1 1 1 0 2 0 0 2 0 1 0 0 2 0 2 1 0 2 0 0 0 2 2 0 2 2 0 0 1 2 1 1 0 0 0 1 2 
1
0 1 0 0 0 0 0 0 0 
0 1 2 2 0 1 1 2 0 0 0 0 2 1 0 0 0 0 0 1 0 1 0 0 0 2 1 0 0 0 2 1 0 0 0 0 1 2 0 0 1 0 0 0 1 1 1 0 2 0 0 2 0 1 2 0 2 0 2 1 0 2 0 0 0 2 2 0 2 2 0 0 1 2 1 1 0 0 0 1 2 
0 1 2 18 16 17 1 2 0 0 0 0 18 17 16 0 0 0 0 1 0 17 16 16 0 2 1 0 0 0 2 1 0 0 0 0 1 2 0 0 1 0 0 0 1 1 1 0 2 0 0 2 0 1 2 0 2 0 2 1 0 2 0 0 0 2 2 0 2 2 0 0 1 2 1 1 0 0 0 1 2 
1
0 1 0 0 0 0 0 0 0 
0 1 2 2 0 1 1 2 0 0 0 0 2 1 0 0 0 0 1 1 0 1 0 0 0 2 1 0 0 0 2 1 0 0 0 0 1 2 0 0 1 0 0 0 1 1 1 0 2 0 0 2 0 1 2 0 2 0 2 1 0 2 0 0 0 2 2 0 2 2 0 0 1 2 1 1 0 0 0 1 2 
0 1 2 18 16 17 1 2 0 0 0 0 18 17 16 0 0 0 1 1 0 17 16 16 0 2 1 0 0 0 2 1 0 0 0 0 1 2 0 0 1 0 0 0 1 1 1 0 2 0 0 2 0 1 2 0 2 0 2 1 0 2 0 0 0 2 2 0 2 2 0 0 1 2 1 1 0 0 0 1 2 
1
0 1 0 0 0 0 0 0 0 
0 1 2 2 0 1 1 2 0 0 0 0 2 1 0 0 0 0 1 1 0 1 0 0 0 2 1 0 0 0 2 1 0 0 0 0 1 2 0 0 1 0 0 0 1 1 1 0 2 0 0 2 0 1 2 0 2 0 2 1 0 2 0 2 0 2 2 0 2 2 0 0 1 2 1 1 0 0 0 1 2 
0 1 2 18 16 17 1 2 0 0 0 0 18 17 16 0 0 0 1 1 0 17 16 16 0 2 1 0 0 0 2 1 0 0 0 0 1 2 0 0 1 0 0 0 1 1 1 0 2 0 0 2 0 1 2 0 2 0 2 1 0 2 0 2 0 2 2 0 2 2 0 0 1 2 1 1 0 0 0 1 2 
1
0 1 0 1 0 0 0 0 0 
0 1 2 2 0 1 1 2 0 0 0 0 2 1 0 0 0 0 1 1 0 1 0 0 0 2 1 1 0 0 2 1 0 0 0 0 1 2 0 0 1 0 0 0 1 1 1 0 2 0 0 2 0 1 2 0 2 0 2 1 0 2 0 2 0 2 2 0 2 2 0 0 1 2 1 1 0 0 0 1 2 
0 1 2 18 16 17 1 2 0 0 0 0 18 17 16 0 0 0 1 1 0 17 16 16 0 2 1 17 16 16 2 1 0 0 0 0 17 18 16 0 1 0 0 0 1 17 17 16 2 0 0 2 0 1 2 0 2 0 2 1 0 2 0 2 0 2 2 0 2 2 0 0 1 2 1 1 0 0 0 1 2 
1
0 1 0 1 0 0 0 0 0 
0 1 2 2 0 1 1 2 0 0 0 2 2 1 0 0 0 0 1 1 0 1 0 0 0 2 1 1 0 0 2 1 0 0 0 0 1 2 0 0 1 0 0 0 1 1 1 0 2 0 0 2 0 1 2 0 2 0 2 1 0 2 0 2 0 2 2 0 2 2 0 0 1 2 1 1 0 0 0 1 2 
0 1 2 18 16 17 1 2 0 0 0 2 18 17 16 0 0 0 1 1 0 17 16 16 0 2 1 17 16 16 2 1 0 0 0 0 17 18 16 0 1 0 0 0 1 17 17 16 2 0 0 2 0 1 2 0 2 0 2 1 0 2 0 2 0 2 2 0 2 2 0 0 1 2 1 1 0 0 0 1 2 
1
0 1 0 1 0 1 0 0 0 
0 1 2 2 0 1 1 2 0 0 0 2 2 1 0 0 0 0 1 1 0 1 0 0 0 2 1 1 0 0 2 1 0 0 0 1 1 2 0 0 1 0 0 0 1 1 1 0 2 0 0 2 0 1 2 0 2 0 2 1 0 2 0 2 0 2 2 0 2 2 0 0 1 2 1 1 0 0 0 1 2 
0 1 2 18 16 17 1 2 0 0 0 2 18 17 16 0 0 0 1 1 0 17 16 16 0 2 1 17 16 16 2 1 0 16 16 17 17 18 16 0 1 0 16 16 17 17 17 16 2 0 0 18 16 17 2 0 2 0 2 1 0 2 0 2 0 2 2 0 2 2 0 0 1 2 1 1 0 0 0 1 2 
1
0 1 0 1 0 1 0 0 0 
0 1 2 2 0 1 1 2 0 0 0 2 2 1 0 0 0 0 1 1 0 1 0 0 2 2 1 1 0 0 2 1 0 0 0 1 1 2 0 0 1 0 0 0 1 1 1 0 2 0 0 2 0 1 2 0 2 0 2 1 0 2 0 2 0 2 2 0 2 2 0 0 1 2 1 1 0 0 0 1 2 
0 1 2 18 16 17 1 2 0 0 0 2 18 17 16 0 0 0 1 1 0 17 16 16 2 2 1 17 16 16 2 1 0 16 16 17 17 18 16 0 1 0 16 16 17 17 17 16 2 0 0 18 16 17 2 0 2 0 2 1 0 2 0 2 0 2 2 0 2 2 0 0 1 2 1 1 0 0 0 1 2 
1
0 1 0 1 0 1 0 0 0 
0 1 2 2 0 1 1 2 0 0 0 2 2 1 0 0 0 0 1 1 0 1 0 0 2 2 1 1 0 0 2 1 0 0 0 1 1 2 0 0 1 0 0 0 1 1 1 0 2 0 0 2 0 1 2 0 2 0 2 1 0 2 0 2 1 2 2 0 2 2 0 0 1 2 1 1 0 0 0 1 2 
0 1 2 18 16 17 1 2 0 0 0 2 18 17 16 0 0 0 1 1 0 17 16 16 2 2 1 17 16 16 2 1 0 16 16 17 17 18 16 0 1 0 16 16 17 17 17 16 2 0 0 18 16 17 2 0 2 0 2 1 0 2 0 2 1 2 2 0 2 2 0 0 1 2 1 1 0 0 0 1 2 
1
0 1 0 1 0 1 0 0 0 
0 1 2 2 0 1 1 2 0 0 0 2 2 1 0 0 0 0 1 1 0 1 0 0 2 2 1 1 0 0 2 1 0 0 0 1 1 2 0 0 1 0 0 0 1 1 1 0 2 2 0 2 0 1 2 0 2 0 2 1 0 2 0 2 1 2 2 0 2 2 0 0 1 2 1 1 0 0 0 1 2 
0 1 2 18 16 17 1 2 0 0 0 2 18 17 16 0 0 0 1 1 0 17 16 16 2 2 1 17 16 16 2 1 0 16 16 17 17 18 16 0 1 0 16 16 17 17 17 16 2 2 0 18 16 17 2 0 2 0 2 1 0 2 0 2 1 2 2 0 2 2 0 0 1 2 1 1 0 0 0 1 2 
1
0 1 0 1 0 1 0 1 0 
0 1 2 2 0 1 1 2 0 0 0 2 2 1 0 0 0 0 1 1 0 1 0 0 2 2 1 1 0 0 2 1 0 0 0 1 1 2 0 0 1 0 0 0 1 1 1 0 2 2 0 2 0 1 2 0 2 0 2 1 0 2 0 2 1 2 2 1 2 2 0 0 1 2 1 1 0 0 0 1 2 
0 1 2 18 16 17 1 2 0 0 0 2 18 17 16 0 0 0 1 1 0 17 16 16 2 2 1 17 16 16 2 1 0 16 16 17 17 18 16 0 1 0 16 16 17 17 17 16 2 2 0 18 16 17 2 0 2 16 18 17 0 2 0 2 1 2 18 17 18 2 0 0 1 2 1 17 16 16 0 1 2 
1
0 1 0 1 0 1 0 1 0 
0 1 2 2 0 1 1 2 0 0 0 2 2 1 0 0 0 0 1 1 0 1 0 0 2 2 1 1 0 0 2 1 2 0 0 1 1 2 0 0 1 0 0 0 1 1 1 0 2 2 0 2 0 1 2 0 2 0 2 1 0 2 0 2 1 2 2 1 2 2 0 0 1 2 1 1 0 0 0 1 2 
0 1 2 18 16 17 1 2 0 0 0 2 18 17 16 0 0 0 1 1 0 17 16 16 2 2 1 17 16 16 2 1 2 16 16 17 17 18 16 0 1 0 16 16 17 17 17 16 2 2 0 18 16 17 2 0 2 16 18 17 0 2 0 2 1 2 18 17 18 2 0 0 1 2 1 17 16 16 0 1 2 
1
0 1 1 1 0 1 0 1 0 
0 1 2 2 0 1 1 2 0 0 0 2 2 1 0 0 1 0 1 1 0 1 0 0 2 2 1 1 0 0 2 1 2 0 0 1 1 2 0 0 1 0 0 0 1 1 1 0 2 2 0 2 0 1 2 0 2 0 2 1 0 2 0 2 1 2 2 1 2 2 0 0 1 2 1 1 0 0 0 1 2 
0 1 2 18 16 17 17 18 16 0 0 2 18 17 16 16 17 16 1 1 0 17 16 16 18 18 17 17 16 16 2 1 2 16 16 17 17 18 16 0 1 0 16 16 17 17 17 16 2 2 0 18 16 17 2 0 2 16 18 17 0 2 0 2 1 2 18 17 18 2 0 0 1 2 1 17 16 16 0 1 2 
1
0 1 1 1 2 1 0 1 0 
0 1 2 2 0 1 1 2 0 0 0 2 2 1 0 0 1 0 1 1 0 1 0 0 2 2 1 1 0 0 2 1 2 0 0 1 1 2 0 0 1 0 0 0 1 1 1 0 2 2 2 2 0 1 2 0 2 0 2 1 0 2 0 2 1 2 2 1 2 2 0 0 1 2 1 1 0 0 0 1 2 
0 1 2 18 16 17 17 18 16 0 0 2 18 17 16 16 17 16 1 1 0 17 16 16 18 18 17 17 16 16 34 33 34 16 16 17 17 18 16 32 33 32 16 16 17 17 17 16 34 34 34 18 16 17 2 0 2 16 18 17 0 2 0 2 1 2 18 17 18 2 0 0 1 2 1 17 16 16 0 1 2 
1
0 1 1 1 2 1 0 1 0 
0 1 2 2 0 1 1 2 0 0 0 2 2 1 0 0 1 0 1 1 0 1 0 0 2 2 1 1 0 0 2 1 2 0 0 1 1 2 0 0 1 0 0 0 1 1 1 0 2 2 2 2 0 1 2 0 2 0 2 1 0 2 0 2 1 2 2 1 2 2 0 0 1 2 1 1 0 0 1 1 2 
0 1 2 18 16 17 17 18 16 0 0 2 18 17 16 16 17 16 1 1 0 17 16 16 18 18 17 17 16 16 34 33 34 16 16 17 17 18 16 32 33 32 16 16 17 17 17 16 34 34 34 18 16 17 2 0 2 16 18 17 0 2 0 2 1 2 18 17 18 2 0 0 1 2 1 17 16 16 1 1 2 
1
0 1 1 1 2 1 2 1 0 
0 1 2 2 0 1 1 2 0 0 0 2 2 1 0 0 1 0 1 1 0 1 0 0 2 2 1 1 0 0 2 1 2 0 0 1 1 2 0 0 1 0 0 0 1 1 1 0 2 2 2 2 0 1 2 2 2 0 2 1 0 2 0 2 1 2 2 1 2 2 0 0 1 2 1 1 0 0 1 1 2 
0 1 2 18 16 17 17 18 16 0 0 2 18 17 16 16 17 16 1 1 0 17 16 16 18 18 17 17 16 16 34 33 34 16 16 17 17 18 16 32 33 32 16 16 17 17 17 16 34 34 34 18 16 17 34 34 34 16 18 17 0 2 0 34 33 34 18 17 18 2 0 0 33 34 33 17 16 16 1 1 2 
1
1 1 1 1 2 1 2 1 0 
0 1 2 2 0 1 1 2 0 0 1 2 2 1 0 0 1 0 1 1 0 1 0 0 2 2 1 1 0 0 2 1 2 0 0 1 1 2 0 0 1 0 0 0 1 1 1 0 2 2 2 2 0 1 2 2 2 0 2 1 0 2 0 2 1 2 2 1 2 2 0 0 1 2 1 1 0 0 1 1 2 
16 17 18 18 16 17 17 18 16 16 17 18 18 17 16 16 17 16 17 17 16 17 16 16 18 18 17 17 16 16 34 33 34 16 16 17 17 18 16 32 33 32 16 16 17 17 17 16 34 34 34 18 16 17 34 34 34 16 18 17 0 2 0 34 33 34 18 17 18 2 0 0 33 34 33 17 16 16 1 1 2 
1
1 1 1 1 2 1 2 1 0 
0 1 2 2 0 1 1 2 0 0 1 2 2 1 0 0 1 0 1 1 0 1 0 0 2 2 1 1 0 0 2 1 2 0 0 1 1 2 0 0 1 0 0 0 1 1 1 0 2 2 2 2 0 1 2 2 2 0 2 1 0 2 0 2 1 2 2 1 2 2 0 0 1 2 1 1 0 0 1 1 2 
16 17 18 18 16 17 17 18 16 16 17 18 18 17 16 16 17 16 17 17 16 17 16 16 18 18 17 17 16 16 34 33 34 16 16 17 17 18 16 32 33 32 16 16 17 17 17 16 34 34 34 18 16 17 34 34 34 16 18 17 0 2 0 34 33 34 18 17 18 2 0 0 33 34 33 17 16 16 1 1 2 
1
