0 0 0 0 0 0 0 0 0 
0 0 0 0 0 0 0 0 0 0 0 0 0 0 0 0 0 0 0 0 0 0 0 0 0 0 0 0 0 0 0 0 0 0 0 0 0 0 0 0 0 0 0 0 0 0 0 0 0 0 0 0 0 0 0 0 0 0 0 0 0 0 0 0 0 0 0 0 0 0 0 0 0 0 0 0 0 0 0 0 1 
0 0 0 0 0 0 0 0 0 0 0 0 0 0 0 0 0 0 0 0 0 0 0 0 0 0 0 0 0 0 0 0 0 0 0 0 0 0 0 0 0 0 0 0 0 0 0 0 0 0 0 0 0 0 0 0 0 0 0 0 0 0 0 0 0 0 0 0 0 0 0 0 0 0 0 0 0 0 0 0 1 
0
0 0 0 0 0 0 0 0 0 
0 0 0 0 0 0 0 0 0 0 0 0 0 0 0 0 0 0 0 0 0 0 0 0 0 0 0 0 0 0 0 0 0 0 0 0 0 0 0 0 0 0 0 0 0 0 0 0 0 0 0 0 0 0 0 0 0 0 0 0 0 0 0 0 0 0 0 0 0 2 0 0 0 0 0 0 0 0 0 0 1 
0 0 0 0 0 0 0 0 0 0 0 0 0 0 0 0 0 0 0 0 0 0 0 0 0 0 0 0 0 0 0 0 0 0 0 0 0 0 0 0 0 0 0 0 0 0 0 0 0 0 0 0 0 0 0 0 0 0 0 0 0 0 0 0 0 0 0 0 0 2 0 0 0 0 0 0 0 0 0 0 1 
0
0 0 0 0 0 0 0 0 0 
0 0 0 0 0 0 0 0 0 0 0 0 0 0 0 0 0 0 0 0 0 0 0 0 0 0 0 0 0 0 0 0 0 0 0 0 1 0 0 0 0 0 0 0 0 0 0 0 0 0 0 0 0 0 0 0 0 0 0 0 0 0 0 0 0 0 0 0 0 2 0 0 0 0 0 0 0 0 0 0 1 
0 0 0 0 0 0 0 0 0 0 0 0 0 0 0 0 0 0 0 0 0 0 0 0 0 0 0 0 0 0 0 0 0 0 0 0 1 0 0 0 0 0 0 0 0 0 0 0 0 0 0 0 0 0 0 0 0 0 0 0 0 0 0 0 0 0 0 0 0 2 0 0 0 0 0 0 0 0 0 0 1 
0
0 0 0 0 0 0 0 0 0 
0 0 0 0 0 0 0 0 0 0 0 0 0 0 0 0 0 0 0 0 0 0 0 0 0 0 0 0 2 0 0 0 0 0 0 0 1 0 0 0 0 0 0 0 0 0 0 0 0 0 0 0 0 0 0 0 0 0 0 0 0 0 0 0 0 0 0 0 0 2 0 0 0 0 0 0 0 0 0 0 1 
0 0 0 0 0 0 0 0 0 0 0 0 0 0 0 0 0 0 0 0 0 0 0 0 0 0 0 0 2 0 0 0 0 0 0 0 1 0 0 0 0 0 0 0 0 0 0 0 0 0 0 0 0 0 0 0 0 0 0 0 0 0 0 0 0 0 0 0 0 2 0 0 0 0 0 0 0 0 0 0 1 
0
0 0 0 0 0 0 0 0 0 
0 0 0 0 1 0 0 0 0 0 0 0 0 0 0 0 0 0 0 0 0 0 0 0 0 0 0 0 2 0 0 0 0 0 0 0 1 0 0 0 0 0 0 0 0 0 0 0 0 0 0 0 0 0 0 0 0 0 0 0 0 0 0 0 0 0 0 0 0 2 0 0 0 0 0 0 0 0 0 0 1 
0 0 0 0 1 0 0 0 0 0 0 0 0 0 0 0 0 0 0 0 0 0 0 0 0 0 0 0 2 0 0 0 0 0 0 0 1 0 0 0 0 0 0 0 0 0 0 0 0 0 0 0 0 0 0 0 0 0 0 0 0 0 0 0 0 0 0 0 0 2 0 0 0 0 0 0 0 0 0 0 1 
0
0 0 0 0 0 0 0 0 0 
0 0 0 0 1 0 0 0 0 0 0 0 2 0 0 0 0 0 0 0 0 0 0 0 0 0 0 0 2 0 0 0 0 0 0 0 1 0 0 0 0 0 0 0 0 0 0 0 0 0 0 0 0 0 0 0 0 0 0 0 0 0 0 0 0 0 0 0 0 2 0 0 0 0 0 0 0 0 0 0 1 
0 0 0 0 1 0 0 0 0 0 0 0 2 0 0 0 0 0 0 0 0 0 0 0 0 0 0 0 2 0 0 0 0 0 0 0 1 0 0 0 0 0 0 0 0 0 0 0 0 0 0 0 0 0 0 0 0 0 0 0 0 0 0 0 0 0 0 0 0 2 0 0 0 0 0 0 0 0 0 0 1 
0
0 0 0 0 0 0 0 0 0 
0 0 0 0 1 0 0 0 0 0 0 0 2 0 0 0 0 0 0 0 0 0 0 0 0 0 0 1 2 0 0 0 0 0 0 0 1 0 0 0 0 0 0 0 0 0 0 0 0 0 0 0 0 0 0 0 0 0 0 0 0 0 0 0 0 0 0 0 0 2 0 0 0 0 0 0 0 0 0 0 1 
0 0 0 0 1 0 0 0 0 0 0 0 2 0 0 0 0 0 0 0 0 0 0 0 0 0 0 1 2 0 0 0 0 0 0 0 1 0 0 0 0 0 0 0 0 0 0 0 0 0 0 0 0 0 0 0 0 0 0 0 0 0 0 0 0 0 0 0 0 2 0 0 0 0 0 0 0 0 0 0 1 
0
0 0 0 0 0 0 0 0 0 
0 2 0 0 1 0 0 0 0 0 0 0 2 0 0 0 0 0 0 0 0 0 0 0 0 0 0 1 2 0 0 0 0 0 0 0 1 0 0 0 0 0 0 0 0 0 0 0 0 0 0 0 0 0 0 0 0 0 0 0 0 0 0 0 0 0 0 0 0 2 0 0 0 0 0 0 0 0 0 0 1 
0 2 0 0 1 0 0 0 0 0 0 0 2 0 0 0 0 0 0 0 0 0 0 0 0 0 0 1 2 0 0 0 0 0 0 0 1 0 0 0 0 0 0 0 0 0 0 0 0 0 0 0 0 0 0 0 0 0 0 0 0 0 0 0 0 0 0 0 0 2 0 0 0 0 0 0 0 0 0 0 1 
0
0 0 0 0 0 0 0 0 0 
0 2 0 0 1 0 0 0 0 0 0 0 2 1 0 0 0 0 0 0 0 0 0 0 0 0 0 1 2 0 0 0 0 0 0 0 1 0 0 0 0 0 0 0 0 0 0 0 0 0 0 0 0 0 0 0 0 0 0 0 0 0 0 0 0 0 0 0 0 2 0 0 0 0 0 0 0 0 0 0 1 
0 2 0 0 1 0 0 0 0 0 0 0 2 1 0 0 0 0 0 0 0 0 0 0 0 0 0 1 2 0 0 0 0 0 0 0 1 0 0 0 0 0 0 0 0 0 0 0 0 0 0 0 0 0 0 0 0 0 0 0 0 0 0 0 0 0 0 0 0 2 0 0 0 0 0 0 0 0 0 0 1 
0
0 0 0 0 0 0 0 0 0 
0 2 0 0 1 0 0 0 0 0 0 0 2 1 0 0 0 0 0 0 0 0 0 0 0 0 0 1 2 0 0 0 0 0 0 0 1 0 0 0 2 0 0 0 0 0 0 0 0 0 0 0 0 0 0 0 0 0 0 0 0 0 0 0 0 0 0 0 0 2 0 0 0 0 0 0 0 0 0 0 1 
0 2 0 0 1 0 0 0 0 0 0 0 2 1 0 0 0 0 0 0 0 0 0 0 0 0 0 1 2 0 0 0 0 0 0 0 1 0 0 0 2 0 0 0 0 0 0 0 0 0 0 0 0 0 0 0 0 0 0 0 0 0 0 0 0 0 0 0 0 2 0 0 0 0 0 0 0 0 0 0 1 
0
0 0 0 0 0 0 0 0 0 
0 2 0 0 1 0 0 0 0 0 0 0 2 1 0 0 0 0 0 0 0 0 0 0 0 0 0 1 2 0 0 0 0 0 0 0 1 0 0 1 2 0 0 0 0 0 0 0 0 0 0 0 0 0 0 0 0 0 0 0 0 0 0 0 0 0 0 0 0 2 0 0 0 0 0 0 0 0 0 0 1 
0 2 0 0 1 0 0 0 0 0 0 0 2 1 0 0 0 0 0 0 0 0 0 0 0 0 0 1 2 0 0 0 0 0 0 0 1 0 0 1 2 0 0 0 0 0 0 0 0 0 0 0 0 0 0 0 0 0 0 0 0 0 0 0 0 0 0 0 0 2 0 0 0 0 0 0 0 0 0 0 1 
0
0 0 0 0 0 0 0 0 0 
0 2 0 0 1 0 0 0 0 0 0 0 2 1 0 0 0 0 0 0 0 0 0 0 0 0 0 1 2 0 0 0 0 0 0 0 1 0 0 1 2 0 0 0 0 0 2 0 0 0 0 0 0 0 0 0 0 0 0 0 0 0 0 0 0 0 0 0 0 2 0 0 0 0 0 0 0 0 0 0 1 
0 2 0 0 1 0 0 0 0 0 0 0 2 1 0 0 0 0 0 0 0 0 0 0 0 0 0 1 2 0 0 0 0 0 0 0 1 0 0 1 2 0 0 0 0 0 2 0 0 0 0 0 0 0 0 0 0 0 0 0 0 0 0 0 0 0 0 0 0 2 0 0 0 0 0 0 0 0 0 0 1 
0
0 0 0 0 0 0 0 0 0 
0 2 0 0 1 0 0 0 0 0 0 0 2 1 0 0 0 0 0 0 0 0 0 0 0 0 0 1 2 0 0 0 0 0 0 0 1 0 0 1 2 0 0 0 0 0 2 0 0 0 0 0 0 0 0 0 0 0 0 0 0 0 0 0 0 0 0 0 0 2 0 0 0 0 0 0 1 0 0 0 1 
0 2 0 0 1 0 0 0 0 0 0 0 2 1 0 0 0 0 0 0 0 0 0 0 0 0 0 1 2 0 0 0 0 0 0 0 1 0 0 1 2 0 0 0 0 0 2 0 0 0 0 0 0 0 0 0 0 0 0 0 0 0 0 0 0 0 0 0 0 2 0 0 0 0 0 0 1 0 0 0 1 
0
0 0 0 0 0 0 0 0 0 
0 2 0 0 1 0 0 0 0 0 0 0 2 1 0 0 0 0 0 0 0 0 0 0 0 0 0 1 2 0 0 0 0 0 0 0 1 0 0 1 2 0 0 0 0 0 2 0 0 0 0 0 0 0 0 0 0 2 0 0 0 0 0 0 0 0 0 0 0 2 0 0 0 0 0 0 1 0 0 0 1 
0 2 0 0 1 0 0 0 0 0 0 0 2 1 0 0 0 0 0 0 0 0 0 0 0 0 0 1 2 0 0 0 0 0 0 0 1 0 0 1 2 0 0 0 0 0 2 0 0 0 0 0 0 0 0 0 0 2 0 0 0 0 0 0 0 0 0 0 0 2 0 0 0 0 0 0 1 0 0 0 1 
0
0 0 0 0 0 0 0 0 0 
1 2 0 0 1 0 0 0 0 0 0 0 2 1 0 0 0 0 0 0 0 0 0 0 0 0 0 1 2 0 0 0 0 0 0 0 1 0 0 1 2 0 0 0 0 0 2 0 0 0 0 0 0 0 0 0 0 2 0 0 0 0 0 0 0 0 0 0 0 2 0 0 0 0 0 0 1 0 0 0 1 
1 2 0 0 1 0 0 0 0 0 0 0 2 1 0 0 0 0 0 0 0 0 0 0 0 0 0 1 2 0 0 0 0 0 0 0 1 0 0 1 2 0 0 0 0 0 2 0 0 0 0 0 0 0 0 0 0 2 0 0 0 0 0 0 0 0 0 0 0 2 0 0 0 0 0 0 1 0 0 0 1 
0
0 0 0 0 0 0 0 0 0 
1 2 0 0 1 0 0 0 0 0 2 0 2 1 0 0 0 0 0 0 0 0 0 0 0 0 0 1 2 0 0 0 0 0 0 0 1 0 0 1 2 0 0 0 0 0 2 0 0 0 0 0 0 0 0 0 0 2 0 0 0 0 0 0 0 0 0 0 0 2 0 0 0 0 0 0 1 0 0 0 1 
1 2 0 0 1 0 0 0 0 0 2 0 2 1 0 0 0 0 0 0 0 0 0 0 0 0 0 1 2 0 0 0 0 0 0 0 1 0 0 1 2 0 0 0 0 0 2 0 0 0 0 0 0 0 0 0 0 2 0 0 0 0 0 0 0 0 0 0 0 2 0 0 0 0 0 0 1 0 0 0 1 
0
0 0 0 0 0 0 0 0 0 
1 2 0 0 1 0 0 0 0 0 2 0 2 1 0 0 0 0 0 0 0 0 0 0 0 0 0 1 2 0 1 0 0 0 0 0 1 0 0 1 2 0 0 0 0 0 2 0 0 0 0 0 0 0 0 0 0 2 0 0 0 0 0 0 0 0 0 0 0 2 0 0 0 0 0 0 1 0 0 0 1 
1 2 0 0 1 0 0 0 0 0 2 0 2 1 0 0 0 0 0 0 0 0 0 0 0 0 0 1 2 0 1 0 0 0 0 0 1 0 0 1 2 0 0 0 0 0 2 0 0 0 0 0 0 0 0 0 0 2 0 0 0 0 0 0 0 0 0 0 0 2 0 0 0 0 0 0 1 0 0 0 1 
0
2 0 0 0 0 0 0 0 0 
1 2 0 0 1 0 0 0 0 0 2 0 2 1 0 0 0 0 0 2 0 0 0 0 0 0 0 1 2 0 1 0 0 0 0 0 1 0 0 1 2 0 0 0 0 0 2 0 0 0 0 0 0 0 0 0 0 2 0 0 0 0 0 0 0 0 0 0 0 2 0 0 0 0 0 0 1 0 0 0 1 
33 34 32 0 1 0 0 0 0 32 34 32 2 1 0 0 0 0 32 34 32 0 0 0 0 0 0 1 2 0 1 0 0 0 0 0 1 0 0 1 2 0 0 0 0 0 2 0 0 0 0 0 0 0 0 0 0 2 0 0 0 0 0 0 0 0 0 0 0 2 0 0 0 0 0 0 1 0 0 0 1 
0
2 0 0 0 0 0 0 0 0 
1 2 0 0 1 0 0 0 0 0 2 0 2 1 0 0 0 0 0 2 0 0 0 0 0 0 0 1 2 0 1 0 0 0 0 0 1 0 0 1 2 0 0 0 0 0 2 0 0 0 0 0 0 0 0 0 0 2 1 0 0 0 0 0 0 0 0 0 0 2 0 0 0 0 0 0 1 0 0 0 1 
33 34 32 0 1 0 0 0 0 32 34 32 2 1 0 0 0 0 32 34 32 0 0 0 0 0 0 1 2 0 1 0 0 0 0 0 1 0 0 1 2 0 0 0 0 0 2 0 0 0 0 0 0 0 0 0 0 2 1 0 0 0 0 0 0 0 0 0 0 2 0 0 0 0 0 0 1 0 0 0 1 
0
2 0 0 0 0 0 0 0 0 
1 2 0 0 1 0 0 0 0 0 2 0 2 1 0 0 0 0 0 2 0 2 0 0 0 0 0 1 2 0 1 0 0 0 0 0 1 0 0 1 2 0 0 0 0 0 2 0 0 0 0 0 0 0 0 0 0 2 1 0 0 0 0 0 0 0 0 0 0 2 0 0 0 0 0 0 1 0 0 0 1 
33 34 32 0 1 0 0 0 0 32 34 32 2 1 0 0 0 0 32 34 32 2 0 0 0 0 0 1 2 0 1 0 0 0 0 0 1 0 0 1 2 0 0 0 0 0 2 0 0 0 0 0 0 0 0 0 0 2 1 0 0 0 0 0 0 0 0 0 0 2 0 0 0 0 0 0 1 0 0 0 1 
0
2 0 0 0 0 0 0 0 0 
1 2 0 0 1 0 0 0 0 0 2 0 2 1 0 0 0 0 0 2 0 2 0 0 0 0 0 1 2 0 1 0 0 0 0 0 1 0 0 1 2 0 0 0 0 0 2 0 0 0 0 0 0 0 0 0 0 2 1 0 0 0 0 0 0 0 0 0 0 2 0 0 1 0 0 0 1 0 0 0 1 
33 34 32 0 1 0 0 0 0 32 34 32 2 1 0 0 0 0 32 34 32 2 0 0 0 0 0 1 2 0 1 0 0 0 0 0 1 0 0 1 2 0 0 0 0 0 2 0 0 0 0 0 0 0 0 0 0 2 1 0 0 0 0 0 0 0 0 0 0 2 0 0 1 0 0 0 1 0 0 0 1 
0
2 0 0 0 0 0 0 0 0 
1 2 0 0 1 0 0 0 0 0 2 0 2 1 0 0 0 0 0 2 0 2 0 0 0 0 0 1 2 0 1 0 0 0 0 0 1 0 0 1 2 0 0 0 0 0 2 0 0 0 0 0 0 0 0 0 2 2 1 0 0 0 0 0 0 0 0 0 0 2 0 0 1 0 0 0 1 0 0 0 1 
33 34 32 0 1 0 0 0 0 32 34 32 2 1 0 0 0 0 32 34 32 2 0 0 0 0 0 1 2 0 1 0 0 0 0 0 1 0 0 1 2 0 0 0 0 0 2 0 0 0 0 0 0 0 0 0 2 2 1 0 0 0 0 0 0 0 0 0 0 2 0 0 1 0 0 0 1 0 0 0 1 
0
2 0 0 0 0 0 0 0 0 
1 2 0 0 1 0 0 0 1 0 2 0 2 1 0 0 0 0 0 2 0 2 0 0 0 0 0 1 2 0 1 0 0 0 0 0 1 0 0 1 2 0 0 0 0 0 2 0 0 0 0 0 0 0 0 0 2 2 1 0 0 0 0 0 0 0 0 0 0 2 0 0 1 0 0 0 1 0 0 0 1 
33 34 32 0 1 0 0 0 1 32 34 32 2 1 0 0 0 0 32 34 32 2 0 0 0 0 0 1 2 0 1 0 0 0 0 0 1 0 0 1 2 0 0 0 0 0 2 0 0 0 0 0 0 0 0 0 2 2 1 0 0 0 0 0 0 0 0 0 0 2 0 0 1 0 0 0 1 0 0 0 1 
0
2 0 0 0 0 0 0 0 0 
1 2 0 0 1 0 0 0 1 0 2 0 2 1 0 0 0 0 0 2 0 2 0 0 0 2 0 1 2 0 1 0 0 0 0 0 1 0 0 1 2 0 0 0 0 0 2 0 0 0 0 0 0 0 0 0 2 2 1 0 0 0 0 0 0 0 0 0 0 2 0 0 1 0 0 0 1 0 0 0 1 
33 34 32 0 1 0 0 0 1 32 34 32 2 1 0 0 0 0 32 34 32 2 0 0 0 2 0 1 2 0 1 0 0 0 0 0 1 0 0 1 2 0 0 0 0 0 2 0 0 0 0 0 0 0 0 0 2 2 1 0 0 0 0 0 0 0 0 0 0 2 0 0 1 0 0 0 1 0 0 0 1 
0
2 0 0 0 0 0 0 1 0 
1 2 0 0 1 0 0 0 1 0 2 0 2 1 0 0 0 0 0 2 0 2 0 0 0 2 0 1 2 0 1 0 0 0 0 0 1 0 0 1 2 0 0 0 0 0 2 0 0 0 0 0 0 0 0 0 2 2 1 0 0 0 0 0 0 0 0 1 0 2 0 0 1 0 0 0 1 0 0 0 1 
33 34 32 0 1 0 0 0 1 32 34 32 2 1 0 0 0 0 32 34 32 2 0 0 0 2 0 1 2 0 1 0 0 0 0 0 1 0 0 1 2 0 0 0 0 0 2 0 0 0 0 0 0 0 0 0 2 18 17 16 0 0 0 0 0 0 16 17 16 2 0 0 1 0 0 16 17 16 0 0 1 
0
2 0 0 0 0 0 0 1 0 
1 2 0 0 1 0 0 0 1 0 2 0 2 1 0 0 0 0 0 2 0 2 0 0 0 2 0 1 2 0 1 0 0 0 0 0 1 0 0 1 2 0 0 0 0 0 2 0 2 0 0 0 0 0 0 0 2 2 1 0 0 0 0 0 0 0 0 1 0 2 0 0 1 0 0 0 1 0 0 0 1 
33 34 32 0 1 0 0 0 1 32 34 32 2 1 0 0 0 0 32 34 32 2 0 0 0 2 0 1 2 0 1 0 0 0 0 0 1 0 0 1 2 0 0 0 0 0 2 0 2 0 0 0 0 0 0 0 2 18 17 16 0 0 0 0 0 0 16 17 16 2 0 0 1 0 0 16 17 16 0 0 1 
0
2 0 0 0 0 0 0 1 0 
1 2 0 0 1 0 0 0 1 0 2 0 2 1 0 0 0 0 0 2 0 2 0 0 0 2 0 1 2 0 1 0 0 0 0 0 1 0 0 1 2 0 0 0 0 0 2 0 2 0 0 0 0 0 0 0 2 2 1 0 0 0 0 0 0 1 0 1 0 2 0 0 1 0 0 0 1 0 0 0 1 
33 34 32 0 1 0 0 0 1 32 34 32 2 1 0 0 0 0 32 34 32 2 0 0 0 2 0 1 2 0 1 0 0 0 0 0 1 0 0 1 2 0 0 0 0 0 2 0 2 0 0 0 0 0 0 0 2 18 17 16 0 0 0 0 0 1 16 17 16 2 0 0 1 0 0 16 17 16 0 0 1 
0
2 0 0 0 0 0 0 1 0 
1 2 0 0 1 0 0 0 1 0 2 0 2 1 0 0 0 0 0 2 0 2 0 0 0 2 0 1 2 0 1 0 0 0 0 0 1 0 0 1 2 0 0 0 0 0 2 0 2 0 0 0 2 0 0 0 2 2 1 0 0 0 0 0 0 1 0 1 0 2 0 0 1 0 0 0 1 0 0 0 1 
33 34 32 0 1 0 0 0 1 32 34 32 2 1 0 0 0 0 32 34 32 2 0 0 0 2 0 1 2 0 1 0 0 0 0 0 1 0 0 1 2 0 0 0 0 0 2 0 2 0 0 0 2 0 0 0 2 18 17 16 0 0 0 0 0 1 16 17 16 2 0 0 1 0 0 16 17 16 0 0 1 
0
2 0 0 0 0 0 0 1 0 
1 2 0 0 1 0 0 0 1 0 2 0 2 1 0 0 0 0 0 2 0 2 0 0 0 2 0 1 2 0 1 0 0 0 0 0 1 0 0 1 2 0 0 0 0 0 2 0 2 0 0 0 2 0 0 0 2 2 1 0 0 0 0 0 0 1 0 1 0 2 1 0 1 0 0 0 1 0 0 0 1 
33 34 32 0 1 0 0 0 1 32 34 32 2 1 0 0 0 0 32 34 32 2 0 0 0 2 0 1 2 0 1 0 0 0 0 0 1 0 0 1 2 0 0 0 0 0 2 0 2 0 0 0 2 0 0 0 2 18 17 16 0 0 0 0 0 1 16 17 16 2 1 0 1 0 0 16 17 16 0 0 1 
0
2 0 0 0 2 0 0 1 0 
1 2 0 0 1 0 0 0 1 0 2 0 2 1 0 0 0 0 0 2 0 2 0 0 0 2 0 1 2 0 1 0 2 0 0 0 1 0 0 1 2 0 0 0 0 0 2 0 2 0 0 0 2 0 0 0 2 2 1 0 0 0 0 0 0 1 0 1 0 2 1 0 1 0 0 0 1 0 0 0 1 
33 34 32 0 1 0 0 0 1 32 34 32 2 1 0 0 0 0 32 34 32 2 0 0 0 2 0 1 2 0 33 32 34 0 0 0 1 0 0 33 34 32 0 0 0 0 2 0 34 32 32 0 2 0 0 0 2 18 17 16 0 0 0 0 0 1 16 17 16 2 1 0 1 0 0 16 17 16 0 0 1 
0
2 0 0 0 2 0 0 1 0 
1 2 0 0 1 0 0 0 1 0 2 0 2 1 0 0 0 0 0 2 0 2 0 0 1 2 0 1 2 0 1 0 2 0 0 0 1 0 0 1 2 0 0 0 0 0 2 0 2 0 0 0 2 0 0 0 2 2 1 0 0 0 0 0 0 1 0 1 0 2 1 0 1 0 0 0 1 0 0 0 1 
33 34 32 0 1 0 0 0 1 32 34 32 2 1 0 0 0 0 32 34 32 2 0 0 1 2 0 1 2 0 33 32 34 0 0 0 1 0 0 33 34 32 0 0 0 0 2 0 34 32 32 0 2 0 0 0 2 18 17 16 0 0 0 0 0 1 16 17 16 2 1 0 1 0 0 16 17 16 0 0 1 
0
2 0 0 0 2 0 0 1 0 
1 2 0 0 1 0 0 0 1 0 2 0 2 1 0 0 0 0 0 2 0 2 0 0 1 2 0 1 2 0 1 0 2 0 0 0 1 0 0 1 2 0 0 0 0 0 2 0 2 0 0 0 2 0 0 2 2 2 1 0 0 0 0 0 0 1 0 1 0 2 1 0 1 0 0 0 1 0 0 0 1 
33 34 32 0 1 0 0 0 1 32 34 32 2 1 0 0 0 0 32 34 32 2 0 0 1 2 0 1 2 0 33 32 34 0 0 0 1 0 0 33 34 32 0 0 0 0 2 0 34 32 32 0 2 0 0 2 2 18 17 16 0 0 0 0 0 1 16 17 16 2 1 0 1 0 0 16 17 16 0 0 1 
0
2 1 0 0 2 0 0 1 0 
1 2 0 0 1 0 0 0 1 0 2 0 2 1 0 0 0 0 0 2 0 2 1 0 1 2 0 1 2 0 1 0 2 0 0 0 1 0 0 1 2 0 0 0 0 0 2 0 2 0 0 0 2 0 0 2 2 2 1 0 0 0 0 0 0 1 0 1 0 2 1 0 1 0 0 0 1 0 0 0 1 
33 34 32 16 17 16 0 0 1 32 34 32 18 17 16 0 0 0 32 34 32 18 17 16 1 2 0 1 2 0 33 32 34 0 0 0 1 0 0 33 34 32 0 0 0 0 2 0 34 32 32 0 2 0 0 2 2 18 17 16 0 0 0 0 0 1 16 17 16 2 1 0 1 0 0 16 17 16 0 0 1 
0
2 1 0 0 2 0 0 1 0 
1 2 0 0 1 0 0 0 1 0 2 0 2 1 0 0 0 0 0 2 0 2 1 0 1 2 0 1 2 0 1 0 2 0 0 0 1 0 0 1 2 0 0 0 0 0 2 0 2 0 0 0 2 0 0 2 2 2 1 0 2 0 0 0 0 1 0 1 0 2 1 0 1 0 0 0 1 0 0 0 1 
33 34 32 16 17 16 0 0 1 32 34 32 18 17 16 0 0 0 32 34 32 18 17 16 1 2 0 1 2 0 33 32 34 0 0 0 1 0 0 33 34 32 0 0 0 0 2 0 34 32 32 0 2 0 0 2 2 18 17 16 2 0 0 0 0 1 16 17 16 2 1 0 1 0 0 16 17 16 0 0 1 
0
2 1 0 0 2 0 0 1 0 
1 2 0 0 1 0 0 0 1 0 2 0 2 1 0 0 0 0 0 2 0 2 1 0 1 2 0 1 2 0 1 0 2 0 0 0 1 0 0 1 2 0 0 0 0 0 2 0 2 0 0 0 2 0 0 2 2 2 1 0 2 1 0 0 0 1 0 1 0 2 1 0 1 0 0 0 1 0 0 0 1 
33 34 32 16 17 16 0 0 1 32 34 32 18 17 16 0 0 0 32 34 32 18 17 16 1 2 0 1 2 0 33 32 34 0 0 0 1 0 0 33 34 32 0 0 0 0 2 0 34 32 32 0 2 0 0 2 2 18 17 16 2 1 0 0 0 1 16 17 16 2 1 0 1 0 0 16 17 16 0 0 1 
0
2 1 0 0 2 0 0 1 2 
1 2 0 0 1 0 0 0 1 0 2 0 2 1 0 0 0 0 0 2 0 2 1 0 1 2 0 1 2 0 1 0 2 0 0 0 1 0 0 1 2 0 0 0 0 0 2 0 2 0 0 0 2 0 0 2 2 2 1 0 2 1 0 0 0 1 0 1 0 2 1 0 1 0 0 0 1 0 2 0 1 
33 34 32 16 17 16 0 0 1 32 34 32 18 17 16 0 0 0 32 34 32 18 17 16 1 2 0 1 2 0 33 32 34 0 0 0 1 0 0 33 34 32 0 0 0 0 2 0 34 32 32 0 2 0 0 2 2 18 17 16 34 33 32 0 0 1 16 17 16 34 33 32 1 0 0 16 17 16 34 32 33 
0
2 1 0 0 2 0 0 1 2 
1 2 0 0 1 0 0 0 1 0 2 0 2 1 0 0 0 0 0 2 0 2 1 0 1 2 0 1 2 0 1 0 2 0 0 0 1 0 0 1 2 0 0 0 0 0 2 0 2 0 0 0 2 0 0 2 2 2 1 0 2 1 0 0 0 1 0 1 0 2 1 0 1 0 0 0 1 0 2 0 1 
33 34 32 16 17 16 0 0 1 32 34 32 18 17 16 0 0 0 32 34 32 18 17 16 1 2 0 1 2 0 33 32 34 0 0 0 1 0 0 33 34 32 0 0 0 0 2 0 34 32 32 0 2 0 0 2 2 18 17 16 34 33 32 0 0 1 16 17 16 34 33 32 1 0 0 16 17 16 34 32 33 
0
