0 0 0 0 0 0 0 0 0 
0 0 0 0 0 0 0 0 0 0 0 0 0 0 0 0 0 0 0 0 0 0 0 0 0 0 1 0 0 0 0 0 0 0 0 0 0 0 0 0 0 0 0 0 0 0 0 0 0 0 0 0 0 0 0 0 0 0 0 0 0 0 0 0 0 0 0 0 0 0 0 0 0 0 0 0 0 0 0 0 0 
0 0 0 0 0 0 0 0 0 0 0 0 0 0 0 0 0 0 0 0 0 0 0 0 0 0 1 0 0 0 0 0 0 0 0 0 0 0 0 0 0 0 0 0 0 0 0 0 0 0 0 0 0 0 0 0 0 0 0 0 0 0 0 0 0 0 0 0 0 0 0 0 0 0 0 0 0 0 0 0 0 
1
0 0 0 0 0 0 0 0 0 
0 0 0 0 0 0 0 0 0 0 0 0 0 0 0 0 0 0 0 0 0 0 0 0 0 0 1 0 0 0 0 0 0 0 0 0 0 0 0 0 0 0 0 0 0 0 0 0 0 0 0 0 0 0 0 0 0 0 0 0 0 0 0 0 0 0 0 0 0 0 0 0 0 0 0 0 0 0 0 0 2 
0 0 0 0 0 0 0 0 0 0 0 0 0 0 0 0 0 0 0 0 0 0 0 0 0 0 1 0 0 0 0 0 0 0 0 0 0 0 0 0 0 0 0 0 0 0 0 0 0 0 0 0 0 0 0 0 0 0 0 0 0 0 0 0 0 0 0 0 0 0 0 0 0 0 0 0 0 0 0 0 2 
1
0 0 0 0 0 0 0 0 0 
0 0 0 0 0 0 0 0 0 0 0 0 0 0 0 0 0 0 0 0 0 0 0 0 0 0 1 0 0 0 0 0 0 0 0 0 0 0 0 0 0 0 0 0 0 0 0 0 0 0 0 0 0 0 0 0 0 0 0 0 0 0 0 0 0 0 0 0 0 0 0 0 0 0 0 0 0 0 1 0 2 
0 0 0 0 0 0 0 0 0 0 0 0 0 0 0 0 0 0 0 0 0 0 0 0 0 0 1 0 0 0 0 0 0 0 0 0 0 0 0 0 0 0 0 0 0 0 0 0 0 0 0 0 0 0 0 0 0 0 0 0 0 0 0 0 0 0 0 0 0 0 0 0 0 0 0 0 0 0 1 0 2 
1
0 0 0 0 0 0 0 0 0 
0 0 0 0 0 0 0 0 0 0 0 0 0 0 0 0 0 0 0 0 0 0 0 0 0 0 1 0 0 0 0 0 0 0 0 0 0 0 0 0 0 0 0 0 0 0 0 0 0 0 0 0 0 0 0 0 0 0 0 0 0 0 0 0 0 0 0 0 0 0 0 0 2 0 0 0 0 0 1 0 2 
0 0 0 0 0 0 0 0 0 0 0 0 0 0 0 0 0 0 0 0 0 0 0 0 0 0 1 0 0 0 0 0 0 0 0 0 0 0 0 0 0 0 0 0 0 0 0 0 0 0 0 0 0 0 0 0 0 0 0 0 0 0 0 0 0 0 0 0 0 0 0 0 2 0 0 0 0 0 1 0 2 
1
0 0 0 0 0 0 0 0 0 
0 0 0 0 0 0 0 0 0 0 0 0 0 0 0 0 0 0 0 0 0 0 0 0 0 0 1 0 0 0 0 0 0 0 0 0 0 0 0 0 0 0 0 0 0 0 0 0 0 0 0 0 0 0 0 1 0 0 0 0 0 0 0 0 0 0 0 0 0 0 0 0 2 0 0 0 0 0 1 0 2 
0 0 0 0 0 0 0 0 0 0 0 0 0 0 0 0 0 0 0 0 0 0 0 0 0 0 1 0 0 0 0 0 0 0 0 0 0 0 0 0 0 0 0 0 0 0 0 0 0 0 0 0 0 0 0 1 0 0 0 0 0 0 0 0 0 0 0 0 0 0 0 0 2 0 0 0 0 0 1 0 2 
1
0 0 0 0 0 0 0 0 0 
0 0 0 0 2 0 0 0 0 0 0 0 0 0 0 0 0 0 0 0 0 0 0 0 0 0 1 0 0 0 0 0 0 0 0 0 0 0 0 0 0 0 0 0 0 0 0 0 0 0 0 0 0 0 0 1 0 0 0 0 0 0 0 0 0 0 0 0 0 0 0 0 2 0 0 0 0 0 1 0 2 
0 0 0 0 2 0 0 0 0 0 0 0 0 0 0 0 0 0 0 0 0 0 0 0 0 0 1 0 0 0 0 0 0 0 0 0 0 0 0 0 0 0 0 0 0 0 0 0 0 0 0 0 0 0 0 1 0 0 0 0 0 0 0 0 0 0 0 0 0 0 0 0 2 0 0 0 0 0 1 0 2 
1
0 0 0 0 0 0 0 0 0 
0 0 0 0 2 1 0 0 0 0 0 0 0 0 0 0 0 0 0 0 0 0 0 0 0 0 1 0 0 0 0 0 0 0 0 0 0 0 0 0 0 0 0 0 0 0 0 0 0 0 0 0 0 0 0 1 0 0 0 0 0 0 0 0 0 0 0 0 0 0 0 0 2 0 0 0 0 0 1 0 2 
0 0 0 0 2 1 0 0 0 0 0 0 0 0 0 0 0 0 0 0 0 0 0 0 0 0 1 0 0 0 0 0 0 0 0 0 0 0 0 0 0 0 0 0 0 0 0 0 0 0 0 0 0 0 0 1 0 0 0 0 0 0 0 0 0 0 0 0 0 0 0 0 2 0 0 0 0 0 1 0 2 
1
0 0 0 0 0 0 0 0 0 
0 0 0 0 2 1 0 0 2 0 0 0 0 0 0 0 0 0 0 0 0 0 0 0 0 0 1 0 0 0 0 0 0 0 0 0 0 0 0 0 0 0 0 0 0 0 0 0 0 0 0 0 0 0 0 1 0 0 0 0 0 0 0 0 0 0 0 0 0 0 0 0 2 0 0 0 0 0 1 0 2 
0 0 0 0 2 1 0 0 2 0 0 0 0 0 0 0 0 0 0 0 0 0 0 0 0 0 1 0 0 0 0 0 0 0 0 0 0 0 0 0 0 0 0 0 0 0 0 0 0 0 0 0 0 0 0 1 0 0 0 0 0 0 0 0 0 0 0 0 0 0 0 0 2 0 0 0 0 0 1 0 2 
1
0 0 0 0 0 0 0 0 0 
0 0 0 0 2 1 0 0 2 0 0 0 0 0 0 0 0 0 0 0 0 0 0 0 0 1 1 0 0 0 0 0 0 0 0 0 0 0 0 0 0 0 0 0 0 0 0 0 0 0 0 0 0 0 0 1 0 0 0 0 0 0 0 0 0 0 0 0 0 0 0 0 2 0 0 0 0 0 1 0 2 
0 0 0 0 2 1 0 0 2 0 0 0 0 0 0 0 0 0 0 0 0 0 0 0 0 1 1 0 0 0 0 0 0 0 0 0 0 0 0 0 0 0 0 0 0 0 0 0 0 0 0 0 0 0 0 1 0 0 0 0 0 0 0 0 0 0 0 0 0 0 0 0 2 0 0 0 0 0 1 0 2 
1
0 0 0 0 0 0 0 0 0 
0 0 0 0 2 1 0 0 2 0 0 0 0 0 0 0 0 0 0 0 0 0 0 0 0 1 1 0 0 0 0 0 0 0 0 0 0 0 0 0 0 0 0 0 0 0 0 0 0 0 0 0 0 0 0 1 0 0 0 0 0 0 0 0 0 0 0 0 0 0 0 0 2 0 0 0 2 0 1 0 2 
0 0 0 0 2 1 0 0 2 0 0 0 0 0 0 0 0 0 0 0 0 0 0 0 0 1 1 0 0 0 0 0 0 0 0 0 0 0 0 0 0 0 0 0 0 0 0 0 0 0 0 0 0 0 0 1 0 0 0 0 0 0 0 0 0 0 0 0 0 0 0 0 2 0 0 0 2 0 1 0 2 
1
0 0 0 0 0 0 0 0 0 
0 0 0 0 2 1 0 0 2 0 0 0 0 0 0 0 0 0 0 0 0 0 0 0 0 1 1 0 0 0 0 0 0 0 0 0 0 0 0 0 0 0 0 0 0 0 0 0 0 0 0 0 0 0 0 1 0 0 1 0 0 0 0 0 0 0 0 0 0 0 0 0 2 0 0 0 2 0 1 0 2 
0 0 0 0 2 1 0 0 2 0 0 0 0 0 0 0 0 0 0 0 0 0 0 0 0 1 1 0 0 0 0 0 0 0 0 0 0 0 0 0 0 0 0 0 0 0 0 0 0 0 0 0 0 0 0 1 0 0 1 0 0 0 0 0 0 0 0 0 0 0 0 0 2 0 0 0 2 0 1 0 2 
1
0 0 0 0 0 0 0 0 0 
0 0 0 2 2 1 0 0 2 0 0 0 0 0 0 0 0 0 0 0 0 0 0 0 0 1 1 0 0 0 0 0 0 0 0 0 0 0 0 0 0 0 0 0 0 0 0 0 0 0 0 0 0 0 0 1 0 0 1 0 0 0 0 0 0 0 0 0 0 0 0 0 2 0 0 0 2 0 1 0 2 
0 0 0 2 2 1 0 0 2 0 0 0 0 0 0 0 0 0 0 0 0 0 0 0 0 1 1 0 0 0 0 0 0 0 0 0 0 0 0 0 0 0 0 0 0 0 0 0 0 0 0 0 0 0 0 1 0 0 1 0 0 0 0 0 0 0 0 0 0 0 0 0 2 0 0 0 2 0 1 0 2 
1
0 0 0 0 0 0 0 0 0 
0 0 0 2 2 1 0 0 2 1 0 0 0 0 0 0 0 0 0 0 0 0 0 0 0 1 1 0 0 0 0 0 0 0 0 0 0 0 0 0 0 0 0 0 0 0 0 0 0 0 0 0 0 0 0 1 0 0 1 0 0 0 0 0 0 0 0 0 0 0 0 0 2 0 0 0 2 0 1 0 2 
0 0 0 2 2 1 0 0 2 1 0 0 0 0 0 0 0 0 0 0 0 0 0 0 0 1 1 0 0 0 0 0 0 0 0 0 0 0 0 0 0 0 0 0 0 0 0 0 0 0 0 0 0 0 0 1 0 0 1 0 0 0 0 0 0 0 0 0 0 0 0 0 2 0 0 0 2 0 1 0 2 
1
0 0 0 0 0 0 0 0 0 
0 0 0 2 2 1 0 0 2 1 0 0 0 0 0 0 0 0 0 0 0 0 0 0 0 1 1 0 0 0 0 0 0 0 0 0 2 0 0 0 0 0 0 0 0 0 0 0 0 0 0 0 0 0 0 1 0 0 1 0 0 0 0 0 0 0 0 0 0 0 0 0 2 0 0 0 2 0 1 0 2 
0 0 0 2 2 1 0 0 2 1 0 0 0 0 0 0 0 0 0 0 0 0 0 0 0 1 1 0 0 0 0 0 0 0 0 0 2 0 0 0 0 0 0 0 0 0 0 0 0 0 0 0 0 0 0 1 0 0 1 0 0 0 0 0 0 0 0 0 0 0 0 0 2 0 0 0 2 0 1 0 2 
1
0 0 0 0 0 0 0 0 0 
0 0 0 2 2 1 0 0 2 1 0 0 0 0 0 0 0 0 0 0 0 0 0 0 0 1 1 1 0 0 0 0 0 0 0 0 2 0 0 0 0 0 0 0 0 0 0 0 0 0 0 0 0 0 0 1 0 0 1 0 0 0 0 0 0 0 0 0 0 0 0 0 2 0 0 0 2 0 1 0 2 
0 0 0 2 2 1 0 0 2 1 0 0 0 0 0 0 0 0 0 0 0 0 0 0 0 1 1 1 0 0 0 0 0 0 0 0 2 0 0 0 0 0 0 0 0 0 0 0 0 0 0 0 0 0 0 1 0 0 1 0 0 0 0 0 0 0 0 0 0 0 0 0 2 0 0 0 2 0 1 0 2 
1
0 0 0 0 0 0 0 0 0 
0 0 0 2 2 1 0 0 2 1 2 0 0 0 0 0 0 0 0 0 0 0 0 0 0 1 1 1 0 0 0 0 0 0 0 0 2 0 0 0 0 0 0 0 0 0 0 0 0 0 0 0 0 0 0 1 0 0 1 0 0 0 0 0 0 0 0 0 0 0 0 0 2 0 0 0 2 0 1 0 2 
0 0 0 2 2 1 0 0 2 1 2 0 0 0 0 0 0 0 0 0 0 0 0 0 0 1 1 1 0 0 0 0 0 0 0 0 2 0 0 0 0 0 0 0 0 0 0 0 0 0 0 0 0 0 0 1 0 0 1 0 0 0 0 0 0 0 0 0 0 0 0 0 2 0 0 0 2 0 1 0 2 
1
0 0 0 0 0 0 0 0 0 
0 0 0 2 2 1 0 0 2 1 2 0 0 0 0 0 0 0 0 0 0 0 0 0 0 1 1 1 0 0 0 0 0 0 0 0 2 0 0 0 0 0 0 0 0 0 0 0 0 0 1 0 0 0 0 1 0 0 1 0 0 0 0 0 0 0 0 0 0 0 0 0 2 0 0 0 2 0 1 0 2 
0 0 0 2 2 1 0 0 2 1 2 0 0 0 0 0 0 0 0 0 0 0 0 0 0 1 1 1 0 0 0 0 0 0 0 0 2 0 0 0 0 0 0 0 0 0 0 0 0 0 1 0 0 0 0 1 0 0 1 0 0 0 0 0 0 0 0 0 0 0 0 0 2 0 0 0 2 0 1 0 2 
1
0 0 0 0 0 0 0 0 0 
0 0 0 2 2 1 0 0 2 1 2 0 0 0 0 0 0 0 0 0 0 0 0 0 0 1 1 1 0 0 0 0 0 0 0 0 2 0 0 0 0 0 0 0 0 0 0 0 0 0 1 0 0 0 0 1 0 0 1 0 0 0 0 0 0 0 0 0 0 0 0 0 2 0 0 0 2 0 1 2 2 
0 0 0 2 2 1 0 0 2 1 2 0 0 0 0 0 0 0 0 0 0 0 0 0 0 1 1 1 0 0 0 0 0 0 0 0 2 0 0 0 0 0 0 0 0 0 0 0 0 0 1 0 0 0 0 1 0 0 1 0 0 0 0 0 0 0 0 0 0 0 0 0 2 0 0 0 2 0 1 2 2 
1
0 0 0 0 0 0 0 0 0 
0 0 0 2 2 1 0 0 2 1 2 0 0 0 0 0 0 0 0 0 0 0 0 0 0 1 1 1 0 0 0 0 0 0 0 0 2 0 0 0 0 0 0 0 0 0 0 0 0 0 1 0 0 0 0 1 0 1 1 0 0 0 0 0 0 0 0 0 0 0 0 0 2 0 0 0 2 0 1 2 2 
0 0 0 2 2 1 0 0 2 1 2 0 0 0 0 0 0 0 0 0 0 0 0 0 0 1 1 1 0 0 0 0 0 0 0 0 2 0 0 0 0 0 0 0 0 0 0 0 0 0 1 0 0 0 0 1 0 1 1 0 0 0 0 0 0 0 0 0 0 0 0 0 2 0 0 0 2 0 1 2 2 
1
0 0 0 0 0 0 0 0 0 
2 0 0 2 2 1 0 0 2 1 2 0 0 0 0 0 0 0 0 0 0 0 0 0 0 1 1 1 0 0 0 0 0 0 0 0 2 0 0 0 0 0 0 0 0 0 0 0 0 0 1 0 0 0 0 1 0 1 1 0 0 0 0 0 0 0 0 0 0 0 0 0 2 0 0 0 2 0 1 2 2 
2 0 0 2 2 1 0 0 2 1 2 0 0 0 0 0 0 0 0 0 0 0 0 0 0 1 1 1 0 0 0 0 0 0 0 0 2 0 0 0 0 0 0 0 0 0 0 0 0 0 1 0 0 0 0 1 0 1 1 0 0 0 0 0 0 0 0 0 0 0 0 0 2 0 0 0 2 0 1 2 2 
1
0 0 0 0 0 0 0 0 0 
2 0 0 2 2 1 0 0 2 1 2 0 0 0 0 0 0 0 0 0 1 0 0 0 0 1 1 1 0 0 0 0 0 0 0 0 2 0 0 0 0 0 0 0 0 0 0 0 0 0 1 0 0 0 0 1 0 1 1 0 0 0 0 0 0 0 0 0 0 0 0 0 2 0 0 0 2 0 1 2 2 
2 0 0 2 2 1 0 0 2 1 2 0 0 0 0 0 0 0 0 0 1 0 0 0 0 1 1 1 0 0 0 0 0 0 0 0 2 0 0 0 0 0 0 0 0 0 0 0 0 0 1 0 0 0 0 1 0 1 1 0 0 0 0 0 0 0 0 0 0 0 0 0 2 0 0 0 2 0 1 2 2 
1
0 0 0 0 0 0 0 0 0 
2 0 0 2 2 1 0 0 2 1 2 0 0 0 0 0 0 0 0 0 1 0 0 0 0 1 1 1 0 0 0 0 0 0 0 0 2 0 0 0 0 0 0 0 0 0 0 0 0 0 1 0 0 0 0 1 0 1 1 0 2 0 0 0 0 0 0 0 0 0 0 0 2 0 0 0 2 0 1 2 2 
2 0 0 2 2 1 0 0 2 1 2 0 0 0 0 0 0 0 0 0 1 0 0 0 0 1 1 1 0 0 0 0 0 0 0 0 2 0 0 0 0 0 0 0 0 0 0 0 0 0 1 0 0 0 0 1 0 1 1 0 2 0 0 0 0 0 0 0 0 0 0 0 2 0 0 0 2 0 1 2 2 
1
0 0 0 0 0 0 0 0 0 
2 0 0 2 2 1 0 0 2 1 2 0 0 0 0 0 0 0 1 0 1 0 0 0 0 1 1 1 0 0 0 0 0 0 0 0 2 0 0 0 0 0 0 0 0 0 0 0 0 0 1 0 0 0 0 1 0 1 1 0 2 0 0 0 0 0 0 0 0 0 0 0 2 0 0 0 2 0 1 2 2 
2 0 0 2 2 1 0 0 2 1 2 0 0 0 0 0 0 0 1 0 1 0 0 0 0 1 1 1 0 0 0 0 0 0 0 0 2 0 0 0 0 0 0 0 0 0 0 0 0 0 1 0 0 0 0 1 0 1 1 0 2 0 0 0 0 0 0 0 0 0 0 0 2 0 0 0 2 0 1 2 2 
1
0 0 0 0 0 0 0 0 0 
2 0 0 2 2 1 0 0 2 1 2 0 0 0 0 0 0 0 1 0 1 0 0 0 0 1 1 1 0 0 0 0 0 0 0 0 2 0 0 0 0 0 0 0 0 0 0 0 0 0 1 0 0 0 2 1 0 1 1 0 2 0 0 0 0 0 0 0 0 0 0 0 2 0 0 0 2 0 1 2 2 
2 0 0 2 2 1 0 0 2 1 2 0 0 0 0 0 0 0 1 0 1 0 0 0 0 1 1 1 0 0 0 0 0 0 0 0 2 0 0 0 0 0 0 0 0 0 0 0 0 0 1 0 0 0 2 1 0 1 1 0 2 0 0 0 0 0 0 0 0 0 0 0 2 0 0 0 2 0 1 2 2 
1
1 0 0 0 0 0 0 0 0 
2 0 0 2 2 1 0 0 2 1 2 0 0 0 0 0 0 0 1 1 1 0 0 0 0 1 1 1 0 0 0 0 0 0 0 0 2 0 0 0 0 0 0 0 0 0 0 0 0 0 1 0 0 0 2 1 0 1 1 0 2 0 0 0 0 0 0 0 0 0 0 0 2 0 0 0 2 0 1 2 2 
18 16 16 2 2 1 0 0 2 17 18 16 0 0 0 0 0 0 17 17 17 0 0 0 0 1 1 1 0 0 0 0 0 0 0 0 2 0 0 0 0 0 0 0 0 0 0 0 0 0 1 0 0 0 2 1 0 1 1 0 2 0 0 0 0 0 0 0 0 0 0 0 2 0 0 0 2 0 1 2 2 
1
1 0 0 0 0 0 0 0 0 
2 0 0 2 2 1 0 0 2 1 2 0 0 0 0 0 0 0 1 1 1 0 0 0 0 1 1 1 0 0 0 0 0 0 0 0 2 0 0 0 0 0 0 0 0 0 0 0 0 0 1 0 0 0 2 1 0 1 1 2 2 0 0 0 0 0 0 0 0 0 0 0 2 0 0 0 2 0 1 2 2 
18 16 16 2 2 1 0 0 2 17 18 16 0 0 0 0 0 0 17 17 17 0 0 0 0 1 1 1 0 0 0 0 0 0 0 0 2 0 0 0 0 0 0 0 0 0 0 0 0 0 1 0 0 0 2 1 0 1 1 2 2 0 0 0 0 0 0 0 0 0 0 0 2 0 0 0 2 0 1 2 2 
1
1 0 1 0 0 0 0 0 0 
2 0 0 2 2 1 0 0 2 1 2 0 0 0 0 0 0 0 1 1 1 0 0 0 1 1 1 1 0 0 0 0 0 0 0 0 2 0 0 0 0 0 0 0 0 0 0 0 0 0 1 0 0 0 2 1 0 1 1 2 2 0 0 0 0 0 0 0 0 0 0 0 2 0 0 0 2 0 1 2 2 
18 16 16 2 2 1 16 16 18 17 18 16 0 0 0 16 16 16 17 17 17 0 0 0 17 17 17 1 0 0 0 0 0 0 0 0 2 0 0 0 0 0 0 0 0 0 0 0 0 0 1 0 0 0 2 1 0 1 1 2 2 0 0 0 0 0 0 0 0 0 0 0 2 0 0 0 2 0 1 2 2 
1
1 0 1 0 0 0 2 0 0 
2 0 0 2 2 1 0 0 2 1 2 0 0 0 0 0 0 0 1 1 1 0 0 0 1 1 1 1 0 0 0 0 0 0 0 0 2 0 0 0 0 0 0 0 0 0 0 0 0 0 1 0 0 0 2 1 0 1 1 2 2 0 0 2 0 0 0 0 0 0 0 0 2 0 0 0 2 0 1 2 2 
18 16 16 2 2 1 16 16 18 17 18 16 0 0 0 16 16 16 17 17 17 0 0 0 17 17 17 1 0 0 0 0 0 0 0 0 2 0 0 0 0 0 0 0 0 0 0 0 0 0 1 0 0 0 34 33 32 1 1 2 2 0 0 34 32 32 0 0 0 0 0 0 34 32 32 0 2 0 1 2 2 
1
1 0 1 0 0 0 2 0 0 
2 0 0 2 2 1 0 0 2 1 2 0 0 0 0 0 0 0 1 1 1 0 0 0 1 1 1 1 0 0 0 0 0 0 0 0 2 1 0 0 0 0 0 0 0 0 0 0 0 0 1 0 0 0 2 1 0 1 1 2 2 0 0 2 0 0 0 0 0 0 0 0 2 0 0 0 2 0 1 2 2 
18 16 16 2 2 1 16 16 18 17 18 16 0 0 0 16 16 16 17 17 17 0 0 0 17 17 17 1 0 0 0 0 0 0 0 0 2 1 0 0 0 0 0 0 0 0 0 0 0 0 1 0 0 0 34 33 32 1 1 2 2 0 0 34 32 32 0 0 0 0 0 0 34 32 32 0 2 0 1 2 2 
1
1 0 1 0 0 0 2 0 0 
2 0 0 2 2 1 0 0 2 1 2 0 0 0 0 0 0 0 1 1 1 0 0 0 1 1 1 1 0 0 0 0 0 0 0 0 2 1 0 0 2 0 0 0 0 0 0 0 0 0 1 0 0 0 2 1 0 1 1 2 2 0 0 2 0 0 0 0 0 0 0 0 2 0 0 0 2 0 1 2 2 
18 16 16 2 2 1 16 16 18 17 18 16 0 0 0 16 16 16 17 17 17 0 0 0 17 17 17 1 0 0 0 0 0 0 0 0 2 1 0 0 2 0 0 0 0 0 0 0 0 0 1 0 0 0 34 33 32 1 1 2 2 0 0 34 32 32 0 0 0 0 0 0 34 32 32 0 2 0 1 2 2 
1
1 0 1 0 0 0 2 0 0 
2 0 0 2 2 1 0 0 2 1 2 0 0 0 0 0 0 0 1 1 1 0 0 0 1 1 1 1 0 0 0 0 0 0 0 0 2 1 0 0 2 1 0 0 0 0 0 0 0 0 1 0 0 0 2 1 0 1 1 2 2 0 0 2 0 0 0 0 0 0 0 0 2 0 0 0 2 0 1 2 2 
18 16 16 2 2 1 16 16 18 17 18 16 0 0 0 16 16 16 17 17 17 0 0 0 17 17 17 1 0 0 0 0 0 0 0 0 2 1 0 0 2 1 0 0 0 0 0 0 0 0 1 0 0 0 34 33 32 1 1 2 2 0 0 34 32 32 0 0 0 0 0 0 34 32 32 0 2 0 1 2 2 
1
1 0 1 0 0 0 2 0 0 
2 0 0 2 2 1 0 0 2 1 2 0 0 0 0 0 0 0 1 1 1 0 0 0 1 1 1 1 0 0 0 0 0 0 0 0 2 1 0 0 2 1 0 0 2 0 0 0 0 0 1 0 0 0 2 1 0 1 1 2 2 0 0 2 0 0 0 0 0 0 0 0 2 0 0 0 2 0 1 2 2 
18 16 16 2 2 1 16 16 18 17 18 16 0 0 0 16 16 16 17 17 17 0 0 0 17 17 17 1 0 0 0 0 0 0 0 0 2 1 0 0 2 1 0 0 2 0 0 0 0 0 1 0 0 0 34 33 32 1 1 2 2 0 0 34 32 32 0 0 0 0 0 0 34 32 32 0 2 0 1 2 2 
1
1 0 1 0 0 0 2 0 0 
2 0 0 2 2 1 0 0 2 1 2 0 0 0 0 0 0 0 1 1 1 0 0 0 1 1 1 1 0 0 0 0 0 0 0 0 2 1 0 0 2 1 1 0 2 0 0 0 0 0 1 0 0 0 2 1 0 1 1 2 2 0 0 2 0 0 0 0 0 0 0 0 2 0 0 0 2 0 1 2 2 
18 16 16 2 2 1 16 16 18 17 18 16 0 0 0 16 16 16 17 17 17 0 0 0 17 17 17 1 0 0 0 0 0 0 0 0 2 1 0 0 2 1 1 0 2 0 0 0 0 0 1 0 0 0 34 33 32 1 1 2 2 0 0 34 32 32 0 0 0 0 0 0 34 32 32 0 2 0 1 2 2 
1
1 0 1 0 0 0 2 0 0 
2 0 0 2 2 1 0 0 2 1 2 0 0 0 0 0 0 0 1 1 1 0 0 0 1 1 1 1 2 0 0 0 0 0 0 0 2 1 0 0 2 1 1 0 2 0 0 0 0 0 1 0 0 0 2 1 0 1 1 2 2 0 0 2 0 0 0 0 0 0 0 0 2 0 0 0 2 0 1 2 2 
18 16 16 2 2 1 16 16 18 17 18 16 0 0 0 16 16 16 17 17 17 0 0 0 17 17 17 1 2 0 0 0 0 0 0 0 2 1 0 0 2 1 1 0 2 0 0 0 0 0 1 0 0 0 34 33 32 1 1 2 2 0 0 34 32 32 0 0 0 0 0 0 34 32 32 0 2 0 1 2 2 
1
1 0 1 0 0 0 2 0 0 
2 0 0 2 2 1 0 0 2 1 2 0 0 0 1 0 0 0 1 1 1 0 0 0 1 1 1 1 2 0 0 0 0 0 0 0 2 1 0 0 2 1 1 0 2 0 0 0 0 0 1 0 0 0 2 1 0 1 1 2 2 0 0 2 0 0 0 0 0 0 0 0 2 0 0 0 2 0 1 2 2 
18 16 16 2 2 1 16 16 18 17 18 16 0 0 1 16 16 16 17 17 17 0 0 0 17 17 17 1 2 0 0 0 0 0 0 0 2 1 0 0 2 1 1 0 2 0 0 0 0 0 1 0 0 0 34 33 32 1 1 2 2 0 0 34 32 32 0 0 0 0 0 0 34 32 32 0 2 0 1 2 2 
1
1 0 1 0 0 0 2 0 0 
2 0 0 2 2 1 0 0 2 1 2 0 0 0 1 0 0 0 1 1 1 0 0 0 1 1 1 1 2 0 0 0 0 0 0 0 2 1 0 0 2 1 1 2 2 0 0 0 0 0 1 0 0 0 2 1 0 1 1 2 2 0 0 2 0 0 0 0 0 0 0 0 2 0 0 0 2 0 1 2 2 
18 16 16 2 2 1 16 16 18 17 18 16 0 0 1 16 16 16 17 17 17 0 0 0 17 17 17 1 2 0 0 0 0 0 0 0 2 1 0 0 2 1 1 2 2 0 0 0 0 0 1 0 0 0 34 33 32 1 1 2 2 0 0 34 32 32 0 0 0 0 0 0 34 32 32 0 2 0 1 2 2 
1
1 0 1 0 1 0 2 0 0 
2 0 0 2 2 1 0 0 2 1 2 0 0 0 1 0 0 0 1 1 1 0 0 0 1 1 1 1 2 0 0 0 1 0 0 0 2 1 0 0 2 1 1 2 2 0 0 0 0 0 1 0 0 0 2 1 0 1 1 2 2 0 0 2 0 0 0 0 0 0 0 0 2 0 0 0 2 0 1 2 2 
18 16 16 2 2 1 16 16 18 17 18 16 0 0 1 16 16 16 17 17 17 0 0 0 17 17 17 1 2 0 16 16 17 0 0 0 2 1 0 16 18 17 1 2 2 0 0 0 16 16 17 0 0 0 34 33 32 1 1 2 2 0 0 34 32 32 0 0 0 0 0 0 34 32 32 0 2 0 1 2 2 
1
1 0 1 0 1 0 2 0 2 
2 0 0 2 2 1 0 0 2 1 2 0 0 0 1 0 0 0 1 1 1 0 0 0 1 1 1 1 2 0 0 0 1 0 0 0 2 1 0 0 2 1 1 2 2 0 0 0 0 0 1 0 0 0 2 1 0 1 1 2 2 0 0 2 0 0 0 0 0 0 2 0 2 0 0 0 2 0 1 2 2 
18 16 16 2 2 1 16 16 18 17 18 16 0 0 1 16 16 16 17 17 17 0 0 0 17 17 17 1 2 0 16 16 17 0 0 0 2 1 0 16 18 17 1 2 2 0 0 0 16 16 17 0 0 0 34 33 32 1 1 2 34 32 32 34 32 32 0 0 0 32 34 32 34 32 32 0 2 0 33 34 34 
1
1 1 1 0 1 0 2 0 2 
2 0 0 2 2 1 0 0 2 1 2 0 0 0 1 0 0 0 1 1 1 0 0 1 1 1 1 1 2 0 0 0 1 0 0 0 2 1 0 0 2 1 1 2 2 0 0 0 0 0 1 0 0 0 2 1 0 1 1 2 2 0 0 2 0 0 0 0 0 0 2 0 2 0 0 0 2 0 1 2 2 
18 16 16 18 18 17 16 16 18 17 18 16 16 16 17 16 16 16 17 17 17 16 16 17 17 17 17 1 2 0 16 16 17 0 0 0 2 1 0 16 18 17 1 2 2 0 0 0 16 16 17 0 0 0 34 33 32 1 1 2 34 32 32 34 32 32 0 0 0 32 34 32 34 32 32 0 2 0 33 34 34 
1
1 1 1 0 1 0 2 0 2 
2 0 0 2 2 1 0 0 2 1 2 0 0 0 1 0 0 0 1 1 1 0 0 1 1 1 1 1 2 0 0 0 1 0 0 0 2 1 0 0 2 1 1 2 2 0 0 0 0 0 1 0 0 0 2 1 0 1 1 2 2 0 0 2 0 0 0 0 0 0 2 0 2 0 0 0 2 0 1 2 2 
18 16 16 18 18 17 16 16 18 17 18 16 16 16 17 16 16 16 17 17 17 16 16 17 17 17 17 1 2 0 16 16 17 0 0 0 2 1 0 16 18 17 1 2 2 0 0 0 16 16 17 0 0 0 34 33 32 1 1 2 34 32 32 34 32 32 0 0 0 32 34 32 34 32 32 0 2 0 33 34 34 
1
