0 0 0 0 0 0 0 0 0 
0 0 0 0 0 0 0 0 0 0 0 0 0 0 0 0 0 0 0 0 0 0 0 0 0 0 0 0 0 0 0 0 0 0 0 0 0 0 0 0 1 0 0 0 0 0 0 0 0 0 0 0 0 0 0 0 0 0 0 0 0 0 0 0 0 0 0 0 0 0 0 0 0 0 0 0 0 0 0 0 0 
0 0 0 0 0 0 0 0 0 0 0 0 0 0 0 0 0 0 0 0 0 0 0 0 0 0 0 0 0 0 0 0 0 0 0 0 0 0 0 0 1 0 0 0 0 0 0 0 0 0 0 0 0 0 0 0 0 0 0 0 0 0 0 0 0 0 0 0 0 0 0 0 0 0 0 0 0 0 0 0 0 
0
0 0 0 0 0 0 0 0 0 
0 0 0 0 0 0 0 0 0 0 0 0 0 0 0 0 0 0 0 0 0 0 0 0 0 0 0 0 0 0 0 0 0 0 0 0 0 0 0 0 1 0 0 0 0 0 0 0 0 0 2 0 0 0 0 0 0 0 0 0 0 0 0 0 0 0 0 0 0 0 0 0 0 0 0 0 0 0 0 0 0 
0 0 0 0 0 0 0 0 0 0 0 0 0 0 0 0 0 0 0 0 0 0 0 0 0 0 0 0 0 0 0 0 0 0 0 0 0 0 0 0 1 0 0 0 0 0 0 0 0 0 2 0 0 0 0 0 0 0 0 0 0 0 0 0 0 0 0 0 0 0 0 0 0 0 0 0 0 0 0 0 0 
0
0 0 0 0 0 0 0 0 0 
0 0 0 0 0 0 0 0 0 0 0 0 0 0 0 0 0 0 0 0 0 0 0 0 0 0 0 0 0 0 0 0 0 0 0 0 0 0 0 0 1 0 0 0 0 0 0 0 0 0 2 0 0 0 0 0 0 0 0 0 0 0 0 0 0 0 0 0 0 1 0 0 0 0 0 0 0 0 0 0 0 
0 0 0 0 0 0 0 0 0 0 0 0 0 0 0 0 0 0 0 0 0 0 0 0 0 0 0 0 0 0 0 0 0 0 0 0 0 0 0 0 1 0 0 0 0 0 0 0 0 0 2 0 0 0 0 0 0 0 0 0 0 0 0 0 0 0 0 0 0 1 0 0 0 0 0 0 0 0 0 0 0 
0
0 0 0 0 0 0 0 0 0 
0 0 0 0 0 0 0 0 0 0 0 0 0 0 0 0 0 0 0 0 0 0 0 0 0 0 0 0 2 0 0 0 0 0 0 0 0 0 0 0 1 0 0 0 0 0 0 0 0 0 2 0 0 0 0 0 0 0 0 0 0 0 0 0 0 0 0 0 0 1 0 0 0 0 0 0 0 0 0 0 0 
0 0 0 0 0 0 0 0 0 0 0 0 0 0 0 0 0 0 0 0 0 0 0 0 0 0 0 0 2 0 0 0 0 0 0 0 0 0 0 0 1 0 0 0 0 0 0 0 0 0 2 0 0 0 0 0 0 0 0 0 0 0 0 0 0 0 0 0 0 1 0 0 0 0 0 0 0 0 0 0 0 
0
0 0 0 0 0 0 0 0 0 
0 0 0 0 0 0 0 0 0 0 0 0 0 0 0 0 0 0 0 0 0 0 1 0 0 0 0 0 2 0 0 0 0 0 0 0 0 0 0 0 1 0 0 0 0 0 0 0 0 0 2 0 0 0 0 0 0 0 0 0 0 0 0 0 0 0 0 0 0 1 0 0 0 0 0 0 0 0 0 0 0 
0 0 0 0 0 0 0 0 0 0 0 0 0 0 0 0 0 0 0 0 0 0 1 0 0 0 0 0 2 0 0 0 0 0 0 0 0 0 0 0 1 0 0 0 0 0 0 0 0 0 2 0 0 0 0 0 0 0 0 0 0 0 0 0 0 0 0 0 0 1 0 0 0 0 0 0 0 0 0 0 0 
0
0 0 0 0 0 0 0 0 0 
0 0 0 0 0 0 0 0 0 0 0 0 0 0 0 0 0 0 0 0 0 0 1 0 0 0 0 0 2 0 0 0 0 0 0 0 0 0 0 0 1 0 0 0 0 0 0 0 0 0 2 0 0 0 0 0 0 0 0 0 0 0 0 0 0 0 0 0 2 1 0 0 0 0 0 0 0 0 0 0 0 
0 0 0 0 0 0 0 0 0 0 0 0 0 0 0 0 0 0 0 0 0 0 1 0 0 0 0 0 2 0 0 0 0 0 0 0 0 0 0 0 1 0 0 0 0 0 0 0 0 0 2 0 0 0 0 0 0 0 0 0 0 0 0 0 0 0 0 0 2 1 0 0 0 0 0 0 0 0 0 0 0 
0
0 0 0 0 0 0 0 0 0 
0 0 0 0 0 0 0 0 0 0 0 0 0 0 0 0 0 0 0 0 0 0 1 0 0 0 0 0 2 0 0 0 0 1 0 0 0 0 0 0 1 0 0 0 0 0 0 0 0 0 2 0 0 0 0 0 0 0 0 0 0 0 0 0 0 0 0 0 2 1 0 0 0 0 0 0 0 0 0 0 0 
0 0 0 0 0 0 0 0 0 0 0 0 0 0 0 0 0 0 0 0 0 0 1 0 0 0 0 0 2 0 0 0 0 1 0 0 0 0 0 0 1 0 0 0 0 0 0 0 0 0 2 0 0 0 0 0 0 0 0 0 0 0 0 0 0 0 0 0 2 1 0 0 0 0 0 0 0 0 0 0 0 
0
0 0 0 0 0 0 0 0 0 
0 0 2 0 0 0 0 0 0 0 0 0 0 0 0 0 0 0 0 0 0 0 1 0 0 0 0 0 2 0 0 0 0 1 0 0 0 0 0 0 1 0 0 0 0 0 0 0 0 0 2 0 0 0 0 0 0 0 0 0 0 0 0 0 0 0 0 0 2 1 0 0 0 0 0 0 0 0 0 0 0 
0 0 2 0 0 0 0 0 0 0 0 0 0 0 0 0 0 0 0 0 0 0 1 0 0 0 0 0 2 0 0 0 0 1 0 0 0 0 0 0 1 0 0 0 0 0 0 0 0 0 2 0 0 0 0 0 0 0 0 0 0 0 0 0 0 0 0 0 2 1 0 0 0 0 0 0 0 0 0 0 0 
0
0 0 0 0 0 0 0 0 0 
0 0 2 0 0 0 0 0 0 0 0 0 0 0 0 0 0 1 0 0 0 0 1 0 0 0 0 0 2 0 0 0 0 1 0 0 0 0 0 0 1 0 0 0 0 0 0 0 0 0 2 0 0 0 0 0 0 0 0 0 0 0 0 0 0 0 0 0 2 1 0 0 0 0 0 0 0 0 0 0 0 
0 0 2 0 0 0 0 0 0 0 0 0 0 0 0 0 0 1 0 0 0 0 1 0 0 0 0 0 2 0 0 0 0 1 0 0 0 0 0 0 1 0 0 0 0 0 0 0 0 0 2 0 0 0 0 0 0 0 0 0 0 0 0 0 0 0 0 0 2 1 0 0 0 0 0 0 0 0 0 0 0 
0
0 0 0 0 0 0 0 0 0 
0 0 2 0 0 0 0 0 0 0 0 0 0 0 0 0 0 1 0 0 0 0 1 0 0 0 0 0 2 0 0 0 0 1 0 0 0 0 0 0 1 0 0 0 0 0 0 0 0 0 2 0 2 0 0 0 0 0 0 0 0 0 0 0 0 0 0 0 2 1 0 0 0 0 0 0 0 0 0 0 0 
0 0 2 0 0 0 0 0 0 0 0 0 0 0 0 0 0 1 0 0 0 0 1 0 0 0 0 0 2 0 0 0 0 1 0 0 0 0 0 0 1 0 0 0 0 0 0 0 0 0 2 0 2 0 0 0 0 0 0 0 0 0 0 0 0 0 0 0 2 1 0 0 0 0 0 0 0 0 0 0 0 
0
0 0 0 0 0 0 0 0 0 
0 0 2 0 0 0 0 0 0 0 0 0 0 0 0 0 0 1 0 0 0 0 1 0 0 0 0 0 2 0 0 0 0 1 0 0 0 0 0 0 1 0 0 0 0 0 0 0 0 0 2 0 2 0 0 0 0 0 1 0 0 0 0 0 0 0 0 0 2 1 0 0 0 0 0 0 0 0 0 0 0 
0 0 2 0 0 0 0 0 0 0 0 0 0 0 0 0 0 1 0 0 0 0 1 0 0 0 0 0 2 0 0 0 0 1 0 0 0 0 0 0 1 0 0 0 0 0 0 0 0 0 2 0 2 0 0 0 0 0 1 0 0 0 0 0 0 0 0 0 2 1 0 0 0 0 0 0 0 0 0 0 0 
0
0 0 0 0 0 0 0 0 0 
0 0 2 0 0 0 0 0 0 0 0 0 2 0 0 0 0 1 0 0 0 0 1 0 0 0 0 0 2 0 0 0 0 1 0 0 0 0 0 0 1 0 0 0 0 0 0 0 0 0 2 0 2 0 0 0 0 0 1 0 0 0 0 0 0 0 0 0 2 1 0 0 0 0 0 0 0 0 0 0 0 
0 0 2 0 0 0 0 0 0 0 0 0 2 0 0 0 0 1 0 0 0 0 1 0 0 0 0 0 2 0 0 0 0 1 0 0 0 0 0 0 1 0 0 0 0 0 0 0 0 0 2 0 2 0 0 0 0 0 1 0 0 0 0 0 0 0 0 0 2 1 0 0 0 0 0 0 0 0 0 0 0 
0
0 0 0 0 0 0 0 0 0 
0 0 2 0 0 0 0 0 0 0 0 0 2 0 0 0 0 1 0 0 0 0 1 0 0 0 0 1 2 0 0 0 0 1 0 0 0 0 0 0 1 0 0 0 0 0 0 0 0 0 2 0 2 0 0 0 0 0 1 0 0 0 0 0 0 0 0 0 2 1 0 0 0 0 0 0 0 0 0 0 0 
0 0 2 0 0 0 0 0 0 0 0 0 2 0 0 0 0 1 0 0 0 0 1 0 0 0 0 1 2 0 0 0 0 1 0 0 0 0 0 0 1 0 0 0 0 0 0 0 0 0 2 0 2 0 0 0 0 0 1 0 0 0 0 0 0 0 0 0 2 1 0 0 0 0 0 0 0 0 0 0 0 
0
0 0 0 0 0 0 0 0 0 
0 0 2 0 0 0 0 0 0 0 0 0 2 0 0 0 0 1 2 0 0 0 1 0 0 0 0 1 2 0 0 0 0 1 0 0 0 0 0 0 1 0 0 0 0 0 0 0 0 0 2 0 2 0 0 0 0 0 1 0 0 0 0 0 0 0 0 0 2 1 0 0 0 0 0 0 0 0 0 0 0 
0 0 2 0 0 0 0 0 0 0 0 0 2 0 0 0 0 1 2 0 0 0 1 0 0 0 0 1 2 0 0 0 0 1 0 0 0 0 0 0 1 0 0 0 0 0 0 0 0 0 2 0 2 0 0 0 0 0 1 0 0 0 0 0 0 0 0 0 2 1 0 0 0 0 0 0 0 0 0 0 0 
0
0 0 0 0 0 0 0 0 0 
0 0 2 0 0 0 0 0 0 0 0 0 2 0 0 0 0 1 2 0 0 0 1 0 0 0 0 1 2 0 0 0 0 1 0 0 0 0 0 0 1 0 0 0 0 0 0 0 0 0 2 0 2 0 1 0 0 0 1 0 0 0 0 0 0 0 0 0 2 1 0 0 0 0 0 0 0 0 0 0 0 
0 0 2 0 0 0 0 0 0 0 0 0 2 0 0 0 0 1 2 0 0 0 1 0 0 0 0 1 2 0 0 0 0 1 0 0 0 0 0 0 1 0 0 0 0 0 0 0 0 0 2 0 2 0 1 0 0 0 1 0 0 0 0 0 0 0 0 0 2 1 0 0 0 0 0 0 0 0 0 0 0 
0
2 0 0 0 0 0 0 0 0 
0 0 2 0 0 0 0 0 0 0 2 0 2 0 0 0 0 1 2 0 0 0 1 0 0 0 0 1 2 0 0 0 0 1 0 0 0 0 0 0 1 0 0 0 0 0 0 0 0 0 2 0 2 0 1 0 0 0 1 0 0 0 0 0 0 0 0 0 2 1 0 0 0 0 0 0 0 0 0 0 0 
32 32 34 0 0 0 0 0 0 32 34 32 2 0 0 0 0 1 34 32 32 0 1 0 0 0 0 1 2 0 0 0 0 1 0 0 0 0 0 0 1 0 0 0 0 0 0 0 0 0 2 0 2 0 1 0 0 0 1 0 0 0 0 0 0 0 0 0 2 1 0 0 0 0 0 0 0 0 0 0 0 
0
2 0 0 0 0 0 0 0 0 
0 0 2 0 0 0 0 0 0 0 2 0 2 0 0 0 0 1 2 0 0 0 1 0 0 0 0 1 2 0 0 0 0 1 0 0 0 0 0 0 1 0 0 0 0 0 0 0 0 1 2 0 2 0 1 0 0 0 1 0 0 0 0 0 0 0 0 0 2 1 0 0 0 0 0 0 0 0 0 0 0 
32 32 34 0 0 0 0 0 0 32 34 32 2 0 0 0 0 1 34 32 32 0 1 0 0 0 0 1 2 0 0 0 0 1 0 0 0 0 0 0 1 0 0 0 0 0 0 0 0 1 2 0 2 0 1 0 0 0 1 0 0 0 0 0 0 0 0 0 2 1 0 0 0 0 0 0 0 0 0 0 0 
0
2 0 0 0 0 0 0 0 0 
0 0 2 0 0 0 0 0 0 0 2 0 2 0 0 0 0 1 2 0 0 0 1 0 0 0 0 1 2 0 0 0 0 1 0 0 0 0 0 0 1 0 0 0 0 0 0 0 0 1 2 0 2 0 1 0 0 0 1 0 0 0 0 0 0 0 0 0 2 1 0 0 0 0 0 0 2 0 0 0 0 
32 32 34 0 0 0 0 0 0 32 34 32 2 0 0 0 0 1 34 32 32 0 1 0 0 0 0 1 2 0 0 0 0 1 0 0 0 0 0 0 1 0 0 0 0 0 0 0 0 1 2 0 2 0 1 0 0 0 1 0 0 0 0 0 0 0 0 0 2 1 0 0 0 0 0 0 2 0 0 0 0 
0
2 0 0 0 0 0 0 0 0 
0 0 2 0 0 0 0 0 0 0 2 0 2 0 0 0 0 1 2 0 0 0 1 0 0 0 0 1 2 0 0 0 0 1 0 0 0 0 0 0 1 0 0 0 0 0 0 0 0 1 2 0 2 0 1 0 0 0 1 1 0 0 0 0 0 0 0 0 2 1 0 0 0 0 0 0 2 0 0 0 0 
32 32 34 0 0 0 0 0 0 32 34 32 2 0 0 0 0 1 34 32 32 0 1 0 0 0 0 1 2 0 0 0 0 1 0 0 0 0 0 0 1 0 0 0 0 0 0 0 0 1 2 0 2 0 1 0 0 0 1 1 0 0 0 0 0 0 0 0 2 1 0 0 0 0 0 0 2 0 0 0 0 
0
2 0 0 0 0 0 0 0 0 
0 0 2 0 0 0 0 0 0 0 2 0 2 0 0 0 0 1 2 0 0 0 1 0 2 0 0 1 2 0 0 0 0 1 0 0 0 0 0 0 1 0 0 0 0 0 0 0 0 1 2 0 2 0 1 0 0 0 1 1 0 0 0 0 0 0 0 0 2 1 0 0 0 0 0 0 2 0 0 0 0 
32 32 34 0 0 0 0 0 0 32 34 32 2 0 0 0 0 1 34 32 32 0 1 0 2 0 0 1 2 0 0 0 0 1 0 0 0 0 0 0 1 0 0 0 0 0 0 0 0 1 2 0 2 0 1 0 0 0 1 1 0 0 0 0 0 0 0 0 2 1 0 0 0 0 0 0 2 0 0 0 0 
0
2 0 0 0 0 0 0 0 0 
0 0 2 0 0 0 0 0 0 0 2 0 2 0 0 0 0 1 2 0 0 0 1 0 2 0 0 1 2 0 0 0 0 1 0 0 0 0 0 0 1 0 0 0 0 0 0 0 0 1 2 0 2 0 1 0 0 0 1 1 0 0 0 1 0 0 0 0 2 1 0 0 0 0 0 0 2 0 0 0 0 
32 32 34 0 0 0 0 0 0 32 34 32 2 0 0 0 0 1 34 32 32 0 1 0 2 0 0 1 2 0 0 0 0 1 0 0 0 0 0 0 1 0 0 0 0 0 0 0 0 1 2 0 2 0 1 0 0 0 1 1 0 0 0 1 0 0 0 0 2 1 0 0 0 0 0 0 2 0 0 0 0 
0
2 0 0 0 0 0 0 0 0 
0 0 2 0 0 0 0 0 0 0 2 0 2 0 0 0 0 1 2 0 0 0 1 0 2 0 0 1 2 0 0 0 0 1 0 0 0 0 2 0 1 0 0 0 0 0 0 0 0 1 2 0 2 0 1 0 0 0 1 1 0 0 0 1 0 0 0 0 2 1 0 0 0 0 0 0 2 0 0 0 0 
32 32 34 0 0 0 0 0 0 32 34 32 2 0 0 0 0 1 34 32 32 0 1 0 2 0 0 1 2 0 0 0 0 1 0 0 0 0 2 0 1 0 0 0 0 0 0 0 0 1 2 0 2 0 1 0 0 0 1 1 0 0 0 1 0 0 0 0 2 1 0 0 0 0 0 0 2 0 0 0 0 
0
2 0 0 0 0 0 0 0 0 
0 0 2 0 0 0 0 0 0 0 2 0 2 0 0 0 0 1 2 0 0 0 1 0 2 0 0 1 2 0 0 0 0 1 0 0 0 0 2 0 1 0 0 0 1 0 0 0 0 1 2 0 2 0 1 0 0 0 1 1 0 0 0 1 0 0 0 0 2 1 0 0 0 0 0 0 2 0 0 0 0 
32 32 34 0 0 0 0 0 0 32 34 32 2 0 0 0 0 1 34 32 32 0 1 0 2 0 0 1 2 0 0 0 0 1 0 0 0 0 2 0 1 0 0 0 1 0 0 0 0 1 2 0 2 0 1 0 0 0 1 1 0 0 0 1 0 0 0 0 2 1 0 0 0 0 0 0 2 0 0 0 0 
0
2 0 0 0 0 0 0 0 0 
0 0 2 0 0 0 0 0 0 0 2 0 2 0 0 0 0 1 2 0 0 0 1 0 2 0 0 1 2 0 0 0 0 1 0 0 0 0 2 0 1 0 0 0 1 0 0 0 0 1 2 0 2 2 1 0 0 0 1 1 0 0 0 1 0 0 0 0 2 1 0 0 0 0 0 0 2 0 0 0 0 
32 32 34 0 0 0 0 0 0 32 34 32 2 0 0 0 0 1 34 32 32 0 1 0 2 0 0 1 2 0 0 0 0 1 0 0 0 0 2 0 1 0 0 0 1 0 0 0 0 1 2 0 2 2 1 0 0 0 1 1 0 0 0 1 0 0 0 0 2 1 0 0 0 0 0 0 2 0 0 0 0 
0
2 0 0 0 0 0 0 0 0 
0 0 2 0 0 0 0 0 0 0 2 0 2 0 0 0 0 1 2 0 0 0 1 0 2 0 0 1 2 0 0 0 0 1 0 0 0 0 2 0 1 0 0 0 1 0 0 0 0 1 2 0 2 2 1 0 0 0 1 1 0 0 0 1 0 0 0 0 2 1 0 0 0 0 0 0 2 0 0 0 1 
32 32 34 0 0 0 0 0 0 32 34 32 2 0 0 0 0 1 34 32 32 0 1 0 2 0 0 1 2 0 0 0 0 1 0 0 0 0 2 0 1 0 0 0 1 0 0 0 0 1 2 0 2 2 1 0 0 0 1 1 0 0 0 1 0 0 0 0 2 1 0 0 0 0 0 0 2 0 0 0 1 
0
2 0 0 0 0 0 0 0 0 
0 0 2 0 0 0 0 0 0 0 2 0 2 0 0 0 0 1 2 0 0 0 1 0 2 0 0 1 2 0 0 0 0 1 0 0 0 0 2 0 1 0 0 0 1 0 0 0 0 1 2 0 2 2 1 0 0 0 1 1 0 2 0 1 0 0 0 0 2 1 0 0 0 0 0 0 2 0 0 0 1 
32 32 34 0 0 0 0 0 0 32 34 32 2 0 0 0 0 1 34 32 32 0 1 0 2 0 0 1 2 0 0 0 0 1 0 0 0 0 2 0 1 0 0 0 1 0 0 0 0 1 2 0 2 2 1 0 0 0 1 1 0 2 0 1 0 0 0 0 2 1 0 0 0 0 0 0 2 0 0 0 1 
0
2 0 0 0 0 0 0 0 0 
0 0 2 0 0 0 0 0 0 0 2 0 2 0 0 0 0 1 2 0 0 1 1 0 2 0 0 1 2 0 0 0 0 1 0 0 0 0 2 0 1 0 0 0 1 0 0 0 0 1 2 0 2 2 1 0 0 0 1 1 0 2 0 1 0 0 0 0 2 1 0 0 0 0 0 0 2 0 0 0 1 
32 32 34 0 0 0 0 0 0 32 34 32 2 0 0 0 0 1 34 32 32 1 1 0 2 0 0 1 2 0 0 0 0 1 0 0 0 0 2 0 1 0 0 0 1 0 0 0 0 1 2 0 2 2 1 0 0 0 1 1 0 2 0 1 0 0 0 0 2 1 0 0 0 0 0 0 2 0 0 0 1 
0
2 0 0 0 0 0 0 0 0 
0 0 2 0 0 0 0 0 0 0 2 0 2 0 0 0 0 1 2 0 0 1 1 0 2 0 0 1 2 0 0 0 0 1 0 0 0 0 2 0 1 0 0 0 1 0 0 0 0 1 2 0 2 2 1 0 0 0 1 1 0 2 0 1 0 0 0 0 2 1 0 0 2 0 0 0 2 0 0 0 1 
32 32 34 0 0 0 0 0 0 32 34 32 2 0 0 0 0 1 34 32 32 1 1 0 2 0 0 1 2 0 0 0 0 1 0 0 0 0 2 0 1 0 0 0 1 0 0 0 0 1 2 0 2 2 1 0 0 0 1 1 0 2 0 1 0 0 0 0 2 1 0 0 2 0 0 0 2 0 0 0 1 
0
2 0 0 0 0 0 0 0 0 
0 0 2 0 0 0 0 0 0 0 2 0 2 0 0 0 0 1 2 0 0 1 1 0 2 0 0 1 2 0 0 0 0 1 0 0 0 0 2 0 1 0 0 0 1 0 0 0 0 1 2 0 2 2 1 0 1 0 1 1 0 2 0 1 0 0 0 0 2 1 0 0 2 0 0 0 2 0 0 0 1 
32 32 34 0 0 0 0 0 0 32 34 32 2 0 0 0 0 1 34 32 32 1 1 0 2 0 0 1 2 0 0 0 0 1 0 0 0 0 2 0 1 0 0 0 1 0 0 0 0 1 2 0 2 2 1 0 1 0 1 1 0 2 0 1 0 0 0 0 2 1 0 0 2 0 0 0 2 0 0 0 1 
0
2 0 0 0 0 0 0 0 0 
0 0 2 0 0 0 0 0 2 0 2 0 2 0 0 0 0 1 2 0 0 1 1 0 2 0 0 1 2 0 0 0 0 1 0 0 0 0 2 0 1 0 0 0 1 0 0 0 0 1 2 0 2 2 1 0 1 0 1 1 0 2 0 1 0 0 0 0 2 1 0 0 2 0 0 0 2 0 0 0 1 
32 32 34 0 0 0 0 0 2 32 34 32 2 0 0 0 0 1 34 32 32 1 1 0 2 0 0 1 2 0 0 0 0 1 0 0 0 0 2 0 1 0 0 0 1 0 0 0 0 1 2 0 2 2 1 0 1 0 1 1 0 2 0 1 0 0 0 0 2 1 0 0 2 0 0 0 2 0 0 0 1 
0
2 0 0 0 0 0 0 0 0 
0 0 2 0 0 0 0 0 2 0 2 0 2 0 0 1 0 1 2 0 0 1 1 0 2 0 0 1 2 0 0 0 0 1 0 0 0 0 2 0 1 0 0 0 1 0 0 0 0 1 2 0 2 2 1 0 1 0 1 1 0 2 0 1 0 0 0 0 2 1 0 0 2 0 0 0 2 0 0 0 1 
32 32 34 0 0 0 0 0 2 32 34 32 2 0 0 1 0 1 34 32 32 1 1 0 2 0 0 1 2 0 0 0 0 1 0 0 0 0 2 0 1 0 0 0 1 0 0 0 0 1 2 0 2 2 1 0 1 0 1 1 0 2 0 1 0 0 0 0 2 1 0 0 2 0 0 0 2 0 0 0 1 
0
2 0 0 0 0 0 0 0 0 
0 0 2 0 0 0 0 0 2 0 2 0 2 0 0 1 0 1 2 0 0 1 1 0 2 0 0 1 2 0 0 0 0 1 0 0 2 0 2 0 1 0 0 0 1 0 0 0 0 1 2 0 2 2 1 0 1 0 1 1 0 2 0 1 0 0 0 0 2 1 0 0 2 0 0 0 2 0 0 0 1 
32 32 34 0 0 0 0 0 2 32 34 32 2 0 0 1 0 1 34 32 32 1 1 0 2 0 0 1 2 0 0 0 0 1 0 0 2 0 2 0 1 0 0 0 1 0 0 0 0 1 2 0 2 2 1 0 1 0 1 1 0 2 0 1 0 0 0 0 2 1 0 0 2 0 0 0 2 0 0 0 1 
0
2 0 0 0 0 0 0 0 0 
0 0 2 0 0 0 0 0 2 0 2 0 2 0 0 1 0 1 2 0 0 1 1 0 2 0 0 1 2 0 0 0 0 1 0 0 2 0 2 0 1 0 0 0 1 0 0 1 0 1 2 0 2 2 1 0 1 0 1 1 0 2 0 1 0 0 0 0 2 1 0 0 2 0 0 0 2 0 0 0 1 
32 32 34 0 0 0 0 0 2 32 34 32 2 0 0 1 0 1 34 32 32 1 1 0 2 0 0 1 2 0 0 0 0 1 0 0 2 0 2 0 1 0 0 0 1 0 0 1 0 1 2 0 2 2 1 0 1 0 1 1 0 2 0 1 0 0 0 0 2 1 0 0 2 0 0 0 2 0 0 0 1 
0
2 0 0 0 0 0 0 0 0 
0 0 2 0 0 0 0 0 2 0 2 0 2 0 0 1 0 1 2 0 0 1 1 0 2 0 0 1 2 0 0 0 0 1 0 0 2 0 2 0 1 0 0 0 1 0 0 1 0 1 2 0 2 2 1 0 1 0 1 1 0 2 0 1 0 0 0 0 2 1 0 2 2 0 0 0 2 0 0 0 1 
32 32 34 0 0 0 0 0 2 32 34 32 2 0 0 1 0 1 34 32 32 1 1 0 2 0 0 1 2 0 0 0 0 1 0 0 2 0 2 0 1 0 0 0 1 0 0 1 0 1 2 0 2 2 1 0 1 0 1 1 0 2 0 1 0 0 0 0 2 1 0 2 2 0 0 0 2 0 0 0 1 
0
2 0 0 0 0 0 0 0 0 
0 0 2 0 0 0 0 0 2 0 2 0 2 0 0 1 0 1 2 0 0 1 1 0 2 0 0 1 2 0 0 0 0 1 1 0 2 0 2 0 1 0 0 0 1 0 0 1 0 1 2 0 2 2 1 0 1 0 1 1 0 2 0 1 0 0 0 0 2 1 0 2 2 0 0 0 2 0 0 0 1 
32 32 34 0 0 0 0 0 2 32 34 32 2 0 0 1 0 1 34 32 32 1 1 0 2 0 0 1 2 0 0 0 0 1 1 0 2 0 2 0 1 0 0 0 1 0 0 1 0 1 2 0 2 2 1 0 1 0 1 1 0 2 0 1 0 0 0 0 2 1 0 2 2 0 0 0 2 0 0 0 1 
0
2 0 0 0 0 0 0 0 0 
0 0 2 0 0 0 0 0 2 0 2 0 2 0 2 1 0 1 2 0 0 1 1 0 2 0 0 1 2 0 0 0 0 1 1 0 2 0 2 0 1 0 0 0 1 0 0 1 0 1 2 0 2 2 1 0 1 0 1 1 0 2 0 1 0 0 0 0 2 1 0 2 2 0 0 0 2 0 0 0 1 
32 32 34 0 0 0 0 0 2 32 34 32 2 0 2 1 0 1 34 32 32 1 1 0 2 0 0 1 2 0 0 0 0 1 1 0 2 0 2 0 1 0 0 0 1 0 0 1 0 1 2 0 2 2 1 0 1 0 1 1 0 2 0 1 0 0 0 0 2 1 0 2 2 0 0 0 2 0 0 0 1 
0
2 0 0 0 0 0 0 0 0 
0 0 2 0 0 0 0 0 2 0 2 0 2 0 2 1 0 1 2 0 0 1 1 0 2 0 0 1 2 0 0 0 0 1 1 0 2 0 2 0 1 0 0 0 1 0 0 1 0 1 2 1 2 2 1 0 1 0 1 1 0 2 0 1 0 0 0 0 2 1 0 2 2 0 0 0 2 0 0 0 1 
32 32 34 0 0 0 0 0 2 32 34 32 2 0 2 1 0 1 34 32 32 1 1 0 2 0 0 1 2 0 0 0 0 1 1 0 2 0 2 0 1 0 0 0 1 0 0 1 0 1 2 1 2 2 1 0 1 0 1 1 0 2 0 1 0 0 0 0 2 1 0 2 2 0 0 0 2 0 0 0 1 
0
2 0 0 0 0 0 0 0 0 
0 0 2 0 0 0 0 0 2 0 2 0 2 0 2 1 0 1 2 0 0 1 1 0 2 0 0 1 2 0 0 0 0 1 1 0 2 0 2 0 1 0 0 0 1 0 0 1 0 1 2 1 2 2 1 0 1 0 1 1 0 2 0 1 0 0 0 0 2 1 0 2 2 2 0 0 2 0 0 0 1 
32 32 34 0 0 0 0 0 2 32 34 32 2 0 2 1 0 1 34 32 32 1 1 0 2 0 0 1 2 0 0 0 0 1 1 0 2 0 2 0 1 0 0 0 1 0 0 1 0 1 2 1 2 2 1 0 1 0 1 1 0 2 0 1 0 0 0 0 2 1 0 2 2 2 0 0 2 0 0 0 1 
0
2 0 0 0 0 0 0 0 0 
0 0 2 0 0 0 0 0 2 0 2 0 2 0 2 1 0 1 2 0 0 1 1 0 2 0 0 1 2 0 0 0 0 1 1 0 2 0 2 0 1 0 0 0 1 0 0 1 0 1 2 1 2 2 1 0 1 0 1 1 0 2 0 1 0 0 0 1 2 1 0 2 2 2 0 0 2 0 0 0 1 
32 32 34 0 0 0 0 0 2 32 34 32 2 0 2 1 0 1 34 32 32 1 1 0 2 0 0 1 2 0 0 0 0 1 1 0 2 0 2 0 1 0 0 0 1 0 0 1 0 1 2 1 2 2 1 0 1 0 1 1 0 2 0 1 0 0 0 1 2 1 0 2 2 2 0 0 2 0 0 0 1 
0
2 0 0 0 0 0 0 0 0 
0 0 2 0 0 0 0 0 2 0 2 0 2 0 2 1 0 1 2 0 0 1 1 0 2 0 0 1 2 0 0 0 0 1 1 0 2 0 2 0 1 2 0 0 1 0 0 1 0 1 2 1 2 2 1 0 1 0 1 1 0 2 0 1 0 0 0 1 2 1 0 2 2 2 0 0 2 0 0 0 1 
32 32 34 0 0 0 0 0 2 32 34 32 2 0 2 1 0 1 34 32 32 1 1 0 2 0 0 1 2 0 0 0 0 1 1 0 2 0 2 0 1 2 0 0 1 0 0 1 0 1 2 1 2 2 1 0 1 0 1 1 0 2 0 1 0 0 0 1 2 1 0 2 2 2 0 0 2 0 0 0 1 
0
2 0 0 0 0 0 0 0 0 
0 0 2 0 0 0 0 0 2 0 2 0 2 0 2 1 0 1 2 0 0 1 1 0 2 0 0 1 2 0 0 0 0 1 1 0 2 0 2 0 1 2 0 1 1 0 0 1 0 1 2 1 2 2 1 0 1 0 1 1 0 2 0 1 0 0 0 1 2 1 0 2 2 2 0 0 2 0 0 0 1 
32 32 34 0 0 0 0 0 2 32 34 32 2 0 2 1 0 1 34 32 32 1 1 0 2 0 0 1 2 0 0 0 0 1 1 0 2 0 2 0 1 2 0 1 1 0 0 1 0 1 2 1 2 2 1 0 1 0 1 1 0 2 0 1 0 0 0 1 2 1 0 2 2 2 0 0 2 0 0 0 1 
0
2 0 0 0 2 0 0 0 0 
0 0 2 0 0 0 0 0 2 0 2 0 2 0 2 1 0 1 2 0 0 1 1 0 2 0 0 1 2 0 0 0 2 1 1 0 2 0 2 0 1 2 0 1 1 0 0 1 0 1 2 1 2 2 1 0 1 0 1 1 0 2 0 1 0 0 0 1 2 1 0 2 2 2 0 0 2 0 0 0 1 
32 32 34 0 0 0 0 0 2 32 34 32 2 0 2 1 0 1 34 32 32 1 1 0 2 0 0 1 2 0 32 32 34 1 1 0 2 0 2 32 33 34 0 1 1 0 0 1 32 33 34 1 2 2 1 0 1 0 1 1 0 2 0 1 0 0 0 1 2 1 0 2 2 2 0 0 2 0 0 0 1 
0
2 0 0 0 2 0 0 0 0 
0 0 2 0 0 0 0 0 2 0 2 0 2 0 2 1 0 1 2 0 0 1 1 0 2 1 0 1 2 0 0 0 2 1 1 0 2 0 2 0 1 2 0 1 1 0 0 1 0 1 2 1 2 2 1 0 1 0 1 1 0 2 0 1 0 0 0 1 2 1 0 2 2 2 0 0 2 0 0 0 1 
32 32 34 0 0 0 0 0 2 32 34 32 2 0 2 1 0 1 34 32 32 1 1 0 2 1 0 1 2 0 32 32 34 1 1 0 2 0 2 32 33 34 0 1 1 0 0 1 32 33 34 1 2 2 1 0 1 0 1 1 0 2 0 1 0 0 0 1 2 1 0 2 2 2 0 0 2 0 0 0 1 
0
2 0 0 0 2 0 0 0 0 
0 0 2 0 0 0 0 0 2 0 2 0 2 0 2 1 0 1 2 0 0 1 1 0 2 1 0 1 2 0 0 0 2 1 1 0 2 0 2 0 1 2 0 1 1 0 0 1 0 1 2 1 2 2 1 0 1 0 1 1 0 2 0 1 0 0 0 1 2 1 0 2 2 2 0 2 2 0 0 0 1 
32 32 34 0 0 0 0 0 2 32 34 32 2 0 2 1 0 1 34 32 32 1 1 0 2 1 0 1 2 0 32 32 34 1 1 0 2 0 2 32 33 34 0 1 1 0 0 1 32 33 34 1 2 2 1 0 1 0 1 1 0 2 0 1 0 0 0 1 2 1 0 2 2 2 0 2 2 0 0 0 1 
0
2 0 0 0 2 0 0 0 0 
0 0 2 0 0 0 0 0 2 0 2 0 2 0 2 1 0 1 2 0 0 1 1 0 2 1 0 1 2 0 0 0 2 1 1 0 2 0 2 0 1 2 0 1 1 0 0 1 0 1 2 1 2 2 1 0 1 0 1 1 0 2 0 1 0 1 0 1 2 1 0 2 2 2 0 2 2 0 0 0 1 
32 32 34 0 0 0 0 0 2 32 34 32 2 0 2 1 0 1 34 32 32 1 1 0 2 1 0 1 2 0 32 32 34 1 1 0 2 0 2 32 33 34 0 1 1 0 0 1 32 33 34 1 2 2 1 0 1 0 1 1 0 2 0 1 0 1 0 1 2 1 0 2 2 2 0 2 2 0 0 0 1 
0
2 0 0 0 2 0 0 0 0 
0 0 2 0 0 0 0 0 2 0 2 0 2 0 2 1 0 1 2 0 0 1 1 0 2 1 0 1 2 0 0 0 2 1 1 2 2 0 2 0 1 2 0 1 1 0 0 1 0 1 2 1 2 2 1 0 1 0 1 1 0 2 0 1 0 1 0 1 2 1 0 2 2 2 0 2 2 0 0 0 1 
32 32 34 0 0 0 0 0 2 32 34 32 2 0 2 1 0 1 34 32 32 1 1 0 2 1 0 1 2 0 32 32 34 1 1 2 2 0 2 32 33 34 0 1 1 0 0 1 32 33 34 1 2 2 1 0 1 0 1 1 0 2 0 1 0 1 0 1 2 1 0 2 2 2 0 2 2 0 0 0 1 
0
2 0 0 0 2 0 0 0 0 
0 0 2 0 0 0 0 1 2 0 2 0 2 0 2 1 0 1 2 0 0 1 1 0 2 1 0 1 2 0 0 0 2 1 1 2 2 0 2 0 1 2 0 1 1 0 0 1 0 1 2 1 2 2 1 0 1 0 1 1 0 2 0 1 0 1 0 1 2 1 0 2 2 2 0 2 2 0 0 0 1 
32 32 34 0 0 0 0 1 2 32 34 32 2 0 2 1 0 1 34 32 32 1 1 0 2 1 0 1 2 0 32 32 34 1 1 2 2 0 2 32 33 34 0 1 1 0 0 1 32 33 34 1 2 2 1 0 1 0 1 1 0 2 0 1 0 1 0 1 2 1 0 2 2 2 0 2 2 0 0 0 1 
0
2 2 0 0 2 0 0 0 0 
0 0 2 0 0 0 0 1 2 0 2 0 2 2 2 1 0 1 2 0 0 1 1 0 2 1 0 1 2 0 0 0 2 1 1 2 2 0 2 0 1 2 0 1 1 0 0 1 0 1 2 1 2 2 1 0 1 0 1 1 0 2 0 1 0 1 0 1 2 1 0 2 2 2 0 2 2 0 0 0 1 
32 32 34 32 32 32 0 1 2 32 34 32 34 34 34 1 0 1 34 32 32 33 33 32 2 1 0 1 2 0 32 32 34 1 1 2 2 0 2 32 33 34 0 1 1 0 0 1 32 33 34 1 2 2 1 0 1 0 1 1 0 2 0 1 0 1 0 1 2 1 0 2 2 2 0 2 2 0 0 0 1 
0
2 2 0 0 2 0 0 0 0 
0 0 2 0 0 0 0 1 2 0 2 0 2 2 2 1 0 1 2 0 0 1 1 0 2 1 0 1 2 0 0 0 2 1 1 2 2 0 2 0 1 2 0 1 1 0 0 1 0 1 2 1 2 2 1 0 1 0 1 1 0 2 0 1 0 1 1 1 2 1 0 2 2 2 0 2 2 0 0 0 1 
32 32 34 32 32 32 0 1 2 32 34 32 34 34 34 1 0 1 34 32 32 33 33 32 2 1 0 1 2 0 32 32 34 1 1 2 2 0 2 32 33 34 0 1 1 0 0 1 32 33 34 1 2 2 1 0 1 0 1 1 0 2 0 1 0 1 1 1 2 1 0 2 2 2 0 2 2 0 0 0 1 
0
2 2 0 2 2 0 0 0 0 
0 0 2 0 0 0 0 1 2 0 2 0 2 2 2 1 0 1 2 0 0 1 1 0 2 1 0 1 2 0 0 0 2 1 1 2 2 2 2 0 1 2 0 1 1 0 0 1 0 1 2 1 2 2 1 0 1 0 1 1 0 2 0 1 0 1 1 1 2 1 0 2 2 2 0 2 2 0 0 0 1 
32 32 34 32 32 32 0 1 2 32 34 32 34 34 34 1 0 1 34 32 32 33 33 32 2 1 0 33 34 32 32 32 34 1 1 2 34 34 34 32 33 34 0 1 1 32 32 33 32 33 34 1 2 2 1 0 1 0 1 1 0 2 0 1 0 1 1 1 2 1 0 2 2 2 0 2 2 0 0 0 1 
0
2 2 0 2 2 0 0 0 0 
0 0 2 0 0 0 0 1 2 0 2 0 2 2 2 1 0 1 2 0 0 1 1 0 2 1 0 1 2 0 0 0 2 1 1 2 2 2 2 0 1 2 0 1 1 0 0 1 0 1 2 1 2 2 1 0 1 0 1 1 0 2 0 1 0 1 1 1 2 1 0 2 2 2 0 2 2 1 0 0 1 
32 32 34 32 32 32 0 1 2 32 34 32 34 34 34 1 0 1 34 32 32 33 33 32 2 1 0 33 34 32 32 32 34 1 1 2 34 34 34 32 33 34 0 1 1 32 32 33 32 33 34 1 2 2 1 0 1 0 1 1 0 2 0 1 0 1 1 1 2 1 0 2 2 2 0 2 2 1 0 0 1 
0
2 2 0 2 2 0 0 0 0 
0 0 2 0 0 0 0 1 2 0 2 0 2 2 2 1 0 1 2 0 0 1 1 0 2 1 0 1 2 0 0 0 2 1 1 2 2 2 2 0 1 2 0 1 1 0 0 1 0 1 2 1 2 2 1 0 1 0 1 1 0 2 0 1 0 1 1 1 2 1 2 2 2 2 0 2 2 1 0 0 1 
32 32 34 32 32 32 0 1 2 32 34 32 34 34 34 1 0 1 34 32 32 33 33 32 2 1 0 33 34 32 32 32 34 1 1 2 34 34 34 32 33 34 0 1 1 32 32 33 32 33 34 1 2 2 1 0 1 0 1 1 0 2 0 1 0 1 1 1 2 1 2 2 2 2 0 2 2 1 0 0 1 
0
2 2 0 2 2 0 0 0 0 
0 0 2 0 0 0 0 1 2 0 2 0 2 2 2 1 0 1 2 0 0 1 1 0 2 1 0 1 2 0 0 0 2 1 1 2 2 2 2 0 1 2 0 1 1 0 0 1 0 1 2 1 2 2 1 0 1 0 1 1 0 2 0 1 0 1 1 1 2 1 2 2 2 2 0 2 2 1 0 1 1 
32 32 34 32 32 32 0 1 2 32 34 32 34 34 34 1 0 1 34 32 32 33 33 32 2 1 0 33 34 32 32 32 34 1 1 2 34 34 34 32 33 34 0 1 1 32 32 33 32 33 34 1 2 2 1 0 1 0 1 1 0 2 0 1 0 1 1 1 2 1 2 2 2 2 0 2 2 1 0 1 1 
0
2 2 0 2 2 0 0 0 0 
0 0 2 0 0 0 0 1 2 0 2 0 2 2 2 1 0 1 2 0 0 1 1 0 2 1 0 1 2 0 0 0 2 1 1 2 2 2 2 0 1 2 0 1 1 0 0 1 0 1 2 1 2 2 1 0 1 2 1 1 0 2 0 1 0 1 1 1 2 1 2 2 2 2 0 2 2 1 0 1 1 
32 32 34 32 32 32 0 1 2 32 34 32 34 34 34 1 0 1 34 32 32 33 33 32 2 1 0 33 34 32 32 32 34 1 1 2 34 34 34 32 33 34 0 1 1 32 32 33 32 33 34 1 2 2 1 0 1 2 1 1 0 2 0 1 0 1 1 1 2 1 2 2 2 2 0 2 2 1 0 1 1 
0
2 2 0 2 2 0 0 0 0 
0 0 2 0 0 0 0 1 2 0 2 0 2 2 2 1 0 1 2 0 0 1 1 0 2 1 1 1 2 0 0 0 2 1 1 2 2 2 2 0 1 2 0 1 1 0 0 1 0 1 2 1 2 2 1 0 1 2 1 1 0 2 0 1 0 1 1 1 2 1 2 2 2 2 0 2 2 1 0 1 1 
32 32 34 32 32 32 0 1 2 32 34 32 34 34 34 1 0 1 34 32 32 33 33 32 2 1 1 33 34 32 32 32 34 1 1 2 34 34 34 32 33 34 0 1 1 32 32 33 32 33 34 1 2 2 1 0 1 2 1 1 0 2 0 1 0 1 1 1 2 1 2 2 2 2 0 2 2 1 0 1 1 
0
2 2 0 2 2 0 0 0 0 
0 0 2 0 0 0 0 1 2 0 2 0 2 2 2 1 0 1 2 0 0 1 1 0 2 1 1 1 2 0 0 0 2 1 1 2 2 2 2 0 1 2 0 1 1 0 0 1 0 1 2 1 2 2 1 0 1 2 1 1 0 2 2 1 0 1 1 1 2 1 2 2 2 2 0 2 2 1 0 1 1 
32 32 34 32 32 32 0 1 2 32 34 32 34 34 34 1 0 1 34 32 32 33 33 32 2 1 1 33 34 32 32 32 34 1 1 2 34 34 34 32 33 34 0 1 1 32 32 33 32 33 34 1 2 2 1 0 1 2 1 1 0 2 2 1 0 1 1 1 2 1 2 2 2 2 0 2 2 1 0 1 1 
0
2 2 1 2 2 0 0 0 0 
0 0 2 0 0 0 0 1 2 0 2 0 2 2 2 1 1 1 2 0 0 1 1 0 2 1 1 1 2 0 0 0 2 1 1 2 2 2 2 0 1 2 0 1 1 0 0 1 0 1 2 1 2 2 1 0 1 2 1 1 0 2 2 1 0 1 1 1 2 1 2 2 2 2 0 2 2 1 0 1 1 
32 32 34 32 32 32 16 17 18 32 34 32 34 34 34 17 17 17 34 32 32 33 33 32 18 17 17 33 34 32 32 32 34 1 1 2 34 34 34 32 33 34 0 1 1 32 32 33 32 33 34 1 2 2 1 0 1 2 1 1 0 2 2 1 0 1 1 1 2 1 2 2 2 2 0 2 2 1 0 1 1 
0
2 2 1 2 2 0 2 0 0 
0 0 2 0 0 0 0 1 2 0 2 0 2 2 2 1 1 1 2 0 0 1 1 0 2 1 1 1 2 0 0 0 2 1 1 2 2 2 2 0 1 2 0 1 1 0 0 1 0 1 2 1 2 2 1 0 1 2 1 1 0 2 2 1 0 1 1 1 2 1 2 2 2 2 2 2 2 1 0 1 1 
32 32 34 32 32 32 16 17 18 32 34 32 34 34 34 17 17 17 34 32 32 33 33 32 18 17 17 33 34 32 32 32 34 1 1 2 34 34 34 32 33 34 0 1 1 32 32 33 32 33 34 1 2 2 33 32 33 2 1 1 0 2 2 33 32 33 1 1 2 1 2 2 34 34 34 2 2 1 0 1 1 
0
2 2 1 2 2 0 2 0 0 
0 0 2 0 0 0 0 1 2 0 2 0 2 2 2 1 1 1 2 0 0 1 1 0 2 1 1 1 2 0 0 0 2 1 1 2 2 2 2 0 1 2 0 1 1 0 0 1 0 1 2 1 2 2 1 0 1 2 1 1 0 2 2 1 0 1 1 1 2 1 2 2 2 2 2 2 2 1 0 1 1 
32 32 34 32 32 32 16 17 18 32 34 32 34 34 34 17 17 17 34 32 32 33 33 32 18 17 17 33 34 32 32 32 34 1 1 2 34 34 34 32 33 34 0 1 1 32 32 33 32 33 34 1 2 2 33 32 33 2 1 1 0 2 2 33 32 33 1 1 2 1 2 2 34 34 34 2 2 1 0 1 1 
0
