0 0 0 0 0 0 0 0 0 
0 0 0 0 0 0 0 0 0 0 0 0 0 0 0 0 0 0 0 0 0 0 0 0 0 0 0 0 0 0 0 0 0 0 0 0 0 0 0 0 0 0 0 0 0 0 0 0 0 0 0 0 0 0 0 0 0 0 0 0 0 0 0 0 0 0 0 0 0 0 1 0 0 0 0 0 0 0 0 0 0 
0 0 0 0 0 0 0 0 0 0 0 0 0 0 0 0 0 0 0 0 0 0 0 0 0 0 0 0 0 0 0 0 0 0 0 0 0 0 0 0 0 0 0 0 0 0 0 0 0 0 0 0 0 0 0 0 0 0 0 0 0 0 0 0 0 0 0 0 0 0 1 0 0 0 0 0 0 0 0 0 0 
0
0 0 0 0 0 0 0 0 0 
0 0 0 0 0 0 0 0 0 0 0 0 0 0 0 0 0 0 0 0 0 0 0 0 0 0 0 0 0 0 0 2 0 0 0 0 0 0 0 0 0 0 0 0 0 0 0 0 0 0 0 0 0 0 0 0 0 0 0 0 0 0 0 0 0 0 0 0 0 0 1 0 0 0 0 0 0 0 0 0 0 
0 0 0 0 0 0 0 0 0 0 0 0 0 0 0 0 0 0 0 0 0 0 0 0 0 0 0 0 0 0 0 2 0 0 0 0 0 0 0 0 0 0 0 0 0 0 0 0 0 0 0 0 0 0 0 0 0 0 0 0 0 0 0 0 0 0 0 0 0 0 1 0 0 0 0 0 0 0 0 0 0 
0
0 0 0 0 0 0 0 0 0 
0 0 0 0 0 0 0 0 0 0 0 0 0 0 0 0 0 0 0 0 0 1 0 0 0 0 0 0 0 0 0 2 0 0 0 0 0 0 0 0 0 0 0 0 0 0 0 0 0 0 0 0 0 0 0 0 0 0 0 0 0 0 0 0 0 0 0 0 0 0 1 0 0 0 0 0 0 0 0 0 0 
0 0 0 0 0 0 0 0 0 0 0 0 0 0 0 0 0 0 0 0 0 1 0 0 0 0 0 0 0 0 0 2 0 0 0 0 0 0 0 0 0 0 0 0 0 0 0 0 0 0 0 0 0 0 0 0 0 0 0 0 0 0 0 0 0 0 0 0 0 0 1 0 0 0 0 0 0 0 0 0 0 
0
0 0 0 0 0 0 0 0 0 
0 0 0 0 0 0 0 0 0 0 0 0 0 0 0 0 0 0 0 0 0 1 0 0 0 0 0 0 0 0 0 2 0 0 0 0 0 0 0 0 0 0 0 0 0 0 0 0 0 0 0 0 0 0 0 0 0 0 0 0 0 0 0 0 0 2 0 0 0 0 1 0 0 0 0 0 0 0 0 0 0 
0 0 0 0 0 0 0 0 0 0 0 0 0 0 0 0 0 0 0 0 0 1 0 0 0 0 0 0 0 0 0 2 0 0 0 0 0 0 0 0 0 0 0 0 0 0 0 0 0 0 0 0 0 0 0 0 0 0 0 0 0 0 0 0 0 2 0 0 0 0 1 0 0 0 0 0 0 0 0 0 0 
0
0 0 0 0 0 0 0 0 0 
0 0 0 0 0 0 0 0 0 0 0 0 0 0 0 0 0 0 0 0 0 1 0 0 0 0 0 0 0 0 0 2 0 0 0 0 0 0 0 0 0 0 0 0 1 0 0 0 0 0 0 0 0 0 0 0 0 0 0 0 0 0 0 0 0 2 0 0 0 0 1 0 0 0 0 0 0 0 0 0 0 
0 0 0 0 0 0 0 0 0 0 0 0 0 0 0 0 0 0 0 0 0 1 0 0 0 0 0 0 0 0 0 2 0 0 0 0 0 0 0 0 0 0 0 0 1 0 0 0 0 0 0 0 0 0 0 0 0 0 0 0 0 0 0 0 0 2 0 0 0 0 1 0 0 0 0 0 0 0 0 0 0 
0
0 0 0 0 0 0 0 0 0 
0 0 0 0 0 0 0 0 0 0 0 0 0 0 0 0 0 0 0 0 0 1 0 0 0 0 0 0 0 0 0 2 0 0 0 0 0 0 0 0 0 0 0 0 1 0 0 0 0 0 0 0 2 0 0 0 0 0 0 0 0 0 0 0 0 2 0 0 0 0 1 0 0 0 0 0 0 0 0 0 0 
0 0 0 0 0 0 0 0 0 0 0 0 0 0 0 0 0 0 0 0 0 1 0 0 0 0 0 0 0 0 0 2 0 0 0 0 0 0 0 0 0 0 0 0 1 0 0 0 0 0 0 0 2 0 0 0 0 0 0 0 0 0 0 0 0 2 0 0 0 0 1 0 0 0 0 0 0 0 0 0 0 
0
0 0 0 0 0 0 0 0 0 
0 0 0 0 0 0 0 0 0 0 0 0 0 0 0 0 0 0 0 0 0 1 0 0 0 0 0 0 0 0 0 2 0 0 0 0 0 0 0 0 0 0 0 0 1 0 0 0 0 0 0 0 2 0 0 0 0 0 1 0 0 0 0 0 0 2 0 0 0 0 1 0 0 0 0 0 0 0 0 0 0 
0 0 0 0 0 0 0 0 0 0 0 0 0 0 0 0 0 0 0 0 0 1 0 0 0 0 0 0 0 0 0 2 0 0 0 0 0 0 0 0 0 0 0 0 1 0 0 0 0 0 0 0 2 0 0 0 0 0 1 0 0 0 0 0 0 2 0 0 0 0 1 0 0 0 0 0 0 0 0 0 0 
0
0 0 0 0 0 0 0 0 0 
0 0 0 2 0 0 0 0 0 0 0 0 0 0 0 0 0 0 0 0 0 1 0 0 0 0 0 0 0 0 0 2 0 0 0 0 0 0 0 0 0 0 0 0 1 0 0 0 0 0 0 0 2 0 0 0 0 0 1 0 0 0 0 0 0 2 0 0 0 0 1 0 0 0 0 0 0 0 0 0 0 
0 0 0 2 0 0 0 0 0 0 0 0 0 0 0 0 0 0 0 0 0 1 0 0 0 0 0 0 0 0 0 2 0 0 0 0 0 0 0 0 0 0 0 0 1 0 0 0 0 0 0 0 2 0 0 0 0 0 1 0 0 0 0 0 0 2 0 0 0 0 1 0 0 0 0 0 0 0 0 0 0 
0
0 0 0 0 0 0 0 0 0 
0 0 0 2 0 0 0 0 0 0 1 0 0 0 0 0 0 0 0 0 0 1 0 0 0 0 0 0 0 0 0 2 0 0 0 0 0 0 0 0 0 0 0 0 1 0 0 0 0 0 0 0 2 0 0 0 0 0 1 0 0 0 0 0 0 2 0 0 0 0 1 0 0 0 0 0 0 0 0 0 0 
0 0 0 2 0 0 0 0 0 0 1 0 0 0 0 0 0 0 0 0 0 1 0 0 0 0 0 0 0 0 0 2 0 0 0 0 0 0 0 0 0 0 0 0 1 0 0 0 0 0 0 0 2 0 0 0 0 0 1 0 0 0 0 0 0 2 0 0 0 0 1 0 0 0 0 0 0 0 0 0 0 
0
0 0 0 0 0 0 0 0 0 
0 0 0 2 0 0 0 0 0 0 1 0 0 0 0 0 0 0 0 0 0 1 0 0 0 0 0 0 0 0 0 2 0 0 0 0 0 0 0 0 0 0 0 0 1 0 0 0 0 2 0 0 2 0 0 0 0 0 1 0 0 0 0 0 0 2 0 0 0 0 1 0 0 0 0 0 0 0 0 0 0 
0 0 0 2 0 0 0 0 0 0 1 0 0 0 0 0 0 0 0 0 0 1 0 0 0 0 0 0 0 0 0 2 0 0 0 0 0 0 0 0 0 0 0 0 1 0 0 0 0 2 0 0 2 0 0 0 0 0 1 0 0 0 0 0 0 2 0 0 0 0 1 0 0 0 0 0 0 0 0 0 0 
0
0 0 0 0 0 0 0 0 0 
0 0 0 2 0 0 0 0 0 0 1 0 0 0 0 0 0 0 0 0 0 1 0 0 0 0 0 0 0 0 0 2 0 0 0 0 0 0 0 0 0 0 0 0 1 0 0 0 0 2 0 0 2 0 0 0 0 0 1 1 0 0 0 0 0 2 0 0 0 0 1 0 0 0 0 0 0 0 0 0 0 
0 0 0 2 0 0 0 0 0 0 1 0 0 0 0 0 0 0 0 0 0 1 0 0 0 0 0 0 0 0 0 2 0 0 0 0 0 0 0 0 0 0 0 0 1 0 0 0 0 2 0 0 2 0 0 0 0 0 1 1 0 0 0 0 0 2 0 0 0 0 1 0 0 0 0 0 0 0 0 0 0 
0
0 0 0 0 0 0 0 0 0 
0 0 0 2 0 0 0 0 0 0 1 0 0 0 0 2 0 0 0 0 0 1 0 0 0 0 0 0 0 0 0 2 0 0 0 0 0 0 0 0 0 0 0 0 1 0 0 0 0 2 0 0 2 0 0 0 0 0 1 1 0 0 0 0 0 2 0 0 0 0 1 0 0 0 0 0 0 0 0 0 0 
0 0 0 2 0 0 0 0 0 0 1 0 0 0 0 2 0 0 0 0 0 1 0 0 0 0 0 0 0 0 0 2 0 0 0 0 0 0 0 0 0 0 0 0 1 0 0 0 0 2 0 0 2 0 0 0 0 0 1 1 0 0 0 0 0 2 0 0 0 0 1 0 0 0 0 0 0 0 0 0 0 
0
0 0 0 0 0 0 0 0 0 
0 0 0 2 0 0 0 0 0 0 1 0 0 0 0 2 0 0 0 0 0 1 0 0 0 0 0 0 0 0 0 2 0 0 0 0 0 0 0 0 0 0 0 0 1 0 0 1 0 2 0 0 2 0 0 0 0 0 1 1 0 0 0 0 0 2 0 0 0 0 1 0 0 0 0 0 0 0 0 0 0 
0 0 0 2 0 0 0 0 0 0 1 0 0 0 0 2 0 0 0 0 0 1 0 0 0 0 0 0 0 0 0 2 0 0 0 0 0 0 0 0 0 0 0 0 1 0 0 1 0 2 0 0 2 0 0 0 0 0 1 1 0 0 0 0 0 2 0 0 0 0 1 0 0 0 0 0 0 0 0 0 0 
0
0 0 0 0 0 0 0 0 0 
0 0 0 2 0 0 0 0 0 0 1 0 0 0 0 2 0 0 0 0 0 1 0 0 0 0 0 0 0 0 0 2 0 0 0 0 0 0 0 0 0 0 0 0 1 0 0 1 0 2 0 0 2 0 0 0 0 0 1 1 0 0 0 0 0 2 0 0 0 2 1 0 0 0 0 0 0 0 0 0 0 
0 0 0 2 0 0 0 0 0 0 1 0 0 0 0 2 0 0 0 0 0 1 0 0 0 0 0 0 0 0 0 2 0 0 0 0 0 0 0 0 0 0 0 0 1 0 0 1 0 2 0 0 2 0 0 0 0 0 1 1 0 0 0 0 0 2 0 0 0 2 1 0 0 0 0 0 0 0 0 0 0 
0
0 0 0 0 0 0 0 0 0 
0 0 0 2 0 0 0 0 0 0 1 0 0 0 0 2 0 0 0 0 0 1 0 0 0 0 0 0 0 0 0 2 0 0 0 0 0 0 0 0 0 0 0 0 1 1 0 1 0 2 0 0 2 0 0 0 0 0 1 1 0 0 0 0 0 2 0 0 0 2 1 0 0 0 0 0 0 0 0 0 0 
0 0 0 2 0 0 0 0 0 0 1 0 0 0 0 2 0 0 0 0 0 1 0 0 0 0 0 0 0 0 0 2 0 0 0 0 0 0 0 0 0 0 0 0 1 1 0 1 0 2 0 0 2 0 0 0 0 0 1 1 0 0 0 0 0 2 0 0 0 2 1 0 0 0 0 0 0 0 0 0 0 
0
0 0 0 0 0 0 0 0 0 
0 0 0 2 0 0 0 0 0 0 1 0 0 0 0 2 0 0 0 0 0 1 0 0 0 0 0 0 0 0 0 2 0 0 0 0 0 0 0 0 0 0 0 0 1 1 0 1 0 2 0 0 2 0 0 2 0 0 1 1 0 0 0 0 0 2 0 0 0 2 1 0 0 0 0 0 0 0 0 0 0 
0 0 0 2 0 0 0 0 0 0 1 0 0 0 0 2 0 0 0 0 0 1 0 0 0 0 0 0 0 0 0 2 0 0 0 0 0 0 0 0 0 0 0 0 1 1 0 1 0 2 0 0 2 0 0 2 0 0 1 1 0 0 0 0 0 2 0 0 0 2 1 0 0 0 0 0 0 0 0 0 0 
0
0 0 0 0 0 0 0 0 0 
0 0 0 2 0 0 0 0 0 0 1 0 0 1 0 2 0 0 0 0 0 1 0 0 0 0 0 0 0 0 0 2 0 0 0 0 0 0 0 0 0 0 0 0 1 1 0 1 0 2 0 0 2 0 0 2 0 0 1 1 0 0 0 0 0 2 0 0 0 2 1 0 0 0 0 0 0 0 0 0 0 
0 0 0 2 0 0 0 0 0 0 1 0 0 1 0 2 0 0 0 0 0 1 0 0 0 0 0 0 0 0 0 2 0 0 0 0 0 0 0 0 0 0 0 0 1 1 0 1 0 2 0 0 2 0 0 2 0 0 1 1 0 0 0 0 0 2 0 0 0 2 1 0 0 0 0 0 0 0 0 0 0 
0
0 0 0 0 0 0 0 0 0 
0 0 0 2 0 0 0 0 0 0 1 0 0 1 0 2 0 0 0 0 0 1 0 0 0 0 0 0 0 0 0 2 0 0 0 0 0 0 0 0 0 2 0 0 1 1 0 1 0 2 0 0 2 0 0 2 0 0 1 1 0 0 0 0 0 2 0 0 0 2 1 0 0 0 0 0 0 0 0 0 0 
0 0 0 2 0 0 0 0 0 0 1 0 0 1 0 2 0 0 0 0 0 1 0 0 0 0 0 0 0 0 0 2 0 0 0 0 0 0 0 0 0 2 0 0 1 1 0 1 0 2 0 0 2 0 0 2 0 0 1 1 0 0 0 0 0 2 0 0 0 2 1 0 0 0 0 0 0 0 0 0 0 
0
0 0 0 0 0 0 0 0 0 
0 0 0 2 0 0 0 0 0 0 1 0 0 1 0 2 0 0 0 0 0 1 0 0 0 0 0 0 0 0 0 2 0 1 0 0 0 0 0 0 0 2 0 0 1 1 0 1 0 2 0 0 2 0 0 2 0 0 1 1 0 0 0 0 0 2 0 0 0 2 1 0 0 0 0 0 0 0 0 0 0 
0 0 0 2 0 0 0 0 0 0 1 0 0 1 0 2 0 0 0 0 0 1 0 0 0 0 0 0 0 0 0 2 0 1 0 0 0 0 0 0 0 2 0 0 1 1 0 1 0 2 0 0 2 0 0 2 0 0 1 1 0 0 0 0 0 2 0 0 0 2 1 0 0 0 0 0 0 0 0 0 0 
0
0 0 0 0 0 0 0 0 0 
0 0 0 2 0 0 0 0 0 2 1 0 0 1 0 2 0 0 0 0 0 1 0 0 0 0 0 0 0 0 0 2 0 1 0 0 0 0 0 0 0 2 0 0 1 1 0 1 0 2 0 0 2 0 0 2 0 0 1 1 0 0 0 0 0 2 0 0 0 2 1 0 0 0 0 0 0 0 0 0 0 
0 0 0 2 0 0 0 0 0 2 1 0 0 1 0 2 0 0 0 0 0 1 0 0 0 0 0 0 0 0 0 2 0 1 0 0 0 0 0 0 0 2 0 0 1 1 0 1 0 2 0 0 2 0 0 2 0 0 1 1 0 0 0 0 0 2 0 0 0 2 1 0 0 0 0 0 0 0 0 0 0 
0
0 0 0 0 0 0 0 0 0 
0 0 0 2 0 0 0 0 0 2 1 0 0 1 0 2 0 0 0 0 0 1 0 0 0 0 0 1 0 0 0 2 0 1 0 0 0 0 0 0 0 2 0 0 1 1 0 1 0 2 0 0 2 0 0 2 0 0 1 1 0 0 0 0 0 2 0 0 0 2 1 0 0 0 0 0 0 0 0 0 0 
0 0 0 2 0 0 0 0 0 2 1 0 0 1 0 2 0 0 0 0 0 1 0 0 0 0 0 1 0 0 0 2 0 1 0 0 0 0 0 0 0 2 0 0 1 1 0 1 0 2 0 0 2 0 0 2 0 0 1 1 0 0 0 0 0 2 0 0 0 2 1 0 0 0 0 0 0 0 0 0 0 
0
0 0 0 0 0 0 0 0 0 
0 2 0 2 0 0 0 0 0 2 1 0 0 1 0 2 0 0 0 0 0 1 0 0 0 0 0 1 0 0 0 2 0 1 0 0 0 0 0 0 0 2 0 0 1 1 0 1 0 2 0 0 2 0 0 2 0 0 1 1 0 0 0 0 0 2 0 0 0 2 1 0 0 0 0 0 0 0 0 0 0 
0 2 0 2 0 0 0 0 0 2 1 0 0 1 0 2 0 0 0 0 0 1 0 0 0 0 0 1 0 0 0 2 0 1 0 0 0 0 0 0 0 2 0 0 1 1 0 1 0 2 0 0 2 0 0 2 0 0 1 1 0 0 0 0 0 2 0 0 0 2 1 0 0 0 0 0 0 0 0 0 0 
0
0 1 0 0 0 0 0 0 0 
0 2 0 2 0 1 0 0 0 2 1 0 0 1 0 2 0 0 0 0 0 1 0 0 0 0 0 1 0 0 0 2 0 1 0 0 0 0 0 0 0 2 0 0 1 1 0 1 0 2 0 0 2 0 0 2 0 0 1 1 0 0 0 0 0 2 0 0 0 2 1 0 0 0 0 0 0 0 0 0 0 
0 2 0 18 16 17 0 0 0 2 1 0 16 17 16 2 0 0 0 0 0 17 16 16 0 0 0 1 0 0 0 2 0 1 0 0 0 0 0 0 0 2 0 0 1 1 0 1 0 2 0 0 2 0 0 2 0 0 1 1 0 0 0 0 0 2 0 0 0 2 1 0 0 0 0 0 0 0 0 0 0 
0
0 1 0 0 0 0 0 0 0 
0 2 0 2 0 1 0 0 0 2 1 0 0 1 0 2 0 0 0 0 0 1 0 0 0 2 0 1 0 0 0 2 0 1 0 0 0 0 0 0 0 2 0 0 1 1 0 1 0 2 0 0 2 0 0 2 0 0 1 1 0 0 0 0 0 2 0 0 0 2 1 0 0 0 0 0 0 0 0 0 0 
0 2 0 18 16 17 0 0 0 2 1 0 16 17 16 2 0 0 0 0 0 17 16 16 0 2 0 1 0 0 0 2 0 1 0 0 0 0 0 0 0 2 0 0 1 1 0 1 0 2 0 0 2 0 0 2 0 0 1 1 0 0 0 0 0 2 0 0 0 2 1 0 0 0 0 0 0 0 0 0 0 
0
0 1 0 0 0 0 0 0 0 
0 2 0 2 0 1 0 0 0 2 1 0 0 1 0 2 0 0 0 0 0 1 0 0 0 2 0 1 0 0 0 2 0 1 0 0 0 0 0 0 0 2 0 0 1 1 0 1 0 2 0 0 2 0 0 2 0 0 1 1 0 0 0 0 0 2 0 1 0 2 1 0 0 0 0 0 0 0 0 0 0 
0 2 0 18 16 17 0 0 0 2 1 0 16 17 16 2 0 0 0 0 0 17 16 16 0 2 0 1 0 0 0 2 0 1 0 0 0 0 0 0 0 2 0 0 1 1 0 1 0 2 0 0 2 0 0 2 0 0 1 1 0 0 0 0 0 2 0 1 0 2 1 0 0 0 0 0 0 0 0 0 0 
0
0 1 0 0 2 0 0 0 0 
0 2 0 2 0 1 0 0 0 2 1 0 0 1 0 2 0 0 0 0 0 1 0 0 0 2 0 1 0 0 0 2 0 1 0 0 0 0 0 0 2 2 0 0 1 1 0 1 0 2 0 0 2 0 0 2 0 0 1 1 0 0 0 0 0 2 0 1 0 2 1 0 0 0 0 0 0 0 0 0 0 
0 2 0 18 16 17 0 0 0 2 1 0 16 17 16 2 0 0 0 0 0 17 16 16 0 2 0 1 0 0 32 34 32 1 0 0 0 0 0 32 34 34 0 0 1 1 0 1 32 34 32 0 2 0 0 2 0 0 1 1 0 0 0 0 0 2 0 1 0 2 1 0 0 0 0 0 0 0 0 0 0 
0
0 1 0 0 2 0 0 0 0 
0 2 0 2 0 1 0 0 0 2 1 0 0 1 0 2 0 0 0 0 0 1 0 0 0 2 0 1 0 0 0 2 0 1 0 0 0 0 0 0 2 2 0 0 1 1 0 1 0 2 0 0 2 0 0 2 0 0 1 1 0 0 0 0 0 2 0 1 0 2 1 1 0 0 0 0 0 0 0 0 0 
0 2 0 18 16 17 0 0 0 2 1 0 16 17 16 2 0 0 0 0 0 17 16 16 0 2 0 1 0 0 32 34 32 1 0 0 0 0 0 32 34 34 0 0 1 1 0 1 32 34 32 0 2 0 0 2 0 0 1 1 0 0 0 0 0 2 0 1 0 2 1 1 0 0 0 0 0 0 0 0 0 
0
0 1 0 0 2 0 0 0 0 
0 2 0 2 0 1 0 0 0 2 1 0 0 1 0 2 0 0 0 0 0 1 0 0 0 2 0 1 0 0 0 2 0 1 0 0 0 0 0 0 2 2 0 2 1 1 0 1 0 2 0 0 2 0 0 2 0 0 1 1 0 0 0 0 0 2 0 1 0 2 1 1 0 0 0 0 0 0 0 0 0 
0 2 0 18 16 17 0 0 0 2 1 0 16 17 16 2 0 0 0 0 0 17 16 16 0 2 0 1 0 0 32 34 32 1 0 0 0 0 0 32 34 34 0 2 1 1 0 1 32 34 32 0 2 0 0 2 0 0 1 1 0 0 0 0 0 2 0 1 0 2 1 1 0 0 0 0 0 0 0 0 0 
0
0 1 0 0 2 0 0 0 0 
0 2 0 2 0 1 0 0 0 2 1 0 0 1 0 2 0 0 0 0 0 1 0 0 0 2 0 1 0 0 0 2 0 1 0 0 0 0 0 0 2 2 0 2 1 1 0 1 0 2 0 0 2 0 0 2 0 0 1 1 0 0 0 0 0 2 0 1 0 2 1 1 0 0 0 0 0 0 0 0 1 
0 2 0 18 16 17 0 0 0 2 1 0 16 17 16 2 0 0 0 0 0 17 16 16 0 2 0 1 0 0 32 34 32 1 0 0 0 0 0 32 34 34 0 2 1 1 0 1 32 34 32 0 2 0 0 2 0 0 1 1 0 0 0 0 0 2 0 1 0 2 1 1 0 0 0 0 0 0 0 0 1 
0
0 1 0 0 2 0 0 0 0 
0 2 0 2 0 1 0 0 0 2 1 0 0 1 0 2 0 0 0 0 0 1 0 0 0 2 0 1 0 0 0 2 0 1 0 0 0 0 0 0 2 2 0 2 1 1 0 1 0 2 0 0 2 0 0 2 0 0 1 1 2 0 0 0 0 2 0 1 0 2 1 1 0 0 0 0 0 0 0 0 1 
0 2 0 18 16 17 0 0 0 2 1 0 16 17 16 2 0 0 0 0 0 17 16 16 0 2 0 1 0 0 32 34 32 1 0 0 0 0 0 32 34 34 0 2 1 1 0 1 32 34 32 0 2 0 0 2 0 0 1 1 2 0 0 0 0 2 0 1 0 2 1 1 0 0 0 0 0 0 0 0 1 
0
0 1 0 0 2 0 0 0 0 
0 2 0 2 0 1 0 0 0 2 1 0 0 1 0 2 0 0 0 0 1 1 0 0 0 2 0 1 0 0 0 2 0 1 0 0 0 0 0 0 2 2 0 2 1 1 0 1 0 2 0 0 2 0 0 2 0 0 1 1 2 0 0 0 0 2 0 1 0 2 1 1 0 0 0 0 0 0 0 0 1 
0 2 0 18 16 17 0 0 0 2 1 0 16 17 16 2 0 0 0 0 1 17 16 16 0 2 0 1 0 0 32 34 32 1 0 0 0 0 0 32 34 34 0 2 1 1 0 1 32 34 32 0 2 0 0 2 0 0 1 1 2 0 0 0 0 2 0 1 0 2 1 1 0 0 0 0 0 0 0 0 1 
0
0 1 0 0 2 0 0 0 0 
0 2 0 2 0 1 0 0 0 2 1 0 0 1 0 2 0 0 0 0 1 1 0 0 0 2 0 1 0 0 0 2 0 1 0 0 0 0 0 0 2 2 0 2 1 1 0 1 0 2 0 0 2 0 0 2 0 0 1 1 2 0 2 0 0 2 0 1 0 2 1 1 0 0 0 0 0 0 0 0 1 
0 2 0 18 16 17 0 0 0 2 1 0 16 17 16 2 0 0 0 0 1 17 16 16 0 2 0 1 0 0 32 34 32 1 0 0 0 0 0 32 34 34 0 2 1 1 0 1 32 34 32 0 2 0 0 2 0 0 1 1 2 0 2 0 0 2 0 1 0 2 1 1 0 0 0 0 0 0 0 0 1 
0
0 1 0 0 2 0 0 0 0 
0 2 0 2 0 1 0 0 1 2 1 0 0 1 0 2 0 0 0 0 1 1 0 0 0 2 0 1 0 0 0 2 0 1 0 0 0 0 0 0 2 2 0 2 1 1 0 1 0 2 0 0 2 0 0 2 0 0 1 1 2 0 2 0 0 2 0 1 0 2 1 1 0 0 0 0 0 0 0 0 1 
0 2 0 18 16 17 0 0 1 2 1 0 16 17 16 2 0 0 0 0 1 17 16 16 0 2 0 1 0 0 32 34 32 1 0 0 0 0 0 32 34 34 0 2 1 1 0 1 32 34 32 0 2 0 0 2 0 0 1 1 2 0 2 0 0 2 0 1 0 2 1 1 0 0 0 0 0 0 0 0 1 
0
0 1 0 0 2 0 0 0 0 
0 2 0 2 0 1 0 0 1 2 1 0 0 1 0 2 0 0 0 0 1 1 0 0 2 2 0 1 0 0 0 2 0 1 0 0 0 0 0 0 2 2 0 2 1 1 0 1 0 2 0 0 2 0 0 2 0 0 1 1 2 0 2 0 0 2 0 1 0 2 1 1 0 0 0 0 0 0 0 0 1 
0 2 0 18 16 17 0 0 1 2 1 0 16 17 16 2 0 0 0 0 1 17 16 16 2 2 0 1 0 0 32 34 32 1 0 0 0 0 0 32 34 34 0 2 1 1 0 1 32 34 32 0 2 0 0 2 0 0 1 1 2 0 2 0 0 2 0 1 0 2 1 1 0 0 0 0 0 0 0 0 1 
0
0 1 0 0 2 0 0 0 0 
0 2 0 2 0 1 0 0 1 2 1 0 0 1 0 2 0 0 0 0 1 1 0 0 2 2 0 1 0 0 0 2 0 1 0 0 0 0 0 0 2 2 0 2 1 1 0 1 0 2 0 0 2 0 0 2 1 0 1 1 2 0 2 0 0 2 0 1 0 2 1 1 0 0 0 0 0 0 0 0 1 
0 2 0 18 16 17 0 0 1 2 1 0 16 17 16 2 0 0 0 0 1 17 16 16 2 2 0 1 0 0 32 34 32 1 0 0 0 0 0 32 34 34 0 2 1 1 0 1 32 34 32 0 2 0 0 2 1 0 1 1 2 0 2 0 0 2 0 1 0 2 1 1 0 0 0 0 0 0 0 0 1 
0
0 1 2 0 2 0 0 0 0 
0 2 0 2 0 1 0 0 1 2 1 0 0 1 0 2 0 0 0 0 1 1 0 0 2 2 2 1 0 0 0 2 0 1 0 0 0 0 0 0 2 2 0 2 1 1 0 1 0 2 0 0 2 0 0 2 1 0 1 1 2 0 2 0 0 2 0 1 0 2 1 1 0 0 0 0 0 0 0 0 1 
0 2 0 18 16 17 32 32 33 2 1 0 16 17 16 34 32 32 0 0 1 17 16 16 34 34 34 1 0 0 32 34 32 1 0 0 0 0 0 32 34 34 0 2 1 1 0 1 32 34 32 0 2 0 0 2 1 0 1 1 2 0 2 0 0 2 0 1 0 2 1 1 0 0 0 0 0 0 0 0 1 
0
0 1 2 0 2 0 0 0 0 
0 2 0 2 0 1 0 0 1 2 1 0 0 1 0 2 0 0 0 0 1 1 0 0 2 2 2 1 0 0 0 2 0 1 0 0 0 0 0 0 2 2 0 2 1 1 0 1 0 2 0 0 2 0 0 2 1 0 1 1 2 0 2 0 0 2 0 1 0 2 1 1 0 0 0 0 0 0 1 0 1 
0 2 0 18 16 17 32 32 33 2 1 0 16 17 16 34 32 32 0 0 1 17 16 16 34 34 34 1 0 0 32 34 32 1 0 0 0 0 0 32 34 34 0 2 1 1 0 1 32 34 32 0 2 0 0 2 1 0 1 1 2 0 2 0 0 2 0 1 0 2 1 1 0 0 0 0 0 0 1 0 1 
0
0 1 2 0 2 0 0 0 0 
0 2 0 2 0 1 0 0 1 2 1 0 0 1 0 2 0 0 0 0 1 1 0 0 2 2 2 1 0 0 0 2 0 1 0 0 0 0 0 0 2 2 0 2 1 1 0 1 0 2 0 0 2 0 2 2 1 0 1 1 2 0 2 0 0 2 0 1 0 2 1 1 0 0 0 0 0 0 1 0 1 
0 2 0 18 16 17 32 32 33 2 1 0 16 17 16 34 32 32 0 0 1 17 16 16 34 34 34 1 0 0 32 34 32 1 0 0 0 0 0 32 34 34 0 2 1 1 0 1 32 34 32 0 2 0 2 2 1 0 1 1 2 0 2 0 0 2 0 1 0 2 1 1 0 0 0 0 0 0 1 0 1 
0
1 1 2 0 2 0 0 0 0 
1 2 0 2 0 1 0 0 1 2 1 0 0 1 0 2 0 0 0 0 1 1 0 0 2 2 2 1 0 0 0 2 0 1 0 0 0 0 0 0 2 2 0 2 1 1 0 1 0 2 0 0 2 0 2 2 1 0 1 1 2 0 2 0 0 2 0 1 0 2 1 1 0 0 0 0 0 0 1 0 1 
17 18 16 18 16 17 32 32 33 18 17 16 16 17 16 34 32 32 16 16 17 17 16 16 34 34 34 1 0 0 32 34 32 1 0 0 0 0 0 32 34 34 0 2 1 1 0 1 32 34 32 0 2 0 2 2 1 0 1 1 2 0 2 0 0 2 0 1 0 2 1 1 0 0 0 0 0 0 1 0 1 
0
1 1 2 0 2 0 0 0 0 
1 2 0 2 0 1 0 0 1 2 1 0 0 1 0 2 0 0 0 0 1 1 0 0 2 2 2 1 2 0 0 2 0 1 0 0 0 0 0 0 2 2 0 2 1 1 0 1 0 2 0 0 2 0 2 2 1 0 1 1 2 0 2 0 0 2 0 1 0 2 1 1 0 0 0 0 0 0 1 0 1 
17 18 16 18 16 17 32 32 33 18 17 16 16 17 16 34 32 32 16 16 17 17 16 16 34 34 34 1 2 0 32 34 32 1 0 0 0 0 0 32 34 34 0 2 1 1 0 1 32 34 32 0 2 0 2 2 1 0 1 1 2 0 2 0 0 2 0 1 0 2 1 1 0 0 0 0 0 0 1 0 1 
0
