0 0 0 0 0 0 0 0 0 
0 0 0 0 0 0 0 0 1 0 0 0 0 0 0 0 0 0 0 0 0 0 0 0 0 0 0 0 0 0 0 0 0 0 0 0 0 0 0 0 0 0 0 0 0 0 0 0 0 0 0 0 0 0 0 0 0 0 0 0 0 0 0 0 0 0 0 0 0 0 0 0 0 0 0 0 0 0 0 0 0 
0 0 0 0 0 0 0 0 1 0 0 0 0 0 0 0 0 0 0 0 0 0 0 0 0 0 0 0 0 0 0 0 0 0 0 0 0 0 0 0 0 0 0 0 0 0 0 0 0 0 0 0 0 0 0 0 0 0 0 0 0 0 0 0 0 0 0 0 0 0 0 0 0 0 0 0 0 0 0 0 0 
0
0 0 0 0 0 0 0 0 0 
0 0 0 0 0 0 0 0 1 0 0 0 0 0 0 0 0 0 0 0 0 0 0 0 2 0 0 0 0 0 0 0 0 0 0 0 0 0 0 0 0 0 0 0 0 0 0 0 0 0 0 0 0 0 0 0 0 0 0 0 0 0 0 0 0 0 0 0 0 0 0 0 0 0 0 0 0 0 0 0 0 
0 0 0 0 0 0 0 0 1 0 0 0 0 0 0 0 0 0 0 0 0 0 0 0 2 0 0 0 0 0 0 0 0 0 0 0 0 0 0 0 0 0 0 0 0 0 0 0 0 0 0 0 0 0 0 0 0 0 0 0 0 0 0 0 0 0 0 0 0 0 0 0 0 0 0 0 0 0 0 0 0 
0
0 0 0 0 0 0 0 0 0 
0 0 0 0 0 0 0 0 1 0 0 0 0 0 0 0 0 0 0 0 0 0 0 0 2 0 0 0 0 0 0 0 0 0 0 0 0 0 0 0 0 0 0 0 0 0 0 0 0 0 0 0 0 0 1 0 0 0 0 0 0 0 0 0 0 0 0 0 0 0 0 0 0 0 0 0 0 0 0 0 0 
0 0 0 0 0 0 0 0 1 0 0 0 0 0 0 0 0 0 0 0 0 0 0 0 2 0 0 0 0 0 0 0 0 0 0 0 0 0 0 0 0 0 0 0 0 0 0 0 0 0 0 0 0 0 1 0 0 0 0 0 0 0 0 0 0 0 0 0 0 0 0 0 0 0 0 0 0 0 0 0 0 
0
0 0 0 0 0 0 0 0 0 
2 0 0 0 0 0 0 0 1 0 0 0 0 0 0 0 0 0 0 0 0 0 0 0 2 0 0 0 0 0 0 0 0 0 0 0 0 0 0 0 0 0 0 0 0 0 0 0 0 0 0 0 0 0 1 0 0 0 0 0 0 0 0 0 0 0 0 0 0 0 0 0 0 0 0 0 0 0 0 0 0 
2 0 0 0 0 0 0 0 1 0 0 0 0 0 0 0 0 0 0 0 0 0 0 0 2 0 0 0 0 0 0 0 0 0 0 0 0 0 0 0 0 0 0 0 0 0 0 0 0 0 0 0 0 0 1 0 0 0 0 0 0 0 0 0 0 0 0 0 0 0 0 0 0 0 0 0 0 0 0 0 0 
0
0 0 0 0 0 0 0 0 0 
2 1 0 0 0 0 0 0 1 0 0 0 0 0 0 0 0 0 0 0 0 0 0 0 2 0 0 0 0 0 0 0 0 0 0 0 0 0 0 0 0 0 0 0 0 0 0 0 0 0 0 0 0 0 1 0 0 0 0 0 0 0 0 0 0 0 0 0 0 0 0 0 0 0 0 0 0 0 0 0 0 
2 1 0 0 0 0 0 0 1 0 0 0 0 0 0 0 0 0 0 0 0 0 0 0 2 0 0 0 0 0 0 0 0 0 0 0 0 0 0 0 0 0 0 0 0 0 0 0 0 0 0 0 0 0 1 0 0 0 0 0 0 0 0 0 0 0 0 0 0 0 0 0 0 0 0 0 0 0 0 0 0 
0
0 0 0 0 0 0 0 0 0 
2 1 0 0 0 0 0 0 1 0 0 0 0 0 0 0 0 0 0 0 0 0 2 0 2 0 0 0 0 0 0 0 0 0 0 0 0 0 0 0 0 0 0 0 0 0 0 0 0 0 0 0 0 0 1 0 0 0 0 0 0 0 0 0 0 0 0 0 0 0 0 0 0 0 0 0 0 0 0 0 0 
2 1 0 0 0 0 0 0 1 0 0 0 0 0 0 0 0 0 0 0 0 0 2 0 2 0 0 0 0 0 0 0 0 0 0 0 0 0 0 0 0 0 0 0 0 0 0 0 0 0 0 0 0 0 1 0 0 0 0 0 0 0 0 0 0 0 0 0 0 0 0 0 0 0 0 0 0 0 0 0 0 
0
0 0 0 0 0 0 0 0 0 
2 1 0 0 0 0 0 0 1 0 0 0 0 0 0 0 0 0 0 0 0 0 2 0 2 0 0 0 0 0 0 0 0 0 0 0 0 0 0 0 0 0 0 0 0 0 0 0 0 0 0 0 0 0 1 0 0 0 0 0 0 0 0 0 0 0 1 0 0 0 0 0 0 0 0 0 0 0 0 0 0 
2 1 0 0 0 0 0 0 1 0 0 0 0 0 0 0 0 0 0 0 0 0 2 0 2 0 0 0 0 0 0 0 0 0 0 0 0 0 0 0 0 0 0 0 0 0 0 0 0 0 0 0 0 0 1 0 0 0 0 0 0 0 0 0 0 0 1 0 0 0 0 0 0 0 0 0 0 0 0 0 0 
0
0 0 0 0 0 0 0 0 0 
2 1 0 0 0 0 0 0 1 0 0 0 0 0 0 0 0 0 0 0 0 0 2 0 2 0 0 0 2 0 0 0 0 0 0 0 0 0 0 0 0 0 0 0 0 0 0 0 0 0 0 0 0 0 1 0 0 0 0 0 0 0 0 0 0 0 1 0 0 0 0 0 0 0 0 0 0 0 0 0 0 
2 1 0 0 0 0 0 0 1 0 0 0 0 0 0 0 0 0 0 0 0 0 2 0 2 0 0 0 2 0 0 0 0 0 0 0 0 0 0 0 0 0 0 0 0 0 0 0 0 0 0 0 0 0 1 0 0 0 0 0 0 0 0 0 0 0 1 0 0 0 0 0 0 0 0 0 0 0 0 0 0 
0
0 0 0 0 0 0 0 0 0 
2 1 0 0 0 0 0 0 1 0 0 0 0 1 0 0 0 0 0 0 0 0 2 0 2 0 0 0 2 0 0 0 0 0 0 0 0 0 0 0 0 0 0 0 0 0 0 0 0 0 0 0 0 0 1 0 0 0 0 0 0 0 0 0 0 0 1 0 0 0 0 0 0 0 0 0 0 0 0 0 0 
2 1 0 0 0 0 0 0 1 0 0 0 0 1 0 0 0 0 0 0 0 0 2 0 2 0 0 0 2 0 0 0 0 0 0 0 0 0 0 0 0 0 0 0 0 0 0 0 0 0 0 0 0 0 1 0 0 0 0 0 0 0 0 0 0 0 1 0 0 0 0 0 0 0 0 0 0 0 0 0 0 
0
0 0 0 0 0 0 0 0 0 
2 1 0 0 0 0 0 0 1 0 0 0 0 1 0 0 0 0 0 0 0 0 2 0 2 0 0 0 2 0 0 0 0 0 0 0 0 0 0 0 2 0 0 0 0 0 0 0 0 0 0 0 0 0 1 0 0 0 0 0 0 0 0 0 0 0 1 0 0 0 0 0 0 0 0 0 0 0 0 0 0 
2 1 0 0 0 0 0 0 1 0 0 0 0 1 0 0 0 0 0 0 0 0 2 0 2 0 0 0 2 0 0 0 0 0 0 0 0 0 0 0 2 0 0 0 0 0 0 0 0 0 0 0 0 0 1 0 0 0 0 0 0 0 0 0 0 0 1 0 0 0 0 0 0 0 0 0 0 0 0 0 0 
0
0 0 0 0 0 0 0 0 0 
2 1 0 0 0 0 0 0 1 0 0 0 0 1 0 0 0 0 0 0 0 0 2 0 2 0 0 0 2 0 0 0 0 0 0 0 0 0 0 1 2 0 0 0 0 0 0 0 0 0 0 0 0 0 1 0 0 0 0 0 0 0 0 0 0 0 1 0 0 0 0 0 0 0 0 0 0 0 0 0 0 
2 1 0 0 0 0 0 0 1 0 0 0 0 1 0 0 0 0 0 0 0 0 2 0 2 0 0 0 2 0 0 0 0 0 0 0 0 0 0 1 2 0 0 0 0 0 0 0 0 0 0 0 0 0 1 0 0 0 0 0 0 0 0 0 0 0 1 0 0 0 0 0 0 0 0 0 0 0 0 0 0 
0
0 0 0 0 0 0 0 0 0 
2 1 0 0 0 0 0 0 1 0 0 0 0 1 0 0 0 0 0 0 0 0 2 0 2 0 0 2 2 0 0 0 0 0 0 0 0 0 0 1 2 0 0 0 0 0 0 0 0 0 0 0 0 0 1 0 0 0 0 0 0 0 0 0 0 0 1 0 0 0 0 0 0 0 0 0 0 0 0 0 0 
2 1 0 0 0 0 0 0 1 0 0 0 0 1 0 0 0 0 0 0 0 0 2 0 2 0 0 2 2 0 0 0 0 0 0 0 0 0 0 1 2 0 0 0 0 0 0 0 0 0 0 0 0 0 1 0 0 0 0 0 0 0 0 0 0 0 1 0 0 0 0 0 0 0 0 0 0 0 0 0 0 
0
0 0 0 0 0 0 0 0 0 
2 1 0 0 0 0 0 0 1 0 0 0 0 1 0 0 0 0 0 1 0 0 2 0 2 0 0 2 2 0 0 0 0 0 0 0 0 0 0 1 2 0 0 0 0 0 0 0 0 0 0 0 0 0 1 0 0 0 0 0 0 0 0 0 0 0 1 0 0 0 0 0 0 0 0 0 0 0 0 0 0 
2 1 0 0 0 0 0 0 1 0 0 0 0 1 0 0 0 0 0 1 0 0 2 0 2 0 0 2 2 0 0 0 0 0 0 0 0 0 0 1 2 0 0 0 0 0 0 0 0 0 0 0 0 0 1 0 0 0 0 0 0 0 0 0 0 0 1 0 0 0 0 0 0 0 0 0 0 0 0 0 0 
0
0 0 0 0 0 0 0 0 0 
2 1 0 0 0 0 0 0 1 0 0 0 0 1 0 0 0 0 0 1 0 0 2 0 2 0 0 2 2 0 0 0 0 0 0 0 0 0 0 1 2 0 0 0 0 0 0 0 0 0 0 0 0 0 1 0 0 0 0 0 0 0 0 0 0 0 1 0 2 0 0 0 0 0 0 0 0 0 0 0 0 
2 1 0 0 0 0 0 0 1 0 0 0 0 1 0 0 0 0 0 1 0 0 2 0 2 0 0 2 2 0 0 0 0 0 0 0 0 0 0 1 2 0 0 0 0 0 0 0 0 0 0 0 0 0 1 0 0 0 0 0 0 0 0 0 0 0 1 0 2 0 0 0 0 0 0 0 0 0 0 0 0 
0
0 0 0 0 0 0 0 0 0 
2 1 0 0 0 0 0 0 1 0 0 0 0 1 0 0 0 0 0 1 0 0 2 0 2 0 0 2 2 0 0 0 0 0 0 0 0 0 0 1 2 0 0 0 1 0 0 0 0 0 0 0 0 0 1 0 0 0 0 0 0 0 0 0 0 0 1 0 2 0 0 0 0 0 0 0 0 0 0 0 0 
2 1 0 0 0 0 0 0 1 0 0 0 0 1 0 0 0 0 0 1 0 0 2 0 2 0 0 2 2 0 0 0 0 0 0 0 0 0 0 1 2 0 0 0 1 0 0 0 0 0 0 0 0 0 1 0 0 0 0 0 0 0 0 0 0 0 1 0 2 0 0 0 0 0 0 0 0 0 0 0 0 
0
0 0 0 0 0 0 0 0 0 
2 1 0 0 0 0 0 0 1 0 0 0 0 1 0 0 0 0 0 1 0 0 2 0 2 0 0 2 2 0 0 0 0 0 0 0 0 0 0 1 2 0 0 0 1 0 0 0 0 0 0 2 0 0 1 0 0 0 0 0 0 0 0 0 0 0 1 0 2 0 0 0 0 0 0 0 0 0 0 0 0 
2 1 0 0 0 0 0 0 1 0 0 0 0 1 0 0 0 0 0 1 0 0 2 0 2 0 0 2 2 0 0 0 0 0 0 0 0 0 0 1 2 0 0 0 1 0 0 0 0 0 0 2 0 0 1 0 0 0 0 0 0 0 0 0 0 0 1 0 2 0 0 0 0 0 0 0 0 0 0 0 0 
0
0 0 0 0 0 0 0 0 0 
2 1 0 0 0 0 0 0 1 0 0 0 0 1 0 0 0 0 0 1 0 0 2 0 2 0 0 2 2 0 0 0 0 0 0 0 0 0 0 1 2 0 0 0 1 0 0 0 0 0 0 2 0 0 1 1 0 0 0 0 0 0 0 0 0 0 1 0 2 0 0 0 0 0 0 0 0 0 0 0 0 
2 1 0 0 0 0 0 0 1 0 0 0 0 1 0 0 0 0 0 1 0 0 2 0 2 0 0 2 2 0 0 0 0 0 0 0 0 0 0 1 2 0 0 0 1 0 0 0 0 0 0 2 0 0 1 1 0 0 0 0 0 0 0 0 0 0 1 0 2 0 0 0 0 0 0 0 0 0 0 0 0 
0
0 0 0 0 0 0 0 0 0 
2 1 0 0 2 0 0 0 1 0 0 0 0 1 0 0 0 0 0 1 0 0 2 0 2 0 0 2 2 0 0 0 0 0 0 0 0 0 0 1 2 0 0 0 1 0 0 0 0 0 0 2 0 0 1 1 0 0 0 0 0 0 0 0 0 0 1 0 2 0 0 0 0 0 0 0 0 0 0 0 0 
2 1 0 0 2 0 0 0 1 0 0 0 0 1 0 0 0 0 0 1 0 0 2 0 2 0 0 2 2 0 0 0 0 0 0 0 0 0 0 1 2 0 0 0 1 0 0 0 0 0 0 2 0 0 1 1 0 0 0 0 0 0 0 0 0 0 1 0 2 0 0 0 0 0 0 0 0 0 0 0 0 
0
0 0 0 0 0 0 0 0 0 
2 1 0 0 2 0 0 0 1 0 0 0 0 1 1 0 0 0 0 1 0 0 2 0 2 0 0 2 2 0 0 0 0 0 0 0 0 0 0 1 2 0 0 0 1 0 0 0 0 0 0 2 0 0 1 1 0 0 0 0 0 0 0 0 0 0 1 0 2 0 0 0 0 0 0 0 0 0 0 0 0 
2 1 0 0 2 0 0 0 1 0 0 0 0 1 1 0 0 0 0 1 0 0 2 0 2 0 0 2 2 0 0 0 0 0 0 0 0 0 0 1 2 0 0 0 1 0 0 0 0 0 0 2 0 0 1 1 0 0 0 0 0 0 0 0 0 0 1 0 2 0 0 0 0 0 0 0 0 0 0 0 0 
0
0 0 0 0 0 0 0 0 0 
2 1 0 0 2 0 0 0 1 0 0 0 0 1 1 0 0 0 0 1 0 0 2 0 2 0 0 2 2 0 0 0 0 0 0 0 0 0 0 1 2 0 2 0 1 0 0 0 0 0 0 2 0 0 1 1 0 0 0 0 0 0 0 0 0 0 1 0 2 0 0 0 0 0 0 0 0 0 0 0 0 
2 1 0 0 2 0 0 0 1 0 0 0 0 1 1 0 0 0 0 1 0 0 2 0 2 0 0 2 2 0 0 0 0 0 0 0 0 0 0 1 2 0 2 0 1 0 0 0 0 0 0 2 0 0 1 1 0 0 0 0 0 0 0 0 0 0 1 0 2 0 0 0 0 0 0 0 0 0 0 0 0 
0
0 0 0 0 0 0 0 0 0 
2 1 0 0 2 0 0 0 1 0 0 0 0 1 1 0 0 0 0 1 0 0 2 0 2 0 0 2 2 1 0 0 0 0 0 0 0 0 0 1 2 0 2 0 1 0 0 0 0 0 0 2 0 0 1 1 0 0 0 0 0 0 0 0 0 0 1 0 2 0 0 0 0 0 0 0 0 0 0 0 0 
2 1 0 0 2 0 0 0 1 0 0 0 0 1 1 0 0 0 0 1 0 0 2 0 2 0 0 2 2 1 0 0 0 0 0 0 0 0 0 1 2 0 2 0 1 0 0 0 0 0 0 2 0 0 1 1 0 0 0 0 0 0 0 0 0 0 1 0 2 0 0 0 0 0 0 0 0 0 0 0 0 
0
0 0 0 0 0 0 0 0 0 
2 1 0 0 2 0 0 0 1 0 0 0 0 1 1 0 0 0 0 1 0 0 2 0 2 0 2 2 2 1 0 0 0 0 0 0 0 0 0 1 2 0 2 0 1 0 0 0 0 0 0 2 0 0 1 1 0 0 0 0 0 0 0 0 0 0 1 0 2 0 0 0 0 0 0 0 0 0 0 0 0 
2 1 0 0 2 0 0 0 1 0 0 0 0 1 1 0 0 0 0 1 0 0 2 0 2 0 2 2 2 1 0 0 0 0 0 0 0 0 0 1 2 0 2 0 1 0 0 0 0 0 0 2 0 0 1 1 0 0 0 0 0 0 0 0 0 0 1 0 2 0 0 0 0 0 0 0 0 0 0 0 0 
0
0 0 0 0 0 0 0 0 0 
2 1 0 0 2 0 0 0 1 0 0 0 0 1 1 0 0 0 0 1 0 0 2 0 2 0 2 2 2 1 0 0 0 0 0 0 0 0 0 1 2 0 2 0 1 0 0 0 0 0 0 2 0 0 1 1 0 0 0 0 0 0 0 0 0 0 1 0 2 0 1 0 0 0 0 0 0 0 0 0 0 
2 1 0 0 2 0 0 0 1 0 0 0 0 1 1 0 0 0 0 1 0 0 2 0 2 0 2 2 2 1 0 0 0 0 0 0 0 0 0 1 2 0 2 0 1 0 0 0 0 0 0 2 0 0 1 1 0 0 0 0 0 0 0 0 0 0 1 0 2 0 1 0 0 0 0 0 0 0 0 0 0 
0
0 0 0 0 0 0 0 0 0 
2 1 0 0 2 0 0 0 1 0 0 0 0 1 1 0 0 0 0 1 0 0 2 0 2 0 2 2 2 1 0 0 0 0 0 0 0 0 0 1 2 0 2 0 1 0 0 0 0 0 2 2 0 0 1 1 0 0 0 0 0 0 0 0 0 0 1 0 2 0 1 0 0 0 0 0 0 0 0 0 0 
2 1 0 0 2 0 0 0 1 0 0 0 0 1 1 0 0 0 0 1 0 0 2 0 2 0 2 2 2 1 0 0 0 0 0 0 0 0 0 1 2 0 2 0 1 0 0 0 0 0 2 2 0 0 1 1 0 0 0 0 0 0 0 0 0 0 1 0 2 0 1 0 0 0 0 0 0 0 0 0 0 
0
0 0 0 0 0 0 0 0 0 
2 1 0 0 2 0 0 0 1 0 0 0 0 1 1 0 0 0 0 1 0 0 2 0 2 0 2 2 2 1 0 0 0 0 0 0 0 0 0 1 2 0 2 0 1 0 0 0 0 0 2 2 0 0 1 1 0 0 0 0 0 0 0 0 0 0 1 0 2 0 1 0 0 0 0 0 0 0 1 0 0 
2 1 0 0 2 0 0 0 1 0 0 0 0 1 1 0 0 0 0 1 0 0 2 0 2 0 2 2 2 1 0 0 0 0 0 0 0 0 0 1 2 0 2 0 1 0 0 0 0 0 2 2 0 0 1 1 0 0 0 0 0 0 0 0 0 0 1 0 2 0 1 0 0 0 0 0 0 0 1 0 0 
0
0 0 0 0 0 0 0 0 0 
2 1 0 0 2 0 0 0 1 0 0 0 0 1 1 0 0 0 0 1 0 0 2 0 2 0 2 2 2 1 0 0 0 0 0 0 0 0 0 1 2 0 2 0 1 0 0 0 0 0 2 2 0 0 1 1 2 0 0 0 0 0 0 0 0 0 1 0 2 0 1 0 0 0 0 0 0 0 1 0 0 
2 1 0 0 2 0 0 0 1 0 0 0 0 1 1 0 0 0 0 1 0 0 2 0 2 0 2 2 2 1 0 0 0 0 0 0 0 0 0 1 2 0 2 0 1 0 0 0 0 0 2 2 0 0 1 1 2 0 0 0 0 0 0 0 0 0 1 0 2 0 1 0 0 0 0 0 0 0 1 0 0 
0
0 0 0 0 0 0 0 0 0 
2 1 0 0 2 0 0 1 1 0 0 0 0 1 1 0 0 0 0 1 0 0 2 0 2 0 2 2 2 1 0 0 0 0 0 0 0 0 0 1 2 0 2 0 1 0 0 0 0 0 2 2 0 0 1 1 2 0 0 0 0 0 0 0 0 0 1 0 2 0 1 0 0 0 0 0 0 0 1 0 0 
2 1 0 0 2 0 0 1 1 0 0 0 0 1 1 0 0 0 0 1 0 0 2 0 2 0 2 2 2 1 0 0 0 0 0 0 0 0 0 1 2 0 2 0 1 0 0 0 0 0 2 2 0 0 1 1 2 0 0 0 0 0 0 0 0 0 1 0 2 0 1 0 0 0 0 0 0 0 1 0 0 
0
0 0 0 0 0 0 0 0 0 
2 1 0 0 2 0 0 1 1 0 0 0 2 1 1 0 0 0 0 1 0 0 2 0 2 0 2 2 2 1 0 0 0 0 0 0 0 0 0 1 2 0 2 0 1 0 0 0 0 0 2 2 0 0 1 1 2 0 0 0 0 0 0 0 0 0 1 0 2 0 1 0 0 0 0 0 0 0 1 0 0 
2 1 0 0 2 0 0 1 1 0 0 0 2 1 1 0 0 0 0 1 0 0 2 0 2 0 2 2 2 1 0 0 0 0 0 0 0 0 0 1 2 0 2 0 1 0 0 0 0 0 2 2 0 0 1 1 2 0 0 0 0 0 0 0 0 0 1 0 2 0 1 0 0 0 0 0 0 0 1 0 0 
0
0 0 0 0 0 0 0 0 0 
2 1 0 0 2 0 0 1 1 0 0 0 2 1 1 0 0 0 0 1 0 0 2 0 2 0 2 2 2 1 0 0 0 0 0 0 0 0 0 1 2 0 2 0 1 0 0 1 0 0 2 2 0 0 1 1 2 0 0 0 0 0 0 0 0 0 1 0 2 0 1 0 0 0 0 0 0 0 1 0 0 
2 1 0 0 2 0 0 1 1 0 0 0 2 1 1 0 0 0 0 1 0 0 2 0 2 0 2 2 2 1 0 0 0 0 0 0 0 0 0 1 2 0 2 0 1 0 0 1 0 0 2 2 0 0 1 1 2 0 0 0 0 0 0 0 0 0 1 0 2 0 1 0 0 0 0 0 0 0 1 0 0 
0
0 0 0 0 0 0 0 0 0 
2 1 0 0 2 0 0 1 1 0 0 0 2 1 1 0 0 0 0 1 0 0 2 0 2 0 2 2 2 1 0 0 0 0 0 0 0 0 0 1 2 0 2 0 1 0 0 1 0 0 2 2 0 0 1 1 2 0 0 0 0 0 0 0 0 0 1 0 2 0 1 2 0 0 0 0 0 0 1 0 0 
2 1 0 0 2 0 0 1 1 0 0 0 2 1 1 0 0 0 0 1 0 0 2 0 2 0 2 2 2 1 0 0 0 0 0 0 0 0 0 1 2 0 2 0 1 0 0 1 0 0 2 2 0 0 1 1 2 0 0 0 0 0 0 0 0 0 1 0 2 0 1 2 0 0 0 0 0 0 1 0 0 
0
0 0 0 0 0 0 0 0 0 
2 1 0 0 2 0 0 1 1 0 0 0 2 1 1 0 0 0 0 1 0 0 2 0 2 0 2 2 2 1 0 0 0 0 0 0 0 0 0 1 2 0 2 0 1 0 0 1 0 0 2 2 0 1 1 1 2 0 0 0 0 0 0 0 0 0 1 0 2 0 1 2 0 0 0 0 0 0 1 0 0 
2 1 0 0 2 0 0 1 1 0 0 0 2 1 1 0 0 0 0 1 0 0 2 0 2 0 2 2 2 1 0 0 0 0 0 0 0 0 0 1 2 0 2 0 1 0 0 1 0 0 2 2 0 1 1 1 2 0 0 0 0 0 0 0 0 0 1 0 2 0 1 2 0 0 0 0 0 0 1 0 0 
0
0 0 0 0 0 0 0 0 0 
2 1 0 0 2 0 0 1 1 0 0 0 2 1 1 0 0 0 0 1 0 0 2 0 2 0 2 2 2 1 0 0 0 0 0 0 0 0 0 1 2 0 2 0 1 0 0 1 0 0 2 2 0 1 1 1 2 0 0 0 0 0 0 0 0 0 1 0 2 0 1 2 0 0 0 0 0 0 1 0 2 
2 1 0 0 2 0 0 1 1 0 0 0 2 1 1 0 0 0 0 1 0 0 2 0 2 0 2 2 2 1 0 0 0 0 0 0 0 0 0 1 2 0 2 0 1 0 0 1 0 0 2 2 0 1 1 1 2 0 0 0 0 0 0 0 0 0 1 0 2 0 1 2 0 0 0 0 0 0 1 0 2 
0
0 0 0 0 0 0 0 0 0 
2 1 0 0 2 0 0 1 1 0 0 0 2 1 1 0 0 0 0 1 0 0 2 0 2 0 2 2 2 1 0 0 0 0 0 0 0 0 0 1 2 0 2 0 1 0 0 1 0 0 2 2 0 1 1 1 2 0 0 0 0 0 0 0 0 0 1 0 2 0 1 2 0 0 0 0 0 0 1 1 2 
2 1 0 0 2 0 0 1 1 0 0 0 2 1 1 0 0 0 0 1 0 0 2 0 2 0 2 2 2 1 0 0 0 0 0 0 0 0 0 1 2 0 2 0 1 0 0 1 0 0 2 2 0 1 1 1 2 0 0 0 0 0 0 0 0 0 1 0 2 0 1 2 0 0 0 0 0 0 1 1 2 
0
0 0 0 0 0 0 0 0 0 
2 1 0 0 2 0 0 1 1 0 0 0 2 1 1 0 0 0 0 1 0 0 2 0 2 0 2 2 2 1 0 0 0 0 0 0 0 0 0 1 2 0 2 0 1 0 0 1 0 0 2 2 0 1 1 1 2 0 2 0 0 0 0 0 0 0 1 0 2 0 1 2 0 0 0 0 0 0 1 1 2 
2 1 0 0 2 0 0 1 1 0 0 0 2 1 1 0 0 0 0 1 0 0 2 0 2 0 2 2 2 1 0 0 0 0 0 0 0 0 0 1 2 0 2 0 1 0 0 1 0 0 2 2 0 1 1 1 2 0 2 0 0 0 0 0 0 0 1 0 2 0 1 2 0 0 0 0 0 0 1 1 2 
0
0 0 0 0 0 0 0 0 0 
2 1 0 0 2 0 0 1 1 0 0 0 2 1 1 0 0 0 0 1 0 0 2 1 2 0 2 2 2 1 0 0 0 0 0 0 0 0 0 1 2 0 2 0 1 0 0 1 0 0 2 2 0 1 1 1 2 0 2 0 0 0 0 0 0 0 1 0 2 0 1 2 0 0 0 0 0 0 1 1 2 
2 1 0 0 2 0 0 1 1 0 0 0 2 1 1 0 0 0 0 1 0 0 2 1 2 0 2 2 2 1 0 0 0 0 0 0 0 0 0 1 2 0 2 0 1 0 0 1 0 0 2 2 0 1 1 1 2 0 2 0 0 0 0 0 0 0 1 0 2 0 1 2 0 0 0 0 0 0 1 1 2 
0
0 0 0 0 0 0 0 0 2 
2 1 0 0 2 0 0 1 1 0 0 0 2 1 1 0 0 0 0 1 0 0 2 1 2 0 2 2 2 1 0 0 0 0 0 0 0 0 0 1 2 0 2 0 1 0 0 1 0 0 2 2 0 1 1 1 2 0 2 0 0 0 2 0 0 0 1 0 2 0 1 2 0 0 0 0 0 0 1 1 2 
2 1 0 0 2 0 0 1 1 0 0 0 2 1 1 0 0 0 0 1 0 0 2 1 2 0 2 2 2 1 0 0 0 0 0 0 0 0 0 1 2 0 2 0 1 0 0 1 0 0 2 2 0 1 1 1 2 0 2 0 32 32 34 0 0 0 1 0 2 32 33 34 0 0 0 0 0 0 33 33 34 
0
0 0 1 0 0 0 0 0 2 
2 1 0 0 2 0 1 1 1 0 0 0 2 1 1 0 0 0 0 1 0 0 2 1 2 0 2 2 2 1 0 0 0 0 0 0 0 0 0 1 2 0 2 0 1 0 0 1 0 0 2 2 0 1 1 1 2 0 2 0 0 0 2 0 0 0 1 0 2 0 1 2 0 0 0 0 0 0 1 1 2 
2 1 0 0 2 0 17 17 17 0 0 0 2 1 1 16 16 16 0 1 0 0 2 1 18 16 18 2 2 1 0 0 0 0 0 0 0 0 0 1 2 0 2 0 1 0 0 1 0 0 2 2 0 1 1 1 2 0 2 0 32 32 34 0 0 0 1 0 2 32 33 34 0 0 0 0 0 0 33 33 34 
0
0 0 1 0 0 0 0 0 2 
2 1 0 0 2 0 1 1 1 0 2 0 2 1 1 0 0 0 0 1 0 0 2 1 2 0 2 2 2 1 0 0 0 0 0 0 0 0 0 1 2 0 2 0 1 0 0 1 0 0 2 2 0 1 1 1 2 0 2 0 0 0 2 0 0 0 1 0 2 0 1 2 0 0 0 0 0 0 1 1 2 
2 1 0 0 2 0 17 17 17 0 2 0 2 1 1 16 16 16 0 1 0 0 2 1 18 16 18 2 2 1 0 0 0 0 0 0 0 0 0 1 2 0 2 0 1 0 0 1 0 0 2 2 0 1 1 1 2 0 2 0 32 32 34 0 0 0 1 0 2 32 33 34 0 0 0 0 0 0 33 33 34 
0
0 0 1 0 0 0 0 0 2 
2 1 0 0 2 0 1 1 1 0 2 0 2 1 1 0 0 0 0 1 0 0 2 1 2 0 2 2 2 1 1 0 0 0 0 0 0 0 0 1 2 0 2 0 1 0 0 1 0 0 2 2 0 1 1 1 2 0 2 0 0 0 2 0 0 0 1 0 2 0 1 2 0 0 0 0 0 0 1 1 2 
2 1 0 0 2 0 17 17 17 0 2 0 2 1 1 16 16 16 0 1 0 0 2 1 18 16 18 2 2 1 1 0 0 0 0 0 0 0 0 1 2 0 2 0 1 0 0 1 0 0 2 2 0 1 1 1 2 0 2 0 32 32 34 0 0 0 1 0 2 32 33 34 0 0 0 0 0 0 33 33 34 
0
0 0 1 0 0 0 0 0 2 
2 1 0 0 2 0 1 1 1 0 2 0 2 1 1 0 0 0 2 1 0 0 2 1 2 0 2 2 2 1 1 0 0 0 0 0 0 0 0 1 2 0 2 0 1 0 0 1 0 0 2 2 0 1 1 1 2 0 2 0 0 0 2 0 0 0 1 0 2 0 1 2 0 0 0 0 0 0 1 1 2 
2 1 0 0 2 0 17 17 17 0 2 0 2 1 1 16 16 16 2 1 0 0 2 1 18 16 18 2 2 1 1 0 0 0 0 0 0 0 0 1 2 0 2 0 1 0 0 1 0 0 2 2 0 1 1 1 2 0 2 0 32 32 34 0 0 0 1 0 2 32 33 34 0 0 0 0 0 0 33 33 34 
0
0 0 1 0 0 0 0 0 2 
2 1 0 0 2 0 1 1 1 0 2 0 2 1 1 0 0 0 2 1 0 0 2 1 2 0 2 2 2 1 1 0 0 0 0 0 0 0 0 1 2 0 2 0 1 0 0 1 0 0 2 2 0 1 1 1 2 0 2 0 0 0 2 0 0 0 1 0 2 0 1 2 0 1 0 0 0 0 1 1 2 
2 1 0 0 2 0 17 17 17 0 2 0 2 1 1 16 16 16 2 1 0 0 2 1 18 16 18 2 2 1 1 0 0 0 0 0 0 0 0 1 2 0 2 0 1 0 0 1 0 0 2 2 0 1 1 1 2 0 2 0 32 32 34 0 0 0 1 0 2 32 33 34 0 1 0 0 0 0 33 33 34 
0
0 0 1 0 0 0 0 0 2 
2 1 0 0 2 0 1 1 1 0 2 0 2 1 1 0 0 0 2 1 0 0 2 1 2 0 2 2 2 1 1 0 0 0 0 0 0 0 0 1 2 0 2 0 1 0 0 1 0 0 2 2 0 1 1 1 2 0 2 0 0 0 2 0 0 0 1 0 2 0 1 2 0 1 0 2 0 0 1 1 2 
2 1 0 0 2 0 17 17 17 0 2 0 2 1 1 16 16 16 2 1 0 0 2 1 18 16 18 2 2 1 1 0 0 0 0 0 0 0 0 1 2 0 2 0 1 0 0 1 0 0 2 2 0 1 1 1 2 0 2 0 32 32 34 0 0 0 1 0 2 32 33 34 0 1 0 2 0 0 33 33 34 
0
0 0 1 0 0 0 1 0 2 
2 1 0 0 2 0 1 1 1 0 2 0 2 1 1 0 0 0 2 1 0 0 2 1 2 0 2 2 2 1 1 0 0 0 0 0 0 0 0 1 2 0 2 0 1 0 0 1 0 0 2 2 0 1 1 1 2 0 2 0 0 0 2 0 1 0 1 0 2 0 1 2 0 1 0 2 0 0 1 1 2 
2 1 0 0 2 0 17 17 17 0 2 0 2 1 1 16 16 16 2 1 0 0 2 1 18 16 18 2 2 1 1 0 0 0 0 0 0 0 0 1 2 0 2 0 1 0 0 1 0 0 2 2 0 1 17 17 18 0 2 0 32 32 34 16 17 16 1 0 2 32 33 34 16 17 16 2 0 0 33 33 34 
0
0 0 1 0 0 0 1 0 2 
2 1 0 0 2 0 1 1 1 0 2 0 2 1 1 0 0 0 2 1 0 0 2 1 2 0 2 2 2 1 1 0 0 0 0 0 0 0 0 1 2 0 2 0 1 0 0 1 2 0 2 2 0 1 1 1 2 0 2 0 0 0 2 0 1 0 1 0 2 0 1 2 0 1 0 2 0 0 1 1 2 
2 1 0 0 2 0 17 17 17 0 2 0 2 1 1 16 16 16 2 1 0 0 2 1 18 16 18 2 2 1 1 0 0 0 0 0 0 0 0 1 2 0 2 0 1 0 0 1 2 0 2 2 0 1 17 17 18 0 2 0 32 32 34 16 17 16 1 0 2 32 33 34 16 17 16 2 0 0 33 33 34 
0
0 0 1 0 0 0 1 0 2 
2 1 0 0 2 0 1 1 1 0 2 0 2 1 1 0 0 0 2 1 0 0 2 1 2 0 2 2 2 1 1 0 0 0 0 0 1 0 0 1 2 0 2 0 1 0 0 1 2 0 2 2 0 1 1 1 2 0 2 0 0 0 2 0 1 0 1 0 2 0 1 2 0 1 0 2 0 0 1 1 2 
2 1 0 0 2 0 17 17 17 0 2 0 2 1 1 16 16 16 2 1 0 0 2 1 18 16 18 2 2 1 1 0 0 0 0 0 1 0 0 1 2 0 2 0 1 0 0 1 2 0 2 2 0 1 17 17 18 0 2 0 32 32 34 16 17 16 1 0 2 32 33 34 16 17 16 2 0 0 33 33 34 
0
0 0 1 0 0 0 1 0 2 
2 1 0 0 2 0 1 1 1 0 2 0 2 1 1 0 0 0 2 1 0 0 2 1 2 0 2 2 2 1 1 0 0 0 0 0 1 0 0 1 2 0 2 0 1 0 2 1 2 0 2 2 0 1 1 1 2 0 2 0 0 0 2 0 1 0 1 0 2 0 1 2 0 1 0 2 0 0 1 1 2 
2 1 0 0 2 0 17 17 17 0 2 0 2 1 1 16 16 16 2 1 0 0 2 1 18 16 18 2 2 1 1 0 0 0 0 0 1 0 0 1 2 0 2 0 1 0 2 1 2 0 2 2 0 1 17 17 18 0 2 0 32 32 34 16 17 16 1 0 2 32 33 34 16 17 16 2 0 0 33 33 34 
0
0 0 1 0 0 0 1 0 2 
2 1 0 0 2 0 1 1 1 0 2 0 2 1 1 0 0 0 2 1 0 0 2 1 2 0 2 2 2 1 1 0 0 0 0 0 1 0 0 1 2 0 2 0 1 0 2 1 2 0 2 2 0 1 1 1 2 0 2 0 0 0 2 0 1 0 1 0 2 0 1 2 0 1 0 2 1 0 1 1 2 
2 1 0 0 2 0 17 17 17 0 2 0 2 1 1 16 16 16 2 1 0 0 2 1 18 16 18 2 2 1 1 0 0 0 0 0 1 0 0 1 2 0 2 0 1 0 2 1 2 0 2 2 0 1 17 17 18 0 2 0 32 32 34 16 17 16 1 0 2 32 33 34 16 17 16 2 1 0 33 33 34 
0
0 0 1 0 0 0 1 0 2 
2 1 0 0 2 0 1 1 1 0 2 0 2 1 1 0 0 0 2 1 0 0 2 1 2 0 2 2 2 1 1 0 0 0 0 0 1 0 0 1 2 0 2 0 1 0 2 1 2 0 2 2 0 1 1 1 2 2 2 0 0 0 2 0 1 0 1 0 2 0 1 2 0 1 0 2 1 0 1 1 2 
2 1 0 0 2 0 17 17 17 0 2 0 2 1 1 16 16 16 2 1 0 0 2 1 18 16 18 2 2 1 1 0 0 0 0 0 1 0 0 1 2 0 2 0 1 0 2 1 2 0 2 2 0 1 17 17 18 2 2 0 32 32 34 16 17 16 1 0 2 32 33 34 16 17 16 2 1 0 33 33 34 
0
0 0 1 0 0 0 1 0 2 
2 1 0 0 2 0 1 1 1 1 2 0 2 1 1 0 0 0 2 1 0 0 2 1 2 0 2 2 2 1 1 0 0 0 0 0 1 0 0 1 2 0 2 0 1 0 2 1 2 0 2 2 0 1 1 1 2 2 2 0 0 0 2 0 1 0 1 0 2 0 1 2 0 1 0 2 1 0 1 1 2 
2 1 0 0 2 0 17 17 17 1 2 0 2 1 1 16 16 16 2 1 0 0 2 1 18 16 18 2 2 1 1 0 0 0 0 0 1 0 0 1 2 0 2 0 1 0 2 1 2 0 2 2 0 1 17 17 18 2 2 0 32 32 34 16 17 16 1 0 2 32 33 34 16 17 16 2 1 0 33 33 34 
0
0 0 1 0 0 0 1 0 2 
2 1 0 0 2 0 1 1 1 1 2 0 2 1 1 0 0 0 2 1 0 0 2 1 2 0 2 2 2 1 1 0 0 0 0 0 1 0 2 1 2 0 2 0 1 0 2 1 2 0 2 2 0 1 1 1 2 2 2 0 0 0 2 0 1 0 1 0 2 0 1 2 0 1 0 2 1 0 1 1 2 
2 1 0 0 2 0 17 17 17 1 2 0 2 1 1 16 16 16 2 1 0 0 2 1 18 16 18 2 2 1 1 0 0 0 0 0 1 0 2 1 2 0 2 0 1 0 2 1 2 0 2 2 0 1 17 17 18 2 2 0 32 32 34 16 17 16 1 0 2 32 33 34 16 17 16 2 1 0 33 33 34 
0
0 0 1 0 0 0 1 0 2 
2 1 0 0 2 0 1 1 1 1 2 0 2 1 1 0 0 0 2 1 0 0 2 1 2 0 2 2 2 1 1 0 0 1 0 0 1 0 2 1 2 0 2 0 1 0 2 1 2 0 2 2 0 1 1 1 2 2 2 0 0 0 2 0 1 0 1 0 2 0 1 2 0 1 0 2 1 0 1 1 2 
2 1 0 0 2 0 17 17 17 1 2 0 2 1 1 16 16 16 2 1 0 0 2 1 18 16 18 2 2 1 1 0 0 1 0 0 1 0 2 1 2 0 2 0 1 0 2 1 2 0 2 2 0 1 17 17 18 2 2 0 32 32 34 16 17 16 1 0 2 32 33 34 16 17 16 2 1 0 33 33 34 
0
0 0 1 0 0 0 1 0 2 
2 1 0 0 2 0 1 1 1 1 2 2 2 1 1 0 0 0 2 1 0 0 2 1 2 0 2 2 2 1 1 0 0 1 0 0 1 0 2 1 2 0 2 0 1 0 2 1 2 0 2 2 0 1 1 1 2 2 2 0 0 0 2 0 1 0 1 0 2 0 1 2 0 1 0 2 1 0 1 1 2 
2 1 0 0 2 0 17 17 17 1 2 2 2 1 1 16 16 16 2 1 0 0 2 1 18 16 18 2 2 1 1 0 0 1 0 0 1 0 2 1 2 0 2 0 1 0 2 1 2 0 2 2 0 1 17 17 18 2 2 0 32 32 34 16 17 16 1 0 2 32 33 34 16 17 16 2 1 0 33 33 34 
0
0 0 1 0 0 0 1 0 2 
2 1 0 0 2 0 1 1 1 1 2 2 2 1 1 0 0 0 2 1 0 0 2 1 2 0 2 2 2 1 1 0 0 1 0 0 1 0 2 1 2 0 2 0 1 0 2 1 2 0 2 2 1 1 1 1 2 2 2 0 0 0 2 0 1 0 1 0 2 0 1 2 0 1 0 2 1 0 1 1 2 
2 1 0 0 2 0 17 17 17 1 2 2 2 1 1 16 16 16 2 1 0 0 2 1 18 16 18 2 2 1 1 0 0 1 0 0 1 0 2 1 2 0 2 0 1 0 2 1 2 0 2 2 1 1 17 17 18 2 2 0 32 32 34 16 17 16 1 0 2 32 33 34 16 17 16 2 1 0 33 33 34 
0
0 0 1 0 0 0 1 2 2 
2 1 0 0 2 0 1 1 1 1 2 2 2 1 1 0 0 0 2 1 0 0 2 1 2 0 2 2 2 1 1 0 0 1 0 0 1 0 2 1 2 0 2 0 1 0 2 1 2 0 2 2 1 1 1 1 2 2 2 2 0 0 2 0 1 0 1 0 2 0 1 2 0 1 0 2 1 0 1 1 2 
2 1 0 0 2 0 17 17 17 1 2 2 2 1 1 16 16 16 2 1 0 0 2 1 18 16 18 2 2 1 1 0 0 1 0 0 1 0 2 1 2 0 2 0 1 0 2 1 2 0 2 2 1 1 17 17 18 34 34 34 32 32 34 16 17 16 33 32 34 32 33 34 16 17 16 34 33 32 33 33 34 
0
0 0 1 0 0 0 1 2 2 
2 1 1 0 2 0 1 1 1 1 2 2 2 1 1 0 0 0 2 1 0 0 2 1 2 0 2 2 2 1 1 0 0 1 0 0 1 0 2 1 2 0 2 0 1 0 2 1 2 0 2 2 1 1 1 1 2 2 2 2 0 0 2 0 1 0 1 0 2 0 1 2 0 1 0 2 1 0 1 1 2 
2 1 1 0 2 0 17 17 17 1 2 2 2 1 1 16 16 16 2 1 0 0 2 1 18 16 18 2 2 1 1 0 0 1 0 0 1 0 2 1 2 0 2 0 1 0 2 1 2 0 2 2 1 1 17 17 18 34 34 34 32 32 34 16 17 16 33 32 34 32 33 34 16 17 16 34 33 32 33 33 34 
0
0 0 1 0 0 0 1 2 2 
2 1 1 0 2 0 1 1 1 1 2 2 2 1 1 0 0 0 2 1 0 0 2 1 2 0 2 2 2 1 1 2 0 1 0 0 1 0 2 1 2 0 2 0 1 0 2 1 2 0 2 2 1 1 1 1 2 2 2 2 0 0 2 0 1 0 1 0 2 0 1 2 0 1 0 2 1 0 1 1 2 
2 1 1 0 2 0 17 17 17 1 2 2 2 1 1 16 16 16 2 1 0 0 2 1 18 16 18 2 2 1 1 2 0 1 0 0 1 0 2 1 2 0 2 0 1 0 2 1 2 0 2 2 1 1 17 17 18 34 34 34 32 32 34 16 17 16 33 32 34 32 33 34 16 17 16 34 33 32 33 33 34 
0
0 1 1 0 0 0 1 2 2 
2 1 1 1 2 0 1 1 1 1 2 2 2 1 1 0 0 0 2 1 0 0 2 1 2 0 2 2 2 1 1 2 0 1 0 0 1 0 2 1 2 0 2 0 1 0 2 1 2 0 2 2 1 1 1 1 2 2 2 2 0 0 2 0 1 0 1 0 2 0 1 2 0 1 0 2 1 0 1 1 2 
2 1 1 17 18 16 17 17 17 1 2 2 18 17 17 16 16 16 2 1 0 16 18 17 18 16 18 2 2 1 1 2 0 1 0 0 1 0 2 1 2 0 2 0 1 0 2 1 2 0 2 2 1 1 17 17 18 34 34 34 32 32 34 16 17 16 33 32 34 32 33 34 16 17 16 34 33 32 33 33 34 
0
2 1 1 0 0 0 1 2 2 
2 1 1 1 2 0 1 1 1 1 2 2 2 1 1 0 0 0 2 1 2 0 2 1 2 0 2 2 2 1 1 2 0 1 0 0 1 0 2 1 2 0 2 0 1 0 2 1 2 0 2 2 1 1 1 1 2 2 2 2 0 0 2 0 1 0 1 0 2 0 1 2 0 1 0 2 1 0 1 1 2 
34 33 33 17 18 16 17 17 17 33 34 34 18 17 17 16 16 16 34 33 34 16 18 17 18 16 18 2 2 1 1 2 0 1 0 0 1 0 2 1 2 0 2 0 1 0 2 1 2 0 2 2 1 1 17 17 18 34 34 34 32 32 34 16 17 16 33 32 34 32 33 34 16 17 16 34 33 32 33 33 34 
0
2 1 1 0 0 0 1 2 2 
2 1 1 1 2 0 1 1 1 1 2 2 2 1 1 0 0 0 2 1 2 0 2 1 2 0 2 2 2 1 1 2 0 1 0 0 1 1 2 1 2 0 2 0 1 0 2 1 2 0 2 2 1 1 1 1 2 2 2 2 0 0 2 0 1 0 1 0 2 0 1 2 0 1 0 2 1 0 1 1 2 
34 33 33 17 18 16 17 17 17 33 34 34 18 17 17 16 16 16 34 33 34 16 18 17 18 16 18 2 2 1 1 2 0 1 0 0 1 1 2 1 2 0 2 0 1 0 2 1 2 0 2 2 1 1 17 17 18 34 34 34 32 32 34 16 17 16 33 32 34 32 33 34 16 17 16 34 33 32 33 33 34 
0
2 1 1 0 2 0 1 2 2 
2 1 1 1 2 0 1 1 1 1 2 2 2 1 1 0 0 0 2 1 2 0 2 1 2 0 2 2 2 1 1 2 2 1 0 0 1 1 2 1 2 0 2 0 1 0 2 1 2 0 2 2 1 1 1 1 2 2 2 2 0 0 2 0 1 0 1 0 2 0 1 2 0 1 0 2 1 0 1 1 2 
34 33 33 17 18 16 17 17 17 33 34 34 18 17 17 16 16 16 34 33 34 16 18 17 18 16 18 2 2 1 33 34 34 1 0 0 1 1 2 33 34 32 2 0 1 0 2 1 34 32 34 2 1 1 17 17 18 34 34 34 32 32 34 16 17 16 33 32 34 32 33 34 16 17 16 34 33 32 33 33 34 
0
2 1 1 0 2 0 1 2 2 
2 1 1 1 2 0 1 1 1 1 2 2 2 1 1 0 0 0 2 1 2 0 2 1 2 0 2 2 2 1 1 2 2 1 0 0 1 1 2 1 2 0 2 0 1 0 2 1 2 0 2 2 1 1 1 1 2 2 2 2 0 0 2 0 1 0 1 0 2 0 1 2 0 1 0 2 1 0 1 1 2 
34 33 33 17 18 16 17 17 17 33 34 34 18 17 17 16 16 16 34 33 34 16 18 17 18 16 18 2 2 1 33 34 34 1 0 0 1 1 2 33 34 32 2 0 1 0 2 1 34 32 34 2 1 1 17 17 18 34 34 34 32 32 34 16 17 16 33 32 34 32 33 34 16 17 16 34 33 32 33 33 34 
0
