0 0 0 0 0 0 0 0 0 
0 0 0 0 0 0 0 0 0 0 0 0 0 0 0 0 0 0 0 0 0 0 0 0 0 0 0 0 0 0 0 0 0 0 0 0 0 0 0 0 1 0 0 0 0 0 0 0 0 0 0 0 0 0 0 0 0 0 0 0 0 0 0 0 0 0 0 0 0 0 0 0 0 0 0 0 0 0 0 0 0 
0 0 0 0 0 0 0 0 0 0 0 0 0 0 0 0 0 0 0 0 0 0 0 0 0 0 0 0 0 0 0 0 0 0 0 0 0 0 0 0 1 0 0 0 0 0 0 0 0 0 0 0 0 0 0 0 0 0 0 0 0 0 0 0 0 0 0 0 0 0 0 0 0 0 0 0 0 0 0 0 0 
0
0 0 0 0 0 0 0 0 0 
0 0 0 0 0 0 0 0 0 0 0 0 0 0 0 0 0 0 0 0 0 0 0 0 0 0 0 0 0 0 0 0 0 0 0 0 0 0 0 0 1 0 0 0 0 0 0 0 0 0 2 0 0 0 0 0 0 0 0 0 0 0 0 0 0 0 0 0 0 0 0 0 0 0 0 0 0 0 0 0 0 
0 0 0 0 0 0 0 0 0 0 0 0 0 0 0 0 0 0 0 0 0 0 0 0 0 0 0 0 0 0 0 0 0 0 0 0 0 0 0 0 1 0 0 0 0 0 0 0 0 0 2 0 0 0 0 0 0 0 0 0 0 0 0 0 0 0 0 0 0 0 0 0 0 0 0 0 0 0 0 0 0 
0
0 0 0 0 0 0 0 0 0 
0 0 0 0 0 0 0 0 0 0 0 0 0 0 0 0 0 0 0 0 0 0 0 0 0 0 0 0 0 0 0 0 0 0 0 0 0 0 0 0 1 0 0 0 0 0 0 0 0 0 2 0 0 0 0 0 0 0 0 0 0 0 0 0 0 0 0 0 0 0 0 1 0 0 0 0 0 0 0 0 0 
0 0 0 0 0 0 0 0 0 0 0 0 0 0 0 0 0 0 0 0 0 0 0 0 0 0 0 0 0 0 0 0 0 0 0 0 0 0 0 0 1 0 0 0 0 0 0 0 0 0 2 0 0 0 0 0 0 0 0 0 0 0 0 0 0 0 0 0 0 0 0 1 0 0 0 0 0 0 0 0 0 
0
0 0 0 0 0 0 0 0 0 
0 0 0 0 0 0 0 0 0 0 0 0 0 0 0 0 0 0 0 0 0 0 0 0 0 0 0 0 0 0 0 0 0 0 0 0 0 0 0 0 1 0 0 0 0 0 0 0 0 0 2 0 2 0 0 0 0 0 0 0 0 0 0 0 0 0 0 0 0 0 0 1 0 0 0 0 0 0 0 0 0 
0 0 0 0 0 0 0 0 0 0 0 0 0 0 0 0 0 0 0 0 0 0 0 0 0 0 0 0 0 0 0 0 0 0 0 0 0 0 0 0 1 0 0 0 0 0 0 0 0 0 2 0 2 0 0 0 0 0 0 0 0 0 0 0 0 0 0 0 0 0 0 1 0 0 0 0 0 0 0 0 0 
0
0 0 0 0 0 0 0 0 0 
0 0 0 0 0 0 0 0 0 0 0 0 0 0 0 0 0 0 0 0 0 0 0 0 0 0 0 0 0 0 0 0 0 0 0 0 0 0 0 0 1 0 0 0 0 0 0 0 0 0 2 0 2 0 0 0 0 0 0 0 0 0 0 0 0 0 0 0 0 0 0 1 0 0 0 0 0 1 0 0 0 
0 0 0 0 0 0 0 0 0 0 0 0 0 0 0 0 0 0 0 0 0 0 0 0 0 0 0 0 0 0 0 0 0 0 0 0 0 0 0 0 1 0 0 0 0 0 0 0 0 0 2 0 2 0 0 0 0 0 0 0 0 0 0 0 0 0 0 0 0 0 0 1 0 0 0 0 0 1 0 0 0 
0
0 0 0 0 0 0 0 0 0 
0 0 0 0 0 0 0 0 0 0 0 0 0 0 0 0 0 0 0 0 0 0 0 0 0 0 0 0 0 0 0 0 0 0 0 0 0 0 0 0 1 0 0 0 0 0 0 0 0 0 2 0 2 0 0 0 0 0 0 0 0 0 0 0 0 0 0 0 0 0 0 1 0 0 0 0 0 1 2 0 0 
0 0 0 0 0 0 0 0 0 0 0 0 0 0 0 0 0 0 0 0 0 0 0 0 0 0 0 0 0 0 0 0 0 0 0 0 0 0 0 0 1 0 0 0 0 0 0 0 0 0 2 0 2 0 0 0 0 0 0 0 0 0 0 0 0 0 0 0 0 0 0 1 0 0 0 0 0 1 2 0 0 
0
0 0 0 0 0 0 0 0 0 
0 0 0 0 0 0 0 0 0 0 0 0 0 0 0 0 0 0 0 0 0 0 0 0 0 0 0 0 0 0 0 0 0 0 0 0 0 0 0 0 1 0 0 0 0 0 0 0 0 0 2 0 2 0 0 0 0 0 0 0 0 0 0 0 0 0 0 0 0 0 0 1 1 0 0 0 0 1 2 0 0 
0 0 0 0 0 0 0 0 0 0 0 0 0 0 0 0 0 0 0 0 0 0 0 0 0 0 0 0 0 0 0 0 0 0 0 0 0 0 0 0 1 0 0 0 0 0 0 0 0 0 2 0 2 0 0 0 0 0 0 0 0 0 0 0 0 0 0 0 0 0 0 1 1 0 0 0 0 1 2 0 0 
0
0 0 0 0 0 0 0 0 0 
0 0 0 0 0 0 0 0 0 0 0 0 0 0 0 0 0 0 0 0 0 0 0 0 0 0 0 0 0 0 0 0 0 0 0 0 0 0 0 0 1 0 0 0 0 0 0 0 0 0 2 0 2 0 0 0 0 0 0 0 0 0 0 0 0 2 0 0 0 0 0 1 1 0 0 0 0 1 2 0 0 
0 0 0 0 0 0 0 0 0 0 0 0 0 0 0 0 0 0 0 0 0 0 0 0 0 0 0 0 0 0 0 0 0 0 0 0 0 0 0 0 1 0 0 0 0 0 0 0 0 0 2 0 2 0 0 0 0 0 0 0 0 0 0 0 0 2 0 0 0 0 0 1 1 0 0 0 0 1 2 0 0 
0
0 0 0 0 0 0 0 0 0 
0 0 0 0 0 0 0 0 0 0 0 0 0 0 0 0 0 0 0 0 0 0 0 0 0 0 0 0 0 0 0 0 0 0 0 0 0 0 0 0 1 0 1 0 0 0 0 0 0 0 2 0 2 0 0 0 0 0 0 0 0 0 0 0 0 2 0 0 0 0 0 1 1 0 0 0 0 1 2 0 0 
0 0 0 0 0 0 0 0 0 0 0 0 0 0 0 0 0 0 0 0 0 0 0 0 0 0 0 0 0 0 0 0 0 0 0 0 0 0 0 0 1 0 1 0 0 0 0 0 0 0 2 0 2 0 0 0 0 0 0 0 0 0 0 0 0 2 0 0 0 0 0 1 1 0 0 0 0 1 2 0 0 
0
0 0 0 0 0 0 0 0 0 
0 0 0 0 0 0 0 0 0 0 0 0 0 0 0 0 0 0 0 0 0 0 0 0 0 0 0 0 0 2 0 0 0 0 0 0 0 0 0 0 1 0 1 0 0 0 0 0 0 0 2 0 2 0 0 0 0 0 0 0 0 0 0 0 0 2 0 0 0 0 0 1 1 0 0 0 0 1 2 0 0 
0 0 0 0 0 0 0 0 0 0 0 0 0 0 0 0 0 0 0 0 0 0 0 0 0 0 0 0 0 2 0 0 0 0 0 0 0 0 0 0 1 0 1 0 0 0 0 0 0 0 2 0 2 0 0 0 0 0 0 0 0 0 0 0 0 2 0 0 0 0 0 1 1 0 0 0 0 1 2 0 0 
0
0 0 0 0 0 0 0 0 0 
0 0 0 0 0 0 1 0 0 0 0 0 0 0 0 0 0 0 0 0 0 0 0 0 0 0 0 0 0 2 0 0 0 0 0 0 0 0 0 0 1 0 1 0 0 0 0 0 0 0 2 0 2 0 0 0 0 0 0 0 0 0 0 0 0 2 0 0 0 0 0 1 1 0 0 0 0 1 2 0 0 
0 0 0 0 0 0 1 0 0 0 0 0 0 0 0 0 0 0 0 0 0 0 0 0 0 0 0 0 0 2 0 0 0 0 0 0 0 0 0 0 1 0 1 0 0 0 0 0 0 0 2 0 2 0 0 0 0 0 0 0 0 0 0 0 0 2 0 0 0 0 0 1 1 0 0 0 0 1 2 0 0 
0
0 0 0 0 0 0 0 0 0 
0 0 0 0 0 0 1 0 0 2 0 0 0 0 0 0 0 0 0 0 0 0 0 0 0 0 0 0 0 2 0 0 0 0 0 0 0 0 0 0 1 0 1 0 0 0 0 0 0 0 2 0 2 0 0 0 0 0 0 0 0 0 0 0 0 2 0 0 0 0 0 1 1 0 0 0 0 1 2 0 0 
0 0 0 0 0 0 1 0 0 2 0 0 0 0 0 0 0 0 0 0 0 0 0 0 0 0 0 0 0 2 0 0 0 0 0 0 0 0 0 0 1 0 1 0 0 0 0 0 0 0 2 0 2 0 0 0 0 0 0 0 0 0 0 0 0 2 0 0 0 0 0 1 1 0 0 0 0 1 2 0 0 
0
0 0 0 0 0 0 0 0 0 
0 0 0 0 0 0 1 0 0 2 0 0 0 0 0 0 0 0 0 0 0 0 0 0 0 0 0 0 0 2 0 0 0 0 0 0 0 0 1 0 1 0 1 0 0 0 0 0 0 0 2 0 2 0 0 0 0 0 0 0 0 0 0 0 0 2 0 0 0 0 0 1 1 0 0 0 0 1 2 0 0 
0 0 0 0 0 0 1 0 0 2 0 0 0 0 0 0 0 0 0 0 0 0 0 0 0 0 0 0 0 2 0 0 0 0 0 0 0 0 1 0 1 0 1 0 0 0 0 0 0 0 2 0 2 0 0 0 0 0 0 0 0 0 0 0 0 2 0 0 0 0 0 1 1 0 0 0 0 1 2 0 0 
0
0 0 0 0 0 0 0 0 0 
0 0 0 0 0 0 1 0 0 2 0 0 0 0 0 0 0 0 0 0 0 0 0 0 0 0 0 0 0 2 0 0 0 0 2 0 0 0 1 0 1 0 1 0 0 0 0 0 0 0 2 0 2 0 0 0 0 0 0 0 0 0 0 0 0 2 0 0 0 0 0 1 1 0 0 0 0 1 2 0 0 
0 0 0 0 0 0 1 0 0 2 0 0 0 0 0 0 0 0 0 0 0 0 0 0 0 0 0 0 0 2 0 0 0 0 2 0 0 0 1 0 1 0 1 0 0 0 0 0 0 0 2 0 2 0 0 0 0 0 0 0 0 0 0 0 0 2 0 0 0 0 0 1 1 0 0 0 0 1 2 0 0 
0
0 0 0 0 0 0 0 0 0 
0 0 0 0 0 1 1 0 0 2 0 0 0 0 0 0 0 0 0 0 0 0 0 0 0 0 0 0 0 2 0 0 0 0 2 0 0 0 1 0 1 0 1 0 0 0 0 0 0 0 2 0 2 0 0 0 0 0 0 0 0 0 0 0 0 2 0 0 0 0 0 1 1 0 0 0 0 1 2 0 0 
0 0 0 0 0 1 1 0 0 2 0 0 0 0 0 0 0 0 0 0 0 0 0 0 0 0 0 0 0 2 0 0 0 0 2 0 0 0 1 0 1 0 1 0 0 0 0 0 0 0 2 0 2 0 0 0 0 0 0 0 0 0 0 0 0 2 0 0 0 0 0 1 1 0 0 0 0 1 2 0 0 
0
0 0 0 0 0 0 0 0 0 
0 0 0 0 0 1 1 0 0 2 0 0 0 0 0 0 0 0 0 0 0 0 0 0 0 0 2 0 0 2 0 0 0 0 2 0 0 0 1 0 1 0 1 0 0 0 0 0 0 0 2 0 2 0 0 0 0 0 0 0 0 0 0 0 0 2 0 0 0 0 0 1 1 0 0 0 0 1 2 0 0 
0 0 0 0 0 1 1 0 0 2 0 0 0 0 0 0 0 0 0 0 0 0 0 0 0 0 2 0 0 2 0 0 0 0 2 0 0 0 1 0 1 0 1 0 0 0 0 0 0 0 2 0 2 0 0 0 0 0 0 0 0 0 0 0 0 2 0 0 0 0 0 1 1 0 0 0 0 1 2 0 0 
0
0 0 0 0 0 0 0 0 0 
0 0 0 0 0 1 1 0 0 2 0 0 0 0 0 0 0 0 0 0 0 0 0 0 0 0 2 0 0 2 0 0 0 0 2 0 0 0 1 0 1 0 1 0 0 0 0 0 0 0 2 0 2 0 0 0 0 0 0 0 1 0 0 0 0 2 0 0 0 0 0 1 1 0 0 0 0 1 2 0 0 
0 0 0 0 0 1 1 0 0 2 0 0 0 0 0 0 0 0 0 0 0 0 0 0 0 0 2 0 0 2 0 0 0 0 2 0 0 0 1 0 1 0 1 0 0 0 0 0 0 0 2 0 2 0 0 0 0 0 0 0 1 0 0 0 0 2 0 0 0 0 0 1 1 0 0 0 0 1 2 0 0 
0
0 0 0 0 0 0 0 0 0 
2 0 0 0 0 1 1 0 0 2 0 0 0 0 0 0 0 0 0 0 0 0 0 0 0 0 2 0 0 2 0 0 0 0 2 0 0 0 1 0 1 0 1 0 0 0 0 0 0 0 2 0 2 0 0 0 0 0 0 0 1 0 0 0 0 2 0 0 0 0 0 1 1 0 0 0 0 1 2 0 0 
2 0 0 0 0 1 1 0 0 2 0 0 0 0 0 0 0 0 0 0 0 0 0 0 0 0 2 0 0 2 0 0 0 0 2 0 0 0 1 0 1 0 1 0 0 0 0 0 0 0 2 0 2 0 0 0 0 0 0 0 1 0 0 0 0 2 0 0 0 0 0 1 1 0 0 0 0 1 2 0 0 
0
0 0 0 0 0 0 0 0 0 
2 0 0 0 0 1 1 0 0 2 0 0 0 0 0 0 0 0 1 0 0 0 0 0 0 0 2 0 0 2 0 0 0 0 2 0 0 0 1 0 1 0 1 0 0 0 0 0 0 0 2 0 2 0 0 0 0 0 0 0 1 0 0 0 0 2 0 0 0 0 0 1 1 0 0 0 0 1 2 0 0 
2 0 0 0 0 1 1 0 0 2 0 0 0 0 0 0 0 0 1 0 0 0 0 0 0 0 2 0 0 2 0 0 0 0 2 0 0 0 1 0 1 0 1 0 0 0 0 0 0 0 2 0 2 0 0 0 0 0 0 0 1 0 0 0 0 2 0 0 0 0 0 1 1 0 0 0 0 1 2 0 0 
0
0 0 0 0 0 0 0 0 0 
2 0 0 0 0 1 1 0 0 2 0 0 0 0 0 0 0 0 1 0 0 0 0 0 0 0 2 0 0 2 0 0 0 0 2 0 0 0 1 0 1 0 1 0 0 0 0 0 0 0 2 0 2 0 0 0 0 0 0 0 1 0 0 2 0 2 0 0 0 0 0 1 1 0 0 0 0 1 2 0 0 
2 0 0 0 0 1 1 0 0 2 0 0 0 0 0 0 0 0 1 0 0 0 0 0 0 0 2 0 0 2 0 0 0 0 2 0 0 0 1 0 1 0 1 0 0 0 0 0 0 0 2 0 2 0 0 0 0 0 0 0 1 0 0 2 0 2 0 0 0 0 0 1 1 0 0 0 0 1 2 0 0 
0
0 0 0 0 0 0 0 0 0 
2 0 0 0 0 1 1 0 0 2 0 0 0 0 0 0 0 0 1 0 0 0 0 0 0 0 2 0 0 2 0 0 0 0 2 0 1 0 1 0 1 0 1 0 0 0 0 0 0 0 2 0 2 0 0 0 0 0 0 0 1 0 0 2 0 2 0 0 0 0 0 1 1 0 0 0 0 1 2 0 0 
2 0 0 0 0 1 1 0 0 2 0 0 0 0 0 0 0 0 1 0 0 0 0 0 0 0 2 0 0 2 0 0 0 0 2 0 1 0 1 0 1 0 1 0 0 0 0 0 0 0 2 0 2 0 0 0 0 0 0 0 1 0 0 2 0 2 0 0 0 0 0 1 1 0 0 0 0 1 2 0 0 
0
0 0 0 0 0 0 0 0 0 
2 0 0 0 0 1 1 0 0 2 0 0 0 0 0 0 0 0 1 0 0 0 0 0 0 0 2 0 0 2 0 0 0 0 2 0 1 2 1 0 1 0 1 0 0 0 0 0 0 0 2 0 2 0 0 0 0 0 0 0 1 0 0 2 0 2 0 0 0 0 0 1 1 0 0 0 0 1 2 0 0 
2 0 0 0 0 1 1 0 0 2 0 0 0 0 0 0 0 0 1 0 0 0 0 0 0 0 2 0 0 2 0 0 0 0 2 0 1 2 1 0 1 0 1 0 0 0 0 0 0 0 2 0 2 0 0 0 0 0 0 0 1 0 0 2 0 2 0 0 0 0 0 1 1 0 0 0 0 1 2 0 0 
0
0 0 0 0 0 0 0 0 0 
2 0 0 0 0 1 1 0 0 2 0 0 0 0 0 0 0 0 1 0 0 0 0 0 0 0 2 0 0 2 0 0 0 0 2 0 1 2 1 0 1 1 1 0 0 0 0 0 0 0 2 0 2 0 0 0 0 0 0 0 1 0 0 2 0 2 0 0 0 0 0 1 1 0 0 0 0 1 2 0 0 
2 0 0 0 0 1 1 0 0 2 0 0 0 0 0 0 0 0 1 0 0 0 0 0 0 0 2 0 0 2 0 0 0 0 2 0 1 2 1 0 1 1 1 0 0 0 0 0 0 0 2 0 2 0 0 0 0 0 0 0 1 0 0 2 0 2 0 0 0 0 0 1 1 0 0 0 0 1 2 0 0 
0
0 0 0 0 0 2 0 0 0 
2 0 0 0 0 1 1 0 0 2 0 0 0 0 0 0 0 0 1 0 0 0 0 0 0 0 2 0 0 2 0 0 0 0 2 0 1 2 1 0 1 1 1 2 0 0 0 0 0 0 2 0 2 0 0 0 0 0 0 0 1 0 0 2 0 2 0 0 0 0 0 1 1 0 0 0 0 1 2 0 0 
2 0 0 0 0 1 1 0 0 2 0 0 0 0 0 0 0 0 1 0 0 0 0 0 0 0 2 0 0 2 0 0 0 32 34 32 1 2 1 0 1 1 33 34 32 0 0 0 0 0 2 32 34 32 0 0 0 0 0 0 1 0 0 2 0 2 0 0 0 0 0 1 1 0 0 0 0 1 2 0 0 
0
0 0 0 0 1 2 0 0 0 
2 0 0 0 0 1 1 0 0 2 0 0 0 0 0 0 0 0 1 0 0 0 0 0 0 0 2 0 0 2 0 0 0 0 2 0 1 2 1 1 1 1 1 2 0 0 0 0 0 0 2 0 2 0 0 0 0 0 0 0 1 0 0 2 0 2 0 0 0 0 0 1 1 0 0 0 0 1 2 0 0 
2 0 0 0 0 1 1 0 0 2 0 0 0 0 0 0 0 0 1 0 0 0 0 0 0 0 2 0 0 2 16 16 16 32 34 32 1 2 1 17 17 17 33 34 32 0 0 0 16 16 18 32 34 32 0 0 0 0 0 0 1 0 0 2 0 2 0 0 0 0 0 1 1 0 0 0 0 1 2 0 0 
0
0 0 0 2 1 2 0 0 0 
2 0 0 0 0 1 1 0 0 2 0 0 0 0 0 0 0 0 1 0 0 0 0 0 0 0 2 0 0 2 0 0 0 0 2 0 1 2 1 1 1 1 1 2 0 2 0 0 0 0 2 0 2 0 0 0 0 0 0 0 1 0 0 2 0 2 0 0 0 0 0 1 1 0 0 0 0 1 2 0 0 
2 0 0 0 0 1 1 0 0 2 0 0 0 0 0 0 0 0 1 0 0 0 0 0 0 0 2 32 32 34 16 16 16 32 34 32 33 34 33 17 17 17 33 34 32 34 32 32 16 16 18 32 34 32 0 0 0 0 0 0 1 0 0 2 0 2 0 0 0 0 0 1 1 0 0 0 0 1 2 0 0 
0
0 0 0 2 1 2 0 0 0 
2 0 0 0 0 1 1 0 0 2 0 0 0 0 0 0 0 0 1 0 0 0 0 0 0 0 2 0 0 2 0 0 0 0 2 0 1 2 1 1 1 1 1 2 0 2 0 0 0 0 2 0 2 0 0 1 0 0 0 0 1 0 0 2 0 2 0 0 0 0 0 1 1 0 0 0 0 1 2 0 0 
2 0 0 0 0 1 1 0 0 2 0 0 0 0 0 0 0 0 1 0 0 0 0 0 0 0 2 32 32 34 16 16 16 32 34 32 33 34 33 17 17 17 33 34 32 34 32 32 16 16 18 32 34 32 0 1 0 0 0 0 1 0 0 2 0 2 0 0 0 0 0 1 1 0 0 0 0 1 2 0 0 
0
0 0 0 2 1 2 0 0 0 
2 0 0 0 0 1 1 0 0 2 0 0 0 0 0 0 0 0 1 0 0 0 2 0 0 0 2 0 0 2 0 0 0 0 2 0 1 2 1 1 1 1 1 2 0 2 0 0 0 0 2 0 2 0 0 1 0 0 0 0 1 0 0 2 0 2 0 0 0 0 0 1 1 0 0 0 0 1 2 0 0 
2 0 0 0 0 1 1 0 0 2 0 0 0 0 0 0 0 0 1 0 0 0 2 0 0 0 2 32 32 34 16 16 16 32 34 32 33 34 33 17 17 17 33 34 32 34 32 32 16 16 18 32 34 32 0 1 0 0 0 0 1 0 0 2 0 2 0 0 0 0 0 1 1 0 0 0 0 1 2 0 0 
0
0 0 0 2 1 2 0 0 0 
2 0 0 0 0 1 1 0 0 2 0 0 0 0 0 0 0 0 1 0 0 0 2 0 0 0 2 0 0 2 0 0 0 0 2 0 1 2 1 1 1 1 1 2 0 2 0 0 0 0 2 0 2 0 0 1 0 0 0 0 1 0 0 2 0 2 0 1 0 0 0 1 1 0 0 0 0 1 2 0 0 
2 0 0 0 0 1 1 0 0 2 0 0 0 0 0 0 0 0 1 0 0 0 2 0 0 0 2 32 32 34 16 16 16 32 34 32 33 34 33 17 17 17 33 34 32 34 32 32 16 16 18 32 34 32 0 1 0 0 0 0 1 0 0 2 0 2 0 1 0 0 0 1 1 0 0 0 0 1 2 0 0 
0
0 0 0 2 1 2 0 0 0 
2 0 0 0 0 1 1 0 2 2 0 0 0 0 0 0 0 0 1 0 0 0 2 0 0 0 2 0 0 2 0 0 0 0 2 0 1 2 1 1 1 1 1 2 0 2 0 0 0 0 2 0 2 0 0 1 0 0 0 0 1 0 0 2 0 2 0 1 0 0 0 1 1 0 0 0 0 1 2 0 0 
2 0 0 0 0 1 1 0 2 2 0 0 0 0 0 0 0 0 1 0 0 0 2 0 0 0 2 32 32 34 16 16 16 32 34 32 33 34 33 17 17 17 33 34 32 34 32 32 16 16 18 32 34 32 0 1 0 0 0 0 1 0 0 2 0 2 0 1 0 0 0 1 1 0 0 0 0 1 2 0 0 
0
0 0 0 2 1 2 0 0 0 
2 0 0 0 0 1 1 0 2 2 0 0 0 0 0 0 0 0 1 0 0 0 2 0 0 1 2 0 0 2 0 0 0 0 2 0 1 2 1 1 1 1 1 2 0 2 0 0 0 0 2 0 2 0 0 1 0 0 0 0 1 0 0 2 0 2 0 1 0 0 0 1 1 0 0 0 0 1 2 0 0 
2 0 0 0 0 1 1 0 2 2 0 0 0 0 0 0 0 0 1 0 0 0 2 0 0 1 2 32 32 34 16 16 16 32 34 32 33 34 33 17 17 17 33 34 32 34 32 32 16 16 18 32 34 32 0 1 0 0 0 0 1 0 0 2 0 2 0 1 0 0 0 1 1 0 0 0 0 1 2 0 0 
0
0 0 0 2 1 2 0 0 0 
2 0 0 0 0 1 1 0 2 2 0 0 0 0 0 0 0 0 1 0 0 0 2 0 0 1 2 0 0 2 0 0 0 0 2 0 1 2 1 1 1 1 1 2 0 2 0 0 0 0 2 0 2 0 0 1 0 2 0 0 1 0 0 2 0 2 0 1 0 0 0 1 1 0 0 0 0 1 2 0 0 
2 0 0 0 0 1 1 0 2 2 0 0 0 0 0 0 0 0 1 0 0 0 2 0 0 1 2 32 32 34 16 16 16 32 34 32 33 34 33 17 17 17 33 34 32 34 32 32 16 16 18 32 34 32 0 1 0 2 0 0 1 0 0 2 0 2 0 1 0 0 0 1 1 0 0 0 0 1 2 0 0 
0
0 0 0 2 1 2 0 0 0 
2 0 0 0 0 1 1 0 2 2 0 0 0 0 0 0 0 0 1 1 0 0 2 0 0 1 2 0 0 2 0 0 0 0 2 0 1 2 1 1 1 1 1 2 0 2 0 0 0 0 2 0 2 0 0 1 0 2 0 0 1 0 0 2 0 2 0 1 0 0 0 1 1 0 0 0 0 1 2 0 0 
2 0 0 0 0 1 1 0 2 2 0 0 0 0 0 0 0 0 1 1 0 0 2 0 0 1 2 32 32 34 16 16 16 32 34 32 33 34 33 17 17 17 33 34 32 34 32 32 16 16 18 32 34 32 0 1 0 2 0 0 1 0 0 2 0 2 0 1 0 0 0 1 1 0 0 0 0 1 2 0 0 
0
0 0 0 2 1 2 0 0 0 
2 0 0 0 0 1 1 0 2 2 0 0 0 0 0 0 0 0 1 1 0 0 2 0 0 1 2 0 0 2 0 0 0 0 2 0 1 2 1 1 1 1 1 2 0 2 0 0 0 0 2 0 2 0 0 1 0 2 0 0 1 0 0 2 0 2 0 1 0 0 0 1 1 0 0 2 0 1 2 0 0 
2 0 0 0 0 1 1 0 2 2 0 0 0 0 0 0 0 0 1 1 0 0 2 0 0 1 2 32 32 34 16 16 16 32 34 32 33 34 33 17 17 17 33 34 32 34 32 32 16 16 18 32 34 32 0 1 0 2 0 0 1 0 0 2 0 2 0 1 0 0 0 1 1 0 0 2 0 1 2 0 0 
0
0 0 0 2 1 2 0 0 0 
2 0 0 0 0 1 1 0 2 2 0 0 0 0 0 0 0 0 1 1 0 0 2 0 0 1 2 0 0 2 0 0 0 0 2 0 1 2 1 1 1 1 1 2 0 2 0 0 0 0 2 0 2 0 1 1 0 2 0 0 1 0 0 2 0 2 0 1 0 0 0 1 1 0 0 2 0 1 2 0 0 
2 0 0 0 0 1 1 0 2 2 0 0 0 0 0 0 0 0 1 1 0 0 2 0 0 1 2 32 32 34 16 16 16 32 34 32 33 34 33 17 17 17 33 34 32 34 32 32 16 16 18 32 34 32 1 1 0 2 0 0 1 0 0 2 0 2 0 1 0 0 0 1 1 0 0 2 0 1 2 0 0 
0
0 0 0 2 1 2 0 0 0 
2 0 0 0 0 1 1 0 2 2 0 0 0 0 0 0 0 0 1 1 2 0 2 0 0 1 2 0 0 2 0 0 0 0 2 0 1 2 1 1 1 1 1 2 0 2 0 0 0 0 2 0 2 0 1 1 0 2 0 0 1 0 0 2 0 2 0 1 0 0 0 1 1 0 0 2 0 1 2 0 0 
2 0 0 0 0 1 1 0 2 2 0 0 0 0 0 0 0 0 1 1 2 0 2 0 0 1 2 32 32 34 16 16 16 32 34 32 33 34 33 17 17 17 33 34 32 34 32 32 16 16 18 32 34 32 1 1 0 2 0 0 1 0 0 2 0 2 0 1 0 0 0 1 1 0 0 2 0 1 2 0 0 
0
0 0 0 2 1 2 0 0 0 
2 0 0 0 0 1 1 0 2 2 0 0 0 0 0 0 0 0 1 1 2 0 2 0 0 1 2 0 0 2 0 0 0 0 2 0 1 2 1 1 1 1 1 2 0 2 0 0 0 0 2 0 2 0 1 1 0 2 0 0 1 0 1 2 0 2 0 1 0 0 0 1 1 0 0 2 0 1 2 0 0 
2 0 0 0 0 1 1 0 2 2 0 0 0 0 0 0 0 0 1 1 2 0 2 0 0 1 2 32 32 34 16 16 16 32 34 32 33 34 33 17 17 17 33 34 32 34 32 32 16 16 18 32 34 32 1 1 0 2 0 0 1 0 1 2 0 2 0 1 0 0 0 1 1 0 0 2 0 1 2 0 0 
0
0 0 2 2 1 2 0 0 0 
2 0 0 0 0 1 1 0 2 2 0 0 0 0 0 0 0 2 1 1 2 0 2 0 0 1 2 0 0 2 0 0 0 0 2 0 1 2 1 1 1 1 1 2 0 2 0 0 0 0 2 0 2 0 1 1 0 2 0 0 1 0 1 2 0 2 0 1 0 0 0 1 1 0 0 2 0 1 2 0 0 
2 0 0 0 0 1 33 32 34 2 0 0 0 0 0 32 32 34 1 1 2 0 2 0 32 33 34 32 32 34 16 16 16 32 34 32 33 34 33 17 17 17 33 34 32 34 32 32 16 16 18 32 34 32 1 1 0 2 0 0 1 0 1 2 0 2 0 1 0 0 0 1 1 0 0 2 0 1 2 0 0 
0
0 0 2 2 1 2 0 0 0 
2 0 0 0 0 1 1 0 2 2 1 0 0 0 0 0 0 2 1 1 2 0 2 0 0 1 2 0 0 2 0 0 0 0 2 0 1 2 1 1 1 1 1 2 0 2 0 0 0 0 2 0 2 0 1 1 0 2 0 0 1 0 1 2 0 2 0 1 0 0 0 1 1 0 0 2 0 1 2 0 0 
2 0 0 0 0 1 33 32 34 2 1 0 0 0 0 32 32 34 1 1 2 0 2 0 32 33 34 32 32 34 16 16 16 32 34 32 33 34 33 17 17 17 33 34 32 34 32 32 16 16 18 32 34 32 1 1 0 2 0 0 1 0 1 2 0 2 0 1 0 0 0 1 1 0 0 2 0 1 2 0 0 
0
0 0 2 2 1 2 0 0 0 
2 0 0 0 0 1 1 0 2 2 1 0 0 0 0 0 0 2 1 1 2 0 2 0 0 1 2 0 0 2 0 0 0 0 2 0 1 2 1 1 1 1 1 2 0 2 0 0 0 0 2 0 2 0 1 1 0 2 0 0 1 0 1 2 0 2 0 1 0 0 0 1 1 0 0 2 2 1 2 0 0 
2 0 0 0 0 1 33 32 34 2 1 0 0 0 0 32 32 34 1 1 2 0 2 0 32 33 34 32 32 34 16 16 16 32 34 32 33 34 33 17 17 17 33 34 32 34 32 32 16 16 18 32 34 32 1 1 0 2 0 0 1 0 1 2 0 2 0 1 0 0 0 1 1 0 0 2 2 1 2 0 0 
0
0 0 2 2 1 2 0 0 0 
2 0 0 0 0 1 1 0 2 2 1 0 0 0 0 0 0 2 1 1 2 0 2 0 0 1 2 0 0 2 0 0 0 0 2 0 1 2 1 1 1 1 1 2 0 2 0 0 0 0 2 0 2 0 1 1 0 2 0 0 1 0 1 2 0 2 0 1 1 0 0 1 1 0 0 2 2 1 2 0 0 
2 0 0 0 0 1 33 32 34 2 1 0 0 0 0 32 32 34 1 1 2 0 2 0 32 33 34 32 32 34 16 16 16 32 34 32 33 34 33 17 17 17 33 34 32 34 32 32 16 16 18 32 34 32 1 1 0 2 0 0 1 0 1 2 0 2 0 1 1 0 0 1 1 0 0 2 2 1 2 0 0 
0
0 0 2 2 1 2 0 0 0 
2 0 0 0 0 1 1 0 2 2 1 0 0 0 0 0 0 2 1 1 2 0 2 0 0 1 2 0 0 2 0 0 0 0 2 0 1 2 1 1 1 1 1 2 0 2 0 0 0 0 2 0 2 0 1 1 0 2 0 0 1 0 1 2 0 2 0 1 1 0 0 1 1 0 0 2 2 1 2 2 0 
2 0 0 0 0 1 33 32 34 2 1 0 0 0 0 32 32 34 1 1 2 0 2 0 32 33 34 32 32 34 16 16 16 32 34 32 33 34 33 17 17 17 33 34 32 34 32 32 16 16 18 32 34 32 1 1 0 2 0 0 1 0 1 2 0 2 0 1 1 0 0 1 1 0 0 2 2 1 2 2 0 
0
0 0 2 2 1 2 0 0 0 
2 0 0 0 0 1 1 0 2 2 1 0 0 0 0 0 0 2 1 1 2 0 2 0 0 1 2 0 0 2 0 0 0 0 2 0 1 2 1 1 1 1 1 2 0 2 0 0 0 0 2 0 2 0 1 1 0 2 1 0 1 0 1 2 0 2 0 1 1 0 0 1 1 0 0 2 2 1 2 2 0 
2 0 0 0 0 1 33 32 34 2 1 0 0 0 0 32 32 34 1 1 2 0 2 0 32 33 34 32 32 34 16 16 16 32 34 32 33 34 33 17 17 17 33 34 32 34 32 32 16 16 18 32 34 32 1 1 0 2 1 0 1 0 1 2 0 2 0 1 1 0 0 1 1 0 0 2 2 1 2 2 0 
0
0 0 2 2 1 2 0 0 0 
2 0 0 0 2 1 1 0 2 2 1 0 0 0 0 0 0 2 1 1 2 0 2 0 0 1 2 0 0 2 0 0 0 0 2 0 1 2 1 1 1 1 1 2 0 2 0 0 0 0 2 0 2 0 1 1 0 2 1 0 1 0 1 2 0 2 0 1 1 0 0 1 1 0 0 2 2 1 2 2 0 
2 0 0 0 2 1 33 32 34 2 1 0 0 0 0 32 32 34 1 1 2 0 2 0 32 33 34 32 32 34 16 16 16 32 34 32 33 34 33 17 17 17 33 34 32 34 32 32 16 16 18 32 34 32 1 1 0 2 1 0 1 0 1 2 0 2 0 1 1 0 0 1 1 0 0 2 2 1 2 2 0 
0
0 0 2 2 1 2 0 0 0 
2 0 0 1 2 1 1 0 2 2 1 0 0 0 0 0 0 2 1 1 2 0 2 0 0 1 2 0 0 2 0 0 0 0 2 0 1 2 1 1 1 1 1 2 0 2 0 0 0 0 2 0 2 0 1 1 0 2 1 0 1 0 1 2 0 2 0 1 1 0 0 1 1 0 0 2 2 1 2 2 0 
2 0 0 1 2 1 33 32 34 2 1 0 0 0 0 32 32 34 1 1 2 0 2 0 32 33 34 32 32 34 16 16 16 32 34 32 33 34 33 17 17 17 33 34 32 34 32 32 16 16 18 32 34 32 1 1 0 2 1 0 1 0 1 2 0 2 0 1 1 0 0 1 1 0 0 2 2 1 2 2 0 
0
0 0 2 2 1 2 0 0 0 
2 2 0 1 2 1 1 0 2 2 1 0 0 0 0 0 0 2 1 1 2 0 2 0 0 1 2 0 0 2 0 0 0 0 2 0 1 2 1 1 1 1 1 2 0 2 0 0 0 0 2 0 2 0 1 1 0 2 1 0 1 0 1 2 0 2 0 1 1 0 0 1 1 0 0 2 2 1 2 2 0 
2 2 0 1 2 1 33 32 34 2 1 0 0 0 0 32 32 34 1 1 2 0 2 0 32 33 34 32 32 34 16 16 16 32 34 32 33 34 33 17 17 17 33 34 32 34 32 32 16 16 18 32 34 32 1 1 0 2 1 0 1 0 1 2 0 2 0 1 1 0 0 1 1 0 0 2 2 1 2 2 0 
0
0 0 2 2 1 2 0 0 0 
2 2 0 1 2 1 1 0 2 2 1 0 0 0 0 0 0 2 1 1 2 1 2 0 0 1 2 0 0 2 0 0 0 0 2 0 1 2 1 1 1 1 1 2 0 2 0 0 0 0 2 0 2 0 1 1 0 2 1 0 1 0 1 2 0 2 0 1 1 0 0 1 1 0 0 2 2 1 2 2 0 
2 2 0 1 2 1 33 32 34 2 1 0 0 0 0 32 32 34 1 1 2 1 2 0 32 33 34 32 32 34 16 16 16 32 34 32 33 34 33 17 17 17 33 34 32 34 32 32 16 16 18 32 34 32 1 1 0 2 1 0 1 0 1 2 0 2 0 1 1 0 0 1 1 0 0 2 2 1 2 2 0 
0
0 0 2 2 1 2 0 0 0 
2 2 0 1 2 1 1 0 2 2 1 0 0 0 0 0 0 2 1 1 2 1 2 0 0 1 2 0 0 2 0 0 0 0 2 0 1 2 1 1 1 1 1 2 0 2 0 0 0 0 2 0 2 0 1 1 0 2 1 0 1 0 1 2 0 2 0 1 1 0 0 1 1 2 0 2 2 1 2 2 0 
2 2 0 1 2 1 33 32 34 2 1 0 0 0 0 32 32 34 1 1 2 1 2 0 32 33 34 32 32 34 16 16 16 32 34 32 33 34 33 17 17 17 33 34 32 34 32 32 16 16 18 32 34 32 1 1 0 2 1 0 1 0 1 2 0 2 0 1 1 0 0 1 1 2 0 2 2 1 2 2 0 
0
0 0 2 2 1 2 0 1 0 
2 2 0 1 2 1 1 0 2 2 1 0 0 0 0 0 0 2 1 1 2 1 2 0 0 1 2 0 0 2 0 0 0 0 2 0 1 2 1 1 1 1 1 2 0 2 0 0 0 0 2 0 2 0 1 1 0 2 1 1 1 0 1 2 0 2 0 1 1 0 0 1 1 2 0 2 2 1 2 2 0 
2 2 0 1 2 1 33 32 34 2 1 0 0 0 0 32 32 34 1 1 2 1 2 0 32 33 34 32 32 34 16 16 16 32 34 32 33 34 33 17 17 17 33 34 32 34 32 32 16 16 18 32 34 32 1 1 0 18 17 17 1 0 1 2 0 2 16 17 17 0 0 1 1 2 0 18 18 17 2 2 0 
0
0 2 2 2 1 2 0 1 0 
2 2 0 1 2 1 1 0 2 2 1 0 0 2 0 0 0 2 1 1 2 1 2 0 0 1 2 0 0 2 0 0 0 0 2 0 1 2 1 1 1 1 1 2 0 2 0 0 0 0 2 0 2 0 1 1 0 2 1 1 1 0 1 2 0 2 0 1 1 0 0 1 1 2 0 2 2 1 2 2 0 
2 2 0 33 34 33 33 32 34 2 1 0 32 34 32 32 32 34 1 1 2 33 34 32 32 33 34 32 32 34 16 16 16 32 34 32 33 34 33 17 17 17 33 34 32 34 32 32 16 16 18 32 34 32 1 1 0 18 17 17 1 0 1 2 0 2 16 17 17 0 0 1 1 2 0 18 18 17 2 2 0 
0
1 2 2 2 1 2 0 1 0 
2 2 1 1 2 1 1 0 2 2 1 0 0 2 0 0 0 2 1 1 2 1 2 0 0 1 2 0 0 2 0 0 0 0 2 0 1 2 1 1 1 1 1 2 0 2 0 0 0 0 2 0 2 0 1 1 0 2 1 1 1 0 1 2 0 2 0 1 1 0 0 1 1 2 0 2 2 1 2 2 0 
18 18 17 33 34 33 33 32 34 18 17 16 32 34 32 32 32 34 17 17 18 33 34 32 32 33 34 32 32 34 16 16 16 32 34 32 33 34 33 17 17 17 33 34 32 34 32 32 16 16 18 32 34 32 1 1 0 18 17 17 1 0 1 2 0 2 16 17 17 0 0 1 1 2 0 18 18 17 2 2 0 
0
1 2 2 2 1 2 0 1 2 
2 2 1 1 2 1 1 0 2 2 1 0 0 2 0 0 0 2 1 1 2 1 2 0 0 1 2 0 0 2 0 0 0 0 2 0 1 2 1 1 1 1 1 2 0 2 0 0 0 0 2 0 2 0 1 1 0 2 1 1 1 0 1 2 0 2 0 1 1 0 0 1 1 2 0 2 2 1 2 2 2 
18 18 17 33 34 33 33 32 34 18 17 16 32 34 32 32 32 34 17 17 18 33 34 32 32 33 34 32 32 34 16 16 16 32 34 32 33 34 33 17 17 17 33 34 32 34 32 32 16 16 18 32 34 32 1 1 0 18 17 17 33 32 33 2 0 2 16 17 17 32 32 33 1 2 0 18 18 17 34 34 34 
0
1 2 2 2 1 2 0 1 2 
2 2 1 1 2 1 1 0 2 2 1 0 0 2 0 0 0 2 1 1 2 1 2 0 0 1 2 0 0 2 0 0 0 0 2 0 1 2 1 1 1 1 1 2 0 2 0 0 0 0 2 0 2 0 1 1 0 2 1 1 1 0 1 2 0 2 0 1 1 0 0 1 1 2 0 2 2 1 2 2 2 
18 18 17 33 34 33 33 32 34 18 17 16 32 34 32 32 32 34 17 17 18 33 34 32 32 33 34 32 32 34 16 16 16 32 34 32 33 34 33 17 17 17 33 34 32 34 32 32 16 16 18 32 34 32 1 1 0 18 17 17 33 32 33 2 0 2 16 17 17 32 32 33 1 2 0 18 18 17 34 34 34 
0
