0 0 0 0 0 0 0 0 0 
0 0 0 0 0 0 0 0 0 0 0 0 0 0 0 0 0 0 0 0 0 0 0 0 0 0 0 0 0 0 0 0 0 0 0 0 0 0 0 0 1 0 0 0 0 0 0 0 0 0 0 0 0 0 0 0 0 0 0 0 0 0 0 0 0 0 0 0 0 0 0 0 0 0 0 0 0 0 0 0 0 
0 0 0 0 0 0 0 0 0 0 0 0 0 0 0 0 0 0 0 0 0 0 0 0 0 0 0 0 0 0 0 0 0 0 0 0 0 0 0 0 1 0 0 0 0 0 0 0 0 0 0 0 0 0 0 0 0 0 0 0 0 0 0 0 0 0 0 0 0 0 0 0 0 0 0 0 0 0 0 0 0 
0
0 0 0 0 0 0 0 0 0 
0 0 0 0 0 0 0 0 0 0 0 0 0 0 0 0 0 0 0 0 0 0 0 0 0 0 0 0 0 0 0 0 0 0 0 0 0 0 0 0 1 0 0 0 0 0 0 0 0 0 2 0 0 0 0 0 0 0 0 0 0 0 0 0 0 0 0 0 0 0 0 0 0 0 0 0 0 0 0 0 0 
0 0 0 0 0 0 0 0 0 0 0 0 0 0 0 0 0 0 0 0 0 0 0 0 0 0 0 0 0 0 0 0 0 0 0 0 0 0 0 0 1 0 0 0 0 0 0 0 0 0 2 0 0 0 0 0 0 0 0 0 0 0 0 0 0 0 0 0 0 0 0 0 0 0 0 0 0 0 0 0 0 
0
0 0 0 0 0 0 0 0 0 
0 0 0 0 0 0 0 0 0 0 0 0 0 0 0 0 0 0 0 0 0 0 0 0 0 0 0 0 0 0 0 0 0 0 0 0 0 0 0 0 1 0 0 0 0 0 0 0 0 0 2 0 0 0 0 0 0 0 0 0 0 0 0 0 0 0 0 0 0 0 0 0 0 0 0 0 0 0 0 0 1 
0 0 0 0 0 0 0 0 0 0 0 0 0 0 0 0 0 0 0 0 0 0 0 0 0 0 0 0 0 0 0 0 0 0 0 0 0 0 0 0 1 0 0 0 0 0 0 0 0 0 2 0 0 0 0 0 0 0 0 0 0 0 0 0 0 0 0 0 0 0 0 0 0 0 0 0 0 0 0 0 1 
0
0 0 0 0 0 0 0 0 0 
0 0 0 0 0 0 0 0 0 0 0 0 0 0 0 0 0 0 0 0 0 0 0 0 0 0 0 0 0 0 0 0 0 0 0 0 0 0 0 0 1 0 0 0 0 0 0 0 0 0 2 0 0 0 0 0 0 0 0 0 0 0 0 0 0 0 0 0 0 0 0 0 0 0 0 0 0 0 0 2 1 
0 0 0 0 0 0 0 0 0 0 0 0 0 0 0 0 0 0 0 0 0 0 0 0 0 0 0 0 0 0 0 0 0 0 0 0 0 0 0 0 1 0 0 0 0 0 0 0 0 0 2 0 0 0 0 0 0 0 0 0 0 0 0 0 0 0 0 0 0 0 0 0 0 0 0 0 0 0 0 2 1 
0
0 0 0 0 0 0 0 0 0 
0 0 0 0 0 0 0 0 0 0 0 0 0 0 0 0 0 0 0 0 0 0 0 0 0 0 0 0 0 0 0 0 0 0 0 0 0 0 0 0 1 0 0 0 0 0 0 0 0 0 2 0 0 0 0 0 0 1 0 0 0 0 0 0 0 0 0 0 0 0 0 0 0 0 0 0 0 0 0 2 1 
0 0 0 0 0 0 0 0 0 0 0 0 0 0 0 0 0 0 0 0 0 0 0 0 0 0 0 0 0 0 0 0 0 0 0 0 0 0 0 0 1 0 0 0 0 0 0 0 0 0 2 0 0 0 0 0 0 1 0 0 0 0 0 0 0 0 0 0 0 0 0 0 0 0 0 0 0 0 0 2 1 
0
0 0 0 0 0 0 0 0 0 
2 0 0 0 0 0 0 0 0 0 0 0 0 0 0 0 0 0 0 0 0 0 0 0 0 0 0 0 0 0 0 0 0 0 0 0 0 0 0 0 1 0 0 0 0 0 0 0 0 0 2 0 0 0 0 0 0 1 0 0 0 0 0 0 0 0 0 0 0 0 0 0 0 0 0 0 0 0 0 2 1 
2 0 0 0 0 0 0 0 0 0 0 0 0 0 0 0 0 0 0 0 0 0 0 0 0 0 0 0 0 0 0 0 0 0 0 0 0 0 0 0 1 0 0 0 0 0 0 0 0 0 2 0 0 0 0 0 0 1 0 0 0 0 0 0 0 0 0 0 0 0 0 0 0 0 0 0 0 0 0 2 1 
0
0 0 0 0 0 0 0 0 0 
2 0 1 0 0 0 0 0 0 0 0 0 0 0 0 0 0 0 0 0 0 0 0 0 0 0 0 0 0 0 0 0 0 0 0 0 0 0 0 0 1 0 0 0 0 0 0 0 0 0 2 0 0 0 0 0 0 1 0 0 0 0 0 0 0 0 0 0 0 0 0 0 0 0 0 0 0 0 0 2 1 
2 0 1 0 0 0 0 0 0 0 0 0 0 0 0 0 0 0 0 0 0 0 0 0 0 0 0 0 0 0 0 0 0 0 0 0 0 0 0 0 1 0 0 0 0 0 0 0 0 0 2 0 0 0 0 0 0 1 0 0 0 0 0 0 0 0 0 0 0 0 0 0 0 0 0 0 0 0 0 2 1 
0
0 0 0 0 0 0 0 0 0 
2 0 1 0 0 0 0 0 0 0 0 0 0 0 0 0 0 0 0 0 0 0 0 0 2 0 0 0 0 0 0 0 0 0 0 0 0 0 0 0 1 0 0 0 0 0 0 0 0 0 2 0 0 0 0 0 0 1 0 0 0 0 0 0 0 0 0 0 0 0 0 0 0 0 0 0 0 0 0 2 1 
2 0 1 0 0 0 0 0 0 0 0 0 0 0 0 0 0 0 0 0 0 0 0 0 2 0 0 0 0 0 0 0 0 0 0 0 0 0 0 0 1 0 0 0 0 0 0 0 0 0 2 0 0 0 0 0 0 1 0 0 0 0 0 0 0 0 0 0 0 0 0 0 0 0 0 0 0 0 0 2 1 
0
0 0 0 0 0 0 0 0 0 
2 0 1 0 0 0 0 0 0 0 0 0 0 0 0 0 0 0 0 0 0 0 0 0 2 0 0 0 0 0 0 0 0 0 0 0 0 0 0 0 1 0 0 0 0 0 0 0 0 0 2 0 0 0 0 0 0 1 0 0 0 0 0 0 0 1 0 0 0 0 0 0 0 0 0 0 0 0 0 2 1 
2 0 1 0 0 0 0 0 0 0 0 0 0 0 0 0 0 0 0 0 0 0 0 0 2 0 0 0 0 0 0 0 0 0 0 0 0 0 0 0 1 0 0 0 0 0 0 0 0 0 2 0 0 0 0 0 0 1 0 0 0 0 0 0 0 1 0 0 0 0 0 0 0 0 0 0 0 0 0 2 1 
0
0 0 0 0 0 0 0 0 0 
2 0 1 0 0 0 0 0 0 0 0 0 0 0 0 0 0 0 0 0 0 0 0 0 2 0 0 0 0 0 0 0 0 0 0 0 0 0 0 0 1 0 0 0 2 0 0 0 0 0 2 0 0 0 0 0 0 1 0 0 0 0 0 0 0 1 0 0 0 0 0 0 0 0 0 0 0 0 0 2 1 
2 0 1 0 0 0 0 0 0 0 0 0 0 0 0 0 0 0 0 0 0 0 0 0 2 0 0 0 0 0 0 0 0 0 0 0 0 0 0 0 1 0 0 0 2 0 0 0 0 0 2 0 0 0 0 0 0 1 0 0 0 0 0 0 0 1 0 0 0 0 0 0 0 0 0 0 0 0 0 2 1 
0
0 0 0 0 0 0 0 0 0 
2 0 1 0 0 0 0 0 0 0 0 0 0 0 0 0 0 0 0 0 0 0 0 0 2 0 0 0 0 0 0 0 0 0 0 0 0 0 0 0 1 0 1 0 2 0 0 0 0 0 2 0 0 0 0 0 0 1 0 0 0 0 0 0 0 1 0 0 0 0 0 0 0 0 0 0 0 0 0 2 1 
2 0 1 0 0 0 0 0 0 0 0 0 0 0 0 0 0 0 0 0 0 0 0 0 2 0 0 0 0 0 0 0 0 0 0 0 0 0 0 0 1 0 1 0 2 0 0 0 0 0 2 0 0 0 0 0 0 1 0 0 0 0 0 0 0 1 0 0 0 0 0 0 0 0 0 0 0 0 0 2 1 
0
0 0 0 0 0 0 0 0 0 
2 0 1 0 0 0 0 0 0 0 0 0 0 0 0 0 0 0 0 0 0 0 0 0 2 0 0 0 0 0 0 0 0 0 0 0 2 0 0 0 1 0 1 0 2 0 0 0 0 0 2 0 0 0 0 0 0 1 0 0 0 0 0 0 0 1 0 0 0 0 0 0 0 0 0 0 0 0 0 2 1 
2 0 1 0 0 0 0 0 0 0 0 0 0 0 0 0 0 0 0 0 0 0 0 0 2 0 0 0 0 0 0 0 0 0 0 0 2 0 0 0 1 0 1 0 2 0 0 0 0 0 2 0 0 0 0 0 0 1 0 0 0 0 0 0 0 1 0 0 0 0 0 0 0 0 0 0 0 0 0 2 1 
0
0 0 0 0 0 0 0 0 0 
2 0 1 0 0 0 0 0 0 0 0 0 0 0 0 0 0 0 0 0 0 0 0 0 2 0 0 0 0 0 0 0 0 0 0 0 2 0 0 0 1 0 1 0 2 1 0 0 0 0 2 0 0 0 0 0 0 1 0 0 0 0 0 0 0 1 0 0 0 0 0 0 0 0 0 0 0 0 0 2 1 
2 0 1 0 0 0 0 0 0 0 0 0 0 0 0 0 0 0 0 0 0 0 0 0 2 0 0 0 0 0 0 0 0 0 0 0 2 0 0 0 1 0 1 0 2 1 0 0 0 0 2 0 0 0 0 0 0 1 0 0 0 0 0 0 0 1 0 0 0 0 0 0 0 0 0 0 0 0 0 2 1 
0
0 0 0 0 0 0 0 0 0 
2 0 1 0 0 0 0 0 0 0 0 0 0 0 0 0 0 0 0 0 0 0 0 0 2 0 0 0 0 0 0 0 0 0 0 0 2 0 0 0 1 0 1 0 2 1 0 0 0 0 2 0 0 0 0 0 2 1 0 0 0 0 0 0 0 1 0 0 0 0 0 0 0 0 0 0 0 0 0 2 1 
2 0 1 0 0 0 0 0 0 0 0 0 0 0 0 0 0 0 0 0 0 0 0 0 2 0 0 0 0 0 0 0 0 0 0 0 2 0 0 0 1 0 1 0 2 1 0 0 0 0 2 0 0 0 0 0 2 1 0 0 0 0 0 0 0 1 0 0 0 0 0 0 0 0 0 0 0 0 0 2 1 
0
0 0 0 0 0 0 0 0 0 
2 0 1 0 0 0 0 1 0 0 0 0 0 0 0 0 0 0 0 0 0 0 0 0 2 0 0 0 0 0 0 0 0 0 0 0 2 0 0 0 1 0 1 0 2 1 0 0 0 0 2 0 0 0 0 0 2 1 0 0 0 0 0 0 0 1 0 0 0 0 0 0 0 0 0 0 0 0 0 2 1 
2 0 1 0 0 0 0 1 0 0 0 0 0 0 0 0 0 0 0 0 0 0 0 0 2 0 0 0 0 0 0 0 0 0 0 0 2 0 0 0 1 0 1 0 2 1 0 0 0 0 2 0 0 0 0 0 2 1 0 0 0 0 0 0 0 1 0 0 0 0 0 0 0 0 0 0 0 0 0 2 1 
0
0 0 0 0 0 0 0 0 0 
2 0 1 0 0 0 0 1 0 0 0 0 0 0 2 0 0 0 0 0 0 0 0 0 2 0 0 0 0 0 0 0 0 0 0 0 2 0 0 0 1 0 1 0 2 1 0 0 0 0 2 0 0 0 0 0 2 1 0 0 0 0 0 0 0 1 0 0 0 0 0 0 0 0 0 0 0 0 0 2 1 
2 0 1 0 0 0 0 1 0 0 0 0 0 0 2 0 0 0 0 0 0 0 0 0 2 0 0 0 0 0 0 0 0 0 0 0 2 0 0 0 1 0 1 0 2 1 0 0 0 0 2 0 0 0 0 0 2 1 0 0 0 0 0 0 0 1 0 0 0 0 0 0 0 0 0 0 0 0 0 2 1 
0
0 0 0 0 0 0 0 0 0 
2 0 1 0 0 0 0 1 0 0 0 0 0 0 2 0 0 0 0 0 0 0 0 0 2 0 0 0 0 0 0 0 0 1 0 0 2 0 0 0 1 0 1 0 2 1 0 0 0 0 2 0 0 0 0 0 2 1 0 0 0 0 0 0 0 1 0 0 0 0 0 0 0 0 0 0 0 0 0 2 1 
2 0 1 0 0 0 0 1 0 0 0 0 0 0 2 0 0 0 0 0 0 0 0 0 2 0 0 0 0 0 0 0 0 1 0 0 2 0 0 0 1 0 1 0 2 1 0 0 0 0 2 0 0 0 0 0 2 1 0 0 0 0 0 0 0 1 0 0 0 0 0 0 0 0 0 0 0 0 0 2 1 
0
0 0 0 0 0 0 0 0 0 
2 0 1 0 0 0 0 1 0 2 0 0 0 0 2 0 0 0 0 0 0 0 0 0 2 0 0 0 0 0 0 0 0 1 0 0 2 0 0 0 1 0 1 0 2 1 0 0 0 0 2 0 0 0 0 0 2 1 0 0 0 0 0 0 0 1 0 0 0 0 0 0 0 0 0 0 0 0 0 2 1 
2 0 1 0 0 0 0 1 0 2 0 0 0 0 2 0 0 0 0 0 0 0 0 0 2 0 0 0 0 0 0 0 0 1 0 0 2 0 0 0 1 0 1 0 2 1 0 0 0 0 2 0 0 0 0 0 2 1 0 0 0 0 0 0 0 1 0 0 0 0 0 0 0 0 0 0 0 0 0 2 1 
0
0 0 0 0 0 0 0 0 0 
2 0 1 0 0 0 0 1 0 2 0 0 0 0 2 0 0 0 0 0 0 0 0 0 2 0 0 0 0 0 0 0 0 1 0 0 2 1 0 0 1 0 1 0 2 1 0 0 0 0 2 0 0 0 0 0 2 1 0 0 0 0 0 0 0 1 0 0 0 0 0 0 0 0 0 0 0 0 0 2 1 
2 0 1 0 0 0 0 1 0 2 0 0 0 0 2 0 0 0 0 0 0 0 0 0 2 0 0 0 0 0 0 0 0 1 0 0 2 1 0 0 1 0 1 0 2 1 0 0 0 0 2 0 0 0 0 0 2 1 0 0 0 0 0 0 0 1 0 0 0 0 0 0 0 0 0 0 0 0 0 2 1 
0
0 0 0 0 0 0 0 0 0 
2 0 1 0 0 0 0 1 0 2 0 0 0 0 2 0 0 0 0 0 0 0 0 0 2 0 0 0 0 0 0 0 0 1 0 0 2 1 0 0 1 0 1 0 2 1 0 0 0 2 2 0 0 0 0 0 2 1 0 0 0 0 0 0 0 1 0 0 0 0 0 0 0 0 0 0 0 0 0 2 1 
2 0 1 0 0 0 0 1 0 2 0 0 0 0 2 0 0 0 0 0 0 0 0 0 2 0 0 0 0 0 0 0 0 1 0 0 2 1 0 0 1 0 1 0 2 1 0 0 0 2 2 0 0 0 0 0 2 1 0 0 0 0 0 0 0 1 0 0 0 0 0 0 0 0 0 0 0 0 0 2 1 
0
0 0 0 0 0 0 0 0 0 
2 0 1 0 0 0 0 1 0 2 0 0 0 0 2 0 0 0 0 0 0 0 0 0 2 0 0 0 0 0 0 0 0 1 0 0 2 1 0 0 1 0 1 0 2 1 0 0 0 2 2 0 0 0 0 0 2 1 1 0 0 0 0 0 0 1 0 0 0 0 0 0 0 0 0 0 0 0 0 2 1 
2 0 1 0 0 0 0 1 0 2 0 0 0 0 2 0 0 0 0 0 0 0 0 0 2 0 0 0 0 0 0 0 0 1 0 0 2 1 0 0 1 0 1 0 2 1 0 0 0 2 2 0 0 0 0 0 2 1 1 0 0 0 0 0 0 1 0 0 0 0 0 0 0 0 0 0 0 0 0 2 1 
0
0 0 0 0 0 0 0 0 0 
2 0 1 0 2 0 0 1 0 2 0 0 0 0 2 0 0 0 0 0 0 0 0 0 2 0 0 0 0 0 0 0 0 1 0 0 2 1 0 0 1 0 1 0 2 1 0 0 0 2 2 0 0 0 0 0 2 1 1 0 0 0 0 0 0 1 0 0 0 0 0 0 0 0 0 0 0 0 0 2 1 
2 0 1 0 2 0 0 1 0 2 0 0 0 0 2 0 0 0 0 0 0 0 0 0 2 0 0 0 0 0 0 0 0 1 0 0 2 1 0 0 1 0 1 0 2 1 0 0 0 2 2 0 0 0 0 0 2 1 1 0 0 0 0 0 0 1 0 0 0 0 0 0 0 0 0 0 0 0 0 2 1 
0
0 0 0 0 0 0 0 0 0 
2 0 1 0 2 0 0 1 0 2 0 0 1 0 2 0 0 0 0 0 0 0 0 0 2 0 0 0 0 0 0 0 0 1 0 0 2 1 0 0 1 0 1 0 2 1 0 0 0 2 2 0 0 0 0 0 2 1 1 0 0 0 0 0 0 1 0 0 0 0 0 0 0 0 0 0 0 0 0 2 1 
2 0 1 0 2 0 0 1 0 2 0 0 1 0 2 0 0 0 0 0 0 0 0 0 2 0 0 0 0 0 0 0 0 1 0 0 2 1 0 0 1 0 1 0 2 1 0 0 0 2 2 0 0 0 0 0 2 1 1 0 0 0 0 0 0 1 0 0 0 0 0 0 0 0 0 0 0 0 0 2 1 
0
0 0 0 0 0 0 0 0 0 
2 0 1 0 2 0 0 1 0 2 0 0 1 0 2 0 0 0 0 0 0 0 0 0 2 0 0 0 0 2 0 0 0 1 0 0 2 1 0 0 1 0 1 0 2 1 0 0 0 2 2 0 0 0 0 0 2 1 1 0 0 0 0 0 0 1 0 0 0 0 0 0 0 0 0 0 0 0 0 2 1 
2 0 1 0 2 0 0 1 0 2 0 0 1 0 2 0 0 0 0 0 0 0 0 0 2 0 0 0 0 2 0 0 0 1 0 0 2 1 0 0 1 0 1 0 2 1 0 0 0 2 2 0 0 0 0 0 2 1 1 0 0 0 0 0 0 1 0 0 0 0 0 0 0 0 0 0 0 0 0 2 1 
0
0 0 0 0 0 0 0 0 0 
2 0 1 0 2 0 0 1 0 2 0 0 1 0 2 0 0 0 0 0 0 0 0 0 2 1 0 0 0 2 0 0 0 1 0 0 2 1 0 0 1 0 1 0 2 1 0 0 0 2 2 0 0 0 0 0 2 1 1 0 0 0 0 0 0 1 0 0 0 0 0 0 0 0 0 0 0 0 0 2 1 
2 0 1 0 2 0 0 1 0 2 0 0 1 0 2 0 0 0 0 0 0 0 0 0 2 1 0 0 0 2 0 0 0 1 0 0 2 1 0 0 1 0 1 0 2 1 0 0 0 2 2 0 0 0 0 0 2 1 1 0 0 0 0 0 0 1 0 0 0 0 0 0 0 0 0 0 0 0 0 2 1 
0
0 0 0 0 0 0 0 0 0 
2 0 1 0 2 0 0 1 0 2 0 0 1 0 2 0 0 0 0 0 0 0 0 0 2 1 0 0 0 2 0 0 0 1 0 0 2 1 0 0 1 0 1 0 2 1 0 0 0 2 2 0 0 0 0 0 2 1 1 2 0 0 0 0 0 1 0 0 0 0 0 0 0 0 0 0 0 0 0 2 1 
2 0 1 0 2 0 0 1 0 2 0 0 1 0 2 0 0 0 0 0 0 0 0 0 2 1 0 0 0 2 0 0 0 1 0 0 2 1 0 0 1 0 1 0 2 1 0 0 0 2 2 0 0 0 0 0 2 1 1 2 0 0 0 0 0 1 0 0 0 0 0 0 0 0 0 0 0 0 0 2 1 
0
0 0 0 0 0 0 0 0 0 
2 0 1 0 2 0 0 1 1 2 0 0 1 0 2 0 0 0 0 0 0 0 0 0 2 1 0 0 0 2 0 0 0 1 0 0 2 1 0 0 1 0 1 0 2 1 0 0 0 2 2 0 0 0 0 0 2 1 1 2 0 0 0 0 0 1 0 0 0 0 0 0 0 0 0 0 0 0 0 2 1 
2 0 1 0 2 0 0 1 1 2 0 0 1 0 2 0 0 0 0 0 0 0 0 0 2 1 0 0 0 2 0 0 0 1 0 0 2 1 0 0 1 0 1 0 2 1 0 0 0 2 2 0 0 0 0 0 2 1 1 2 0 0 0 0 0 1 0 0 0 0 0 0 0 0 0 0 0 0 0 2 1 
0
0 0 0 0 0 0 0 0 0 
2 0 1 0 2 0 2 1 1 2 0 0 1 0 2 0 0 0 0 0 0 0 0 0 2 1 0 0 0 2 0 0 0 1 0 0 2 1 0 0 1 0 1 0 2 1 0 0 0 2 2 0 0 0 0 0 2 1 1 2 0 0 0 0 0 1 0 0 0 0 0 0 0 0 0 0 0 0 0 2 1 
2 0 1 0 2 0 2 1 1 2 0 0 1 0 2 0 0 0 0 0 0 0 0 0 2 1 0 0 0 2 0 0 0 1 0 0 2 1 0 0 1 0 1 0 2 1 0 0 0 2 2 0 0 0 0 0 2 1 1 2 0 0 0 0 0 1 0 0 0 0 0 0 0 0 0 0 0 0 0 2 1 
0
0 0 0 0 0 0 0 0 0 
2 0 1 0 2 0 2 1 1 2 0 0 1 0 2 0 0 0 1 0 0 0 0 0 2 1 0 0 0 2 0 0 0 1 0 0 2 1 0 0 1 0 1 0 2 1 0 0 0 2 2 0 0 0 0 0 2 1 1 2 0 0 0 0 0 1 0 0 0 0 0 0 0 0 0 0 0 0 0 2 1 
2 0 1 0 2 0 2 1 1 2 0 0 1 0 2 0 0 0 1 0 0 0 0 0 2 1 0 0 0 2 0 0 0 1 0 0 2 1 0 0 1 0 1 0 2 1 0 0 0 2 2 0 0 0 0 0 2 1 1 2 0 0 0 0 0 1 0 0 0 0 0 0 0 0 0 0 0 0 0 2 1 
0
0 0 0 0 0 0 0 0 0 
2 0 1 0 2 0 2 1 1 2 0 0 1 0 2 0 0 0 1 0 0 0 0 0 2 1 0 0 0 2 0 0 0 1 0 0 2 1 0 0 1 0 1 0 2 1 0 0 0 2 2 0 0 0 0 2 2 1 1 2 0 0 0 0 0 1 0 0 0 0 0 0 0 0 0 0 0 0 0 2 1 
2 0 1 0 2 0 2 1 1 2 0 0 1 0 2 0 0 0 1 0 0 0 0 0 2 1 0 0 0 2 0 0 0 1 0 0 2 1 0 0 1 0 1 0 2 1 0 0 0 2 2 0 0 0 0 2 2 1 1 2 0 0 0 0 0 1 0 0 0 0 0 0 0 0 0 0 0 0 0 2 1 
0
0 0 0 0 0 0 0 0 0 
2 0 1 0 2 0 2 1 1 2 0 0 1 0 2 0 0 0 1 0 0 0 0 1 2 1 0 0 0 2 0 0 0 1 0 0 2 1 0 0 1 0 1 0 2 1 0 0 0 2 2 0 0 0 0 2 2 1 1 2 0 0 0 0 0 1 0 0 0 0 0 0 0 0 0 0 0 0 0 2 1 
2 0 1 0 2 0 2 1 1 2 0 0 1 0 2 0 0 0 1 0 0 0 0 1 2 1 0 0 0 2 0 0 0 1 0 0 2 1 0 0 1 0 1 0 2 1 0 0 0 2 2 0 0 0 0 2 2 1 1 2 0 0 0 0 0 1 0 0 0 0 0 0 0 0 0 0 0 0 0 2 1 
0
0 0 0 0 0 0 0 0 0 
2 0 1 0 2 0 2 1 1 2 0 0 1 0 2 0 0 0 1 0 0 0 0 1 2 1 0 0 0 2 0 0 0 1 0 0 2 1 0 0 1 0 1 0 2 1 0 0 0 2 2 0 0 0 0 2 2 1 1 2 0 2 0 0 0 1 0 0 0 0 0 0 0 0 0 0 0 0 0 2 1 
2 0 1 0 2 0 2 1 1 2 0 0 1 0 2 0 0 0 1 0 0 0 0 1 2 1 0 0 0 2 0 0 0 1 0 0 2 1 0 0 1 0 1 0 2 1 0 0 0 2 2 0 0 0 0 2 2 1 1 2 0 2 0 0 0 1 0 0 0 0 0 0 0 0 0 0 0 0 0 2 1 
0
0 0 0 0 0 0 0 0 0 
2 0 1 0 2 0 2 1 1 2 0 0 1 0 2 0 0 0 1 0 0 0 1 1 2 1 0 0 0 2 0 0 0 1 0 0 2 1 0 0 1 0 1 0 2 1 0 0 0 2 2 0 0 0 0 2 2 1 1 2 0 2 0 0 0 1 0 0 0 0 0 0 0 0 0 0 0 0 0 2 1 
2 0 1 0 2 0 2 1 1 2 0 0 1 0 2 0 0 0 1 0 0 0 1 1 2 1 0 0 0 2 0 0 0 1 0 0 2 1 0 0 1 0 1 0 2 1 0 0 0 2 2 0 0 0 0 2 2 1 1 2 0 2 0 0 0 1 0 0 0 0 0 0 0 0 0 0 0 0 0 2 1 
0
0 0 0 0 0 0 0 0 0 
2 0 1 0 2 0 2 1 1 2 0 0 1 0 2 0 0 0 1 0 0 0 1 1 2 1 0 0 0 2 0 0 0 1 0 0 2 1 0 0 1 0 1 0 2 1 0 0 0 2 2 0 0 0 0 2 2 1 1 2 0 2 0 0 0 1 0 0 0 0 0 0 0 0 0 0 0 2 0 2 1 
2 0 1 0 2 0 2 1 1 2 0 0 1 0 2 0 0 0 1 0 0 0 1 1 2 1 0 0 0 2 0 0 0 1 0 0 2 1 0 0 1 0 1 0 2 1 0 0 0 2 2 0 0 0 0 2 2 1 1 2 0 2 0 0 0 1 0 0 0 0 0 0 0 0 0 0 0 2 0 2 1 
0
0 0 0 0 0 0 0 0 0 
2 0 1 0 2 0 2 1 1 2 0 0 1 0 2 0 0 0 1 0 0 0 1 1 2 1 0 0 0 2 0 0 0 1 0 0 2 1 0 0 1 0 1 0 2 1 0 0 0 2 2 0 0 0 0 2 2 1 1 2 0 2 0 0 0 1 0 0 0 0 0 1 0 0 0 0 0 2 0 2 1 
2 0 1 0 2 0 2 1 1 2 0 0 1 0 2 0 0 0 1 0 0 0 1 1 2 1 0 0 0 2 0 0 0 1 0 0 2 1 0 0 1 0 1 0 2 1 0 0 0 2 2 0 0 0 0 2 2 1 1 2 0 2 0 0 0 1 0 0 0 0 0 1 0 0 0 0 0 2 0 2 1 
0
0 0 0 0 0 0 0 0 0 
2 0 1 0 2 0 2 1 1 2 0 0 1 0 2 0 0 0 1 0 0 0 1 1 2 1 0 0 0 2 0 0 0 1 0 0 2 1 0 0 1 0 1 0 2 1 0 0 0 2 2 0 0 2 0 2 2 1 1 2 0 2 0 0 0 1 0 0 0 0 0 1 0 0 0 0 0 2 0 2 1 
2 0 1 0 2 0 2 1 1 2 0 0 1 0 2 0 0 0 1 0 0 0 1 1 2 1 0 0 0 2 0 0 0 1 0 0 2 1 0 0 1 0 1 0 2 1 0 0 0 2 2 0 0 2 0 2 2 1 1 2 0 2 0 0 0 1 0 0 0 0 0 1 0 0 0 0 0 2 0 2 1 
0
0 0 0 0 0 0 0 0 1 
2 0 1 0 2 0 2 1 1 2 0 0 1 0 2 0 0 0 1 0 0 0 1 1 2 1 0 0 0 2 0 0 0 1 0 0 2 1 0 0 1 0 1 0 2 1 0 0 0 2 2 0 0 2 0 2 2 1 1 2 0 2 1 0 0 1 0 0 0 0 0 1 0 0 0 0 0 2 0 2 1 
2 0 1 0 2 0 2 1 1 2 0 0 1 0 2 0 0 0 1 0 0 0 1 1 2 1 0 0 0 2 0 0 0 1 0 0 2 1 0 0 1 0 1 0 2 1 0 0 0 2 2 0 0 2 0 2 2 1 1 2 16 18 17 0 0 1 0 0 0 16 16 17 0 0 0 0 0 2 16 18 17 
0
0 0 2 0 0 0 0 0 1 
2 0 1 0 2 0 2 1 1 2 0 0 1 0 2 2 0 0 1 0 0 0 1 1 2 1 0 0 0 2 0 0 0 1 0 0 2 1 0 0 1 0 1 0 2 1 0 0 0 2 2 0 0 2 0 2 2 1 1 2 0 2 1 0 0 1 0 0 0 0 0 1 0 0 0 0 0 2 0 2 1 
2 0 1 0 2 0 34 33 33 2 0 0 1 0 2 34 32 32 1 0 0 0 1 1 34 33 32 0 0 2 0 0 0 1 0 0 2 1 0 0 1 0 1 0 2 1 0 0 0 2 2 0 0 2 0 2 2 1 1 2 16 18 17 0 0 1 0 0 0 16 16 17 0 0 0 0 0 2 16 18 17 
0
0 0 2 0 0 0 0 0 1 
2 0 1 0 2 0 2 1 1 2 0 0 1 0 2 2 0 0 1 0 0 0 1 1 2 1 0 1 0 2 0 0 0 1 0 0 2 1 0 0 1 0 1 0 2 1 0 0 0 2 2 0 0 2 0 2 2 1 1 2 0 2 1 0 0 1 0 0 0 0 0 1 0 0 0 0 0 2 0 2 1 
2 0 1 0 2 0 34 33 33 2 0 0 1 0 2 34 32 32 1 0 0 0 1 1 34 33 32 1 0 2 0 0 0 1 0 0 2 1 0 0 1 0 1 0 2 1 0 0 0 2 2 0 0 2 0 2 2 1 1 2 16 18 17 0 0 1 0 0 0 16 16 17 0 0 0 0 0 2 16 18 17 
0
0 0 2 0 0 0 0 0 1 
2 0 1 0 2 0 2 1 1 2 2 0 1 0 2 2 0 0 1 0 0 0 1 1 2 1 0 1 0 2 0 0 0 1 0 0 2 1 0 0 1 0 1 0 2 1 0 0 0 2 2 0 0 2 0 2 2 1 1 2 0 2 1 0 0 1 0 0 0 0 0 1 0 0 0 0 0 2 0 2 1 
2 0 1 0 2 0 34 33 33 2 2 0 1 0 2 34 32 32 1 0 0 0 1 1 34 33 32 1 0 2 0 0 0 1 0 0 2 1 0 0 1 0 1 0 2 1 0 0 0 2 2 0 0 2 0 2 2 1 1 2 16 18 17 0 0 1 0 0 0 16 16 17 0 0 0 0 0 2 16 18 17 
0
0 0 2 0 0 0 0 0 1 
2 0 1 0 2 0 2 1 1 2 2 0 1 0 2 2 0 0 1 0 0 0 1 1 2 1 0 1 0 2 0 1 0 1 0 0 2 1 0 0 1 0 1 0 2 1 0 0 0 2 2 0 0 2 0 2 2 1 1 2 0 2 1 0 0 1 0 0 0 0 0 1 0 0 0 0 0 2 0 2 1 
2 0 1 0 2 0 34 33 33 2 2 0 1 0 2 34 32 32 1 0 0 0 1 1 34 33 32 1 0 2 0 1 0 1 0 0 2 1 0 0 1 0 1 0 2 1 0 0 0 2 2 0 0 2 0 2 2 1 1 2 16 18 17 0 0 1 0 0 0 16 16 17 0 0 0 0 0 2 16 18 17 
0
0 0 2 0 0 0 0 0 1 
2 0 1 2 2 0 2 1 1 2 2 0 1 0 2 2 0 0 1 0 0 0 1 1 2 1 0 1 0 2 0 1 0 1 0 0 2 1 0 0 1 0 1 0 2 1 0 0 0 2 2 0 0 2 0 2 2 1 1 2 0 2 1 0 0 1 0 0 0 0 0 1 0 0 0 0 0 2 0 2 1 
2 0 1 2 2 0 34 33 33 2 2 0 1 0 2 34 32 32 1 0 0 0 1 1 34 33 32 1 0 2 0 1 0 1 0 0 2 1 0 0 1 0 1 0 2 1 0 0 0 2 2 0 0 2 0 2 2 1 1 2 16 18 17 0 0 1 0 0 0 16 16 17 0 0 0 0 0 2 16 18 17 
0
0 0 2 0 0 0 0 0 1 
2 0 1 2 2 0 2 1 1 2 2 1 1 0 2 2 0 0 1 0 0 0 1 1 2 1 0 1 0 2 0 1 0 1 0 0 2 1 0 0 1 0 1 0 2 1 0 0 0 2 2 0 0 2 0 2 2 1 1 2 0 2 1 0 0 1 0 0 0 0 0 1 0 0 0 0 0 2 0 2 1 
2 0 1 2 2 0 34 33 33 2 2 1 1 0 2 34 32 32 1 0 0 0 1 1 34 33 32 1 0 2 0 1 0 1 0 0 2 1 0 0 1 0 1 0 2 1 0 0 0 2 2 0 0 2 0 2 2 1 1 2 16 18 17 0 0 1 0 0 0 16 16 17 0 0 0 0 0 2 16 18 17 
0
0 0 2 0 0 0 0 0 1 
2 0 1 2 2 0 2 1 1 2 2 1 1 0 2 2 0 0 1 0 0 0 1 1 2 1 0 1 0 2 0 1 0 1 2 0 2 1 0 0 1 0 1 0 2 1 0 0 0 2 2 0 0 2 0 2 2 1 1 2 0 2 1 0 0 1 0 0 0 0 0 1 0 0 0 0 0 2 0 2 1 
2 0 1 2 2 0 34 33 33 2 2 1 1 0 2 34 32 32 1 0 0 0 1 1 34 33 32 1 0 2 0 1 0 1 2 0 2 1 0 0 1 0 1 0 2 1 0 0 0 2 2 0 0 2 0 2 2 1 1 2 16 18 17 0 0 1 0 0 0 16 16 17 0 0 0 0 0 2 16 18 17 
0
0 1 2 0 0 0 0 0 1 
2 0 1 2 2 0 2 1 1 2 2 1 1 0 2 2 0 0 1 0 0 1 1 1 2 1 0 1 0 2 0 1 0 1 2 0 2 1 0 0 1 0 1 0 2 1 0 0 0 2 2 0 0 2 0 2 2 1 1 2 0 2 1 0 0 1 0 0 0 0 0 1 0 0 0 0 0 2 0 2 1 
2 0 1 18 18 16 34 33 33 2 2 1 17 16 18 34 32 32 1 0 0 17 17 17 34 33 32 1 0 2 0 1 0 1 2 0 2 1 0 0 1 0 1 0 2 1 0 0 0 2 2 0 0 2 0 2 2 1 1 2 16 18 17 0 0 1 0 0 0 16 16 17 0 0 0 0 0 2 16 18 17 
0
0 1 2 0 0 0 2 0 1 
2 0 1 2 2 0 2 1 1 2 2 1 1 0 2 2 0 0 1 0 0 1 1 1 2 1 0 1 0 2 0 1 0 1 2 0 2 1 0 0 1 0 1 0 2 1 0 0 0 2 2 0 0 2 2 2 2 1 1 2 0 2 1 0 0 1 0 0 0 0 0 1 0 0 0 0 0 2 0 2 1 
2 0 1 18 18 16 34 33 33 2 2 1 17 16 18 34 32 32 1 0 0 17 17 17 34 33 32 1 0 2 0 1 0 1 2 0 2 1 0 0 1 0 1 0 2 1 0 0 0 2 2 0 0 2 34 34 34 1 1 2 16 18 17 32 32 33 0 0 0 16 16 17 32 32 32 0 0 2 16 18 17 
0
0 1 2 0 0 0 2 0 1 
2 0 1 2 2 0 2 1 1 2 2 1 1 0 2 2 0 0 1 1 0 1 1 1 2 1 0 1 0 2 0 1 0 1 2 0 2 1 0 0 1 0 1 0 2 1 0 0 0 2 2 0 0 2 2 2 2 1 1 2 0 2 1 0 0 1 0 0 0 0 0 1 0 0 0 0 0 2 0 2 1 
2 0 1 18 18 16 34 33 33 2 2 1 17 16 18 34 32 32 1 1 0 17 17 17 34 33 32 1 0 2 0 1 0 1 2 0 2 1 0 0 1 0 1 0 2 1 0 0 0 2 2 0 0 2 34 34 34 1 1 2 16 18 17 32 32 33 0 0 0 16 16 17 32 32 32 0 0 2 16 18 17 
0
0 1 2 0 0 0 2 2 1 
2 0 1 2 2 0 2 1 1 2 2 1 1 0 2 2 0 0 1 1 0 1 1 1 2 1 0 1 0 2 0 1 0 1 2 0 2 1 0 0 1 0 1 0 2 1 0 0 0 2 2 0 0 2 2 2 2 1 1 2 0 2 1 0 0 1 0 0 2 0 0 1 0 0 0 0 0 2 0 2 1 
2 0 1 18 18 16 34 33 33 2 2 1 17 16 18 34 32 32 1 1 0 17 17 17 34 33 32 1 0 2 0 1 0 1 2 0 2 1 0 0 1 0 1 0 2 1 0 0 0 2 2 0 0 2 34 34 34 33 33 34 16 18 17 32 32 33 32 32 34 16 16 17 32 32 32 32 32 34 16 18 17 
0
0 1 2 0 0 1 2 2 1 
2 0 1 2 2 0 2 1 1 2 2 1 1 0 2 2 0 0 1 1 0 1 1 1 2 1 0 1 0 2 0 1 0 1 2 0 2 1 0 0 1 0 1 0 2 1 0 0 0 2 2 1 0 2 2 2 2 1 1 2 0 2 1 0 0 1 0 0 2 0 0 1 0 0 0 0 0 2 0 2 1 
2 0 1 18 18 16 34 33 33 2 2 1 17 16 18 34 32 32 1 1 0 17 17 17 34 33 32 1 0 2 0 1 0 17 18 16 2 1 0 0 1 0 17 16 18 1 0 0 0 2 2 17 16 18 34 34 34 33 33 34 16 18 17 32 32 33 32 32 34 16 16 17 32 32 32 32 32 34 16 18 17 
0
0 1 2 0 2 1 2 2 1 
2 0 1 2 2 0 2 1 1 2 2 1 1 0 2 2 0 0 1 1 0 1 1 1 2 1 0 1 0 2 0 1 0 1 2 0 2 1 0 0 1 0 1 0 2 1 0 0 2 2 2 1 0 2 2 2 2 1 1 2 0 2 1 0 0 1 0 0 2 0 0 1 0 0 0 0 0 2 0 2 1 
2 0 1 18 18 16 34 33 33 2 2 1 17 16 18 34 32 32 1 1 0 17 17 17 34 33 32 1 0 2 32 33 32 17 18 16 2 1 0 32 33 32 17 16 18 1 0 0 34 34 34 17 16 18 34 34 34 33 33 34 16 18 17 32 32 33 32 32 34 16 16 17 32 32 32 32 32 34 16 18 17 
0
0 1 2 0 2 1 2 2 1 
2 0 1 2 2 0 2 1 1 2 2 1 1 0 2 2 0 0 1 1 0 1 1 1 2 1 0 1 0 2 0 1 0 1 2 0 2 1 0 0 1 0 1 0 2 1 0 0 2 2 2 1 0 2 2 2 2 1 1 2 0 2 1 0 0 1 0 0 2 0 0 1 0 0 0 0 0 2 0 2 1 
2 0 1 18 18 16 34 33 33 2 2 1 17 16 18 34 32 32 1 1 0 17 17 17 34 33 32 1 0 2 32 33 32 17 18 16 2 1 0 32 33 32 17 16 18 1 0 0 34 34 34 17 16 18 34 34 34 33 33 34 16 18 17 32 32 33 32 32 34 16 16 17 32 32 32 32 32 34 16 18 17 
0
