0 0 0 0 0 0 0 0 0 
0 0 0 0 0 0 0 0 0 0 0 0 0 0 0 0 0 0 0 0 0 0 0 0 0 0 0 0 0 0 0 0 0 0 0 0 0 0 0 0 1 0 0 0 0 0 0 0 0 0 0 0 0 0 0 0 0 0 0 0 0 0 0 0 0 0 0 0 0 0 0 0 0 0 0 0 0 0 0 0 0 
0 0 0 0 0 0 0 0 0 0 0 0 0 0 0 0 0 0 0 0 0 0 0 0 0 0 0 0 0 0 0 0 0 0 0 0 0 0 0 0 1 0 0 0 0 0 0 0 0 0 0 0 0 0 0 0 0 0 0 0 0 0 0 0 0 0 0 0 0 0 0 0 0 0 0 0 0 0 0 0 0 
1
0 0 0 0 0 0 0 0 0 
0 0 0 0 0 0 0 0 0 0 0 0 0 0 0 0 0 0 0 0 0 0 0 0 0 0 0 0 0 0 0 0 0 0 0 0 0 0 0 0 1 2 0 0 0 0 0 0 0 0 0 0 0 0 0 0 0 0 0 0 0 0 0 0 0 0 0 0 0 0 0 0 0 0 0 0 0 0 0 0 0 
0 0 0 0 0 0 0 0 0 0 0 0 0 0 0 0 0 0 0 0 0 0 0 0 0 0 0 0 0 0 0 0 0 0 0 0 0 0 0 0 1 2 0 0 0 0 0 0 0 0 0 0 0 0 0 0 0 0 0 0 0 0 0 0 0 0 0 0 0 0 0 0 0 0 0 0 0 0 0 0 0 
1
0 0 0 0 0 0 0 0 0 
0 0 0 0 0 0 0 0 0 0 0 0 0 0 0 0 0 0 0 0 0 0 0 0 0 0 0 0 0 0 0 0 0 0 0 0 0 0 0 0 1 2 0 0 0 0 0 0 0 0 0 1 0 0 0 0 0 0 0 0 0 0 0 0 0 0 0 0 0 0 0 0 0 0 0 0 0 0 0 0 0 
0 0 0 0 0 0 0 0 0 0 0 0 0 0 0 0 0 0 0 0 0 0 0 0 0 0 0 0 0 0 0 0 0 0 0 0 0 0 0 0 1 2 0 0 0 0 0 0 0 0 0 1 0 0 0 0 0 0 0 0 0 0 0 0 0 0 0 0 0 0 0 0 0 0 0 0 0 0 0 0 0 
1
0 0 0 0 0 0 0 0 0 
0 0 0 0 0 0 0 0 0 0 0 0 0 0 0 0 0 0 0 0 0 0 0 0 0 0 0 0 0 0 0 0 0 0 0 0 0 0 0 0 1 2 0 0 0 0 0 0 0 0 0 1 0 0 0 0 0 0 0 0 0 0 0 0 0 0 0 0 0 0 0 0 2 0 0 0 0 0 0 0 0 
0 0 0 0 0 0 0 0 0 0 0 0 0 0 0 0 0 0 0 0 0 0 0 0 0 0 0 0 0 0 0 0 0 0 0 0 0 0 0 0 1 2 0 0 0 0 0 0 0 0 0 1 0 0 0 0 0 0 0 0 0 0 0 0 0 0 0 0 0 0 0 0 2 0 0 0 0 0 0 0 0 
1
0 0 0 0 0 0 0 0 0 
0 0 0 0 0 0 0 0 0 0 0 0 0 0 0 0 0 0 0 0 0 0 0 0 0 0 0 0 0 0 0 0 0 0 0 0 0 0 0 0 1 2 0 0 0 0 0 0 0 0 0 1 0 0 0 0 0 0 0 0 0 0 0 0 0 1 0 0 0 0 0 0 2 0 0 0 0 0 0 0 0 
0 0 0 0 0 0 0 0 0 0 0 0 0 0 0 0 0 0 0 0 0 0 0 0 0 0 0 0 0 0 0 0 0 0 0 0 0 0 0 0 1 2 0 0 0 0 0 0 0 0 0 1 0 0 0 0 0 0 0 0 0 0 0 0 0 1 0 0 0 0 0 0 2 0 0 0 0 0 0 0 0 
1
0 0 0 0 0 0 0 0 0 
0 0 0 0 0 0 0 0 0 0 0 0 0 0 0 0 0 0 0 0 0 0 0 0 0 0 0 0 0 0 0 0 0 0 0 0 0 0 0 0 1 2 0 0 0 0 0 0 0 0 0 1 2 0 0 0 0 0 0 0 0 0 0 0 0 1 0 0 0 0 0 0 2 0 0 0 0 0 0 0 0 
0 0 0 0 0 0 0 0 0 0 0 0 0 0 0 0 0 0 0 0 0 0 0 0 0 0 0 0 0 0 0 0 0 0 0 0 0 0 0 0 1 2 0 0 0 0 0 0 0 0 0 1 2 0 0 0 0 0 0 0 0 0 0 0 0 1 0 0 0 0 0 0 2 0 0 0 0 0 0 0 0 
1
0 0 0 0 0 0 0 0 0 
0 0 0 0 0 0 0 0 0 0 0 0 0 0 0 0 0 0 0 0 0 0 0 0 0 0 0 0 0 0 0 0 0 0 0 0 0 0 0 0 1 2 0 0 0 0 0 0 0 0 0 1 2 0 0 0 0 0 0 0 0 0 0 0 0 1 0 0 0 0 0 0 2 0 0 0 1 0 0 0 0 
0 0 0 0 0 0 0 0 0 0 0 0 0 0 0 0 0 0 0 0 0 0 0 0 0 0 0 0 0 0 0 0 0 0 0 0 0 0 0 0 1 2 0 0 0 0 0 0 0 0 0 1 2 0 0 0 0 0 0 0 0 0 0 0 0 1 0 0 0 0 0 0 2 0 0 0 1 0 0 0 0 
1
0 0 0 0 0 0 0 0 0 
0 0 0 0 0 0 0 0 0 0 0 0 0 0 0 0 0 0 0 0 0 0 0 0 0 0 0 0 0 0 0 0 0 0 0 0 0 0 0 0 1 2 0 0 0 0 0 0 0 0 0 1 2 0 0 0 0 0 2 0 0 0 0 0 0 1 0 0 0 0 0 0 2 0 0 0 1 0 0 0 0 
0 0 0 0 0 0 0 0 0 0 0 0 0 0 0 0 0 0 0 0 0 0 0 0 0 0 0 0 0 0 0 0 0 0 0 0 0 0 0 0 1 2 0 0 0 0 0 0 0 0 0 1 2 0 0 0 0 0 2 0 0 0 0 0 0 1 0 0 0 0 0 0 2 0 0 0 1 0 0 0 0 
1
0 0 0 0 0 0 0 0 0 
0 0 0 0 0 0 0 0 0 0 0 0 0 0 0 0 0 0 0 0 0 1 0 0 0 0 0 0 0 0 0 0 0 0 0 0 0 0 0 0 1 2 0 0 0 0 0 0 0 0 0 1 2 0 0 0 0 0 2 0 0 0 0 0 0 1 0 0 0 0 0 0 2 0 0 0 1 0 0 0 0 
0 0 0 0 0 0 0 0 0 0 0 0 0 0 0 0 0 0 0 0 0 1 0 0 0 0 0 0 0 0 0 0 0 0 0 0 0 0 0 0 1 2 0 0 0 0 0 0 0 0 0 1 2 0 0 0 0 0 2 0 0 0 0 0 0 1 0 0 0 0 0 0 2 0 0 0 1 0 0 0 0 
1
0 0 0 0 0 0 0 0 0 
0 0 0 0 0 0 0 0 0 0 0 0 0 0 0 0 0 0 0 0 0 1 0 0 0 0 0 0 0 0 0 0 0 0 0 0 0 0 0 0 1 2 0 0 0 0 0 0 0 0 0 1 2 0 0 0 0 0 2 0 0 0 0 0 0 1 0 0 0 0 0 0 2 0 2 0 1 0 0 0 0 
0 0 0 0 0 0 0 0 0 0 0 0 0 0 0 0 0 0 0 0 0 1 0 0 0 0 0 0 0 0 0 0 0 0 0 0 0 0 0 0 1 2 0 0 0 0 0 0 0 0 0 1 2 0 0 0 0 0 2 0 0 0 0 0 0 1 0 0 0 0 0 0 2 0 2 0 1 0 0 0 0 
1
0 0 0 0 0 0 0 0 0 
0 0 0 0 0 0 0 0 0 0 0 0 0 0 0 0 0 0 0 0 0 1 0 0 0 0 0 0 0 0 0 0 0 0 0 0 0 0 0 0 1 2 0 0 0 0 0 0 0 0 0 1 2 0 0 0 0 0 2 0 0 1 0 0 0 1 0 0 0 0 0 0 2 0 2 0 1 0 0 0 0 
0 0 0 0 0 0 0 0 0 0 0 0 0 0 0 0 0 0 0 0 0 1 0 0 0 0 0 0 0 0 0 0 0 0 0 0 0 0 0 0 1 2 0 0 0 0 0 0 0 0 0 1 2 0 0 0 0 0 2 0 0 1 0 0 0 1 0 0 0 0 0 0 2 0 2 0 1 0 0 0 0 
1
0 0 0 0 0 0 0 0 0 
0 0 0 0 0 0 0 0 0 0 0 0 2 0 0 0 0 0 0 0 0 1 0 0 0 0 0 0 0 0 0 0 0 0 0 0 0 0 0 0 1 2 0 0 0 0 0 0 0 0 0 1 2 0 0 0 0 0 2 0 0 1 0 0 0 1 0 0 0 0 0 0 2 0 2 0 1 0 0 0 0 
0 0 0 0 0 0 0 0 0 0 0 0 2 0 0 0 0 0 0 0 0 1 0 0 0 0 0 0 0 0 0 0 0 0 0 0 0 0 0 0 1 2 0 0 0 0 0 0 0 0 0 1 2 0 0 0 0 0 2 0 0 1 0 0 0 1 0 0 0 0 0 0 2 0 2 0 1 0 0 0 0 
1
0 0 0 0 0 0 0 0 0 
0 0 0 0 0 0 0 0 0 0 0 0 2 0 0 0 0 0 0 0 0 1 0 0 0 0 0 0 0 0 0 0 0 0 0 0 1 0 0 0 1 2 0 0 0 0 0 0 0 0 0 1 2 0 0 0 0 0 2 0 0 1 0 0 0 1 0 0 0 0 0 0 2 0 2 0 1 0 0 0 0 
0 0 0 0 0 0 0 0 0 0 0 0 2 0 0 0 0 0 0 0 0 1 0 0 0 0 0 0 0 0 0 0 0 0 0 0 1 0 0 0 1 2 0 0 0 0 0 0 0 0 0 1 2 0 0 0 0 0 2 0 0 1 0 0 0 1 0 0 0 0 0 0 2 0 2 0 1 0 0 0 0 
1
0 0 0 0 0 0 0 0 0 
0 0 0 0 0 0 0 0 0 0 0 0 2 0 0 0 0 0 0 0 0 1 0 0 0 0 0 0 0 0 0 0 0 0 0 0 1 0 0 0 1 2 0 0 0 2 0 0 0 0 0 1 2 0 0 0 0 0 2 0 0 1 0 0 0 1 0 0 0 0 0 0 2 0 2 0 1 0 0 0 0 
0 0 0 0 0 0 0 0 0 0 0 0 2 0 0 0 0 0 0 0 0 1 0 0 0 0 0 0 0 0 0 0 0 0 0 0 1 0 0 0 1 2 0 0 0 2 0 0 0 0 0 1 2 0 0 0 0 0 2 0 0 1 0 0 0 1 0 0 0 0 0 0 2 0 2 0 1 0 0 0 0 
1
0 0 0 0 0 0 0 0 0 
0 0 0 0 0 0 0 0 0 0 0 0 2 0 0 0 0 0 0 0 0 1 0 0 0 0 0 0 0 0 0 0 0 0 0 0 1 0 0 0 1 2 0 0 0 2 0 0 0 0 0 1 2 0 0 0 0 0 2 0 0 1 0 0 0 1 0 0 0 0 0 0 2 1 2 0 1 0 0 0 0 
0 0 0 0 0 0 0 0 0 0 0 0 2 0 0 0 0 0 0 0 0 1 0 0 0 0 0 0 0 0 0 0 0 0 0 0 1 0 0 0 1 2 0 0 0 2 0 0 0 0 0 1 2 0 0 0 0 0 2 0 0 1 0 0 0 1 0 0 0 0 0 0 2 1 2 0 1 0 0 0 0 
1
0 0 0 0 0 0 0 0 0 
0 0 0 0 0 0 0 0 0 0 0 0 2 0 0 0 0 0 0 0 0 1 0 0 0 0 0 0 0 0 0 0 0 0 0 0 1 0 0 0 1 2 0 0 0 2 0 0 0 0 0 1 2 0 0 0 0 0 2 2 0 1 0 0 0 1 0 0 0 0 0 0 2 1 2 0 1 0 0 0 0 
0 0 0 0 0 0 0 0 0 0 0 0 2 0 0 0 0 0 0 0 0 1 0 0 0 0 0 0 0 0 0 0 0 0 0 0 1 0 0 0 1 2 0 0 0 2 0 0 0 0 0 1 2 0 0 0 0 0 2 2 0 1 0 0 0 1 0 0 0 0 0 0 2 1 2 0 1 0 0 0 0 
1
0 0 0 0 0 0 0 0 0 
0 0 0 0 0 0 0 0 1 0 0 0 2 0 0 0 0 0 0 0 0 1 0 0 0 0 0 0 0 0 0 0 0 0 0 0 1 0 0 0 1 2 0 0 0 2 0 0 0 0 0 1 2 0 0 0 0 0 2 2 0 1 0 0 0 1 0 0 0 0 0 0 2 1 2 0 1 0 0 0 0 
0 0 0 0 0 0 0 0 1 0 0 0 2 0 0 0 0 0 0 0 0 1 0 0 0 0 0 0 0 0 0 0 0 0 0 0 1 0 0 0 1 2 0 0 0 2 0 0 0 0 0 1 2 0 0 0 0 0 2 2 0 1 0 0 0 1 0 0 0 0 0 0 2 1 2 0 1 0 0 0 0 
1
0 0 0 0 0 0 0 0 0 
0 0 0 0 0 0 2 0 1 0 0 0 2 0 0 0 0 0 0 0 0 1 0 0 0 0 0 0 0 0 0 0 0 0 0 0 1 0 0 0 1 2 0 0 0 2 0 0 0 0 0 1 2 0 0 0 0 0 2 2 0 1 0 0 0 1 0 0 0 0 0 0 2 1 2 0 1 0 0 0 0 
0 0 0 0 0 0 2 0 1 0 0 0 2 0 0 0 0 0 0 0 0 1 0 0 0 0 0 0 0 0 0 0 0 0 0 0 1 0 0 0 1 2 0 0 0 2 0 0 0 0 0 1 2 0 0 0 0 0 2 2 0 1 0 0 0 1 0 0 0 0 0 0 2 1 2 0 1 0 0 0 0 
1
0 0 0 0 0 0 0 0 0 
1 0 0 0 0 0 2 0 1 0 0 0 2 0 0 0 0 0 0 0 0 1 0 0 0 0 0 0 0 0 0 0 0 0 0 0 1 0 0 0 1 2 0 0 0 2 0 0 0 0 0 1 2 0 0 0 0 0 2 2 0 1 0 0 0 1 0 0 0 0 0 0 2 1 2 0 1 0 0 0 0 
1 0 0 0 0 0 2 0 1 0 0 0 2 0 0 0 0 0 0 0 0 1 0 0 0 0 0 0 0 0 0 0 0 0 0 0 1 0 0 0 1 2 0 0 0 2 0 0 0 0 0 1 2 0 0 0 0 0 2 2 0 1 0 0 0 1 0 0 0 0 0 0 2 1 2 0 1 0 0 0 0 
1
0 0 0 0 0 0 0 0 0 
1 0 0 0 0 0 2 0 1 0 0 2 2 0 0 0 0 0 0 0 0 1 0 0 0 0 0 0 0 0 0 0 0 0 0 0 1 0 0 0 1 2 0 0 0 2 0 0 0 0 0 1 2 0 0 0 0 0 2 2 0 1 0 0 0 1 0 0 0 0 0 0 2 1 2 0 1 0 0 0 0 
1 0 0 0 0 0 2 0 1 0 0 2 2 0 0 0 0 0 0 0 0 1 0 0 0 0 0 0 0 0 0 0 0 0 0 0 1 0 0 0 1 2 0 0 0 2 0 0 0 0 0 1 2 0 0 0 0 0 2 2 0 1 0 0 0 1 0 0 0 0 0 0 2 1 2 0 1 0 0 0 0 
1
0 0 0 0 0 0 0 0 0 
1 0 0 0 0 0 2 0 1 0 0 2 2 0 0 0 0 0 0 0 0 1 0 0 0 0 0 0 0 0 0 0 0 1 0 0 1 0 0 0 1 2 0 0 0 2 0 0 0 0 0 1 2 0 0 0 0 0 2 2 0 1 0 0 0 1 0 0 0 0 0 0 2 1 2 0 1 0 0 0 0 
1 0 0 0 0 0 2 0 1 0 0 2 2 0 0 0 0 0 0 0 0 1 0 0 0 0 0 0 0 0 0 0 0 1 0 0 1 0 0 0 1 2 0 0 0 2 0 0 0 0 0 1 2 0 0 0 0 0 2 2 0 1 0 0 0 1 0 0 0 0 0 0 2 1 2 0 1 0 0 0 0 
1
0 0 0 0 0 0 0 0 0 
1 0 0 0 0 0 2 0 1 2 0 2 2 0 0 0 0 0 0 0 0 1 0 0 0 0 0 0 0 0 0 0 0 1 0 0 1 0 0 0 1 2 0 0 0 2 0 0 0 0 0 1 2 0 0 0 0 0 2 2 0 1 0 0 0 1 0 0 0 0 0 0 2 1 2 0 1 0 0 0 0 
1 0 0 0 0 0 2 0 1 2 0 2 2 0 0 0 0 0 0 0 0 1 0 0 0 0 0 0 0 0 0 0 0 1 0 0 1 0 0 0 1 2 0 0 0 2 0 0 0 0 0 1 2 0 0 0 0 0 2 2 0 1 0 0 0 1 0 0 0 0 0 0 2 1 2 0 1 0 0 0 0 
1
0 0 0 0 0 0 0 0 0 
1 0 0 0 0 0 2 0 1 2 0 2 2 0 0 0 0 0 0 0 0 1 0 0 0 0 0 0 0 0 0 0 0 1 0 0 1 0 1 0 1 2 0 0 0 2 0 0 0 0 0 1 2 0 0 0 0 0 2 2 0 1 0 0 0 1 0 0 0 0 0 0 2 1 2 0 1 0 0 0 0 
1 0 0 0 0 0 2 0 1 2 0 2 2 0 0 0 0 0 0 0 0 1 0 0 0 0 0 0 0 0 0 0 0 1 0 0 1 0 1 0 1 2 0 0 0 2 0 0 0 0 0 1 2 0 0 0 0 0 2 2 0 1 0 0 0 1 0 0 0 0 0 0 2 1 2 0 1 0 0 0 0 
1
0 0 0 0 0 0 0 0 0 
1 0 0 0 0 0 2 0 1 2 0 2 2 0 0 0 0 0 0 0 0 1 0 0 0 0 0 0 0 0 0 0 0 1 2 0 1 0 1 0 1 2 0 0 0 2 0 0 0 0 0 1 2 0 0 0 0 0 2 2 0 1 0 0 0 1 0 0 0 0 0 0 2 1 2 0 1 0 0 0 0 
1 0 0 0 0 0 2 0 1 2 0 2 2 0 0 0 0 0 0 0 0 1 0 0 0 0 0 0 0 0 0 0 0 1 2 0 1 0 1 0 1 2 0 0 0 2 0 0 0 0 0 1 2 0 0 0 0 0 2 2 0 1 0 0 0 1 0 0 0 0 0 0 2 1 2 0 1 0 0 0 0 
1
0 0 0 0 0 0 0 0 0 
1 0 0 0 0 0 2 0 1 2 0 2 2 0 0 0 0 0 0 0 0 1 1 0 0 0 0 0 0 0 0 0 0 1 2 0 1 0 1 0 1 2 0 0 0 2 0 0 0 0 0 1 2 0 0 0 0 0 2 2 0 1 0 0 0 1 0 0 0 0 0 0 2 1 2 0 1 0 0 0 0 
1 0 0 0 0 0 2 0 1 2 0 2 2 0 0 0 0 0 0 0 0 1 1 0 0 0 0 0 0 0 0 0 0 1 2 0 1 0 1 0 1 2 0 0 0 2 0 0 0 0 0 1 2 0 0 0 0 0 2 2 0 1 0 0 0 1 0 0 0 0 0 0 2 1 2 0 1 0 0 0 0 
1
0 0 0 0 0 0 0 2 0 
1 0 0 0 0 0 2 0 1 2 0 2 2 0 0 0 0 0 0 0 0 1 1 0 0 0 0 0 0 0 0 0 0 1 2 0 1 0 1 0 1 2 0 0 0 2 0 0 0 0 0 1 2 0 0 0 0 2 2 2 0 1 0 0 0 1 0 0 0 0 0 0 2 1 2 0 1 0 0 0 0 
1 0 0 0 0 0 2 0 1 2 0 2 2 0 0 0 0 0 0 0 0 1 1 0 0 0 0 0 0 0 0 0 0 1 2 0 1 0 1 0 1 2 0 0 0 2 0 0 0 0 0 1 2 0 0 0 0 34 34 34 0 1 0 0 0 1 32 32 32 0 0 0 2 1 2 32 33 32 0 0 0 
1
0 0 0 0 0 0 0 2 0 
1 0 0 0 0 0 2 0 1 2 1 2 2 0 0 0 0 0 0 0 0 1 1 0 0 0 0 0 0 0 0 0 0 1 2 0 1 0 1 0 1 2 0 0 0 2 0 0 0 0 0 1 2 0 0 0 0 2 2 2 0 1 0 0 0 1 0 0 0 0 0 0 2 1 2 0 1 0 0 0 0 
1 0 0 0 0 0 2 0 1 2 1 2 2 0 0 0 0 0 0 0 0 1 1 0 0 0 0 0 0 0 0 0 0 1 2 0 1 0 1 0 1 2 0 0 0 2 0 0 0 0 0 1 2 0 0 0 0 34 34 34 0 1 0 0 0 1 32 32 32 0 0 0 2 1 2 32 33 32 0 0 0 
1
0 0 0 0 0 0 0 2 0 
1 0 0 0 0 0 2 0 1 2 1 2 2 0 0 0 0 0 0 0 0 1 1 0 0 0 0 0 0 0 0 0 2 1 2 0 1 0 1 0 1 2 0 0 0 2 0 0 0 0 0 1 2 0 0 0 0 2 2 2 0 1 0 0 0 1 0 0 0 0 0 0 2 1 2 0 1 0 0 0 0 
1 0 0 0 0 0 2 0 1 2 1 2 2 0 0 0 0 0 0 0 0 1 1 0 0 0 0 0 0 0 0 0 2 1 2 0 1 0 1 0 1 2 0 0 0 2 0 0 0 0 0 1 2 0 0 0 0 34 34 34 0 1 0 0 0 1 32 32 32 0 0 0 2 1 2 32 33 32 0 0 0 
1
0 0 0 0 0 0 0 2 0 
1 0 0 0 0 0 2 0 1 2 1 2 2 0 0 1 0 0 0 0 0 1 1 0 0 0 0 0 0 0 0 0 2 1 2 0 1 0 1 0 1 2 0 0 0 2 0 0 0 0 0 1 2 0 0 0 0 2 2 2 0 1 0 0 0 1 0 0 0 0 0 0 2 1 2 0 1 0 0 0 0 
1 0 0 0 0 0 2 0 1 2 1 2 2 0 0 1 0 0 0 0 0 1 1 0 0 0 0 0 0 0 0 0 2 1 2 0 1 0 1 0 1 2 0 0 0 2 0 0 0 0 0 1 2 0 0 0 0 34 34 34 0 1 0 0 0 1 32 32 32 0 0 0 2 1 2 32 33 32 0 0 0 
1
0 0 0 0 0 0 0 2 0 
1 0 0 0 0 0 2 0 1 2 1 2 2 0 0 1 0 0 0 0 0 1 1 0 0 0 0 0 0 2 0 0 2 1 2 0 1 0 1 0 1 2 0 0 0 2 0 0 0 0 0 1 2 0 0 0 0 2 2 2 0 1 0 0 0 1 0 0 0 0 0 0 2 1 2 0 1 0 0 0 0 
1 0 0 0 0 0 2 0 1 2 1 2 2 0 0 1 0 0 0 0 0 1 1 0 0 0 0 0 0 2 0 0 2 1 2 0 1 0 1 0 1 2 0 0 0 2 0 0 0 0 0 1 2 0 0 0 0 34 34 34 0 1 0 0 0 1 32 32 32 0 0 0 2 1 2 32 33 32 0 0 0 
1
0 0 0 0 0 0 0 2 0 
1 0 0 0 0 0 2 0 1 2 1 2 2 0 0 1 0 0 0 0 0 1 1 0 0 0 1 0 0 2 0 0 2 1 2 0 1 0 1 0 1 2 0 0 0 2 0 0 0 0 0 1 2 0 0 0 0 2 2 2 0 1 0 0 0 1 0 0 0 0 0 0 2 1 2 0 1 0 0 0 0 
1 0 0 0 0 0 2 0 1 2 1 2 2 0 0 1 0 0 0 0 0 1 1 0 0 0 1 0 0 2 0 0 2 1 2 0 1 0 1 0 1 2 0 0 0 2 0 0 0 0 0 1 2 0 0 0 0 34 34 34 0 1 0 0 0 1 32 32 32 0 0 0 2 1 2 32 33 32 0 0 0 
1
0 0 0 0 0 0 0 2 0 
1 0 0 0 0 0 2 0 1 2 1 2 2 0 0 1 0 0 0 0 0 1 1 0 0 0 1 0 0 2 0 0 2 1 2 0 1 0 1 0 1 2 0 0 0 2 0 0 0 0 0 1 2 0 0 0 0 2 2 2 0 1 0 0 0 1 0 0 0 2 0 0 2 1 2 0 1 0 0 0 0 
1 0 0 0 0 0 2 0 1 2 1 2 2 0 0 1 0 0 0 0 0 1 1 0 0 0 1 0 0 2 0 0 2 1 2 0 1 0 1 0 1 2 0 0 0 2 0 0 0 0 0 1 2 0 0 0 0 34 34 34 0 1 0 0 0 1 32 32 32 2 0 0 2 1 2 32 33 32 0 0 0 
1
0 0 0 1 0 0 0 2 0 
1 0 0 0 0 0 2 0 1 2 1 2 2 0 0 1 0 0 0 0 0 1 1 0 0 0 1 0 0 2 0 0 2 1 2 0 1 1 1 0 1 2 0 0 0 2 0 0 0 0 0 1 2 0 0 0 0 2 2 2 0 1 0 0 0 1 0 0 0 2 0 0 2 1 2 0 1 0 0 0 0 
1 0 0 0 0 0 2 0 1 2 1 2 2 0 0 1 0 0 0 0 0 1 1 0 0 0 1 16 16 18 0 0 2 1 2 0 17 17 17 0 1 2 0 0 0 18 16 16 0 0 0 1 2 0 0 0 0 34 34 34 0 1 0 0 0 1 32 32 32 2 0 0 2 1 2 32 33 32 0 0 0 
1
0 0 0 1 2 0 0 2 0 
1 0 0 0 0 0 2 0 1 2 1 2 2 0 0 1 0 0 0 0 0 1 1 0 0 0 1 0 0 2 0 0 2 1 2 0 1 1 1 0 1 2 0 0 0 2 0 0 0 0 2 1 2 0 0 0 0 2 2 2 0 1 0 0 0 1 0 0 0 2 0 0 2 1 2 0 1 0 0 0 0 
1 0 0 0 0 0 2 0 1 2 1 2 2 0 0 1 0 0 0 0 0 1 1 0 0 0 1 16 16 18 32 32 34 1 2 0 17 17 17 32 33 34 0 0 0 18 16 16 32 32 34 1 2 0 0 0 0 34 34 34 0 1 0 0 0 1 32 32 32 2 0 0 2 1 2 32 33 32 0 0 0 
1
0 0 0 1 2 0 0 2 0 
1 0 0 0 0 0 2 0 1 2 1 2 2 0 0 1 0 0 0 0 0 1 1 0 0 0 1 0 0 2 0 0 2 1 2 0 1 1 1 0 1 2 0 0 0 2 0 0 0 0 2 1 2 0 0 0 0 2 2 2 0 1 0 0 0 1 0 0 0 2 0 1 2 1 2 0 1 0 0 0 0 
1 0 0 0 0 0 2 0 1 2 1 2 2 0 0 1 0 0 0 0 0 1 1 0 0 0 1 16 16 18 32 32 34 1 2 0 17 17 17 32 33 34 0 0 0 18 16 16 32 32 34 1 2 0 0 0 0 34 34 34 0 1 0 0 0 1 32 32 32 2 0 1 2 1 2 32 33 32 0 0 0 
1
0 0 0 1 2 0 0 2 0 
1 0 0 0 0 0 2 0 1 2 1 2 2 0 0 1 0 0 0 0 0 1 1 0 0 0 1 0 0 2 0 0 2 1 2 0 1 1 1 0 1 2 0 0 2 2 0 0 0 0 2 1 2 0 0 0 0 2 2 2 0 1 0 0 0 1 0 0 0 2 0 1 2 1 2 0 1 0 0 0 0 
1 0 0 0 0 0 2 0 1 2 1 2 2 0 0 1 0 0 0 0 0 1 1 0 0 0 1 16 16 18 32 32 34 1 2 0 17 17 17 32 33 34 0 0 2 18 16 16 32 32 34 1 2 0 0 0 0 34 34 34 0 1 0 0 0 1 32 32 32 2 0 1 2 1 2 32 33 32 0 0 0 
1
0 0 0 1 2 1 0 2 0 
1 0 0 0 0 0 2 0 1 2 1 2 2 0 0 1 0 0 0 0 0 1 1 0 0 0 1 0 0 2 0 0 2 1 2 0 1 1 1 0 1 2 1 0 2 2 0 0 0 0 2 1 2 0 0 0 0 2 2 2 0 1 0 0 0 1 0 0 0 2 0 1 2 1 2 0 1 0 0 0 0 
1 0 0 0 0 0 2 0 1 2 1 2 2 0 0 1 0 0 0 0 0 1 1 0 0 0 1 16 16 18 32 32 34 17 18 16 17 17 17 32 33 34 17 16 18 18 16 16 32 32 34 17 18 16 0 0 0 34 34 34 0 1 0 0 0 1 32 32 32 2 0 1 2 1 2 32 33 32 0 0 0 
1
0 0 0 1 2 1 0 2 0 
1 0 0 0 0 0 2 0 1 2 1 2 2 0 0 1 0 0 0 0 0 1 1 0 0 0 1 0 0 2 0 0 2 1 2 0 1 1 1 0 1 2 1 0 2 2 0 0 0 0 2 1 2 0 0 0 0 2 2 2 0 1 0 0 0 1 0 0 0 2 0 1 2 1 2 0 1 0 2 0 0 
1 0 0 0 0 0 2 0 1 2 1 2 2 0 0 1 0 0 0 0 0 1 1 0 0 0 1 16 16 18 32 32 34 17 18 16 17 17 17 32 33 34 17 16 18 18 16 16 32 32 34 17 18 16 0 0 0 34 34 34 0 1 0 0 0 1 32 32 32 2 0 1 2 1 2 32 33 32 2 0 0 
1
0 0 0 1 2 1 0 2 0 
1 0 0 0 0 0 2 0 1 2 1 2 2 0 0 1 0 0 0 0 0 1 1 0 0 0 1 0 0 2 0 0 2 1 2 0 1 1 1 0 1 2 1 0 2 2 0 0 0 0 2 1 2 0 0 1 0 2 2 2 0 1 0 0 0 1 0 0 0 2 0 1 2 1 2 0 1 0 2 0 0 
1 0 0 0 0 0 2 0 1 2 1 2 2 0 0 1 0 0 0 0 0 1 1 0 0 0 1 16 16 18 32 32 34 17 18 16 17 17 17 32 33 34 17 16 18 18 16 16 32 32 34 17 18 16 0 1 0 34 34 34 0 1 0 0 0 1 32 32 32 2 0 1 2 1 2 32 33 32 2 0 0 
1
0 0 0 1 2 1 0 2 0 
1 0 0 0 0 2 2 0 1 2 1 2 2 0 0 1 0 0 0 0 0 1 1 0 0 0 1 0 0 2 0 0 2 1 2 0 1 1 1 0 1 2 1 0 2 2 0 0 0 0 2 1 2 0 0 1 0 2 2 2 0 1 0 0 0 1 0 0 0 2 0 1 2 1 2 0 1 0 2 0 0 
1 0 0 0 0 2 2 0 1 2 1 2 2 0 0 1 0 0 0 0 0 1 1 0 0 0 1 16 16 18 32 32 34 17 18 16 17 17 17 32 33 34 17 16 18 18 16 16 32 32 34 17 18 16 0 1 0 34 34 34 0 1 0 0 0 1 32 32 32 2 0 1 2 1 2 32 33 32 2 0 0 
1
0 0 0 1 2 1 0 2 0 
1 0 0 0 0 2 2 0 1 2 1 2 2 0 0 1 0 0 0 0 0 1 1 0 1 0 1 0 0 2 0 0 2 1 2 0 1 1 1 0 1 2 1 0 2 2 0 0 0 0 2 1 2 0 0 1 0 2 2 2 0 1 0 0 0 1 0 0 0 2 0 1 2 1 2 0 1 0 2 0 0 
1 0 0 0 0 2 2 0 1 2 1 2 2 0 0 1 0 0 0 0 0 1 1 0 1 0 1 16 16 18 32 32 34 17 18 16 17 17 17 32 33 34 17 16 18 18 16 16 32 32 34 17 18 16 0 1 0 34 34 34 0 1 0 0 0 1 32 32 32 2 0 1 2 1 2 32 33 32 2 0 0 
1
0 0 0 1 2 1 0 2 0 
1 0 0 0 0 2 2 0 1 2 1 2 2 0 0 1 0 0 0 0 0 1 1 0 1 0 1 0 0 2 0 0 2 1 2 0 1 1 1 0 1 2 1 0 2 2 0 0 0 0 2 1 2 0 0 1 2 2 2 2 0 1 0 0 0 1 0 0 0 2 0 1 2 1 2 0 1 0 2 0 0 
1 0 0 0 0 2 2 0 1 2 1 2 2 0 0 1 0 0 0 0 0 1 1 0 1 0 1 16 16 18 32 32 34 17 18 16 17 17 17 32 33 34 17 16 18 18 16 16 32 32 34 17 18 16 0 1 2 34 34 34 0 1 0 0 0 1 32 32 32 2 0 1 2 1 2 32 33 32 2 0 0 
1
0 0 0 1 2 1 0 2 0 
1 0 0 0 0 2 2 1 1 2 1 2 2 0 0 1 0 0 0 0 0 1 1 0 1 0 1 0 0 2 0 0 2 1 2 0 1 1 1 0 1 2 1 0 2 2 0 0 0 0 2 1 2 0 0 1 2 2 2 2 0 1 0 0 0 1 0 0 0 2 0 1 2 1 2 0 1 0 2 0 0 
1 0 0 0 0 2 2 1 1 2 1 2 2 0 0 1 0 0 0 0 0 1 1 0 1 0 1 16 16 18 32 32 34 17 18 16 17 17 17 32 33 34 17 16 18 18 16 16 32 32 34 17 18 16 0 1 2 34 34 34 0 1 0 0 0 1 32 32 32 2 0 1 2 1 2 32 33 32 2 0 0 
1
0 0 0 1 2 1 0 2 0 
1 0 0 0 2 2 2 1 1 2 1 2 2 0 0 1 0 0 0 0 0 1 1 0 1 0 1 0 0 2 0 0 2 1 2 0 1 1 1 0 1 2 1 0 2 2 0 0 0 0 2 1 2 0 0 1 2 2 2 2 0 1 0 0 0 1 0 0 0 2 0 1 2 1 2 0 1 0 2 0 0 
1 0 0 0 2 2 2 1 1 2 1 2 2 0 0 1 0 0 0 0 0 1 1 0 1 0 1 16 16 18 32 32 34 17 18 16 17 17 17 32 33 34 17 16 18 18 16 16 32 32 34 17 18 16 0 1 2 34 34 34 0 1 0 0 0 1 32 32 32 2 0 1 2 1 2 32 33 32 2 0 0 
1
0 1 0 1 2 1 0 2 0 
1 0 0 0 2 2 2 1 1 2 1 2 2 0 0 1 0 0 0 0 0 1 1 1 1 0 1 0 0 2 0 0 2 1 2 0 1 1 1 0 1 2 1 0 2 2 0 0 0 0 2 1 2 0 0 1 2 2 2 2 0 1 0 0 0 1 0 0 0 2 0 1 2 1 2 0 1 0 2 0 0 
1 0 0 16 18 18 2 1 1 2 1 2 18 16 16 1 0 0 0 0 0 17 17 17 1 0 1 16 16 18 32 32 34 17 18 16 17 17 17 32 33 34 17 16 18 18 16 16 32 32 34 17 18 16 0 1 2 34 34 34 0 1 0 0 0 1 32 32 32 2 0 1 2 1 2 32 33 32 2 0 0 
1
0 1 0 1 2 1 0 2 0 
1 0 0 0 2 2 2 1 1 2 1 2 2 0 0 1 0 0 0 0 0 1 1 1 1 0 1 0 0 2 0 0 2 1 2 0 1 1 1 0 1 2 1 0 2 2 0 0 0 0 2 1 2 0 0 1 2 2 2 2 0 1 2 0 0 1 0 0 0 2 0 1 2 1 2 0 1 0 2 0 0 
1 0 0 16 18 18 2 1 1 2 1 2 18 16 16 1 0 0 0 0 0 17 17 17 1 0 1 16 16 18 32 32 34 17 18 16 17 17 17 32 33 34 17 16 18 18 16 16 32 32 34 17 18 16 0 1 2 34 34 34 0 1 2 0 0 1 32 32 32 2 0 1 2 1 2 32 33 32 2 0 0 
1
0 1 1 1 2 1 0 2 0 
1 0 0 0 2 2 2 1 1 2 1 2 2 0 0 1 1 0 0 0 0 1 1 1 1 0 1 0 0 2 0 0 2 1 2 0 1 1 1 0 1 2 1 0 2 2 0 0 0 0 2 1 2 0 0 1 2 2 2 2 0 1 2 0 0 1 0 0 0 2 0 1 2 1 2 0 1 0 2 0 0 
1 0 0 16 18 18 18 17 17 2 1 2 18 16 16 17 17 16 0 0 0 17 17 17 17 16 17 16 16 18 32 32 34 17 18 16 17 17 17 32 33 34 17 16 18 18 16 16 32 32 34 17 18 16 0 1 2 34 34 34 0 1 2 0 0 1 32 32 32 2 0 1 2 1 2 32 33 32 2 0 0 
1
0 1 1 1 2 1 0 2 0 
1 0 0 0 2 2 2 1 1 2 1 2 2 0 0 1 1 0 0 0 2 1 1 1 1 0 1 0 0 2 0 0 2 1 2 0 1 1 1 0 1 2 1 0 2 2 0 0 0 0 2 1 2 0 0 1 2 2 2 2 0 1 2 0 0 1 0 0 0 2 0 1 2 1 2 0 1 0 2 0 0 
1 0 0 16 18 18 18 17 17 2 1 2 18 16 16 17 17 16 0 0 2 17 17 17 17 16 17 16 16 18 32 32 34 17 18 16 17 17 17 32 33 34 17 16 18 18 16 16 32 32 34 17 18 16 0 1 2 34 34 34 0 1 2 0 0 1 32 32 32 2 0 1 2 1 2 32 33 32 2 0 0 
1
0 1 1 1 2 1 0 2 0 
1 0 0 0 2 2 2 1 1 2 1 2 2 0 0 1 1 0 0 0 2 1 1 1 1 0 1 0 0 2 0 0 2 1 2 0 1 1 1 0 1 2 1 0 2 2 0 0 0 0 2 1 2 0 0 1 2 2 2 2 1 1 2 0 0 1 0 0 0 2 0 1 2 1 2 0 1 0 2 0 0 
1 0 0 16 18 18 18 17 17 2 1 2 18 16 16 17 17 16 0 0 2 17 17 17 17 16 17 16 16 18 32 32 34 17 18 16 17 17 17 32 33 34 17 16 18 18 16 16 32 32 34 17 18 16 0 1 2 34 34 34 1 1 2 0 0 1 32 32 32 2 0 1 2 1 2 32 33 32 2 0 0 
1
0 1 1 1 2 1 0 2 0 
1 0 0 0 2 2 2 1 1 2 1 2 2 0 0 1 1 0 2 0 2 1 1 1 1 0 1 0 0 2 0 0 2 1 2 0 1 1 1 0 1 2 1 0 2 2 0 0 0 0 2 1 2 0 0 1 2 2 2 2 1 1 2 0 0 1 0 0 0 2 0 1 2 1 2 0 1 0 2 0 0 
1 0 0 16 18 18 18 17 17 2 1 2 18 16 16 17 17 16 2 0 2 17 17 17 17 16 17 16 16 18 32 32 34 17 18 16 17 17 17 32 33 34 17 16 18 18 16 16 32 32 34 17 18 16 0 1 2 34 34 34 1 1 2 0 0 1 32 32 32 2 0 1 2 1 2 32 33 32 2 0 0 
1
0 1 1 1 2 1 0 2 0 
1 0 0 0 2 2 2 1 1 2 1 2 2 0 0 1 1 0 2 0 2 1 1 1 1 0 1 0 0 2 0 0 2 1 2 0 1 1 1 0 1 2 1 0 2 2 0 0 0 0 2 1 2 0 1 1 2 2 2 2 1 1 2 0 0 1 0 0 0 2 0 1 2 1 2 0 1 0 2 0 0 
1 0 0 16 18 18 18 17 17 2 1 2 18 16 16 17 17 16 2 0 2 17 17 17 17 16 17 16 16 18 32 32 34 17 18 16 17 17 17 32 33 34 17 16 18 18 16 16 32 32 34 17 18 16 1 1 2 34 34 34 1 1 2 0 0 1 32 32 32 2 0 1 2 1 2 32 33 32 2 0 0 
1
2 1 1 1 2 1 0 2 0 
1 0 0 0 2 2 2 1 1 2 1 2 2 0 0 1 1 0 2 2 2 1 1 1 1 0 1 0 0 2 0 0 2 1 2 0 1 1 1 0 1 2 1 0 2 2 0 0 0 0 2 1 2 0 1 1 2 2 2 2 1 1 2 0 0 1 0 0 0 2 0 1 2 1 2 0 1 0 2 0 0 
33 32 32 16 18 18 18 17 17 34 33 34 18 16 16 17 17 16 34 34 34 17 17 17 17 16 17 16 16 18 32 32 34 17 18 16 17 17 17 32 33 34 17 16 18 18 16 16 32 32 34 17 18 16 1 1 2 34 34 34 1 1 2 0 0 1 32 32 32 2 0 1 2 1 2 32 33 32 2 0 0 
1
2 1 1 1 2 1 0 2 0 
1 0 0 0 2 2 2 1 1 2 1 2 2 0 0 1 1 0 2 2 2 1 1 1 1 0 1 0 0 2 0 0 2 1 2 0 1 1 1 0 1 2 1 0 2 2 0 0 0 0 2 1 2 0 1 1 2 2 2 2 1 1 2 0 0 1 0 0 0 2 1 1 2 1 2 0 1 0 2 0 0 
33 32 32 16 18 18 18 17 17 34 33 34 18 16 16 17 17 16 34 34 34 17 17 17 17 16 17 16 16 18 32 32 34 17 18 16 17 17 17 32 33 34 17 16 18 18 16 16 32 32 34 17 18 16 1 1 2 34 34 34 1 1 2 0 0 1 32 32 32 2 1 1 2 1 2 32 33 32 2 0 0 
1
2 1 1 1 2 1 2 2 0 
1 0 0 0 2 2 2 1 1 2 1 2 2 0 0 1 1 0 2 2 2 1 1 1 1 0 1 0 0 2 0 0 2 1 2 0 1 1 1 0 1 2 1 0 2 2 0 0 0 0 2 1 2 0 1 1 2 2 2 2 1 1 2 0 2 1 0 0 0 2 1 1 2 1 2 0 1 0 2 0 0 
33 32 32 16 18 18 18 17 17 34 33 34 18 16 16 17 17 16 34 34 34 17 17 17 17 16 17 16 16 18 32 32 34 17 18 16 17 17 17 32 33 34 17 16 18 18 16 16 32 32 34 17 18 16 33 33 34 34 34 34 1 1 2 32 34 33 32 32 32 2 1 1 34 33 34 32 33 32 2 0 0 
1
2 1 1 1 2 1 2 2 1 
1 0 0 0 2 2 2 1 1 2 1 2 2 0 0 1 1 0 2 2 2 1 1 1 1 0 1 0 0 2 0 0 2 1 2 0 1 1 1 0 1 2 1 0 2 2 0 0 0 0 2 1 2 0 1 1 2 2 2 2 1 1 2 0 2 1 0 0 0 2 1 1 2 1 2 0 1 0 2 0 1 
33 32 32 16 18 18 18 17 17 34 33 34 18 16 16 17 17 16 34 34 34 17 17 17 17 16 17 16 16 18 32 32 34 17 18 16 17 17 17 32 33 34 17 16 18 18 16 16 32 32 34 17 18 16 33 33 34 34 34 34 17 17 18 32 34 33 32 32 32 18 17 17 34 33 34 32 33 32 18 16 17 
1
2 1 1 1 2 1 2 2 1 
1 0 0 0 2 2 2 1 1 2 1 2 2 0 0 1 1 0 2 2 2 1 1 1 1 0 1 0 0 2 0 0 2 1 2 0 1 1 1 0 1 2 1 0 2 2 0 0 0 0 2 1 2 0 1 1 2 2 2 2 1 1 2 0 2 1 0 0 0 2 1 1 2 1 2 0 1 0 2 0 1 
33 32 32 16 18 18 18 17 17 34 33 34 18 16 16 17 17 16 34 34 34 17 17 17 17 16 17 16 16 18 32 32 34 17 18 16 17 17 17 32 33 34 17 16 18 18 16 16 32 32 34 17 18 16 33 33 34 34 34 34 17 17 18 32 34 33 32 32 32 18 17 17 34 33 34 32 33 32 18 16 17 
1
