0 0 0 0 0 0 0 0 0 
0 0 0 0 0 0 0 0 0 0 0 0 0 0 0 0 0 0 0 0 0 0 0 0 0 0 0 0 0 0 0 0 0 0 0 0 0 0 0 0 1 0 0 0 0 0 0 0 0 0 0 0 0 0 0 0 0 0 0 0 0 0 0 0 0 0 0 0 0 0 0 0 0 0 0 0 0 0 0 0 0 
0 0 0 0 0 0 0 0 0 0 0 0 0 0 0 0 0 0 0 0 0 0 0 0 0 0 0 0 0 0 0 0 0 0 0 0 0 0 0 0 1 0 0 0 0 0 0 0 0 0 0 0 0 0 0 0 0 0 0 0 0 0 0 0 0 0 0 0 0 0 0 0 0 0 0 0 0 0 0 0 0 
0
0 0 0 0 0 0 0 0 0 
0 0 0 0 0 0 0 0 0 0 0 0 0 0 0 0 0 0 0 0 0 0 0 0 0 0 0 0 0 0 0 0 0 0 0 0 0 0 0 0 1 0 0 0 0 0 0 0 0 0 2 0 0 0 0 0 0 0 0 0 0 0 0 0 0 0 0 0 0 0 0 0 0 0 0 0 0 0 0 0 0 
0 0 0 0 0 0 0 0 0 0 0 0 0 0 0 0 0 0 0 0 0 0 0 0 0 0 0 0 0 0 0 0 0 0 0 0 0 0 0 0 1 0 0 0 0 0 0 0 0 0 2 0 0 0 0 0 0 0 0 0 0 0 0 0 0 0 0 0 0 0 0 0 0 0 0 0 0 0 0 0 0 
0
0 0 0 0 0 0 0 0 0 
0 0 0 0 0 0 0 0 0 0 0 0 0 0 0 0 0 0 0 0 0 0 0 0 0 0 0 0 0 0 0 0 0 0 0 0 0 0 0 0 1 0 0 0 0 0 0 0 0 0 2 0 0 0 0 0 0 0 0 0 0 0 1 0 0 0 0 0 0 0 0 0 0 0 0 0 0 0 0 0 0 
0 0 0 0 0 0 0 0 0 0 0 0 0 0 0 0 0 0 0 0 0 0 0 0 0 0 0 0 0 0 0 0 0 0 0 0 0 0 0 0 1 0 0 0 0 0 0 0 0 0 2 0 0 0 0 0 0 0 0 0 0 0 1 0 0 0 0 0 0 0 0 0 0 0 0 0 0 0 0 0 0 
0
0 0 0 0 0 0 0 0 0 
0 0 0 0 0 0 0 0 0 0 0 0 0 0 0 0 0 0 0 0 0 0 0 0 0 2 0 0 0 0 0 0 0 0 0 0 0 0 0 0 1 0 0 0 0 0 0 0 0 0 2 0 0 0 0 0 0 0 0 0 0 0 1 0 0 0 0 0 0 0 0 0 0 0 0 0 0 0 0 0 0 
0 0 0 0 0 0 0 0 0 0 0 0 0 0 0 0 0 0 0 0 0 0 0 0 0 2 0 0 0 0 0 0 0 0 0 0 0 0 0 0 1 0 0 0 0 0 0 0 0 0 2 0 0 0 0 0 0 0 0 0 0 0 1 0 0 0 0 0 0 0 0 0 0 0 0 0 0 0 0 0 0 
0
0 0 0 0 0 0 0 0 0 
0 0 0 0 0 0 0 0 0 0 0 0 0 0 0 0 0 0 0 0 0 0 0 0 0 2 0 0 0 0 0 0 0 0 0 0 0 0 0 0 1 0 0 0 0 0 0 0 0 0 2 0 0 0 0 0 0 0 0 0 0 0 1 0 0 0 0 0 0 0 0 0 0 0 0 1 0 0 0 0 0 
0 0 0 0 0 0 0 0 0 0 0 0 0 0 0 0 0 0 0 0 0 0 0 0 0 2 0 0 0 0 0 0 0 0 0 0 0 0 0 0 1 0 0 0 0 0 0 0 0 0 2 0 0 0 0 0 0 0 0 0 0 0 1 0 0 0 0 0 0 0 0 0 0 0 0 1 0 0 0 0 0 
0
0 0 0 0 0 0 0 0 0 
0 0 0 0 0 0 0 0 0 0 0 0 0 0 0 0 0 0 0 0 0 0 0 0 0 2 0 0 0 0 0 0 0 0 0 0 0 0 0 0 1 0 0 0 0 0 0 0 0 0 2 0 0 0 0 0 0 0 0 0 0 0 1 0 0 0 0 0 0 0 0 0 2 0 0 1 0 0 0 0 0 
0 0 0 0 0 0 0 0 0 0 0 0 0 0 0 0 0 0 0 0 0 0 0 0 0 2 0 0 0 0 0 0 0 0 0 0 0 0 0 0 1 0 0 0 0 0 0 0 0 0 2 0 0 0 0 0 0 0 0 0 0 0 1 0 0 0 0 0 0 0 0 0 2 0 0 1 0 0 0 0 0 
0
0 0 0 0 0 0 0 0 0 
0 0 0 0 0 0 0 0 0 0 0 0 0 0 0 0 0 0 0 0 0 0 0 0 0 2 0 0 0 0 0 0 0 0 0 0 0 0 0 0 1 0 0 0 0 0 0 0 0 0 2 0 0 0 1 0 0 0 0 0 0 0 1 0 0 0 0 0 0 0 0 0 2 0 0 1 0 0 0 0 0 
0 0 0 0 0 0 0 0 0 0 0 0 0 0 0 0 0 0 0 0 0 0 0 0 0 2 0 0 0 0 0 0 0 0 0 0 0 0 0 0 1 0 0 0 0 0 0 0 0 0 2 0 0 0 1 0 0 0 0 0 0 0 1 0 0 0 0 0 0 0 0 0 2 0 0 1 0 0 0 0 0 
0
0 0 0 0 0 0 0 0 0 
0 0 0 0 0 0 0 0 0 0 0 2 0 0 0 0 0 0 0 0 0 0 0 0 0 2 0 0 0 0 0 0 0 0 0 0 0 0 0 0 1 0 0 0 0 0 0 0 0 0 2 0 0 0 1 0 0 0 0 0 0 0 1 0 0 0 0 0 0 0 0 0 2 0 0 1 0 0 0 0 0 
0 0 0 0 0 0 0 0 0 0 0 2 0 0 0 0 0 0 0 0 0 0 0 0 0 2 0 0 0 0 0 0 0 0 0 0 0 0 0 0 1 0 0 0 0 0 0 0 0 0 2 0 0 0 1 0 0 0 0 0 0 0 1 0 0 0 0 0 0 0 0 0 2 0 0 1 0 0 0 0 0 
0
0 0 0 0 0 0 0 0 0 
0 0 0 0 0 0 0 0 0 0 0 2 0 0 0 0 0 0 0 0 0 0 0 0 0 2 0 0 0 0 0 0 0 0 0 0 0 0 0 0 1 0 0 0 0 0 0 0 0 0 2 0 1 0 1 0 0 0 0 0 0 0 1 0 0 0 0 0 0 0 0 0 2 0 0 1 0 0 0 0 0 
0 0 0 0 0 0 0 0 0 0 0 2 0 0 0 0 0 0 0 0 0 0 0 0 0 2 0 0 0 0 0 0 0 0 0 0 0 0 0 0 1 0 0 0 0 0 0 0 0 0 2 0 1 0 1 0 0 0 0 0 0 0 1 0 0 0 0 0 0 0 0 0 2 0 0 1 0 0 0 0 0 
0
0 0 0 0 0 0 0 0 0 
0 0 0 0 0 0 0 0 0 0 0 2 0 0 0 0 0 0 0 0 0 0 0 0 0 2 0 0 0 0 0 0 0 0 0 0 0 0 0 0 1 0 0 0 0 0 0 0 0 0 2 0 1 0 1 0 0 0 0 0 0 0 1 0 0 0 2 0 0 0 0 0 2 0 0 1 0 0 0 0 0 
0 0 0 0 0 0 0 0 0 0 0 2 0 0 0 0 0 0 0 0 0 0 0 0 0 2 0 0 0 0 0 0 0 0 0 0 0 0 0 0 1 0 0 0 0 0 0 0 0 0 2 0 1 0 1 0 0 0 0 0 0 0 1 0 0 0 2 0 0 0 0 0 2 0 0 1 0 0 0 0 0 
0
0 0 0 0 0 0 0 0 0 
0 0 0 0 0 0 0 0 0 0 0 2 0 0 0 0 0 0 0 0 0 0 0 0 0 2 0 0 0 0 0 0 0 0 0 0 0 0 0 0 1 0 0 0 0 0 0 1 0 0 2 0 1 0 1 0 0 0 0 0 0 0 1 0 0 0 2 0 0 0 0 0 2 0 0 1 0 0 0 0 0 
0 0 0 0 0 0 0 0 0 0 0 2 0 0 0 0 0 0 0 0 0 0 0 0 0 2 0 0 0 0 0 0 0 0 0 0 0 0 0 0 1 0 0 0 0 0 0 1 0 0 2 0 1 0 1 0 0 0 0 0 0 0 1 0 0 0 2 0 0 0 0 0 2 0 0 1 0 0 0 0 0 
0
0 0 0 0 0 0 0 0 0 
0 0 0 0 0 0 0 0 0 0 0 2 0 0 0 0 0 0 0 0 0 0 0 0 0 2 0 0 0 0 0 0 0 0 0 0 0 0 0 0 1 0 0 0 0 0 0 1 0 0 2 0 1 0 1 0 0 0 0 0 2 0 1 0 0 0 2 0 0 0 0 0 2 0 0 1 0 0 0 0 0 
0 0 0 0 0 0 0 0 0 0 0 2 0 0 0 0 0 0 0 0 0 0 0 0 0 2 0 0 0 0 0 0 0 0 0 0 0 0 0 0 1 0 0 0 0 0 0 1 0 0 2 0 1 0 1 0 0 0 0 0 2 0 1 0 0 0 2 0 0 0 0 0 2 0 0 1 0 0 0 0 0 
0
0 0 0 0 0 0 0 0 0 
0 0 1 0 0 0 0 0 0 0 0 2 0 0 0 0 0 0 0 0 0 0 0 0 0 2 0 0 0 0 0 0 0 0 0 0 0 0 0 0 1 0 0 0 0 0 0 1 0 0 2 0 1 0 1 0 0 0 0 0 2 0 1 0 0 0 2 0 0 0 0 0 2 0 0 1 0 0 0 0 0 
0 0 1 0 0 0 0 0 0 0 0 2 0 0 0 0 0 0 0 0 0 0 0 0 0 2 0 0 0 0 0 0 0 0 0 0 0 0 0 0 1 0 0 0 0 0 0 1 0 0 2 0 1 0 1 0 0 0 0 0 2 0 1 0 0 0 2 0 0 0 0 0 2 0 0 1 0 0 0 0 0 
0
0 0 0 0 0 0 0 0 0 
0 0 1 0 0 0 0 2 0 0 0 2 0 0 0 0 0 0 0 0 0 0 0 0 0 2 0 0 0 0 0 0 0 0 0 0 0 0 0 0 1 0 0 0 0 0 0 1 0 0 2 0 1 0 1 0 0 0 0 0 2 0 1 0 0 0 2 0 0 0 0 0 2 0 0 1 0 0 0 0 0 
0 0 1 0 0 0 0 2 0 0 0 2 0 0 0 0 0 0 0 0 0 0 0 0 0 2 0 0 0 0 0 0 0 0 0 0 0 0 0 0 1 0 0 0 0 0 0 1 0 0 2 0 1 0 1 0 0 0 0 0 2 0 1 0 0 0 2 0 0 0 0 0 2 0 0 1 0 0 0 0 0 
0
0 0 0 0 0 0 0 0 0 
0 0 1 0 0 0 0 2 0 0 0 2 0 0 0 0 0 0 0 0 0 0 1 0 0 2 0 0 0 0 0 0 0 0 0 0 0 0 0 0 1 0 0 0 0 0 0 1 0 0 2 0 1 0 1 0 0 0 0 0 2 0 1 0 0 0 2 0 0 0 0 0 2 0 0 1 0 0 0 0 0 
0 0 1 0 0 0 0 2 0 0 0 2 0 0 0 0 0 0 0 0 0 0 1 0 0 2 0 0 0 0 0 0 0 0 0 0 0 0 0 0 1 0 0 0 0 0 0 1 0 0 2 0 1 0 1 0 0 0 0 0 2 0 1 0 0 0 2 0 0 0 0 0 2 0 0 1 0 0 0 0 0 
0
0 0 0 0 0 0 0 0 0 
0 0 1 0 0 0 0 2 0 0 0 2 0 0 0 0 0 0 0 0 0 0 1 0 0 2 0 0 0 0 0 0 0 0 0 0 0 0 0 0 1 0 0 0 0 0 0 1 0 0 2 0 1 0 1 0 0 0 0 0 2 0 1 0 0 0 2 0 2 0 0 0 2 0 0 1 0 0 0 0 0 
0 0 1 0 0 0 0 2 0 0 0 2 0 0 0 0 0 0 0 0 0 0 1 0 0 2 0 0 0 0 0 0 0 0 0 0 0 0 0 0 1 0 0 0 0 0 0 1 0 0 2 0 1 0 1 0 0 0 0 0 2 0 1 0 0 0 2 0 2 0 0 0 2 0 0 1 0 0 0 0 0 
0
0 0 0 0 0 0 0 0 0 
0 0 1 0 0 0 0 2 0 0 0 2 0 0 0 0 0 0 0 0 0 0 1 0 0 2 0 0 0 0 0 0 0 0 0 0 0 0 0 0 1 0 0 0 0 0 0 1 0 0 2 0 1 1 1 0 0 0 0 0 2 0 1 0 0 0 2 0 2 0 0 0 2 0 0 1 0 0 0 0 0 
0 0 1 0 0 0 0 2 0 0 0 2 0 0 0 0 0 0 0 0 0 0 1 0 0 2 0 0 0 0 0 0 0 0 0 0 0 0 0 0 1 0 0 0 0 0 0 1 0 0 2 0 1 1 1 0 0 0 0 0 2 0 1 0 0 0 2 0 2 0 0 0 2 0 0 1 0 0 0 0 0 
0
0 0 0 0 0 0 0 0 0 
0 0 1 0 0 0 0 2 0 0 0 2 0 0 0 0 0 0 0 0 0 0 1 0 0 2 0 0 0 0 0 0 0 0 0 0 0 0 0 0 1 0 0 0 0 0 0 1 0 0 2 0 1 1 1 0 0 0 0 0 2 0 1 0 0 0 2 0 2 0 0 0 2 0 0 1 0 0 2 0 0 
0 0 1 0 0 0 0 2 0 0 0 2 0 0 0 0 0 0 0 0 0 0 1 0 0 2 0 0 0 0 0 0 0 0 0 0 0 0 0 0 1 0 0 0 0 0 0 1 0 0 2 0 1 1 1 0 0 0 0 0 2 0 1 0 0 0 2 0 2 0 0 0 2 0 0 1 0 0 2 0 0 
0
0 0 0 0 0 0 0 0 0 
0 0 1 0 0 0 0 2 0 0 0 2 0 0 0 0 0 0 0 0 0 0 1 0 0 2 0 0 0 0 0 0 0 0 0 0 0 0 0 0 1 0 0 0 0 0 0 1 0 0 2 0 1 1 1 0 1 0 0 0 2 0 1 0 0 0 2 0 2 0 0 0 2 0 0 1 0 0 2 0 0 
0 0 1 0 0 0 0 2 0 0 0 2 0 0 0 0 0 0 0 0 0 0 1 0 0 2 0 0 0 0 0 0 0 0 0 0 0 0 0 0 1 0 0 0 0 0 0 1 0 0 2 0 1 1 1 0 1 0 0 0 2 0 1 0 0 0 2 0 2 0 0 0 2 0 0 1 0 0 2 0 0 
0
0 0 2 0 0 0 0 0 0 
0 0 1 0 0 0 0 2 0 0 0 2 0 0 0 0 2 0 0 0 0 0 1 0 0 2 0 0 0 0 0 0 0 0 0 0 0 0 0 0 1 0 0 0 0 0 0 1 0 0 2 0 1 1 1 0 1 0 0 0 2 0 1 0 0 0 2 0 2 0 0 0 2 0 0 1 0 0 2 0 0 
0 0 1 0 0 0 32 34 32 0 0 2 0 0 0 32 34 32 0 0 0 0 1 0 32 34 32 0 0 0 0 0 0 0 0 0 0 0 0 0 1 0 0 0 0 0 0 1 0 0 2 0 1 1 1 0 1 0 0 0 2 0 1 0 0 0 2 0 2 0 0 0 2 0 0 1 0 0 2 0 0 
0
0 0 2 0 0 0 0 0 0 
0 0 1 0 0 0 0 2 0 0 0 2 0 0 0 0 2 0 0 0 0 0 1 0 0 2 0 0 0 0 0 0 0 0 0 0 0 0 0 0 1 0 0 0 0 0 0 1 1 0 2 0 1 1 1 0 1 0 0 0 2 0 1 0 0 0 2 0 2 0 0 0 2 0 0 1 0 0 2 0 0 
0 0 1 0 0 0 32 34 32 0 0 2 0 0 0 32 34 32 0 0 0 0 1 0 32 34 32 0 0 0 0 0 0 0 0 0 0 0 0 0 1 0 0 0 0 0 0 1 1 0 2 0 1 1 1 0 1 0 0 0 2 0 1 0 0 0 2 0 2 0 0 0 2 0 0 1 0 0 2 0 0 
0
0 0 2 0 0 0 0 0 0 
0 0 1 0 0 0 0 2 0 0 0 2 0 0 0 0 2 0 0 0 0 0 1 0 0 2 0 0 0 0 0 0 0 0 0 0 0 0 0 0 1 0 0 0 0 0 0 1 1 0 2 0 1 1 1 2 1 0 0 0 2 0 1 0 0 0 2 0 2 0 0 0 2 0 0 1 0 0 2 0 0 
0 0 1 0 0 0 32 34 32 0 0 2 0 0 0 32 34 32 0 0 0 0 1 0 32 34 32 0 0 0 0 0 0 0 0 0 0 0 0 0 1 0 0 0 0 0 0 1 1 0 2 0 1 1 1 2 1 0 0 0 2 0 1 0 0 0 2 0 2 0 0 0 2 0 0 1 0 0 2 0 0 
0
0 0 2 0 0 0 0 0 0 
0 0 1 0 1 0 0 2 0 0 0 2 0 0 0 0 2 0 0 0 0 0 1 0 0 2 0 0 0 0 0 0 0 0 0 0 0 0 0 0 1 0 0 0 0 0 0 1 1 0 2 0 1 1 1 2 1 0 0 0 2 0 1 0 0 0 2 0 2 0 0 0 2 0 0 1 0 0 2 0 0 
0 0 1 0 1 0 32 34 32 0 0 2 0 0 0 32 34 32 0 0 0 0 1 0 32 34 32 0 0 0 0 0 0 0 0 0 0 0 0 0 1 0 0 0 0 0 0 1 1 0 2 0 1 1 1 2 1 0 0 0 2 0 1 0 0 0 2 0 2 0 0 0 2 0 0 1 0 0 2 0 0 
0
0 0 2 0 0 0 0 0 0 
0 0 1 0 1 0 0 2 0 0 0 2 0 2 0 0 2 0 0 0 0 0 1 0 0 2 0 0 0 0 0 0 0 0 0 0 0 0 0 0 1 0 0 0 0 0 0 1 1 0 2 0 1 1 1 2 1 0 0 0 2 0 1 0 0 0 2 0 2 0 0 0 2 0 0 1 0 0 2 0 0 
0 0 1 0 1 0 32 34 32 0 0 2 0 2 0 32 34 32 0 0 0 0 1 0 32 34 32 0 0 0 0 0 0 0 0 0 0 0 0 0 1 0 0 0 0 0 0 1 1 0 2 0 1 1 1 2 1 0 0 0 2 0 1 0 0 0 2 0 2 0 0 0 2 0 0 1 0 0 2 0 0 
0
0 0 2 0 1 0 0 0 0 
0 0 1 0 1 0 0 2 0 0 0 2 0 2 0 0 2 0 0 0 0 0 1 0 0 2 0 0 0 0 0 0 1 0 0 0 0 0 0 0 1 0 0 0 0 0 0 1 1 0 2 0 1 1 1 2 1 0 0 0 2 0 1 0 0 0 2 0 2 0 0 0 2 0 0 1 0 0 2 0 0 
0 0 1 0 1 0 32 34 32 0 0 2 0 2 0 32 34 32 0 0 0 0 1 0 32 34 32 0 0 0 16 16 17 0 0 0 0 0 0 16 17 16 0 0 0 0 0 1 17 16 18 0 1 1 1 2 1 0 0 0 2 0 1 0 0 0 2 0 2 0 0 0 2 0 0 1 0 0 2 0 0 
0
0 0 2 0 1 0 0 0 2 
0 0 1 0 1 0 0 2 0 0 0 2 0 2 0 0 2 0 0 0 0 0 1 0 0 2 0 0 0 0 0 0 1 0 0 0 0 0 0 0 1 0 0 0 0 0 0 1 1 0 2 0 1 1 1 2 1 0 0 0 2 0 1 0 0 0 2 0 2 2 0 0 2 0 0 1 0 0 2 0 0 
0 0 1 0 1 0 32 34 32 0 0 2 0 2 0 32 34 32 0 0 0 0 1 0 32 34 32 0 0 0 16 16 17 0 0 0 0 0 0 16 17 16 0 0 0 0 0 1 17 16 18 0 1 1 1 2 1 0 0 0 34 32 33 0 0 0 2 0 2 34 32 32 2 0 0 1 0 0 34 32 32 
0
0 0 2 0 1 0 0 0 2 
0 0 1 0 1 0 0 2 0 0 0 2 0 2 0 0 2 0 0 0 0 0 1 0 0 2 0 0 0 0 0 0 1 0 0 0 0 0 0 0 1 0 0 0 0 0 1 1 1 0 2 0 1 1 1 2 1 0 0 0 2 0 1 0 0 0 2 0 2 2 0 0 2 0 0 1 0 0 2 0 0 
0 0 1 0 1 0 32 34 32 0 0 2 0 2 0 32 34 32 0 0 0 0 1 0 32 34 32 0 0 0 16 16 17 0 0 0 0 0 0 16 17 16 0 0 0 0 1 1 17 16 18 0 1 1 1 2 1 0 0 0 34 32 33 0 0 0 2 0 2 34 32 32 2 0 0 1 0 0 34 32 32 
0
0 0 2 0 1 0 0 0 2 
0 0 1 0 1 0 0 2 0 0 0 2 0 2 0 0 2 0 0 0 0 0 1 0 0 2 0 0 0 0 0 0 1 0 0 0 0 0 0 0 1 0 0 0 0 0 1 1 1 0 2 0 1 1 1 2 1 0 2 0 2 0 1 0 0 0 2 0 2 2 0 0 2 0 0 1 0 0 2 0 0 
0 0 1 0 1 0 32 34 32 0 0 2 0 2 0 32 34 32 0 0 0 0 1 0 32 34 32 0 0 0 16 16 17 0 0 0 0 0 0 16 17 16 0 0 0 0 1 1 17 16 18 0 1 1 1 2 1 0 2 0 34 32 33 0 0 0 2 0 2 34 32 32 2 0 0 1 0 0 34 32 32 
0
0 0 2 0 1 0 0 0 2 
0 0 1 1 1 0 0 2 0 0 0 2 0 2 0 0 2 0 0 0 0 0 1 0 0 2 0 0 0 0 0 0 1 0 0 0 0 0 0 0 1 0 0 0 0 0 1 1 1 0 2 0 1 1 1 2 1 0 2 0 2 0 1 0 0 0 2 0 2 2 0 0 2 0 0 1 0 0 2 0 0 
0 0 1 1 1 0 32 34 32 0 0 2 0 2 0 32 34 32 0 0 0 0 1 0 32 34 32 0 0 0 16 16 17 0 0 0 0 0 0 16 17 16 0 0 0 0 1 1 17 16 18 0 1 1 1 2 1 0 2 0 34 32 33 0 0 0 2 0 2 34 32 32 2 0 0 1 0 0 34 32 32 
0
0 0 2 0 1 0 0 0 2 
2 0 1 1 1 0 0 2 0 0 0 2 0 2 0 0 2 0 0 0 0 0 1 0 0 2 0 0 0 0 0 0 1 0 0 0 0 0 0 0 1 0 0 0 0 0 1 1 1 0 2 0 1 1 1 2 1 0 2 0 2 0 1 0 0 0 2 0 2 2 0 0 2 0 0 1 0 0 2 0 0 
2 0 1 1 1 0 32 34 32 0 0 2 0 2 0 32 34 32 0 0 0 0 1 0 32 34 32 0 0 0 16 16 17 0 0 0 0 0 0 16 17 16 0 0 0 0 1 1 17 16 18 0 1 1 1 2 1 0 2 0 34 32 33 0 0 0 2 0 2 34 32 32 2 0 0 1 0 0 34 32 32 
0
0 0 2 0 1 0 0 0 2 
2 0 1 1 1 0 0 2 0 1 0 2 0 2 0 0 2 0 0 0 0 0 1 0 0 2 0 0 0 0 0 0 1 0 0 0 0 0 0 0 1 0 0 0 0 0 1 1 1 0 2 0 1 1 1 2 1 0 2 0 2 0 1 0 0 0 2 0 2 2 0 0 2 0 0 1 0 0 2 0 0 
2 0 1 1 1 0 32 34 32 1 0 2 0 2 0 32 34 32 0 0 0 0 1 0 32 34 32 0 0 0 16 16 17 0 0 0 0 0 0 16 17 16 0 0 0 0 1 1 17 16 18 0 1 1 1 2 1 0 2 0 34 32 33 0 0 0 2 0 2 34 32 32 2 0 0 1 0 0 34 32 32 
0
0 0 2 0 1 0 0 0 2 
2 0 1 1 1 0 0 2 0 1 0 2 0 2 0 0 2 0 0 0 0 0 1 0 0 2 0 0 0 0 0 0 1 0 0 0 0 0 0 0 1 0 0 0 0 2 1 1 1 0 2 0 1 1 1 2 1 0 2 0 2 0 1 0 0 0 2 0 2 2 0 0 2 0 0 1 0 0 2 0 0 
2 0 1 1 1 0 32 34 32 1 0 2 0 2 0 32 34 32 0 0 0 0 1 0 32 34 32 0 0 0 16 16 17 0 0 0 0 0 0 16 17 16 0 0 0 2 1 1 17 16 18 0 1 1 1 2 1 0 2 0 34 32 33 0 0 0 2 0 2 34 32 32 2 0 0 1 0 0 34 32 32 
0
0 0 2 0 1 0 0 0 2 
2 0 1 1 1 0 0 2 0 1 0 2 0 2 0 0 2 0 0 0 0 0 1 0 0 2 0 0 0 0 0 0 1 0 0 0 0 0 0 0 1 0 0 0 0 2 1 1 1 0 2 0 1 1 1 2 1 0 2 0 2 0 1 0 0 0 2 0 2 2 0 0 2 0 1 1 0 0 2 0 0 
2 0 1 1 1 0 32 34 32 1 0 2 0 2 0 32 34 32 0 0 0 0 1 0 32 34 32 0 0 0 16 16 17 0 0 0 0 0 0 16 17 16 0 0 0 2 1 1 17 16 18 0 1 1 1 2 1 0 2 0 34 32 33 0 0 0 2 0 2 34 32 32 2 0 1 1 0 0 34 32 32 
0
0 0 2 0 1 0 0 0 2 
2 0 1 1 1 0 0 2 0 1 0 2 0 2 0 0 2 0 0 0 0 0 1 0 0 2 0 0 0 0 0 0 1 0 0 0 0 0 0 0 1 0 0 0 0 2 1 1 1 0 2 2 1 1 1 2 1 0 2 0 2 0 1 0 0 0 2 0 2 2 0 0 2 0 1 1 0 0 2 0 0 
2 0 1 1 1 0 32 34 32 1 0 2 0 2 0 32 34 32 0 0 0 0 1 0 32 34 32 0 0 0 16 16 17 0 0 0 0 0 0 16 17 16 0 0 0 2 1 1 17 16 18 2 1 1 1 2 1 0 2 0 34 32 33 0 0 0 2 0 2 34 32 32 2 0 1 1 0 0 34 32 32 
0
0 0 2 0 1 0 0 0 2 
2 0 1 1 1 0 0 2 0 1 0 2 0 2 0 0 2 0 0 0 0 0 1 0 0 2 0 0 0 0 0 0 1 0 0 0 0 0 0 0 1 0 0 0 0 2 1 1 1 0 2 2 1 1 1 2 1 0 2 0 2 0 1 1 0 0 2 0 2 2 0 0 2 0 1 1 0 0 2 0 0 
2 0 1 1 1 0 32 34 32 1 0 2 0 2 0 32 34 32 0 0 0 0 1 0 32 34 32 0 0 0 16 16 17 0 0 0 0 0 0 16 17 16 0 0 0 2 1 1 17 16 18 2 1 1 1 2 1 0 2 0 34 32 33 1 0 0 2 0 2 34 32 32 2 0 1 1 0 0 34 32 32 
0
0 0 2 0 1 0 0 0 2 
2 0 1 1 1 0 0 2 0 1 0 2 0 2 0 0 2 0 0 0 0 0 1 0 0 2 0 2 0 0 0 0 1 0 0 0 0 0 0 0 1 0 0 0 0 2 1 1 1 0 2 2 1 1 1 2 1 0 2 0 2 0 1 1 0 0 2 0 2 2 0 0 2 0 1 1 0 0 2 0 0 
2 0 1 1 1 0 32 34 32 1 0 2 0 2 0 32 34 32 0 0 0 0 1 0 32 34 32 2 0 0 16 16 17 0 0 0 0 0 0 16 17 16 0 0 0 2 1 1 17 16 18 2 1 1 1 2 1 0 2 0 34 32 33 1 0 0 2 0 2 34 32 32 2 0 1 1 0 0 34 32 32 
0
0 0 2 0 1 0 0 0 2 
2 0 1 1 1 0 0 2 0 1 0 2 0 2 0 0 2 0 0 1 0 0 1 0 0 2 0 2 0 0 0 0 1 0 0 0 0 0 0 0 1 0 0 0 0 2 1 1 1 0 2 2 1 1 1 2 1 0 2 0 2 0 1 1 0 0 2 0 2 2 0 0 2 0 1 1 0 0 2 0 0 
2 0 1 1 1 0 32 34 32 1 0 2 0 2 0 32 34 32 0 1 0 0 1 0 32 34 32 2 0 0 16 16 17 0 0 0 0 0 0 16 17 16 0 0 0 2 1 1 17 16 18 2 1 1 1 2 1 0 2 0 34 32 33 1 0 0 2 0 2 34 32 32 2 0 1 1 0 0 34 32 32 
0
0 0 2 0 1 0 0 2 2 
2 0 1 1 1 0 0 2 0 1 0 2 0 2 0 0 2 0 0 1 0 0 1 0 0 2 0 2 0 0 0 0 1 0 0 0 0 0 0 0 1 0 0 0 0 2 1 1 1 0 2 2 1 1 1 2 1 0 2 0 2 0 1 1 0 0 2 2 2 2 0 0 2 0 1 1 0 0 2 0 0 
2 0 1 1 1 0 32 34 32 1 0 2 0 2 0 32 34 32 0 1 0 0 1 0 32 34 32 2 0 0 16 16 17 0 0 0 0 0 0 16 17 16 0 0 0 2 1 1 17 16 18 2 1 1 1 2 1 32 34 32 34 32 33 1 0 0 34 34 34 34 32 32 2 0 1 33 32 32 34 32 32 
0
0 0 2 0 1 0 0 2 2 
2 0 1 1 1 0 0 2 0 1 0 2 0 2 0 0 2 0 0 1 0 0 1 0 0 2 0 2 0 0 0 0 1 0 1 0 0 0 0 0 1 0 0 0 0 2 1 1 1 0 2 2 1 1 1 2 1 0 2 0 2 0 1 1 0 0 2 2 2 2 0 0 2 0 1 1 0 0 2 0 0 
2 0 1 1 1 0 32 34 32 1 0 2 0 2 0 32 34 32 0 1 0 0 1 0 32 34 32 2 0 0 16 16 17 0 1 0 0 0 0 16 17 16 0 0 0 2 1 1 17 16 18 2 1 1 1 2 1 32 34 32 34 32 33 1 0 0 34 34 34 34 32 32 2 0 1 33 32 32 34 32 32 
0
0 0 2 0 1 0 0 2 2 
2 0 1 1 1 0 0 2 0 1 0 2 0 2 0 0 2 0 0 1 0 2 1 0 0 2 0 2 0 0 0 0 1 0 1 0 0 0 0 0 1 0 0 0 0 2 1 1 1 0 2 2 1 1 1 2 1 0 2 0 2 0 1 1 0 0 2 2 2 2 0 0 2 0 1 1 0 0 2 0 0 
2 0 1 1 1 0 32 34 32 1 0 2 0 2 0 32 34 32 0 1 0 2 1 0 32 34 32 2 0 0 16 16 17 0 1 0 0 0 0 16 17 16 0 0 0 2 1 1 17 16 18 2 1 1 1 2 1 32 34 32 34 32 33 1 0 0 34 34 34 34 32 32 2 0 1 33 32 32 34 32 32 
0
0 0 2 0 1 0 1 2 2 
2 0 1 1 1 0 0 2 0 1 0 2 0 2 0 0 2 0 0 1 0 2 1 0 0 2 0 2 0 0 0 0 1 0 1 0 0 0 0 0 1 0 0 0 0 2 1 1 1 0 2 2 1 1 1 2 1 0 2 0 2 0 1 1 1 0 2 2 2 2 0 0 2 0 1 1 0 0 2 0 0 
2 0 1 1 1 0 32 34 32 1 0 2 0 2 0 32 34 32 0 1 0 2 1 0 32 34 32 2 0 0 16 16 17 0 1 0 0 0 0 16 17 16 0 0 0 2 1 1 17 16 18 2 1 1 17 18 17 32 34 32 34 32 33 17 17 16 34 34 34 34 32 32 18 16 17 33 32 32 34 32 32 
0
0 0 2 0 1 0 1 2 2 
2 2 1 1 1 0 0 2 0 1 0 2 0 2 0 0 2 0 0 1 0 2 1 0 0 2 0 2 0 0 0 0 1 0 1 0 0 0 0 0 1 0 0 0 0 2 1 1 1 0 2 2 1 1 1 2 1 0 2 0 2 0 1 1 1 0 2 2 2 2 0 0 2 0 1 1 0 0 2 0 0 
2 2 1 1 1 0 32 34 32 1 0 2 0 2 0 32 34 32 0 1 0 2 1 0 32 34 32 2 0 0 16 16 17 0 1 0 0 0 0 16 17 16 0 0 0 2 1 1 17 16 18 2 1 1 17 18 17 32 34 32 34 32 33 17 17 16 34 34 34 34 32 32 18 16 17 33 32 32 34 32 32 
0
0 0 2 0 1 0 1 2 2 
2 2 1 1 1 0 0 2 0 1 0 2 0 2 0 0 2 0 0 1 0 2 1 1 0 2 0 2 0 0 0 0 1 0 1 0 0 0 0 0 1 0 0 0 0 2 1 1 1 0 2 2 1 1 1 2 1 0 2 0 2 0 1 1 1 0 2 2 2 2 0 0 2 0 1 1 0 0 2 0 0 
2 2 1 1 1 0 32 34 32 1 0 2 0 2 0 32 34 32 0 1 0 2 1 1 32 34 32 2 0 0 16 16 17 0 1 0 0 0 0 16 17 16 0 0 0 2 1 1 17 16 18 2 1 1 17 18 17 32 34 32 34 32 33 17 17 16 34 34 34 34 32 32 18 16 17 33 32 32 34 32 32 
0
0 0 2 0 1 0 1 2 2 
2 2 1 1 1 0 0 2 0 1 0 2 0 2 0 0 2 0 0 1 0 2 1 1 0 2 0 2 0 0 0 0 1 2 1 0 0 0 0 0 1 0 0 0 0 2 1 1 1 0 2 2 1 1 1 2 1 0 2 0 2 0 1 1 1 0 2 2 2 2 0 0 2 0 1 1 0 0 2 0 0 
2 2 1 1 1 0 32 34 32 1 0 2 0 2 0 32 34 32 0 1 0 2 1 1 32 34 32 2 0 0 16 16 17 2 1 0 0 0 0 16 17 16 0 0 0 2 1 1 17 16 18 2 1 1 17 18 17 32 34 32 34 32 33 17 17 16 34 34 34 34 32 32 18 16 17 33 32 32 34 32 32 
0
0 0 2 0 1 0 1 2 2 
2 2 1 1 1 0 0 2 0 1 0 2 0 2 0 0 2 0 0 1 1 2 1 1 0 2 0 2 0 0 0 0 1 2 1 0 0 0 0 0 1 0 0 0 0 2 1 1 1 0 2 2 1 1 1 2 1 0 2 0 2 0 1 1 1 0 2 2 2 2 0 0 2 0 1 1 0 0 2 0 0 
2 2 1 1 1 0 32 34 32 1 0 2 0 2 0 32 34 32 0 1 1 2 1 1 32 34 32 2 0 0 16 16 17 2 1 0 0 0 0 16 17 16 0 0 0 2 1 1 17 16 18 2 1 1 17 18 17 32 34 32 34 32 33 17 17 16 34 34 34 34 32 32 18 16 17 33 32 32 34 32 32 
0
0 0 2 0 1 2 1 2 2 
2 2 1 1 1 0 0 2 0 1 0 2 0 2 0 0 2 0 0 1 1 2 1 1 0 2 0 2 0 0 0 0 1 2 1 0 0 0 0 0 1 0 2 0 0 2 1 1 1 0 2 2 1 1 1 2 1 0 2 0 2 0 1 1 1 0 2 2 2 2 0 0 2 0 1 1 0 0 2 0 0 
2 2 1 1 1 0 32 34 32 1 0 2 0 2 0 32 34 32 0 1 1 2 1 1 32 34 32 2 0 0 16 16 17 34 33 32 0 0 0 16 17 16 34 32 32 2 1 1 17 16 18 34 33 33 17 18 17 32 34 32 34 32 33 17 17 16 34 34 34 34 32 32 18 16 17 33 32 32 34 32 32 
0
0 0 2 0 1 2 1 2 2 
2 2 1 1 1 0 0 2 0 1 0 2 0 2 0 0 2 0 0 1 1 2 1 1 0 2 0 2 0 0 0 0 1 2 1 0 0 0 0 0 1 0 2 0 0 2 1 1 1 0 2 2 1 1 1 2 1 0 2 0 2 0 1 1 1 0 2 2 2 2 0 0 2 0 1 1 0 0 2 0 0 
2 2 1 1 1 0 32 34 32 1 0 2 0 2 0 32 34 32 0 1 1 2 1 1 32 34 32 2 0 0 16 16 17 34 33 32 0 0 0 16 17 16 34 32 32 2 1 1 17 16 18 34 33 33 17 18 17 32 34 32 34 32 33 17 17 16 34 34 34 34 32 32 18 16 17 33 32 32 34 32 32 
0
