0 0 0 0 0 0 0 0 0 
0 0 0 0 0 0 0 0 0 0 0 0 0 0 0 0 0 0 0 0 0 0 0 0 0 0 0 0 0 0 0 0 0 0 0 0 0 0 0 0 0 0 0 0 0 0 0 0 0 0 0 0 0 0 0 0 0 0 0 0 0 0 0 0 0 1 0 0 0 0 0 0 0 0 0 0 0 0 0 0 0 
0 0 0 0 0 0 0 0 0 0 0 0 0 0 0 0 0 0 0 0 0 0 0 0 0 0 0 0 0 0 0 0 0 0 0 0 0 0 0 0 0 0 0 0 0 0 0 0 0 0 0 0 0 0 0 0 0 0 0 0 0 0 0 0 0 1 0 0 0 0 0 0 0 0 0 0 0 0 0 0 0 
1
0 0 0 0 0 0 0 0 0 
0 0 0 0 0 0 0 0 0 0 0 0 0 0 0 0 0 0 0 0 0 0 0 0 0 0 0 0 0 0 0 0 0 0 0 0 0 0 0 0 0 0 0 0 2 0 0 0 0 0 0 0 0 0 0 0 0 0 0 0 0 0 0 0 0 1 0 0 0 0 0 0 0 0 0 0 0 0 0 0 0 
0 0 0 0 0 0 0 0 0 0 0 0 0 0 0 0 0 0 0 0 0 0 0 0 0 0 0 0 0 0 0 0 0 0 0 0 0 0 0 0 0 0 0 0 2 0 0 0 0 0 0 0 0 0 0 0 0 0 0 0 0 0 0 0 0 1 0 0 0 0 0 0 0 0 0 0 0 0 0 0 0 
1
0 0 0 0 0 0 0 0 0 
0 0 0 0 0 0 0 0 0 0 0 0 0 0 0 0 0 0 0 0 0 0 0 0 0 0 0 0 0 0 0 0 0 0 0 0 0 0 0 0 0 0 0 0 2 0 0 0 0 0 0 0 0 1 0 0 0 0 0 0 0 0 0 0 0 1 0 0 0 0 0 0 0 0 0 0 0 0 0 0 0 
0 0 0 0 0 0 0 0 0 0 0 0 0 0 0 0 0 0 0 0 0 0 0 0 0 0 0 0 0 0 0 0 0 0 0 0 0 0 0 0 0 0 0 0 2 0 0 0 0 0 0 0 0 1 0 0 0 0 0 0 0 0 0 0 0 1 0 0 0 0 0 0 0 0 0 0 0 0 0 0 0 
1
0 0 0 0 0 0 0 0 0 
0 0 0 0 0 0 0 0 0 0 0 0 0 0 0 0 0 0 0 0 0 0 0 0 0 0 0 0 0 0 0 0 0 0 0 0 0 0 0 0 0 0 0 0 2 0 0 0 0 0 0 0 0 1 0 0 0 0 0 0 0 0 0 0 0 1 0 0 0 0 0 2 0 0 0 0 0 0 0 0 0 
0 0 0 0 0 0 0 0 0 0 0 0 0 0 0 0 0 0 0 0 0 0 0 0 0 0 0 0 0 0 0 0 0 0 0 0 0 0 0 0 0 0 0 0 2 0 0 0 0 0 0 0 0 1 0 0 0 0 0 0 0 0 0 0 0 1 0 0 0 0 0 2 0 0 0 0 0 0 0 0 0 
1
0 0 0 0 0 0 0 0 0 
0 0 0 0 0 0 0 0 0 0 0 0 0 0 0 0 0 0 0 0 0 0 0 0 0 0 0 0 0 0 0 0 0 0 0 0 0 0 0 0 0 0 0 0 2 0 0 0 0 0 0 0 1 1 0 0 0 0 0 0 0 0 0 0 0 1 0 0 0 0 0 2 0 0 0 0 0 0 0 0 0 
0 0 0 0 0 0 0 0 0 0 0 0 0 0 0 0 0 0 0 0 0 0 0 0 0 0 0 0 0 0 0 0 0 0 0 0 0 0 0 0 0 0 0 0 2 0 0 0 0 0 0 0 1 1 0 0 0 0 0 0 0 0 0 0 0 1 0 0 0 0 0 2 0 0 0 0 0 0 0 0 0 
1
0 0 0 0 0 0 0 0 0 
0 0 0 0 0 0 0 0 0 0 0 0 0 0 0 0 0 0 0 0 0 0 0 0 0 0 0 0 0 0 0 0 0 0 0 0 0 0 0 0 0 0 0 0 2 0 0 0 0 0 0 0 1 1 0 0 0 0 0 0 0 0 0 0 0 1 2 0 0 0 0 2 0 0 0 0 0 0 0 0 0 
0 0 0 0 0 0 0 0 0 0 0 0 0 0 0 0 0 0 0 0 0 0 0 0 0 0 0 0 0 0 0 0 0 0 0 0 0 0 0 0 0 0 0 0 2 0 0 0 0 0 0 0 1 1 0 0 0 0 0 0 0 0 0 0 0 1 2 0 0 0 0 2 0 0 0 0 0 0 0 0 0 
1
0 0 0 0 0 0 0 0 0 
0 0 0 0 0 0 0 0 0 0 0 0 0 0 0 0 0 0 0 0 0 0 0 0 0 0 0 0 0 0 0 0 0 0 0 0 0 0 0 0 0 0 0 0 2 1 0 0 0 0 0 0 1 1 0 0 0 0 0 0 0 0 0 0 0 1 2 0 0 0 0 2 0 0 0 0 0 0 0 0 0 
0 0 0 0 0 0 0 0 0 0 0 0 0 0 0 0 0 0 0 0 0 0 0 0 0 0 0 0 0 0 0 0 0 0 0 0 0 0 0 0 0 0 0 0 2 1 0 0 0 0 0 0 1 1 0 0 0 0 0 0 0 0 0 0 0 1 2 0 0 0 0 2 0 0 0 0 0 0 0 0 0 
1
0 0 0 0 0 0 0 0 0 
0 0 0 0 0 0 0 0 0 0 0 0 0 0 0 0 0 0 0 0 0 0 0 0 0 0 0 0 0 0 0 0 0 0 0 0 0 0 0 0 0 0 0 0 2 1 0 0 0 0 0 0 1 1 0 0 2 0 0 0 0 0 0 0 0 1 2 0 0 0 0 2 0 0 0 0 0 0 0 0 0 
0 0 0 0 0 0 0 0 0 0 0 0 0 0 0 0 0 0 0 0 0 0 0 0 0 0 0 0 0 0 0 0 0 0 0 0 0 0 0 0 0 0 0 0 2 1 0 0 0 0 0 0 1 1 0 0 2 0 0 0 0 0 0 0 0 1 2 0 0 0 0 2 0 0 0 0 0 0 0 0 0 
1
0 0 0 0 0 0 0 0 0 
0 0 0 0 0 0 1 0 0 0 0 0 0 0 0 0 0 0 0 0 0 0 0 0 0 0 0 0 0 0 0 0 0 0 0 0 0 0 0 0 0 0 0 0 2 1 0 0 0 0 0 0 1 1 0 0 2 0 0 0 0 0 0 0 0 1 2 0 0 0 0 2 0 0 0 0 0 0 0 0 0 
0 0 0 0 0 0 1 0 0 0 0 0 0 0 0 0 0 0 0 0 0 0 0 0 0 0 0 0 0 0 0 0 0 0 0 0 0 0 0 0 0 0 0 0 2 1 0 0 0 0 0 0 1 1 0 0 2 0 0 0 0 0 0 0 0 1 2 0 0 0 0 2 0 0 0 0 0 0 0 0 0 
1
0 0 0 0 0 0 0 0 0 
0 0 0 0 0 0 1 0 0 2 0 0 0 0 0 0 0 0 0 0 0 0 0 0 0 0 0 0 0 0 0 0 0 0 0 0 0 0 0 0 0 0 0 0 2 1 0 0 0 0 0 0 1 1 0 0 2 0 0 0 0 0 0 0 0 1 2 0 0 0 0 2 0 0 0 0 0 0 0 0 0 
0 0 0 0 0 0 1 0 0 2 0 0 0 0 0 0 0 0 0 0 0 0 0 0 0 0 0 0 0 0 0 0 0 0 0 0 0 0 0 0 0 0 0 0 2 1 0 0 0 0 0 0 1 1 0 0 2 0 0 0 0 0 0 0 0 1 2 0 0 0 0 2 0 0 0 0 0 0 0 0 0 
1
0 0 0 0 0 0 0 0 0 
0 0 0 0 0 0 1 0 0 2 0 0 0 0 0 0 0 0 0 0 0 0 0 0 0 0 0 0 0 0 0 0 0 0 0 0 0 1 0 0 0 0 0 0 2 1 0 0 0 0 0 0 1 1 0 0 2 0 0 0 0 0 0 0 0 1 2 0 0 0 0 2 0 0 0 0 0 0 0 0 0 
0 0 0 0 0 0 1 0 0 2 0 0 0 0 0 0 0 0 0 0 0 0 0 0 0 0 0 0 0 0 0 0 0 0 0 0 0 1 0 0 0 0 0 0 2 1 0 0 0 0 0 0 1 1 0 0 2 0 0 0 0 0 0 0 0 1 2 0 0 0 0 2 0 0 0 0 0 0 0 0 0 
1
0 0 0 0 0 0 0 0 0 
0 0 0 0 0 0 1 0 0 2 0 0 0 0 0 0 0 0 0 0 0 0 0 0 0 0 0 0 0 0 0 0 0 0 0 0 0 1 0 0 0 2 0 0 2 1 0 0 0 0 0 0 1 1 0 0 2 0 0 0 0 0 0 0 0 1 2 0 0 0 0 2 0 0 0 0 0 0 0 0 0 
0 0 0 0 0 0 1 0 0 2 0 0 0 0 0 0 0 0 0 0 0 0 0 0 0 0 0 0 0 0 0 0 0 0 0 0 0 1 0 0 0 2 0 0 2 1 0 0 0 0 0 0 1 1 0 0 2 0 0 0 0 0 0 0 0 1 2 0 0 0 0 2 0 0 0 0 0 0 0 0 0 
1
0 0 0 0 0 1 0 0 0 
0 0 0 0 0 0 1 0 0 2 0 0 0 0 0 0 0 0 0 0 0 0 0 0 0 0 0 0 0 0 0 0 0 0 0 0 0 1 0 0 0 2 0 0 2 1 0 0 0 0 0 1 1 1 0 0 2 0 0 0 0 0 0 0 0 1 2 0 0 0 0 2 0 0 0 0 0 0 0 0 0 
0 0 0 0 0 0 1 0 0 2 0 0 0 0 0 0 0 0 0 0 0 0 0 0 0 0 0 0 0 0 0 0 0 16 16 16 0 1 0 0 0 2 16 16 18 1 0 0 0 0 0 17 17 17 0 0 2 0 0 0 0 0 0 0 0 1 2 0 0 0 0 2 0 0 0 0 0 0 0 0 0 
1
0 0 0 0 0 1 0 0 0 
0 0 0 0 0 0 1 0 0 2 0 0 0 0 0 0 0 0 0 0 0 0 0 0 0 0 0 0 0 0 0 0 0 0 0 0 0 1 0 0 0 2 0 0 2 1 0 0 0 0 0 1 1 1 2 0 2 0 0 0 0 0 0 0 0 1 2 0 0 0 0 2 0 0 0 0 0 0 0 0 0 
0 0 0 0 0 0 1 0 0 2 0 0 0 0 0 0 0 0 0 0 0 0 0 0 0 0 0 0 0 0 0 0 0 16 16 16 0 1 0 0 0 2 16 16 18 1 0 0 0 0 0 17 17 17 2 0 2 0 0 0 0 0 0 0 0 1 2 0 0 0 0 2 0 0 0 0 0 0 0 0 0 
1
0 0 0 0 0 1 0 0 0 
0 0 1 0 0 0 1 0 0 2 0 0 0 0 0 0 0 0 0 0 0 0 0 0 0 0 0 0 0 0 0 0 0 0 0 0 0 1 0 0 0 2 0 0 2 1 0 0 0 0 0 1 1 1 2 0 2 0 0 0 0 0 0 0 0 1 2 0 0 0 0 2 0 0 0 0 0 0 0 0 0 
0 0 1 0 0 0 1 0 0 2 0 0 0 0 0 0 0 0 0 0 0 0 0 0 0 0 0 0 0 0 0 0 0 16 16 16 0 1 0 0 0 2 16 16 18 1 0 0 0 0 0 17 17 17 2 0 2 0 0 0 0 0 0 0 0 1 2 0 0 0 0 2 0 0 0 0 0 0 0 0 0 
1
0 0 0 0 0 1 0 0 0 
0 0 1 0 0 0 1 0 0 2 0 0 0 0 0 0 0 0 0 0 0 0 0 0 2 0 0 0 0 0 0 0 0 0 0 0 0 1 0 0 0 2 0 0 2 1 0 0 0 0 0 1 1 1 2 0 2 0 0 0 0 0 0 0 0 1 2 0 0 0 0 2 0 0 0 0 0 0 0 0 0 
0 0 1 0 0 0 1 0 0 2 0 0 0 0 0 0 0 0 0 0 0 0 0 0 2 0 0 0 0 0 0 0 0 16 16 16 0 1 0 0 0 2 16 16 18 1 0 0 0 0 0 17 17 17 2 0 2 0 0 0 0 0 0 0 0 1 2 0 0 0 0 2 0 0 0 0 0 0 0 0 0 
1
0 0 0 0 0 1 0 0 0 
0 0 1 0 0 0 1 0 0 2 0 0 0 0 0 0 0 0 0 0 0 0 0 0 2 0 0 0 0 0 0 0 0 0 0 0 0 1 0 0 0 2 0 0 2 1 0 0 0 0 0 1 1 1 2 0 2 0 0 0 0 0 0 0 1 1 2 0 0 0 0 2 0 0 0 0 0 0 0 0 0 
0 0 1 0 0 0 1 0 0 2 0 0 0 0 0 0 0 0 0 0 0 0 0 0 2 0 0 0 0 0 0 0 0 16 16 16 0 1 0 0 0 2 16 16 18 1 0 0 0 0 0 17 17 17 2 0 2 0 0 0 0 0 0 0 1 1 2 0 0 0 0 2 0 0 0 0 0 0 0 0 0 
1
0 0 0 0 0 1 0 0 0 
0 0 1 0 0 0 1 0 0 2 0 0 0 0 0 0 0 0 0 0 0 0 0 0 2 0 0 0 0 0 0 0 0 0 0 0 0 1 0 2 0 2 0 0 2 1 0 0 0 0 0 1 1 1 2 0 2 0 0 0 0 0 0 0 1 1 2 0 0 0 0 2 0 0 0 0 0 0 0 0 0 
0 0 1 0 0 0 1 0 0 2 0 0 0 0 0 0 0 0 0 0 0 0 0 0 2 0 0 0 0 0 0 0 0 16 16 16 0 1 0 2 0 2 16 16 18 1 0 0 0 0 0 17 17 17 2 0 2 0 0 0 0 0 0 0 1 1 2 0 0 0 0 2 0 0 0 0 0 0 0 0 0 
1
0 0 0 1 0 1 0 0 0 
0 0 1 0 0 0 1 0 0 2 0 0 0 0 0 0 0 0 0 0 0 0 0 0 2 0 0 0 0 1 0 0 0 0 0 0 0 1 0 2 0 2 0 0 2 1 0 0 0 0 0 1 1 1 2 0 2 0 0 0 0 0 0 0 1 1 2 0 0 0 0 2 0 0 0 0 0 0 0 0 0 
0 0 1 0 0 0 1 0 0 2 0 0 0 0 0 0 0 0 0 0 0 0 0 0 2 0 0 16 16 17 0 0 0 16 16 16 16 17 16 2 0 2 16 16 18 17 16 16 0 0 0 17 17 17 2 0 2 0 0 0 0 0 0 0 1 1 2 0 0 0 0 2 0 0 0 0 0 0 0 0 0 
1
0 0 0 1 0 1 0 0 0 
0 0 1 0 0 0 1 0 2 2 0 0 0 0 0 0 0 0 0 0 0 0 0 0 2 0 0 0 0 1 0 0 0 0 0 0 0 1 0 2 0 2 0 0 2 1 0 0 0 0 0 1 1 1 2 0 2 0 0 0 0 0 0 0 1 1 2 0 0 0 0 2 0 0 0 0 0 0 0 0 0 
0 0 1 0 0 0 1 0 2 2 0 0 0 0 0 0 0 0 0 0 0 0 0 0 2 0 0 16 16 17 0 0 0 16 16 16 16 17 16 2 0 2 16 16 18 17 16 16 0 0 0 17 17 17 2 0 2 0 0 0 0 0 0 0 1 1 2 0 0 0 0 2 0 0 0 0 0 0 0 0 0 
1
0 0 0 1 0 1 0 0 0 
0 0 1 0 0 0 1 0 2 2 0 0 0 0 0 0 1 0 0 0 0 0 0 0 2 0 0 0 0 1 0 0 0 0 0 0 0 1 0 2 0 2 0 0 2 1 0 0 0 0 0 1 1 1 2 0 2 0 0 0 0 0 0 0 1 1 2 0 0 0 0 2 0 0 0 0 0 0 0 0 0 
0 0 1 0 0 0 1 0 2 2 0 0 0 0 0 0 1 0 0 0 0 0 0 0 2 0 0 16 16 17 0 0 0 16 16 16 16 17 16 2 0 2 16 16 18 17 16 16 0 0 0 17 17 17 2 0 2 0 0 0 0 0 0 0 1 1 2 0 0 0 0 2 0 0 0 0 0 0 0 0 0 
1
0 0 0 1 2 1 0 0 0 
0 0 1 0 0 0 1 0 2 2 0 0 0 0 0 0 1 0 0 0 0 0 0 0 2 0 0 0 0 1 0 0 0 0 0 0 0 1 0 2 2 2 0 0 2 1 0 0 0 0 0 1 1 1 2 0 2 0 0 0 0 0 0 0 1 1 2 0 0 0 0 2 0 0 0 0 0 0 0 0 0 
0 0 1 0 0 0 1 0 2 2 0 0 0 0 0 0 1 0 0 0 0 0 0 0 2 0 0 16 16 17 32 32 32 16 16 16 16 17 16 34 34 34 16 16 18 17 16 16 32 32 32 17 17 17 2 0 2 0 0 0 0 0 0 0 1 1 2 0 0 0 0 2 0 0 0 0 0 0 0 0 0 
1
0 0 0 1 2 1 1 0 0 
0 0 1 0 0 0 1 0 2 2 0 0 0 0 0 0 1 0 0 0 0 0 0 0 2 0 0 0 0 1 0 0 0 0 0 0 0 1 0 2 2 2 0 0 2 1 0 0 0 0 0 1 1 1 2 0 2 0 0 0 0 0 0 1 1 1 2 0 0 0 0 2 0 0 0 0 0 0 0 0 0 
0 0 1 0 0 0 1 0 2 2 0 0 0 0 0 0 1 0 0 0 0 0 0 0 2 0 0 16 16 17 32 32 32 16 16 16 16 17 16 34 34 34 16 16 18 17 16 16 32 32 32 17 17 17 18 16 18 0 0 0 0 0 0 17 17 17 2 0 0 0 0 2 16 16 16 0 0 0 0 0 0 
1
0 0 0 1 2 1 1 0 0 
0 0 1 0 0 0 1 0 2 2 0 0 0 0 0 0 1 0 0 0 0 0 0 0 2 0 2 0 0 1 0 0 0 0 0 0 0 1 0 2 2 2 0 0 2 1 0 0 0 0 0 1 1 1 2 0 2 0 0 0 0 0 0 1 1 1 2 0 0 0 0 2 0 0 0 0 0 0 0 0 0 
0 0 1 0 0 0 1 0 2 2 0 0 0 0 0 0 1 0 0 0 0 0 0 0 2 0 2 16 16 17 32 32 32 16 16 16 16 17 16 34 34 34 16 16 18 17 16 16 32 32 32 17 17 17 18 16 18 0 0 0 0 0 0 17 17 17 2 0 0 0 0 2 16 16 16 0 0 0 0 0 0 
1
0 0 0 1 2 1 1 0 0 
0 0 1 0 0 0 1 0 2 2 0 0 0 0 0 0 1 0 0 0 0 0 0 0 2 0 2 0 0 1 0 0 0 0 0 0 0 1 0 2 2 2 0 0 2 1 0 0 0 0 0 1 1 1 2 0 2 0 0 0 0 0 0 1 1 1 2 0 0 0 0 2 0 0 0 0 0 0 0 1 0 
0 0 1 0 0 0 1 0 2 2 0 0 0 0 0 0 1 0 0 0 0 0 0 0 2 0 2 16 16 17 32 32 32 16 16 16 16 17 16 34 34 34 16 16 18 17 16 16 32 32 32 17 17 17 18 16 18 0 0 0 0 0 0 17 17 17 2 0 0 0 0 2 16 16 16 0 0 0 0 1 0 
1
0 0 0 1 2 1 1 0 0 
0 0 1 0 0 0 1 0 2 2 0 0 0 0 0 0 1 0 0 0 0 0 0 0 2 0 2 0 0 1 0 0 0 0 0 0 0 1 0 2 2 2 0 0 2 1 0 0 0 0 0 1 1 1 2 0 2 0 0 0 0 0 0 1 1 1 2 0 2 0 0 2 0 0 0 0 0 0 0 1 0 
0 0 1 0 0 0 1 0 2 2 0 0 0 0 0 0 1 0 0 0 0 0 0 0 2 0 2 16 16 17 32 32 32 16 16 16 16 17 16 34 34 34 16 16 18 17 16 16 32 32 32 17 17 17 18 16 18 0 0 0 0 0 0 17 17 17 2 0 2 0 0 2 16 16 16 0 0 0 0 1 0 
1
0 0 0 1 2 1 1 0 0 
0 0 1 0 0 0 1 1 2 2 0 0 0 0 0 0 1 0 0 0 0 0 0 0 2 0 2 0 0 1 0 0 0 0 0 0 0 1 0 2 2 2 0 0 2 1 0 0 0 0 0 1 1 1 2 0 2 0 0 0 0 0 0 1 1 1 2 0 2 0 0 2 0 0 0 0 0 0 0 1 0 
0 0 1 0 0 0 1 1 2 2 0 0 0 0 0 0 1 0 0 0 0 0 0 0 2 0 2 16 16 17 32 32 32 16 16 16 16 17 16 34 34 34 16 16 18 17 16 16 32 32 32 17 17 17 18 16 18 0 0 0 0 0 0 17 17 17 2 0 2 0 0 2 16 16 16 0 0 0 0 1 0 
1
0 0 0 1 2 1 1 0 0 
0 0 1 0 2 0 1 1 2 2 0 0 0 0 0 0 1 0 0 0 0 0 0 0 2 0 2 0 0 1 0 0 0 0 0 0 0 1 0 2 2 2 0 0 2 1 0 0 0 0 0 1 1 1 2 0 2 0 0 0 0 0 0 1 1 1 2 0 2 0 0 2 0 0 0 0 0 0 0 1 0 
0 0 1 0 2 0 1 1 2 2 0 0 0 0 0 0 1 0 0 0 0 0 0 0 2 0 2 16 16 17 32 32 32 16 16 16 16 17 16 34 34 34 16 16 18 17 16 16 32 32 32 17 17 17 18 16 18 0 0 0 0 0 0 17 17 17 2 0 2 0 0 2 16 16 16 0 0 0 0 1 0 
1
0 0 0 1 2 1 1 0 0 
0 0 1 1 2 0 1 1 2 2 0 0 0 0 0 0 1 0 0 0 0 0 0 0 2 0 2 0 0 1 0 0 0 0 0 0 0 1 0 2 2 2 0 0 2 1 0 0 0 0 0 1 1 1 2 0 2 0 0 0 0 0 0 1 1 1 2 0 2 0 0 2 0 0 0 0 0 0 0 1 0 
0 0 1 1 2 0 1 1 2 2 0 0 0 0 0 0 1 0 0 0 0 0 0 0 2 0 2 16 16 17 32 32 32 16 16 16 16 17 16 34 34 34 16 16 18 17 16 16 32 32 32 17 17 17 18 16 18 0 0 0 0 0 0 17 17 17 2 0 2 0 0 2 16 16 16 0 0 0 0 1 0 
1
0 0 0 1 2 1 1 0 0 
0 0 1 1 2 0 1 1 2 2 0 2 0 0 0 0 1 0 0 0 0 0 0 0 2 0 2 0 0 1 0 0 0 0 0 0 0 1 0 2 2 2 0 0 2 1 0 0 0 0 0 1 1 1 2 0 2 0 0 0 0 0 0 1 1 1 2 0 2 0 0 2 0 0 0 0 0 0 0 1 0 
0 0 1 1 2 0 1 1 2 2 0 2 0 0 0 0 1 0 0 0 0 0 0 0 2 0 2 16 16 17 32 32 32 16 16 16 16 17 16 34 34 34 16 16 18 17 16 16 32 32 32 17 17 17 18 16 18 0 0 0 0 0 0 17 17 17 2 0 2 0 0 2 16 16 16 0 0 0 0 1 0 
1
0 0 1 1 2 1 1 0 0 
0 0 1 1 2 0 1 1 2 2 0 2 0 0 0 0 1 0 0 0 0 0 0 0 2 1 2 0 0 1 0 0 0 0 0 0 0 1 0 2 2 2 0 0 2 1 0 0 0 0 0 1 1 1 2 0 2 0 0 0 0 0 0 1 1 1 2 0 2 0 0 2 0 0 0 0 0 0 0 1 0 
0 0 1 1 2 0 17 17 18 2 0 2 0 0 0 16 17 16 0 0 0 0 0 0 18 17 18 16 16 17 32 32 32 16 16 16 16 17 16 34 34 34 16 16 18 17 16 16 32 32 32 17 17 17 18 16 18 0 0 0 0 0 0 17 17 17 2 0 2 0 0 2 16 16 16 0 0 0 0 1 0 
1
0 0 1 1 2 1 1 2 0 
0 0 1 1 2 0 1 1 2 2 0 2 0 0 0 0 1 0 0 0 0 0 0 0 2 1 2 0 0 1 0 0 0 0 0 0 0 1 0 2 2 2 0 0 2 1 0 0 0 0 0 1 1 1 2 0 2 0 0 0 0 0 0 1 1 1 2 2 2 0 0 2 0 0 0 0 0 0 0 1 0 
0 0 1 1 2 0 17 17 18 2 0 2 0 0 0 16 17 16 0 0 0 0 0 0 18 17 18 16 16 17 32 32 32 16 16 16 16 17 16 34 34 34 16 16 18 17 16 16 32 32 32 17 17 17 18 16 18 32 32 32 0 0 0 17 17 17 34 34 34 0 0 2 16 16 16 32 32 32 0 1 0 
1
0 0 1 1 2 1 1 2 0 
0 0 1 1 2 0 1 1 2 2 0 2 0 0 0 0 1 0 0 0 0 0 0 0 2 1 2 0 0 1 0 0 0 0 0 0 0 1 0 2 2 2 0 0 2 1 0 0 0 0 0 1 1 1 2 0 2 0 0 0 0 1 0 1 1 1 2 2 2 0 0 2 0 0 0 0 0 0 0 1 0 
0 0 1 1 2 0 17 17 18 2 0 2 0 0 0 16 17 16 0 0 0 0 0 0 18 17 18 16 16 17 32 32 32 16 16 16 16 17 16 34 34 34 16 16 18 17 16 16 32 32 32 17 17 17 18 16 18 32 32 32 0 1 0 17 17 17 34 34 34 0 0 2 16 16 16 32 32 32 0 1 0 
1
0 0 1 1 2 1 1 2 0 
0 0 1 1 2 0 1 1 2 2 0 2 0 0 0 0 1 0 0 0 0 0 2 0 2 1 2 0 0 1 0 0 0 0 0 0 0 1 0 2 2 2 0 0 2 1 0 0 0 0 0 1 1 1 2 0 2 0 0 0 0 1 0 1 1 1 2 2 2 0 0 2 0 0 0 0 0 0 0 1 0 
0 0 1 1 2 0 17 17 18 2 0 2 0 0 0 16 17 16 0 0 0 0 2 0 18 17 18 16 16 17 32 32 32 16 16 16 16 17 16 34 34 34 16 16 18 17 16 16 32 32 32 17 17 17 18 16 18 32 32 32 0 1 0 17 17 17 34 34 34 0 0 2 16 16 16 32 32 32 0 1 0 
1
0 0 1 1 2 1 1 2 0 
0 0 1 1 2 0 1 1 2 2 0 2 0 0 0 0 1 0 0 0 0 0 2 0 2 1 2 0 0 1 0 0 0 0 0 0 0 1 0 2 2 2 0 0 2 1 0 0 0 0 0 1 1 1 2 0 2 0 0 0 0 1 0 1 1 1 2 2 2 0 0 2 0 0 0 0 0 0 0 1 1 
0 0 1 1 2 0 17 17 18 2 0 2 0 0 0 16 17 16 0 0 0 0 2 0 18 17 18 16 16 17 32 32 32 16 16 16 16 17 16 34 34 34 16 16 18 17 16 16 32 32 32 17 17 17 18 16 18 32 32 32 0 1 0 17 17 17 34 34 34 0 0 2 16 16 16 32 32 32 0 1 1 
1
0 0 1 1 2 1 1 2 0 
0 0 1 1 2 0 1 1 2 2 0 2 0 0 0 0 1 0 0 0 0 0 2 0 2 1 2 0 0 1 0 0 0 0 0 0 0 1 0 2 2 2 0 0 2 1 0 0 0 0 0 1 1 1 2 0 2 0 0 0 0 1 0 1 1 1 2 2 2 0 2 2 0 0 0 0 0 0 0 1 1 
0 0 1 1 2 0 17 17 18 2 0 2 0 0 0 16 17 16 0 0 0 0 2 0 18 17 18 16 16 17 32 32 32 16 16 16 16 17 16 34 34 34 16 16 18 17 16 16 32 32 32 17 17 17 18 16 18 32 32 32 0 1 0 17 17 17 34 34 34 0 2 2 16 16 16 32 32 32 0 1 1 
1
0 0 1 1 2 1 1 2 1 
0 0 1 1 2 0 1 1 2 2 0 2 0 0 0 0 1 0 0 0 0 0 2 0 2 1 2 0 0 1 0 0 0 0 0 0 0 1 0 2 2 2 0 0 2 1 0 0 0 0 0 1 1 1 2 0 2 0 0 0 0 1 0 1 1 1 2 2 2 0 2 2 0 0 0 0 0 0 1 1 1 
0 0 1 1 2 0 17 17 18 2 0 2 0 0 0 16 17 16 0 0 0 0 2 0 18 17 18 16 16 17 32 32 32 16 16 16 16 17 16 34 34 34 16 16 18 17 16 16 32 32 32 17 17 17 18 16 18 32 32 32 16 17 16 17 17 17 34 34 34 16 18 18 16 16 16 32 32 32 17 17 17 
1
0 0 1 1 2 1 1 2 1 
0 0 1 1 2 0 1 1 2 2 0 2 0 0 0 0 1 0 0 0 0 0 2 0 2 1 2 0 0 1 0 0 0 0 0 0 0 1 0 2 2 2 0 0 2 1 0 0 0 0 0 1 1 1 2 0 2 0 0 0 0 1 0 1 1 1 2 2 2 0 2 2 0 0 0 0 0 0 1 1 1 
0 0 1 1 2 0 17 17 18 2 0 2 0 0 0 16 17 16 0 0 0 0 2 0 18 17 18 16 16 17 32 32 32 16 16 16 16 17 16 34 34 34 16 16 18 17 16 16 32 32 32 17 17 17 18 16 18 32 32 32 16 17 16 17 17 17 34 34 34 16 18 18 16 16 16 32 32 32 17 17 17 
1
