0 0 0 0 0 0 0 0 0 
0 0 0 0 0 0 0 0 0 0 0 0 0 0 0 0 0 0 0 0 0 0 0 0 0 0 0 0 0 0 0 0 0 0 0 0 0 0 0 0 1 0 0 0 0 0 0 0 0 0 0 0 0 0 0 0 0 0 0 0 0 0 0 0 0 0 0 0 0 0 0 0 0 0 0 0 0 0 0 0 0 
0 0 0 0 0 0 0 0 0 0 0 0 0 0 0 0 0 0 0 0 0 0 0 0 0 0 0 0 0 0 0 0 0 0 0 0 0 0 0 0 1 0 0 0 0 0 0 0 0 0 0 0 0 0 0 0 0 0 0 0 0 0 0 0 0 0 0 0 0 0 0 0 0 0 0 0 0 0 0 0 0 
1
0 0 0 0 0 0 0 0 0 
0 0 0 0 0 0 0 0 0 0 0 0 0 0 0 0 0 0 0 0 0 0 0 0 0 0 0 0 0 0 2 0 0 0 0 0 0 0 0 0 1 0 0 0 0 0 0 0 0 0 0 0 0 0 0 0 0 0 0 0 0 0 0 0 0 0 0 0 0 0 0 0 0 0 0 0 0 0 0 0 0 
0 0 0 0 0 0 0 0 0 0 0 0 0 0 0 0 0 0 0 0 0 0 0 0 0 0 0 0 0 0 2 0 0 0 0 0 0 0 0 0 1 0 0 0 0 0 0 0 0 0 0 0 0 0 0 0 0 0 0 0 0 0 0 0 0 0 0 0 0 0 0 0 0 0 0 0 0 0 0 0 0 
1
0 0 0 0 0 0 0 0 0 
1 0 0 0 0 0 0 0 0 0 0 0 0 0 0 0 0 0 0 0 0 0 0 0 0 0 0 0 0 0 2 0 0 0 0 0 0 0 0 0 1 0 0 0 0 0 0 0 0 0 0 0 0 0 0 0 0 0 0 0 0 0 0 0 0 0 0 0 0 0 0 0 0 0 0 0 0 0 0 0 0 
1 0 0 0 0 0 0 0 0 0 0 0 0 0 0 0 0 0 0 0 0 0 0 0 0 0 0 0 0 0 2 0 0 0 0 0 0 0 0 0 1 0 0 0 0 0 0 0 0 0 0 0 0 0 0 0 0 0 0 0 0 0 0 0 0 0 0 0 0 0 0 0 0 0 0 0 0 0 0 0 0 
1
0 0 0 0 0 0 0 0 0 
1 2 0 0 0 0 0 0 0 0 0 0 0 0 0 0 0 0 0 0 0 0 0 0 0 0 0 0 0 0 2 0 0 0 0 0 0 0 0 0 1 0 0 0 0 0 0 0 0 0 0 0 0 0 0 0 0 0 0 0 0 0 0 0 0 0 0 0 0 0 0 0 0 0 0 0 0 0 0 0 0 
1 2 0 0 0 0 0 0 0 0 0 0 0 0 0 0 0 0 0 0 0 0 0 0 0 0 0 0 0 0 2 0 0 0 0 0 0 0 0 0 1 0 0 0 0 0 0 0 0 0 0 0 0 0 0 0 0 0 0 0 0 0 0 0 0 0 0 0 0 0 0 0 0 0 0 0 0 0 0 0 0 
1
0 0 0 0 0 0 0 0 0 
1 2 0 0 0 0 0 0 0 0 0 0 0 0 0 0 0 0 0 0 0 1 0 0 0 0 0 0 0 0 2 0 0 0 0 0 0 0 0 0 1 0 0 0 0 0 0 0 0 0 0 0 0 0 0 0 0 0 0 0 0 0 0 0 0 0 0 0 0 0 0 0 0 0 0 0 0 0 0 0 0 
1 2 0 0 0 0 0 0 0 0 0 0 0 0 0 0 0 0 0 0 0 1 0 0 0 0 0 0 0 0 2 0 0 0 0 0 0 0 0 0 1 0 0 0 0 0 0 0 0 0 0 0 0 0 0 0 0 0 0 0 0 0 0 0 0 0 0 0 0 0 0 0 0 0 0 0 0 0 0 0 0 
1
0 0 0 0 0 0 0 0 0 
1 2 0 0 0 0 0 0 0 0 0 0 0 0 0 0 0 0 0 0 0 1 0 0 0 0 0 0 0 0 2 0 0 0 0 0 0 0 0 0 1 0 0 0 0 0 0 0 0 0 0 0 0 0 0 0 2 0 0 0 0 0 0 0 0 0 0 0 0 0 0 0 0 0 0 0 0 0 0 0 0 
1 2 0 0 0 0 0 0 0 0 0 0 0 0 0 0 0 0 0 0 0 1 0 0 0 0 0 0 0 0 2 0 0 0 0 0 0 0 0 0 1 0 0 0 0 0 0 0 0 0 0 0 0 0 0 0 2 0 0 0 0 0 0 0 0 0 0 0 0 0 0 0 0 0 0 0 0 0 0 0 0 
1
0 0 0 0 0 0 0 0 0 
1 2 0 0 0 0 0 0 0 0 0 0 0 0 0 0 0 0 0 0 0 1 0 0 1 0 0 0 0 0 2 0 0 0 0 0 0 0 0 0 1 0 0 0 0 0 0 0 0 0 0 0 0 0 0 0 2 0 0 0 0 0 0 0 0 0 0 0 0 0 0 0 0 0 0 0 0 0 0 0 0 
1 2 0 0 0 0 0 0 0 0 0 0 0 0 0 0 0 0 0 0 0 1 0 0 1 0 0 0 0 0 2 0 0 0 0 0 0 0 0 0 1 0 0 0 0 0 0 0 0 0 0 0 0 0 0 0 2 0 0 0 0 0 0 0 0 0 0 0 0 0 0 0 0 0 0 0 0 0 0 0 0 
1
0 0 0 0 0 0 0 0 0 
1 2 0 0 0 0 0 0 0 0 0 0 0 0 0 0 0 0 0 0 0 1 0 0 1 0 0 0 0 0 2 0 0 0 0 0 0 0 0 0 1 0 0 0 0 0 0 0 0 0 0 0 0 0 0 0 2 0 0 0 0 0 0 0 0 2 0 0 0 0 0 0 0 0 0 0 0 0 0 0 0 
1 2 0 0 0 0 0 0 0 0 0 0 0 0 0 0 0 0 0 0 0 1 0 0 1 0 0 0 0 0 2 0 0 0 0 0 0 0 0 0 1 0 0 0 0 0 0 0 0 0 0 0 0 0 0 0 2 0 0 0 0 0 0 0 0 2 0 0 0 0 0 0 0 0 0 0 0 0 0 0 0 
1
0 0 0 0 0 0 0 0 0 
1 2 0 0 0 0 0 0 0 0 0 0 0 0 0 0 0 0 0 0 0 1 0 0 1 0 0 0 0 0 2 0 0 1 0 0 0 0 0 0 1 0 0 0 0 0 0 0 0 0 0 0 0 0 0 0 2 0 0 0 0 0 0 0 0 2 0 0 0 0 0 0 0 0 0 0 0 0 0 0 0 
1 2 0 0 0 0 0 0 0 0 0 0 0 0 0 0 0 0 0 0 0 1 0 0 1 0 0 0 0 0 2 0 0 1 0 0 0 0 0 0 1 0 0 0 0 0 0 0 0 0 0 0 0 0 0 0 2 0 0 0 0 0 0 0 0 2 0 0 0 0 0 0 0 0 0 0 0 0 0 0 0 
1
0 0 0 0 0 0 0 0 0 
1 2 0 0 0 0 0 0 0 0 0 0 0 0 0 0 0 0 0 2 0 1 0 0 1 0 0 0 0 0 2 0 0 1 0 0 0 0 0 0 1 0 0 0 0 0 0 0 0 0 0 0 0 0 0 0 2 0 0 0 0 0 0 0 0 2 0 0 0 0 0 0 0 0 0 0 0 0 0 0 0 
1 2 0 0 0 0 0 0 0 0 0 0 0 0 0 0 0 0 0 2 0 1 0 0 1 0 0 0 0 0 2 0 0 1 0 0 0 0 0 0 1 0 0 0 0 0 0 0 0 0 0 0 0 0 0 0 2 0 0 0 0 0 0 0 0 2 0 0 0 0 0 0 0 0 0 0 0 0 0 0 0 
1
0 0 0 0 0 0 0 0 0 
1 2 0 0 0 0 0 0 0 0 0 0 0 0 0 0 0 0 0 2 0 1 0 0 1 0 0 0 0 0 2 0 0 1 0 0 0 0 0 0 1 0 0 0 0 0 0 0 0 0 0 0 0 0 0 0 2 0 0 0 0 0 0 0 0 2 1 0 0 0 0 0 0 0 0 0 0 0 0 0 0 
1 2 0 0 0 0 0 0 0 0 0 0 0 0 0 0 0 0 0 2 0 1 0 0 1 0 0 0 0 0 2 0 0 1 0 0 0 0 0 0 1 0 0 0 0 0 0 0 0 0 0 0 0 0 0 0 2 0 0 0 0 0 0 0 0 2 1 0 0 0 0 0 0 0 0 0 0 0 0 0 0 
1
0 0 0 0 0 0 0 0 0 
1 2 0 0 0 0 0 0 0 0 0 0 0 0 0 0 0 0 0 2 0 1 0 0 1 0 0 0 0 0 2 0 0 1 0 0 2 0 0 0 1 0 0 0 0 0 0 0 0 0 0 0 0 0 0 0 2 0 0 0 0 0 0 0 0 2 1 0 0 0 0 0 0 0 0 0 0 0 0 0 0 
1 2 0 0 0 0 0 0 0 0 0 0 0 0 0 0 0 0 0 2 0 1 0 0 1 0 0 0 0 0 2 0 0 1 0 0 2 0 0 0 1 0 0 0 0 0 0 0 0 0 0 0 0 0 0 0 2 0 0 0 0 0 0 0 0 2 1 0 0 0 0 0 0 0 0 0 0 0 0 0 0 
1
0 0 0 0 0 0 0 0 0 
1 2 0 0 0 0 0 0 0 0 0 0 0 0 0 0 0 0 0 2 0 1 0 0 1 0 0 0 0 0 2 0 0 1 0 0 2 0 0 0 1 0 0 0 0 0 0 1 0 0 0 0 0 0 0 0 2 0 0 0 0 0 0 0 0 2 1 0 0 0 0 0 0 0 0 0 0 0 0 0 0 
1 2 0 0 0 0 0 0 0 0 0 0 0 0 0 0 0 0 0 2 0 1 0 0 1 0 0 0 0 0 2 0 0 1 0 0 2 0 0 0 1 0 0 0 0 0 0 1 0 0 0 0 0 0 0 0 2 0 0 0 0 0 0 0 0 2 1 0 0 0 0 0 0 0 0 0 0 0 0 0 0 
1
0 0 0 0 0 0 0 0 0 
1 2 0 0 0 0 0 0 0 0 0 0 0 0 0 0 0 0 0 2 0 1 0 0 1 0 0 0 0 0 2 0 0 1 0 0 2 0 0 0 1 0 0 0 0 0 0 1 0 0 0 0 0 0 0 0 2 0 0 0 0 0 0 0 0 2 1 0 0 0 0 0 0 0 0 0 0 0 0 2 0 
1 2 0 0 0 0 0 0 0 0 0 0 0 0 0 0 0 0 0 2 0 1 0 0 1 0 0 0 0 0 2 0 0 1 0 0 2 0 0 0 1 0 0 0 0 0 0 1 0 0 0 0 0 0 0 0 2 0 0 0 0 0 0 0 0 2 1 0 0 0 0 0 0 0 0 0 0 0 0 2 0 
1
0 0 0 0 0 0 0 0 0 
1 2 0 0 0 0 0 0 0 0 0 0 0 0 0 0 0 0 0 2 0 1 0 0 1 0 0 0 0 0 2 0 0 1 0 0 2 0 0 0 1 0 0 0 0 0 0 1 0 0 0 0 0 0 0 0 2 0 0 0 0 0 0 0 0 2 1 0 1 0 0 0 0 0 0 0 0 0 0 2 0 
1 2 0 0 0 0 0 0 0 0 0 0 0 0 0 0 0 0 0 2 0 1 0 0 1 0 0 0 0 0 2 0 0 1 0 0 2 0 0 0 1 0 0 0 0 0 0 1 0 0 0 0 0 0 0 0 2 0 0 0 0 0 0 0 0 2 1 0 1 0 0 0 0 0 0 0 0 0 0 2 0 
1
0 0 0 0 0 0 0 0 0 
1 2 0 0 0 0 0 0 0 0 0 0 0 0 0 0 0 0 0 2 0 1 0 0 1 0 0 0 0 0 2 0 0 1 0 0 2 0 0 0 1 0 0 0 0 0 0 1 0 0 0 2 0 0 0 0 2 0 0 0 0 0 0 0 0 2 1 0 1 0 0 0 0 0 0 0 0 0 0 2 0 
1 2 0 0 0 0 0 0 0 0 0 0 0 0 0 0 0 0 0 2 0 1 0 0 1 0 0 0 0 0 2 0 0 1 0 0 2 0 0 0 1 0 0 0 0 0 0 1 0 0 0 2 0 0 0 0 2 0 0 0 0 0 0 0 0 2 1 0 1 0 0 0 0 0 0 0 0 0 0 2 0 
1
0 0 0 0 0 0 0 0 0 
1 2 0 0 0 0 0 0 0 0 0 0 0 0 0 0 0 0 0 2 0 1 0 0 1 0 0 0 0 0 2 0 0 1 0 0 2 0 0 0 1 0 0 0 0 0 0 1 0 0 0 2 0 0 0 0 2 0 0 0 0 0 0 0 0 2 1 0 1 0 0 0 0 0 1 0 0 0 0 2 0 
1 2 0 0 0 0 0 0 0 0 0 0 0 0 0 0 0 0 0 2 0 1 0 0 1 0 0 0 0 0 2 0 0 1 0 0 2 0 0 0 1 0 0 0 0 0 0 1 0 0 0 2 0 0 0 0 2 0 0 0 0 0 0 0 0 2 1 0 1 0 0 0 0 0 1 0 0 0 0 2 0 
1
0 0 0 0 0 0 0 0 0 
1 2 0 0 0 0 0 0 0 0 0 0 0 0 0 0 0 0 0 2 0 1 0 0 1 0 0 0 0 0 2 0 0 1 0 0 2 0 0 0 1 0 0 0 0 0 0 1 0 0 0 2 0 0 0 0 2 0 0 0 0 2 0 0 0 2 1 0 1 0 0 0 0 0 1 0 0 0 0 2 0 
1 2 0 0 0 0 0 0 0 0 0 0 0 0 0 0 0 0 0 2 0 1 0 0 1 0 0 0 0 0 2 0 0 1 0 0 2 0 0 0 1 0 0 0 0 0 0 1 0 0 0 2 0 0 0 0 2 0 0 0 0 2 0 0 0 2 1 0 1 0 0 0 0 0 1 0 0 0 0 2 0 
1
0 0 0 0 0 0 0 0 0 
1 2 0 0 0 0 0 0 0 0 0 0 0 0 0 0 0 0 0 2 0 1 1 0 1 0 0 0 0 0 2 0 0 1 0 0 2 0 0 0 1 0 0 0 0 0 0 1 0 0 0 2 0 0 0 0 2 0 0 0 0 2 0 0 0 2 1 0 1 0 0 0 0 0 1 0 0 0 0 2 0 
1 2 0 0 0 0 0 0 0 0 0 0 0 0 0 0 0 0 0 2 0 1 1 0 1 0 0 0 0 0 2 0 0 1 0 0 2 0 0 0 1 0 0 0 0 0 0 1 0 0 0 2 0 0 0 0 2 0 0 0 0 2 0 0 0 2 1 0 1 0 0 0 0 0 1 0 0 0 0 2 0 
1
0 0 0 0 0 0 0 0 0 
1 2 0 0 0 0 0 0 0 0 0 0 0 0 0 0 0 0 0 2 0 1 1 0 1 0 0 0 0 0 2 0 0 1 0 0 2 0 0 0 1 0 0 0 0 0 0 1 0 0 0 2 0 0 0 0 2 0 0 0 0 2 0 0 0 2 1 2 1 0 0 0 0 0 1 0 0 0 0 2 0 
1 2 0 0 0 0 0 0 0 0 0 0 0 0 0 0 0 0 0 2 0 1 1 0 1 0 0 0 0 0 2 0 0 1 0 0 2 0 0 0 1 0 0 0 0 0 0 1 0 0 0 2 0 0 0 0 2 0 0 0 0 2 0 0 0 2 1 2 1 0 0 0 0 0 1 0 0 0 0 2 0 
1
0 0 0 0 0 0 0 0 0 
1 2 0 0 0 0 0 0 0 0 0 0 0 0 0 0 0 0 0 2 0 1 1 0 1 0 0 0 0 0 2 0 0 1 0 0 2 0 0 1 1 0 0 0 0 0 0 1 0 0 0 2 0 0 0 0 2 0 0 0 0 2 0 0 0 2 1 2 1 0 0 0 0 0 1 0 0 0 0 2 0 
1 2 0 0 0 0 0 0 0 0 0 0 0 0 0 0 0 0 0 2 0 1 1 0 1 0 0 0 0 0 2 0 0 1 0 0 2 0 0 1 1 0 0 0 0 0 0 1 0 0 0 2 0 0 0 0 2 0 0 0 0 2 0 0 0 2 1 2 1 0 0 0 0 0 1 0 0 0 0 2 0 
1
0 0 0 0 0 0 0 0 0 
1 2 0 0 0 0 0 0 0 0 0 0 0 0 0 0 0 0 0 2 0 1 1 0 1 0 0 0 0 0 2 0 0 1 0 0 2 0 2 1 1 0 0 0 0 0 0 1 0 0 0 2 0 0 0 0 2 0 0 0 0 2 0 0 0 2 1 2 1 0 0 0 0 0 1 0 0 0 0 2 0 
1 2 0 0 0 0 0 0 0 0 0 0 0 0 0 0 0 0 0 2 0 1 1 0 1 0 0 0 0 0 2 0 0 1 0 0 2 0 2 1 1 0 0 0 0 0 0 1 0 0 0 2 0 0 0 0 2 0 0 0 0 2 0 0 0 2 1 2 1 0 0 0 0 0 1 0 0 0 0 2 0 
1
0 0 0 0 0 0 0 0 0 
1 2 0 0 0 0 0 0 0 0 0 0 0 0 0 0 0 0 0 2 0 1 1 0 1 0 0 0 0 0 2 0 0 1 0 0 2 0 2 1 1 0 0 0 0 0 0 1 0 0 0 2 0 1 0 0 2 0 0 0 0 2 0 0 0 2 1 2 1 0 0 0 0 0 1 0 0 0 0 2 0 
1 2 0 0 0 0 0 0 0 0 0 0 0 0 0 0 0 0 0 2 0 1 1 0 1 0 0 0 0 0 2 0 0 1 0 0 2 0 2 1 1 0 0 0 0 0 0 1 0 0 0 2 0 1 0 0 2 0 0 0 0 2 0 0 0 2 1 2 1 0 0 0 0 0 1 0 0 0 0 2 0 
1
0 0 0 0 0 0 0 0 0 
1 2 0 0 0 0 0 0 0 0 0 0 0 0 0 0 0 0 0 2 0 1 1 0 1 0 0 0 0 0 2 0 0 1 0 0 2 0 2 1 1 0 0 0 0 0 0 1 0 0 0 2 0 1 0 0 2 0 0 0 0 2 2 0 0 2 1 2 1 0 0 0 0 0 1 0 0 0 0 2 0 
1 2 0 0 0 0 0 0 0 0 0 0 0 0 0 0 0 0 0 2 0 1 1 0 1 0 0 0 0 0 2 0 0 1 0 0 2 0 2 1 1 0 0 0 0 0 0 1 0 0 0 2 0 1 0 0 2 0 0 0 0 2 2 0 0 2 1 2 1 0 0 0 0 0 1 0 0 0 0 2 0 
1
0 0 0 0 0 0 0 0 0 
1 2 0 0 0 0 0 0 0 0 0 0 0 0 0 1 0 0 0 2 0 1 1 0 1 0 0 0 0 0 2 0 0 1 0 0 2 0 2 1 1 0 0 0 0 0 0 1 0 0 0 2 0 1 0 0 2 0 0 0 0 2 2 0 0 2 1 2 1 0 0 0 0 0 1 0 0 0 0 2 0 
1 2 0 0 0 0 0 0 0 0 0 0 0 0 0 1 0 0 0 2 0 1 1 0 1 0 0 0 0 0 2 0 0 1 0 0 2 0 2 1 1 0 0 0 0 0 0 1 0 0 0 2 0 1 0 0 2 0 0 0 0 2 2 0 0 2 1 2 1 0 0 0 0 0 1 0 0 0 0 2 0 
1
0 0 0 0 0 0 0 0 0 
1 2 0 0 0 0 0 0 0 0 0 0 0 0 0 1 0 0 0 2 0 1 1 0 1 0 0 0 0 0 2 0 0 1 0 0 2 0 2 1 1 0 0 0 0 2 0 1 0 0 0 2 0 1 0 0 2 0 0 0 0 2 2 0 0 2 1 2 1 0 0 0 0 0 1 0 0 0 0 2 0 
1 2 0 0 0 0 0 0 0 0 0 0 0 0 0 1 0 0 0 2 0 1 1 0 1 0 0 0 0 0 2 0 0 1 0 0 2 0 2 1 1 0 0 0 0 2 0 1 0 0 0 2 0 1 0 0 2 0 0 0 0 2 2 0 0 2 1 2 1 0 0 0 0 0 1 0 0 0 0 2 0 
1
0 0 0 0 0 0 0 0 0 
1 2 0 0 0 0 0 0 0 0 0 0 0 0 0 1 0 0 0 2 0 1 1 0 1 0 0 0 0 0 2 0 0 1 0 0 2 0 2 1 1 0 0 0 0 2 0 1 0 0 0 2 0 1 1 0 2 0 0 0 0 2 2 0 0 2 1 2 1 0 0 0 0 0 1 0 0 0 0 2 0 
1 2 0 0 0 0 0 0 0 0 0 0 0 0 0 1 0 0 0 2 0 1 1 0 1 0 0 0 0 0 2 0 0 1 0 0 2 0 2 1 1 0 0 0 0 2 0 1 0 0 0 2 0 1 1 0 2 0 0 0 0 2 2 0 0 2 1 2 1 0 0 0 0 0 1 0 0 0 0 2 0 
1
0 0 0 0 0 0 0 0 0 
1 2 0 0 0 0 0 0 0 0 0 0 0 0 0 1 0 0 0 2 2 1 1 0 1 0 0 0 0 0 2 0 0 1 0 0 2 0 2 1 1 0 0 0 0 2 0 1 0 0 0 2 0 1 1 0 2 0 0 0 0 2 2 0 0 2 1 2 1 0 0 0 0 0 1 0 0 0 0 2 0 
1 2 0 0 0 0 0 0 0 0 0 0 0 0 0 1 0 0 0 2 2 1 1 0 1 0 0 0 0 0 2 0 0 1 0 0 2 0 2 1 1 0 0 0 0 2 0 1 0 0 0 2 0 1 1 0 2 0 0 0 0 2 2 0 0 2 1 2 1 0 0 0 0 0 1 0 0 0 0 2 0 
1
0 0 0 0 0 0 0 0 0 
1 2 0 0 0 0 0 0 0 0 0 0 0 0 0 1 0 0 0 2 2 1 1 0 1 0 0 0 0 0 2 0 0 1 0 0 2 0 2 1 1 0 0 0 0 2 0 1 0 0 0 2 0 1 1 0 2 0 0 0 1 2 2 0 0 2 1 2 1 0 0 0 0 0 1 0 0 0 0 2 0 
1 2 0 0 0 0 0 0 0 0 0 0 0 0 0 1 0 0 0 2 2 1 1 0 1 0 0 0 0 0 2 0 0 1 0 0 2 0 2 1 1 0 0 0 0 2 0 1 0 0 0 2 0 1 1 0 2 0 0 0 1 2 2 0 0 2 1 2 1 0 0 0 0 0 1 0 0 0 0 2 0 
1
2 0 0 0 0 0 0 0 0 
1 2 0 0 0 0 0 0 0 0 0 0 0 0 0 1 0 0 2 2 2 1 1 0 1 0 0 0 0 0 2 0 0 1 0 0 2 0 2 1 1 0 0 0 0 2 0 1 0 0 0 2 0 1 1 0 2 0 0 0 1 2 2 0 0 2 1 2 1 0 0 0 0 0 1 0 0 0 0 2 0 
33 34 32 0 0 0 0 0 0 32 32 32 0 0 0 1 0 0 34 34 34 1 1 0 1 0 0 0 0 0 2 0 0 1 0 0 2 0 2 1 1 0 0 0 0 2 0 1 0 0 0 2 0 1 1 0 2 0 0 0 1 2 2 0 0 2 1 2 1 0 0 0 0 0 1 0 0 0 0 2 0 
1
2 0 0 0 0 0 1 0 0 
1 2 0 0 0 0 0 0 0 0 0 0 0 0 0 1 0 0 2 2 2 1 1 0 1 0 0 0 0 0 2 0 0 1 0 0 2 0 2 1 1 0 0 0 0 2 0 1 0 0 0 2 0 1 1 0 2 0 0 0 1 2 2 0 1 2 1 2 1 0 0 0 0 0 1 0 0 0 0 2 0 
33 34 32 0 0 0 0 0 0 32 32 32 0 0 0 1 0 0 34 34 34 1 1 0 1 0 0 0 0 0 2 0 0 1 0 0 2 0 2 1 1 0 0 0 0 2 0 1 0 0 0 2 0 1 17 16 18 0 0 0 1 2 2 16 17 18 1 2 1 0 0 0 16 16 17 0 0 0 0 2 0 
1
2 0 0 0 0 0 1 0 0 
1 2 0 0 0 0 0 0 0 0 0 0 0 0 0 1 0 0 2 2 2 1 1 0 1 0 0 0 0 0 2 0 2 1 0 0 2 0 2 1 1 0 0 0 0 2 0 1 0 0 0 2 0 1 1 0 2 0 0 0 1 2 2 0 1 2 1 2 1 0 0 0 0 0 1 0 0 0 0 2 0 
33 34 32 0 0 0 0 0 0 32 32 32 0 0 0 1 0 0 34 34 34 1 1 0 1 0 0 0 0 0 2 0 2 1 0 0 2 0 2 1 1 0 0 0 0 2 0 1 0 0 0 2 0 1 17 16 18 0 0 0 1 2 2 16 17 18 1 2 1 0 0 0 16 16 17 0 0 0 0 2 0 
1
2 0 0 0 0 0 1 0 0 
1 2 0 0 0 0 0 0 1 0 0 0 0 0 0 1 0 0 2 2 2 1 1 0 1 0 0 0 0 0 2 0 2 1 0 0 2 0 2 1 1 0 0 0 0 2 0 1 0 0 0 2 0 1 1 0 2 0 0 0 1 2 2 0 1 2 1 2 1 0 0 0 0 0 1 0 0 0 0 2 0 
33 34 32 0 0 0 0 0 1 32 32 32 0 0 0 1 0 0 34 34 34 1 1 0 1 0 0 0 0 0 2 0 2 1 0 0 2 0 2 1 1 0 0 0 0 2 0 1 0 0 0 2 0 1 17 16 18 0 0 0 1 2 2 16 17 18 1 2 1 0 0 0 16 16 17 0 0 0 0 2 0 
1
2 0 0 0 0 0 1 0 0 
1 2 0 0 0 0 0 0 1 0 0 0 0 0 0 1 0 2 2 2 2 1 1 0 1 0 0 0 0 0 2 0 2 1 0 0 2 0 2 1 1 0 0 0 0 2 0 1 0 0 0 2 0 1 1 0 2 0 0 0 1 2 2 0 1 2 1 2 1 0 0 0 0 0 1 0 0 0 0 2 0 
33 34 32 0 0 0 0 0 1 32 32 32 0 0 0 1 0 2 34 34 34 1 1 0 1 0 0 0 0 0 2 0 2 1 0 0 2 0 2 1 1 0 0 0 0 2 0 1 0 0 0 2 0 1 17 16 18 0 0 0 1 2 2 16 17 18 1 2 1 0 0 0 16 16 17 0 0 0 0 2 0 
1
2 0 0 0 0 0 1 0 0 
1 2 0 0 0 0 0 0 1 0 0 0 0 0 0 1 0 2 2 2 2 1 1 0 1 0 0 0 0 0 2 0 2 1 0 1 2 0 2 1 1 0 0 0 0 2 0 1 0 0 0 2 0 1 1 0 2 0 0 0 1 2 2 0 1 2 1 2 1 0 0 0 0 0 1 0 0 0 0 2 0 
33 34 32 0 0 0 0 0 1 32 32 32 0 0 0 1 0 2 34 34 34 1 1 0 1 0 0 0 0 0 2 0 2 1 0 1 2 0 2 1 1 0 0 0 0 2 0 1 0 0 0 2 0 1 17 16 18 0 0 0 1 2 2 16 17 18 1 2 1 0 0 0 16 16 17 0 0 0 0 2 0 
1
2 0 0 0 0 0 1 0 0 
1 2 0 0 0 0 0 0 1 0 0 0 0 0 0 1 0 2 2 2 2 1 1 0 1 2 0 0 0 0 2 0 2 1 0 1 2 0 2 1 1 0 0 0 0 2 0 1 0 0 0 2 0 1 1 0 2 0 0 0 1 2 2 0 1 2 1 2 1 0 0 0 0 0 1 0 0 0 0 2 0 
33 34 32 0 0 0 0 0 1 32 32 32 0 0 0 1 0 2 34 34 34 1 1 0 1 2 0 0 0 0 2 0 2 1 0 1 2 0 2 1 1 0 0 0 0 2 0 1 0 0 0 2 0 1 17 16 18 0 0 0 1 2 2 16 17 18 1 2 1 0 0 0 16 16 17 0 0 0 0 2 0 
1
2 0 0 0 0 0 1 0 0 
1 2 0 0 0 0 0 0 1 0 0 0 0 0 0 1 0 2 2 2 2 1 1 0 1 2 0 0 0 0 2 0 2 1 0 1 2 0 2 1 1 0 0 0 0 2 0 1 0 0 0 2 0 1 1 0 2 0 0 1 1 2 2 0 1 2 1 2 1 0 0 0 0 0 1 0 0 0 0 2 0 
33 34 32 0 0 0 0 0 1 32 32 32 0 0 0 1 0 2 34 34 34 1 1 0 1 2 0 0 0 0 2 0 2 1 0 1 2 0 2 1 1 0 0 0 0 2 0 1 0 0 0 2 0 1 17 16 18 0 0 1 1 2 2 16 17 18 1 2 1 0 0 0 16 16 17 0 0 0 0 2 0 
1
2 0 0 0 0 0 1 0 0 
1 2 0 0 0 0 0 0 1 0 0 0 0 0 0 1 0 2 2 2 2 1 1 0 1 2 2 0 0 0 2 0 2 1 0 1 2 0 2 1 1 0 0 0 0 2 0 1 0 0 0 2 0 1 1 0 2 0 0 1 1 2 2 0 1 2 1 2 1 0 0 0 0 0 1 0 0 0 0 2 0 
33 34 32 0 0 0 0 0 1 32 32 32 0 0 0 1 0 2 34 34 34 1 1 0 1 2 2 0 0 0 2 0 2 1 0 1 2 0 2 1 1 0 0 0 0 2 0 1 0 0 0 2 0 1 17 16 18 0 0 1 1 2 2 16 17 18 1 2 1 0 0 0 16 16 17 0 0 0 0 2 0 
1
2 0 0 0 0 0 1 0 0 
1 2 0 0 0 0 0 0 1 0 0 0 0 0 0 1 0 2 2 2 2 1 1 0 1 2 2 0 0 0 2 0 2 1 0 1 2 0 2 1 1 0 0 0 0 2 0 1 0 0 0 2 0 1 1 0 2 0 0 1 1 2 2 0 1 2 1 2 1 0 0 0 0 0 1 0 0 0 0 2 1 
33 34 32 0 0 0 0 0 1 32 32 32 0 0 0 1 0 2 34 34 34 1 1 0 1 2 2 0 0 0 2 0 2 1 0 1 2 0 2 1 1 0 0 0 0 2 0 1 0 0 0 2 0 1 17 16 18 0 0 1 1 2 2 16 17 18 1 2 1 0 0 0 16 16 17 0 0 0 0 2 1 
1
2 0 0 0 0 0 1 0 0 
1 2 0 0 0 0 0 0 1 0 0 0 0 0 0 1 0 2 2 2 2 1 1 0 1 2 2 0 0 0 2 0 2 1 0 1 2 0 2 1 1 0 0 0 0 2 0 1 0 0 0 2 0 1 1 0 2 0 0 1 1 2 2 0 1 2 1 2 1 0 0 2 0 0 1 0 0 0 0 2 1 
33 34 32 0 0 0 0 0 1 32 32 32 0 0 0 1 0 2 34 34 34 1 1 0 1 2 2 0 0 0 2 0 2 1 0 1 2 0 2 1 1 0 0 0 0 2 0 1 0 0 0 2 0 1 17 16 18 0 0 1 1 2 2 16 17 18 1 2 1 0 0 2 16 16 17 0 0 0 0 2 1 
1
2 0 0 0 0 1 1 0 0 
1 2 0 0 0 0 0 0 1 0 0 0 0 0 0 1 0 2 2 2 2 1 1 0 1 2 2 0 0 0 2 0 2 1 1 1 2 0 2 1 1 0 0 0 0 2 0 1 0 0 0 2 0 1 1 0 2 0 0 1 1 2 2 0 1 2 1 2 1 0 0 2 0 0 1 0 0 0 0 2 1 
33 34 32 0 0 0 0 0 1 32 32 32 0 0 0 1 0 2 34 34 34 1 1 0 1 2 2 0 0 0 2 0 2 17 17 17 2 0 2 1 1 0 16 16 16 2 0 1 0 0 0 18 16 17 17 16 18 0 0 1 1 2 2 16 17 18 1 2 1 0 0 2 16 16 17 0 0 0 0 2 1 
1
2 0 0 0 0 1 1 0 0 
1 2 0 0 0 2 0 0 1 0 0 0 0 0 0 1 0 2 2 2 2 1 1 0 1 2 2 0 0 0 2 0 2 1 1 1 2 0 2 1 1 0 0 0 0 2 0 1 0 0 0 2 0 1 1 0 2 0 0 1 1 2 2 0 1 2 1 2 1 0 0 2 0 0 1 0 0 0 0 2 1 
33 34 32 0 0 2 0 0 1 32 32 32 0 0 0 1 0 2 34 34 34 1 1 0 1 2 2 0 0 0 2 0 2 17 17 17 2 0 2 1 1 0 16 16 16 2 0 1 0 0 0 18 16 17 17 16 18 0 0 1 1 2 2 16 17 18 1 2 1 0 0 2 16 16 17 0 0 0 0 2 1 
1
2 0 1 0 0 1 1 0 0 
1 2 0 0 0 2 0 0 1 0 0 0 0 0 0 1 1 2 2 2 2 1 1 0 1 2 2 0 0 0 2 0 2 1 1 1 2 0 2 1 1 0 0 0 0 2 0 1 0 0 0 2 0 1 1 0 2 0 0 1 1 2 2 0 1 2 1 2 1 0 0 2 0 0 1 0 0 0 0 2 1 
33 34 32 0 0 2 16 16 17 32 32 32 0 0 0 17 17 18 34 34 34 1 1 0 17 18 18 0 0 0 2 0 2 17 17 17 2 0 2 1 1 0 16 16 16 2 0 1 0 0 0 18 16 17 17 16 18 0 0 1 1 2 2 16 17 18 1 2 1 0 0 2 16 16 17 0 0 0 0 2 1 
1
2 0 1 0 0 1 1 0 0 
1 2 0 0 0 2 0 0 1 0 0 0 0 0 0 1 1 2 2 2 2 1 1 0 1 2 2 0 0 0 2 0 2 1 1 1 2 0 2 1 1 0 0 0 0 2 0 1 0 2 0 2 0 1 1 0 2 0 0 1 1 2 2 0 1 2 1 2 1 0 0 2 0 0 1 0 0 0 0 2 1 
33 34 32 0 0 2 16 16 17 32 32 32 0 0 0 17 17 18 34 34 34 1 1 0 17 18 18 0 0 0 2 0 2 17 17 17 2 0 2 1 1 0 16 16 16 2 0 1 0 2 0 18 16 17 17 16 18 0 0 1 1 2 2 16 17 18 1 2 1 0 0 2 16 16 17 0 0 0 0 2 1 
1
2 0 1 0 0 1 1 0 0 
1 2 0 0 0 2 0 0 1 0 0 0 0 0 0 1 1 2 2 2 2 1 1 0 1 2 2 0 0 0 2 0 2 1 1 1 2 0 2 1 1 0 0 0 0 2 0 1 0 2 0 2 0 1 1 0 2 0 0 1 1 2 2 0 1 2 1 2 1 0 0 2 0 0 1 0 1 0 0 2 1 
33 34 32 0 0 2 16 16 17 32 32 32 0 0 0 17 17 18 34 34 34 1 1 0 17 18 18 0 0 0 2 0 2 17 17 17 2 0 2 1 1 0 16 16 16 2 0 1 0 2 0 18 16 17 17 16 18 0 0 1 1 2 2 16 17 18 1 2 1 0 0 2 16 16 17 0 1 0 0 2 1 
1
2 0 1 0 0 1 1 0 0 
1 2 0 0 0 2 0 0 1 0 0 0 0 0 0 1 1 2 2 2 2 1 1 0 1 2 2 0 0 0 2 0 2 1 1 1 2 0 2 1 1 0 0 0 0 2 0 1 0 2 0 2 0 1 1 0 2 0 2 1 1 2 2 0 1 2 1 2 1 0 0 2 0 0 1 0 1 0 0 2 1 
33 34 32 0 0 2 16 16 17 32 32 32 0 0 0 17 17 18 34 34 34 1 1 0 17 18 18 0 0 0 2 0 2 17 17 17 2 0 2 1 1 0 16 16 16 2 0 1 0 2 0 18 16 17 17 16 18 0 2 1 1 2 2 16 17 18 1 2 1 0 0 2 16 16 17 0 1 0 0 2 1 
1
2 1 1 0 0 1 1 0 0 
1 2 0 0 0 2 0 0 1 0 0 0 0 0 0 1 1 2 2 2 2 1 1 1 1 2 2 0 0 0 2 0 2 1 1 1 2 0 2 1 1 0 0 0 0 2 0 1 0 2 0 2 0 1 1 0 2 0 2 1 1 2 2 0 1 2 1 2 1 0 0 2 0 0 1 0 1 0 0 2 1 
33 34 32 16 16 18 16 16 17 32 32 32 16 16 16 17 17 18 34 34 34 17 17 17 17 18 18 0 0 0 2 0 2 17 17 17 2 0 2 1 1 0 16 16 16 2 0 1 0 2 0 18 16 17 17 16 18 0 2 1 1 2 2 16 17 18 1 2 1 0 0 2 16 16 17 0 1 0 0 2 1 
1
2 1 1 0 0 1 1 0 0 
1 2 0 0 0 2 0 0 1 0 0 0 0 0 0 1 1 2 2 2 2 1 1 1 1 2 2 0 0 0 2 0 2 1 1 1 2 0 2 1 1 0 0 0 0 2 0 1 0 2 0 2 0 1 1 0 2 0 2 1 1 2 2 0 1 2 1 2 1 2 0 2 0 0 1 0 1 0 0 2 1 
33 34 32 16 16 18 16 16 17 32 32 32 16 16 16 17 17 18 34 34 34 17 17 17 17 18 18 0 0 0 2 0 2 17 17 17 2 0 2 1 1 0 16 16 16 2 0 1 0 2 0 18 16 17 17 16 18 0 2 1 1 2 2 16 17 18 1 2 1 2 0 2 16 16 17 0 1 0 0 2 1 
1
2 1 1 0 0 1 1 0 0 
1 2 0 0 0 2 0 0 1 0 0 0 0 0 0 1 1 2 2 2 2 1 1 1 1 2 2 0 0 0 2 0 2 1 1 1 2 0 2 1 1 0 0 0 0 2 1 1 0 2 0 2 0 1 1 0 2 0 2 1 1 2 2 0 1 2 1 2 1 2 0 2 0 0 1 0 1 0 0 2 1 
33 34 32 16 16 18 16 16 17 32 32 32 16 16 16 17 17 18 34 34 34 17 17 17 17 18 18 0 0 0 2 0 2 17 17 17 2 0 2 1 1 0 16 16 16 2 1 1 0 2 0 18 16 17 17 16 18 0 2 1 1 2 2 16 17 18 1 2 1 2 0 2 16 16 17 0 1 0 0 2 1 
1
2 1 1 0 0 1 1 0 0 
1 2 0 0 0 2 0 0 1 0 0 0 0 0 0 1 1 2 2 2 2 1 1 1 1 2 2 0 0 0 2 0 2 1 1 1 2 0 2 1 1 0 0 0 0 2 1 1 0 2 0 2 0 1 1 0 2 2 2 1 1 2 2 0 1 2 1 2 1 2 0 2 0 0 1 0 1 0 0 2 1 
33 34 32 16 16 18 16 16 17 32 32 32 16 16 16 17 17 18 34 34 34 17 17 17 17 18 18 0 0 0 2 0 2 17 17 17 2 0 2 1 1 0 16 16 16 2 1 1 0 2 0 18 16 17 17 16 18 2 2 1 1 2 2 16 17 18 1 2 1 2 0 2 16 16 17 0 1 0 0 2 1 
1
2 1 1 0 1 1 1 0 0 
1 2 0 0 0 2 0 0 1 0 0 0 0 0 0 1 1 2 2 2 2 1 1 1 1 2 2 0 0 0 2 0 2 1 1 1 2 0 2 1 1 1 0 0 0 2 1 1 0 2 0 2 0 1 1 0 2 2 2 1 1 2 2 0 1 2 1 2 1 2 0 2 0 0 1 0 1 0 0 2 1 
33 34 32 16 16 18 16 16 17 32 32 32 16 16 16 17 17 18 34 34 34 17 17 17 17 18 18 0 0 0 18 16 18 17 17 17 2 0 2 17 17 17 16 16 16 2 1 1 16 18 16 18 16 17 17 16 18 2 2 1 1 2 2 16 17 18 1 2 1 2 0 2 16 16 17 0 1 0 0 2 1 
1
2 1 1 0 1 1 1 0 0 
1 2 0 0 0 2 0 0 1 0 0 0 0 0 0 1 1 2 2 2 2 1 1 1 1 2 2 0 0 0 2 0 2 1 1 1 2 0 2 1 1 1 0 0 0 2 1 1 0 2 0 2 0 1 1 0 2 2 2 1 1 2 2 0 1 2 1 2 1 2 0 2 0 0 1 0 1 0 0 2 1 
33 34 32 16 16 18 16 16 17 32 32 32 16 16 16 17 17 18 34 34 34 17 17 17 17 18 18 0 0 0 18 16 18 17 17 17 2 0 2 17 17 17 16 16 16 2 1 1 16 18 16 18 16 17 17 16 18 2 2 1 1 2 2 16 17 18 1 2 1 2 0 2 16 16 17 0 1 0 0 2 1 
1
