0 0 0 0 0 0 0 0 0 
0 0 0 0 0 0 0 0 0 0 0 0 0 0 0 0 0 0 0 0 0 0 0 0 0 0 0 0 0 0 0 0 0 0 0 0 0 0 0 0 1 0 0 0 0 0 0 0 0 0 0 0 0 0 0 0 0 0 0 0 0 0 0 0 0 0 0 0 0 0 0 0 0 0 0 0 0 0 0 0 0 
0 0 0 0 0 0 0 0 0 0 0 0 0 0 0 0 0 0 0 0 0 0 0 0 0 0 0 0 0 0 0 0 0 0 0 0 0 0 0 0 1 0 0 0 0 0 0 0 0 0 0 0 0 0 0 0 0 0 0 0 0 0 0 0 0 0 0 0 0 0 0 0 0 0 0 0 0 0 0 0 0 
1
0 0 0 0 0 0 0 0 0 
0 0 0 0 0 0 0 0 0 0 0 0 0 0 0 0 0 0 0 0 0 0 0 0 0 0 0 0 0 0 0 0 0 0 0 0 0 0 0 0 1 0 0 0 0 0 0 0 0 0 2 0 0 0 0 0 0 0 0 0 0 0 0 0 0 0 0 0 0 0 0 0 0 0 0 0 0 0 0 0 0 
0 0 0 0 0 0 0 0 0 0 0 0 0 0 0 0 0 0 0 0 0 0 0 0 0 0 0 0 0 0 0 0 0 0 0 0 0 0 0 0 1 0 0 0 0 0 0 0 0 0 2 0 0 0 0 0 0 0 0 0 0 0 0 0 0 0 0 0 0 0 0 0 0 0 0 0 0 0 0 0 0 
1
0 0 0 0 0 0 0 0 0 
0 0 0 0 0 0 0 0 0 0 0 0 0 0 0 0 0 0 0 0 0 0 0 0 0 0 0 0 0 0 0 0 0 0 0 0 0 0 0 0 1 0 0 0 0 0 0 0 0 0 2 0 0 0 0 0 0 0 0 0 0 0 1 0 0 0 0 0 0 0 0 0 0 0 0 0 0 0 0 0 0 
0 0 0 0 0 0 0 0 0 0 0 0 0 0 0 0 0 0 0 0 0 0 0 0 0 0 0 0 0 0 0 0 0 0 0 0 0 0 0 0 1 0 0 0 0 0 0 0 0 0 2 0 0 0 0 0 0 0 0 0 0 0 1 0 0 0 0 0 0 0 0 0 0 0 0 0 0 0 0 0 0 
1
0 0 0 0 0 0 0 0 0 
0 0 0 0 0 0 0 0 2 0 0 0 0 0 0 0 0 0 0 0 0 0 0 0 0 0 0 0 0 0 0 0 0 0 0 0 0 0 0 0 1 0 0 0 0 0 0 0 0 0 2 0 0 0 0 0 0 0 0 0 0 0 1 0 0 0 0 0 0 0 0 0 0 0 0 0 0 0 0 0 0 
0 0 0 0 0 0 0 0 2 0 0 0 0 0 0 0 0 0 0 0 0 0 0 0 0 0 0 0 0 0 0 0 0 0 0 0 0 0 0 0 1 0 0 0 0 0 0 0 0 0 2 0 0 0 0 0 0 0 0 0 0 0 1 0 0 0 0 0 0 0 0 0 0 0 0 0 0 0 0 0 0 
1
0 0 0 0 0 0 0 0 0 
0 0 0 0 0 0 0 0 2 0 0 0 0 0 0 0 0 0 0 0 0 0 0 0 0 1 0 0 0 0 0 0 0 0 0 0 0 0 0 0 1 0 0 0 0 0 0 0 0 0 2 0 0 0 0 0 0 0 0 0 0 0 1 0 0 0 0 0 0 0 0 0 0 0 0 0 0 0 0 0 0 
0 0 0 0 0 0 0 0 2 0 0 0 0 0 0 0 0 0 0 0 0 0 0 0 0 1 0 0 0 0 0 0 0 0 0 0 0 0 0 0 1 0 0 0 0 0 0 0 0 0 2 0 0 0 0 0 0 0 0 0 0 0 1 0 0 0 0 0 0 0 0 0 0 0 0 0 0 0 0 0 0 
1
0 0 0 0 0 0 0 0 0 
0 0 0 0 0 0 0 0 2 0 0 0 0 0 0 0 0 0 0 0 0 0 0 0 0 1 0 0 0 0 0 0 0 0 0 0 0 0 0 0 1 0 0 0 0 0 0 0 0 0 2 0 0 0 0 0 0 0 0 0 0 0 1 0 0 0 2 0 0 0 0 0 0 0 0 0 0 0 0 0 0 
0 0 0 0 0 0 0 0 2 0 0 0 0 0 0 0 0 0 0 0 0 0 0 0 0 1 0 0 0 0 0 0 0 0 0 0 0 0 0 0 1 0 0 0 0 0 0 0 0 0 2 0 0 0 0 0 0 0 0 0 0 0 1 0 0 0 2 0 0 0 0 0 0 0 0 0 0 0 0 0 0 
1
0 0 0 0 0 0 0 0 0 
0 0 0 0 0 0 0 0 2 0 0 0 0 0 0 0 0 0 0 0 0 0 0 0 0 1 0 0 0 0 0 0 0 0 0 0 0 0 0 0 1 0 0 0 0 0 1 0 0 0 2 0 0 0 0 0 0 0 0 0 0 0 1 0 0 0 2 0 0 0 0 0 0 0 0 0 0 0 0 0 0 
0 0 0 0 0 0 0 0 2 0 0 0 0 0 0 0 0 0 0 0 0 0 0 0 0 1 0 0 0 0 0 0 0 0 0 0 0 0 0 0 1 0 0 0 0 0 1 0 0 0 2 0 0 0 0 0 0 0 0 0 0 0 1 0 0 0 2 0 0 0 0 0 0 0 0 0 0 0 0 0 0 
1
0 0 0 0 0 0 0 0 0 
0 0 0 0 0 0 0 0 2 0 0 0 0 0 0 0 0 0 0 0 0 0 0 0 0 1 0 0 0 0 0 0 0 0 0 0 0 0 0 0 1 0 0 0 0 0 1 0 0 0 2 0 0 0 0 0 0 0 0 0 0 0 1 0 0 0 2 0 0 0 0 0 0 0 0 0 0 2 0 0 0 
0 0 0 0 0 0 0 0 2 0 0 0 0 0 0 0 0 0 0 0 0 0 0 0 0 1 0 0 0 0 0 0 0 0 0 0 0 0 0 0 1 0 0 0 0 0 1 0 0 0 2 0 0 0 0 0 0 0 0 0 0 0 1 0 0 0 2 0 0 0 0 0 0 0 0 0 0 2 0 0 0 
1
0 0 0 0 0 0 0 0 0 
0 0 0 0 0 0 0 0 2 0 0 0 0 0 0 0 0 0 0 0 0 0 0 0 0 1 0 0 0 0 0 0 0 0 0 0 0 0 0 0 1 0 0 0 0 0 1 0 0 0 2 0 0 0 0 0 0 0 0 0 0 0 1 0 0 0 2 0 0 0 0 1 0 0 0 0 0 2 0 0 0 
0 0 0 0 0 0 0 0 2 0 0 0 0 0 0 0 0 0 0 0 0 0 0 0 0 1 0 0 0 0 0 0 0 0 0 0 0 0 0 0 1 0 0 0 0 0 1 0 0 0 2 0 0 0 0 0 0 0 0 0 0 0 1 0 0 0 2 0 0 0 0 1 0 0 0 0 0 2 0 0 0 
1
0 0 0 0 0 0 0 0 0 
0 0 0 0 0 0 0 0 2 0 0 0 0 0 0 0 0 0 0 0 0 0 0 0 0 1 0 0 0 0 0 0 0 0 2 0 0 0 0 0 1 0 0 0 0 0 1 0 0 0 2 0 0 0 0 0 0 0 0 0 0 0 1 0 0 0 2 0 0 0 0 1 0 0 0 0 0 2 0 0 0 
0 0 0 0 0 0 0 0 2 0 0 0 0 0 0 0 0 0 0 0 0 0 0 0 0 1 0 0 0 0 0 0 0 0 2 0 0 0 0 0 1 0 0 0 0 0 1 0 0 0 2 0 0 0 0 0 0 0 0 0 0 0 1 0 0 0 2 0 0 0 0 1 0 0 0 0 0 2 0 0 0 
1
0 0 0 0 0 0 0 0 0 
0 0 0 0 0 0 0 0 2 0 0 0 1 0 0 0 0 0 0 0 0 0 0 0 0 1 0 0 0 0 0 0 0 0 2 0 0 0 0 0 1 0 0 0 0 0 1 0 0 0 2 0 0 0 0 0 0 0 0 0 0 0 1 0 0 0 2 0 0 0 0 1 0 0 0 0 0 2 0 0 0 
0 0 0 0 0 0 0 0 2 0 0 0 1 0 0 0 0 0 0 0 0 0 0 0 0 1 0 0 0 0 0 0 0 0 2 0 0 0 0 0 1 0 0 0 0 0 1 0 0 0 2 0 0 0 0 0 0 0 0 0 0 0 1 0 0 0 2 0 0 0 0 1 0 0 0 0 0 2 0 0 0 
1
0 0 0 0 0 0 0 0 0 
0 0 0 0 0 0 0 0 2 0 0 0 1 0 0 0 0 0 0 0 0 0 0 0 0 1 0 0 0 0 0 0 0 0 2 0 2 0 0 0 1 0 0 0 0 0 1 0 0 0 2 0 0 0 0 0 0 0 0 0 0 0 1 0 0 0 2 0 0 0 0 1 0 0 0 0 0 2 0 0 0 
0 0 0 0 0 0 0 0 2 0 0 0 1 0 0 0 0 0 0 0 0 0 0 0 0 1 0 0 0 0 0 0 0 0 2 0 2 0 0 0 1 0 0 0 0 0 1 0 0 0 2 0 0 0 0 0 0 0 0 0 0 0 1 0 0 0 2 0 0 0 0 1 0 0 0 0 0 2 0 0 0 
1
0 0 0 0 0 0 0 0 0 
0 0 0 0 0 0 0 0 2 0 0 0 1 0 0 0 0 0 0 0 0 0 0 0 0 1 0 0 0 0 0 0 0 0 2 0 2 0 0 0 1 0 0 0 0 1 1 0 0 0 2 0 0 0 0 0 0 0 0 0 0 0 1 0 0 0 2 0 0 0 0 1 0 0 0 0 0 2 0 0 0 
0 0 0 0 0 0 0 0 2 0 0 0 1 0 0 0 0 0 0 0 0 0 0 0 0 1 0 0 0 0 0 0 0 0 2 0 2 0 0 0 1 0 0 0 0 1 1 0 0 0 2 0 0 0 0 0 0 0 0 0 0 0 1 0 0 0 2 0 0 0 0 1 0 0 0 0 0 2 0 0 0 
1
0 0 0 0 0 0 0 0 0 
0 0 0 0 0 0 0 0 2 0 0 0 1 0 0 0 0 0 0 0 0 0 0 0 0 1 0 0 0 0 0 0 0 0 2 0 2 0 0 0 1 0 0 0 0 1 1 0 0 0 2 0 0 0 0 0 0 0 0 0 0 0 1 0 0 0 2 0 0 0 0 1 2 0 0 0 0 2 0 0 0 
0 0 0 0 0 0 0 0 2 0 0 0 1 0 0 0 0 0 0 0 0 0 0 0 0 1 0 0 0 0 0 0 0 0 2 0 2 0 0 0 1 0 0 0 0 1 1 0 0 0 2 0 0 0 0 0 0 0 0 0 0 0 1 0 0 0 2 0 0 0 0 1 2 0 0 0 0 2 0 0 0 
1
0 0 0 0 0 0 0 0 0 
0 0 0 0 0 0 0 0 2 0 0 0 1 0 0 0 0 0 0 0 0 0 0 0 0 1 0 0 0 0 0 0 0 0 2 0 2 0 0 0 1 0 0 0 0 1 1 0 0 0 2 0 0 0 0 0 0 0 0 0 0 0 1 0 0 0 2 0 0 0 0 1 2 1 0 0 0 2 0 0 0 
0 0 0 0 0 0 0 0 2 0 0 0 1 0 0 0 0 0 0 0 0 0 0 0 0 1 0 0 0 0 0 0 0 0 2 0 2 0 0 0 1 0 0 0 0 1 1 0 0 0 2 0 0 0 0 0 0 0 0 0 0 0 1 0 0 0 2 0 0 0 0 1 2 1 0 0 0 2 0 0 0 
1
0 0 0 0 0 0 0 0 0 
0 0 0 0 0 0 0 0 2 0 0 0 1 0 0 0 0 0 0 0 0 0 0 0 0 1 0 0 0 0 0 0 0 0 2 0 2 0 0 0 1 0 0 0 0 1 1 0 0 0 2 0 0 0 0 0 0 0 0 0 0 0 1 0 0 0 2 0 0 0 0 1 2 1 0 0 2 2 0 0 0 
0 0 0 0 0 0 0 0 2 0 0 0 1 0 0 0 0 0 0 0 0 0 0 0 0 1 0 0 0 0 0 0 0 0 2 0 2 0 0 0 1 0 0 0 0 1 1 0 0 0 2 0 0 0 0 0 0 0 0 0 0 0 1 0 0 0 2 0 0 0 0 1 2 1 0 0 2 2 0 0 0 
1
0 0 0 0 0 0 0 0 0 
0 0 0 0 0 0 0 0 2 0 0 0 1 0 0 0 0 0 0 0 0 0 0 0 0 1 0 0 0 0 0 0 0 0 2 0 2 0 0 0 1 0 0 0 0 1 1 0 0 0 2 0 0 0 0 0 0 0 0 0 0 0 1 0 0 0 2 0 0 0 0 1 2 1 0 1 2 2 0 0 0 
0 0 0 0 0 0 0 0 2 0 0 0 1 0 0 0 0 0 0 0 0 0 0 0 0 1 0 0 0 0 0 0 0 0 2 0 2 0 0 0 1 0 0 0 0 1 1 0 0 0 2 0 0 0 0 0 0 0 0 0 0 0 1 0 0 0 2 0 0 0 0 1 2 1 0 1 2 2 0 0 0 
1
0 0 0 0 0 0 0 0 0 
0 0 0 0 0 0 0 0 2 0 0 0 1 0 0 0 0 0 0 0 0 0 0 0 0 1 0 0 0 0 0 0 0 0 2 0 2 0 0 0 1 0 0 0 0 1 1 0 0 0 2 0 0 0 0 2 0 0 0 0 0 0 1 0 0 0 2 0 0 0 0 1 2 1 0 1 2 2 0 0 0 
0 0 0 0 0 0 0 0 2 0 0 0 1 0 0 0 0 0 0 0 0 0 0 0 0 1 0 0 0 0 0 0 0 0 2 0 2 0 0 0 1 0 0 0 0 1 1 0 0 0 2 0 0 0 0 2 0 0 0 0 0 0 1 0 0 0 2 0 0 0 0 1 2 1 0 1 2 2 0 0 0 
1
0 0 0 0 0 0 0 0 0 
0 0 0 0 0 0 0 0 2 0 0 0 1 0 1 0 0 0 0 0 0 0 0 0 0 1 0 0 0 0 0 0 0 0 2 0 2 0 0 0 1 0 0 0 0 1 1 0 0 0 2 0 0 0 0 2 0 0 0 0 0 0 1 0 0 0 2 0 0 0 0 1 2 1 0 1 2 2 0 0 0 
0 0 0 0 0 0 0 0 2 0 0 0 1 0 1 0 0 0 0 0 0 0 0 0 0 1 0 0 0 0 0 0 0 0 2 0 2 0 0 0 1 0 0 0 0 1 1 0 0 0 2 0 0 0 0 2 0 0 0 0 0 0 1 0 0 0 2 0 0 0 0 1 2 1 0 1 2 2 0 0 0 
1
0 0 0 0 0 0 0 0 0 
0 0 0 0 0 0 0 0 2 0 0 0 1 0 1 0 0 0 0 0 0 0 0 0 0 1 0 0 0 0 0 0 0 0 2 0 2 0 0 0 1 0 0 0 0 1 1 0 0 0 2 2 0 0 0 2 0 0 0 0 0 0 1 0 0 0 2 0 0 0 0 1 2 1 0 1 2 2 0 0 0 
0 0 0 0 0 0 0 0 2 0 0 0 1 0 1 0 0 0 0 0 0 0 0 0 0 1 0 0 0 0 0 0 0 0 2 0 2 0 0 0 1 0 0 0 0 1 1 0 0 0 2 2 0 0 0 2 0 0 0 0 0 0 1 0 0 0 2 0 0 0 0 1 2 1 0 1 2 2 0 0 0 
1
0 0 0 0 0 0 0 0 0 
0 0 0 0 0 0 0 0 2 0 0 0 1 0 1 0 0 0 0 0 0 0 0 0 0 1 0 0 0 0 0 0 0 0 2 0 2 0 0 0 1 0 0 0 0 1 1 0 0 0 2 2 0 0 0 2 0 0 0 0 0 0 1 0 0 1 2 0 0 0 0 1 2 1 0 1 2 2 0 0 0 
0 0 0 0 0 0 0 0 2 0 0 0 1 0 1 0 0 0 0 0 0 0 0 0 0 1 0 0 0 0 0 0 0 0 2 0 2 0 0 0 1 0 0 0 0 1 1 0 0 0 2 2 0 0 0 2 0 0 0 0 0 0 1 0 0 1 2 0 0 0 0 1 2 1 0 1 2 2 0 0 0 
1
0 0 0 0 0 0 0 0 0 
0 0 0 0 0 0 0 0 2 0 0 0 1 0 1 0 0 0 0 0 0 0 0 0 0 1 0 0 0 0 0 0 0 0 2 0 2 0 0 0 1 0 0 0 2 1 1 0 0 0 2 2 0 0 0 2 0 0 0 0 0 0 1 0 0 1 2 0 0 0 0 1 2 1 0 1 2 2 0 0 0 
0 0 0 0 0 0 0 0 2 0 0 0 1 0 1 0 0 0 0 0 0 0 0 0 0 1 0 0 0 0 0 0 0 0 2 0 2 0 0 0 1 0 0 0 2 1 1 0 0 0 2 2 0 0 0 2 0 0 0 0 0 0 1 0 0 1 2 0 0 0 0 1 2 1 0 1 2 2 0 0 0 
1
0 0 0 0 0 0 0 0 0 
0 0 0 0 0 0 0 0 2 0 0 0 1 0 1 0 0 0 0 0 0 0 0 0 0 1 0 0 0 0 0 0 0 0 2 0 2 0 0 0 1 0 0 1 2 1 1 0 0 0 2 2 0 0 0 2 0 0 0 0 0 0 1 0 0 1 2 0 0 0 0 1 2 1 0 1 2 2 0 0 0 
0 0 0 0 0 0 0 0 2 0 0 0 1 0 1 0 0 0 0 0 0 0 0 0 0 1 0 0 0 0 0 0 0 0 2 0 2 0 0 0 1 0 0 1 2 1 1 0 0 0 2 2 0 0 0 2 0 0 0 0 0 0 1 0 0 1 2 0 0 0 0 1 2 1 0 1 2 2 0 0 0 
1
0 0 0 0 0 0 0 0 0 
0 0 0 0 0 0 0 0 2 0 0 0 1 0 1 0 0 0 0 0 0 0 0 0 0 1 0 0 0 0 0 0 0 0 2 0 2 0 0 0 1 2 0 1 2 1 1 0 0 0 2 2 0 0 0 2 0 0 0 0 0 0 1 0 0 1 2 0 0 0 0 1 2 1 0 1 2 2 0 0 0 
0 0 0 0 0 0 0 0 2 0 0 0 1 0 1 0 0 0 0 0 0 0 0 0 0 1 0 0 0 0 0 0 0 0 2 0 2 0 0 0 1 2 0 1 2 1 1 0 0 0 2 2 0 0 0 2 0 0 0 0 0 0 1 0 0 1 2 0 0 0 0 1 2 1 0 1 2 2 0 0 0 
1
0 0 0 0 0 0 0 0 0 
0 0 0 0 0 0 0 0 2 0 0 0 1 0 1 0 0 0 0 0 0 0 0 0 0 1 0 0 0 0 0 0 0 1 2 0 2 0 0 0 1 2 0 1 2 1 1 0 0 0 2 2 0 0 0 2 0 0 0 0 0 0 1 0 0 1 2 0 0 0 0 1 2 1 0 1 2 2 0 0 0 
0 0 0 0 0 0 0 0 2 0 0 0 1 0 1 0 0 0 0 0 0 0 0 0 0 1 0 0 0 0 0 0 0 1 2 0 2 0 0 0 1 2 0 1 2 1 1 0 0 0 2 2 0 0 0 2 0 0 0 0 0 0 1 0 0 1 2 0 0 0 0 1 2 1 0 1 2 2 0 0 0 
1
0 0 0 0 0 0 0 0 0 
0 0 0 0 0 0 0 0 2 0 0 0 1 0 1 0 0 0 0 2 0 0 0 0 0 1 0 0 0 0 0 0 0 1 2 0 2 0 0 0 1 2 0 1 2 1 1 0 0 0 2 2 0 0 0 2 0 0 0 0 0 0 1 0 0 1 2 0 0 0 0 1 2 1 0 1 2 2 0 0 0 
0 0 0 0 0 0 0 0 2 0 0 0 1 0 1 0 0 0 0 2 0 0 0 0 0 1 0 0 0 0 0 0 0 1 2 0 2 0 0 0 1 2 0 1 2 1 1 0 0 0 2 2 0 0 0 2 0 0 0 0 0 0 1 0 0 1 2 0 0 0 0 1 2 1 0 1 2 2 0 0 0 
1
0 0 0 0 0 0 0 0 0 
0 0 0 0 0 0 0 0 2 0 0 0 1 0 1 0 0 0 0 2 0 0 0 0 0 1 0 0 0 0 0 0 0 1 2 0 2 0 0 0 1 2 0 1 2 1 1 0 0 0 2 2 0 0 0 2 0 0 0 1 0 0 1 0 0 1 2 0 0 0 0 1 2 1 0 1 2 2 0 0 0 
0 0 0 0 0 0 0 0 2 0 0 0 1 0 1 0 0 0 0 2 0 0 0 0 0 1 0 0 0 0 0 0 0 1 2 0 2 0 0 0 1 2 0 1 2 1 1 0 0 0 2 2 0 0 0 2 0 0 0 1 0 0 1 0 0 1 2 0 0 0 0 1 2 1 0 1 2 2 0 0 0 
1
0 0 0 0 0 0 0 0 0 
0 0 0 0 0 0 0 2 2 0 0 0 1 0 1 0 0 0 0 2 0 0 0 0 0 1 0 0 0 0 0 0 0 1 2 0 2 0 0 0 1 2 0 1 2 1 1 0 0 0 2 2 0 0 0 2 0 0 0 1 0 0 1 0 0 1 2 0 0 0 0 1 2 1 0 1 2 2 0 0 0 
0 0 0 0 0 0 0 2 2 0 0 0 1 0 1 0 0 0 0 2 0 0 0 0 0 1 0 0 0 0 0 0 0 1 2 0 2 0 0 0 1 2 0 1 2 1 1 0 0 0 2 2 0 0 0 2 0 0 0 1 0 0 1 0 0 1 2 0 0 0 0 1 2 1 0 1 2 2 0 0 0 
1
0 0 0 0 0 0 0 0 0 
0 0 0 0 1 0 0 2 2 0 0 0 1 0 1 0 0 0 0 2 0 0 0 0 0 1 0 0 0 0 0 0 0 1 2 0 2 0 0 0 1 2 0 1 2 1 1 0 0 0 2 2 0 0 0 2 0 0 0 1 0 0 1 0 0 1 2 0 0 0 0 1 2 1 0 1 2 2 0 0 0 
0 0 0 0 1 0 0 2 2 0 0 0 1 0 1 0 0 0 0 2 0 0 0 0 0 1 0 0 0 0 0 0 0 1 2 0 2 0 0 0 1 2 0 1 2 1 1 0 0 0 2 2 0 0 0 2 0 0 0 1 0 0 1 0 0 1 2 0 0 0 0 1 2 1 0 1 2 2 0 0 0 
1
0 0 0 0 0 0 0 0 0 
0 0 0 2 1 0 0 2 2 0 0 0 1 0 1 0 0 0 0 2 0 0 0 0 0 1 0 0 0 0 0 0 0 1 2 0 2 0 0 0 1 2 0 1 2 1 1 0 0 0 2 2 0 0 0 2 0 0 0 1 0 0 1 0 0 1 2 0 0 0 0 1 2 1 0 1 2 2 0 0 0 
0 0 0 2 1 0 0 2 2 0 0 0 1 0 1 0 0 0 0 2 0 0 0 0 0 1 0 0 0 0 0 0 0 1 2 0 2 0 0 0 1 2 0 1 2 1 1 0 0 0 2 2 0 0 0 2 0 0 0 1 0 0 1 0 0 1 2 0 0 0 0 1 2 1 0 1 2 2 0 0 0 
1
0 0 0 0 0 0 0 0 0 
0 0 0 2 1 0 0 2 2 0 0 0 1 0 1 0 0 0 0 2 1 0 0 0 0 1 0 0 0 0 0 0 0 1 2 0 2 0 0 0 1 2 0 1 2 1 1 0 0 0 2 2 0 0 0 2 0 0 0 1 0 0 1 0 0 1 2 0 0 0 0 1 2 1 0 1 2 2 0 0 0 
0 0 0 2 1 0 0 2 2 0 0 0 1 0 1 0 0 0 0 2 1 0 0 0 0 1 0 0 0 0 0 0 0 1 2 0 2 0 0 0 1 2 0 1 2 1 1 0 0 0 2 2 0 0 0 2 0 0 0 1 0 0 1 0 0 1 2 0 0 0 0 1 2 1 0 1 2 2 0 0 0 
1
0 0 0 0 0 0 0 0 0 
0 0 0 2 1 0 0 2 2 0 0 0 1 0 1 0 0 0 0 2 1 0 0 0 0 1 0 0 0 0 0 0 0 1 2 0 2 0 0 0 1 2 0 1 2 1 1 0 0 0 2 2 0 0 0 2 0 0 0 1 0 0 1 0 0 1 2 0 0 0 0 1 2 1 0 1 2 2 0 0 2 
0 0 0 2 1 0 0 2 2 0 0 0 1 0 1 0 0 0 0 2 1 0 0 0 0 1 0 0 0 0 0 0 0 1 2 0 2 0 0 0 1 2 0 1 2 1 1 0 0 0 2 2 0 0 0 2 0 0 0 1 0 0 1 0 0 1 2 0 0 0 0 1 2 1 0 1 2 2 0 0 2 
1
0 0 0 0 0 0 0 0 0 
0 0 0 2 1 0 0 2 2 0 0 0 1 0 1 0 0 0 0 2 1 0 0 0 0 1 0 0 0 0 0 0 0 1 2 0 2 0 0 0 1 2 0 1 2 1 1 0 0 0 2 2 0 0 0 2 0 0 0 1 0 0 1 0 0 1 2 0 0 0 0 1 2 1 0 1 2 2 0 1 2 
0 0 0 2 1 0 0 2 2 0 0 0 1 0 1 0 0 0 0 2 1 0 0 0 0 1 0 0 0 0 0 0 0 1 2 0 2 0 0 0 1 2 0 1 2 1 1 0 0 0 2 2 0 0 0 2 0 0 0 1 0 0 1 0 0 1 2 0 0 0 0 1 2 1 0 1 2 2 0 1 2 
1
0 0 0 0 0 0 0 0 0 
0 0 0 2 1 0 0 2 2 0 0 0 1 0 1 0 0 0 0 2 1 0 0 0 0 1 0 0 0 0 0 0 0 1 2 0 2 0 0 0 1 2 0 1 2 1 1 0 0 0 2 2 0 0 0 2 0 0 0 1 0 0 1 0 0 1 2 2 0 0 0 1 2 1 0 1 2 2 0 1 2 
0 0 0 2 1 0 0 2 2 0 0 0 1 0 1 0 0 0 0 2 1 0 0 0 0 1 0 0 0 0 0 0 0 1 2 0 2 0 0 0 1 2 0 1 2 1 1 0 0 0 2 2 0 0 0 2 0 0 0 1 0 0 1 0 0 1 2 2 0 0 0 1 2 1 0 1 2 2 0 1 2 
1
0 0 0 0 0 0 0 0 0 
0 0 0 2 1 0 0 2 2 0 0 0 1 0 1 0 0 0 0 2 1 0 0 0 0 1 0 0 0 0 0 0 1 1 2 0 2 0 0 0 1 2 0 1 2 1 1 0 0 0 2 2 0 0 0 2 0 0 0 1 0 0 1 0 0 1 2 2 0 0 0 1 2 1 0 1 2 2 0 1 2 
0 0 0 2 1 0 0 2 2 0 0 0 1 0 1 0 0 0 0 2 1 0 0 0 0 1 0 0 0 0 0 0 1 1 2 0 2 0 0 0 1 2 0 1 2 1 1 0 0 0 2 2 0 0 0 2 0 0 0 1 0 0 1 0 0 1 2 2 0 0 0 1 2 1 0 1 2 2 0 1 2 
1
0 0 2 0 0 0 0 0 0 
0 0 0 2 1 0 2 2 2 0 0 0 1 0 1 0 0 0 0 2 1 0 0 0 0 1 0 0 0 0 0 0 1 1 2 0 2 0 0 0 1 2 0 1 2 1 1 0 0 0 2 2 0 0 0 2 0 0 0 1 0 0 1 0 0 1 2 2 0 0 0 1 2 1 0 1 2 2 0 1 2 
0 0 0 2 1 0 34 34 34 0 0 0 1 0 1 32 32 32 0 2 1 0 0 0 32 33 32 0 0 0 0 0 1 1 2 0 2 0 0 0 1 2 0 1 2 1 1 0 0 0 2 2 0 0 0 2 0 0 0 1 0 0 1 0 0 1 2 2 0 0 0 1 2 1 0 1 2 2 0 1 2 
1
0 0 2 0 0 0 0 0 0 
0 1 0 2 1 0 2 2 2 0 0 0 1 0 1 0 0 0 0 2 1 0 0 0 0 1 0 0 0 0 0 0 1 1 2 0 2 0 0 0 1 2 0 1 2 1 1 0 0 0 2 2 0 0 0 2 0 0 0 1 0 0 1 0 0 1 2 2 0 0 0 1 2 1 0 1 2 2 0 1 2 
0 1 0 2 1 0 34 34 34 0 0 0 1 0 1 32 32 32 0 2 1 0 0 0 32 33 32 0 0 0 0 0 1 1 2 0 2 0 0 0 1 2 0 1 2 1 1 0 0 0 2 2 0 0 0 2 0 0 0 1 0 0 1 0 0 1 2 2 0 0 0 1 2 1 0 1 2 2 0 1 2 
1
0 0 2 0 0 0 0 0 0 
0 1 0 2 1 0 2 2 2 0 0 0 1 0 1 0 0 0 0 2 1 0 0 2 0 1 0 0 0 0 0 0 1 1 2 0 2 0 0 0 1 2 0 1 2 1 1 0 0 0 2 2 0 0 0 2 0 0 0 1 0 0 1 0 0 1 2 2 0 0 0 1 2 1 0 1 2 2 0 1 2 
0 1 0 2 1 0 34 34 34 0 0 0 1 0 1 32 32 32 0 2 1 0 0 2 32 33 32 0 0 0 0 0 1 1 2 0 2 0 0 0 1 2 0 1 2 1 1 0 0 0 2 2 0 0 0 2 0 0 0 1 0 0 1 0 0 1 2 2 0 0 0 1 2 1 0 1 2 2 0 1 2 
1
0 0 2 0 0 0 0 0 0 
0 1 0 2 1 0 2 2 2 0 0 0 1 0 1 0 0 0 0 2 1 0 0 2 0 1 0 0 0 0 0 0 1 1 2 0 2 0 0 0 1 2 0 1 2 1 1 0 0 0 2 2 0 0 0 2 0 0 0 1 1 0 1 0 0 1 2 2 0 0 0 1 2 1 0 1 2 2 0 1 2 
0 1 0 2 1 0 34 34 34 0 0 0 1 0 1 32 32 32 0 2 1 0 0 2 32 33 32 0 0 0 0 0 1 1 2 0 2 0 0 0 1 2 0 1 2 1 1 0 0 0 2 2 0 0 0 2 0 0 0 1 1 0 1 0 0 1 2 2 0 0 0 1 2 1 0 1 2 2 0 1 2 
1
0 0 2 0 0 0 0 0 0 
0 1 0 2 1 0 2 2 2 0 0 0 1 0 1 0 0 0 2 2 1 0 0 2 0 1 0 0 0 0 0 0 1 1 2 0 2 0 0 0 1 2 0 1 2 1 1 0 0 0 2 2 0 0 0 2 0 0 0 1 1 0 1 0 0 1 2 2 0 0 0 1 2 1 0 1 2 2 0 1 2 
0 1 0 2 1 0 34 34 34 0 0 0 1 0 1 32 32 32 2 2 1 0 0 2 32 33 32 0 0 0 0 0 1 1 2 0 2 0 0 0 1 2 0 1 2 1 1 0 0 0 2 2 0 0 0 2 0 0 0 1 1 0 1 0 0 1 2 2 0 0 0 1 2 1 0 1 2 2 0 1 2 
1
0 0 2 0 0 0 0 0 0 
0 1 0 2 1 0 2 2 2 0 0 0 1 0 1 0 0 0 2 2 1 0 0 2 0 1 0 0 0 0 0 0 1 1 2 0 2 0 0 0 1 2 0 1 2 1 1 0 0 0 2 2 0 0 0 2 0 0 0 1 1 0 1 1 0 1 2 2 0 0 0 1 2 1 0 1 2 2 0 1 2 
0 1 0 2 1 0 34 34 34 0 0 0 1 0 1 32 32 32 2 2 1 0 0 2 32 33 32 0 0 0 0 0 1 1 2 0 2 0 0 0 1 2 0 1 2 1 1 0 0 0 2 2 0 0 0 2 0 0 0 1 1 0 1 1 0 1 2 2 0 0 0 1 2 1 0 1 2 2 0 1 2 
1
0 0 2 0 0 0 0 0 0 
0 1 0 2 1 0 2 2 2 0 0 0 1 0 1 0 0 0 2 2 1 0 0 2 0 1 0 0 2 0 0 0 1 1 2 0 2 0 0 0 1 2 0 1 2 1 1 0 0 0 2 2 0 0 0 2 0 0 0 1 1 0 1 1 0 1 2 2 0 0 0 1 2 1 0 1 2 2 0 1 2 
0 1 0 2 1 0 34 34 34 0 0 0 1 0 1 32 32 32 2 2 1 0 0 2 32 33 32 0 2 0 0 0 1 1 2 0 2 0 0 0 1 2 0 1 2 1 1 0 0 0 2 2 0 0 0 2 0 0 0 1 1 0 1 1 0 1 2 2 0 0 0 1 2 1 0 1 2 2 0 1 2 
1
0 0 2 0 0 0 0 0 0 
0 1 0 2 1 0 2 2 2 0 0 0 1 0 1 0 0 0 2 2 1 1 0 2 0 1 0 0 2 0 0 0 1 1 2 0 2 0 0 0 1 2 0 1 2 1 1 0 0 0 2 2 0 0 0 2 0 0 0 1 1 0 1 1 0 1 2 2 0 0 0 1 2 1 0 1 2 2 0 1 2 
0 1 0 2 1 0 34 34 34 0 0 0 1 0 1 32 32 32 2 2 1 1 0 2 32 33 32 0 2 0 0 0 1 1 2 0 2 0 0 0 1 2 0 1 2 1 1 0 0 0 2 2 0 0 0 2 0 0 0 1 1 0 1 1 0 1 2 2 0 0 0 1 2 1 0 1 2 2 0 1 2 
1
0 0 2 0 0 0 0 0 0 
0 1 0 2 1 0 2 2 2 0 0 0 1 0 1 0 0 0 2 2 1 1 0 2 0 1 0 0 2 0 0 0 1 1 2 0 2 0 0 0 1 2 0 1 2 1 1 0 0 0 2 2 0 0 2 2 0 0 0 1 1 0 1 1 0 1 2 2 0 0 0 1 2 1 0 1 2 2 0 1 2 
0 1 0 2 1 0 34 34 34 0 0 0 1 0 1 32 32 32 2 2 1 1 0 2 32 33 32 0 2 0 0 0 1 1 2 0 2 0 0 0 1 2 0 1 2 1 1 0 0 0 2 2 0 0 2 2 0 0 0 1 1 0 1 1 0 1 2 2 0 0 0 1 2 1 0 1 2 2 0 1 2 
1
0 0 2 0 0 0 0 0 0 
0 1 0 2 1 0 2 2 2 0 0 1 1 0 1 0 0 0 2 2 1 1 0 2 0 1 0 0 2 0 0 0 1 1 2 0 2 0 0 0 1 2 0 1 2 1 1 0 0 0 2 2 0 0 2 2 0 0 0 1 1 0 1 1 0 1 2 2 0 0 0 1 2 1 0 1 2 2 0 1 2 
0 1 0 2 1 0 34 34 34 0 0 1 1 0 1 32 32 32 2 2 1 1 0 2 32 33 32 0 2 0 0 0 1 1 2 0 2 0 0 0 1 2 0 1 2 1 1 0 0 0 2 2 0 0 2 2 0 0 0 1 1 0 1 1 0 1 2 2 0 0 0 1 2 1 0 1 2 2 0 1 2 
1
0 0 2 0 0 0 0 0 0 
0 1 0 2 1 0 2 2 2 0 0 1 1 0 1 0 0 0 2 2 1 1 0 2 0 1 0 0 2 0 0 0 1 1 2 0 2 0 0 0 1 2 2 1 2 1 1 0 0 0 2 2 0 0 2 2 0 0 0 1 1 0 1 1 0 1 2 2 0 0 0 1 2 1 0 1 2 2 0 1 2 
0 1 0 2 1 0 34 34 34 0 0 1 1 0 1 32 32 32 2 2 1 1 0 2 32 33 32 0 2 0 0 0 1 1 2 0 2 0 0 0 1 2 2 1 2 1 1 0 0 0 2 2 0 0 2 2 0 0 0 1 1 0 1 1 0 1 2 2 0 0 0 1 2 1 0 1 2 2 0 1 2 
1
0 0 2 1 0 0 0 0 0 
0 1 0 2 1 0 2 2 2 0 0 1 1 0 1 0 0 0 2 2 1 1 0 2 0 1 0 0 2 0 0 0 1 1 2 0 2 0 0 0 1 2 2 1 2 1 1 1 0 0 2 2 0 0 2 2 0 0 0 1 1 0 1 1 0 1 2 2 0 0 0 1 2 1 0 1 2 2 0 1 2 
0 1 0 2 1 0 34 34 34 0 0 1 1 0 1 32 32 32 2 2 1 1 0 2 32 33 32 16 18 16 0 0 1 1 2 0 18 16 16 0 1 2 2 1 2 17 17 17 0 0 2 2 0 0 2 2 0 0 0 1 1 0 1 1 0 1 2 2 0 0 0 1 2 1 0 1 2 2 0 1 2 
1
0 0 2 1 0 0 0 0 0 
0 1 0 2 1 0 2 2 2 0 0 1 1 0 1 0 0 0 2 2 1 1 0 2 0 1 0 0 2 0 0 0 1 1 2 0 2 0 0 0 1 2 2 1 2 1 1 1 0 0 2 2 0 0 2 2 0 0 0 1 1 2 1 1 0 1 2 2 0 0 0 1 2 1 0 1 2 2 0 1 2 
0 1 0 2 1 0 34 34 34 0 0 1 1 0 1 32 32 32 2 2 1 1 0 2 32 33 32 16 18 16 0 0 1 1 2 0 18 16 16 0 1 2 2 1 2 17 17 17 0 0 2 2 0 0 2 2 0 0 0 1 1 2 1 1 0 1 2 2 0 0 0 1 2 1 0 1 2 2 0 1 2 
1
0 0 2 1 0 0 0 0 0 
0 1 0 2 1 0 2 2 2 0 0 1 1 0 1 0 0 0 2 2 1 1 1 2 0 1 0 0 2 0 0 0 1 1 2 0 2 0 0 0 1 2 2 1 2 1 1 1 0 0 2 2 0 0 2 2 0 0 0 1 1 2 1 1 0 1 2 2 0 0 0 1 2 1 0 1 2 2 0 1 2 
0 1 0 2 1 0 34 34 34 0 0 1 1 0 1 32 32 32 2 2 1 1 1 2 32 33 32 16 18 16 0 0 1 1 2 0 18 16 16 0 1 2 2 1 2 17 17 17 0 0 2 2 0 0 2 2 0 0 0 1 1 2 1 1 0 1 2 2 0 0 0 1 2 1 0 1 2 2 0 1 2 
1
0 0 2 1 0 0 0 2 0 
0 1 0 2 1 0 2 2 2 0 0 1 1 0 1 0 0 0 2 2 1 1 1 2 0 1 0 0 2 0 0 0 1 1 2 0 2 0 0 0 1 2 2 1 2 1 1 1 0 0 2 2 0 0 2 2 0 0 2 1 1 2 1 1 0 1 2 2 0 0 0 1 2 1 0 1 2 2 0 1 2 
0 1 0 2 1 0 34 34 34 0 0 1 1 0 1 32 32 32 2 2 1 1 1 2 32 33 32 16 18 16 0 0 1 1 2 0 18 16 16 0 1 2 2 1 2 17 17 17 0 0 2 2 0 0 2 2 0 32 34 33 1 2 1 1 0 1 34 34 32 0 0 1 2 1 0 33 34 34 0 1 2 
1
0 1 2 1 0 0 0 2 0 
0 1 0 2 1 0 2 2 2 0 0 1 1 1 1 0 0 0 2 2 1 1 1 2 0 1 0 0 2 0 0 0 1 1 2 0 2 0 0 0 1 2 2 1 2 1 1 1 0 0 2 2 0 0 2 2 0 0 2 1 1 2 1 1 0 1 2 2 0 0 0 1 2 1 0 1 2 2 0 1 2 
0 1 0 18 17 16 34 34 34 0 0 1 17 17 17 32 32 32 2 2 1 17 17 18 32 33 32 16 18 16 0 0 1 1 2 0 18 16 16 0 1 2 2 1 2 17 17 17 0 0 2 2 0 0 2 2 0 32 34 33 1 2 1 1 0 1 34 34 32 0 0 1 2 1 0 33 34 34 0 1 2 
1
0 1 2 1 0 0 0 2 0 
0 1 0 2 1 0 2 2 2 0 0 1 1 1 1 0 0 0 2 2 1 1 1 2 0 1 0 0 2 0 0 0 1 1 2 0 2 0 0 0 1 2 2 1 2 1 1 1 0 2 2 2 0 0 2 2 0 0 2 1 1 2 1 1 0 1 2 2 0 0 0 1 2 1 0 1 2 2 0 1 2 
0 1 0 18 17 16 34 34 34 0 0 1 17 17 17 32 32 32 2 2 1 17 17 18 32 33 32 16 18 16 0 0 1 1 2 0 18 16 16 0 1 2 2 1 2 17 17 17 0 2 2 2 0 0 2 2 0 32 34 33 1 2 1 1 0 1 34 34 32 0 0 1 2 1 0 33 34 34 0 1 2 
1
0 1 2 1 0 0 1 2 0 
0 1 0 2 1 0 2 2 2 0 0 1 1 1 1 0 0 0 2 2 1 1 1 2 0 1 0 0 2 0 0 0 1 1 2 0 2 0 0 0 1 2 2 1 2 1 1 1 0 2 2 2 0 0 2 2 0 0 2 1 1 2 1 1 1 1 2 2 0 0 0 1 2 1 0 1 2 2 0 1 2 
0 1 0 18 17 16 34 34 34 0 0 1 17 17 17 32 32 32 2 2 1 17 17 18 32 33 32 16 18 16 0 0 1 1 2 0 18 16 16 0 1 2 2 1 2 17 17 17 0 2 2 2 0 0 18 18 16 32 34 33 1 2 1 17 17 17 34 34 32 0 0 1 18 17 16 33 34 34 0 1 2 
1
0 1 2 1 0 0 1 2 0 
0 1 0 2 1 0 2 2 2 0 0 1 1 1 1 0 0 0 2 2 1 1 1 2 0 1 0 0 2 0 0 0 1 1 2 0 2 0 0 2 1 2 2 1 2 1 1 1 0 2 2 2 0 0 2 2 0 0 2 1 1 2 1 1 1 1 2 2 0 0 0 1 2 1 0 1 2 2 0 1 2 
0 1 0 18 17 16 34 34 34 0 0 1 17 17 17 32 32 32 2 2 1 17 17 18 32 33 32 16 18 16 0 0 1 1 2 0 18 16 16 2 1 2 2 1 2 17 17 17 0 2 2 2 0 0 18 18 16 32 34 33 1 2 1 17 17 17 34 34 32 0 0 1 18 17 16 33 34 34 0 1 2 
1
1 1 2 1 0 0 1 2 0 
0 1 1 2 1 0 2 2 2 0 0 1 1 1 1 0 0 0 2 2 1 1 1 2 0 1 0 0 2 0 0 0 1 1 2 0 2 0 0 2 1 2 2 1 2 1 1 1 0 2 2 2 0 0 2 2 0 0 2 1 1 2 1 1 1 1 2 2 0 0 0 1 2 1 0 1 2 2 0 1 2 
16 17 17 18 17 16 34 34 34 16 16 17 17 17 17 32 32 32 18 18 17 17 17 18 32 33 32 16 18 16 0 0 1 1 2 0 18 16 16 2 1 2 2 1 2 17 17 17 0 2 2 2 0 0 18 18 16 32 34 33 1 2 1 17 17 17 34 34 32 0 0 1 18 17 16 33 34 34 0 1 2 
1
1 1 2 1 0 0 1 2 0 
0 1 1 2 1 0 2 2 2 0 0 1 1 1 1 0 0 0 2 2 1 1 1 2 0 1 0 0 2 0 0 0 1 1 2 0 2 0 0 2 1 2 2 1 2 1 1 1 0 2 2 2 0 0 2 2 0 0 2 1 1 2 1 1 1 1 2 2 0 0 0 1 2 1 0 1 2 2 0 1 2 
16 17 17 18 17 16 34 34 34 16 16 17 17 17 17 32 32 32 18 18 17 17 17 18 32 33 32 16 18 16 0 0 1 1 2 0 18 16 16 2 1 2 2 1 2 17 17 17 0 2 2 2 0 0 18 18 16 32 34 33 1 2 1 17 17 17 34 34 32 0 0 1 18 17 16 33 34 34 0 1 2 
1
