0 0 0 0 0 0 0 0 0 
0 0 0 0 0 0 0 0 0 0 0 1 0 0 0 0 0 0 0 0 0 0 0 0 0 0 0 0 0 0 0 0 0 0 0 0 0 0 0 0 0 0 0 0 0 0 0 0 0 0 0 0 0 0 0 0 0 0 0 0 0 0 0 0 0 0 0 0 0 0 0 0 0 0 0 0 0 0 0 0 0 
0 0 0 0 0 0 0 0 0 0 0 1 0 0 0 0 0 0 0 0 0 0 0 0 0 0 0 0 0 0 0 0 0 0 0 0 0 0 0 0 0 0 0 0 0 0 0 0 0 0 0 0 0 0 0 0 0 0 0 0 0 0 0 0 0 0 0 0 0 0 0 0 0 0 0 0 0 0 0 0 0 
1
0 0 0 0 0 0 0 0 0 
0 0 0 0 0 0 0 0 0 0 0 1 0 0 0 0 0 0 0 0 0 0 0 0 0 0 0 0 0 0 0 0 0 0 0 0 0 0 0 0 0 0 0 2 0 0 0 0 0 0 0 0 0 0 0 0 0 0 0 0 0 0 0 0 0 0 0 0 0 0 0 0 0 0 0 0 0 0 0 0 0 
0 0 0 0 0 0 0 0 0 0 0 1 0 0 0 0 0 0 0 0 0 0 0 0 0 0 0 0 0 0 0 0 0 0 0 0 0 0 0 0 0 0 0 2 0 0 0 0 0 0 0 0 0 0 0 0 0 0 0 0 0 0 0 0 0 0 0 0 0 0 0 0 0 0 0 0 0 0 0 0 0 
1
0 0 0 0 0 0 0 0 0 
0 0 0 0 0 0 0 0 0 0 0 1 0 0 0 0 0 0 0 0 0 0 0 0 0 0 0 0 0 0 0 0 0 0 0 0 0 0 0 0 0 1 0 2 0 0 0 0 0 0 0 0 0 0 0 0 0 0 0 0 0 0 0 0 0 0 0 0 0 0 0 0 0 0 0 0 0 0 0 0 0 
0 0 0 0 0 0 0 0 0 0 0 1 0 0 0 0 0 0 0 0 0 0 0 0 0 0 0 0 0 0 0 0 0 0 0 0 0 0 0 0 0 1 0 2 0 0 0 0 0 0 0 0 0 0 0 0 0 0 0 0 0 0 0 0 0 0 0 0 0 0 0 0 0 0 0 0 0 0 0 0 0 
1
0 0 0 0 0 0 0 0 0 
0 0 0 0 0 0 0 0 0 0 0 1 0 0 0 0 0 0 0 0 0 0 0 0 0 0 0 0 0 0 0 0 0 0 0 0 0 0 0 0 0 1 0 2 0 0 0 0 0 0 0 0 0 2 0 0 0 0 0 0 0 0 0 0 0 0 0 0 0 0 0 0 0 0 0 0 0 0 0 0 0 
0 0 0 0 0 0 0 0 0 0 0 1 0 0 0 0 0 0 0 0 0 0 0 0 0 0 0 0 0 0 0 0 0 0 0 0 0 0 0 0 0 1 0 2 0 0 0 0 0 0 0 0 0 2 0 0 0 0 0 0 0 0 0 0 0 0 0 0 0 0 0 0 0 0 0 0 0 0 0 0 0 
1
0 0 0 0 0 0 0 0 0 
0 0 0 0 0 0 0 0 0 0 0 1 0 0 0 0 0 0 0 0 0 0 0 0 0 0 0 0 0 0 0 0 0 0 0 0 0 0 0 0 0 1 0 2 0 0 0 0 0 0 0 0 0 2 0 0 0 0 0 0 0 0 0 0 0 0 0 0 0 0 1 0 0 0 0 0 0 0 0 0 0 
0 0 0 0 0 0 0 0 0 0 0 1 0 0 0 0 0 0 0 0 0 0 0 0 0 0 0 0 0 0 0 0 0 0 0 0 0 0 0 0 0 1 0 2 0 0 0 0 0 0 0 0 0 2 0 0 0 0 0 0 0 0 0 0 0 0 0 0 0 0 1 0 0 0 0 0 0 0 0 0 0 
1
0 0 0 0 0 0 0 0 0 
0 0 0 0 0 0 0 0 0 0 0 1 0 0 0 0 0 0 0 0 0 0 0 0 0 0 0 0 0 0 0 0 2 0 0 0 0 0 0 0 0 1 0 2 0 0 0 0 0 0 0 0 0 2 0 0 0 0 0 0 0 0 0 0 0 0 0 0 0 0 1 0 0 0 0 0 0 0 0 0 0 
0 0 0 0 0 0 0 0 0 0 0 1 0 0 0 0 0 0 0 0 0 0 0 0 0 0 0 0 0 0 0 0 2 0 0 0 0 0 0 0 0 1 0 2 0 0 0 0 0 0 0 0 0 2 0 0 0 0 0 0 0 0 0 0 0 0 0 0 0 0 1 0 0 0 0 0 0 0 0 0 0 
1
0 0 0 0 0 0 0 0 0 
0 0 0 0 0 0 0 0 1 0 0 1 0 0 0 0 0 0 0 0 0 0 0 0 0 0 0 0 0 0 0 0 2 0 0 0 0 0 0 0 0 1 0 2 0 0 0 0 0 0 0 0 0 2 0 0 0 0 0 0 0 0 0 0 0 0 0 0 0 0 1 0 0 0 0 0 0 0 0 0 0 
0 0 0 0 0 0 0 0 1 0 0 1 0 0 0 0 0 0 0 0 0 0 0 0 0 0 0 0 0 0 0 0 2 0 0 0 0 0 0 0 0 1 0 2 0 0 0 0 0 0 0 0 0 2 0 0 0 0 0 0 0 0 0 0 0 0 0 0 0 0 1 0 0 0 0 0 0 0 0 0 0 
1
0 0 0 0 0 0 0 0 0 
0 0 0 0 0 0 0 0 1 0 0 1 0 0 0 0 0 0 0 0 0 0 0 0 0 2 0 0 0 0 0 0 2 0 0 0 0 0 0 0 0 1 0 2 0 0 0 0 0 0 0 0 0 2 0 0 0 0 0 0 0 0 0 0 0 0 0 0 0 0 1 0 0 0 0 0 0 0 0 0 0 
0 0 0 0 0 0 0 0 1 0 0 1 0 0 0 0 0 0 0 0 0 0 0 0 0 2 0 0 0 0 0 0 2 0 0 0 0 0 0 0 0 1 0 2 0 0 0 0 0 0 0 0 0 2 0 0 0 0 0 0 0 0 0 0 0 0 0 0 0 0 1 0 0 0 0 0 0 0 0 0 0 
1
0 0 0 0 0 0 0 0 0 
0 0 0 0 0 0 0 0 1 0 0 1 0 0 0 0 0 0 0 0 0 0 0 0 0 2 0 0 0 0 0 0 2 0 0 0 0 0 0 0 0 1 0 2 0 0 0 0 0 0 0 0 0 2 0 0 0 0 1 0 0 0 0 0 0 0 0 0 0 0 1 0 0 0 0 0 0 0 0 0 0 
0 0 0 0 0 0 0 0 1 0 0 1 0 0 0 0 0 0 0 0 0 0 0 0 0 2 0 0 0 0 0 0 2 0 0 0 0 0 0 0 0 1 0 2 0 0 0 0 0 0 0 0 0 2 0 0 0 0 1 0 0 0 0 0 0 0 0 0 0 0 1 0 0 0 0 0 0 0 0 0 0 
1
0 0 0 0 0 0 0 0 0 
0 0 0 0 0 0 0 0 1 0 0 1 2 0 0 0 0 0 0 0 0 0 0 0 0 2 0 0 0 0 0 0 2 0 0 0 0 0 0 0 0 1 0 2 0 0 0 0 0 0 0 0 0 2 0 0 0 0 1 0 0 0 0 0 0 0 0 0 0 0 1 0 0 0 0 0 0 0 0 0 0 
0 0 0 0 0 0 0 0 1 0 0 1 2 0 0 0 0 0 0 0 0 0 0 0 0 2 0 0 0 0 0 0 2 0 0 0 0 0 0 0 0 1 0 2 0 0 0 0 0 0 0 0 0 2 0 0 0 0 1 0 0 0 0 0 0 0 0 0 0 0 1 0 0 0 0 0 0 0 0 0 0 
1
0 0 0 0 0 0 0 0 0 
0 0 0 0 0 0 0 0 1 0 0 1 2 0 0 0 0 0 0 0 0 0 0 0 0 2 0 0 0 0 0 0 2 0 0 0 0 0 0 0 0 1 0 2 0 0 0 1 0 0 0 0 0 2 0 0 0 0 1 0 0 0 0 0 0 0 0 0 0 0 1 0 0 0 0 0 0 0 0 0 0 
0 0 0 0 0 0 0 0 1 0 0 1 2 0 0 0 0 0 0 0 0 0 0 0 0 2 0 0 0 0 0 0 2 0 0 0 0 0 0 0 0 1 0 2 0 0 0 1 0 0 0 0 0 2 0 0 0 0 1 0 0 0 0 0 0 0 0 0 0 0 1 0 0 0 0 0 0 0 0 0 0 
1
0 0 0 0 0 0 0 0 0 
0 0 0 0 0 0 0 0 1 0 0 1 2 0 0 0 0 0 0 0 0 0 0 0 0 2 0 0 0 0 0 0 2 0 0 0 0 0 0 0 0 1 0 2 0 0 0 1 0 0 0 0 0 2 0 0 0 0 1 0 0 0 0 0 0 0 0 0 0 0 1 0 0 0 0 0 0 0 0 2 0 
0 0 0 0 0 0 0 0 1 0 0 1 2 0 0 0 0 0 0 0 0 0 0 0 0 2 0 0 0 0 0 0 2 0 0 0 0 0 0 0 0 1 0 2 0 0 0 1 0 0 0 0 0 2 0 0 0 0 1 0 0 0 0 0 0 0 0 0 0 0 1 0 0 0 0 0 0 0 0 2 0 
1
0 0 0 0 0 0 0 0 0 
0 0 0 0 0 0 0 0 1 0 0 1 2 0 0 0 0 0 0 0 0 0 0 0 0 2 0 0 0 0 0 0 2 0 0 0 0 0 0 0 0 1 0 2 0 0 0 1 0 0 0 0 0 2 0 0 0 0 1 0 0 0 0 0 0 0 1 0 0 0 1 0 0 0 0 0 0 0 0 2 0 
0 0 0 0 0 0 0 0 1 0 0 1 2 0 0 0 0 0 0 0 0 0 0 0 0 2 0 0 0 0 0 0 2 0 0 0 0 0 0 0 0 1 0 2 0 0 0 1 0 0 0 0 0 2 0 0 0 0 1 0 0 0 0 0 0 0 1 0 0 0 1 0 0 0 0 0 0 0 0 2 0 
1
0 0 0 0 0 0 0 0 0 
0 0 0 0 0 0 0 0 1 0 0 1 2 0 0 0 0 0 0 0 0 0 0 0 0 2 0 0 0 0 0 0 2 0 0 0 2 0 0 0 0 1 0 2 0 0 0 1 0 0 0 0 0 2 0 0 0 0 1 0 0 0 0 0 0 0 1 0 0 0 1 0 0 0 0 0 0 0 0 2 0 
0 0 0 0 0 0 0 0 1 0 0 1 2 0 0 0 0 0 0 0 0 0 0 0 0 2 0 0 0 0 0 0 2 0 0 0 2 0 0 0 0 1 0 2 0 0 0 1 0 0 0 0 0 2 0 0 0 0 1 0 0 0 0 0 0 0 1 0 0 0 1 0 0 0 0 0 0 0 0 2 0 
1
0 0 0 0 0 0 0 0 0 
0 0 0 0 0 0 0 0 1 0 0 1 2 0 0 0 0 0 0 0 0 0 0 0 0 2 0 0 0 0 0 0 2 0 0 0 2 0 1 0 0 1 0 2 0 0 0 1 0 0 0 0 0 2 0 0 0 0 1 0 0 0 0 0 0 0 1 0 0 0 1 0 0 0 0 0 0 0 0 2 0 
0 0 0 0 0 0 0 0 1 0 0 1 2 0 0 0 0 0 0 0 0 0 0 0 0 2 0 0 0 0 0 0 2 0 0 0 2 0 1 0 0 1 0 2 0 0 0 1 0 0 0 0 0 2 0 0 0 0 1 0 0 0 0 0 0 0 1 0 0 0 1 0 0 0 0 0 0 0 0 2 0 
1
0 0 0 0 0 0 0 0 0 
0 0 0 0 0 0 0 0 1 0 0 1 2 0 0 0 0 0 0 0 0 0 0 0 0 2 0 0 0 0 0 0 2 0 2 0 2 0 1 0 0 1 0 2 0 0 0 1 0 0 0 0 0 2 0 0 0 0 1 0 0 0 0 0 0 0 1 0 0 0 1 0 0 0 0 0 0 0 0 2 0 
0 0 0 0 0 0 0 0 1 0 0 1 2 0 0 0 0 0 0 0 0 0 0 0 0 2 0 0 0 0 0 0 2 0 2 0 2 0 1 0 0 1 0 2 0 0 0 1 0 0 0 0 0 2 0 0 0 0 1 0 0 0 0 0 0 0 1 0 0 0 1 0 0 0 0 0 0 0 0 2 0 
1
0 0 0 0 0 0 0 0 0 
0 0 0 1 0 0 0 0 1 0 0 1 2 0 0 0 0 0 0 0 0 0 0 0 0 2 0 0 0 0 0 0 2 0 2 0 2 0 1 0 0 1 0 2 0 0 0 1 0 0 0 0 0 2 0 0 0 0 1 0 0 0 0 0 0 0 1 0 0 0 1 0 0 0 0 0 0 0 0 2 0 
0 0 0 1 0 0 0 0 1 0 0 1 2 0 0 0 0 0 0 0 0 0 0 0 0 2 0 0 0 0 0 0 2 0 2 0 2 0 1 0 0 1 0 2 0 0 0 1 0 0 0 0 0 2 0 0 0 0 1 0 0 0 0 0 0 0 1 0 0 0 1 0 0 0 0 0 0 0 0 2 0 
1
0 0 0 0 0 0 0 0 0 
0 0 0 1 0 0 0 0 1 0 0 1 2 0 0 0 0 0 2 0 0 0 0 0 0 2 0 0 0 0 0 0 2 0 2 0 2 0 1 0 0 1 0 2 0 0 0 1 0 0 0 0 0 2 0 0 0 0 1 0 0 0 0 0 0 0 1 0 0 0 1 0 0 0 0 0 0 0 0 2 0 
0 0 0 1 0 0 0 0 1 0 0 1 2 0 0 0 0 0 2 0 0 0 0 0 0 2 0 0 0 0 0 0 2 0 2 0 2 0 1 0 0 1 0 2 0 0 0 1 0 0 0 0 0 2 0 0 0 0 1 0 0 0 0 0 0 0 1 0 0 0 1 0 0 0 0 0 0 0 0 2 0 
1
0 0 0 0 0 0 0 0 0 
0 0 0 1 0 0 0 0 1 0 0 1 2 0 0 0 0 0 2 0 0 0 0 0 0 2 0 0 0 0 0 0 2 0 2 0 2 0 1 0 0 1 0 2 0 0 0 1 0 0 0 0 0 2 0 0 0 0 1 0 0 0 0 0 0 1 1 0 0 0 1 0 0 0 0 0 0 0 0 2 0 
0 0 0 1 0 0 0 0 1 0 0 1 2 0 0 0 0 0 2 0 0 0 0 0 0 2 0 0 0 0 0 0 2 0 2 0 2 0 1 0 0 1 0 2 0 0 0 1 0 0 0 0 0 2 0 0 0 0 1 0 0 0 0 0 0 1 1 0 0 0 1 0 0 0 0 0 0 0 0 2 0 
1
0 0 0 0 0 2 0 0 0 
0 0 0 1 0 0 0 0 1 0 0 1 2 0 0 0 0 0 2 0 0 0 0 0 0 2 0 0 0 0 0 0 2 0 2 0 2 0 1 0 0 1 0 2 0 0 0 1 0 0 0 0 2 2 0 0 0 0 1 0 0 0 0 0 0 1 1 0 0 0 1 0 0 0 0 0 0 0 0 2 0 
0 0 0 1 0 0 0 0 1 0 0 1 2 0 0 0 0 0 2 0 0 0 0 0 0 2 0 0 0 0 0 0 2 32 34 32 2 0 1 0 0 1 32 34 32 0 0 1 0 0 0 32 34 34 0 0 0 0 1 0 0 0 0 0 0 1 1 0 0 0 1 0 0 0 0 0 0 0 0 2 0 
1
0 0 0 0 0 2 0 0 0 
0 0 0 1 0 0 0 0 1 0 0 1 2 0 0 0 0 0 2 0 0 0 0 0 0 2 0 0 0 0 0 0 2 0 2 0 2 0 1 0 0 1 0 2 0 0 0 1 0 0 0 0 2 2 0 0 0 0 1 0 0 0 0 0 0 1 1 0 0 0 1 0 0 0 0 1 0 0 0 2 0 
0 0 0 1 0 0 0 0 1 0 0 1 2 0 0 0 0 0 2 0 0 0 0 0 0 2 0 0 0 0 0 0 2 32 34 32 2 0 1 0 0 1 32 34 32 0 0 1 0 0 0 32 34 34 0 0 0 0 1 0 0 0 0 0 0 1 1 0 0 0 1 0 0 0 0 1 0 0 0 2 0 
1
0 0 0 0 0 2 0 0 0 
0 0 0 1 0 0 0 0 1 0 0 1 2 0 0 0 0 0 2 0 0 0 0 0 0 2 0 0 0 0 0 0 2 0 2 0 2 0 1 0 0 1 0 2 0 0 0 1 0 0 0 0 2 2 2 0 0 0 1 0 0 0 0 0 0 1 1 0 0 0 1 0 0 0 0 1 0 0 0 2 0 
0 0 0 1 0 0 0 0 1 0 0 1 2 0 0 0 0 0 2 0 0 0 0 0 0 2 0 0 0 0 0 0 2 32 34 32 2 0 1 0 0 1 32 34 32 0 0 1 0 0 0 32 34 34 2 0 0 0 1 0 0 0 0 0 0 1 1 0 0 0 1 0 0 0 0 1 0 0 0 2 0 
1
0 0 0 0 0 2 0 0 0 
0 0 0 1 0 0 0 0 1 0 1 1 2 0 0 0 0 0 2 0 0 0 0 0 0 2 0 0 0 0 0 0 2 0 2 0 2 0 1 0 0 1 0 2 0 0 0 1 0 0 0 0 2 2 2 0 0 0 1 0 0 0 0 0 0 1 1 0 0 0 1 0 0 0 0 1 0 0 0 2 0 
0 0 0 1 0 0 0 0 1 0 1 1 2 0 0 0 0 0 2 0 0 0 0 0 0 2 0 0 0 0 0 0 2 32 34 32 2 0 1 0 0 1 32 34 32 0 0 1 0 0 0 32 34 34 2 0 0 0 1 0 0 0 0 0 0 1 1 0 0 0 1 0 0 0 0 1 0 0 0 2 0 
1
0 0 0 0 0 2 0 0 0 
0 0 0 1 0 0 0 0 1 0 1 1 2 0 0 0 0 0 2 0 0 0 0 0 0 2 0 0 0 0 0 0 2 0 2 0 2 0 1 0 0 1 0 2 0 0 0 1 0 2 0 0 2 2 2 0 0 0 1 0 0 0 0 0 0 1 1 0 0 0 1 0 0 0 0 1 0 0 0 2 0 
0 0 0 1 0 0 0 0 1 0 1 1 2 0 0 0 0 0 2 0 0 0 0 0 0 2 0 0 0 0 0 0 2 32 34 32 2 0 1 0 0 1 32 34 32 0 0 1 0 2 0 32 34 34 2 0 0 0 1 0 0 0 0 0 0 1 1 0 0 0 1 0 0 0 0 1 0 0 0 2 0 
1
0 0 0 0 0 2 0 0 0 
0 0 0 1 0 0 0 0 1 0 1 1 2 0 0 0 0 0 2 0 0 0 0 0 0 2 0 0 0 0 0 0 2 0 2 0 2 0 1 0 0 1 0 2 0 0 0 1 0 2 0 0 2 2 2 0 0 0 1 0 0 0 0 0 0 1 1 0 0 0 1 0 0 0 0 1 1 0 0 2 0 
0 0 0 1 0 0 0 0 1 0 1 1 2 0 0 0 0 0 2 0 0 0 0 0 0 2 0 0 0 0 0 0 2 32 34 32 2 0 1 0 0 1 32 34 32 0 0 1 0 2 0 32 34 34 2 0 0 0 1 0 0 0 0 0 0 1 1 0 0 0 1 0 0 0 0 1 1 0 0 2 0 
1
0 0 0 0 0 2 0 0 0 
0 0 0 1 0 0 0 0 1 0 1 1 2 0 0 0 0 0 2 0 0 0 0 0 0 2 0 0 0 0 0 0 2 0 2 0 2 0 1 0 0 1 0 2 0 0 0 1 0 2 0 0 2 2 2 0 0 0 1 0 0 0 0 0 0 1 1 0 0 0 1 0 0 0 0 1 1 2 0 2 0 
0 0 0 1 0 0 0 0 1 0 1 1 2 0 0 0 0 0 2 0 0 0 0 0 0 2 0 0 0 0 0 0 2 32 34 32 2 0 1 0 0 1 32 34 32 0 0 1 0 2 0 32 34 34 2 0 0 0 1 0 0 0 0 0 0 1 1 0 0 0 1 0 0 0 0 1 1 2 0 2 0 
1
0 0 0 0 0 2 0 0 0 
0 0 0 1 0 0 0 0 1 0 1 1 2 0 0 0 0 0 2 0 0 0 0 0 0 2 0 0 0 0 0 0 2 0 2 0 2 0 1 0 0 1 0 2 0 0 0 1 0 2 0 0 2 2 2 0 0 0 1 0 0 0 0 0 0 1 1 0 0 0 1 0 0 0 0 1 1 2 0 2 1 
0 0 0 1 0 0 0 0 1 0 1 1 2 0 0 0 0 0 2 0 0 0 0 0 0 2 0 0 0 0 0 0 2 32 34 32 2 0 1 0 0 1 32 34 32 0 0 1 0 2 0 32 34 34 2 0 0 0 1 0 0 0 0 0 0 1 1 0 0 0 1 0 0 0 0 1 1 2 0 2 1 
1
0 0 0 0 0 2 0 0 0 
0 0 0 1 0 0 0 0 1 0 1 1 2 0 0 0 0 0 2 0 0 0 0 0 0 2 0 0 0 0 0 0 2 0 2 0 2 0 1 0 0 1 0 2 0 0 0 1 0 2 0 0 2 2 2 0 0 0 1 0 0 0 0 0 0 1 1 0 0 0 1 2 0 0 0 1 1 2 0 2 1 
0 0 0 1 0 0 0 0 1 0 1 1 2 0 0 0 0 0 2 0 0 0 0 0 0 2 0 0 0 0 0 0 2 32 34 32 2 0 1 0 0 1 32 34 32 0 0 1 0 2 0 32 34 34 2 0 0 0 1 0 0 0 0 0 0 1 1 0 0 0 1 2 0 0 0 1 1 2 0 2 1 
1
1 0 0 0 0 2 0 0 0 
0 0 0 1 0 0 0 0 1 1 1 1 2 0 0 0 0 0 2 0 0 0 0 0 0 2 0 0 0 0 0 0 2 0 2 0 2 0 1 0 0 1 0 2 0 0 0 1 0 2 0 0 2 2 2 0 0 0 1 0 0 0 0 0 0 1 1 0 0 0 1 2 0 0 0 1 1 2 0 2 1 
16 16 16 1 0 0 0 0 1 17 17 17 2 0 0 0 0 0 18 16 16 0 0 0 0 2 0 0 0 0 0 0 2 32 34 32 2 0 1 0 0 1 32 34 32 0 0 1 0 2 0 32 34 34 2 0 0 0 1 0 0 0 0 0 0 1 1 0 0 0 1 2 0 0 0 1 1 2 0 2 1 
1
1 0 0 0 0 2 0 0 0 
0 0 0 1 0 0 0 0 1 1 1 1 2 0 0 0 0 0 2 0 0 0 0 0 0 2 0 2 0 0 0 0 2 0 2 0 2 0 1 0 0 1 0 2 0 0 0 1 0 2 0 0 2 2 2 0 0 0 1 0 0 0 0 0 0 1 1 0 0 0 1 2 0 0 0 1 1 2 0 2 1 
16 16 16 1 0 0 0 0 1 17 17 17 2 0 0 0 0 0 18 16 16 0 0 0 0 2 0 2 0 0 0 0 2 32 34 32 2 0 1 0 0 1 32 34 32 0 0 1 0 2 0 32 34 34 2 0 0 0 1 0 0 0 0 0 0 1 1 0 0 0 1 2 0 0 0 1 1 2 0 2 1 
1
1 0 0 1 0 2 0 0 0 
0 0 0 1 0 0 0 0 1 1 1 1 2 0 0 0 0 0 2 0 0 0 0 0 0 2 0 2 0 1 0 0 2 0 2 0 2 0 1 0 0 1 0 2 0 0 0 1 0 2 0 0 2 2 2 0 0 0 1 0 0 0 0 0 0 1 1 0 0 0 1 2 0 0 0 1 1 2 0 2 1 
16 16 16 1 0 0 0 0 1 17 17 17 2 0 0 0 0 0 18 16 16 0 0 0 0 2 0 18 16 17 0 0 2 32 34 32 18 16 17 0 0 1 32 34 32 16 16 17 0 2 0 32 34 34 2 0 0 0 1 0 0 0 0 0 0 1 1 0 0 0 1 2 0 0 0 1 1 2 0 2 1 
1
1 0 0 1 0 2 0 0 0 
0 0 0 1 0 0 0 0 1 1 1 1 2 0 0 0 2 0 2 0 0 0 0 0 0 2 0 2 0 1 0 0 2 0 2 0 2 0 1 0 0 1 0 2 0 0 0 1 0 2 0 0 2 2 2 0 0 0 1 0 0 0 0 0 0 1 1 0 0 0 1 2 0 0 0 1 1 2 0 2 1 
16 16 16 1 0 0 0 0 1 17 17 17 2 0 0 0 2 0 18 16 16 0 0 0 0 2 0 18 16 17 0 0 2 32 34 32 18 16 17 0 0 1 32 34 32 16 16 17 0 2 0 32 34 34 2 0 0 0 1 0 0 0 0 0 0 1 1 0 0 0 1 2 0 0 0 1 1 2 0 2 1 
1
1 0 0 1 0 2 0 0 0 
0 0 0 1 0 0 0 0 1 1 1 1 2 0 0 0 2 0 2 0 0 0 0 0 0 2 0 2 0 1 0 0 2 0 2 0 2 0 1 0 1 1 0 2 0 0 0 1 0 2 0 0 2 2 2 0 0 0 1 0 0 0 0 0 0 1 1 0 0 0 1 2 0 0 0 1 1 2 0 2 1 
16 16 16 1 0 0 0 0 1 17 17 17 2 0 0 0 2 0 18 16 16 0 0 0 0 2 0 18 16 17 0 0 2 32 34 32 18 16 17 0 1 1 32 34 32 16 16 17 0 2 0 32 34 34 2 0 0 0 1 0 0 0 0 0 0 1 1 0 0 0 1 2 0 0 0 1 1 2 0 2 1 
1
1 0 0 1 0 2 0 0 0 
0 0 0 1 0 0 0 0 1 1 1 1 2 0 0 0 2 0 2 0 0 0 0 0 0 2 0 2 0 1 2 0 2 0 2 0 2 0 1 0 1 1 0 2 0 0 0 1 0 2 0 0 2 2 2 0 0 0 1 0 0 0 0 0 0 1 1 0 0 0 1 2 0 0 0 1 1 2 0 2 1 
16 16 16 1 0 0 0 0 1 17 17 17 2 0 0 0 2 0 18 16 16 0 0 0 0 2 0 18 16 17 2 0 2 32 34 32 18 16 17 0 1 1 32 34 32 16 16 17 0 2 0 32 34 34 2 0 0 0 1 0 0 0 0 0 0 1 1 0 0 0 1 2 0 0 0 1 1 2 0 2 1 
1
1 0 0 1 0 2 0 0 0 
0 0 0 1 0 0 0 0 1 1 1 1 2 0 0 0 2 0 2 0 0 0 0 0 0 2 0 2 0 1 2 0 2 0 2 0 2 0 1 0 1 1 0 2 0 0 0 1 0 2 0 0 2 2 2 0 0 0 1 0 0 0 0 0 0 1 1 0 0 0 1 2 0 0 1 1 1 2 0 2 1 
16 16 16 1 0 0 0 0 1 17 17 17 2 0 0 0 2 0 18 16 16 0 0 0 0 2 0 18 16 17 2 0 2 32 34 32 18 16 17 0 1 1 32 34 32 16 16 17 0 2 0 32 34 34 2 0 0 0 1 0 0 0 0 0 0 1 1 0 0 0 1 2 0 0 1 1 1 2 0 2 1 
1
1 0 0 1 0 2 0 0 0 
0 0 0 1 0 0 0 0 1 1 1 1 2 0 0 0 2 0 2 0 0 0 0 0 0 2 0 2 0 1 2 0 2 0 2 0 2 0 1 0 1 1 0 2 0 0 0 1 0 2 0 0 2 2 2 0 0 0 1 0 0 2 0 0 0 1 1 0 0 0 1 2 0 0 1 1 1 2 0 2 1 
16 16 16 1 0 0 0 0 1 17 17 17 2 0 0 0 2 0 18 16 16 0 0 0 0 2 0 18 16 17 2 0 2 32 34 32 18 16 17 0 1 1 32 34 32 16 16 17 0 2 0 32 34 34 2 0 0 0 1 0 0 2 0 0 0 1 1 0 0 0 1 2 0 0 1 1 1 2 0 2 1 
1
1 0 0 1 0 2 0 0 0 
0 0 0 1 0 0 0 0 1 1 1 1 2 0 0 0 2 0 2 0 0 0 0 1 0 2 0 2 0 1 2 0 2 0 2 0 2 0 1 0 1 1 0 2 0 0 0 1 0 2 0 0 2 2 2 0 0 0 1 0 0 2 0 0 0 1 1 0 0 0 1 2 0 0 1 1 1 2 0 2 1 
16 16 16 1 0 0 0 0 1 17 17 17 2 0 0 0 2 0 18 16 16 0 0 1 0 2 0 18 16 17 2 0 2 32 34 32 18 16 17 0 1 1 32 34 32 16 16 17 0 2 0 32 34 34 2 0 0 0 1 0 0 2 0 0 0 1 1 0 0 0 1 2 0 0 1 1 1 2 0 2 1 
1
1 0 0 1 0 2 0 0 0 
0 0 0 1 0 0 0 0 1 1 1 1 2 0 0 0 2 0 2 0 0 0 0 1 0 2 0 2 0 1 2 0 2 0 2 0 2 0 1 0 1 1 0 2 0 0 0 1 0 2 0 0 2 2 2 0 0 0 1 0 0 2 0 0 0 1 1 0 0 0 1 2 0 0 1 1 1 2 2 2 1 
16 16 16 1 0 0 0 0 1 17 17 17 2 0 0 0 2 0 18 16 16 0 0 1 0 2 0 18 16 17 2 0 2 32 34 32 18 16 17 0 1 1 32 34 32 16 16 17 0 2 0 32 34 34 2 0 0 0 1 0 0 2 0 0 0 1 1 0 0 0 1 2 0 0 1 1 1 2 2 2 1 
1
1 0 0 1 0 2 1 0 0 
0 0 0 1 0 0 0 0 1 1 1 1 2 0 0 0 2 0 2 0 0 0 0 1 0 2 0 2 0 1 2 0 2 0 2 0 2 0 1 0 1 1 0 2 0 0 0 1 0 2 0 0 2 2 2 0 1 0 1 0 0 2 0 0 0 1 1 0 0 0 1 2 0 0 1 1 1 2 2 2 1 
16 16 16 1 0 0 0 0 1 17 17 17 2 0 0 0 2 0 18 16 16 0 0 1 0 2 0 18 16 17 2 0 2 32 34 32 18 16 17 0 1 1 32 34 32 16 16 17 0 2 0 32 34 34 18 16 17 0 1 0 0 2 0 16 16 17 1 0 0 0 1 2 16 16 17 1 1 2 2 2 1 
1
1 0 0 1 0 2 1 0 0 
0 0 0 1 0 0 0 0 1 1 1 1 2 0 0 0 2 0 2 0 0 0 0 1 0 2 0 2 0 1 2 0 2 0 2 0 2 0 1 0 1 1 0 2 0 0 0 1 0 2 0 0 2 2 2 0 1 0 1 0 0 2 0 0 0 1 1 0 0 0 1 2 0 0 1 1 1 2 2 2 1 
16 16 16 1 0 0 0 0 1 17 17 17 2 0 0 0 2 0 18 16 16 0 0 1 0 2 0 18 16 17 2 0 2 32 34 32 18 16 17 0 1 1 32 34 32 16 16 17 0 2 0 32 34 34 18 16 17 0 1 0 0 2 0 16 16 17 1 0 0 0 1 2 16 16 17 1 1 2 2 2 1 
1
