0 0 0 0 0 0 0 0 0 
0 0 0 0 0 0 0 0 0 0 0 0 0 0 0 0 0 0 0 0 0 0 0 0 0 0 0 0 0 0 0 0 0 0 0 0 0 0 0 0 1 0 0 0 0 0 0 0 0 0 0 0 0 0 0 0 0 0 0 0 0 0 0 0 0 0 0 0 0 0 0 0 0 0 0 0 0 0 0 0 0 
0 0 0 0 0 0 0 0 0 0 0 0 0 0 0 0 0 0 0 0 0 0 0 0 0 0 0 0 0 0 0 0 0 0 0 0 0 0 0 0 1 0 0 0 0 0 0 0 0 0 0 0 0 0 0 0 0 0 0 0 0 0 0 0 0 0 0 0 0 0 0 0 0 0 0 0 0 0 0 0 0 
1
0 0 0 0 0 0 0 0 0 
0 0 0 0 0 0 0 0 0 0 0 0 0 0 0 0 0 0 0 0 0 0 0 0 0 0 0 0 0 0 0 0 0 0 0 0 0 0 0 0 1 0 0 0 0 0 0 0 0 0 2 0 0 0 0 0 0 0 0 0 0 0 0 0 0 0 0 0 0 0 0 0 0 0 0 0 0 0 0 0 0 
0 0 0 0 0 0 0 0 0 0 0 0 0 0 0 0 0 0 0 0 0 0 0 0 0 0 0 0 0 0 0 0 0 0 0 0 0 0 0 0 1 0 0 0 0 0 0 0 0 0 2 0 0 0 0 0 0 0 0 0 0 0 0 0 0 0 0 0 0 0 0 0 0 0 0 0 0 0 0 0 0 
1
0 0 0 0 0 0 0 0 0 
0 0 0 0 0 0 0 0 0 0 0 0 0 0 0 0 0 0 0 0 0 0 0 0 0 0 0 0 0 0 0 0 0 0 0 0 0 0 0 0 1 0 0 0 0 0 0 0 0 0 2 0 0 0 0 0 0 0 0 0 0 0 0 0 0 0 0 0 0 0 0 1 0 0 0 0 0 0 0 0 0 
0 0 0 0 0 0 0 0 0 0 0 0 0 0 0 0 0 0 0 0 0 0 0 0 0 0 0 0 0 0 0 0 0 0 0 0 0 0 0 0 1 0 0 0 0 0 0 0 0 0 2 0 0 0 0 0 0 0 0 0 0 0 0 0 0 0 0 0 0 0 0 1 0 0 0 0 0 0 0 0 0 
1
0 0 0 0 0 0 0 0 0 
0 0 0 0 0 0 0 0 0 0 0 0 0 0 0 0 0 0 0 0 0 0 0 0 0 0 0 0 0 0 0 0 0 0 0 0 0 0 0 0 1 0 0 0 0 0 0 0 0 0 2 0 2 0 0 0 0 0 0 0 0 0 0 0 0 0 0 0 0 0 0 1 0 0 0 0 0 0 0 0 0 
0 0 0 0 0 0 0 0 0 0 0 0 0 0 0 0 0 0 0 0 0 0 0 0 0 0 0 0 0 0 0 0 0 0 0 0 0 0 0 0 1 0 0 0 0 0 0 0 0 0 2 0 2 0 0 0 0 0 0 0 0 0 0 0 0 0 0 0 0 0 0 1 0 0 0 0 0 0 0 0 0 
1
0 0 0 0 0 0 0 0 0 
0 0 0 0 0 0 0 0 0 0 0 0 0 0 0 0 0 0 0 0 0 0 0 0 0 0 0 0 0 0 0 0 0 0 0 0 0 0 0 0 1 0 0 0 0 0 0 0 0 0 2 0 2 0 0 0 0 0 0 1 0 0 0 0 0 0 0 0 0 0 0 1 0 0 0 0 0 0 0 0 0 
0 0 0 0 0 0 0 0 0 0 0 0 0 0 0 0 0 0 0 0 0 0 0 0 0 0 0 0 0 0 0 0 0 0 0 0 0 0 0 0 1 0 0 0 0 0 0 0 0 0 2 0 2 0 0 0 0 0 0 1 0 0 0 0 0 0 0 0 0 0 0 1 0 0 0 0 0 0 0 0 0 
1
0 0 0 0 0 0 0 0 0 
0 0 0 0 0 0 0 0 0 0 0 0 0 0 0 0 0 0 0 0 0 0 0 0 2 0 0 0 0 0 0 0 0 0 0 0 0 0 0 0 1 0 0 0 0 0 0 0 0 0 2 0 2 0 0 0 0 0 0 1 0 0 0 0 0 0 0 0 0 0 0 1 0 0 0 0 0 0 0 0 0 
0 0 0 0 0 0 0 0 0 0 0 0 0 0 0 0 0 0 0 0 0 0 0 0 2 0 0 0 0 0 0 0 0 0 0 0 0 0 0 0 1 0 0 0 0 0 0 0 0 0 2 0 2 0 0 0 0 0 0 1 0 0 0 0 0 0 0 0 0 0 0 1 0 0 0 0 0 0 0 0 0 
1
0 0 0 0 0 0 0 0 0 
0 0 0 0 0 0 0 0 0 0 0 0 0 0 0 0 0 0 0 0 0 0 0 0 2 0 0 0 0 0 0 0 0 0 0 0 0 0 0 0 1 0 0 0 0 0 0 0 0 0 2 0 2 0 0 0 1 0 0 1 0 0 0 0 0 0 0 0 0 0 0 1 0 0 0 0 0 0 0 0 0 
0 0 0 0 0 0 0 0 0 0 0 0 0 0 0 0 0 0 0 0 0 0 0 0 2 0 0 0 0 0 0 0 0 0 0 0 0 0 0 0 1 0 0 0 0 0 0 0 0 0 2 0 2 0 0 0 1 0 0 1 0 0 0 0 0 0 0 0 0 0 0 1 0 0 0 0 0 0 0 0 0 
1
0 0 0 0 0 0 0 0 0 
0 0 0 0 0 0 0 0 2 0 0 0 0 0 0 0 0 0 0 0 0 0 0 0 2 0 0 0 0 0 0 0 0 0 0 0 0 0 0 0 1 0 0 0 0 0 0 0 0 0 2 0 2 0 0 0 1 0 0 1 0 0 0 0 0 0 0 0 0 0 0 1 0 0 0 0 0 0 0 0 0 
0 0 0 0 0 0 0 0 2 0 0 0 0 0 0 0 0 0 0 0 0 0 0 0 2 0 0 0 0 0 0 0 0 0 0 0 0 0 0 0 1 0 0 0 0 0 0 0 0 0 2 0 2 0 0 0 1 0 0 1 0 0 0 0 0 0 0 0 0 0 0 1 0 0 0 0 0 0 0 0 0 
1
0 0 0 0 0 0 0 0 0 
0 0 0 0 0 0 0 0 2 0 0 0 0 0 0 0 1 0 0 0 0 0 0 0 2 0 0 0 0 0 0 0 0 0 0 0 0 0 0 0 1 0 0 0 0 0 0 0 0 0 2 0 2 0 0 0 1 0 0 1 0 0 0 0 0 0 0 0 0 0 0 1 0 0 0 0 0 0 0 0 0 
0 0 0 0 0 0 0 0 2 0 0 0 0 0 0 0 1 0 0 0 0 0 0 0 2 0 0 0 0 0 0 0 0 0 0 0 0 0 0 0 1 0 0 0 0 0 0 0 0 0 2 0 2 0 0 0 1 0 0 1 0 0 0 0 0 0 0 0 0 0 0 1 0 0 0 0 0 0 0 0 0 
1
0 0 0 0 0 0 0 0 0 
0 0 0 0 0 0 0 0 2 0 0 0 0 0 0 0 1 0 0 0 0 0 0 0 2 0 0 0 0 0 0 0 0 0 0 0 0 0 0 0 1 2 0 0 0 0 0 0 0 0 2 0 2 0 0 0 1 0 0 1 0 0 0 0 0 0 0 0 0 0 0 1 0 0 0 0 0 0 0 0 0 
0 0 0 0 0 0 0 0 2 0 0 0 0 0 0 0 1 0 0 0 0 0 0 0 2 0 0 0 0 0 0 0 0 0 0 0 0 0 0 0 1 2 0 0 0 0 0 0 0 0 2 0 2 0 0 0 1 0 0 1 0 0 0 0 0 0 0 0 0 0 0 1 0 0 0 0 0 0 0 0 0 
1
0 0 0 0 0 0 0 0 0 
0 0 0 0 0 0 0 0 2 0 0 0 0 0 0 0 1 0 0 0 0 0 0 0 2 0 0 0 0 0 0 0 0 0 0 0 0 0 0 0 1 2 1 0 0 0 0 0 0 0 2 0 2 0 0 0 1 0 0 1 0 0 0 0 0 0 0 0 0 0 0 1 0 0 0 0 0 0 0 0 0 
0 0 0 0 0 0 0 0 2 0 0 0 0 0 0 0 1 0 0 0 0 0 0 0 2 0 0 0 0 0 0 0 0 0 0 0 0 0 0 0 1 2 1 0 0 0 0 0 0 0 2 0 2 0 0 0 1 0 0 1 0 0 0 0 0 0 0 0 0 0 0 1 0 0 0 0 0 0 0 0 0 
1
0 0 0 0 0 0 0 0 0 
0 0 0 0 0 0 0 0 2 0 0 0 0 0 0 0 1 0 0 0 0 0 0 0 2 0 0 0 0 0 0 0 0 0 0 0 0 0 0 0 1 2 1 0 0 0 0 2 0 0 2 0 2 0 0 0 1 0 0 1 0 0 0 0 0 0 0 0 0 0 0 1 0 0 0 0 0 0 0 0 0 
0 0 0 0 0 0 0 0 2 0 0 0 0 0 0 0 1 0 0 0 0 0 0 0 2 0 0 0 0 0 0 0 0 0 0 0 0 0 0 0 1 2 1 0 0 0 0 2 0 0 2 0 2 0 0 0 1 0 0 1 0 0 0 0 0 0 0 0 0 0 0 1 0 0 0 0 0 0 0 0 0 
1
0 0 0 0 0 0 0 0 0 
0 0 0 0 0 0 0 0 2 0 0 0 0 0 0 0 1 0 0 0 0 0 0 0 2 0 0 0 0 0 0 0 0 0 0 0 0 0 0 0 1 2 1 0 0 0 0 2 0 0 2 0 2 0 0 0 1 0 0 1 0 0 0 0 0 0 0 0 0 1 0 1 0 0 0 0 0 0 0 0 0 
0 0 0 0 0 0 0 0 2 0 0 0 0 0 0 0 1 0 0 0 0 0 0 0 2 0 0 0 0 0 0 0 0 0 0 0 0 0 0 0 1 2 1 0 0 0 0 2 0 0 2 0 2 0 0 0 1 0 0 1 0 0 0 0 0 0 0 0 0 1 0 1 0 0 0 0 0 0 0 0 0 
1
0 0 0 0 0 0 0 0 0 
0 0 0 0 0 0 0 0 2 0 0 0 0 0 0 0 1 0 0 0 0 0 0 0 2 0 0 2 0 0 0 0 0 0 0 0 0 0 0 0 1 2 1 0 0 0 0 2 0 0 2 0 2 0 0 0 1 0 0 1 0 0 0 0 0 0 0 0 0 1 0 1 0 0 0 0 0 0 0 0 0 
0 0 0 0 0 0 0 0 2 0 0 0 0 0 0 0 1 0 0 0 0 0 0 0 2 0 0 2 0 0 0 0 0 0 0 0 0 0 0 0 1 2 1 0 0 0 0 2 0 0 2 0 2 0 0 0 1 0 0 1 0 0 0 0 0 0 0 0 0 1 0 1 0 0 0 0 0 0 0 0 0 
1
0 0 0 0 0 0 0 0 0 
0 0 0 0 0 0 0 0 2 0 0 0 0 0 0 0 1 0 0 0 1 0 0 0 2 0 0 2 0 0 0 0 0 0 0 0 0 0 0 0 1 2 1 0 0 0 0 2 0 0 2 0 2 0 0 0 1 0 0 1 0 0 0 0 0 0 0 0 0 1 0 1 0 0 0 0 0 0 0 0 0 
0 0 0 0 0 0 0 0 2 0 0 0 0 0 0 0 1 0 0 0 1 0 0 0 2 0 0 2 0 0 0 0 0 0 0 0 0 0 0 0 1 2 1 0 0 0 0 2 0 0 2 0 2 0 0 0 1 0 0 1 0 0 0 0 0 0 0 0 0 1 0 1 0 0 0 0 0 0 0 0 0 
1
0 0 0 0 0 0 0 0 0 
0 0 0 0 0 0 0 0 2 0 0 0 0 0 0 0 1 0 0 0 1 0 0 0 2 0 0 2 0 0 0 0 0 0 0 0 0 0 0 0 1 2 1 0 0 0 0 2 0 0 2 0 2 0 0 0 1 0 0 1 0 0 0 0 0 0 0 0 0 1 2 1 0 0 0 0 0 0 0 0 0 
0 0 0 0 0 0 0 0 2 0 0 0 0 0 0 0 1 0 0 0 1 0 0 0 2 0 0 2 0 0 0 0 0 0 0 0 0 0 0 0 1 2 1 0 0 0 0 2 0 0 2 0 2 0 0 0 1 0 0 1 0 0 0 0 0 0 0 0 0 1 2 1 0 0 0 0 0 0 0 0 0 
1
0 0 0 0 0 0 0 0 0 
0 0 0 0 0 0 0 0 2 0 0 0 0 0 0 0 1 0 0 0 1 0 0 0 2 0 0 2 0 0 0 0 1 0 0 0 0 0 0 0 1 2 1 0 0 0 0 2 0 0 2 0 2 0 0 0 1 0 0 1 0 0 0 0 0 0 0 0 0 1 2 1 0 0 0 0 0 0 0 0 0 
0 0 0 0 0 0 0 0 2 0 0 0 0 0 0 0 1 0 0 0 1 0 0 0 2 0 0 2 0 0 0 0 1 0 0 0 0 0 0 0 1 2 1 0 0 0 0 2 0 0 2 0 2 0 0 0 1 0 0 1 0 0 0 0 0 0 0 0 0 1 2 1 0 0 0 0 0 0 0 0 0 
1
0 0 0 0 0 0 0 0 0 
0 0 0 0 0 0 2 0 2 0 0 0 0 0 0 0 1 0 0 0 1 0 0 0 2 0 0 2 0 0 0 0 1 0 0 0 0 0 0 0 1 2 1 0 0 0 0 2 0 0 2 0 2 0 0 0 1 0 0 1 0 0 0 0 0 0 0 0 0 1 2 1 0 0 0 0 0 0 0 0 0 
0 0 0 0 0 0 2 0 2 0 0 0 0 0 0 0 1 0 0 0 1 0 0 0 2 0 0 2 0 0 0 0 1 0 0 0 0 0 0 0 1 2 1 0 0 0 0 2 0 0 2 0 2 0 0 0 1 0 0 1 0 0 0 0 0 0 0 0 0 1 2 1 0 0 0 0 0 0 0 0 0 
1
0 0 0 0 0 0 0 0 0 
0 0 0 0 0 0 2 0 2 0 0 0 0 0 0 0 1 0 1 0 1 0 0 0 2 0 0 2 0 0 0 0 1 0 0 0 0 0 0 0 1 2 1 0 0 0 0 2 0 0 2 0 2 0 0 0 1 0 0 1 0 0 0 0 0 0 0 0 0 1 2 1 0 0 0 0 0 0 0 0 0 
0 0 0 0 0 0 2 0 2 0 0 0 0 0 0 0 1 0 1 0 1 0 0 0 2 0 0 2 0 0 0 0 1 0 0 0 0 0 0 0 1 2 1 0 0 0 0 2 0 0 2 0 2 0 0 0 1 0 0 1 0 0 0 0 0 0 0 0 0 1 2 1 0 0 0 0 0 0 0 0 0 
1
0 0 0 0 0 0 0 0 0 
0 0 0 0 0 0 2 0 2 0 0 0 0 0 0 0 1 0 1 0 1 0 0 0 2 0 0 2 0 0 0 0 1 0 0 0 0 0 0 0 1 2 1 0 0 0 0 2 0 0 2 0 2 0 0 0 1 0 0 1 0 0 0 2 0 0 0 0 0 1 2 1 0 0 0 0 0 0 0 0 0 
0 0 0 0 0 0 2 0 2 0 0 0 0 0 0 0 1 0 1 0 1 0 0 0 2 0 0 2 0 0 0 0 1 0 0 0 0 0 0 0 1 2 1 0 0 0 0 2 0 0 2 0 2 0 0 0 1 0 0 1 0 0 0 2 0 0 0 0 0 1 2 1 0 0 0 0 0 0 0 0 0 
1
0 0 0 0 0 0 0 0 0 
0 0 0 0 0 0 2 0 2 0 0 0 0 0 0 0 1 0 1 0 1 0 0 0 2 0 0 2 0 0 0 0 1 0 0 0 1 0 0 0 1 2 1 0 0 0 0 2 0 0 2 0 2 0 0 0 1 0 0 1 0 0 0 2 0 0 0 0 0 1 2 1 0 0 0 0 0 0 0 0 0 
0 0 0 0 0 0 2 0 2 0 0 0 0 0 0 0 1 0 1 0 1 0 0 0 2 0 0 2 0 0 0 0 1 0 0 0 1 0 0 0 1 2 1 0 0 0 0 2 0 0 2 0 2 0 0 0 1 0 0 1 0 0 0 2 0 0 0 0 0 1 2 1 0 0 0 0 0 0 0 0 0 
1
0 0 0 0 0 0 0 0 0 
0 0 0 0 0 0 2 0 2 0 0 0 0 0 0 0 1 0 1 0 1 0 0 0 2 0 0 2 0 0 0 0 1 0 0 0 1 0 2 0 1 2 1 0 0 0 0 2 0 0 2 0 2 0 0 0 1 0 0 1 0 0 0 2 0 0 0 0 0 1 2 1 0 0 0 0 0 0 0 0 0 
0 0 0 0 0 0 2 0 2 0 0 0 0 0 0 0 1 0 1 0 1 0 0 0 2 0 0 2 0 0 0 0 1 0 0 0 1 0 2 0 1 2 1 0 0 0 0 2 0 0 2 0 2 0 0 0 1 0 0 1 0 0 0 2 0 0 0 0 0 1 2 1 0 0 0 0 0 0 0 0 0 
1
0 0 0 0 0 0 0 0 0 
0 0 0 0 0 0 2 0 2 0 0 0 0 0 0 0 1 0 1 0 1 0 0 0 2 0 0 2 0 0 0 0 1 0 0 0 1 0 2 0 1 2 1 0 1 0 0 2 0 0 2 0 2 0 0 0 1 0 0 1 0 0 0 2 0 0 0 0 0 1 2 1 0 0 0 0 0 0 0 0 0 
0 0 0 0 0 0 2 0 2 0 0 0 0 0 0 0 1 0 1 0 1 0 0 0 2 0 0 2 0 0 0 0 1 0 0 0 1 0 2 0 1 2 1 0 1 0 0 2 0 0 2 0 2 0 0 0 1 0 0 1 0 0 0 2 0 0 0 0 0 1 2 1 0 0 0 0 0 0 0 0 0 
1
0 0 0 0 0 0 0 0 0 
0 0 0 0 0 0 2 0 2 0 0 0 0 0 0 0 1 0 1 0 1 0 0 0 2 0 0 2 0 0 0 0 1 0 2 0 1 0 2 0 1 2 1 0 1 0 0 2 0 0 2 0 2 0 0 0 1 0 0 1 0 0 0 2 0 0 0 0 0 1 2 1 0 0 0 0 0 0 0 0 0 
0 0 0 0 0 0 2 0 2 0 0 0 0 0 0 0 1 0 1 0 1 0 0 0 2 0 0 2 0 0 0 0 1 0 2 0 1 0 2 0 1 2 1 0 1 0 0 2 0 0 2 0 2 0 0 0 1 0 0 1 0 0 0 2 0 0 0 0 0 1 2 1 0 0 0 0 0 0 0 0 0 
1
0 0 0 0 0 0 0 0 0 
0 0 0 0 0 0 2 0 2 0 0 0 1 0 0 0 1 0 1 0 1 0 0 0 2 0 0 2 0 0 0 0 1 0 2 0 1 0 2 0 1 2 1 0 1 0 0 2 0 0 2 0 2 0 0 0 1 0 0 1 0 0 0 2 0 0 0 0 0 1 2 1 0 0 0 0 0 0 0 0 0 
0 0 0 0 0 0 2 0 2 0 0 0 1 0 0 0 1 0 1 0 1 0 0 0 2 0 0 2 0 0 0 0 1 0 2 0 1 0 2 0 1 2 1 0 1 0 0 2 0 0 2 0 2 0 0 0 1 0 0 1 0 0 0 2 0 0 0 0 0 1 2 1 0 0 0 0 0 0 0 0 0 
1
0 0 0 2 0 0 0 0 0 
0 0 0 0 0 0 2 0 2 0 0 0 1 0 0 0 1 0 1 0 1 0 0 0 2 0 0 2 0 2 0 0 1 0 2 0 1 0 2 0 1 2 1 0 1 0 0 2 0 0 2 0 2 0 0 0 1 0 0 1 0 0 0 2 0 0 0 0 0 1 2 1 0 0 0 0 0 0 0 0 0 
0 0 0 0 0 0 2 0 2 0 0 0 1 0 0 0 1 0 1 0 1 0 0 0 2 0 0 34 32 34 0 0 1 0 2 0 33 32 34 0 1 2 1 0 1 32 32 34 0 0 2 0 2 0 0 0 1 0 0 1 0 0 0 2 0 0 0 0 0 1 2 1 0 0 0 0 0 0 0 0 0 
1
0 0 0 2 0 0 0 0 0 
0 0 0 0 0 0 2 0 2 0 0 0 1 0 0 0 1 1 1 0 1 0 0 0 2 0 0 2 0 2 0 0 1 0 2 0 1 0 2 0 1 2 1 0 1 0 0 2 0 0 2 0 2 0 0 0 1 0 0 1 0 0 0 2 0 0 0 0 0 1 2 1 0 0 0 0 0 0 0 0 0 
0 0 0 0 0 0 2 0 2 0 0 0 1 0 0 0 1 1 1 0 1 0 0 0 2 0 0 34 32 34 0 0 1 0 2 0 33 32 34 0 1 2 1 0 1 32 32 34 0 0 2 0 2 0 0 0 1 0 0 1 0 0 0 2 0 0 0 0 0 1 2 1 0 0 0 0 0 0 0 0 0 
1
0 0 0 2 0 0 0 0 0 
0 0 0 0 0 0 2 0 2 0 0 0 1 0 0 0 1 1 1 0 1 0 0 0 2 0 0 2 0 2 0 0 1 0 2 0 1 0 2 0 1 2 1 0 1 0 0 2 0 0 2 0 2 2 0 0 1 0 0 1 0 0 0 2 0 0 0 0 0 1 2 1 0 0 0 0 0 0 0 0 0 
0 0 0 0 0 0 2 0 2 0 0 0 1 0 0 0 1 1 1 0 1 0 0 0 2 0 0 34 32 34 0 0 1 0 2 0 33 32 34 0 1 2 1 0 1 32 32 34 0 0 2 0 2 2 0 0 1 0 0 1 0 0 0 2 0 0 0 0 0 1 2 1 0 0 0 0 0 0 0 0 0 
1
0 0 0 2 0 0 0 0 0 
0 0 0 0 0 0 2 0 2 0 0 0 1 0 0 0 1 1 1 0 1 0 0 0 2 0 0 2 0 2 0 0 1 0 2 0 1 0 2 0 1 2 1 0 1 0 0 2 0 0 2 0 2 2 0 0 1 0 0 1 0 0 0 2 0 0 0 0 0 1 2 1 0 0 0 0 0 0 0 0 1 
0 0 0 0 0 0 2 0 2 0 0 0 1 0 0 0 1 1 1 0 1 0 0 0 2 0 0 34 32 34 0 0 1 0 2 0 33 32 34 0 1 2 1 0 1 32 32 34 0 0 2 0 2 2 0 0 1 0 0 1 0 0 0 2 0 0 0 0 0 1 2 1 0 0 0 0 0 0 0 0 1 
1
0 0 0 2 0 0 0 0 0 
0 0 0 0 0 0 2 0 2 0 0 0 1 0 0 0 1 1 1 0 1 0 0 0 2 0 0 2 0 2 0 0 1 0 2 0 1 0 2 0 1 2 1 0 1 0 0 2 0 0 2 0 2 2 0 0 1 0 0 1 0 0 2 2 0 0 0 0 0 1 2 1 0 0 0 0 0 0 0 0 1 
0 0 0 0 0 0 2 0 2 0 0 0 1 0 0 0 1 1 1 0 1 0 0 0 2 0 0 34 32 34 0 0 1 0 2 0 33 32 34 0 1 2 1 0 1 32 32 34 0 0 2 0 2 2 0 0 1 0 0 1 0 0 2 2 0 0 0 0 0 1 2 1 0 0 0 0 0 0 0 0 1 
1
0 0 0 2 0 0 0 0 0 
0 0 0 0 0 0 2 1 2 0 0 0 1 0 0 0 1 1 1 0 1 0 0 0 2 0 0 2 0 2 0 0 1 0 2 0 1 0 2 0 1 2 1 0 1 0 0 2 0 0 2 0 2 2 0 0 1 0 0 1 0 0 2 2 0 0 0 0 0 1 2 1 0 0 0 0 0 0 0 0 1 
0 0 0 0 0 0 2 1 2 0 0 0 1 0 0 0 1 1 1 0 1 0 0 0 2 0 0 34 32 34 0 0 1 0 2 0 33 32 34 0 1 2 1 0 1 32 32 34 0 0 2 0 2 2 0 0 1 0 0 1 0 0 2 2 0 0 0 0 0 1 2 1 0 0 0 0 0 0 0 0 1 
1
0 0 0 2 0 0 0 0 0 
0 0 0 0 0 0 2 1 2 0 0 0 1 0 0 0 1 1 1 0 1 2 0 0 2 0 0 2 0 2 0 0 1 0 2 0 1 0 2 0 1 2 1 0 1 0 0 2 0 0 2 0 2 2 0 0 1 0 0 1 0 0 2 2 0 0 0 0 0 1 2 1 0 0 0 0 0 0 0 0 1 
0 0 0 0 0 0 2 1 2 0 0 0 1 0 0 0 1 1 1 0 1 2 0 0 2 0 0 34 32 34 0 0 1 0 2 0 33 32 34 0 1 2 1 0 1 32 32 34 0 0 2 0 2 2 0 0 1 0 0 1 0 0 2 2 0 0 0 0 0 1 2 1 0 0 0 0 0 0 0 0 1 
1
0 0 0 2 0 0 0 0 0 
0 0 0 0 0 0 2 1 2 0 0 0 1 0 0 0 1 1 1 0 1 2 0 0 2 0 0 2 0 2 0 0 1 0 2 0 1 0 2 0 1 2 1 0 1 0 0 2 0 0 2 0 2 2 0 1 1 0 0 1 0 0 2 2 0 0 0 0 0 1 2 1 0 0 0 0 0 0 0 0 1 
0 0 0 0 0 0 2 1 2 0 0 0 1 0 0 0 1 1 1 0 1 2 0 0 2 0 0 34 32 34 0 0 1 0 2 0 33 32 34 0 1 2 1 0 1 32 32 34 0 0 2 0 2 2 0 1 1 0 0 1 0 0 2 2 0 0 0 0 0 1 2 1 0 0 0 0 0 0 0 0 1 
1
0 0 0 2 0 0 0 0 0 
0 0 0 0 0 0 2 1 2 0 0 0 1 0 0 0 1 1 1 0 1 2 2 0 2 0 0 2 0 2 0 0 1 0 2 0 1 0 2 0 1 2 1 0 1 0 0 2 0 0 2 0 2 2 0 1 1 0 0 1 0 0 2 2 0 0 0 0 0 1 2 1 0 0 0 0 0 0 0 0 1 
0 0 0 0 0 0 2 1 2 0 0 0 1 0 0 0 1 1 1 0 1 2 2 0 2 0 0 34 32 34 0 0 1 0 2 0 33 32 34 0 1 2 1 0 1 32 32 34 0 0 2 0 2 2 0 1 1 0 0 1 0 0 2 2 0 0 0 0 0 1 2 1 0 0 0 0 0 0 0 0 1 
1
0 0 0 2 0 0 0 0 0 
0 0 0 0 0 0 2 1 2 0 0 0 1 0 0 0 1 1 1 0 1 2 2 0 2 0 0 2 0 2 0 0 1 0 2 0 1 0 2 0 1 2 1 0 1 0 0 2 0 0 2 0 2 2 0 1 1 0 0 1 0 0 2 2 0 0 0 0 0 1 2 1 0 0 0 1 0 0 0 0 1 
0 0 0 0 0 0 2 1 2 0 0 0 1 0 0 0 1 1 1 0 1 2 2 0 2 0 0 34 32 34 0 0 1 0 2 0 33 32 34 0 1 2 1 0 1 32 32 34 0 0 2 0 2 2 0 1 1 0 0 1 0 0 2 2 0 0 0 0 0 1 2 1 0 0 0 1 0 0 0 0 1 
1
0 0 0 2 0 0 0 0 0 
0 0 0 0 0 0 2 1 2 0 0 0 1 0 0 0 1 1 1 0 1 2 2 0 2 0 0 2 0 2 0 0 1 0 2 0 1 0 2 0 1 2 1 0 1 0 0 2 0 0 2 0 2 2 0 1 1 0 0 1 0 0 2 2 2 0 0 0 0 1 2 1 0 0 0 1 0 0 0 0 1 
0 0 0 0 0 0 2 1 2 0 0 0 1 0 0 0 1 1 1 0 1 2 2 0 2 0 0 34 32 34 0 0 1 0 2 0 33 32 34 0 1 2 1 0 1 32 32 34 0 0 2 0 2 2 0 1 1 0 0 1 0 0 2 2 2 0 0 0 0 1 2 1 0 0 0 1 0 0 0 0 1 
1
0 0 0 2 0 0 0 0 0 
0 0 0 0 0 0 2 1 2 0 0 0 1 0 0 0 1 1 1 0 1 2 2 0 2 0 0 2 0 2 0 0 1 0 2 0 1 0 2 0 1 2 1 0 1 0 0 2 0 1 2 0 2 2 0 1 1 0 0 1 0 0 2 2 2 0 0 0 0 1 2 1 0 0 0 1 0 0 0 0 1 
0 0 0 0 0 0 2 1 2 0 0 0 1 0 0 0 1 1 1 0 1 2 2 0 2 0 0 34 32 34 0 0 1 0 2 0 33 32 34 0 1 2 1 0 1 32 32 34 0 1 2 0 2 2 0 1 1 0 0 1 0 0 2 2 2 0 0 0 0 1 2 1 0 0 0 1 0 0 0 0 1 
1
0 0 0 2 0 0 0 0 0 
0 0 0 0 0 0 2 1 2 0 0 0 1 0 0 0 1 1 1 0 1 2 2 0 2 0 0 2 0 2 0 0 1 0 2 0 1 0 2 0 1 2 1 0 1 0 0 2 0 1 2 0 2 2 0 1 1 0 0 1 0 0 2 2 2 0 0 2 0 1 2 1 0 0 0 1 0 0 0 0 1 
0 0 0 0 0 0 2 1 2 0 0 0 1 0 0 0 1 1 1 0 1 2 2 0 2 0 0 34 32 34 0 0 1 0 2 0 33 32 34 0 1 2 1 0 1 32 32 34 0 1 2 0 2 2 0 1 1 0 0 1 0 0 2 2 2 0 0 2 0 1 2 1 0 0 0 1 0 0 0 0 1 
1
0 0 0 2 1 0 0 0 0 
0 0 0 0 0 0 2 1 2 0 0 0 1 0 0 0 1 1 1 0 1 2 2 0 2 0 0 2 0 2 0 1 1 0 2 0 1 0 2 0 1 2 1 0 1 0 0 2 0 1 2 0 2 2 0 1 1 0 0 1 0 0 2 2 2 0 0 2 0 1 2 1 0 0 0 1 0 0 0 0 1 
0 0 0 0 0 0 2 1 2 0 0 0 1 0 0 0 1 1 1 0 1 2 2 0 2 0 0 34 32 34 16 17 17 0 2 0 33 32 34 16 17 18 1 0 1 32 32 34 16 17 18 0 2 2 0 1 1 0 0 1 0 0 2 2 2 0 0 2 0 1 2 1 0 0 0 1 0 0 0 0 1 
1
0 2 0 2 1 0 0 0 0 
0 0 0 0 0 0 2 1 2 0 0 0 1 0 0 0 1 1 1 0 1 2 2 2 2 0 0 2 0 2 0 1 1 0 2 0 1 0 2 0 1 2 1 0 1 0 0 2 0 1 2 0 2 2 0 1 1 0 0 1 0 0 2 2 2 0 0 2 0 1 2 1 0 0 0 1 0 0 0 0 1 
0 0 0 32 32 32 2 1 2 0 0 0 33 32 32 0 1 1 1 0 1 34 34 34 2 0 0 34 32 34 16 17 17 0 2 0 33 32 34 16 17 18 1 0 1 32 32 34 16 17 18 0 2 2 0 1 1 0 0 1 0 0 2 2 2 0 0 2 0 1 2 1 0 0 0 1 0 0 0 0 1 
1
0 2 0 2 1 0 0 0 0 
0 0 0 0 0 0 2 1 2 0 0 0 1 0 0 0 1 1 1 0 1 2 2 2 2 0 0 2 0 2 0 1 1 0 2 0 1 0 2 0 1 2 1 0 1 0 0 2 0 1 2 0 2 2 0 1 1 0 0 1 0 0 2 2 2 0 0 2 0 1 2 1 0 0 0 1 0 0 1 0 1 
0 0 0 32 32 32 2 1 2 0 0 0 33 32 32 0 1 1 1 0 1 34 34 34 2 0 0 34 32 34 16 17 17 0 2 0 33 32 34 16 17 18 1 0 1 32 32 34 16 17 18 0 2 2 0 1 1 0 0 1 0 0 2 2 2 0 0 2 0 1 2 1 0 0 0 1 0 0 1 0 1 
1
0 2 0 2 1 0 2 0 0 
0 0 0 0 0 0 2 1 2 0 0 0 1 0 0 0 1 1 1 0 1 2 2 2 2 0 0 2 0 2 0 1 1 0 2 0 1 0 2 0 1 2 1 0 1 0 0 2 0 1 2 0 2 2 0 1 1 0 0 1 0 0 2 2 2 2 0 2 0 1 2 1 0 0 0 1 0 0 1 0 1 
0 0 0 32 32 32 2 1 2 0 0 0 33 32 32 0 1 1 1 0 1 34 34 34 2 0 0 34 32 34 16 17 17 0 2 0 33 32 34 16 17 18 1 0 1 32 32 34 16 17 18 0 2 2 32 33 33 0 0 1 0 0 2 34 34 34 0 2 0 1 2 1 32 32 32 1 0 0 1 0 1 
1
0 2 0 2 1 0 2 0 0 
0 0 0 0 0 0 2 1 2 0 0 0 1 0 0 0 1 1 1 0 1 2 2 2 2 0 0 2 0 2 0 1 1 0 2 1 1 0 2 0 1 2 1 0 1 0 0 2 0 1 2 0 2 2 0 1 1 0 0 1 0 0 2 2 2 2 0 2 0 1 2 1 0 0 0 1 0 0 1 0 1 
0 0 0 32 32 32 2 1 2 0 0 0 33 32 32 0 1 1 1 0 1 34 34 34 2 0 0 34 32 34 16 17 17 0 2 1 33 32 34 16 17 18 1 0 1 32 32 34 16 17 18 0 2 2 32 33 33 0 0 1 0 0 2 34 34 34 0 2 0 1 2 1 32 32 32 1 0 0 1 0 1 
1
0 2 0 2 1 0 2 0 0 
0 0 0 0 0 0 2 1 2 0 0 0 1 0 0 0 1 1 1 0 1 2 2 2 2 0 2 2 0 2 0 1 1 0 2 1 1 0 2 0 1 2 1 0 1 0 0 2 0 1 2 0 2 2 0 1 1 0 0 1 0 0 2 2 2 2 0 2 0 1 2 1 0 0 0 1 0 0 1 0 1 
0 0 0 32 32 32 2 1 2 0 0 0 33 32 32 0 1 1 1 0 1 34 34 34 2 0 2 34 32 34 16 17 17 0 2 1 33 32 34 16 17 18 1 0 1 32 32 34 16 17 18 0 2 2 32 33 33 0 0 1 0 0 2 34 34 34 0 2 0 1 2 1 32 32 32 1 0 0 1 0 1 
1
0 2 0 2 1 0 2 0 1 
0 0 0 0 0 0 2 1 2 0 0 0 1 0 0 0 1 1 1 0 1 2 2 2 2 0 2 2 0 2 0 1 1 0 2 1 1 0 2 0 1 2 1 0 1 0 0 2 0 1 2 0 2 2 0 1 1 0 0 1 0 0 2 2 2 2 0 2 0 1 2 1 0 0 0 1 0 0 1 1 1 
0 0 0 32 32 32 2 1 2 0 0 0 33 32 32 0 1 1 1 0 1 34 34 34 2 0 2 34 32 34 16 17 17 0 2 1 33 32 34 16 17 18 1 0 1 32 32 34 16 17 18 0 2 2 32 33 33 0 0 1 16 16 18 34 34 34 0 2 0 17 18 17 32 32 32 1 0 0 17 17 17 
1
0 2 0 2 1 0 2 0 1 
0 0 0 0 0 0 2 1 2 0 0 0 1 0 0 0 1 1 1 0 1 2 2 2 2 0 2 2 0 2 0 1 1 0 2 1 1 0 2 0 1 2 1 0 1 0 0 2 0 1 2 0 2 2 0 1 1 0 0 1 0 0 2 2 2 2 0 2 0 1 2 1 0 0 0 1 2 0 1 1 1 
0 0 0 32 32 32 2 1 2 0 0 0 33 32 32 0 1 1 1 0 1 34 34 34 2 0 2 34 32 34 16 17 17 0 2 1 33 32 34 16 17 18 1 0 1 32 32 34 16 17 18 0 2 2 32 33 33 0 0 1 16 16 18 34 34 34 0 2 0 17 18 17 32 32 32 1 2 0 17 17 17 
1
0 2 0 2 1 0 2 0 1 
0 0 0 0 0 0 2 1 2 0 0 0 1 0 0 0 1 1 1 0 1 2 2 2 2 0 2 2 0 2 0 1 1 0 2 1 1 0 2 0 1 2 1 0 1 0 0 2 0 1 2 0 2 2 0 1 1 0 0 1 0 0 2 2 2 2 0 2 1 1 2 1 0 0 0 1 2 0 1 1 1 
0 0 0 32 32 32 2 1 2 0 0 0 33 32 32 0 1 1 1 0 1 34 34 34 2 0 2 34 32 34 16 17 17 0 2 1 33 32 34 16 17 18 1 0 1 32 32 34 16 17 18 0 2 2 32 33 33 0 0 1 16 16 18 34 34 34 0 2 1 17 18 17 32 32 32 1 2 0 17 17 17 
1
0 2 0 2 1 2 2 0 1 
0 0 0 0 0 0 2 1 2 0 0 0 1 0 0 0 1 1 1 0 1 2 2 2 2 0 2 2 0 2 0 1 1 0 2 1 1 0 2 0 1 2 1 2 1 0 0 2 0 1 2 0 2 2 0 1 1 0 0 1 0 0 2 2 2 2 0 2 1 1 2 1 0 0 0 1 2 0 1 1 1 
0 0 0 32 32 32 2 1 2 0 0 0 33 32 32 0 1 1 1 0 1 34 34 34 2 0 2 34 32 34 16 17 17 32 34 33 33 32 34 16 17 18 33 34 33 32 32 34 16 17 18 32 34 34 32 33 33 0 0 1 16 16 18 34 34 34 0 2 1 17 18 17 32 32 32 1 2 0 17 17 17 
1
1 2 0 2 1 2 2 0 1 
0 0 0 0 0 0 2 1 2 0 0 0 1 0 0 0 1 1 1 1 1 2 2 2 2 0 2 2 0 2 0 1 1 0 2 1 1 0 2 0 1 2 1 2 1 0 0 2 0 1 2 0 2 2 0 1 1 0 0 1 0 0 2 2 2 2 0 2 1 1 2 1 0 0 0 1 2 0 1 1 1 
16 16 16 32 32 32 2 1 2 16 16 16 33 32 32 0 1 1 17 17 17 34 34 34 2 0 2 34 32 34 16 17 17 32 34 33 33 32 34 16 17 18 33 34 33 32 32 34 16 17 18 32 34 34 32 33 33 0 0 1 16 16 18 34 34 34 0 2 1 17 18 17 32 32 32 1 2 0 17 17 17 
1
1 2 0 2 1 2 2 0 1 
0 0 0 0 0 0 2 1 2 0 0 0 1 0 0 0 1 1 1 1 1 2 2 2 2 0 2 2 0 2 0 1 1 0 2 1 1 0 2 0 1 2 1 2 1 0 0 2 0 1 2 0 2 2 0 1 1 0 0 1 0 0 2 2 2 2 0 2 1 1 2 1 0 0 0 1 2 0 1 1 1 
16 16 16 32 32 32 2 1 2 16 16 16 33 32 32 0 1 1 17 17 17 34 34 34 2 0 2 34 32 34 16 17 17 32 34 33 33 32 34 16 17 18 33 34 33 32 32 34 16 17 18 32 34 34 32 33 33 0 0 1 16 16 18 34 34 34 0 2 1 17 18 17 32 32 32 1 2 0 17 17 17 
1
