0 0 0 0 0 0 0 0 0 
1 0 0 0 0 0 0 0 0 0 0 0 0 0 0 0 0 0 0 0 0 0 0 0 0 0 0 0 0 0 0 0 0 0 0 0 0 0 0 0 0 0 0 0 0 0 0 0 0 0 0 0 0 0 0 0 0 0 0 0 0 0 0 0 0 0 0 0 0 0 0 0 0 0 0 0 0 0 0 0 0 
1 0 0 0 0 0 0 0 0 0 0 0 0 0 0 0 0 0 0 0 0 0 0 0 0 0 0 0 0 0 0 0 0 0 0 0 0 0 0 0 0 0 0 0 0 0 0 0 0 0 0 0 0 0 0 0 0 0 0 0 0 0 0 0 0 0 0 0 0 0 0 0 0 0 0 0 0 0 0 0 0 
0
0 0 0 0 0 0 0 0 0 
1 0 0 0 0 0 0 0 0 0 2 0 0 0 0 0 0 0 0 0 0 0 0 0 0 0 0 0 0 0 0 0 0 0 0 0 0 0 0 0 0 0 0 0 0 0 0 0 0 0 0 0 0 0 0 0 0 0 0 0 0 0 0 0 0 0 0 0 0 0 0 0 0 0 0 0 0 0 0 0 0 
1 0 0 0 0 0 0 0 0 0 2 0 0 0 0 0 0 0 0 0 0 0 0 0 0 0 0 0 0 0 0 0 0 0 0 0 0 0 0 0 0 0 0 0 0 0 0 0 0 0 0 0 0 0 0 0 0 0 0 0 0 0 0 0 0 0 0 0 0 0 0 0 0 0 0 0 0 0 0 0 0 
0
0 0 0 0 0 0 0 0 0 
1 0 0 0 0 0 0 0 0 0 2 0 0 0 0 0 0 0 0 0 0 0 0 0 0 0 0 0 0 0 0 0 0 0 0 0 0 0 0 0 0 0 0 0 0 0 0 0 0 0 1 0 0 0 0 0 0 0 0 0 0 0 0 0 0 0 0 0 0 0 0 0 0 0 0 0 0 0 0 0 0 
1 0 0 0 0 0 0 0 0 0 2 0 0 0 0 0 0 0 0 0 0 0 0 0 0 0 0 0 0 0 0 0 0 0 0 0 0 0 0 0 0 0 0 0 0 0 0 0 0 0 1 0 0 0 0 0 0 0 0 0 0 0 0 0 0 0 0 0 0 0 0 0 0 0 0 0 0 0 0 0 0 
0
0 0 0 0 0 0 0 0 0 
1 0 0 0 0 0 0 0 0 0 2 0 0 0 0 0 0 0 0 0 0 0 0 0 0 0 0 0 0 0 0 0 0 0 0 0 0 0 0 0 0 0 0 0 0 0 0 0 0 0 1 0 0 0 0 0 0 0 0 0 0 0 0 0 0 0 0 0 0 0 0 0 0 0 0 0 0 0 0 0 2 
1 0 0 0 0 0 0 0 0 0 2 0 0 0 0 0 0 0 0 0 0 0 0 0 0 0 0 0 0 0 0 0 0 0 0 0 0 0 0 0 0 0 0 0 0 0 0 0 0 0 1 0 0 0 0 0 0 0 0 0 0 0 0 0 0 0 0 0 0 0 0 0 0 0 0 0 0 0 0 0 2 
0
0 0 0 0 0 0 0 0 0 
1 0 0 0 0 0 0 0 0 0 2 0 0 0 0 0 0 0 0 0 0 0 0 0 0 0 0 0 0 0 0 0 0 0 0 0 0 0 0 0 0 0 0 0 0 0 0 0 0 0 1 0 0 0 0 0 0 0 0 0 0 0 0 0 0 0 0 0 0 0 0 0 0 0 0 0 0 0 1 0 2 
1 0 0 0 0 0 0 0 0 0 2 0 0 0 0 0 0 0 0 0 0 0 0 0 0 0 0 0 0 0 0 0 0 0 0 0 0 0 0 0 0 0 0 0 0 0 0 0 0 0 1 0 0 0 0 0 0 0 0 0 0 0 0 0 0 0 0 0 0 0 0 0 0 0 0 0 0 0 1 0 2 
0
0 0 0 0 0 0 0 0 0 
1 0 0 0 0 0 0 0 0 0 2 0 0 0 0 0 0 0 0 0 0 0 0 0 0 0 0 0 0 0 0 0 0 0 0 0 0 0 0 0 0 0 0 0 0 0 0 0 0 0 1 0 0 0 0 0 0 0 0 0 0 0 0 0 0 0 0 0 0 0 0 0 0 0 2 0 0 0 1 0 2 
1 0 0 0 0 0 0 0 0 0 2 0 0 0 0 0 0 0 0 0 0 0 0 0 0 0 0 0 0 0 0 0 0 0 0 0 0 0 0 0 0 0 0 0 0 0 0 0 0 0 1 0 0 0 0 0 0 0 0 0 0 0 0 0 0 0 0 0 0 0 0 0 0 0 2 0 0 0 1 0 2 
0
0 0 0 0 0 0 0 0 0 
1 0 0 0 0 0 0 0 0 0 2 0 0 0 0 0 0 0 0 0 0 0 0 0 0 0 0 0 0 0 0 0 0 0 0 0 0 0 0 0 0 0 0 0 0 0 0 0 0 0 1 0 0 0 0 0 0 0 0 0 0 0 1 0 0 0 0 0 0 0 0 0 0 0 2 0 0 0 1 0 2 
1 0 0 0 0 0 0 0 0 0 2 0 0 0 0 0 0 0 0 0 0 0 0 0 0 0 0 0 0 0 0 0 0 0 0 0 0 0 0 0 0 0 0 0 0 0 0 0 0 0 1 0 0 0 0 0 0 0 0 0 0 0 1 0 0 0 0 0 0 0 0 0 0 0 2 0 0 0 1 0 2 
0
0 0 0 0 0 0 0 0 0 
1 0 0 0 0 0 0 0 2 0 2 0 0 0 0 0 0 0 0 0 0 0 0 0 0 0 0 0 0 0 0 0 0 0 0 0 0 0 0 0 0 0 0 0 0 0 0 0 0 0 1 0 0 0 0 0 0 0 0 0 0 0 1 0 0 0 0 0 0 0 0 0 0 0 2 0 0 0 1 0 2 
1 0 0 0 0 0 0 0 2 0 2 0 0 0 0 0 0 0 0 0 0 0 0 0 0 0 0 0 0 0 0 0 0 0 0 0 0 0 0 0 0 0 0 0 0 0 0 0 0 0 1 0 0 0 0 0 0 0 0 0 0 0 1 0 0 0 0 0 0 0 0 0 0 0 2 0 0 0 1 0 2 
0
0 0 0 0 0 0 0 0 0 
1 0 0 0 0 0 0 0 2 0 2 0 0 0 0 0 0 0 0 0 0 0 0 0 0 0 1 0 0 0 0 0 0 0 0 0 0 0 0 0 0 0 0 0 0 0 0 0 0 0 1 0 0 0 0 0 0 0 0 0 0 0 1 0 0 0 0 0 0 0 0 0 0 0 2 0 0 0 1 0 2 
1 0 0 0 0 0 0 0 2 0 2 0 0 0 0 0 0 0 0 0 0 0 0 0 0 0 1 0 0 0 0 0 0 0 0 0 0 0 0 0 0 0 0 0 0 0 0 0 0 0 1 0 0 0 0 0 0 0 0 0 0 0 1 0 0 0 0 0 0 0 0 0 0 0 2 0 0 0 1 0 2 
0
0 0 0 0 0 0 0 0 0 
1 0 0 0 0 0 0 0 2 0 2 0 0 0 0 0 0 0 0 0 0 0 0 0 0 0 1 0 0 0 0 0 0 0 0 0 0 0 0 0 0 0 0 0 0 0 0 0 0 0 1 0 0 0 0 0 0 0 0 0 0 0 1 0 0 0 0 0 0 0 0 0 0 0 2 0 0 0 1 2 2 
1 0 0 0 0 0 0 0 2 0 2 0 0 0 0 0 0 0 0 0 0 0 0 0 0 0 1 0 0 0 0 0 0 0 0 0 0 0 0 0 0 0 0 0 0 0 0 0 0 0 1 0 0 0 0 0 0 0 0 0 0 0 1 0 0 0 0 0 0 0 0 0 0 0 2 0 0 0 1 2 2 
0
0 0 0 0 0 0 0 0 0 
1 0 0 0 0 0 0 0 2 0 2 0 0 0 0 0 0 0 0 0 0 0 0 0 0 0 1 0 0 0 0 0 0 0 0 0 0 0 0 0 0 0 0 0 0 0 0 0 0 0 1 0 0 0 0 0 0 0 0 0 0 0 1 0 0 0 0 0 0 0 0 0 0 0 2 1 0 0 1 2 2 
1 0 0 0 0 0 0 0 2 0 2 0 0 0 0 0 0 0 0 0 0 0 0 0 0 0 1 0 0 0 0 0 0 0 0 0 0 0 0 0 0 0 0 0 0 0 0 0 0 0 1 0 0 0 0 0 0 0 0 0 0 0 1 0 0 0 0 0 0 0 0 0 0 0 2 1 0 0 1 2 2 
0
0 0 0 0 0 0 0 0 0 
1 0 0 0 0 0 0 0 2 0 2 0 0 0 0 0 0 0 0 0 0 0 0 0 0 0 1 0 0 0 0 0 0 0 0 0 0 0 0 0 0 0 0 0 0 0 0 0 0 0 1 0 0 0 0 2 0 0 0 0 0 0 1 0 0 0 0 0 0 0 0 0 0 0 2 1 0 0 1 2 2 
1 0 0 0 0 0 0 0 2 0 2 0 0 0 0 0 0 0 0 0 0 0 0 0 0 0 1 0 0 0 0 0 0 0 0 0 0 0 0 0 0 0 0 0 0 0 0 0 0 0 1 0 0 0 0 2 0 0 0 0 0 0 1 0 0 0 0 0 0 0 0 0 0 0 2 1 0 0 1 2 2 
0
0 0 0 0 0 0 0 0 0 
1 0 0 0 0 1 0 0 2 0 2 0 0 0 0 0 0 0 0 0 0 0 0 0 0 0 1 0 0 0 0 0 0 0 0 0 0 0 0 0 0 0 0 0 0 0 0 0 0 0 1 0 0 0 0 2 0 0 0 0 0 0 1 0 0 0 0 0 0 0 0 0 0 0 2 1 0 0 1 2 2 
1 0 0 0 0 1 0 0 2 0 2 0 0 0 0 0 0 0 0 0 0 0 0 0 0 0 1 0 0 0 0 0 0 0 0 0 0 0 0 0 0 0 0 0 0 0 0 0 0 0 1 0 0 0 0 2 0 0 0 0 0 0 1 0 0 0 0 0 0 0 0 0 0 0 2 1 0 0 1 2 2 
0
0 0 0 0 0 0 0 0 0 
1 0 0 0 0 1 0 2 2 0 2 0 0 0 0 0 0 0 0 0 0 0 0 0 0 0 1 0 0 0 0 0 0 0 0 0 0 0 0 0 0 0 0 0 0 0 0 0 0 0 1 0 0 0 0 2 0 0 0 0 0 0 1 0 0 0 0 0 0 0 0 0 0 0 2 1 0 0 1 2 2 
1 0 0 0 0 1 0 2 2 0 2 0 0 0 0 0 0 0 0 0 0 0 0 0 0 0 1 0 0 0 0 0 0 0 0 0 0 0 0 0 0 0 0 0 0 0 0 0 0 0 1 0 0 0 0 2 0 0 0 0 0 0 1 0 0 0 0 0 0 0 0 0 0 0 2 1 0 0 1 2 2 
0
0 0 0 0 0 0 0 0 0 
1 0 0 0 0 1 0 2 2 0 2 0 0 0 0 0 0 0 0 0 0 1 0 0 0 0 1 0 0 0 0 0 0 0 0 0 0 0 0 0 0 0 0 0 0 0 0 0 0 0 1 0 0 0 0 2 0 0 0 0 0 0 1 0 0 0 0 0 0 0 0 0 0 0 2 1 0 0 1 2 2 
1 0 0 0 0 1 0 2 2 0 2 0 0 0 0 0 0 0 0 0 0 1 0 0 0 0 1 0 0 0 0 0 0 0 0 0 0 0 0 0 0 0 0 0 0 0 0 0 0 0 1 0 0 0 0 2 0 0 0 0 0 0 1 0 0 0 0 0 0 0 0 0 0 0 2 1 0 0 1 2 2 
0
0 0 0 0 0 0 0 0 0 
1 0 0 0 0 1 0 2 2 0 2 0 0 0 0 0 0 0 0 0 0 1 0 0 0 0 1 0 0 0 0 0 0 0 0 0 0 0 0 0 0 0 0 0 0 0 0 0 0 0 1 0 0 0 0 2 0 0 0 0 0 0 1 2 0 0 0 0 0 0 0 0 0 0 2 1 0 0 1 2 2 
1 0 0 0 0 1 0 2 2 0 2 0 0 0 0 0 0 0 0 0 0 1 0 0 0 0 1 0 0 0 0 0 0 0 0 0 0 0 0 0 0 0 0 0 0 0 0 0 0 0 1 0 0 0 0 2 0 0 0 0 0 0 1 2 0 0 0 0 0 0 0 0 0 0 2 1 0 0 1 2 2 
0
0 0 0 0 0 0 0 0 0 
1 0 0 0 0 1 0 2 2 0 2 0 0 0 0 0 0 0 0 0 0 1 0 0 0 0 1 0 0 0 0 0 0 0 0 0 0 0 0 0 0 0 0 0 0 1 0 0 0 0 1 0 0 0 0 2 0 0 0 0 0 0 1 2 0 0 0 0 0 0 0 0 0 0 2 1 0 0 1 2 2 
1 0 0 0 0 1 0 2 2 0 2 0 0 0 0 0 0 0 0 0 0 1 0 0 0 0 1 0 0 0 0 0 0 0 0 0 0 0 0 0 0 0 0 0 0 1 0 0 0 0 1 0 0 0 0 2 0 0 0 0 0 0 1 2 0 0 0 0 0 0 0 0 0 0 2 1 0 0 1 2 2 
0
0 0 0 0 0 0 0 0 0 
1 0 0 0 0 1 0 2 2 0 2 0 0 0 0 0 0 0 0 0 0 1 0 0 0 0 1 0 0 0 0 0 0 0 0 0 0 0 0 0 0 0 0 0 0 1 0 0 0 0 1 0 0 0 0 2 0 0 0 0 0 0 1 2 0 0 0 0 0 0 0 0 0 2 2 1 0 0 1 2 2 
1 0 0 0 0 1 0 2 2 0 2 0 0 0 0 0 0 0 0 0 0 1 0 0 0 0 1 0 0 0 0 0 0 0 0 0 0 0 0 0 0 0 0 0 0 1 0 0 0 0 1 0 0 0 0 2 0 0 0 0 0 0 1 2 0 0 0 0 0 0 0 0 0 2 2 1 0 0 1 2 2 
0
0 0 0 0 0 0 0 0 0 
1 0 0 0 0 1 0 2 2 0 2 0 0 0 0 0 0 0 0 0 0 1 0 0 0 0 1 0 0 0 0 0 0 0 0 0 0 0 0 0 0 0 0 0 0 1 0 0 0 0 1 0 0 0 0 2 0 1 0 0 0 0 1 2 0 0 0 0 0 0 0 0 0 2 2 1 0 0 1 2 2 
1 0 0 0 0 1 0 2 2 0 2 0 0 0 0 0 0 0 0 0 0 1 0 0 0 0 1 0 0 0 0 0 0 0 0 0 0 0 0 0 0 0 0 0 0 1 0 0 0 0 1 0 0 0 0 2 0 1 0 0 0 0 1 2 0 0 0 0 0 0 0 0 0 2 2 1 0 0 1 2 2 
0
0 0 0 0 0 0 0 0 0 
1 2 0 0 0 1 0 2 2 0 2 0 0 0 0 0 0 0 0 0 0 1 0 0 0 0 1 0 0 0 0 0 0 0 0 0 0 0 0 0 0 0 0 0 0 1 0 0 0 0 1 0 0 0 0 2 0 1 0 0 0 0 1 2 0 0 0 0 0 0 0 0 0 2 2 1 0 0 1 2 2 
1 2 0 0 0 1 0 2 2 0 2 0 0 0 0 0 0 0 0 0 0 1 0 0 0 0 1 0 0 0 0 0 0 0 0 0 0 0 0 0 0 0 0 0 0 1 0 0 0 0 1 0 0 0 0 2 0 1 0 0 0 0 1 2 0 0 0 0 0 0 0 0 0 2 2 1 0 0 1 2 2 
0
0 1 0 0 0 0 0 0 0 
1 2 0 0 0 1 0 2 2 0 2 0 0 1 0 0 0 0 0 0 0 1 0 0 0 0 1 0 0 0 0 0 0 0 0 0 0 0 0 0 0 0 0 0 0 1 0 0 0 0 1 0 0 0 0 2 0 1 0 0 0 0 1 2 0 0 0 0 0 0 0 0 0 2 2 1 0 0 1 2 2 
1 2 0 16 16 17 0 2 2 0 2 0 16 17 16 0 0 0 0 0 0 17 16 16 0 0 1 0 0 0 0 0 0 0 0 0 0 0 0 0 0 0 0 0 0 1 0 0 0 0 1 0 0 0 0 2 0 1 0 0 0 0 1 2 0 0 0 0 0 0 0 0 0 2 2 1 0 0 1 2 2 
0
0 1 0 0 0 0 0 0 0 
1 2 0 0 0 1 0 2 2 0 2 0 0 1 0 0 0 0 0 0 0 1 0 0 0 0 1 0 0 0 0 2 0 0 0 0 0 0 0 0 0 0 0 0 0 1 0 0 0 0 1 0 0 0 0 2 0 1 0 0 0 0 1 2 0 0 0 0 0 0 0 0 0 2 2 1 0 0 1 2 2 
1 2 0 16 16 17 0 2 2 0 2 0 16 17 16 0 0 0 0 0 0 17 16 16 0 0 1 0 0 0 0 2 0 0 0 0 0 0 0 0 0 0 0 0 0 1 0 0 0 0 1 0 0 0 0 2 0 1 0 0 0 0 1 2 0 0 0 0 0 0 0 0 0 2 2 1 0 0 1 2 2 
0
0 1 0 0 0 0 0 1 0 
1 2 0 0 0 1 0 2 2 0 2 0 0 1 0 0 0 0 0 0 0 1 0 0 0 0 1 0 0 0 0 2 0 0 0 0 0 0 0 0 0 0 0 0 0 1 0 0 0 0 1 0 0 0 0 2 0 1 0 0 0 0 1 2 0 0 1 0 0 0 0 0 0 2 2 1 0 0 1 2 2 
1 2 0 16 16 17 0 2 2 0 2 0 16 17 16 0 0 0 0 0 0 17 16 16 0 0 1 0 0 0 0 2 0 0 0 0 0 0 0 0 0 0 0 0 0 1 0 0 0 0 1 0 0 0 0 2 0 17 16 16 0 0 1 2 0 0 17 16 16 0 0 0 0 2 2 17 16 16 1 2 2 
0
0 1 0 0 0 0 0 1 0 
1 2 0 0 0 1 0 2 2 0 2 0 0 1 0 0 0 0 0 0 0 1 0 0 0 0 1 0 0 0 0 2 0 0 0 0 0 0 0 0 0 0 0 0 0 1 0 2 0 0 1 0 0 0 0 2 0 1 0 0 0 0 1 2 0 0 1 0 0 0 0 0 0 2 2 1 0 0 1 2 2 
1 2 0 16 16 17 0 2 2 0 2 0 16 17 16 0 0 0 0 0 0 17 16 16 0 0 1 0 0 0 0 2 0 0 0 0 0 0 0 0 0 0 0 0 0 1 0 2 0 0 1 0 0 0 0 2 0 17 16 16 0 0 1 2 0 0 17 16 16 0 0 0 0 2 2 17 16 16 1 2 2 
0
0 1 0 0 0 0 0 1 1 
1 2 0 0 0 1 0 2 2 0 2 0 0 1 0 0 0 0 0 0 0 1 0 0 0 0 1 0 0 0 0 2 0 0 0 0 0 0 0 0 0 0 0 0 0 1 0 2 0 0 1 0 0 0 0 2 0 1 0 0 0 0 1 2 0 0 1 0 0 0 1 0 0 2 2 1 0 0 1 2 2 
1 2 0 16 16 17 0 2 2 0 2 0 16 17 16 0 0 0 0 0 0 17 16 16 0 0 1 0 0 0 0 2 0 0 0 0 0 0 0 0 0 0 0 0 0 1 0 2 0 0 1 0 0 0 0 2 0 17 16 16 16 16 17 2 0 0 17 16 16 16 17 16 0 2 2 17 16 16 17 18 18 
0
0 1 0 0 0 0 0 1 1 
1 2 0 0 0 1 0 2 2 0 2 0 0 1 0 0 0 0 0 0 0 1 0 0 0 0 1 0 0 0 0 2 0 0 0 0 0 0 0 2 0 0 0 0 0 1 0 2 0 0 1 0 0 0 0 2 0 1 0 0 0 0 1 2 0 0 1 0 0 0 1 0 0 2 2 1 0 0 1 2 2 
1 2 0 16 16 17 0 2 2 0 2 0 16 17 16 0 0 0 0 0 0 17 16 16 0 0 1 0 0 0 0 2 0 0 0 0 0 0 0 2 0 0 0 0 0 1 0 2 0 0 1 0 0 0 0 2 0 17 16 16 16 16 17 2 0 0 17 16 16 16 17 16 0 2 2 17 16 16 17 18 18 
0
0 1 0 0 0 0 0 1 1 
1 2 0 0 0 1 0 2 2 0 2 0 0 1 0 0 0 0 0 0 0 1 0 0 0 0 1 0 0 0 0 2 0 0 0 0 0 1 0 2 0 0 0 0 0 1 0 2 0 0 1 0 0 0 0 2 0 1 0 0 0 0 1 2 0 0 1 0 0 0 1 0 0 2 2 1 0 0 1 2 2 
1 2 0 16 16 17 0 2 2 0 2 0 16 17 16 0 0 0 0 0 0 17 16 16 0 0 1 0 0 0 0 2 0 0 0 0 0 1 0 2 0 0 0 0 0 1 0 2 0 0 1 0 0 0 0 2 0 17 16 16 16 16 17 2 0 0 17 16 16 16 17 16 0 2 2 17 16 16 17 18 18 
0
0 1 0 0 0 0 0 1 1 
1 2 0 0 0 1 0 2 2 0 2 0 0 1 0 0 0 0 0 0 0 1 0 0 0 0 1 0 0 0 0 2 0 0 0 0 0 1 0 2 0 0 0 0 0 1 0 2 2 0 1 0 0 0 0 2 0 1 0 0 0 0 1 2 0 0 1 0 0 0 1 0 0 2 2 1 0 0 1 2 2 
1 2 0 16 16 17 0 2 2 0 2 0 16 17 16 0 0 0 0 0 0 17 16 16 0 0 1 0 0 0 0 2 0 0 0 0 0 1 0 2 0 0 0 0 0 1 0 2 2 0 1 0 0 0 0 2 0 17 16 16 16 16 17 2 0 0 17 16 16 16 17 16 0 2 2 17 16 16 17 18 18 
0
0 1 0 0 0 0 0 1 1 
1 2 0 0 0 1 0 2 2 0 2 0 0 1 0 0 0 0 0 0 0 1 0 0 0 0 1 0 0 0 0 2 0 0 0 0 0 1 0 2 0 0 0 0 0 1 0 2 2 0 1 0 0 0 0 2 0 1 0 0 0 0 1 2 0 0 1 0 0 0 1 0 1 2 2 1 0 0 1 2 2 
1 2 0 16 16 17 0 2 2 0 2 0 16 17 16 0 0 0 0 0 0 17 16 16 0 0 1 0 0 0 0 2 0 0 0 0 0 1 0 2 0 0 0 0 0 1 0 2 2 0 1 0 0 0 0 2 0 17 16 16 16 16 17 2 0 0 17 16 16 16 17 16 1 2 2 17 16 16 17 18 18 
0
0 1 0 0 0 0 0 1 1 
1 2 0 0 0 1 0 2 2 0 2 0 0 1 0 0 0 0 0 0 0 1 0 0 0 0 1 0 0 0 0 2 0 0 0 0 0 1 0 2 0 0 0 0 0 1 0 2 2 0 1 0 0 0 0 2 0 1 0 0 0 0 1 2 0 2 1 0 0 0 1 0 1 2 2 1 0 0 1 2 2 
1 2 0 16 16 17 0 2 2 0 2 0 16 17 16 0 0 0 0 0 0 17 16 16 0 0 1 0 0 0 0 2 0 0 0 0 0 1 0 2 0 0 0 0 0 1 0 2 2 0 1 0 0 0 0 2 0 17 16 16 16 16 17 2 0 2 17 16 16 16 17 16 1 2 2 17 16 16 17 18 18 
0
0 1 0 0 0 0 0 1 1 
1 2 0 0 0 1 0 2 2 0 2 0 0 1 0 0 0 0 0 0 0 1 0 0 0 0 1 0 0 0 0 2 0 0 0 0 0 1 0 2 0 0 0 0 0 1 0 2 2 0 1 0 0 1 0 2 0 1 0 0 0 0 1 2 0 2 1 0 0 0 1 0 1 2 2 1 0 0 1 2 2 
1 2 0 16 16 17 0 2 2 0 2 0 16 17 16 0 0 0 0 0 0 17 16 16 0 0 1 0 0 0 0 2 0 0 0 0 0 1 0 2 0 0 0 0 0 1 0 2 2 0 1 0 0 1 0 2 0 17 16 16 16 16 17 2 0 2 17 16 16 16 17 16 1 2 2 17 16 16 17 18 18 
0
0 1 0 0 0 0 0 1 1 
1 2 0 0 0 1 0 2 2 0 2 0 0 1 0 0 0 0 0 0 0 1 0 0 0 0 1 0 0 0 0 2 0 0 0 0 0 1 0 2 0 0 0 0 2 1 0 2 2 0 1 0 0 1 0 2 0 1 0 0 0 0 1 2 0 2 1 0 0 0 1 0 1 2 2 1 0 0 1 2 2 
1 2 0 16 16 17 0 2 2 0 2 0 16 17 16 0 0 0 0 0 0 17 16 16 0 0 1 0 0 0 0 2 0 0 0 0 0 1 0 2 0 0 0 0 2 1 0 2 2 0 1 0 0 1 0 2 0 17 16 16 16 16 17 2 0 2 17 16 16 16 17 16 1 2 2 17 16 16 17 18 18 
0
0 1 0 0 0 0 0 1 1 
1 2 0 0 0 1 0 2 2 0 2 0 0 1 0 0 0 0 0 0 0 1 0 0 0 0 1 0 0 0 0 2 0 0 1 0 0 1 0 2 0 0 0 0 2 1 0 2 2 0 1 0 0 1 0 2 0 1 0 0 0 0 1 2 0 2 1 0 0 0 1 0 1 2 2 1 0 0 1 2 2 
1 2 0 16 16 17 0 2 2 0 2 0 16 17 16 0 0 0 0 0 0 17 16 16 0 0 1 0 0 0 0 2 0 0 1 0 0 1 0 2 0 0 0 0 2 1 0 2 2 0 1 0 0 1 0 2 0 17 16 16 16 16 17 2 0 2 17 16 16 16 17 16 1 2 2 17 16 16 17 18 18 
0
0 1 0 0 0 0 0 1 1 
1 2 0 0 0 1 0 2 2 0 2 0 0 1 0 0 0 0 0 0 0 1 0 0 0 2 1 0 0 0 0 2 0 0 1 0 0 1 0 2 0 0 0 0 2 1 0 2 2 0 1 0 0 1 0 2 0 1 0 0 0 0 1 2 0 2 1 0 0 0 1 0 1 2 2 1 0 0 1 2 2 
1 2 0 16 16 17 0 2 2 0 2 0 16 17 16 0 0 0 0 0 0 17 16 16 0 2 1 0 0 0 0 2 0 0 1 0 0 1 0 2 0 0 0 0 2 1 0 2 2 0 1 0 0 1 0 2 0 17 16 16 16 16 17 2 0 2 17 16 16 16 17 16 1 2 2 17 16 16 17 18 18 
0
0 1 0 1 0 0 0 1 1 
1 2 0 0 0 1 0 2 2 0 2 0 0 1 0 0 0 0 0 0 0 1 0 0 0 2 1 0 0 1 0 2 0 0 1 0 0 1 0 2 0 0 0 0 2 1 0 2 2 0 1 0 0 1 0 2 0 1 0 0 0 0 1 2 0 2 1 0 0 0 1 0 1 2 2 1 0 0 1 2 2 
1 2 0 16 16 17 0 2 2 0 2 0 16 17 16 0 0 0 0 0 0 17 16 16 0 2 1 16 16 17 0 2 0 0 1 0 16 17 16 2 0 0 0 0 2 17 16 18 2 0 1 0 0 1 0 2 0 17 16 16 16 16 17 2 0 2 17 16 16 16 17 16 1 2 2 17 16 16 17 18 18 
0
0 1 0 1 0 0 0 1 1 
1 2 0 0 0 1 0 2 2 0 2 0 0 1 0 2 0 0 0 0 0 1 0 0 0 2 1 0 0 1 0 2 0 0 1 0 0 1 0 2 0 0 0 0 2 1 0 2 2 0 1 0 0 1 0 2 0 1 0 0 0 0 1 2 0 2 1 0 0 0 1 0 1 2 2 1 0 0 1 2 2 
1 2 0 16 16 17 0 2 2 0 2 0 16 17 16 2 0 0 0 0 0 17 16 16 0 2 1 16 16 17 0 2 0 0 1 0 16 17 16 2 0 0 0 0 2 17 16 18 2 0 1 0 0 1 0 2 0 17 16 16 16 16 17 2 0 2 17 16 16 16 17 16 1 2 2 17 16 16 17 18 18 
0
