0 0 0 0 0 0 0 0 0 
1 0 0 0 0 0 0 0 0 0 0 0 0 0 0 0 0 0 0 0 0 0 0 0 0 0 0 0 0 0 0 0 0 0 0 0 0 0 0 0 0 0 0 0 0 0 0 0 0 0 0 0 0 0 0 0 0 0 0 0 0 0 0 0 0 0 0 0 0 0 0 0 0 0 0 0 0 0 0 0 0 
1 0 0 0 0 0 0 0 0 0 0 0 0 0 0 0 0 0 0 0 0 0 0 0 0 0 0 0 0 0 0 0 0 0 0 0 0 0 0 0 0 0 0 0 0 0 0 0 0 0 0 0 0 0 0 0 0 0 0 0 0 0 0 0 0 0 0 0 0 0 0 0 0 0 0 0 0 0 0 0 0 
1
0 0 0 0 0 0 0 0 0 
1 0 0 0 0 0 0 0 0 0 0 0 0 0 0 0 0 0 2 0 0 0 0 0 0 0 0 0 0 0 0 0 0 0 0 0 0 0 0 0 0 0 0 0 0 0 0 0 0 0 0 0 0 0 0 0 0 0 0 0 0 0 0 0 0 0 0 0 0 0 0 0 0 0 0 0 0 0 0 0 0 
1 0 0 0 0 0 0 0 0 0 0 0 0 0 0 0 0 0 2 0 0 0 0 0 0 0 0 0 0 0 0 0 0 0 0 0 0 0 0 0 0 0 0 0 0 0 0 0 0 0 0 0 0 0 0 0 0 0 0 0 0 0 0 0 0 0 0 0 0 0 0 0 0 0 0 0 0 0 0 0 0 
1
0 0 0 0 0 0 0 0 0 
1 0 0 0 0 0 0 0 0 0 0 0 0 0 0 0 0 0 2 0 0 0 0 0 0 0 0 0 0 0 0 0 0 0 0 0 0 0 0 0 0 0 0 0 0 0 0 0 0 0 0 0 0 0 0 1 0 0 0 0 0 0 0 0 0 0 0 0 0 0 0 0 0 0 0 0 0 0 0 0 0 
1 0 0 0 0 0 0 0 0 0 0 0 0 0 0 0 0 0 2 0 0 0 0 0 0 0 0 0 0 0 0 0 0 0 0 0 0 0 0 0 0 0 0 0 0 0 0 0 0 0 0 0 0 0 0 1 0 0 0 0 0 0 0 0 0 0 0 0 0 0 0 0 0 0 0 0 0 0 0 0 0 
1
0 0 0 0 0 0 0 0 0 
1 0 0 0 0 0 0 0 0 0 0 0 0 0 0 0 0 0 2 0 0 2 0 0 0 0 0 0 0 0 0 0 0 0 0 0 0 0 0 0 0 0 0 0 0 0 0 0 0 0 0 0 0 0 0 1 0 0 0 0 0 0 0 0 0 0 0 0 0 0 0 0 0 0 0 0 0 0 0 0 0 
1 0 0 0 0 0 0 0 0 0 0 0 0 0 0 0 0 0 2 0 0 2 0 0 0 0 0 0 0 0 0 0 0 0 0 0 0 0 0 0 0 0 0 0 0 0 0 0 0 0 0 0 0 0 0 1 0 0 0 0 0 0 0 0 0 0 0 0 0 0 0 0 0 0 0 0 0 0 0 0 0 
1
0 0 0 0 0 0 0 0 0 
1 0 0 0 0 0 0 0 0 0 0 0 0 0 0 0 0 0 2 0 0 2 0 0 0 0 0 0 0 0 0 0 0 0 0 0 0 0 0 0 0 0 0 0 0 0 0 0 0 0 0 0 0 0 0 1 1 0 0 0 0 0 0 0 0 0 0 0 0 0 0 0 0 0 0 0 0 0 0 0 0 
1 0 0 0 0 0 0 0 0 0 0 0 0 0 0 0 0 0 2 0 0 2 0 0 0 0 0 0 0 0 0 0 0 0 0 0 0 0 0 0 0 0 0 0 0 0 0 0 0 0 0 0 0 0 0 1 1 0 0 0 0 0 0 0 0 0 0 0 0 0 0 0 0 0 0 0 0 0 0 0 0 
1
0 0 0 0 0 0 0 0 0 
1 0 0 0 0 0 0 0 0 0 0 0 0 0 0 0 0 0 2 0 0 2 0 0 0 0 2 0 0 0 0 0 0 0 0 0 0 0 0 0 0 0 0 0 0 0 0 0 0 0 0 0 0 0 0 1 1 0 0 0 0 0 0 0 0 0 0 0 0 0 0 0 0 0 0 0 0 0 0 0 0 
1 0 0 0 0 0 0 0 0 0 0 0 0 0 0 0 0 0 2 0 0 2 0 0 0 0 2 0 0 0 0 0 0 0 0 0 0 0 0 0 0 0 0 0 0 0 0 0 0 0 0 0 0 0 0 1 1 0 0 0 0 0 0 0 0 0 0 0 0 0 0 0 0 0 0 0 0 0 0 0 0 
1
0 0 0 0 0 0 0 0 0 
1 0 0 0 0 0 0 0 0 0 0 0 0 0 0 0 0 0 2 0 0 2 0 0 0 0 2 0 0 0 0 0 0 0 0 0 0 0 0 0 0 0 0 0 0 0 0 0 0 0 0 0 0 0 0 1 1 0 0 0 0 0 0 0 0 0 0 0 0 1 0 0 0 0 0 0 0 0 0 0 0 
1 0 0 0 0 0 0 0 0 0 0 0 0 0 0 0 0 0 2 0 0 2 0 0 0 0 2 0 0 0 0 0 0 0 0 0 0 0 0 0 0 0 0 0 0 0 0 0 0 0 0 0 0 0 0 1 1 0 0 0 0 0 0 0 0 0 0 0 0 1 0 0 0 0 0 0 0 0 0 0 0 
1
0 0 0 0 0 0 0 0 0 
1 0 0 0 0 0 0 0 0 0 0 0 0 0 0 0 0 0 2 0 0 2 0 0 0 0 2 0 0 0 0 0 0 0 0 0 2 0 0 0 0 0 0 0 0 0 0 0 0 0 0 0 0 0 0 1 1 0 0 0 0 0 0 0 0 0 0 0 0 1 0 0 0 0 0 0 0 0 0 0 0 
1 0 0 0 0 0 0 0 0 0 0 0 0 0 0 0 0 0 2 0 0 2 0 0 0 0 2 0 0 0 0 0 0 0 0 0 2 0 0 0 0 0 0 0 0 0 0 0 0 0 0 0 0 0 0 1 1 0 0 0 0 0 0 0 0 0 0 0 0 1 0 0 0 0 0 0 0 0 0 0 0 
1
0 0 0 0 0 0 0 0 0 
1 0 0 0 0 0 0 0 0 0 0 0 0 0 0 0 0 0 2 0 0 2 0 0 0 0 2 0 0 0 0 0 0 0 0 0 2 1 0 0 0 0 0 0 0 0 0 0 0 0 0 0 0 0 0 1 1 0 0 0 0 0 0 0 0 0 0 0 0 1 0 0 0 0 0 0 0 0 0 0 0 
1 0 0 0 0 0 0 0 0 0 0 0 0 0 0 0 0 0 2 0 0 2 0 0 0 0 2 0 0 0 0 0 0 0 0 0 2 1 0 0 0 0 0 0 0 0 0 0 0 0 0 0 0 0 0 1 1 0 0 0 0 0 0 0 0 0 0 0 0 1 0 0 0 0 0 0 0 0 0 0 0 
1
0 0 0 0 0 0 0 0 0 
1 0 0 0 0 0 0 0 0 0 0 0 0 0 0 0 0 0 2 0 0 2 0 0 0 0 2 0 0 0 0 0 0 0 0 0 2 1 0 0 2 0 0 0 0 0 0 0 0 0 0 0 0 0 0 1 1 0 0 0 0 0 0 0 0 0 0 0 0 1 0 0 0 0 0 0 0 0 0 0 0 
1 0 0 0 0 0 0 0 0 0 0 0 0 0 0 0 0 0 2 0 0 2 0 0 0 0 2 0 0 0 0 0 0 0 0 0 2 1 0 0 2 0 0 0 0 0 0 0 0 0 0 0 0 0 0 1 1 0 0 0 0 0 0 0 0 0 0 0 0 1 0 0 0 0 0 0 0 0 0 0 0 
1
0 0 0 0 0 0 0 0 0 
1 0 0 0 0 0 0 0 0 0 0 0 0 0 0 0 0 0 2 0 0 2 0 0 0 0 2 0 0 0 0 0 0 0 0 0 2 1 0 1 2 0 0 0 0 0 0 0 0 0 0 0 0 0 0 1 1 0 0 0 0 0 0 0 0 0 0 0 0 1 0 0 0 0 0 0 0 0 0 0 0 
1 0 0 0 0 0 0 0 0 0 0 0 0 0 0 0 0 0 2 0 0 2 0 0 0 0 2 0 0 0 0 0 0 0 0 0 2 1 0 1 2 0 0 0 0 0 0 0 0 0 0 0 0 0 0 1 1 0 0 0 0 0 0 0 0 0 0 0 0 1 0 0 0 0 0 0 0 0 0 0 0 
1
0 0 0 0 0 0 0 0 0 
1 0 0 0 0 0 0 0 0 0 0 0 0 0 0 0 0 0 2 0 0 2 0 0 0 0 2 0 2 0 0 0 0 0 0 0 2 1 0 1 2 0 0 0 0 0 0 0 0 0 0 0 0 0 0 1 1 0 0 0 0 0 0 0 0 0 0 0 0 1 0 0 0 0 0 0 0 0 0 0 0 
1 0 0 0 0 0 0 0 0 0 0 0 0 0 0 0 0 0 2 0 0 2 0 0 0 0 2 0 2 0 0 0 0 0 0 0 2 1 0 1 2 0 0 0 0 0 0 0 0 0 0 0 0 0 0 1 1 0 0 0 0 0 0 0 0 0 0 0 0 1 0 0 0 0 0 0 0 0 0 0 0 
1
0 0 0 0 0 0 0 0 0 
1 0 0 0 0 0 0 0 0 0 0 0 0 0 1 0 0 0 2 0 0 2 0 0 0 0 2 0 2 0 0 0 0 0 0 0 2 1 0 1 2 0 0 0 0 0 0 0 0 0 0 0 0 0 0 1 1 0 0 0 0 0 0 0 0 0 0 0 0 1 0 0 0 0 0 0 0 0 0 0 0 
1 0 0 0 0 0 0 0 0 0 0 0 0 0 1 0 0 0 2 0 0 2 0 0 0 0 2 0 2 0 0 0 0 0 0 0 2 1 0 1 2 0 0 0 0 0 0 0 0 0 0 0 0 0 0 1 1 0 0 0 0 0 0 0 0 0 0 0 0 1 0 0 0 0 0 0 0 0 0 0 0 
1
0 0 0 0 0 0 0 0 0 
1 0 0 0 0 0 0 0 0 0 0 0 0 0 1 0 0 0 2 0 0 2 0 0 0 0 2 0 2 0 0 0 0 0 0 0 2 1 0 1 2 0 0 0 2 0 0 0 0 0 0 0 0 0 0 1 1 0 0 0 0 0 0 0 0 0 0 0 0 1 0 0 0 0 0 0 0 0 0 0 0 
1 0 0 0 0 0 0 0 0 0 0 0 0 0 1 0 0 0 2 0 0 2 0 0 0 0 2 0 2 0 0 0 0 0 0 0 2 1 0 1 2 0 0 0 2 0 0 0 0 0 0 0 0 0 0 1 1 0 0 0 0 0 0 0 0 0 0 0 0 1 0 0 0 0 0 0 0 0 0 0 0 
1
0 0 0 0 0 0 0 0 0 
1 0 0 0 0 0 0 0 0 0 0 0 0 0 1 0 0 0 2 0 0 2 0 0 0 0 2 0 2 0 0 0 0 0 0 1 2 1 0 1 2 0 0 0 2 0 0 0 0 0 0 0 0 0 0 1 1 0 0 0 0 0 0 0 0 0 0 0 0 1 0 0 0 0 0 0 0 0 0 0 0 
1 0 0 0 0 0 0 0 0 0 0 0 0 0 1 0 0 0 2 0 0 2 0 0 0 0 2 0 2 0 0 0 0 0 0 1 2 1 0 1 2 0 0 0 2 0 0 0 0 0 0 0 0 0 0 1 1 0 0 0 0 0 0 0 0 0 0 0 0 1 0 0 0 0 0 0 0 0 0 0 0 
1
0 0 0 0 0 0 0 0 0 
1 0 0 0 0 0 0 0 0 0 0 0 0 0 1 0 0 2 2 0 0 2 0 0 0 0 2 0 2 0 0 0 0 0 0 1 2 1 0 1 2 0 0 0 2 0 0 0 0 0 0 0 0 0 0 1 1 0 0 0 0 0 0 0 0 0 0 0 0 1 0 0 0 0 0 0 0 0 0 0 0 
1 0 0 0 0 0 0 0 0 0 0 0 0 0 1 0 0 2 2 0 0 2 0 0 0 0 2 0 2 0 0 0 0 0 0 1 2 1 0 1 2 0 0 0 2 0 0 0 0 0 0 0 0 0 0 1 1 0 0 0 0 0 0 0 0 0 0 0 0 1 0 0 0 0 0 0 0 0 0 0 0 
1
0 0 0 0 0 0 0 0 0 
1 0 0 0 0 0 0 0 0 0 0 0 0 0 1 0 0 2 2 0 0 2 0 0 0 0 2 0 2 0 0 0 0 0 0 1 2 1 0 1 2 0 0 0 2 0 0 0 0 0 0 1 0 0 0 1 1 0 0 0 0 0 0 0 0 0 0 0 0 1 0 0 0 0 0 0 0 0 0 0 0 
1 0 0 0 0 0 0 0 0 0 0 0 0 0 1 0 0 2 2 0 0 2 0 0 0 0 2 0 2 0 0 0 0 0 0 1 2 1 0 1 2 0 0 0 2 0 0 0 0 0 0 1 0 0 0 1 1 0 0 0 0 0 0 0 0 0 0 0 0 1 0 0 0 0 0 0 0 0 0 0 0 
1
0 0 0 0 0 0 0 0 0 
1 0 0 0 0 0 0 0 0 0 0 0 0 0 1 0 0 2 2 0 0 2 0 0 0 0 2 0 2 0 0 0 0 0 0 1 2 1 0 1 2 0 0 0 2 0 0 0 0 0 0 1 0 0 2 1 1 0 0 0 0 0 0 0 0 0 0 0 0 1 0 0 0 0 0 0 0 0 0 0 0 
1 0 0 0 0 0 0 0 0 0 0 0 0 0 1 0 0 2 2 0 0 2 0 0 0 0 2 0 2 0 0 0 0 0 0 1 2 1 0 1 2 0 0 0 2 0 0 0 0 0 0 1 0 0 2 1 1 0 0 0 0 0 0 0 0 0 0 0 0 1 0 0 0 0 0 0 0 0 0 0 0 
1
0 0 0 0 0 0 0 0 0 
1 0 0 0 0 0 0 0 0 0 0 0 0 0 1 0 0 2 2 0 1 2 0 0 0 0 2 0 2 0 0 0 0 0 0 1 2 1 0 1 2 0 0 0 2 0 0 0 0 0 0 1 0 0 2 1 1 0 0 0 0 0 0 0 0 0 0 0 0 1 0 0 0 0 0 0 0 0 0 0 0 
1 0 0 0 0 0 0 0 0 0 0 0 0 0 1 0 0 2 2 0 1 2 0 0 0 0 2 0 2 0 0 0 0 0 0 1 2 1 0 1 2 0 0 0 2 0 0 0 0 0 0 1 0 0 2 1 1 0 0 0 0 0 0 0 0 0 0 0 0 1 0 0 0 0 0 0 0 0 0 0 0 
1
0 0 0 0 0 0 0 0 0 
1 0 0 0 0 0 0 0 0 0 0 0 0 0 1 0 0 2 2 0 1 2 0 0 0 0 2 0 2 0 0 0 0 0 0 1 2 1 0 1 2 0 0 0 2 0 0 0 0 0 0 1 0 0 2 1 1 0 0 0 0 0 0 0 0 0 0 0 0 1 0 0 0 0 0 0 0 0 0 0 2 
1 0 0 0 0 0 0 0 0 0 0 0 0 0 1 0 0 2 2 0 1 2 0 0 0 0 2 0 2 0 0 0 0 0 0 1 2 1 0 1 2 0 0 0 2 0 0 0 0 0 0 1 0 0 2 1 1 0 0 0 0 0 0 0 0 0 0 0 0 1 0 0 0 0 0 0 0 0 0 0 2 
1
0 0 0 0 0 0 0 0 0 
1 0 0 0 0 0 0 0 0 0 0 0 0 0 1 0 0 2 2 0 1 2 0 0 0 0 2 0 2 0 0 0 0 0 0 1 2 1 0 1 2 0 0 0 2 0 0 0 0 0 0 1 0 0 2 1 1 0 0 0 0 0 0 0 0 0 0 0 0 1 0 0 0 0 0 0 0 0 1 0 2 
1 0 0 0 0 0 0 0 0 0 0 0 0 0 1 0 0 2 2 0 1 2 0 0 0 0 2 0 2 0 0 0 0 0 0 1 2 1 0 1 2 0 0 0 2 0 0 0 0 0 0 1 0 0 2 1 1 0 0 0 0 0 0 0 0 0 0 0 0 1 0 0 0 0 0 0 0 0 1 0 2 
1
0 0 0 0 0 0 0 0 0 
1 0 0 0 0 0 0 0 0 0 0 0 0 0 1 0 0 2 2 0 1 2 0 0 0 0 2 0 2 0 0 0 0 0 0 1 2 1 0 1 2 0 0 0 2 0 0 0 0 0 0 1 0 0 2 1 1 0 0 0 0 0 0 2 0 0 0 0 0 1 0 0 0 0 0 0 0 0 1 0 2 
1 0 0 0 0 0 0 0 0 0 0 0 0 0 1 0 0 2 2 0 1 2 0 0 0 0 2 0 2 0 0 0 0 0 0 1 2 1 0 1 2 0 0 0 2 0 0 0 0 0 0 1 0 0 2 1 1 0 0 0 0 0 0 2 0 0 0 0 0 1 0 0 0 0 0 0 0 0 1 0 2 
1
0 0 0 0 0 0 0 0 0 
1 0 0 0 0 0 0 0 0 0 0 0 0 0 1 0 0 2 2 0 1 2 0 0 0 0 2 1 2 0 0 0 0 0 0 1 2 1 0 1 2 0 0 0 2 0 0 0 0 0 0 1 0 0 2 1 1 0 0 0 0 0 0 2 0 0 0 0 0 1 0 0 0 0 0 0 0 0 1 0 2 
1 0 0 0 0 0 0 0 0 0 0 0 0 0 1 0 0 2 2 0 1 2 0 0 0 0 2 1 2 0 0 0 0 0 0 1 2 1 0 1 2 0 0 0 2 0 0 0 0 0 0 1 0 0 2 1 1 0 0 0 0 0 0 2 0 0 0 0 0 1 0 0 0 0 0 0 0 0 1 0 2 
1
0 0 0 0 0 0 0 0 0 
1 0 0 0 0 0 0 0 0 0 0 2 0 0 1 0 0 2 2 0 1 2 0 0 0 0 2 1 2 0 0 0 0 0 0 1 2 1 0 1 2 0 0 0 2 0 0 0 0 0 0 1 0 0 2 1 1 0 0 0 0 0 0 2 0 0 0 0 0 1 0 0 0 0 0 0 0 0 1 0 2 
1 0 0 0 0 0 0 0 0 0 0 2 0 0 1 0 0 2 2 0 1 2 0 0 0 0 2 1 2 0 0 0 0 0 0 1 2 1 0 1 2 0 0 0 2 0 0 0 0 0 0 1 0 0 2 1 1 0 0 0 0 0 0 2 0 0 0 0 0 1 0 0 0 0 0 0 0 0 1 0 2 
1
0 0 0 0 0 1 0 0 0 
1 0 0 0 0 0 0 0 0 0 0 2 0 0 1 0 0 2 2 0 1 2 0 0 0 0 2 1 2 0 0 0 0 0 0 1 2 1 0 1 2 0 0 1 2 0 0 0 0 0 0 1 0 0 2 1 1 0 0 0 0 0 0 2 0 0 0 0 0 1 0 0 0 0 0 0 0 0 1 0 2 
1 0 0 0 0 0 0 0 0 0 0 2 0 0 1 0 0 2 2 0 1 2 0 0 0 0 2 1 2 0 0 0 0 16 16 17 2 1 0 1 2 0 16 17 18 0 0 0 0 0 0 17 16 16 2 1 1 0 0 0 0 0 0 2 0 0 0 0 0 1 0 0 0 0 0 0 0 0 1 0 2 
1
0 0 0 0 0 1 0 0 0 
1 0 0 0 0 0 0 0 0 0 0 2 0 0 1 0 0 2 2 0 1 2 0 0 0 0 2 1 2 0 2 0 0 0 0 1 2 1 0 1 2 0 0 1 2 0 0 0 0 0 0 1 0 0 2 1 1 0 0 0 0 0 0 2 0 0 0 0 0 1 0 0 0 0 0 0 0 0 1 0 2 
1 0 0 0 0 0 0 0 0 0 0 2 0 0 1 0 0 2 2 0 1 2 0 0 0 0 2 1 2 0 2 0 0 16 16 17 2 1 0 1 2 0 16 17 18 0 0 0 0 0 0 17 16 16 2 1 1 0 0 0 0 0 0 2 0 0 0 0 0 1 0 0 0 0 0 0 0 0 1 0 2 
1
1 0 0 0 0 1 0 0 0 
1 0 0 0 0 0 0 0 0 0 1 2 0 0 1 0 0 2 2 0 1 2 0 0 0 0 2 1 2 0 2 0 0 0 0 1 2 1 0 1 2 0 0 1 2 0 0 0 0 0 0 1 0 0 2 1 1 0 0 0 0 0 0 2 0 0 0 0 0 1 0 0 0 0 0 0 0 0 1 0 2 
17 16 16 0 0 0 0 0 0 16 17 18 0 0 1 0 0 2 18 16 17 2 0 0 0 0 2 1 2 0 2 0 0 16 16 17 2 1 0 1 2 0 16 17 18 0 0 0 0 0 0 17 16 16 2 1 1 0 0 0 0 0 0 2 0 0 0 0 0 1 0 0 0 0 0 0 0 0 1 0 2 
1
1 0 0 0 2 1 0 0 0 
1 0 0 0 0 0 0 0 0 0 1 2 0 0 1 0 0 2 2 0 1 2 0 0 0 0 2 1 2 0 2 0 0 0 0 1 2 1 0 1 2 0 0 1 2 0 0 0 0 0 2 1 0 0 2 1 1 0 0 0 0 0 0 2 0 0 0 0 0 1 0 0 0 0 0 0 0 0 1 0 2 
17 16 16 0 0 0 0 0 0 16 17 18 0 0 1 0 0 2 18 16 17 2 0 0 0 0 2 1 2 0 34 32 32 16 16 17 2 1 0 33 34 32 16 17 18 0 0 0 32 32 34 17 16 16 2 1 1 0 0 0 0 0 0 2 0 0 0 0 0 1 0 0 0 0 0 0 0 0 1 0 2 
1
1 0 0 0 2 1 0 0 0 
1 0 0 0 0 0 0 0 0 0 1 2 0 0 1 0 0 2 2 0 1 2 0 0 0 0 2 1 2 0 2 0 0 0 0 1 2 1 0 1 2 0 0 1 2 0 0 0 0 0 2 1 0 0 2 1 1 0 0 0 0 0 0 2 0 0 0 0 0 1 0 0 0 0 0 0 0 0 1 1 2 
17 16 16 0 0 0 0 0 0 16 17 18 0 0 1 0 0 2 18 16 17 2 0 0 0 0 2 1 2 0 34 32 32 16 16 17 2 1 0 33 34 32 16 17 18 0 0 0 32 32 34 17 16 16 2 1 1 0 0 0 0 0 0 2 0 0 0 0 0 1 0 0 0 0 0 0 0 0 1 1 2 
1
1 0 0 0 2 1 0 0 0 
1 0 0 0 0 0 0 0 0 0 1 2 0 0 1 0 0 2 2 0 1 2 0 0 0 0 2 1 2 0 2 0 0 0 0 1 2 1 0 1 2 0 0 1 2 0 0 0 0 0 2 1 0 0 2 1 1 0 0 0 0 0 0 2 0 0 2 0 0 1 0 0 0 0 0 0 0 0 1 1 2 
17 16 16 0 0 0 0 0 0 16 17 18 0 0 1 0 0 2 18 16 17 2 0 0 0 0 2 1 2 0 34 32 32 16 16 17 2 1 0 33 34 32 16 17 18 0 0 0 32 32 34 17 16 16 2 1 1 0 0 0 0 0 0 2 0 0 2 0 0 1 0 0 0 0 0 0 0 0 1 1 2 
1
1 0 0 1 2 1 0 0 0 
1 0 0 0 0 0 0 0 0 0 1 2 0 0 1 0 0 2 2 0 1 2 0 0 0 0 2 1 2 0 2 0 0 0 0 1 2 1 0 1 2 0 0 1 2 0 0 1 0 0 2 1 0 0 2 1 1 0 0 0 0 0 0 2 0 0 2 0 0 1 0 0 0 0 0 0 0 0 1 1 2 
17 16 16 0 0 0 0 0 0 16 17 18 0 0 1 0 0 2 18 16 17 2 0 0 0 0 2 17 18 16 34 32 32 16 16 17 18 17 16 33 34 32 16 17 18 16 16 17 32 32 34 17 16 16 2 1 1 0 0 0 0 0 0 2 0 0 2 0 0 1 0 0 0 0 0 0 0 0 1 1 2 
1
1 0 0 1 2 1 0 0 0 
1 0 0 0 0 0 0 0 0 0 1 2 0 0 1 0 0 2 2 0 1 2 0 0 0 0 2 1 2 0 2 0 0 0 0 1 2 1 0 1 2 0 0 1 2 0 0 1 0 0 2 1 0 0 2 1 1 0 0 0 0 0 2 2 0 0 2 0 0 1 0 0 0 0 0 0 0 0 1 1 2 
17 16 16 0 0 0 0 0 0 16 17 18 0 0 1 0 0 2 18 16 17 2 0 0 0 0 2 17 18 16 34 32 32 16 16 17 18 17 16 33 34 32 16 17 18 16 16 17 32 32 34 17 16 16 2 1 1 0 0 0 0 0 2 2 0 0 2 0 0 1 0 0 0 0 0 0 0 0 1 1 2 
1
1 0 0 1 2 1 0 0 0 
1 0 0 0 0 0 0 0 1 0 1 2 0 0 1 0 0 2 2 0 1 2 0 0 0 0 2 1 2 0 2 0 0 0 0 1 2 1 0 1 2 0 0 1 2 0 0 1 0 0 2 1 0 0 2 1 1 0 0 0 0 0 2 2 0 0 2 0 0 1 0 0 0 0 0 0 0 0 1 1 2 
17 16 16 0 0 0 0 0 1 16 17 18 0 0 1 0 0 2 18 16 17 2 0 0 0 0 2 17 18 16 34 32 32 16 16 17 18 17 16 33 34 32 16 17 18 16 16 17 32 32 34 17 16 16 2 1 1 0 0 0 0 0 2 2 0 0 2 0 0 1 0 0 0 0 0 0 0 0 1 1 2 
1
1 0 0 1 2 1 0 0 0 
1 0 0 0 0 0 0 2 1 0 1 2 0 0 1 0 0 2 2 0 1 2 0 0 0 0 2 1 2 0 2 0 0 0 0 1 2 1 0 1 2 0 0 1 2 0 0 1 0 0 2 1 0 0 2 1 1 0 0 0 0 0 2 2 0 0 2 0 0 1 0 0 0 0 0 0 0 0 1 1 2 
17 16 16 0 0 0 0 2 1 16 17 18 0 0 1 0 0 2 18 16 17 2 0 0 0 0 2 17 18 16 34 32 32 16 16 17 18 17 16 33 34 32 16 17 18 16 16 17 32 32 34 17 16 16 2 1 1 0 0 0 0 0 2 2 0 0 2 0 0 1 0 0 0 0 0 0 0 0 1 1 2 
1
1 0 0 1 2 1 0 0 0 
1 0 0 0 0 1 0 2 1 0 1 2 0 0 1 0 0 2 2 0 1 2 0 0 0 0 2 1 2 0 2 0 0 0 0 1 2 1 0 1 2 0 0 1 2 0 0 1 0 0 2 1 0 0 2 1 1 0 0 0 0 0 2 2 0 0 2 0 0 1 0 0 0 0 0 0 0 0 1 1 2 
17 16 16 0 0 1 0 2 1 16 17 18 0 0 1 0 0 2 18 16 17 2 0 0 0 0 2 17 18 16 34 32 32 16 16 17 18 17 16 33 34 32 16 17 18 16 16 17 32 32 34 17 16 16 2 1 1 0 0 0 0 0 2 2 0 0 2 0 0 1 0 0 0 0 0 0 0 0 1 1 2 
1
1 0 0 1 2 1 0 0 0 
1 0 0 0 0 1 0 2 1 0 1 2 0 0 1 0 0 2 2 0 1 2 0 0 2 0 2 1 2 0 2 0 0 0 0 1 2 1 0 1 2 0 0 1 2 0 0 1 0 0 2 1 0 0 2 1 1 0 0 0 0 0 2 2 0 0 2 0 0 1 0 0 0 0 0 0 0 0 1 1 2 
17 16 16 0 0 1 0 2 1 16 17 18 0 0 1 0 0 2 18 16 17 2 0 0 2 0 2 17 18 16 34 32 32 16 16 17 18 17 16 33 34 32 16 17 18 16 16 17 32 32 34 17 16 16 2 1 1 0 0 0 0 0 2 2 0 0 2 0 0 1 0 0 0 0 0 0 0 0 1 1 2 
1
1 0 0 1 2 1 0 0 0 
1 0 0 0 0 1 0 2 1 0 1 2 0 0 1 0 0 2 2 0 1 2 0 0 2 0 2 1 2 0 2 0 0 0 0 1 2 1 0 1 2 0 0 1 2 0 0 1 0 0 2 1 0 0 2 1 1 0 0 0 0 0 2 2 0 0 2 0 0 1 0 0 0 0 1 0 0 0 1 1 2 
17 16 16 0 0 1 0 2 1 16 17 18 0 0 1 0 0 2 18 16 17 2 0 0 2 0 2 17 18 16 34 32 32 16 16 17 18 17 16 33 34 32 16 17 18 16 16 17 32 32 34 17 16 16 2 1 1 0 0 0 0 0 2 2 0 0 2 0 0 1 0 0 0 0 1 0 0 0 1 1 2 
1
1 0 0 1 2 1 0 0 0 
1 0 0 0 0 1 0 2 1 0 1 2 0 0 1 0 0 2 2 0 1 2 0 0 2 0 2 1 2 0 2 0 0 0 0 1 2 1 0 1 2 0 0 1 2 0 0 1 0 0 2 1 0 0 2 1 1 0 0 0 0 2 2 2 0 0 2 0 0 1 0 0 0 0 1 0 0 0 1 1 2 
17 16 16 0 0 1 0 2 1 16 17 18 0 0 1 0 0 2 18 16 17 2 0 0 2 0 2 17 18 16 34 32 32 16 16 17 18 17 16 33 34 32 16 17 18 16 16 17 32 32 34 17 16 16 2 1 1 0 0 0 0 2 2 2 0 0 2 0 0 1 0 0 0 0 1 0 0 0 1 1 2 
1
1 1 0 1 2 1 0 0 0 
1 0 0 0 0 1 0 2 1 0 1 2 0 0 1 0 0 2 2 0 1 2 0 1 2 0 2 1 2 0 2 0 0 0 0 1 2 1 0 1 2 0 0 1 2 0 0 1 0 0 2 1 0 0 2 1 1 0 0 0 0 2 2 2 0 0 2 0 0 1 0 0 0 0 1 0 0 0 1 1 2 
17 16 16 16 16 17 0 2 1 16 17 18 16 16 17 0 0 2 18 16 17 18 16 17 2 0 2 17 18 16 34 32 32 16 16 17 18 17 16 33 34 32 16 17 18 16 16 17 32 32 34 17 16 16 2 1 1 0 0 0 0 2 2 2 0 0 2 0 0 1 0 0 0 0 1 0 0 0 1 1 2 
1
1 1 0 1 2 1 0 0 0 
1 0 0 0 0 1 0 2 1 0 1 2 0 0 1 0 0 2 2 0 1 2 0 1 2 0 2 1 2 0 2 0 0 0 0 1 2 1 0 1 2 0 0 1 2 0 0 1 0 0 2 1 0 0 2 1 1 0 0 0 0 2 2 2 0 0 2 0 0 1 2 0 0 0 1 0 0 0 1 1 2 
17 16 16 16 16 17 0 2 1 16 17 18 16 16 17 0 0 2 18 16 17 18 16 17 2 0 2 17 18 16 34 32 32 16 16 17 18 17 16 33 34 32 16 17 18 16 16 17 32 32 34 17 16 16 2 1 1 0 0 0 0 2 2 2 0 0 2 0 0 1 2 0 0 0 1 0 0 0 1 1 2 
1
1 1 0 1 2 1 1 0 0 
1 0 0 0 0 1 0 2 1 0 1 2 0 0 1 0 0 2 2 0 1 2 0 1 2 0 2 1 2 0 2 0 0 0 0 1 2 1 0 1 2 0 0 1 2 0 0 1 0 0 2 1 0 0 2 1 1 0 0 0 0 2 2 2 0 1 2 0 0 1 2 0 0 0 1 0 0 0 1 1 2 
17 16 16 16 16 17 0 2 1 16 17 18 16 16 17 0 0 2 18 16 17 18 16 17 2 0 2 17 18 16 34 32 32 16 16 17 18 17 16 33 34 32 16 17 18 16 16 17 32 32 34 17 16 16 18 17 17 0 0 0 0 2 2 18 16 17 2 0 0 1 2 0 16 16 17 0 0 0 1 1 2 
1
1 1 0 1 2 1 1 0 0 
1 0 0 0 0 1 0 2 1 0 1 2 0 0 1 0 0 2 2 0 1 2 0 1 2 0 2 1 2 0 2 0 0 0 0 1 2 1 0 1 2 0 0 1 2 0 0 1 0 0 2 1 0 0 2 1 1 0 0 0 0 2 2 2 0 1 2 0 0 1 2 0 0 0 1 0 0 0 1 1 2 
17 16 16 16 16 17 0 2 1 16 17 18 16 16 17 0 0 2 18 16 17 18 16 17 2 0 2 17 18 16 34 32 32 16 16 17 18 17 16 33 34 32 16 17 18 16 16 17 32 32 34 17 16 16 18 17 17 0 0 0 0 2 2 18 16 17 2 0 0 1 2 0 16 16 17 0 0 0 1 1 2 
1
