0 0 0 0 0 0 0 0 0 
0 0 0 0 0 0 0 0 0 0 0 0 0 0 0 0 0 0 0 0 0 0 0 0 0 0 0 0 0 0 0 0 0 0 0 0 0 0 0 0 0 0 0 0 1 0 0 0 0 0 0 0 0 0 0 0 0 0 0 0 0 0 0 0 0 0 0 0 0 0 0 0 0 0 0 0 0 0 0 0 0 
0 0 0 0 0 0 0 0 0 0 0 0 0 0 0 0 0 0 0 0 0 0 0 0 0 0 0 0 0 0 0 0 0 0 0 0 0 0 0 0 0 0 0 0 1 0 0 0 0 0 0 0 0 0 0 0 0 0 0 0 0 0 0 0 0 0 0 0 0 0 0 0 0 0 0 0 0 0 0 0 0 
0
0 0 0 0 0 0 0 0 0 
0 0 0 0 0 0 0 0 0 0 0 0 0 0 0 0 0 0 0 0 0 0 0 0 0 0 0 0 0 0 0 0 0 0 2 0 0 0 0 0 0 0 0 0 1 0 0 0 0 0 0 0 0 0 0 0 0 0 0 0 0 0 0 0 0 0 0 0 0 0 0 0 0 0 0 0 0 0 0 0 0 
0 0 0 0 0 0 0 0 0 0 0 0 0 0 0 0 0 0 0 0 0 0 0 0 0 0 0 0 0 0 0 0 0 0 2 0 0 0 0 0 0 0 0 0 1 0 0 0 0 0 0 0 0 0 0 0 0 0 0 0 0 0 0 0 0 0 0 0 0 0 0 0 0 0 0 0 0 0 0 0 0 
0
0 0 0 0 0 0 0 0 0 
0 0 0 1 0 0 0 0 0 0 0 0 0 0 0 0 0 0 0 0 0 0 0 0 0 0 0 0 0 0 0 0 0 0 2 0 0 0 0 0 0 0 0 0 1 0 0 0 0 0 0 0 0 0 0 0 0 0 0 0 0 0 0 0 0 0 0 0 0 0 0 0 0 0 0 0 0 0 0 0 0 
0 0 0 1 0 0 0 0 0 0 0 0 0 0 0 0 0 0 0 0 0 0 0 0 0 0 0 0 0 0 0 0 0 0 2 0 0 0 0 0 0 0 0 0 1 0 0 0 0 0 0 0 0 0 0 0 0 0 0 0 0 0 0 0 0 0 0 0 0 0 0 0 0 0 0 0 0 0 0 0 0 
0
0 0 0 0 0 0 0 0 0 
0 0 0 1 0 0 0 0 0 0 0 0 0 0 0 0 0 0 2 0 0 0 0 0 0 0 0 0 0 0 0 0 0 0 2 0 0 0 0 0 0 0 0 0 1 0 0 0 0 0 0 0 0 0 0 0 0 0 0 0 0 0 0 0 0 0 0 0 0 0 0 0 0 0 0 0 0 0 0 0 0 
0 0 0 1 0 0 0 0 0 0 0 0 0 0 0 0 0 0 2 0 0 0 0 0 0 0 0 0 0 0 0 0 0 0 2 0 0 0 0 0 0 0 0 0 1 0 0 0 0 0 0 0 0 0 0 0 0 0 0 0 0 0 0 0 0 0 0 0 0 0 0 0 0 0 0 0 0 0 0 0 0 
0
0 0 0 0 0 0 0 0 0 
0 0 0 1 0 0 0 0 0 0 0 0 0 0 0 0 0 0 2 0 0 0 0 0 0 0 0 0 0 0 0 0 0 0 2 0 0 0 0 0 0 0 0 0 1 0 0 0 0 0 0 0 0 0 0 1 0 0 0 0 0 0 0 0 0 0 0 0 0 0 0 0 0 0 0 0 0 0 0 0 0 
0 0 0 1 0 0 0 0 0 0 0 0 0 0 0 0 0 0 2 0 0 0 0 0 0 0 0 0 0 0 0 0 0 0 2 0 0 0 0 0 0 0 0 0 1 0 0 0 0 0 0 0 0 0 0 1 0 0 0 0 0 0 0 0 0 0 0 0 0 0 0 0 0 0 0 0 0 0 0 0 0 
0
0 0 0 0 0 0 0 0 0 
0 0 0 1 0 0 0 0 0 0 0 0 0 0 0 0 0 0 2 0 0 0 0 2 0 0 0 0 0 0 0 0 0 0 2 0 0 0 0 0 0 0 0 0 1 0 0 0 0 0 0 0 0 0 0 1 0 0 0 0 0 0 0 0 0 0 0 0 0 0 0 0 0 0 0 0 0 0 0 0 0 
0 0 0 1 0 0 0 0 0 0 0 0 0 0 0 0 0 0 2 0 0 0 0 2 0 0 0 0 0 0 0 0 0 0 2 0 0 0 0 0 0 0 0 0 1 0 0 0 0 0 0 0 0 0 0 1 0 0 0 0 0 0 0 0 0 0 0 0 0 0 0 0 0 0 0 0 0 0 0 0 0 
0
0 0 0 0 0 0 0 0 0 
0 0 0 1 0 0 0 0 0 0 0 0 0 0 0 0 0 0 2 0 0 0 0 2 0 0 0 0 0 0 0 0 0 0 2 0 0 0 0 0 0 0 0 0 1 0 0 0 0 0 0 0 0 0 0 1 0 0 0 0 0 0 1 0 0 0 0 0 0 0 0 0 0 0 0 0 0 0 0 0 0 
0 0 0 1 0 0 0 0 0 0 0 0 0 0 0 0 0 0 2 0 0 0 0 2 0 0 0 0 0 0 0 0 0 0 2 0 0 0 0 0 0 0 0 0 1 0 0 0 0 0 0 0 0 0 0 1 0 0 0 0 0 0 1 0 0 0 0 0 0 0 0 0 0 0 0 0 0 0 0 0 0 
0
0 0 0 0 0 0 0 0 0 
0 0 0 1 0 0 0 0 0 0 0 0 0 0 0 2 0 0 2 0 0 0 0 2 0 0 0 0 0 0 0 0 0 0 2 0 0 0 0 0 0 0 0 0 1 0 0 0 0 0 0 0 0 0 0 1 0 0 0 0 0 0 1 0 0 0 0 0 0 0 0 0 0 0 0 0 0 0 0 0 0 
0 0 0 1 0 0 0 0 0 0 0 0 0 0 0 2 0 0 2 0 0 0 0 2 0 0 0 0 0 0 0 0 0 0 2 0 0 0 0 0 0 0 0 0 1 0 0 0 0 0 0 0 0 0 0 1 0 0 0 0 0 0 1 0 0 0 0 0 0 0 0 0 0 0 0 0 0 0 0 0 0 
0
0 0 0 0 0 0 0 0 0 
0 0 0 1 0 0 0 0 0 0 0 0 0 0 0 2 0 0 2 0 0 0 0 2 0 0 0 0 0 0 0 0 0 0 2 0 1 0 0 0 0 0 0 0 1 0 0 0 0 0 0 0 0 0 0 1 0 0 0 0 0 0 1 0 0 0 0 0 0 0 0 0 0 0 0 0 0 0 0 0 0 
0 0 0 1 0 0 0 0 0 0 0 0 0 0 0 2 0 0 2 0 0 0 0 2 0 0 0 0 0 0 0 0 0 0 2 0 1 0 0 0 0 0 0 0 1 0 0 0 0 0 0 0 0 0 0 1 0 0 0 0 0 0 1 0 0 0 0 0 0 0 0 0 0 0 0 0 0 0 0 0 0 
0
0 0 0 0 0 0 0 0 0 
0 0 0 1 0 0 0 0 0 0 0 0 0 0 0 2 0 0 2 0 0 0 0 2 0 0 0 0 0 0 0 0 0 0 2 0 1 0 0 0 0 0 0 0 1 2 0 0 0 0 0 0 0 0 0 1 0 0 0 0 0 0 1 0 0 0 0 0 0 0 0 0 0 0 0 0 0 0 0 0 0 
0 0 0 1 0 0 0 0 0 0 0 0 0 0 0 2 0 0 2 0 0 0 0 2 0 0 0 0 0 0 0 0 0 0 2 0 1 0 0 0 0 0 0 0 1 2 0 0 0 0 0 0 0 0 0 1 0 0 0 0 0 0 1 0 0 0 0 0 0 0 0 0 0 0 0 0 0 0 0 0 0 
0
0 0 0 0 0 0 0 0 0 
0 0 0 1 0 0 0 0 0 0 0 0 0 0 0 2 0 0 2 0 0 0 0 2 0 0 0 0 0 0 0 0 0 0 2 0 1 0 0 0 0 0 0 0 1 2 0 0 0 0 0 0 0 0 1 1 0 0 0 0 0 0 1 0 0 0 0 0 0 0 0 0 0 0 0 0 0 0 0 0 0 
0 0 0 1 0 0 0 0 0 0 0 0 0 0 0 2 0 0 2 0 0 0 0 2 0 0 0 0 0 0 0 0 0 0 2 0 1 0 0 0 0 0 0 0 1 2 0 0 0 0 0 0 0 0 1 1 0 0 0 0 0 0 1 0 0 0 0 0 0 0 0 0 0 0 0 0 0 0 0 0 0 
0
0 0 0 0 0 0 0 0 0 
0 0 0 1 0 0 0 0 0 0 0 0 0 0 0 2 0 0 2 0 2 0 0 2 0 0 0 0 0 0 0 0 0 0 2 0 1 0 0 0 0 0 0 0 1 2 0 0 0 0 0 0 0 0 1 1 0 0 0 0 0 0 1 0 0 0 0 0 0 0 0 0 0 0 0 0 0 0 0 0 0 
0 0 0 1 0 0 0 0 0 0 0 0 0 0 0 2 0 0 2 0 2 0 0 2 0 0 0 0 0 0 0 0 0 0 2 0 1 0 0 0 0 0 0 0 1 2 0 0 0 0 0 0 0 0 1 1 0 0 0 0 0 0 1 0 0 0 0 0 0 0 0 0 0 0 0 0 0 0 0 0 0 
0
0 0 0 0 0 0 0 0 0 
0 0 0 1 0 0 0 0 0 0 0 0 0 0 0 2 0 0 2 0 2 0 0 2 0 0 0 0 0 0 0 0 0 0 2 0 1 0 0 0 0 0 0 0 1 2 0 0 0 0 0 0 0 0 1 1 0 0 0 0 0 0 1 0 0 0 0 0 0 0 1 0 0 0 0 0 0 0 0 0 0 
0 0 0 1 0 0 0 0 0 0 0 0 0 0 0 2 0 0 2 0 2 0 0 2 0 0 0 0 0 0 0 0 0 0 2 0 1 0 0 0 0 0 0 0 1 2 0 0 0 0 0 0 0 0 1 1 0 0 0 0 0 0 1 0 0 0 0 0 0 0 1 0 0 0 0 0 0 0 0 0 0 
0
0 0 0 0 0 0 0 0 0 
0 0 0 1 0 0 0 0 0 0 0 0 0 0 0 2 0 0 2 0 2 0 0 2 0 0 0 0 0 0 0 0 0 0 2 0 1 0 0 0 2 0 0 0 1 2 0 0 0 0 0 0 0 0 1 1 0 0 0 0 0 0 1 0 0 0 0 0 0 0 1 0 0 0 0 0 0 0 0 0 0 
0 0 0 1 0 0 0 0 0 0 0 0 0 0 0 2 0 0 2 0 2 0 0 2 0 0 0 0 0 0 0 0 0 0 2 0 1 0 0 0 2 0 0 0 1 2 0 0 0 0 0 0 0 0 1 1 0 0 0 0 0 0 1 0 0 0 0 0 0 0 1 0 0 0 0 0 0 0 0 0 0 
0
0 0 0 0 0 0 0 0 0 
0 0 0 1 0 0 0 0 0 0 0 0 0 0 0 2 0 0 2 0 2 0 0 2 0 0 0 0 0 0 0 0 0 0 2 0 1 0 0 0 2 0 0 0 1 2 0 0 0 0 1 0 0 0 1 1 0 0 0 0 0 0 1 0 0 0 0 0 0 0 1 0 0 0 0 0 0 0 0 0 0 
0 0 0 1 0 0 0 0 0 0 0 0 0 0 0 2 0 0 2 0 2 0 0 2 0 0 0 0 0 0 0 0 0 0 2 0 1 0 0 0 2 0 0 0 1 2 0 0 0 0 1 0 0 0 1 1 0 0 0 0 0 0 1 0 0 0 0 0 0 0 1 0 0 0 0 0 0 0 0 0 0 
0
0 0 0 0 0 0 0 0 0 
0 0 0 1 0 0 0 0 0 0 0 0 0 0 0 2 0 0 2 0 2 0 0 2 0 0 0 0 0 0 0 0 0 0 2 0 1 0 0 0 2 0 0 0 1 2 0 0 0 0 1 0 0 0 1 1 0 0 0 0 0 0 1 0 0 0 0 0 0 2 1 0 0 0 0 0 0 0 0 0 0 
0 0 0 1 0 0 0 0 0 0 0 0 0 0 0 2 0 0 2 0 2 0 0 2 0 0 0 0 0 0 0 0 0 0 2 0 1 0 0 0 2 0 0 0 1 2 0 0 0 0 1 0 0 0 1 1 0 0 0 0 0 0 1 0 0 0 0 0 0 2 1 0 0 0 0 0 0 0 0 0 0 
0
0 0 0 0 0 0 0 0 0 
0 0 0 1 0 0 0 0 0 0 0 0 0 0 0 2 0 0 2 0 2 0 0 2 0 0 0 0 0 1 0 0 0 0 2 0 1 0 0 0 2 0 0 0 1 2 0 0 0 0 1 0 0 0 1 1 0 0 0 0 0 0 1 0 0 0 0 0 0 2 1 0 0 0 0 0 0 0 0 0 0 
0 0 0 1 0 0 0 0 0 0 0 0 0 0 0 2 0 0 2 0 2 0 0 2 0 0 0 0 0 1 0 0 0 0 2 0 1 0 0 0 2 0 0 0 1 2 0 0 0 0 1 0 0 0 1 1 0 0 0 0 0 0 1 0 0 0 0 0 0 2 1 0 0 0 0 0 0 0 0 0 0 
0
0 0 0 0 0 0 0 0 0 
0 0 0 1 0 0 0 0 0 0 0 0 0 0 0 2 0 2 2 0 2 0 0 2 0 0 0 0 0 1 0 0 0 0 2 0 1 0 0 0 2 0 0 0 1 2 0 0 0 0 1 0 0 0 1 1 0 0 0 0 0 0 1 0 0 0 0 0 0 2 1 0 0 0 0 0 0 0 0 0 0 
0 0 0 1 0 0 0 0 0 0 0 0 0 0 0 2 0 2 2 0 2 0 0 2 0 0 0 0 0 1 0 0 0 0 2 0 1 0 0 0 2 0 0 0 1 2 0 0 0 0 1 0 0 0 1 1 0 0 0 0 0 0 1 0 0 0 0 0 0 2 1 0 0 0 0 0 0 0 0 0 0 
0
0 0 0 0 0 0 0 0 0 
0 0 0 1 0 0 0 0 0 0 0 0 0 0 0 2 0 2 2 0 2 0 0 2 0 0 0 0 0 1 0 0 0 0 2 0 1 0 0 0 2 0 1 0 1 2 0 0 0 0 1 0 0 0 1 1 0 0 0 0 0 0 1 0 0 0 0 0 0 2 1 0 0 0 0 0 0 0 0 0 0 
0 0 0 1 0 0 0 0 0 0 0 0 0 0 0 2 0 2 2 0 2 0 0 2 0 0 0 0 0 1 0 0 0 0 2 0 1 0 0 0 2 0 1 0 1 2 0 0 0 0 1 0 0 0 1 1 0 0 0 0 0 0 1 0 0 0 0 0 0 2 1 0 0 0 0 0 0 0 0 0 0 
0
0 0 0 0 0 0 0 0 0 
0 0 0 1 0 0 0 0 0 0 0 0 0 0 0 2 0 2 2 0 2 0 0 2 0 0 0 0 0 1 0 0 0 0 2 0 1 0 0 0 2 0 1 0 1 2 2 0 0 0 1 0 0 0 1 1 0 0 0 0 0 0 1 0 0 0 0 0 0 2 1 0 0 0 0 0 0 0 0 0 0 
0 0 0 1 0 0 0 0 0 0 0 0 0 0 0 2 0 2 2 0 2 0 0 2 0 0 0 0 0 1 0 0 0 0 2 0 1 0 0 0 2 0 1 0 1 2 2 0 0 0 1 0 0 0 1 1 0 0 0 0 0 0 1 0 0 0 0 0 0 2 1 0 0 0 0 0 0 0 0 0 0 
0
0 0 0 0 0 0 0 0 0 
0 0 0 1 0 0 0 0 0 0 0 0 0 0 0 2 0 2 2 0 2 0 0 2 0 0 0 0 0 1 0 0 0 0 2 0 1 0 0 0 2 0 1 0 1 2 2 0 0 0 1 0 0 0 1 1 0 0 0 0 0 0 1 0 0 0 0 0 0 2 1 0 0 0 0 1 0 0 0 0 0 
0 0 0 1 0 0 0 0 0 0 0 0 0 0 0 2 0 2 2 0 2 0 0 2 0 0 0 0 0 1 0 0 0 0 2 0 1 0 0 0 2 0 1 0 1 2 2 0 0 0 1 0 0 0 1 1 0 0 0 0 0 0 1 0 0 0 0 0 0 2 1 0 0 0 0 1 0 0 0 0 0 
0
0 0 0 0 0 0 0 0 0 
0 0 0 1 0 0 0 0 0 0 0 0 0 0 0 2 0 2 2 0 2 0 0 2 0 0 0 0 0 1 0 0 0 0 2 0 1 0 0 0 2 0 1 0 1 2 2 0 0 0 1 0 0 0 1 1 2 0 0 0 0 0 1 0 0 0 0 0 0 2 1 0 0 0 0 1 0 0 0 0 0 
0 0 0 1 0 0 0 0 0 0 0 0 0 0 0 2 0 2 2 0 2 0 0 2 0 0 0 0 0 1 0 0 0 0 2 0 1 0 0 0 2 0 1 0 1 2 2 0 0 0 1 0 0 0 1 1 2 0 0 0 0 0 1 0 0 0 0 0 0 2 1 0 0 0 0 1 0 0 0 0 0 
0
0 0 0 0 0 0 0 0 0 
0 0 0 1 0 0 0 1 0 0 0 0 0 0 0 2 0 2 2 0 2 0 0 2 0 0 0 0 0 1 0 0 0 0 2 0 1 0 0 0 2 0 1 0 1 2 2 0 0 0 1 0 0 0 1 1 2 0 0 0 0 0 1 0 0 0 0 0 0 2 1 0 0 0 0 1 0 0 0 0 0 
0 0 0 1 0 0 0 1 0 0 0 0 0 0 0 2 0 2 2 0 2 0 0 2 0 0 0 0 0 1 0 0 0 0 2 0 1 0 0 0 2 0 1 0 1 2 2 0 0 0 1 0 0 0 1 1 2 0 0 0 0 0 1 0 0 0 0 0 0 2 1 0 0 0 0 1 0 0 0 0 0 
0
0 0 0 0 0 0 0 0 0 
0 0 0 1 0 0 0 1 0 0 0 0 0 0 2 2 0 2 2 0 2 0 0 2 0 0 0 0 0 1 0 0 0 0 2 0 1 0 0 0 2 0 1 0 1 2 2 0 0 0 1 0 0 0 1 1 2 0 0 0 0 0 1 0 0 0 0 0 0 2 1 0 0 0 0 1 0 0 0 0 0 
0 0 0 1 0 0 0 1 0 0 0 0 0 0 2 2 0 2 2 0 2 0 0 2 0 0 0 0 0 1 0 0 0 0 2 0 1 0 0 0 2 0 1 0 1 2 2 0 0 0 1 0 0 0 1 1 2 0 0 0 0 0 1 0 0 0 0 0 0 2 1 0 0 0 0 1 0 0 0 0 0 
0
0 0 0 0 0 1 0 0 0 
0 0 0 1 0 0 0 1 0 0 0 0 0 0 2 2 0 2 2 0 2 0 0 2 0 0 0 0 0 1 0 0 0 0 2 0 1 0 0 0 2 0 1 1 1 2 2 0 0 0 1 0 0 0 1 1 2 0 0 0 0 0 1 0 0 0 0 0 0 2 1 0 0 0 0 1 0 0 0 0 0 
0 0 0 1 0 0 0 1 0 0 0 0 0 0 2 2 0 2 2 0 2 0 0 2 0 0 0 0 0 1 0 0 0 16 18 16 1 0 0 0 2 0 17 17 17 2 2 0 0 0 1 16 16 16 1 1 2 0 0 0 0 0 1 0 0 0 0 0 0 2 1 0 0 0 0 1 0 0 0 0 0 
0
0 0 0 0 0 1 0 0 0 
0 0 0 1 0 0 0 1 0 0 0 0 0 0 2 2 0 2 2 0 2 0 0 2 0 0 0 0 0 1 0 0 0 0 2 0 1 0 0 0 2 0 1 1 1 2 2 0 0 2 1 0 0 0 1 1 2 0 0 0 0 0 1 0 0 0 0 0 0 2 1 0 0 0 0 1 0 0 0 0 0 
0 0 0 1 0 0 0 1 0 0 0 0 0 0 2 2 0 2 2 0 2 0 0 2 0 0 0 0 0 1 0 0 0 16 18 16 1 0 0 0 2 0 17 17 17 2 2 0 0 2 1 16 16 16 1 1 2 0 0 0 0 0 1 0 0 0 0 0 0 2 1 0 0 0 0 1 0 0 0 0 0 
0
0 0 0 0 0 1 0 0 0 
0 0 0 1 0 0 0 1 0 0 0 0 0 0 2 2 0 2 2 0 2 0 0 2 0 0 0 0 0 1 0 0 0 0 2 0 1 0 0 0 2 0 1 1 1 2 2 0 0 2 1 0 0 0 1 1 2 0 0 0 0 0 1 0 0 0 0 0 0 2 1 0 0 0 0 1 1 0 0 0 0 
0 0 0 1 0 0 0 1 0 0 0 0 0 0 2 2 0 2 2 0 2 0 0 2 0 0 0 0 0 1 0 0 0 16 18 16 1 0 0 0 2 0 17 17 17 2 2 0 0 2 1 16 16 16 1 1 2 0 0 0 0 0 1 0 0 0 0 0 0 2 1 0 0 0 0 1 1 0 0 0 0 
0
0 0 0 0 0 1 0 0 0 
0 0 0 1 0 0 0 1 0 0 0 0 0 0 2 2 0 2 2 0 2 0 0 2 0 0 0 0 0 1 0 0 0 0 2 0 1 0 0 0 2 0 1 1 1 2 2 0 0 2 1 0 0 0 1 1 2 0 0 0 0 0 1 0 0 0 2 0 0 2 1 0 0 0 0 1 1 0 0 0 0 
0 0 0 1 0 0 0 1 0 0 0 0 0 0 2 2 0 2 2 0 2 0 0 2 0 0 0 0 0 1 0 0 0 16 18 16 1 0 0 0 2 0 17 17 17 2 2 0 0 2 1 16 16 16 1 1 2 0 0 0 0 0 1 0 0 0 2 0 0 2 1 0 0 0 0 1 1 0 0 0 0 
0
0 0 0 0 0 1 0 0 0 
0 0 0 1 0 0 0 1 0 0 0 0 0 0 2 2 0 2 2 0 2 0 0 2 0 0 0 0 0 1 0 0 0 0 2 0 1 0 0 0 2 0 1 1 1 2 2 1 0 2 1 0 0 0 1 1 2 0 0 0 0 0 1 0 0 0 2 0 0 2 1 0 0 0 0 1 1 0 0 0 0 
0 0 0 1 0 0 0 1 0 0 0 0 0 0 2 2 0 2 2 0 2 0 0 2 0 0 0 0 0 1 0 0 0 16 18 16 1 0 0 0 2 0 17 17 17 2 2 1 0 2 1 16 16 16 1 1 2 0 0 0 0 0 1 0 0 0 2 0 0 2 1 0 0 0 0 1 1 0 0 0 0 
0
0 0 0 0 0 1 0 0 0 
0 0 0 1 0 0 0 1 0 0 0 0 0 0 2 2 0 2 2 0 2 0 0 2 0 0 0 0 0 1 0 0 0 0 2 0 1 0 0 0 2 0 1 1 1 2 2 1 0 2 1 0 0 0 1 1 2 0 0 0 0 0 1 0 0 0 2 0 0 2 1 0 0 0 0 1 1 0 2 0 0 
0 0 0 1 0 0 0 1 0 0 0 0 0 0 2 2 0 2 2 0 2 0 0 2 0 0 0 0 0 1 0 0 0 16 18 16 1 0 0 0 2 0 17 17 17 2 2 1 0 2 1 16 16 16 1 1 2 0 0 0 0 0 1 0 0 0 2 0 0 2 1 0 0 0 0 1 1 0 2 0 0 
0
0 0 0 0 0 1 0 0 0 
0 0 0 1 0 0 0 1 0 0 0 0 0 0 2 2 0 2 2 0 2 0 0 2 0 0 0 0 0 1 0 0 0 0 2 0 1 0 0 0 2 0 1 1 1 2 2 1 0 2 1 0 0 0 1 1 2 0 0 0 0 0 1 0 1 0 2 0 0 2 1 0 0 0 0 1 1 0 2 0 0 
0 0 0 1 0 0 0 1 0 0 0 0 0 0 2 2 0 2 2 0 2 0 0 2 0 0 0 0 0 1 0 0 0 16 18 16 1 0 0 0 2 0 17 17 17 2 2 1 0 2 1 16 16 16 1 1 2 0 0 0 0 0 1 0 1 0 2 0 0 2 1 0 0 0 0 1 1 0 2 0 0 
0
0 0 0 0 2 1 0 0 0 
0 0 0 1 0 0 0 1 0 0 0 0 0 0 2 2 0 2 2 0 2 0 0 2 0 0 0 0 0 1 0 2 0 0 2 0 1 0 0 0 2 0 1 1 1 2 2 1 0 2 1 0 0 0 1 1 2 0 0 0 0 0 1 0 1 0 2 0 0 2 1 0 0 0 0 1 1 0 2 0 0 
0 0 0 1 0 0 0 1 0 0 0 0 0 0 2 2 0 2 2 0 2 0 0 2 0 0 0 0 0 1 32 34 32 16 18 16 1 0 0 32 34 32 17 17 17 2 2 1 32 34 33 16 16 16 1 1 2 0 0 0 0 0 1 0 1 0 2 0 0 2 1 0 0 0 0 1 1 0 2 0 0 
0
0 0 0 0 2 1 0 0 0 
0 0 0 1 0 0 0 1 0 0 0 0 1 0 2 2 0 2 2 0 2 0 0 2 0 0 0 0 0 1 0 2 0 0 2 0 1 0 0 0 2 0 1 1 1 2 2 1 0 2 1 0 0 0 1 1 2 0 0 0 0 0 1 0 1 0 2 0 0 2 1 0 0 0 0 1 1 0 2 0 0 
0 0 0 1 0 0 0 1 0 0 0 0 1 0 2 2 0 2 2 0 2 0 0 2 0 0 0 0 0 1 32 34 32 16 18 16 1 0 0 32 34 32 17 17 17 2 2 1 32 34 33 16 16 16 1 1 2 0 0 0 0 0 1 0 1 0 2 0 0 2 1 0 0 0 0 1 1 0 2 0 0 
0
0 0 0 0 2 1 0 0 0 
0 0 0 1 0 0 0 1 0 0 0 0 1 0 2 2 0 2 2 0 2 0 0 2 0 0 0 0 2 1 0 2 0 0 2 0 1 0 0 0 2 0 1 1 1 2 2 1 0 2 1 0 0 0 1 1 2 0 0 0 0 0 1 0 1 0 2 0 0 2 1 0 0 0 0 1 1 0 2 0 0 
0 0 0 1 0 0 0 1 0 0 0 0 1 0 2 2 0 2 2 0 2 0 0 2 0 0 0 0 2 1 32 34 32 16 18 16 1 0 0 32 34 32 17 17 17 2 2 1 32 34 33 16 16 16 1 1 2 0 0 0 0 0 1 0 1 0 2 0 0 2 1 0 0 0 0 1 1 0 2 0 0 
0
0 0 0 0 2 1 0 0 0 
0 0 0 1 0 1 0 1 0 0 0 0 1 0 2 2 0 2 2 0 2 0 0 2 0 0 0 0 2 1 0 2 0 0 2 0 1 0 0 0 2 0 1 1 1 2 2 1 0 2 1 0 0 0 1 1 2 0 0 0 0 0 1 0 1 0 2 0 0 2 1 0 0 0 0 1 1 0 2 0 0 
0 0 0 1 0 1 0 1 0 0 0 0 1 0 2 2 0 2 2 0 2 0 0 2 0 0 0 0 2 1 32 34 32 16 18 16 1 0 0 32 34 32 17 17 17 2 2 1 32 34 33 16 16 16 1 1 2 0 0 0 0 0 1 0 1 0 2 0 0 2 1 0 0 0 0 1 1 0 2 0 0 
0
0 0 0 0 2 1 0 0 0 
0 0 0 1 0 1 0 1 0 0 0 0 1 0 2 2 0 2 2 0 2 0 0 2 0 2 0 0 2 1 0 2 0 0 2 0 1 0 0 0 2 0 1 1 1 2 2 1 0 2 1 0 0 0 1 1 2 0 0 0 0 0 1 0 1 0 2 0 0 2 1 0 0 0 0 1 1 0 2 0 0 
0 0 0 1 0 1 0 1 0 0 0 0 1 0 2 2 0 2 2 0 2 0 0 2 0 2 0 0 2 1 32 34 32 16 18 16 1 0 0 32 34 32 17 17 17 2 2 1 32 34 33 16 16 16 1 1 2 0 0 0 0 0 1 0 1 0 2 0 0 2 1 0 0 0 0 1 1 0 2 0 0 
0
0 0 0 0 2 1 0 0 0 
0 0 0 1 0 1 0 1 0 0 0 0 1 0 2 2 0 2 2 0 2 0 0 2 0 2 0 0 2 1 0 2 0 0 2 0 1 0 0 0 2 0 1 1 1 2 2 1 0 2 1 0 0 0 1 1 2 0 0 1 0 0 1 0 1 0 2 0 0 2 1 0 0 0 0 1 1 0 2 0 0 
0 0 0 1 0 1 0 1 0 0 0 0 1 0 2 2 0 2 2 0 2 0 0 2 0 2 0 0 2 1 32 34 32 16 18 16 1 0 0 32 34 32 17 17 17 2 2 1 32 34 33 16 16 16 1 1 2 0 0 1 0 0 1 0 1 0 2 0 0 2 1 0 0 0 0 1 1 0 2 0 0 
0
0 0 0 0 2 1 0 0 0 
0 0 0 1 0 1 0 1 2 0 0 0 1 0 2 2 0 2 2 0 2 0 0 2 0 2 0 0 2 1 0 2 0 0 2 0 1 0 0 0 2 0 1 1 1 2 2 1 0 2 1 0 0 0 1 1 2 0 0 1 0 0 1 0 1 0 2 0 0 2 1 0 0 0 0 1 1 0 2 0 0 
0 0 0 1 0 1 0 1 2 0 0 0 1 0 2 2 0 2 2 0 2 0 0 2 0 2 0 0 2 1 32 34 32 16 18 16 1 0 0 32 34 32 17 17 17 2 2 1 32 34 33 16 16 16 1 1 2 0 0 1 0 0 1 0 1 0 2 0 0 2 1 0 0 0 0 1 1 0 2 0 0 
0
0 0 0 0 2 1 0 0 0 
0 0 0 1 0 1 0 1 2 0 0 0 1 0 2 2 0 2 2 0 2 0 0 2 0 2 1 0 2 1 0 2 0 0 2 0 1 0 0 0 2 0 1 1 1 2 2 1 0 2 1 0 0 0 1 1 2 0 0 1 0 0 1 0 1 0 2 0 0 2 1 0 0 0 0 1 1 0 2 0 0 
0 0 0 1 0 1 0 1 2 0 0 0 1 0 2 2 0 2 2 0 2 0 0 2 0 2 1 0 2 1 32 34 32 16 18 16 1 0 0 32 34 32 17 17 17 2 2 1 32 34 33 16 16 16 1 1 2 0 0 1 0 0 1 0 1 0 2 0 0 2 1 0 0 0 0 1 1 0 2 0 0 
0
0 0 0 0 2 1 0 0 0 
0 0 0 1 0 1 0 1 2 0 0 0 1 0 2 2 0 2 2 0 2 0 0 2 0 2 1 0 2 1 0 2 0 0 2 0 1 0 0 0 2 0 1 1 1 2 2 1 0 2 1 0 0 0 1 1 2 0 0 1 0 2 1 0 1 0 2 0 0 2 1 0 0 0 0 1 1 0 2 0 0 
0 0 0 1 0 1 0 1 2 0 0 0 1 0 2 2 0 2 2 0 2 0 0 2 0 2 1 0 2 1 32 34 32 16 18 16 1 0 0 32 34 32 17 17 17 2 2 1 32 34 33 16 16 16 1 1 2 0 0 1 0 2 1 0 1 0 2 0 0 2 1 0 0 0 0 1 1 0 2 0 0 
0
0 1 0 0 2 1 0 0 0 
0 0 0 1 1 1 0 1 2 0 0 0 1 0 2 2 0 2 2 0 2 0 0 2 0 2 1 0 2 1 0 2 0 0 2 0 1 0 0 0 2 0 1 1 1 2 2 1 0 2 1 0 0 0 1 1 2 0 0 1 0 2 1 0 1 0 2 0 0 2 1 0 0 0 0 1 1 0 2 0 0 
0 0 0 17 17 17 0 1 2 0 0 0 17 16 18 2 0 2 2 0 2 16 16 18 0 2 1 0 2 1 32 34 32 16 18 16 1 0 0 32 34 32 17 17 17 2 2 1 32 34 33 16 16 16 1 1 2 0 0 1 0 2 1 0 1 0 2 0 0 2 1 0 0 0 0 1 1 0 2 0 0 
0
2 1 0 0 2 1 0 0 0 
0 0 0 1 1 1 0 1 2 0 0 0 1 0 2 2 0 2 2 2 2 0 0 2 0 2 1 0 2 1 0 2 0 0 2 0 1 0 0 0 2 0 1 1 1 2 2 1 0 2 1 0 0 0 1 1 2 0 0 1 0 2 1 0 1 0 2 0 0 2 1 0 0 0 0 1 1 0 2 0 0 
32 32 32 17 17 17 0 1 2 32 32 32 17 16 18 2 0 2 34 34 34 16 16 18 0 2 1 0 2 1 32 34 32 16 18 16 1 0 0 32 34 32 17 17 17 2 2 1 32 34 33 16 16 16 1 1 2 0 0 1 0 2 1 0 1 0 2 0 0 2 1 0 0 0 0 1 1 0 2 0 0 
0
2 1 0 0 2 1 0 0 0 
0 0 0 1 1 1 0 1 2 0 0 0 1 0 2 2 0 2 2 2 2 0 0 2 0 2 1 0 2 1 0 2 0 0 2 0 1 0 0 0 2 0 1 1 1 2 2 1 0 2 1 0 0 0 1 1 2 1 0 1 0 2 1 0 1 0 2 0 0 2 1 0 0 0 0 1 1 0 2 0 0 
32 32 32 17 17 17 0 1 2 32 32 32 17 16 18 2 0 2 34 34 34 16 16 18 0 2 1 0 2 1 32 34 32 16 18 16 1 0 0 32 34 32 17 17 17 2 2 1 32 34 33 16 16 16 1 1 2 1 0 1 0 2 1 0 1 0 2 0 0 2 1 0 0 0 0 1 1 0 2 0 0 
0
2 1 0 0 2 1 0 0 2 
0 0 0 1 1 1 0 1 2 0 0 0 1 0 2 2 0 2 2 2 2 0 0 2 0 2 1 0 2 1 0 2 0 0 2 0 1 0 0 0 2 0 1 1 1 2 2 1 0 2 1 0 0 0 1 1 2 1 0 1 2 2 1 0 1 0 2 0 0 2 1 0 0 0 0 1 1 0 2 0 0 
32 32 32 17 17 17 0 1 2 32 32 32 17 16 18 2 0 2 34 34 34 16 16 18 0 2 1 0 2 1 32 34 32 16 18 16 1 0 0 32 34 32 17 17 17 2 2 1 32 34 33 16 16 16 1 1 2 1 0 1 34 34 33 0 1 0 2 0 0 34 33 32 0 0 0 1 1 0 34 32 32 
0
2 1 0 0 2 1 0 0 2 
0 0 0 1 1 1 0 1 2 0 0 0 1 0 2 2 0 2 2 2 2 0 0 2 0 2 1 0 2 1 0 2 0 0 2 0 1 0 0 0 2 0 1 1 1 2 2 1 0 2 1 0 0 0 1 1 2 1 0 1 2 2 1 0 1 0 2 0 0 2 1 0 0 0 0 1 1 0 2 0 0 
32 32 32 17 17 17 0 1 2 32 32 32 17 16 18 2 0 2 34 34 34 16 16 18 0 2 1 0 2 1 32 34 32 16 18 16 1 0 0 32 34 32 17 17 17 2 2 1 32 34 33 16 16 16 1 1 2 1 0 1 34 34 33 0 1 0 2 0 0 34 33 32 0 0 0 1 1 0 34 32 32 
0
