0 0 0 0 0 0 0 0 0 
0 0 0 0 0 0 0 0 0 0 0 0 0 0 0 0 0 0 0 0 0 0 0 0 0 0 0 0 0 0 0 0 0 0 0 0 0 0 0 0 0 0 0 0 0 0 0 0 0 0 0 0 0 0 0 0 0 0 0 0 1 0 0 0 0 0 0 0 0 0 0 0 0 0 0 0 0 0 0 0 0 
0 0 0 0 0 0 0 0 0 0 0 0 0 0 0 0 0 0 0 0 0 0 0 0 0 0 0 0 0 0 0 0 0 0 0 0 0 0 0 0 0 0 0 0 0 0 0 0 0 0 0 0 0 0 0 0 0 0 0 0 1 0 0 0 0 0 0 0 0 0 0 0 0 0 0 0 0 0 0 0 0 
0
0 0 0 0 0 0 0 0 0 
0 0 0 0 0 0 0 0 0 0 2 0 0 0 0 0 0 0 0 0 0 0 0 0 0 0 0 0 0 0 0 0 0 0 0 0 0 0 0 0 0 0 0 0 0 0 0 0 0 0 0 0 0 0 0 0 0 0 0 0 1 0 0 0 0 0 0 0 0 0 0 0 0 0 0 0 0 0 0 0 0 
0 0 0 0 0 0 0 0 0 0 2 0 0 0 0 0 0 0 0 0 0 0 0 0 0 0 0 0 0 0 0 0 0 0 0 0 0 0 0 0 0 0 0 0 0 0 0 0 0 0 0 0 0 0 0 0 0 0 0 0 1 0 0 0 0 0 0 0 0 0 0 0 0 0 0 0 0 0 0 0 0 
0
0 0 0 0 0 0 0 0 0 
0 0 0 0 0 0 0 0 0 0 2 0 0 0 0 0 0 0 0 0 0 0 0 0 0 0 0 0 0 0 0 0 1 0 0 0 0 0 0 0 0 0 0 0 0 0 0 0 0 0 0 0 0 0 0 0 0 0 0 0 1 0 0 0 0 0 0 0 0 0 0 0 0 0 0 0 0 0 0 0 0 
0 0 0 0 0 0 0 0 0 0 2 0 0 0 0 0 0 0 0 0 0 0 0 0 0 0 0 0 0 0 0 0 1 0 0 0 0 0 0 0 0 0 0 0 0 0 0 0 0 0 0 0 0 0 0 0 0 0 0 0 1 0 0 0 0 0 0 0 0 0 0 0 0 0 0 0 0 0 0 0 0 
0
0 0 0 0 0 0 0 0 0 
0 0 0 0 0 0 0 0 2 0 2 0 0 0 0 0 0 0 0 0 0 0 0 0 0 0 0 0 0 0 0 0 1 0 0 0 0 0 0 0 0 0 0 0 0 0 0 0 0 0 0 0 0 0 0 0 0 0 0 0 1 0 0 0 0 0 0 0 0 0 0 0 0 0 0 0 0 0 0 0 0 
0 0 0 0 0 0 0 0 2 0 2 0 0 0 0 0 0 0 0 0 0 0 0 0 0 0 0 0 0 0 0 0 1 0 0 0 0 0 0 0 0 0 0 0 0 0 0 0 0 0 0 0 0 0 0 0 0 0 0 0 1 0 0 0 0 0 0 0 0 0 0 0 0 0 0 0 0 0 0 0 0 
0
0 0 0 0 0 0 0 0 0 
0 0 0 0 0 0 0 0 2 0 2 0 0 0 0 1 0 0 0 0 0 0 0 0 0 0 0 0 0 0 0 0 1 0 0 0 0 0 0 0 0 0 0 0 0 0 0 0 0 0 0 0 0 0 0 0 0 0 0 0 1 0 0 0 0 0 0 0 0 0 0 0 0 0 0 0 0 0 0 0 0 
0 0 0 0 0 0 0 0 2 0 2 0 0 0 0 1 0 0 0 0 0 0 0 0 0 0 0 0 0 0 0 0 1 0 0 0 0 0 0 0 0 0 0 0 0 0 0 0 0 0 0 0 0 0 0 0 0 0 0 0 1 0 0 0 0 0 0 0 0 0 0 0 0 0 0 0 0 0 0 0 0 
0
0 0 0 0 0 0 0 0 0 
0 0 0 0 0 0 0 0 2 0 2 0 0 0 0 1 0 0 0 0 0 0 0 0 0 0 0 0 0 0 0 0 1 0 0 0 0 0 2 0 0 0 0 0 0 0 0 0 0 0 0 0 0 0 0 0 0 0 0 0 1 0 0 0 0 0 0 0 0 0 0 0 0 0 0 0 0 0 0 0 0 
0 0 0 0 0 0 0 0 2 0 2 0 0 0 0 1 0 0 0 0 0 0 0 0 0 0 0 0 0 0 0 0 1 0 0 0 0 0 2 0 0 0 0 0 0 0 0 0 0 0 0 0 0 0 0 0 0 0 0 0 1 0 0 0 0 0 0 0 0 0 0 0 0 0 0 0 0 0 0 0 0 
0
0 0 0 0 0 0 0 0 0 
0 0 0 0 0 0 0 0 2 0 2 0 0 0 0 1 0 0 0 0 0 0 0 0 0 0 0 0 0 0 0 0 1 0 0 0 0 0 2 0 0 0 0 0 0 0 0 0 0 0 0 0 0 1 0 0 0 0 0 0 1 0 0 0 0 0 0 0 0 0 0 0 0 0 0 0 0 0 0 0 0 
0 0 0 0 0 0 0 0 2 0 2 0 0 0 0 1 0 0 0 0 0 0 0 0 0 0 0 0 0 0 0 0 1 0 0 0 0 0 2 0 0 0 0 0 0 0 0 0 0 0 0 0 0 1 0 0 0 0 0 0 1 0 0 0 0 0 0 0 0 0 0 0 0 0 0 0 0 0 0 0 0 
0
0 0 0 0 0 0 0 0 0 
0 0 0 0 0 0 0 0 2 0 2 0 0 0 0 1 0 0 0 0 0 0 0 0 0 0 0 0 0 0 0 0 1 0 0 0 0 0 2 0 0 0 0 0 0 0 0 0 0 0 0 0 0 1 0 0 0 0 0 0 1 0 0 0 0 0 0 0 0 0 0 0 0 0 0 0 0 0 0 0 2 
0 0 0 0 0 0 0 0 2 0 2 0 0 0 0 1 0 0 0 0 0 0 0 0 0 0 0 0 0 0 0 0 1 0 0 0 0 0 2 0 0 0 0 0 0 0 0 0 0 0 0 0 0 1 0 0 0 0 0 0 1 0 0 0 0 0 0 0 0 0 0 0 0 0 0 0 0 0 0 0 2 
0
0 0 0 0 0 0 0 0 0 
0 0 0 0 0 0 0 0 2 0 2 0 0 0 0 1 0 0 0 0 0 0 0 0 0 0 0 0 0 0 0 0 1 0 0 0 0 0 2 0 0 0 0 0 0 0 0 0 0 0 0 0 0 1 0 0 0 0 0 0 1 1 0 0 0 0 0 0 0 0 0 0 0 0 0 0 0 0 0 0 2 
0 0 0 0 0 0 0 0 2 0 2 0 0 0 0 1 0 0 0 0 0 0 0 0 0 0 0 0 0 0 0 0 1 0 0 0 0 0 2 0 0 0 0 0 0 0 0 0 0 0 0 0 0 1 0 0 0 0 0 0 1 1 0 0 0 0 0 0 0 0 0 0 0 0 0 0 0 0 0 0 2 
0
0 0 0 0 0 0 0 0 0 
0 0 0 0 2 0 0 0 2 0 2 0 0 0 0 1 0 0 0 0 0 0 0 0 0 0 0 0 0 0 0 0 1 0 0 0 0 0 2 0 0 0 0 0 0 0 0 0 0 0 0 0 0 1 0 0 0 0 0 0 1 1 0 0 0 0 0 0 0 0 0 0 0 0 0 0 0 0 0 0 2 
0 0 0 0 2 0 0 0 2 0 2 0 0 0 0 1 0 0 0 0 0 0 0 0 0 0 0 0 0 0 0 0 1 0 0 0 0 0 2 0 0 0 0 0 0 0 0 0 0 0 0 0 0 1 0 0 0 0 0 0 1 1 0 0 0 0 0 0 0 0 0 0 0 0 0 0 0 0 0 0 2 
0
0 0 0 0 0 0 0 0 0 
0 0 0 0 2 0 0 0 2 0 2 0 0 0 0 1 0 0 0 0 0 0 1 0 0 0 0 0 0 0 0 0 1 0 0 0 0 0 2 0 0 0 0 0 0 0 0 0 0 0 0 0 0 1 0 0 0 0 0 0 1 1 0 0 0 0 0 0 0 0 0 0 0 0 0 0 0 0 0 0 2 
0 0 0 0 2 0 0 0 2 0 2 0 0 0 0 1 0 0 0 0 0 0 1 0 0 0 0 0 0 0 0 0 1 0 0 0 0 0 2 0 0 0 0 0 0 0 0 0 0 0 0 0 0 1 0 0 0 0 0 0 1 1 0 0 0 0 0 0 0 0 0 0 0 0 0 0 0 0 0 0 2 
0
0 0 0 0 0 0 0 0 0 
0 0 0 0 2 0 0 0 2 0 2 0 0 0 0 1 0 0 0 0 0 0 1 0 0 0 0 0 0 0 0 0 1 0 0 0 0 0 2 0 0 0 0 0 0 0 0 0 0 0 0 0 0 1 0 0 0 0 0 0 1 1 0 0 0 0 0 0 0 0 0 0 0 0 0 0 2 0 0 0 2 
0 0 0 0 2 0 0 0 2 0 2 0 0 0 0 1 0 0 0 0 0 0 1 0 0 0 0 0 0 0 0 0 1 0 0 0 0 0 2 0 0 0 0 0 0 0 0 0 0 0 0 0 0 1 0 0 0 0 0 0 1 1 0 0 0 0 0 0 0 0 0 0 0 0 0 0 2 0 0 0 2 
0
0 0 0 0 0 0 0 0 0 
0 0 0 0 2 0 0 0 2 0 2 0 0 0 0 1 0 0 0 0 0 0 1 0 0 0 0 0 0 0 0 0 1 0 0 0 0 0 2 0 0 0 0 0 0 0 0 0 0 0 0 0 0 1 0 0 0 0 0 0 1 1 0 0 0 0 0 1 0 0 0 0 0 0 0 0 2 0 0 0 2 
0 0 0 0 2 0 0 0 2 0 2 0 0 0 0 1 0 0 0 0 0 0 1 0 0 0 0 0 0 0 0 0 1 0 0 0 0 0 2 0 0 0 0 0 0 0 0 0 0 0 0 0 0 1 0 0 0 0 0 0 1 1 0 0 0 0 0 1 0 0 0 0 0 0 0 0 2 0 0 0 2 
0
0 0 0 0 0 0 0 0 0 
0 0 0 0 2 0 0 0 2 0 2 0 0 0 0 1 0 0 0 0 0 0 1 0 0 0 0 0 0 0 2 0 1 0 0 0 0 0 2 0 0 0 0 0 0 0 0 0 0 0 0 0 0 1 0 0 0 0 0 0 1 1 0 0 0 0 0 1 0 0 0 0 0 0 0 0 2 0 0 0 2 
0 0 0 0 2 0 0 0 2 0 2 0 0 0 0 1 0 0 0 0 0 0 1 0 0 0 0 0 0 0 2 0 1 0 0 0 0 0 2 0 0 0 0 0 0 0 0 0 0 0 0 0 0 1 0 0 0 0 0 0 1 1 0 0 0 0 0 1 0 0 0 0 0 0 0 0 2 0 0 0 2 
0
0 0 0 0 0 0 0 0 0 
0 0 1 0 2 0 0 0 2 0 2 0 0 0 0 1 0 0 0 0 0 0 1 0 0 0 0 0 0 0 2 0 1 0 0 0 0 0 2 0 0 0 0 0 0 0 0 0 0 0 0 0 0 1 0 0 0 0 0 0 1 1 0 0 0 0 0 1 0 0 0 0 0 0 0 0 2 0 0 0 2 
0 0 1 0 2 0 0 0 2 0 2 0 0 0 0 1 0 0 0 0 0 0 1 0 0 0 0 0 0 0 2 0 1 0 0 0 0 0 2 0 0 0 0 0 0 0 0 0 0 0 0 0 0 1 0 0 0 0 0 0 1 1 0 0 0 0 0 1 0 0 0 0 0 0 0 0 2 0 0 0 2 
0
0 0 0 0 0 0 0 0 0 
0 0 1 0 2 0 0 2 2 0 2 0 0 0 0 1 0 0 0 0 0 0 1 0 0 0 0 0 0 0 2 0 1 0 0 0 0 0 2 0 0 0 0 0 0 0 0 0 0 0 0 0 0 1 0 0 0 0 0 0 1 1 0 0 0 0 0 1 0 0 0 0 0 0 0 0 2 0 0 0 2 
0 0 1 0 2 0 0 2 2 0 2 0 0 0 0 1 0 0 0 0 0 0 1 0 0 0 0 0 0 0 2 0 1 0 0 0 0 0 2 0 0 0 0 0 0 0 0 0 0 0 0 0 0 1 0 0 0 0 0 0 1 1 0 0 0 0 0 1 0 0 0 0 0 0 0 0 2 0 0 0 2 
0
0 0 0 0 0 0 0 0 0 
0 0 1 0 2 0 0 2 2 0 2 0 0 1 0 1 0 0 0 0 0 0 1 0 0 0 0 0 0 0 2 0 1 0 0 0 0 0 2 0 0 0 0 0 0 0 0 0 0 0 0 0 0 1 0 0 0 0 0 0 1 1 0 0 0 0 0 1 0 0 0 0 0 0 0 0 2 0 0 0 2 
0 0 1 0 2 0 0 2 2 0 2 0 0 1 0 1 0 0 0 0 0 0 1 0 0 0 0 0 0 0 2 0 1 0 0 0 0 0 2 0 0 0 0 0 0 0 0 0 0 0 0 0 0 1 0 0 0 0 0 0 1 1 0 0 0 0 0 1 0 0 0 0 0 0 0 0 2 0 0 0 2 
0
0 0 0 0 0 0 0 0 0 
0 0 1 0 2 0 0 2 2 0 2 0 0 1 0 1 0 0 0 0 0 0 1 0 0 0 0 0 0 0 2 0 1 0 0 0 0 0 2 0 0 0 0 0 0 0 0 0 2 0 0 0 0 1 0 0 0 0 0 0 1 1 0 0 0 0 0 1 0 0 0 0 0 0 0 0 2 0 0 0 2 
0 0 1 0 2 0 0 2 2 0 2 0 0 1 0 1 0 0 0 0 0 0 1 0 0 0 0 0 0 0 2 0 1 0 0 0 0 0 2 0 0 0 0 0 0 0 0 0 2 0 0 0 0 1 0 0 0 0 0 0 1 1 0 0 0 0 0 1 0 0 0 0 0 0 0 0 2 0 0 0 2 
0
0 0 0 0 0 0 0 0 0 
0 0 1 0 2 0 0 2 2 0 2 0 0 1 0 1 0 0 0 0 0 0 1 0 0 0 0 0 0 0 2 0 1 0 0 0 0 0 2 0 0 0 0 0 0 0 0 0 2 0 0 0 0 1 0 0 0 0 0 0 1 1 0 0 0 0 0 1 0 0 0 0 0 0 1 0 2 0 0 0 2 
0 0 1 0 2 0 0 2 2 0 2 0 0 1 0 1 0 0 0 0 0 0 1 0 0 0 0 0 0 0 2 0 1 0 0 0 0 0 2 0 0 0 0 0 0 0 0 0 2 0 0 0 0 1 0 0 0 0 0 0 1 1 0 0 0 0 0 1 0 0 0 0 0 0 1 0 2 0 0 0 2 
0
0 0 0 0 0 0 0 0 0 
0 0 1 0 2 0 0 2 2 0 2 0 0 1 0 1 0 0 0 0 0 0 1 0 0 0 0 0 0 0 2 0 1 0 0 0 0 0 2 0 0 0 0 0 0 0 0 0 2 0 0 0 0 1 0 0 0 0 0 0 1 1 2 0 0 0 0 1 0 0 0 0 0 0 1 0 2 0 0 0 2 
0 0 1 0 2 0 0 2 2 0 2 0 0 1 0 1 0 0 0 0 0 0 1 0 0 0 0 0 0 0 2 0 1 0 0 0 0 0 2 0 0 0 0 0 0 0 0 0 2 0 0 0 0 1 0 0 0 0 0 0 1 1 2 0 0 0 0 1 0 0 0 0 0 0 1 0 2 0 0 0 2 
0
0 0 0 0 0 0 0 0 0 
0 0 1 0 2 0 0 2 2 0 2 0 0 1 0 1 1 0 0 0 0 0 1 0 0 0 0 0 0 0 2 0 1 0 0 0 0 0 2 0 0 0 0 0 0 0 0 0 2 0 0 0 0 1 0 0 0 0 0 0 1 1 2 0 0 0 0 1 0 0 0 0 0 0 1 0 2 0 0 0 2 
0 0 1 0 2 0 0 2 2 0 2 0 0 1 0 1 1 0 0 0 0 0 1 0 0 0 0 0 0 0 2 0 1 0 0 0 0 0 2 0 0 0 0 0 0 0 0 0 2 0 0 0 0 1 0 0 0 0 0 0 1 1 2 0 0 0 0 1 0 0 0 0 0 0 1 0 2 0 0 0 2 
0
0 0 0 0 2 0 0 0 0 
0 0 1 0 2 0 0 2 2 0 2 0 0 1 0 1 1 0 0 0 0 0 1 0 0 0 0 0 0 0 2 0 1 0 0 0 0 0 2 2 0 0 0 0 0 0 0 0 2 0 0 0 0 1 0 0 0 0 0 0 1 1 2 0 0 0 0 1 0 0 0 0 0 0 1 0 2 0 0 0 2 
0 0 1 0 2 0 0 2 2 0 2 0 0 1 0 1 1 0 0 0 0 0 1 0 0 0 0 0 0 0 34 32 33 0 0 0 0 0 2 34 32 32 0 0 0 0 0 0 34 32 32 0 0 1 0 0 0 0 0 0 1 1 2 0 0 0 0 1 0 0 0 0 0 0 1 0 2 0 0 0 2 
0
0 0 0 0 2 0 0 0 0 
0 0 1 0 2 0 0 2 2 0 2 0 0 1 0 1 1 0 0 0 0 0 1 0 0 0 0 0 0 0 2 0 1 0 0 0 0 1 2 2 0 0 0 0 0 0 0 0 2 0 0 0 0 1 0 0 0 0 0 0 1 1 2 0 0 0 0 1 0 0 0 0 0 0 1 0 2 0 0 0 2 
0 0 1 0 2 0 0 2 2 0 2 0 0 1 0 1 1 0 0 0 0 0 1 0 0 0 0 0 0 0 34 32 33 0 0 0 0 1 2 34 32 32 0 0 0 0 0 0 34 32 32 0 0 1 0 0 0 0 0 0 1 1 2 0 0 0 0 1 0 0 0 0 0 0 1 0 2 0 0 0 2 
0
0 0 0 0 2 0 0 0 2 
0 0 1 0 2 0 0 2 2 0 2 0 0 1 0 1 1 0 0 0 0 0 1 0 0 0 0 0 0 0 2 0 1 0 0 0 0 1 2 2 0 0 0 0 0 0 0 0 2 0 0 0 0 1 0 0 0 0 0 0 1 1 2 0 0 0 0 1 0 0 0 2 0 0 1 0 2 0 0 0 2 
0 0 1 0 2 0 0 2 2 0 2 0 0 1 0 1 1 0 0 0 0 0 1 0 0 0 0 0 0 0 34 32 33 0 0 0 0 1 2 34 32 32 0 0 0 0 0 0 34 32 32 0 0 1 0 0 0 0 0 0 33 33 34 0 0 0 0 1 0 32 32 34 0 0 1 0 2 0 32 32 34 
0
0 0 0 0 2 0 0 0 2 
0 0 1 0 2 0 0 2 2 0 2 0 0 1 0 1 1 0 0 0 0 0 1 0 0 0 0 0 0 0 2 0 1 0 0 0 0 1 2 2 0 0 0 1 0 0 0 0 2 0 0 0 0 1 0 0 0 0 0 0 1 1 2 0 0 0 0 1 0 0 0 2 0 0 1 0 2 0 0 0 2 
0 0 1 0 2 0 0 2 2 0 2 0 0 1 0 1 1 0 0 0 0 0 1 0 0 0 0 0 0 0 34 32 33 0 0 0 0 1 2 34 32 32 0 1 0 0 0 0 34 32 32 0 0 1 0 0 0 0 0 0 33 33 34 0 0 0 0 1 0 32 32 34 0 0 1 0 2 0 32 32 34 
0
0 0 0 0 2 0 0 0 2 
0 0 1 0 2 0 0 2 2 0 2 0 0 1 0 1 1 0 0 0 0 0 1 0 0 0 0 0 0 0 2 0 1 0 0 0 0 1 2 2 0 0 0 1 0 0 0 0 2 0 0 0 0 1 0 0 0 0 0 0 1 1 2 0 0 0 2 1 0 0 0 2 0 0 1 0 2 0 0 0 2 
0 0 1 0 2 0 0 2 2 0 2 0 0 1 0 1 1 0 0 0 0 0 1 0 0 0 0 0 0 0 34 32 33 0 0 0 0 1 2 34 32 32 0 1 0 0 0 0 34 32 32 0 0 1 0 0 0 0 0 0 33 33 34 0 0 0 2 1 0 32 32 34 0 0 1 0 2 0 32 32 34 
0
0 0 0 0 2 0 0 0 2 
0 0 1 0 2 0 0 2 2 0 2 0 0 1 0 1 1 0 0 0 0 0 1 0 0 0 0 0 1 0 2 0 1 0 0 0 0 1 2 2 0 0 0 1 0 0 0 0 2 0 0 0 0 1 0 0 0 0 0 0 1 1 2 0 0 0 2 1 0 0 0 2 0 0 1 0 2 0 0 0 2 
0 0 1 0 2 0 0 2 2 0 2 0 0 1 0 1 1 0 0 0 0 0 1 0 0 0 0 0 1 0 34 32 33 0 0 0 0 1 2 34 32 32 0 1 0 0 0 0 34 32 32 0 0 1 0 0 0 0 0 0 33 33 34 0 0 0 2 1 0 32 32 34 0 0 1 0 2 0 32 32 34 
0
0 0 0 0 2 0 0 0 2 
0 0 1 0 2 2 0 2 2 0 2 0 0 1 0 1 1 0 0 0 0 0 1 0 0 0 0 0 1 0 2 0 1 0 0 0 0 1 2 2 0 0 0 1 0 0 0 0 2 0 0 0 0 1 0 0 0 0 0 0 1 1 2 0 0 0 2 1 0 0 0 2 0 0 1 0 2 0 0 0 2 
0 0 1 0 2 2 0 2 2 0 2 0 0 1 0 1 1 0 0 0 0 0 1 0 0 0 0 0 1 0 34 32 33 0 0 0 0 1 2 34 32 32 0 1 0 0 0 0 34 32 32 0 0 1 0 0 0 0 0 0 33 33 34 0 0 0 2 1 0 32 32 34 0 0 1 0 2 0 32 32 34 
0
0 0 1 0 2 0 0 0 2 
0 0 1 0 2 2 0 2 2 0 2 0 0 1 0 1 1 1 0 0 0 0 1 0 0 0 0 0 1 0 2 0 1 0 0 0 0 1 2 2 0 0 0 1 0 0 0 0 2 0 0 0 0 1 0 0 0 0 0 0 1 1 2 0 0 0 2 1 0 0 0 2 0 0 1 0 2 0 0 0 2 
0 0 1 0 2 2 16 18 18 0 2 0 0 1 0 17 17 17 0 0 0 0 1 0 16 16 16 0 1 0 34 32 33 0 0 0 0 1 2 34 32 32 0 1 0 0 0 0 34 32 32 0 0 1 0 0 0 0 0 0 33 33 34 0 0 0 2 1 0 32 32 34 0 0 1 0 2 0 32 32 34 
0
0 0 1 0 2 0 0 0 2 
0 0 1 0 2 2 0 2 2 0 2 0 0 1 0 1 1 1 0 0 0 0 1 0 0 0 0 0 1 0 2 0 1 0 0 2 0 1 2 2 0 0 0 1 0 0 0 0 2 0 0 0 0 1 0 0 0 0 0 0 1 1 2 0 0 0 2 1 0 0 0 2 0 0 1 0 2 0 0 0 2 
0 0 1 0 2 2 16 18 18 0 2 0 0 1 0 17 17 17 0 0 0 0 1 0 16 16 16 0 1 0 34 32 33 0 0 2 0 1 2 34 32 32 0 1 0 0 0 0 34 32 32 0 0 1 0 0 0 0 0 0 33 33 34 0 0 0 2 1 0 32 32 34 0 0 1 0 2 0 32 32 34 
0
0 0 1 0 2 0 0 0 2 
0 0 1 0 2 2 0 2 2 0 2 0 0 1 0 1 1 1 0 0 0 0 1 0 0 0 0 0 1 0 2 0 1 0 0 2 0 1 2 2 0 0 0 1 0 0 0 0 2 0 0 0 0 1 0 0 0 0 0 0 1 1 2 0 0 0 2 1 1 0 0 2 0 0 1 0 2 0 0 0 2 
0 0 1 0 2 2 16 18 18 0 2 0 0 1 0 17 17 17 0 0 0 0 1 0 16 16 16 0 1 0 34 32 33 0 0 2 0 1 2 34 32 32 0 1 0 0 0 0 34 32 32 0 0 1 0 0 0 0 0 0 33 33 34 0 0 0 2 1 1 32 32 34 0 0 1 0 2 0 32 32 34 
0
0 0 1 0 2 0 0 0 2 
0 0 1 0 2 2 0 2 2 0 2 0 0 1 0 1 1 1 0 0 0 0 1 0 0 0 0 0 1 0 2 0 1 0 0 2 0 1 2 2 0 0 0 1 2 0 0 0 2 0 0 0 0 1 0 0 0 0 0 0 1 1 2 0 0 0 2 1 1 0 0 2 0 0 1 0 2 0 0 0 2 
0 0 1 0 2 2 16 18 18 0 2 0 0 1 0 17 17 17 0 0 0 0 1 0 16 16 16 0 1 0 34 32 33 0 0 2 0 1 2 34 32 32 0 1 2 0 0 0 34 32 32 0 0 1 0 0 0 0 0 0 33 33 34 0 0 0 2 1 1 32 32 34 0 0 1 0 2 0 32 32 34 
0
0 0 1 0 2 1 0 0 2 
0 0 1 0 2 2 0 2 2 0 2 0 0 1 0 1 1 1 0 0 0 0 1 0 0 0 0 0 1 0 2 0 1 1 0 2 0 1 2 2 0 0 0 1 2 0 0 0 2 0 0 0 0 1 0 0 0 0 0 0 1 1 2 0 0 0 2 1 1 0 0 2 0 0 1 0 2 0 0 0 2 
0 0 1 0 2 2 16 18 18 0 2 0 0 1 0 17 17 17 0 0 0 0 1 0 16 16 16 0 1 0 34 32 33 17 16 18 0 1 2 34 32 32 16 17 18 0 0 0 34 32 32 16 16 17 0 0 0 0 0 0 33 33 34 0 0 0 2 1 1 32 32 34 0 0 1 0 2 0 32 32 34 
0
0 0 1 0 2 1 0 0 2 
0 0 1 0 2 2 0 2 2 0 2 0 0 1 0 1 1 1 0 0 2 0 1 0 0 0 0 0 1 0 2 0 1 1 0 2 0 1 2 2 0 0 0 1 2 0 0 0 2 0 0 0 0 1 0 0 0 0 0 0 1 1 2 0 0 0 2 1 1 0 0 2 0 0 1 0 2 0 0 0 2 
0 0 1 0 2 2 16 18 18 0 2 0 0 1 0 17 17 17 0 0 2 0 1 0 16 16 16 0 1 0 34 32 33 17 16 18 0 1 2 34 32 32 16 17 18 0 0 0 34 32 32 16 16 17 0 0 0 0 0 0 33 33 34 0 0 0 2 1 1 32 32 34 0 0 1 0 2 0 32 32 34 
0
0 0 1 0 2 1 0 0 2 
0 0 1 0 2 2 0 2 2 0 2 0 0 1 0 1 1 1 0 0 2 0 1 0 0 0 0 0 1 0 2 0 1 1 0 2 0 1 2 2 0 0 0 1 2 0 0 0 2 0 0 0 0 1 0 0 0 0 1 0 1 1 2 0 0 0 2 1 1 0 0 2 0 0 1 0 2 0 0 0 2 
0 0 1 0 2 2 16 18 18 0 2 0 0 1 0 17 17 17 0 0 2 0 1 0 16 16 16 0 1 0 34 32 33 17 16 18 0 1 2 34 32 32 16 17 18 0 0 0 34 32 32 16 16 17 0 0 0 0 1 0 33 33 34 0 0 0 2 1 1 32 32 34 0 0 1 0 2 0 32 32 34 
0
0 0 1 0 2 1 0 0 2 
0 0 1 0 2 2 0 2 2 0 2 0 0 1 2 1 1 1 0 0 2 0 1 0 0 0 0 0 1 0 2 0 1 1 0 2 0 1 2 2 0 0 0 1 2 0 0 0 2 0 0 0 0 1 0 0 0 0 1 0 1 1 2 0 0 0 2 1 1 0 0 2 0 0 1 0 2 0 0 0 2 
0 0 1 0 2 2 16 18 18 0 2 0 0 1 2 17 17 17 0 0 2 0 1 0 16 16 16 0 1 0 34 32 33 17 16 18 0 1 2 34 32 32 16 17 18 0 0 0 34 32 32 16 16 17 0 0 0 0 1 0 33 33 34 0 0 0 2 1 1 32 32 34 0 0 1 0 2 0 32 32 34 
0
0 0 1 0 2 1 0 0 2 
0 0 1 0 2 2 0 2 2 0 2 0 0 1 2 1 1 1 0 0 2 0 1 0 0 0 0 0 1 0 2 0 1 1 0 2 0 1 2 2 0 0 0 1 2 0 0 0 2 0 0 0 0 1 0 0 0 1 1 0 1 1 2 0 0 0 2 1 1 0 0 2 0 0 1 0 2 0 0 0 2 
0 0 1 0 2 2 16 18 18 0 2 0 0 1 2 17 17 17 0 0 2 0 1 0 16 16 16 0 1 0 34 32 33 17 16 18 0 1 2 34 32 32 16 17 18 0 0 0 34 32 32 16 16 17 0 0 0 1 1 0 33 33 34 0 0 0 2 1 1 32 32 34 0 0 1 0 2 0 32 32 34 
0
2 0 1 0 2 1 0 0 2 
2 0 1 0 2 2 0 2 2 0 2 0 0 1 2 1 1 1 0 0 2 0 1 0 0 0 0 0 1 0 2 0 1 1 0 2 0 1 2 2 0 0 0 1 2 0 0 0 2 0 0 0 0 1 0 0 0 1 1 0 1 1 2 0 0 0 2 1 1 0 0 2 0 0 1 0 2 0 0 0 2 
34 32 33 0 2 2 16 18 18 32 34 32 0 1 2 17 17 17 32 32 34 0 1 0 16 16 16 0 1 0 34 32 33 17 16 18 0 1 2 34 32 32 16 17 18 0 0 0 34 32 32 16 16 17 0 0 0 1 1 0 33 33 34 0 0 0 2 1 1 32 32 34 0 0 1 0 2 0 32 32 34 
0
2 0 1 0 2 1 0 0 2 
2 0 1 0 2 2 0 2 2 0 2 0 0 1 2 1 1 1 0 0 2 0 1 0 0 0 0 0 1 0 2 0 1 1 0 2 0 1 2 2 0 0 0 1 2 0 0 0 2 0 0 0 0 1 0 0 0 1 1 0 1 1 2 0 0 0 2 1 1 0 0 2 0 0 1 0 2 0 0 0 2 
34 32 33 0 2 2 16 18 18 32 34 32 0 1 2 17 17 17 32 32 34 0 1 0 16 16 16 0 1 0 34 32 33 17 16 18 0 1 2 34 32 32 16 17 18 0 0 0 34 32 32 16 16 17 0 0 0 1 1 0 33 33 34 0 0 0 2 1 1 32 32 34 0 0 1 0 2 0 32 32 34 
0
