0 0 0 0 0 0 0 0 0 
0 0 0 0 0 0 0 0 0 0 0 0 0 0 0 0 0 0 0 0 0 0 0 0 0 0 0 0 0 0 1 0 0 0 0 0 0 0 0 0 0 0 0 0 0 0 0 0 0 0 0 0 0 0 0 0 0 0 0 0 0 0 0 0 0 0 0 0 0 0 0 0 0 0 0 0 0 0 0 0 0 
0 0 0 0 0 0 0 0 0 0 0 0 0 0 0 0 0 0 0 0 0 0 0 0 0 0 0 0 0 0 1 0 0 0 0 0 0 0 0 0 0 0 0 0 0 0 0 0 0 0 0 0 0 0 0 0 0 0 0 0 0 0 0 0 0 0 0 0 0 0 0 0 0 0 0 0 0 0 0 0 0 
0
0 0 0 0 0 0 0 0 0 
0 0 0 0 0 0 0 0 0 0 0 2 0 0 0 0 0 0 0 0 0 0 0 0 0 0 0 0 0 0 1 0 0 0 0 0 0 0 0 0 0 0 0 0 0 0 0 0 0 0 0 0 0 0 0 0 0 0 0 0 0 0 0 0 0 0 0 0 0 0 0 0 0 0 0 0 0 0 0 0 0 
0 0 0 0 0 0 0 0 0 0 0 2 0 0 0 0 0 0 0 0 0 0 0 0 0 0 0 0 0 0 1 0 0 0 0 0 0 0 0 0 0 0 0 0 0 0 0 0 0 0 0 0 0 0 0 0 0 0 0 0 0 0 0 0 0 0 0 0 0 0 0 0 0 0 0 0 0 0 0 0 0 
0
0 0 0 0 0 0 0 0 0 
0 0 0 0 0 0 0 0 0 0 0 2 0 0 0 0 0 0 0 0 0 0 0 0 0 0 0 0 0 0 1 0 0 0 0 1 0 0 0 0 0 0 0 0 0 0 0 0 0 0 0 0 0 0 0 0 0 0 0 0 0 0 0 0 0 0 0 0 0 0 0 0 0 0 0 0 0 0 0 0 0 
0 0 0 0 0 0 0 0 0 0 0 2 0 0 0 0 0 0 0 0 0 0 0 0 0 0 0 0 0 0 1 0 0 0 0 1 0 0 0 0 0 0 0 0 0 0 0 0 0 0 0 0 0 0 0 0 0 0 0 0 0 0 0 0 0 0 0 0 0 0 0 0 0 0 0 0 0 0 0 0 0 
0
0 0 0 0 0 0 0 0 0 
0 0 0 0 0 0 0 0 0 0 0 2 0 0 0 2 0 0 0 0 0 0 0 0 0 0 0 0 0 0 1 0 0 0 0 1 0 0 0 0 0 0 0 0 0 0 0 0 0 0 0 0 0 0 0 0 0 0 0 0 0 0 0 0 0 0 0 0 0 0 0 0 0 0 0 0 0 0 0 0 0 
0 0 0 0 0 0 0 0 0 0 0 2 0 0 0 2 0 0 0 0 0 0 0 0 0 0 0 0 0 0 1 0 0 0 0 1 0 0 0 0 0 0 0 0 0 0 0 0 0 0 0 0 0 0 0 0 0 0 0 0 0 0 0 0 0 0 0 0 0 0 0 0 0 0 0 0 0 0 0 0 0 
0
0 0 0 0 0 0 0 0 0 
0 0 0 0 0 0 0 0 0 0 0 2 0 0 0 2 0 0 0 0 0 0 0 0 0 0 0 0 1 0 1 0 0 0 0 1 0 0 0 0 0 0 0 0 0 0 0 0 0 0 0 0 0 0 0 0 0 0 0 0 0 0 0 0 0 0 0 0 0 0 0 0 0 0 0 0 0 0 0 0 0 
0 0 0 0 0 0 0 0 0 0 0 2 0 0 0 2 0 0 0 0 0 0 0 0 0 0 0 0 1 0 1 0 0 0 0 1 0 0 0 0 0 0 0 0 0 0 0 0 0 0 0 0 0 0 0 0 0 0 0 0 0 0 0 0 0 0 0 0 0 0 0 0 0 0 0 0 0 0 0 0 0 
0
0 0 0 0 0 0 0 0 0 
0 0 0 0 0 0 0 0 0 0 0 2 0 0 0 2 0 0 0 0 0 0 2 0 0 0 0 0 1 0 1 0 0 0 0 1 0 0 0 0 0 0 0 0 0 0 0 0 0 0 0 0 0 0 0 0 0 0 0 0 0 0 0 0 0 0 0 0 0 0 0 0 0 0 0 0 0 0 0 0 0 
0 0 0 0 0 0 0 0 0 0 0 2 0 0 0 2 0 0 0 0 0 0 2 0 0 0 0 0 1 0 1 0 0 0 0 1 0 0 0 0 0 0 0 0 0 0 0 0 0 0 0 0 0 0 0 0 0 0 0 0 0 0 0 0 0 0 0 0 0 0 0 0 0 0 0 0 0 0 0 0 0 
0
0 0 0 0 0 0 0 0 0 
0 0 0 0 0 0 0 0 0 0 0 2 0 0 0 2 0 0 0 0 0 0 2 0 0 0 0 0 1 0 1 0 0 0 0 1 0 0 0 0 0 0 0 0 0 0 0 0 0 0 0 0 0 0 0 0 0 0 0 0 0 0 0 0 0 0 1 0 0 0 0 0 0 0 0 0 0 0 0 0 0 
0 0 0 0 0 0 0 0 0 0 0 2 0 0 0 2 0 0 0 0 0 0 2 0 0 0 0 0 1 0 1 0 0 0 0 1 0 0 0 0 0 0 0 0 0 0 0 0 0 0 0 0 0 0 0 0 0 0 0 0 0 0 0 0 0 0 1 0 0 0 0 0 0 0 0 0 0 0 0 0 0 
0
0 0 0 0 0 0 0 0 0 
0 0 0 0 0 0 0 0 0 0 0 2 0 0 0 2 0 0 0 0 0 0 2 0 0 0 0 0 1 2 1 0 0 0 0 1 0 0 0 0 0 0 0 0 0 0 0 0 0 0 0 0 0 0 0 0 0 0 0 0 0 0 0 0 0 0 1 0 0 0 0 0 0 0 0 0 0 0 0 0 0 
0 0 0 0 0 0 0 0 0 0 0 2 0 0 0 2 0 0 0 0 0 0 2 0 0 0 0 0 1 2 1 0 0 0 0 1 0 0 0 0 0 0 0 0 0 0 0 0 0 0 0 0 0 0 0 0 0 0 0 0 0 0 0 0 0 0 1 0 0 0 0 0 0 0 0 0 0 0 0 0 0 
0
0 0 0 0 0 0 0 0 0 
0 0 0 0 0 0 0 0 0 0 0 2 0 0 0 2 1 0 0 0 0 0 2 0 0 0 0 0 1 2 1 0 0 0 0 1 0 0 0 0 0 0 0 0 0 0 0 0 0 0 0 0 0 0 0 0 0 0 0 0 0 0 0 0 0 0 1 0 0 0 0 0 0 0 0 0 0 0 0 0 0 
0 0 0 0 0 0 0 0 0 0 0 2 0 0 0 2 1 0 0 0 0 0 2 0 0 0 0 0 1 2 1 0 0 0 0 1 0 0 0 0 0 0 0 0 0 0 0 0 0 0 0 0 0 0 0 0 0 0 0 0 0 0 0 0 0 0 1 0 0 0 0 0 0 0 0 0 0 0 0 0 0 
0
0 0 0 0 0 0 0 0 0 
0 0 0 0 0 0 0 0 0 0 0 2 0 0 0 2 1 0 0 0 0 0 2 0 0 0 0 0 1 2 1 0 0 0 0 1 0 0 0 0 0 0 0 0 0 0 0 0 0 0 2 0 0 0 0 0 0 0 0 0 0 0 0 0 0 0 1 0 0 0 0 0 0 0 0 0 0 0 0 0 0 
0 0 0 0 0 0 0 0 0 0 0 2 0 0 0 2 1 0 0 0 0 0 2 0 0 0 0 0 1 2 1 0 0 0 0 1 0 0 0 0 0 0 0 0 0 0 0 0 0 0 2 0 0 0 0 0 0 0 0 0 0 0 0 0 0 0 1 0 0 0 0 0 0 0 0 0 0 0 0 0 0 
0
0 0 0 0 0 0 0 0 0 
0 0 0 0 0 0 0 0 0 0 0 2 0 0 0 2 1 0 0 0 0 0 2 0 0 0 0 0 1 2 1 0 0 0 0 1 0 0 0 0 0 0 0 0 0 0 0 0 0 0 2 0 0 0 0 0 0 0 0 0 0 0 0 0 0 0 1 0 0 0 0 1 0 0 0 0 0 0 0 0 0 
0 0 0 0 0 0 0 0 0 0 0 2 0 0 0 2 1 0 0 0 0 0 2 0 0 0 0 0 1 2 1 0 0 0 0 1 0 0 0 0 0 0 0 0 0 0 0 0 0 0 2 0 0 0 0 0 0 0 0 0 0 0 0 0 0 0 1 0 0 0 0 1 0 0 0 0 0 0 0 0 0 
0
0 0 0 0 0 0 0 0 0 
0 0 0 0 0 0 0 0 0 0 0 2 0 0 0 2 1 0 0 0 0 0 2 0 0 0 0 0 1 2 1 0 0 0 2 1 0 0 0 0 0 0 0 0 0 0 0 0 0 0 2 0 0 0 0 0 0 0 0 0 0 0 0 0 0 0 1 0 0 0 0 1 0 0 0 0 0 0 0 0 0 
0 0 0 0 0 0 0 0 0 0 0 2 0 0 0 2 1 0 0 0 0 0 2 0 0 0 0 0 1 2 1 0 0 0 2 1 0 0 0 0 0 0 0 0 0 0 0 0 0 0 2 0 0 0 0 0 0 0 0 0 0 0 0 0 0 0 1 0 0 0 0 1 0 0 0 0 0 0 0 0 0 
0
0 0 0 0 0 0 0 0 0 
0 0 0 1 0 0 0 0 0 0 0 2 0 0 0 2 1 0 0 0 0 0 2 0 0 0 0 0 1 2 1 0 0 0 2 1 0 0 0 0 0 0 0 0 0 0 0 0 0 0 2 0 0 0 0 0 0 0 0 0 0 0 0 0 0 0 1 0 0 0 0 1 0 0 0 0 0 0 0 0 0 
0 0 0 1 0 0 0 0 0 0 0 2 0 0 0 2 1 0 0 0 0 0 2 0 0 0 0 0 1 2 1 0 0 0 2 1 0 0 0 0 0 0 0 0 0 0 0 0 0 0 2 0 0 0 0 0 0 0 0 0 0 0 0 0 0 0 1 0 0 0 0 1 0 0 0 0 0 0 0 0 0 
0
0 0 0 0 0 0 0 0 0 
0 0 0 1 0 0 0 0 0 2 0 2 0 0 0 2 1 0 0 0 0 0 2 0 0 0 0 0 1 2 1 0 0 0 2 1 0 0 0 0 0 0 0 0 0 0 0 0 0 0 2 0 0 0 0 0 0 0 0 0 0 0 0 0 0 0 1 0 0 0 0 1 0 0 0 0 0 0 0 0 0 
0 0 0 1 0 0 0 0 0 2 0 2 0 0 0 2 1 0 0 0 0 0 2 0 0 0 0 0 1 2 1 0 0 0 2 1 0 0 0 0 0 0 0 0 0 0 0 0 0 0 2 0 0 0 0 0 0 0 0 0 0 0 0 0 0 0 1 0 0 0 0 1 0 0 0 0 0 0 0 0 0 
0
0 0 0 0 0 0 0 0 0 
0 0 0 1 0 0 0 0 0 2 0 2 0 0 0 2 1 0 0 0 0 0 2 0 0 0 0 0 1 2 1 0 0 0 2 1 0 0 0 0 0 0 0 0 0 0 1 0 0 0 2 0 0 0 0 0 0 0 0 0 0 0 0 0 0 0 1 0 0 0 0 1 0 0 0 0 0 0 0 0 0 
0 0 0 1 0 0 0 0 0 2 0 2 0 0 0 2 1 0 0 0 0 0 2 0 0 0 0 0 1 2 1 0 0 0 2 1 0 0 0 0 0 0 0 0 0 0 1 0 0 0 2 0 0 0 0 0 0 0 0 0 0 0 0 0 0 0 1 0 0 0 0 1 0 0 0 0 0 0 0 0 0 
0
0 0 0 0 0 0 0 0 0 
0 0 0 1 0 0 0 0 0 2 0 2 0 0 0 2 1 0 0 0 0 0 2 0 0 0 0 0 1 2 1 0 0 0 2 1 0 0 0 0 0 0 0 0 0 0 1 0 0 0 2 0 0 0 0 0 0 2 0 0 0 0 0 0 0 0 1 0 0 0 0 1 0 0 0 0 0 0 0 0 0 
0 0 0 1 0 0 0 0 0 2 0 2 0 0 0 2 1 0 0 0 0 0 2 0 0 0 0 0 1 2 1 0 0 0 2 1 0 0 0 0 0 0 0 0 0 0 1 0 0 0 2 0 0 0 0 0 0 2 0 0 0 0 0 0 0 0 1 0 0 0 0 1 0 0 0 0 0 0 0 0 0 
0
0 0 0 0 0 0 0 0 0 
0 0 0 1 0 0 0 0 0 2 1 2 0 0 0 2 1 0 0 0 0 0 2 0 0 0 0 0 1 2 1 0 0 0 2 1 0 0 0 0 0 0 0 0 0 0 1 0 0 0 2 0 0 0 0 0 0 2 0 0 0 0 0 0 0 0 1 0 0 0 0 1 0 0 0 0 0 0 0 0 0 
0 0 0 1 0 0 0 0 0 2 1 2 0 0 0 2 1 0 0 0 0 0 2 0 0 0 0 0 1 2 1 0 0 0 2 1 0 0 0 0 0 0 0 0 0 0 1 0 0 0 2 0 0 0 0 0 0 2 0 0 0 0 0 0 0 0 1 0 0 0 0 1 0 0 0 0 0 0 0 0 0 
0
0 0 0 0 0 0 0 0 0 
0 0 0 1 0 0 0 0 0 2 1 2 0 0 0 2 1 0 0 0 0 0 2 0 0 0 0 0 1 2 1 0 0 0 2 1 0 0 0 0 0 0 0 0 0 0 1 0 0 2 2 0 0 0 0 0 0 2 0 0 0 0 0 0 0 0 1 0 0 0 0 1 0 0 0 0 0 0 0 0 0 
0 0 0 1 0 0 0 0 0 2 1 2 0 0 0 2 1 0 0 0 0 0 2 0 0 0 0 0 1 2 1 0 0 0 2 1 0 0 0 0 0 0 0 0 0 0 1 0 0 2 2 0 0 0 0 0 0 2 0 0 0 0 0 0 0 0 1 0 0 0 0 1 0 0 0 0 0 0 0 0 0 
0
0 0 0 0 0 0 0 0 0 
0 0 0 1 0 0 0 0 0 2 1 2 0 0 0 2 1 0 0 0 0 0 2 0 0 0 0 0 1 2 1 0 0 0 2 1 0 0 0 0 0 0 0 0 0 0 1 0 0 2 2 0 0 0 0 0 0 2 0 0 0 0 0 0 0 0 1 0 1 0 0 1 0 0 0 0 0 0 0 0 0 
0 0 0 1 0 0 0 0 0 2 1 2 0 0 0 2 1 0 0 0 0 0 2 0 0 0 0 0 1 2 1 0 0 0 2 1 0 0 0 0 0 0 0 0 0 0 1 0 0 2 2 0 0 0 0 0 0 2 0 0 0 0 0 0 0 0 1 0 1 0 0 1 0 0 0 0 0 0 0 0 0 
0
0 0 0 0 0 0 0 0 0 
0 0 0 1 0 0 0 0 0 2 1 2 0 0 0 2 1 0 0 0 0 0 2 0 0 0 0 0 1 2 1 0 0 0 2 1 0 0 0 0 0 0 0 0 0 0 1 0 0 2 2 0 2 0 0 0 0 2 0 0 0 0 0 0 0 0 1 0 1 0 0 1 0 0 0 0 0 0 0 0 0 
0 0 0 1 0 0 0 0 0 2 1 2 0 0 0 2 1 0 0 0 0 0 2 0 0 0 0 0 1 2 1 0 0 0 2 1 0 0 0 0 0 0 0 0 0 0 1 0 0 2 2 0 2 0 0 0 0 2 0 0 0 0 0 0 0 0 1 0 1 0 0 1 0 0 0 0 0 0 0 0 0 
0
0 0 0 0 0 0 0 0 0 
0 0 0 1 0 0 0 0 0 2 1 2 0 0 0 2 1 0 0 0 0 0 2 0 0 0 0 0 1 2 1 0 0 0 2 1 0 0 0 0 0 0 0 0 0 0 1 0 0 2 2 0 2 0 0 0 0 2 0 1 0 0 0 0 0 0 1 0 1 0 0 1 0 0 0 0 0 0 0 0 0 
0 0 0 1 0 0 0 0 0 2 1 2 0 0 0 2 1 0 0 0 0 0 2 0 0 0 0 0 1 2 1 0 0 0 2 1 0 0 0 0 0 0 0 0 0 0 1 0 0 2 2 0 2 0 0 0 0 2 0 1 0 0 0 0 0 0 1 0 1 0 0 1 0 0 0 0 0 0 0 0 0 
0
0 0 0 0 0 0 0 0 0 
0 0 0 1 0 0 0 0 0 2 1 2 0 0 0 2 1 0 0 0 0 0 2 0 2 0 0 0 1 2 1 0 0 0 2 1 0 0 0 0 0 0 0 0 0 0 1 0 0 2 2 0 2 0 0 0 0 2 0 1 0 0 0 0 0 0 1 0 1 0 0 1 0 0 0 0 0 0 0 0 0 
0 0 0 1 0 0 0 0 0 2 1 2 0 0 0 2 1 0 0 0 0 0 2 0 2 0 0 0 1 2 1 0 0 0 2 1 0 0 0 0 0 0 0 0 0 0 1 0 0 2 2 0 2 0 0 0 0 2 0 1 0 0 0 0 0 0 1 0 1 0 0 1 0 0 0 0 0 0 0 0 0 
0
0 0 0 0 0 0 0 0 0 
0 0 0 1 0 0 0 0 0 2 1 2 0 0 0 2 1 0 0 0 0 0 2 0 2 0 0 0 1 2 1 0 0 0 2 1 0 0 0 0 0 0 0 0 0 0 1 0 0 2 2 0 2 0 0 0 0 2 0 1 0 0 0 0 0 0 1 0 1 0 0 1 0 0 1 0 0 0 0 0 0 
0 0 0 1 0 0 0 0 0 2 1 2 0 0 0 2 1 0 0 0 0 0 2 0 2 0 0 0 1 2 1 0 0 0 2 1 0 0 0 0 0 0 0 0 0 0 1 0 0 2 2 0 2 0 0 0 0 2 0 1 0 0 0 0 0 0 1 0 1 0 0 1 0 0 1 0 0 0 0 0 0 
0
0 0 0 0 0 0 0 0 0 
0 0 0 1 0 0 0 0 0 2 1 2 0 0 0 2 1 0 0 0 0 0 2 0 2 0 0 0 1 2 1 0 0 0 2 1 0 0 0 0 0 0 0 0 0 0 1 0 0 2 2 0 2 0 0 0 0 2 0 1 0 2 0 0 0 0 1 0 1 0 0 1 0 0 1 0 0 0 0 0 0 
0 0 0 1 0 0 0 0 0 2 1 2 0 0 0 2 1 0 0 0 0 0 2 0 2 0 0 0 1 2 1 0 0 0 2 1 0 0 0 0 0 0 0 0 0 0 1 0 0 2 2 0 2 0 0 0 0 2 0 1 0 2 0 0 0 0 1 0 1 0 0 1 0 0 1 0 0 0 0 0 0 
0
0 0 0 0 0 0 0 0 0 
0 0 0 1 0 0 0 0 0 2 1 2 0 0 0 2 1 0 0 0 0 1 2 0 2 0 0 0 1 2 1 0 0 0 2 1 0 0 0 0 0 0 0 0 0 0 1 0 0 2 2 0 2 0 0 0 0 2 0 1 0 2 0 0 0 0 1 0 1 0 0 1 0 0 1 0 0 0 0 0 0 
0 0 0 1 0 0 0 0 0 2 1 2 0 0 0 2 1 0 0 0 0 1 2 0 2 0 0 0 1 2 1 0 0 0 2 1 0 0 0 0 0 0 0 0 0 0 1 0 0 2 2 0 2 0 0 0 0 2 0 1 0 2 0 0 0 0 1 0 1 0 0 1 0 0 1 0 0 0 0 0 0 
0
0 0 0 0 0 0 0 0 0 
0 0 0 1 0 0 0 0 0 2 1 2 0 0 0 2 1 0 0 0 0 1 2 0 2 0 0 0 1 2 1 0 0 0 2 1 0 0 0 0 0 0 0 0 0 0 1 0 0 2 2 0 2 0 0 0 0 2 0 1 0 2 0 2 0 0 1 0 1 0 0 1 0 0 1 0 0 0 0 0 0 
0 0 0 1 0 0 0 0 0 2 1 2 0 0 0 2 1 0 0 0 0 1 2 0 2 0 0 0 1 2 1 0 0 0 2 1 0 0 0 0 0 0 0 0 0 0 1 0 0 2 2 0 2 0 0 0 0 2 0 1 0 2 0 2 0 0 1 0 1 0 0 1 0 0 1 0 0 0 0 0 0 
0
0 0 0 0 0 0 0 0 0 
0 0 0 1 0 0 0 0 0 2 1 2 0 0 0 2 1 0 0 0 0 1 2 0 2 0 0 0 1 2 1 0 0 0 2 1 0 0 0 0 0 0 0 0 0 1 1 0 0 2 2 0 2 0 0 0 0 2 0 1 0 2 0 2 0 0 1 0 1 0 0 1 0 0 1 0 0 0 0 0 0 
0 0 0 1 0 0 0 0 0 2 1 2 0 0 0 2 1 0 0 0 0 1 2 0 2 0 0 0 1 2 1 0 0 0 2 1 0 0 0 0 0 0 0 0 0 1 1 0 0 2 2 0 2 0 0 0 0 2 0 1 0 2 0 2 0 0 1 0 1 0 0 1 0 0 1 0 0 0 0 0 0 
0
0 0 0 0 0 0 0 0 0 
0 0 0 1 0 0 0 0 0 2 1 2 0 0 0 2 1 0 0 0 0 1 2 0 2 0 0 0 1 2 1 0 0 0 2 1 0 0 0 0 0 0 0 0 0 1 1 0 0 2 2 0 2 0 0 0 0 2 0 1 0 2 0 2 0 2 1 0 1 0 0 1 0 0 1 0 0 0 0 0 0 
0 0 0 1 0 0 0 0 0 2 1 2 0 0 0 2 1 0 0 0 0 1 2 0 2 0 0 0 1 2 1 0 0 0 2 1 0 0 0 0 0 0 0 0 0 1 1 0 0 2 2 0 2 0 0 0 0 2 0 1 0 2 0 2 0 2 1 0 1 0 0 1 0 0 1 0 0 0 0 0 0 
0
0 0 0 0 0 0 0 0 0 
0 0 0 1 0 0 0 0 0 2 1 2 0 0 0 2 1 0 0 0 0 1 2 0 2 0 0 0 1 2 1 0 0 0 2 1 0 0 0 0 0 0 0 0 0 1 1 0 0 2 2 0 2 1 0 0 0 2 0 1 0 2 0 2 0 2 1 0 1 0 0 1 0 0 1 0 0 0 0 0 0 
0 0 0 1 0 0 0 0 0 2 1 2 0 0 0 2 1 0 0 0 0 1 2 0 2 0 0 0 1 2 1 0 0 0 2 1 0 0 0 0 0 0 0 0 0 1 1 0 0 2 2 0 2 1 0 0 0 2 0 1 0 2 0 2 0 2 1 0 1 0 0 1 0 0 1 0 0 0 0 0 0 
0
0 0 0 0 0 0 0 0 0 
0 0 0 1 0 0 0 0 0 2 1 2 0 0 0 2 1 0 0 0 0 1 2 0 2 0 0 0 1 2 1 0 0 0 2 1 0 0 0 0 0 0 0 0 0 1 1 0 0 2 2 0 2 1 0 0 0 2 0 1 0 2 0 2 0 2 1 0 1 0 0 1 0 0 1 0 0 0 0 2 0 
0 0 0 1 0 0 0 0 0 2 1 2 0 0 0 2 1 0 0 0 0 1 2 0 2 0 0 0 1 2 1 0 0 0 2 1 0 0 0 0 0 0 0 0 0 1 1 0 0 2 2 0 2 1 0 0 0 2 0 1 0 2 0 2 0 2 1 0 1 0 0 1 0 0 1 0 0 0 0 2 0 
0
0 0 0 0 0 0 0 1 0 
0 0 0 1 0 0 0 0 0 2 1 2 0 0 0 2 1 0 0 0 0 1 2 0 2 0 0 0 1 2 1 0 0 0 2 1 0 0 0 0 0 0 0 0 0 1 1 0 0 2 2 0 2 1 0 0 0 2 0 1 0 2 0 2 0 2 1 0 1 0 0 1 0 0 1 0 0 1 0 2 0 
0 0 0 1 0 0 0 0 0 2 1 2 0 0 0 2 1 0 0 0 0 1 2 0 2 0 0 0 1 2 1 0 0 0 2 1 0 0 0 0 0 0 0 0 0 1 1 0 0 2 2 0 2 1 0 0 0 18 16 17 0 2 0 2 0 2 17 16 17 0 0 1 0 0 1 16 16 17 0 2 0 
0
0 0 0 0 0 0 0 1 2 
0 0 0 1 0 0 0 0 0 2 1 2 0 0 0 2 1 0 0 0 0 1 2 0 2 0 0 0 1 2 1 0 0 0 2 1 0 0 0 0 0 0 0 0 0 1 1 0 0 2 2 0 2 1 0 0 0 2 0 1 0 2 0 2 0 2 1 0 1 0 2 1 0 0 1 0 0 1 0 2 0 
0 0 0 1 0 0 0 0 0 2 1 2 0 0 0 2 1 0 0 0 0 1 2 0 2 0 0 0 1 2 1 0 0 0 2 1 0 0 0 0 0 0 0 0 0 1 1 0 0 2 2 0 2 1 0 0 0 18 16 17 32 34 32 2 0 2 17 16 17 32 34 33 0 0 1 16 16 17 32 34 32 
0
0 0 0 0 0 0 0 1 2 
0 0 0 1 0 0 0 0 0 2 1 2 0 0 0 2 1 0 0 0 0 1 2 0 2 0 0 0 1 2 1 0 0 0 2 1 0 0 0 0 0 0 0 0 0 1 1 0 1 2 2 0 2 1 0 0 0 2 0 1 0 2 0 2 0 2 1 0 1 0 2 1 0 0 1 0 0 1 0 2 0 
0 0 0 1 0 0 0 0 0 2 1 2 0 0 0 2 1 0 0 0 0 1 2 0 2 0 0 0 1 2 1 0 0 0 2 1 0 0 0 0 0 0 0 0 0 1 1 0 1 2 2 0 2 1 0 0 0 18 16 17 32 34 32 2 0 2 17 16 17 32 34 33 0 0 1 16 16 17 32 34 32 
0
0 0 0 0 0 0 0 1 2 
0 0 0 1 0 0 0 0 0 2 1 2 0 0 0 2 1 0 0 0 0 1 2 0 2 0 0 0 1 2 1 0 0 0 2 1 0 0 0 0 0 0 0 0 0 1 1 0 1 2 2 0 2 1 0 0 0 2 0 1 0 2 0 2 0 2 1 0 1 0 2 1 2 0 1 0 0 1 0 2 0 
0 0 0 1 0 0 0 0 0 2 1 2 0 0 0 2 1 0 0 0 0 1 2 0 2 0 0 0 1 2 1 0 0 0 2 1 0 0 0 0 0 0 0 0 0 1 1 0 1 2 2 0 2 1 0 0 0 18 16 17 32 34 32 2 0 2 17 16 17 32 34 33 2 0 1 16 16 17 32 34 32 
0
0 0 0 0 0 0 0 1 2 
0 0 0 1 0 0 0 0 0 2 1 2 0 0 0 2 1 0 0 0 0 1 2 0 2 0 0 0 1 2 1 0 0 0 2 1 0 0 0 0 0 0 0 0 0 1 1 0 1 2 2 0 2 1 1 0 0 2 0 1 0 2 0 2 0 2 1 0 1 0 2 1 2 0 1 0 0 1 0 2 0 
0 0 0 1 0 0 0 0 0 2 1 2 0 0 0 2 1 0 0 0 0 1 2 0 2 0 0 0 1 2 1 0 0 0 2 1 0 0 0 0 0 0 0 0 0 1 1 0 1 2 2 0 2 1 1 0 0 18 16 17 32 34 32 2 0 2 17 16 17 32 34 33 2 0 1 16 16 17 32 34 32 
0
0 0 0 0 0 0 0 1 2 
0 0 0 1 0 0 0 0 0 2 1 2 0 0 0 2 1 0 2 0 0 1 2 0 2 0 0 0 1 2 1 0 0 0 2 1 0 0 0 0 0 0 0 0 0 1 1 0 1 2 2 0 2 1 1 0 0 2 0 1 0 2 0 2 0 2 1 0 1 0 2 1 2 0 1 0 0 1 0 2 0 
0 0 0 1 0 0 0 0 0 2 1 2 0 0 0 2 1 0 2 0 0 1 2 0 2 0 0 0 1 2 1 0 0 0 2 1 0 0 0 0 0 0 0 0 0 1 1 0 1 2 2 0 2 1 1 0 0 18 16 17 32 34 32 2 0 2 17 16 17 32 34 33 2 0 1 16 16 17 32 34 32 
0
0 0 0 0 0 0 1 1 2 
0 0 0 1 0 0 0 0 0 2 1 2 0 0 0 2 1 0 2 0 0 1 2 0 2 0 0 0 1 2 1 0 0 0 2 1 0 0 0 0 0 0 0 0 0 1 1 0 1 2 2 0 2 1 1 0 0 2 0 1 0 2 0 2 1 2 1 0 1 0 2 1 2 0 1 0 0 1 0 2 0 
0 0 0 1 0 0 0 0 0 2 1 2 0 0 0 2 1 0 2 0 0 1 2 0 2 0 0 0 1 2 1 0 0 0 2 1 0 0 0 0 0 0 0 0 0 1 1 0 1 2 2 0 2 1 17 16 16 18 16 17 32 34 32 18 17 18 17 16 17 32 34 33 18 16 17 16 16 17 32 34 32 
0
0 0 0 0 0 0 1 1 2 
0 0 0 1 0 0 0 0 0 2 1 2 0 0 0 2 1 0 2 0 0 1 2 0 2 0 0 0 1 2 1 0 0 0 2 1 0 0 0 2 0 0 0 0 0 1 1 0 1 2 2 0 2 1 1 0 0 2 0 1 0 2 0 2 1 2 1 0 1 0 2 1 2 0 1 0 0 1 0 2 0 
0 0 0 1 0 0 0 0 0 2 1 2 0 0 0 2 1 0 2 0 0 1 2 0 2 0 0 0 1 2 1 0 0 0 2 1 0 0 0 2 0 0 0 0 0 1 1 0 1 2 2 0 2 1 17 16 16 18 16 17 32 34 32 18 17 18 17 16 17 32 34 33 18 16 17 16 16 17 32 34 32 
0
0 0 0 1 0 0 1 1 2 
0 0 0 1 0 0 0 0 0 2 1 2 0 0 0 2 1 0 2 0 0 1 2 0 2 0 0 0 1 2 1 0 0 0 2 1 0 1 0 2 0 0 0 0 0 1 1 0 1 2 2 0 2 1 1 0 0 2 0 1 0 2 0 2 1 2 1 0 1 0 2 1 2 0 1 0 0 1 0 2 0 
0 0 0 1 0 0 0 0 0 2 1 2 0 0 0 2 1 0 2 0 0 1 2 0 2 0 0 16 17 18 1 0 0 0 2 1 16 17 16 2 0 0 0 0 0 17 17 16 1 2 2 0 2 1 17 16 16 18 16 17 32 34 32 18 17 18 17 16 17 32 34 33 18 16 17 16 16 17 32 34 32 
0
0 0 0 1 0 0 1 1 2 
0 0 0 1 0 0 0 0 0 2 1 2 0 0 0 2 1 0 2 0 0 1 2 0 2 0 0 0 1 2 1 2 0 0 2 1 0 1 0 2 0 0 0 0 0 1 1 0 1 2 2 0 2 1 1 0 0 2 0 1 0 2 0 2 1 2 1 0 1 0 2 1 2 0 1 0 0 1 0 2 0 
0 0 0 1 0 0 0 0 0 2 1 2 0 0 0 2 1 0 2 0 0 1 2 0 2 0 0 16 17 18 1 2 0 0 2 1 16 17 16 2 0 0 0 0 0 17 17 16 1 2 2 0 2 1 17 16 16 18 16 17 32 34 32 18 17 18 17 16 17 32 34 33 18 16 17 16 16 17 32 34 32 
0
0 0 0 1 0 0 1 1 2 
0 0 0 1 1 0 0 0 0 2 1 2 0 0 0 2 1 0 2 0 0 1 2 0 2 0 0 0 1 2 1 2 0 0 2 1 0 1 0 2 0 0 0 0 0 1 1 0 1 2 2 0 2 1 1 0 0 2 0 1 0 2 0 2 1 2 1 0 1 0 2 1 2 0 1 0 0 1 0 2 0 
0 0 0 1 1 0 0 0 0 2 1 2 0 0 0 2 1 0 2 0 0 1 2 0 2 0 0 16 17 18 1 2 0 0 2 1 16 17 16 2 0 0 0 0 0 17 17 16 1 2 2 0 2 1 17 16 16 18 16 17 32 34 32 18 17 18 17 16 17 32 34 33 18 16 17 16 16 17 32 34 32 
0
0 0 0 1 0 0 1 1 2 
0 0 0 1 1 0 0 0 0 2 1 2 0 0 2 2 1 0 2 0 0 1 2 0 2 0 0 0 1 2 1 2 0 0 2 1 0 1 0 2 0 0 0 0 0 1 1 0 1 2 2 0 2 1 1 0 0 2 0 1 0 2 0 2 1 2 1 0 1 0 2 1 2 0 1 0 0 1 0 2 0 
0 0 0 1 1 0 0 0 0 2 1 2 0 0 2 2 1 0 2 0 0 1 2 0 2 0 0 16 17 18 1 2 0 0 2 1 16 17 16 2 0 0 0 0 0 17 17 16 1 2 2 0 2 1 17 16 16 18 16 17 32 34 32 18 17 18 17 16 17 32 34 33 18 16 17 16 16 17 32 34 32 
0
0 0 0 1 0 0 1 1 2 
0 0 0 1 1 0 0 0 0 2 1 2 0 0 2 2 1 0 2 0 0 1 2 0 2 0 0 0 1 2 1 2 0 0 2 1 0 1 0 2 0 0 0 1 0 1 1 0 1 2 2 0 2 1 1 0 0 2 0 1 0 2 0 2 1 2 1 0 1 0 2 1 2 0 1 0 0 1 0 2 0 
0 0 0 1 1 0 0 0 0 2 1 2 0 0 2 2 1 0 2 0 0 1 2 0 2 0 0 16 17 18 1 2 0 0 2 1 16 17 16 2 0 0 0 1 0 17 17 16 1 2 2 0 2 1 17 16 16 18 16 17 32 34 32 18 17 18 17 16 17 32 34 33 18 16 17 16 16 17 32 34 32 
0
0 0 0 1 0 0 1 1 2 
0 0 0 1 1 0 0 0 0 2 1 2 0 0 2 2 1 0 2 0 0 1 2 0 2 0 0 0 1 2 1 2 2 0 2 1 0 1 0 2 0 0 0 1 0 1 1 0 1 2 2 0 2 1 1 0 0 2 0 1 0 2 0 2 1 2 1 0 1 0 2 1 2 0 1 0 0 1 0 2 0 
0 0 0 1 1 0 0 0 0 2 1 2 0 0 2 2 1 0 2 0 0 1 2 0 2 0 0 16 17 18 1 2 2 0 2 1 16 17 16 2 0 0 0 1 0 17 17 16 1 2 2 0 2 1 17 16 16 18 16 17 32 34 32 18 17 18 17 16 17 32 34 33 18 16 17 16 16 17 32 34 32 
0
0 0 0 1 0 0 1 1 2 
0 0 0 1 1 0 0 1 0 2 1 2 0 0 2 2 1 0 2 0 0 1 2 0 2 0 0 0 1 2 1 2 2 0 2 1 0 1 0 2 0 0 0 1 0 1 1 0 1 2 2 0 2 1 1 0 0 2 0 1 0 2 0 2 1 2 1 0 1 0 2 1 2 0 1 0 0 1 0 2 0 
0 0 0 1 1 0 0 1 0 2 1 2 0 0 2 2 1 0 2 0 0 1 2 0 2 0 0 16 17 18 1 2 2 0 2 1 16 17 16 2 0 0 0 1 0 17 17 16 1 2 2 0 2 1 17 16 16 18 16 17 32 34 32 18 17 18 17 16 17 32 34 33 18 16 17 16 16 17 32 34 32 
0
0 0 0 1 0 0 1 1 2 
0 0 0 1 1 2 0 1 0 2 1 2 0 0 2 2 1 0 2 0 0 1 2 0 2 0 0 0 1 2 1 2 2 0 2 1 0 1 0 2 0 0 0 1 0 1 1 0 1 2 2 0 2 1 1 0 0 2 0 1 0 2 0 2 1 2 1 0 1 0 2 1 2 0 1 0 0 1 0 2 0 
0 0 0 1 1 2 0 1 0 2 1 2 0 0 2 2 1 0 2 0 0 1 2 0 2 0 0 16 17 18 1 2 2 0 2 1 16 17 16 2 0 0 0 1 0 17 17 16 1 2 2 0 2 1 17 16 16 18 16 17 32 34 32 18 17 18 17 16 17 32 34 33 18 16 17 16 16 17 32 34 32 
0
0 0 0 1 0 0 1 1 2 
0 0 0 1 1 2 0 1 1 2 1 2 0 0 2 2 1 0 2 0 0 1 2 0 2 0 0 0 1 2 1 2 2 0 2 1 0 1 0 2 0 0 0 1 0 1 1 0 1 2 2 0 2 1 1 0 0 2 0 1 0 2 0 2 1 2 1 0 1 0 2 1 2 0 1 0 0 1 0 2 0 
0 0 0 1 1 2 0 1 1 2 1 2 0 0 2 2 1 0 2 0 0 1 2 0 2 0 0 16 17 18 1 2 2 0 2 1 16 17 16 2 0 0 0 1 0 17 17 16 1 2 2 0 2 1 17 16 16 18 16 17 32 34 32 18 17 18 17 16 17 32 34 33 18 16 17 16 16 17 32 34 32 
0
0 0 0 1 0 0 1 1 2 
0 0 0 1 1 2 0 1 1 2 1 2 0 0 2 2 1 2 2 0 0 1 2 0 2 0 0 0 1 2 1 2 2 0 2 1 0 1 0 2 0 0 0 1 0 1 1 0 1 2 2 0 2 1 1 0 0 2 0 1 0 2 0 2 1 2 1 0 1 0 2 1 2 0 1 0 0 1 0 2 0 
0 0 0 1 1 2 0 1 1 2 1 2 0 0 2 2 1 2 2 0 0 1 2 0 2 0 0 16 17 18 1 2 2 0 2 1 16 17 16 2 0 0 0 1 0 17 17 16 1 2 2 0 2 1 17 16 16 18 16 17 32 34 32 18 17 18 17 16 17 32 34 33 18 16 17 16 16 17 32 34 32 
0
0 0 0 1 0 1 1 1 2 
0 0 0 1 1 2 0 1 1 2 1 2 0 0 2 2 1 2 2 0 0 1 2 0 2 0 0 0 1 2 1 2 2 0 2 1 0 1 0 2 0 0 0 1 1 1 1 0 1 2 2 0 2 1 1 0 0 2 0 1 0 2 0 2 1 2 1 0 1 0 2 1 2 0 1 0 0 1 0 2 0 
0 0 0 1 1 2 0 1 1 2 1 2 0 0 2 2 1 2 2 0 0 1 2 0 2 0 0 16 17 18 1 2 2 16 18 17 16 17 16 2 0 0 16 17 17 17 17 16 1 2 2 16 18 17 17 16 16 18 16 17 32 34 32 18 17 18 17 16 17 32 34 33 18 16 17 16 16 17 32 34 32 
0
2 0 0 1 0 1 1 1 2 
2 0 0 1 1 2 0 1 1 2 1 2 0 0 2 2 1 2 2 0 0 1 2 0 2 0 0 0 1 2 1 2 2 0 2 1 0 1 0 2 0 0 0 1 1 1 1 0 1 2 2 0 2 1 1 0 0 2 0 1 0 2 0 2 1 2 1 0 1 0 2 1 2 0 1 0 0 1 0 2 0 
34 32 32 1 1 2 0 1 1 34 33 34 0 0 2 2 1 2 34 32 32 1 2 0 2 0 0 16 17 18 1 2 2 16 18 17 16 17 16 2 0 0 16 17 17 17 17 16 1 2 2 16 18 17 17 16 16 18 16 17 32 34 32 18 17 18 17 16 17 32 34 33 18 16 17 16 16 17 32 34 32 
0
2 0 1 1 0 1 1 1 2 
2 0 0 1 1 2 1 1 1 2 1 2 0 0 2 2 1 2 2 0 0 1 2 0 2 0 0 0 1 2 1 2 2 0 2 1 0 1 0 2 0 0 0 1 1 1 1 0 1 2 2 0 2 1 1 0 0 2 0 1 0 2 0 2 1 2 1 0 1 0 2 1 2 0 1 0 0 1 0 2 0 
34 32 32 1 1 2 17 17 17 34 33 34 0 0 2 18 17 18 34 32 32 1 2 0 18 16 16 16 17 18 1 2 2 16 18 17 16 17 16 2 0 0 16 17 17 17 17 16 1 2 2 16 18 17 17 16 16 18 16 17 32 34 32 18 17 18 17 16 17 32 34 33 18 16 17 16 16 17 32 34 32 
0
2 0 1 1 2 1 1 1 2 
2 0 0 1 1 2 1 1 1 2 1 2 0 0 2 2 1 2 2 0 0 1 2 0 2 0 0 0 1 2 1 2 2 0 2 1 0 1 0 2 2 0 0 1 1 1 1 0 1 2 2 0 2 1 1 0 0 2 0 1 0 2 0 2 1 2 1 0 1 0 2 1 2 0 1 0 0 1 0 2 0 
34 32 32 1 1 2 17 17 17 34 33 34 0 0 2 18 17 18 34 32 32 1 2 0 18 16 16 16 17 18 33 34 34 16 18 17 16 17 16 34 34 32 16 17 17 17 17 16 33 34 34 16 18 17 17 16 16 18 16 17 32 34 32 18 17 18 17 16 17 32 34 33 18 16 17 16 16 17 32 34 32 
0
2 0 1 1 2 1 1 1 2 
2 0 0 1 1 2 1 1 1 2 1 2 0 0 2 2 1 2 2 0 0 1 2 0 2 0 0 0 1 2 1 2 2 0 2 1 0 1 0 2 2 0 0 1 1 1 1 0 1 2 2 0 2 1 1 0 0 2 0 1 0 2 0 2 1 2 1 0 1 0 2 1 2 0 1 0 0 1 0 2 0 
34 32 32 1 1 2 17 17 17 34 33 34 0 0 2 18 17 18 34 32 32 1 2 0 18 16 16 16 17 18 33 34 34 16 18 17 16 17 16 34 34 32 16 17 17 17 17 16 33 34 34 16 18 17 17 16 16 18 16 17 32 34 32 18 17 18 17 16 17 32 34 33 18 16 17 16 16 17 32 34 32 
0
