0 0 0 0 0 0 0 0 0 
0 0 0 0 0 0 0 0 0 0 0 0 0 0 0 0 0 0 0 0 0 0 0 0 0 0 0 0 0 0 0 0 0 0 0 0 0 0 0 0 0 0 0 0 0 0 0 0 0 0 0 0 0 0 0 0 0 0 0 0 0 0 0 0 0 0 0 0 0 0 0 0 0 0 0 0 0 0 0 1 0 
0 0 0 0 0 0 0 0 0 0 0 0 0 0 0 0 0 0 0 0 0 0 0 0 0 0 0 0 0 0 0 0 0 0 0 0 0 0 0 0 0 0 0 0 0 0 0 0 0 0 0 0 0 0 0 0 0 0 0 0 0 0 0 0 0 0 0 0 0 0 0 0 0 0 0 0 0 0 0 1 0 
1
0 0 0 0 0 0 0 0 0 
0 0 0 0 0 0 0 0 0 0 0 0 0 0 0 0 0 0 0 0 0 0 0 0 0 0 0 0 0 0 0 0 0 0 0 0 0 0 0 0 0 0 0 0 0 0 0 0 0 0 0 0 0 0 0 0 0 0 0 0 0 0 0 0 0 0 0 0 2 0 0 0 0 0 0 0 0 0 0 1 0 
0 0 0 0 0 0 0 0 0 0 0 0 0 0 0 0 0 0 0 0 0 0 0 0 0 0 0 0 0 0 0 0 0 0 0 0 0 0 0 0 0 0 0 0 0 0 0 0 0 0 0 0 0 0 0 0 0 0 0 0 0 0 0 0 0 0 0 0 2 0 0 0 0 0 0 0 0 0 0 1 0 
1
0 0 0 0 0 0 0 0 0 
0 0 0 0 0 0 0 0 0 0 0 0 0 0 0 0 0 0 0 0 0 0 0 0 0 0 0 0 0 0 0 0 0 0 0 0 0 0 0 0 0 0 0 0 0 0 0 0 0 0 0 0 1 0 0 0 0 0 0 0 0 0 0 0 0 0 0 0 2 0 0 0 0 0 0 0 0 0 0 1 0 
0 0 0 0 0 0 0 0 0 0 0 0 0 0 0 0 0 0 0 0 0 0 0 0 0 0 0 0 0 0 0 0 0 0 0 0 0 0 0 0 0 0 0 0 0 0 0 0 0 0 0 0 1 0 0 0 0 0 0 0 0 0 0 0 0 0 0 0 2 0 0 0 0 0 0 0 0 0 0 1 0 
1
0 0 0 0 0 0 0 0 0 
0 0 0 0 0 0 0 0 0 0 0 0 0 0 0 0 0 0 0 0 0 0 0 0 0 0 0 0 0 0 0 0 0 0 0 0 0 0 0 0 0 0 0 0 0 0 0 0 0 0 0 0 1 0 0 0 0 0 0 0 0 0 0 0 0 0 0 0 2 0 0 0 0 0 0 0 0 2 0 1 0 
0 0 0 0 0 0 0 0 0 0 0 0 0 0 0 0 0 0 0 0 0 0 0 0 0 0 0 0 0 0 0 0 0 0 0 0 0 0 0 0 0 0 0 0 0 0 0 0 0 0 0 0 1 0 0 0 0 0 0 0 0 0 0 0 0 0 0 0 2 0 0 0 0 0 0 0 0 2 0 1 0 
1
0 0 0 0 0 0 0 0 0 
0 0 0 0 0 0 0 0 0 0 0 0 0 0 0 0 0 0 0 0 0 0 0 0 0 0 0 0 0 0 0 0 0 0 0 0 0 0 0 0 0 0 0 0 0 0 0 0 0 0 0 0 1 0 0 0 0 0 0 0 0 1 0 0 0 0 0 0 2 0 0 0 0 0 0 0 0 2 0 1 0 
0 0 0 0 0 0 0 0 0 0 0 0 0 0 0 0 0 0 0 0 0 0 0 0 0 0 0 0 0 0 0 0 0 0 0 0 0 0 0 0 0 0 0 0 0 0 0 0 0 0 0 0 1 0 0 0 0 0 0 0 0 1 0 0 0 0 0 0 2 0 0 0 0 0 0 0 0 2 0 1 0 
1
0 0 0 0 0 0 0 0 0 
0 0 0 2 0 0 0 0 0 0 0 0 0 0 0 0 0 0 0 0 0 0 0 0 0 0 0 0 0 0 0 0 0 0 0 0 0 0 0 0 0 0 0 0 0 0 0 0 0 0 0 0 1 0 0 0 0 0 0 0 0 1 0 0 0 0 0 0 2 0 0 0 0 0 0 0 0 2 0 1 0 
0 0 0 2 0 0 0 0 0 0 0 0 0 0 0 0 0 0 0 0 0 0 0 0 0 0 0 0 0 0 0 0 0 0 0 0 0 0 0 0 0 0 0 0 0 0 0 0 0 0 0 0 1 0 0 0 0 0 0 0 0 1 0 0 0 0 0 0 2 0 0 0 0 0 0 0 0 2 0 1 0 
1
0 0 0 0 0 0 0 0 0 
0 0 0 2 0 0 0 0 0 1 0 0 0 0 0 0 0 0 0 0 0 0 0 0 0 0 0 0 0 0 0 0 0 0 0 0 0 0 0 0 0 0 0 0 0 0 0 0 0 0 0 0 1 0 0 0 0 0 0 0 0 1 0 0 0 0 0 0 2 0 0 0 0 0 0 0 0 2 0 1 0 
0 0 0 2 0 0 0 0 0 1 0 0 0 0 0 0 0 0 0 0 0 0 0 0 0 0 0 0 0 0 0 0 0 0 0 0 0 0 0 0 0 0 0 0 0 0 0 0 0 0 0 0 1 0 0 0 0 0 0 0 0 1 0 0 0 0 0 0 2 0 0 0 0 0 0 0 0 2 0 1 0 
1
0 0 0 0 0 0 0 0 0 
0 0 0 2 0 0 0 0 0 1 0 0 0 0 0 0 0 0 0 0 0 0 0 0 0 0 0 0 0 2 0 0 0 0 0 0 0 0 0 0 0 0 0 0 0 0 0 0 0 0 0 0 1 0 0 0 0 0 0 0 0 1 0 0 0 0 0 0 2 0 0 0 0 0 0 0 0 2 0 1 0 
0 0 0 2 0 0 0 0 0 1 0 0 0 0 0 0 0 0 0 0 0 0 0 0 0 0 0 0 0 2 0 0 0 0 0 0 0 0 0 0 0 0 0 0 0 0 0 0 0 0 0 0 1 0 0 0 0 0 0 0 0 1 0 0 0 0 0 0 2 0 0 0 0 0 0 0 0 2 0 1 0 
1
0 0 0 0 0 0 0 0 0 
0 0 0 2 0 0 0 0 0 1 0 0 0 0 0 0 0 0 0 0 0 0 0 0 0 1 0 0 0 2 0 0 0 0 0 0 0 0 0 0 0 0 0 0 0 0 0 0 0 0 0 0 1 0 0 0 0 0 0 0 0 1 0 0 0 0 0 0 2 0 0 0 0 0 0 0 0 2 0 1 0 
0 0 0 2 0 0 0 0 0 1 0 0 0 0 0 0 0 0 0 0 0 0 0 0 0 1 0 0 0 2 0 0 0 0 0 0 0 0 0 0 0 0 0 0 0 0 0 0 0 0 0 0 1 0 0 0 0 0 0 0 0 1 0 0 0 0 0 0 2 0 0 0 0 0 0 0 0 2 0 1 0 
1
0 0 0 0 0 0 0 0 0 
0 0 0 2 0 0 0 0 0 1 0 0 0 0 0 0 0 0 0 0 0 0 0 0 0 1 0 0 0 2 0 0 0 0 0 0 0 0 0 0 0 0 0 0 0 0 0 0 0 0 0 0 1 0 0 0 0 0 0 0 0 1 0 0 0 0 2 0 2 0 0 0 0 0 0 0 0 2 0 1 0 
0 0 0 2 0 0 0 0 0 1 0 0 0 0 0 0 0 0 0 0 0 0 0 0 0 1 0 0 0 2 0 0 0 0 0 0 0 0 0 0 0 0 0 0 0 0 0 0 0 0 0 0 1 0 0 0 0 0 0 0 0 1 0 0 0 0 2 0 2 0 0 0 0 0 0 0 0 2 0 1 0 
1
0 0 0 0 0 0 0 0 0 
0 0 0 2 0 0 0 0 0 1 0 0 0 0 0 0 0 0 0 0 0 0 0 0 0 1 0 0 1 2 0 0 0 0 0 0 0 0 0 0 0 0 0 0 0 0 0 0 0 0 0 0 1 0 0 0 0 0 0 0 0 1 0 0 0 0 2 0 2 0 0 0 0 0 0 0 0 2 0 1 0 
0 0 0 2 0 0 0 0 0 1 0 0 0 0 0 0 0 0 0 0 0 0 0 0 0 1 0 0 1 2 0 0 0 0 0 0 0 0 0 0 0 0 0 0 0 0 0 0 0 0 0 0 1 0 0 0 0 0 0 0 0 1 0 0 0 0 2 0 2 0 0 0 0 0 0 0 0 2 0 1 0 
1
0 0 0 0 0 0 0 0 0 
0 0 0 2 2 0 0 0 0 1 0 0 0 0 0 0 0 0 0 0 0 0 0 0 0 1 0 0 1 2 0 0 0 0 0 0 0 0 0 0 0 0 0 0 0 0 0 0 0 0 0 0 1 0 0 0 0 0 0 0 0 1 0 0 0 0 2 0 2 0 0 0 0 0 0 0 0 2 0 1 0 
0 0 0 2 2 0 0 0 0 1 0 0 0 0 0 0 0 0 0 0 0 0 0 0 0 1 0 0 1 2 0 0 0 0 0 0 0 0 0 0 0 0 0 0 0 0 0 0 0 0 0 0 1 0 0 0 0 0 0 0 0 1 0 0 0 0 2 0 2 0 0 0 0 0 0 0 0 2 0 1 0 
1
0 0 0 0 0 0 0 0 0 
0 0 0 2 2 1 0 0 0 1 0 0 0 0 0 0 0 0 0 0 0 0 0 0 0 1 0 0 1 2 0 0 0 0 0 0 0 0 0 0 0 0 0 0 0 0 0 0 0 0 0 0 1 0 0 0 0 0 0 0 0 1 0 0 0 0 2 0 2 0 0 0 0 0 0 0 0 2 0 1 0 
0 0 0 2 2 1 0 0 0 1 0 0 0 0 0 0 0 0 0 0 0 0 0 0 0 1 0 0 1 2 0 0 0 0 0 0 0 0 0 0 0 0 0 0 0 0 0 0 0 0 0 0 1 0 0 0 0 0 0 0 0 1 0 0 0 0 2 0 2 0 0 0 0 0 0 0 0 2 0 1 0 
1
0 0 0 0 0 0 0 0 0 
0 0 0 2 2 1 0 0 0 1 0 0 0 0 0 2 0 0 0 0 0 0 0 0 0 1 0 0 1 2 0 0 0 0 0 0 0 0 0 0 0 0 0 0 0 0 0 0 0 0 0 0 1 0 0 0 0 0 0 0 0 1 0 0 0 0 2 0 2 0 0 0 0 0 0 0 0 2 0 1 0 
0 0 0 2 2 1 0 0 0 1 0 0 0 0 0 2 0 0 0 0 0 0 0 0 0 1 0 0 1 2 0 0 0 0 0 0 0 0 0 0 0 0 0 0 0 0 0 0 0 0 0 0 1 0 0 0 0 0 0 0 0 1 0 0 0 0 2 0 2 0 0 0 0 0 0 0 0 2 0 1 0 
1
0 0 0 0 0 0 0 0 0 
0 0 0 2 2 1 0 0 0 1 0 0 0 0 0 2 0 0 0 0 0 0 0 0 0 1 0 0 1 2 0 0 0 0 0 0 0 0 0 0 0 0 0 0 0 1 0 0 0 0 0 0 1 0 0 0 0 0 0 0 0 1 0 0 0 0 2 0 2 0 0 0 0 0 0 0 0 2 0 1 0 
0 0 0 2 2 1 0 0 0 1 0 0 0 0 0 2 0 0 0 0 0 0 0 0 0 1 0 0 1 2 0 0 0 0 0 0 0 0 0 0 0 0 0 0 0 1 0 0 0 0 0 0 1 0 0 0 0 0 0 0 0 1 0 0 0 0 2 0 2 0 0 0 0 0 0 0 0 2 0 1 0 
1
0 0 0 0 0 0 0 0 0 
0 0 0 2 2 1 0 0 0 1 0 0 0 0 0 2 0 0 0 0 0 0 0 0 0 1 0 0 1 2 0 0 0 0 0 0 0 0 0 0 0 0 0 0 0 1 0 0 0 0 0 0 1 0 0 0 0 0 0 0 0 1 0 0 0 2 2 0 2 0 0 0 0 0 0 0 0 2 0 1 0 
0 0 0 2 2 1 0 0 0 1 0 0 0 0 0 2 0 0 0 0 0 0 0 0 0 1 0 0 1 2 0 0 0 0 0 0 0 0 0 0 0 0 0 0 0 1 0 0 0 0 0 0 1 0 0 0 0 0 0 0 0 1 0 0 0 2 2 0 2 0 0 0 0 0 0 0 0 2 0 1 0 
1
0 0 0 0 0 0 0 0 0 
0 0 0 2 2 1 0 0 0 1 0 0 0 0 0 2 0 0 0 0 0 0 0 0 0 1 0 0 1 2 0 0 0 0 0 1 0 0 0 0 0 0 0 0 0 1 0 0 0 0 0 0 1 0 0 0 0 0 0 0 0 1 0 0 0 2 2 0 2 0 0 0 0 0 0 0 0 2 0 1 0 
0 0 0 2 2 1 0 0 0 1 0 0 0 0 0 2 0 0 0 0 0 0 0 0 0 1 0 0 1 2 0 0 0 0 0 1 0 0 0 0 0 0 0 0 0 1 0 0 0 0 0 0 1 0 0 0 0 0 0 0 0 1 0 0 0 2 2 0 2 0 0 0 0 0 0 0 0 2 0 1 0 
1
0 0 0 0 0 0 0 0 0 
0 0 0 2 2 1 0 0 0 1 0 0 0 0 0 2 0 0 0 0 0 0 0 0 2 1 0 0 1 2 0 0 0 0 0 1 0 0 0 0 0 0 0 0 0 1 0 0 0 0 0 0 1 0 0 0 0 0 0 0 0 1 0 0 0 2 2 0 2 0 0 0 0 0 0 0 0 2 0 1 0 
0 0 0 2 2 1 0 0 0 1 0 0 0 0 0 2 0 0 0 0 0 0 0 0 2 1 0 0 1 2 0 0 0 0 0 1 0 0 0 0 0 0 0 0 0 1 0 0 0 0 0 0 1 0 0 0 0 0 0 0 0 1 0 0 0 2 2 0 2 0 0 0 0 0 0 0 0 2 0 1 0 
1
0 0 0 0 0 0 0 0 0 
0 0 0 2 2 1 0 0 0 1 0 0 0 0 0 2 0 0 0 0 0 0 0 0 2 1 0 0 1 2 0 0 0 0 0 1 0 0 0 0 0 0 0 0 0 1 0 0 0 0 0 0 1 0 1 0 0 0 0 0 0 1 0 0 0 2 2 0 2 0 0 0 0 0 0 0 0 2 0 1 0 
0 0 0 2 2 1 0 0 0 1 0 0 0 0 0 2 0 0 0 0 0 0 0 0 2 1 0 0 1 2 0 0 0 0 0 1 0 0 0 0 0 0 0 0 0 1 0 0 0 0 0 0 1 0 1 0 0 0 0 0 0 1 0 0 0 2 2 0 2 0 0 0 0 0 0 0 0 2 0 1 0 
1
0 0 0 0 0 0 0 0 0 
0 0 0 2 2 1 0 0 0 1 2 0 0 0 0 2 0 0 0 0 0 0 0 0 2 1 0 0 1 2 0 0 0 0 0 1 0 0 0 0 0 0 0 0 0 1 0 0 0 0 0 0 1 0 1 0 0 0 0 0 0 1 0 0 0 2 2 0 2 0 0 0 0 0 0 0 0 2 0 1 0 
0 0 0 2 2 1 0 0 0 1 2 0 0 0 0 2 0 0 0 0 0 0 0 0 2 1 0 0 1 2 0 0 0 0 0 1 0 0 0 0 0 0 0 0 0 1 0 0 0 0 0 0 1 0 1 0 0 0 0 0 0 1 0 0 0 2 2 0 2 0 0 0 0 0 0 0 0 2 0 1 0 
1
0 0 0 0 0 0 0 0 0 
0 0 0 2 2 1 0 0 0 1 2 0 0 0 0 2 0 0 0 0 0 0 0 0 2 1 0 0 1 2 0 0 0 0 0 1 0 0 0 0 0 0 0 0 0 1 0 0 0 1 0 0 1 0 1 0 0 0 0 0 0 1 0 0 0 2 2 0 2 0 0 0 0 0 0 0 0 2 0 1 0 
0 0 0 2 2 1 0 0 0 1 2 0 0 0 0 2 0 0 0 0 0 0 0 0 2 1 0 0 1 2 0 0 0 0 0 1 0 0 0 0 0 0 0 0 0 1 0 0 0 1 0 0 1 0 1 0 0 0 0 0 0 1 0 0 0 2 2 0 2 0 0 0 0 0 0 0 0 2 0 1 0 
1
0 0 0 0 0 0 0 2 0 
0 0 0 2 2 1 0 0 0 1 2 0 0 0 0 2 0 0 0 0 0 0 0 0 2 1 0 0 1 2 0 0 0 0 0 1 0 0 0 0 0 0 0 0 0 1 0 0 0 1 0 0 1 0 1 0 0 0 0 0 0 1 0 0 0 2 2 2 2 0 0 0 0 0 0 0 0 2 0 1 0 
0 0 0 2 2 1 0 0 0 1 2 0 0 0 0 2 0 0 0 0 0 0 0 0 2 1 0 0 1 2 0 0 0 0 0 1 0 0 0 0 0 0 0 0 0 1 0 0 0 1 0 0 1 0 1 0 0 32 32 32 0 1 0 0 0 2 34 34 34 0 0 0 0 0 0 32 32 34 0 1 0 
1
0 0 0 0 0 0 0 2 0 
0 0 0 2 2 1 0 0 0 1 2 0 0 0 0 2 0 0 0 0 0 0 0 0 2 1 0 0 1 2 0 0 0 0 0 1 0 0 0 0 0 0 0 0 0 1 0 0 1 1 0 0 1 0 1 0 0 0 0 0 0 1 0 0 0 2 2 2 2 0 0 0 0 0 0 0 0 2 0 1 0 
0 0 0 2 2 1 0 0 0 1 2 0 0 0 0 2 0 0 0 0 0 0 0 0 2 1 0 0 1 2 0 0 0 0 0 1 0 0 0 0 0 0 0 0 0 1 0 0 1 1 0 0 1 0 1 0 0 32 32 32 0 1 0 0 0 2 34 34 34 0 0 0 0 0 0 32 32 34 0 1 0 
1
0 0 0 0 0 0 0 2 0 
0 0 0 2 2 1 0 0 0 1 2 0 0 0 0 2 0 0 0 0 0 0 0 0 2 1 0 0 1 2 0 0 0 0 0 1 0 0 0 0 0 0 0 0 0 1 0 0 1 1 0 0 1 0 1 0 2 0 0 0 0 1 0 0 0 2 2 2 2 0 0 0 0 0 0 0 0 2 0 1 0 
0 0 0 2 2 1 0 0 0 1 2 0 0 0 0 2 0 0 0 0 0 0 0 0 2 1 0 0 1 2 0 0 0 0 0 1 0 0 0 0 0 0 0 0 0 1 0 0 1 1 0 0 1 0 1 0 2 32 32 32 0 1 0 0 0 2 34 34 34 0 0 0 0 0 0 32 32 34 0 1 0 
1
0 0 0 0 0 0 0 2 0 
0 0 0 2 2 1 1 0 0 1 2 0 0 0 0 2 0 0 0 0 0 0 0 0 2 1 0 0 1 2 0 0 0 0 0 1 0 0 0 0 0 0 0 0 0 1 0 0 1 1 0 0 1 0 1 0 2 0 0 0 0 1 0 0 0 2 2 2 2 0 0 0 0 0 0 0 0 2 0 1 0 
0 0 0 2 2 1 1 0 0 1 2 0 0 0 0 2 0 0 0 0 0 0 0 0 2 1 0 0 1 2 0 0 0 0 0 1 0 0 0 0 0 0 0 0 0 1 0 0 1 1 0 0 1 0 1 0 2 32 32 32 0 1 0 0 0 2 34 34 34 0 0 0 0 0 0 32 32 34 0 1 0 
1
0 0 0 0 0 0 0 2 0 
2 0 0 2 2 1 1 0 0 1 2 0 0 0 0 2 0 0 0 0 0 0 0 0 2 1 0 0 1 2 0 0 0 0 0 1 0 0 0 0 0 0 0 0 0 1 0 0 1 1 0 0 1 0 1 0 2 0 0 0 0 1 0 0 0 2 2 2 2 0 0 0 0 0 0 0 0 2 0 1 0 
2 0 0 2 2 1 1 0 0 1 2 0 0 0 0 2 0 0 0 0 0 0 0 0 2 1 0 0 1 2 0 0 0 0 0 1 0 0 0 0 0 0 0 0 0 1 0 0 1 1 0 0 1 0 1 0 2 32 32 32 0 1 0 0 0 2 34 34 34 0 0 0 0 0 0 32 32 34 0 1 0 
1
0 0 0 0 0 0 0 2 0 
2 0 0 2 2 1 1 0 0 1 2 0 0 0 0 2 0 0 0 0 1 0 0 0 2 1 0 0 1 2 0 0 0 0 0 1 0 0 0 0 0 0 0 0 0 1 0 0 1 1 0 0 1 0 1 0 2 0 0 0 0 1 0 0 0 2 2 2 2 0 0 0 0 0 0 0 0 2 0 1 0 
2 0 0 2 2 1 1 0 0 1 2 0 0 0 0 2 0 0 0 0 1 0 0 0 2 1 0 0 1 2 0 0 0 0 0 1 0 0 0 0 0 0 0 0 0 1 0 0 1 1 0 0 1 0 1 0 2 32 32 32 0 1 0 0 0 2 34 34 34 0 0 0 0 0 0 32 32 34 0 1 0 
1
0 0 0 0 0 0 0 2 0 
2 0 0 2 2 1 1 0 0 1 2 0 0 0 0 2 0 0 0 0 1 0 0 0 2 1 0 0 1 2 0 0 0 0 0 1 0 0 0 0 0 0 0 0 0 1 0 0 1 1 0 0 1 0 1 0 2 0 0 0 0 1 0 0 0 2 2 2 2 0 0 0 0 0 0 0 0 2 2 1 0 
2 0 0 2 2 1 1 0 0 1 2 0 0 0 0 2 0 0 0 0 1 0 0 0 2 1 0 0 1 2 0 0 0 0 0 1 0 0 0 0 0 0 0 0 0 1 0 0 1 1 0 0 1 0 1 0 2 32 32 32 0 1 0 0 0 2 34 34 34 0 0 0 0 0 0 32 32 34 2 1 0 
1
0 0 0 0 0 0 0 2 0 
2 0 0 2 2 1 1 0 0 1 2 0 0 0 0 2 0 0 0 0 1 0 0 0 2 1 0 0 1 2 0 0 0 0 0 1 0 0 0 0 0 0 0 0 0 1 0 0 1 1 0 0 1 0 1 0 2 0 0 0 0 1 0 0 0 2 2 2 2 0 0 0 0 0 1 0 0 2 2 1 0 
2 0 0 2 2 1 1 0 0 1 2 0 0 0 0 2 0 0 0 0 1 0 0 0 2 1 0 0 1 2 0 0 0 0 0 1 0 0 0 0 0 0 0 0 0 1 0 0 1 1 0 0 1 0 1 0 2 32 32 32 0 1 0 0 0 2 34 34 34 0 0 0 0 0 1 32 32 34 2 1 0 
1
0 0 0 0 0 0 0 2 0 
2 0 0 2 2 1 1 0 0 1 2 0 0 0 0 2 0 0 0 0 1 0 0 0 2 1 0 0 1 2 0 0 0 0 0 1 0 0 0 0 0 0 0 0 0 1 0 0 1 1 0 0 1 0 1 0 2 0 0 0 0 1 2 0 0 2 2 2 2 0 0 0 0 0 1 0 0 2 2 1 0 
2 0 0 2 2 1 1 0 0 1 2 0 0 0 0 2 0 0 0 0 1 0 0 0 2 1 0 0 1 2 0 0 0 0 0 1 0 0 0 0 0 0 0 0 0 1 0 0 1 1 0 0 1 0 1 0 2 32 32 32 0 1 2 0 0 2 34 34 34 0 0 0 0 0 1 32 32 34 2 1 0 
1
0 0 0 0 0 0 0 2 0 
2 0 0 2 2 1 1 0 0 1 2 0 0 0 0 2 0 1 0 0 1 0 0 0 2 1 0 0 1 2 0 0 0 0 0 1 0 0 0 0 0 0 0 0 0 1 0 0 1 1 0 0 1 0 1 0 2 0 0 0 0 1 2 0 0 2 2 2 2 0 0 0 0 0 1 0 0 2 2 1 0 
2 0 0 2 2 1 1 0 0 1 2 0 0 0 0 2 0 1 0 0 1 0 0 0 2 1 0 0 1 2 0 0 0 0 0 1 0 0 0 0 0 0 0 0 0 1 0 0 1 1 0 0 1 0 1 0 2 32 32 32 0 1 2 0 0 2 34 34 34 0 0 0 0 0 1 32 32 34 2 1 0 
1
0 0 0 0 0 0 0 2 0 
2 0 0 2 2 1 1 0 0 1 2 0 0 0 0 2 0 1 0 0 1 0 0 0 2 1 0 0 1 2 0 0 0 0 0 1 0 0 0 0 0 0 0 0 2 1 0 0 1 1 0 0 1 0 1 0 2 0 0 0 0 1 2 0 0 2 2 2 2 0 0 0 0 0 1 0 0 2 2 1 0 
2 0 0 2 2 1 1 0 0 1 2 0 0 0 0 2 0 1 0 0 1 0 0 0 2 1 0 0 1 2 0 0 0 0 0 1 0 0 0 0 0 0 0 0 2 1 0 0 1 1 0 0 1 0 1 0 2 32 32 32 0 1 2 0 0 2 34 34 34 0 0 0 0 0 1 32 32 34 2 1 0 
1
0 0 0 0 0 0 0 2 0 
2 0 0 2 2 1 1 0 0 1 2 0 0 0 0 2 0 1 0 0 1 0 0 0 2 1 0 0 1 2 0 0 0 1 0 1 0 0 0 0 0 0 0 0 2 1 0 0 1 1 0 0 1 0 1 0 2 0 0 0 0 1 2 0 0 2 2 2 2 0 0 0 0 0 1 0 0 2 2 1 0 
2 0 0 2 2 1 1 0 0 1 2 0 0 0 0 2 0 1 0 0 1 0 0 0 2 1 0 0 1 2 0 0 0 1 0 1 0 0 0 0 0 0 0 0 2 1 0 0 1 1 0 0 1 0 1 0 2 32 32 32 0 1 2 0 0 2 34 34 34 0 0 0 0 0 1 32 32 34 2 1 0 
1
0 0 0 0 0 0 0 2 0 
2 0 0 2 2 1 1 0 0 1 2 0 0 0 0 2 0 1 2 0 1 0 0 0 2 1 0 0 1 2 0 0 0 1 0 1 0 0 0 0 0 0 0 0 2 1 0 0 1 1 0 0 1 0 1 0 2 0 0 0 0 1 2 0 0 2 2 2 2 0 0 0 0 0 1 0 0 2 2 1 0 
2 0 0 2 2 1 1 0 0 1 2 0 0 0 0 2 0 1 2 0 1 0 0 0 2 1 0 0 1 2 0 0 0 1 0 1 0 0 0 0 0 0 0 0 2 1 0 0 1 1 0 0 1 0 1 0 2 32 32 32 0 1 2 0 0 2 34 34 34 0 0 0 0 0 1 32 32 34 2 1 0 
1
0 0 0 0 0 0 1 2 0 
2 0 0 2 2 1 1 0 0 1 2 0 0 0 0 2 0 1 2 0 1 0 0 0 2 1 0 0 1 2 0 0 0 1 0 1 0 0 0 0 0 0 0 0 2 1 0 0 1 1 0 0 1 0 1 0 2 0 0 0 0 1 2 0 1 2 2 2 2 0 0 0 0 0 1 0 0 2 2 1 0 
2 0 0 2 2 1 1 0 0 1 2 0 0 0 0 2 0 1 2 0 1 0 0 0 2 1 0 0 1 2 0 0 0 1 0 1 0 0 0 0 0 0 0 0 2 1 0 0 1 1 0 0 1 0 17 16 18 32 32 32 0 1 2 16 17 18 34 34 34 0 0 0 16 16 17 32 32 34 2 1 0 
1
0 0 0 0 0 0 1 2 0 
2 0 0 2 2 1 1 0 0 1 2 0 0 0 0 2 0 1 2 0 1 0 0 0 2 1 0 0 1 2 0 2 0 1 0 1 0 0 0 0 0 0 0 0 2 1 0 0 1 1 0 0 1 0 1 0 2 0 0 0 0 1 2 0 1 2 2 2 2 0 0 0 0 0 1 0 0 2 2 1 0 
2 0 0 2 2 1 1 0 0 1 2 0 0 0 0 2 0 1 2 0 1 0 0 0 2 1 0 0 1 2 0 2 0 1 0 1 0 0 0 0 0 0 0 0 2 1 0 0 1 1 0 0 1 0 17 16 18 32 32 32 0 1 2 16 17 18 34 34 34 0 0 0 16 16 17 32 32 34 2 1 0 
1
0 0 0 0 0 0 1 2 0 
2 0 0 2 2 1 1 0 0 1 2 0 0 0 0 2 0 1 2 0 1 0 0 1 2 1 0 0 1 2 0 2 0 1 0 1 0 0 0 0 0 0 0 0 2 1 0 0 1 1 0 0 1 0 1 0 2 0 0 0 0 1 2 0 1 2 2 2 2 0 0 0 0 0 1 0 0 2 2 1 0 
2 0 0 2 2 1 1 0 0 1 2 0 0 0 0 2 0 1 2 0 1 0 0 1 2 1 0 0 1 2 0 2 0 1 0 1 0 0 0 0 0 0 0 0 2 1 0 0 1 1 0 0 1 0 17 16 18 32 32 32 0 1 2 16 17 18 34 34 34 0 0 0 16 16 17 32 32 34 2 1 0 
1
0 0 0 0 0 0 1 2 0 
2 0 0 2 2 1 1 0 0 1 2 0 0 0 0 2 0 1 2 0 1 0 0 1 2 1 0 0 1 2 0 2 0 1 0 1 0 0 0 0 0 0 0 0 2 1 0 0 1 1 0 0 1 0 1 0 2 0 0 0 0 1 2 0 1 2 2 2 2 2 0 0 0 0 1 0 0 2 2 1 0 
2 0 0 2 2 1 1 0 0 1 2 0 0 0 0 2 0 1 2 0 1 0 0 1 2 1 0 0 1 2 0 2 0 1 0 1 0 0 0 0 0 0 0 0 2 1 0 0 1 1 0 0 1 0 17 16 18 32 32 32 0 1 2 16 17 18 34 34 34 2 0 0 16 16 17 32 32 34 2 1 0 
1
0 0 0 0 0 0 1 2 0 
2 0 0 2 2 1 1 0 0 1 2 0 0 0 0 2 0 1 2 0 1 0 0 1 2 1 0 0 1 2 0 2 0 1 0 1 0 0 0 0 0 0 0 0 2 1 0 1 1 1 0 0 1 0 1 0 2 0 0 0 0 1 2 0 1 2 2 2 2 2 0 0 0 0 1 0 0 2 2 1 0 
2 0 0 2 2 1 1 0 0 1 2 0 0 0 0 2 0 1 2 0 1 0 0 1 2 1 0 0 1 2 0 2 0 1 0 1 0 0 0 0 0 0 0 0 2 1 0 1 1 1 0 0 1 0 17 16 18 32 32 32 0 1 2 16 17 18 34 34 34 2 0 0 16 16 17 32 32 34 2 1 0 
1
0 0 0 0 0 0 1 2 2 
2 0 0 2 2 1 1 0 0 1 2 0 0 0 0 2 0 1 2 0 1 0 0 1 2 1 0 0 1 2 0 2 0 1 0 1 0 0 0 0 0 0 0 0 2 1 0 1 1 1 0 0 1 0 1 0 2 0 0 0 0 1 2 0 1 2 2 2 2 2 2 0 0 0 1 0 0 2 2 1 0 
2 0 0 2 2 1 1 0 0 1 2 0 0 0 0 2 0 1 2 0 1 0 0 1 2 1 0 0 1 2 0 2 0 1 0 1 0 0 0 0 0 0 0 0 2 1 0 1 1 1 0 0 1 0 17 16 18 32 32 32 32 33 34 16 17 18 34 34 34 34 34 32 16 16 17 32 32 34 34 33 32 
1
0 0 0 0 1 0 1 2 2 
2 0 0 2 2 1 1 0 0 1 2 0 0 0 0 2 0 1 2 0 1 0 0 1 2 1 0 0 1 2 0 2 0 1 0 1 0 0 0 0 0 0 0 0 2 1 0 1 1 1 1 0 1 0 1 0 2 0 0 0 0 1 2 0 1 2 2 2 2 2 2 0 0 0 1 0 0 2 2 1 0 
2 0 0 2 2 1 1 0 0 1 2 0 0 0 0 2 0 1 2 0 1 0 0 1 2 1 0 0 1 2 16 18 16 1 0 1 0 0 0 16 16 16 0 0 2 1 0 1 17 17 17 0 1 0 17 16 18 32 32 32 32 33 34 16 17 18 34 34 34 34 34 32 16 16 17 32 32 34 34 33 32 
1
0 0 0 0 1 0 1 2 2 
2 0 0 2 2 1 1 0 0 1 2 0 0 0 0 2 0 1 2 0 1 0 0 1 2 1 0 0 1 2 0 2 0 1 0 1 0 0 0 0 0 0 0 0 2 1 0 1 1 1 1 2 1 0 1 0 2 0 0 0 0 1 2 0 1 2 2 2 2 2 2 0 0 0 1 0 0 2 2 1 0 
2 0 0 2 2 1 1 0 0 1 2 0 0 0 0 2 0 1 2 0 1 0 0 1 2 1 0 0 1 2 16 18 16 1 0 1 0 0 0 16 16 16 0 0 2 1 0 1 17 17 17 2 1 0 17 16 18 32 32 32 32 33 34 16 17 18 34 34 34 34 34 32 16 16 17 32 32 34 34 33 32 
1
0 1 0 0 1 0 1 2 2 
2 0 0 2 2 1 1 0 0 1 2 0 0 0 1 2 0 1 2 0 1 0 0 1 2 1 0 0 1 2 0 2 0 1 0 1 0 0 0 0 0 0 0 0 2 1 0 1 1 1 1 2 1 0 1 0 2 0 0 0 0 1 2 0 1 2 2 2 2 2 2 0 0 0 1 0 0 2 2 1 0 
2 0 0 18 18 17 1 0 0 1 2 0 16 16 17 2 0 1 2 0 1 16 16 17 2 1 0 0 1 2 16 18 16 1 0 1 0 0 0 16 16 16 0 0 2 1 0 1 17 17 17 2 1 0 17 16 18 32 32 32 32 33 34 16 17 18 34 34 34 34 34 32 16 16 17 32 32 34 34 33 32 
1
0 1 0 0 1 0 1 2 2 
2 0 0 2 2 1 1 0 0 1 2 0 0 0 1 2 0 1 2 0 1 0 0 1 2 1 0 0 1 2 0 2 0 1 0 1 0 0 0 0 0 0 0 0 2 1 0 1 1 1 1 2 1 2 1 0 2 0 0 0 0 1 2 0 1 2 2 2 2 2 2 0 0 0 1 0 0 2 2 1 0 
2 0 0 18 18 17 1 0 0 1 2 0 16 16 17 2 0 1 2 0 1 16 16 17 2 1 0 0 1 2 16 18 16 1 0 1 0 0 0 16 16 16 0 0 2 1 0 1 17 17 17 2 1 2 17 16 18 32 32 32 32 33 34 16 17 18 34 34 34 34 34 32 16 16 17 32 32 34 34 33 32 
1
0 1 0 1 1 0 1 2 2 
2 0 0 2 2 1 1 0 0 1 2 0 0 0 1 2 0 1 2 0 1 0 0 1 2 1 0 0 1 2 0 2 0 1 0 1 0 0 0 0 0 0 0 0 2 1 1 1 1 1 1 2 1 2 1 0 2 0 0 0 0 1 2 0 1 2 2 2 2 2 2 0 0 0 1 0 0 2 2 1 0 
2 0 0 18 18 17 1 0 0 1 2 0 16 16 17 2 0 1 2 0 1 16 16 17 2 1 0 16 17 18 16 18 16 1 0 1 16 16 16 16 16 16 0 0 2 17 17 17 17 17 17 2 1 2 17 16 18 32 32 32 32 33 34 16 17 18 34 34 34 34 34 32 16 16 17 32 32 34 34 33 32 
1
0 1 0 1 1 0 1 2 2 
2 0 0 2 2 1 1 0 0 1 2 0 0 0 1 2 0 1 2 0 1 0 0 1 2 1 0 0 1 2 0 2 0 1 2 1 0 0 0 0 0 0 0 0 2 1 1 1 1 1 1 2 1 2 1 0 2 0 0 0 0 1 2 0 1 2 2 2 2 2 2 0 0 0 1 0 0 2 2 1 0 
2 0 0 18 18 17 1 0 0 1 2 0 16 16 17 2 0 1 2 0 1 16 16 17 2 1 0 16 17 18 16 18 16 1 2 1 16 16 16 16 16 16 0 0 2 17 17 17 17 17 17 2 1 2 17 16 18 32 32 32 32 33 34 16 17 18 34 34 34 34 34 32 16 16 17 32 32 34 34 33 32 
1
0 1 0 1 1 0 1 2 2 
2 0 0 2 2 1 1 0 0 1 2 0 0 0 1 2 0 1 2 0 1 0 0 1 2 1 0 0 1 2 0 2 0 1 2 1 0 0 0 0 0 0 1 0 2 1 1 1 1 1 1 2 1 2 1 0 2 0 0 0 0 1 2 0 1 2 2 2 2 2 2 0 0 0 1 0 0 2 2 1 0 
2 0 0 18 18 17 1 0 0 1 2 0 16 16 17 2 0 1 2 0 1 16 16 17 2 1 0 16 17 18 16 18 16 1 2 1 16 16 16 16 16 16 1 0 2 17 17 17 17 17 17 2 1 2 17 16 18 32 32 32 32 33 34 16 17 18 34 34 34 34 34 32 16 16 17 32 32 34 34 33 32 
1
0 1 0 1 1 0 1 2 2 
2 0 0 2 2 1 1 0 0 1 2 0 0 0 1 2 0 1 2 0 1 0 0 1 2 1 0 0 1 2 0 2 0 1 2 1 0 0 0 0 0 0 1 2 2 1 1 1 1 1 1 2 1 2 1 0 2 0 0 0 0 1 2 0 1 2 2 2 2 2 2 0 0 0 1 0 0 2 2 1 0 
2 0 0 18 18 17 1 0 0 1 2 0 16 16 17 2 0 1 2 0 1 16 16 17 2 1 0 16 17 18 16 18 16 1 2 1 16 16 16 16 16 16 1 2 2 17 17 17 17 17 17 2 1 2 17 16 18 32 32 32 32 33 34 16 17 18 34 34 34 34 34 32 16 16 17 32 32 34 34 33 32 
1
0 1 0 1 1 0 1 2 2 
2 0 0 2 2 1 1 0 0 1 2 0 0 0 1 2 1 1 2 0 1 0 0 1 2 1 0 0 1 2 0 2 0 1 2 1 0 0 0 0 0 0 1 2 2 1 1 1 1 1 1 2 1 2 1 0 2 0 0 0 0 1 2 0 1 2 2 2 2 2 2 0 0 0 1 0 0 2 2 1 0 
2 0 0 18 18 17 1 0 0 1 2 0 16 16 17 2 1 1 2 0 1 16 16 17 2 1 0 16 17 18 16 18 16 1 2 1 16 16 16 16 16 16 1 2 2 17 17 17 17 17 17 2 1 2 17 16 18 32 32 32 32 33 34 16 17 18 34 34 34 34 34 32 16 16 17 32 32 34 34 33 32 
1
0 1 0 1 1 0 1 2 2 
2 0 0 2 2 1 1 0 2 1 2 0 0 0 1 2 1 1 2 0 1 0 0 1 2 1 0 0 1 2 0 2 0 1 2 1 0 0 0 0 0 0 1 2 2 1 1 1 1 1 1 2 1 2 1 0 2 0 0 0 0 1 2 0 1 2 2 2 2 2 2 0 0 0 1 0 0 2 2 1 0 
2 0 0 18 18 17 1 0 2 1 2 0 16 16 17 2 1 1 2 0 1 16 16 17 2 1 0 16 17 18 16 18 16 1 2 1 16 16 16 16 16 16 1 2 2 17 17 17 17 17 17 2 1 2 17 16 18 32 32 32 32 33 34 16 17 18 34 34 34 34 34 32 16 16 17 32 32 34 34 33 32 
1
0 1 1 1 1 0 1 2 2 
2 0 0 2 2 1 1 0 2 1 2 0 0 0 1 2 1 1 2 0 1 0 0 1 2 1 1 0 1 2 0 2 0 1 2 1 0 0 0 0 0 0 1 2 2 1 1 1 1 1 1 2 1 2 1 0 2 0 0 0 0 1 2 0 1 2 2 2 2 2 2 0 0 0 1 0 0 2 2 1 0 
2 0 0 18 18 17 17 16 18 1 2 0 16 16 17 18 17 17 2 0 1 16 16 17 18 17 17 16 17 18 16 18 16 1 2 1 16 16 16 16 16 16 1 2 2 17 17 17 17 17 17 2 1 2 17 16 18 32 32 32 32 33 34 16 17 18 34 34 34 34 34 32 16 16 17 32 32 34 34 33 32 
1
0 1 1 1 1 0 1 2 2 
2 0 0 2 2 1 1 0 2 1 2 0 0 0 1 2 1 1 2 0 1 0 0 1 2 1 1 0 1 2 0 2 0 1 2 1 0 0 0 0 0 0 1 2 2 1 1 1 1 1 1 2 1 2 1 0 2 0 0 0 0 1 2 0 1 2 2 2 2 2 2 0 0 0 1 0 0 2 2 1 0 
2 0 0 18 18 17 17 16 18 1 2 0 16 16 17 18 17 17 2 0 1 16 16 17 18 17 17 16 17 18 16 18 16 1 2 1 16 16 16 16 16 16 1 2 2 17 17 17 17 17 17 2 1 2 17 16 18 32 32 32 32 33 34 16 17 18 34 34 34 34 34 32 16 16 17 32 32 34 34 33 32 
1
