0 0 0 0 0 0 0 0 0 
0 0 0 0 0 0 0 0 0 0 0 0 0 0 0 0 0 0 0 0 0 0 0 0 0 0 0 0 0 0 0 0 0 0 0 0 0 0 0 0 0 0 0 0 0 0 0 0 0 0 0 0 0 0 0 0 0 0 0 0 0 0 0 1 0 0 0 0 0 0 0 0 0 0 0 0 0 0 0 0 0 
0 0 0 0 0 0 0 0 0 0 0 0 0 0 0 0 0 0 0 0 0 0 0 0 0 0 0 0 0 0 0 0 0 0 0 0 0 0 0 0 0 0 0 0 0 0 0 0 0 0 0 0 0 0 0 0 0 0 0 0 0 0 0 1 0 0 0 0 0 0 0 0 0 0 0 0 0 0 0 0 0 
1
0 0 0 0 0 0 0 0 0 
0 0 0 0 0 0 0 0 0 0 0 0 0 0 0 0 0 0 0 0 0 0 0 0 0 0 0 2 0 0 0 0 0 0 0 0 0 0 0 0 0 0 0 0 0 0 0 0 0 0 0 0 0 0 0 0 0 0 0 0 0 0 0 1 0 0 0 0 0 0 0 0 0 0 0 0 0 0 0 0 0 
0 0 0 0 0 0 0 0 0 0 0 0 0 0 0 0 0 0 0 0 0 0 0 0 0 0 0 2 0 0 0 0 0 0 0 0 0 0 0 0 0 0 0 0 0 0 0 0 0 0 0 0 0 0 0 0 0 0 0 0 0 0 0 1 0 0 0 0 0 0 0 0 0 0 0 0 0 0 0 0 0 
1
0 0 0 0 0 0 0 0 0 
0 0 0 0 0 0 0 0 0 0 0 0 0 0 0 0 0 0 0 0 1 0 0 0 0 0 0 2 0 0 0 0 0 0 0 0 0 0 0 0 0 0 0 0 0 0 0 0 0 0 0 0 0 0 0 0 0 0 0 0 0 0 0 1 0 0 0 0 0 0 0 0 0 0 0 0 0 0 0 0 0 
0 0 0 0 0 0 0 0 0 0 0 0 0 0 0 0 0 0 0 0 1 0 0 0 0 0 0 2 0 0 0 0 0 0 0 0 0 0 0 0 0 0 0 0 0 0 0 0 0 0 0 0 0 0 0 0 0 0 0 0 0 0 0 1 0 0 0 0 0 0 0 0 0 0 0 0 0 0 0 0 0 
1
0 0 0 0 0 0 0 0 0 
0 0 0 0 0 0 0 0 0 0 0 0 0 0 0 0 0 0 0 0 1 0 0 0 0 0 0 2 0 0 0 0 0 0 0 0 0 0 0 0 0 0 0 0 0 0 0 0 0 0 0 0 0 0 0 0 0 0 0 0 2 0 0 1 0 0 0 0 0 0 0 0 0 0 0 0 0 0 0 0 0 
0 0 0 0 0 0 0 0 0 0 0 0 0 0 0 0 0 0 0 0 1 0 0 0 0 0 0 2 0 0 0 0 0 0 0 0 0 0 0 0 0 0 0 0 0 0 0 0 0 0 0 0 0 0 0 0 0 0 0 0 2 0 0 1 0 0 0 0 0 0 0 0 0 0 0 0 0 0 0 0 0 
1
0 0 0 0 0 0 0 0 0 
0 0 0 0 0 0 0 0 0 0 0 1 0 0 0 0 0 0 0 0 1 0 0 0 0 0 0 2 0 0 0 0 0 0 0 0 0 0 0 0 0 0 0 0 0 0 0 0 0 0 0 0 0 0 0 0 0 0 0 0 2 0 0 1 0 0 0 0 0 0 0 0 0 0 0 0 0 0 0 0 0 
0 0 0 0 0 0 0 0 0 0 0 1 0 0 0 0 0 0 0 0 1 0 0 0 0 0 0 2 0 0 0 0 0 0 0 0 0 0 0 0 0 0 0 0 0 0 0 0 0 0 0 0 0 0 0 0 0 0 0 0 2 0 0 1 0 0 0 0 0 0 0 0 0 0 0 0 0 0 0 0 0 
1
0 0 0 0 0 0 0 0 0 
0 0 0 0 0 0 0 0 0 0 0 1 0 0 0 0 0 0 0 0 1 0 0 0 0 0 0 2 0 0 0 0 0 2 0 0 0 0 0 0 0 0 0 0 0 0 0 0 0 0 0 0 0 0 0 0 0 0 0 0 2 0 0 1 0 0 0 0 0 0 0 0 0 0 0 0 0 0 0 0 0 
0 0 0 0 0 0 0 0 0 0 0 1 0 0 0 0 0 0 0 0 1 0 0 0 0 0 0 2 0 0 0 0 0 2 0 0 0 0 0 0 0 0 0 0 0 0 0 0 0 0 0 0 0 0 0 0 0 0 0 0 2 0 0 1 0 0 0 0 0 0 0 0 0 0 0 0 0 0 0 0 0 
1
0 0 0 0 0 0 0 0 0 
0 0 0 0 0 0 0 0 0 0 1 1 0 0 0 0 0 0 0 0 1 0 0 0 0 0 0 2 0 0 0 0 0 2 0 0 0 0 0 0 0 0 0 0 0 0 0 0 0 0 0 0 0 0 0 0 0 0 0 0 2 0 0 1 0 0 0 0 0 0 0 0 0 0 0 0 0 0 0 0 0 
0 0 0 0 0 0 0 0 0 0 1 1 0 0 0 0 0 0 0 0 1 0 0 0 0 0 0 2 0 0 0 0 0 2 0 0 0 0 0 0 0 0 0 0 0 0 0 0 0 0 0 0 0 0 0 0 0 0 0 0 2 0 0 1 0 0 0 0 0 0 0 0 0 0 0 0 0 0 0 0 0 
1
0 0 0 0 0 0 0 0 0 
0 0 0 0 0 0 0 0 0 0 1 1 0 0 0 0 0 0 0 0 1 0 0 0 0 0 0 2 0 0 2 0 0 2 0 0 0 0 0 0 0 0 0 0 0 0 0 0 0 0 0 0 0 0 0 0 0 0 0 0 2 0 0 1 0 0 0 0 0 0 0 0 0 0 0 0 0 0 0 0 0 
0 0 0 0 0 0 0 0 0 0 1 1 0 0 0 0 0 0 0 0 1 0 0 0 0 0 0 2 0 0 2 0 0 2 0 0 0 0 0 0 0 0 0 0 0 0 0 0 0 0 0 0 0 0 0 0 0 0 0 0 2 0 0 1 0 0 0 0 0 0 0 0 0 0 0 0 0 0 0 0 0 
1
0 0 0 0 0 0 0 0 0 
0 0 0 0 0 0 0 0 0 0 1 1 0 0 0 0 0 0 1 0 1 0 0 0 0 0 0 2 0 0 2 0 0 2 0 0 0 0 0 0 0 0 0 0 0 0 0 0 0 0 0 0 0 0 0 0 0 0 0 0 2 0 0 1 0 0 0 0 0 0 0 0 0 0 0 0 0 0 0 0 0 
0 0 0 0 0 0 0 0 0 0 1 1 0 0 0 0 0 0 1 0 1 0 0 0 0 0 0 2 0 0 2 0 0 2 0 0 0 0 0 0 0 0 0 0 0 0 0 0 0 0 0 0 0 0 0 0 0 0 0 0 2 0 0 1 0 0 0 0 0 0 0 0 0 0 0 0 0 0 0 0 0 
1
0 0 0 0 0 0 0 0 0 
0 0 0 0 0 0 0 0 0 0 1 1 0 0 0 0 0 0 1 0 1 0 0 0 0 0 0 2 0 0 2 0 0 2 0 0 0 0 0 0 0 0 0 0 0 0 0 0 0 0 0 0 0 0 2 0 0 0 0 0 2 0 0 1 0 0 0 0 0 0 0 0 0 0 0 0 0 0 0 0 0 
0 0 0 0 0 0 0 0 0 0 1 1 0 0 0 0 0 0 1 0 1 0 0 0 0 0 0 2 0 0 2 0 0 2 0 0 0 0 0 0 0 0 0 0 0 0 0 0 0 0 0 0 0 0 2 0 0 0 0 0 2 0 0 1 0 0 0 0 0 0 0 0 0 0 0 0 0 0 0 0 0 
1
1 0 0 0 0 0 0 0 0 
1 0 0 0 0 0 0 0 0 0 1 1 0 0 0 0 0 0 1 0 1 0 0 0 0 0 0 2 0 0 2 0 0 2 0 0 0 0 0 0 0 0 0 0 0 0 0 0 0 0 0 0 0 0 2 0 0 0 0 0 2 0 0 1 0 0 0 0 0 0 0 0 0 0 0 0 0 0 0 0 0 
17 16 16 0 0 0 0 0 0 16 17 17 0 0 0 0 0 0 17 16 17 0 0 0 0 0 0 2 0 0 2 0 0 2 0 0 0 0 0 0 0 0 0 0 0 0 0 0 0 0 0 0 0 0 2 0 0 0 0 0 2 0 0 1 0 0 0 0 0 0 0 0 0 0 0 0 0 0 0 0 0 
1
1 0 0 0 0 0 0 0 0 
1 0 0 2 0 0 0 0 0 0 1 1 0 0 0 0 0 0 1 0 1 0 0 0 0 0 0 2 0 0 2 0 0 2 0 0 0 0 0 0 0 0 0 0 0 0 0 0 0 0 0 0 0 0 2 0 0 0 0 0 2 0 0 1 0 0 0 0 0 0 0 0 0 0 0 0 0 0 0 0 0 
17 16 16 2 0 0 0 0 0 16 17 17 0 0 0 0 0 0 17 16 17 0 0 0 0 0 0 2 0 0 2 0 0 2 0 0 0 0 0 0 0 0 0 0 0 0 0 0 0 0 0 0 0 0 2 0 0 0 0 0 2 0 0 1 0 0 0 0 0 0 0 0 0 0 0 0 0 0 0 0 0 
1
1 0 0 0 0 0 0 0 0 
1 0 0 2 0 0 0 0 0 0 1 1 0 0 0 0 0 0 1 0 1 0 0 0 0 0 0 2 0 0 2 0 0 2 0 0 0 0 0 0 0 0 0 0 0 0 0 0 0 0 0 0 0 0 2 0 0 0 0 0 2 0 0 1 1 0 0 0 0 0 0 0 0 0 0 0 0 0 0 0 0 
17 16 16 2 0 0 0 0 0 16 17 17 0 0 0 0 0 0 17 16 17 0 0 0 0 0 0 2 0 0 2 0 0 2 0 0 0 0 0 0 0 0 0 0 0 0 0 0 0 0 0 0 0 0 2 0 0 0 0 0 2 0 0 1 1 0 0 0 0 0 0 0 0 0 0 0 0 0 0 0 0 
1
1 0 0 0 0 0 0 0 0 
1 0 0 2 0 0 0 0 0 0 1 1 0 0 0 0 0 0 1 0 1 0 0 0 0 0 0 2 0 0 2 2 0 2 0 0 0 0 0 0 0 0 0 0 0 0 0 0 0 0 0 0 0 0 2 0 0 0 0 0 2 0 0 1 1 0 0 0 0 0 0 0 0 0 0 0 0 0 0 0 0 
17 16 16 2 0 0 0 0 0 16 17 17 0 0 0 0 0 0 17 16 17 0 0 0 0 0 0 2 0 0 2 2 0 2 0 0 0 0 0 0 0 0 0 0 0 0 0 0 0 0 0 0 0 0 2 0 0 0 0 0 2 0 0 1 1 0 0 0 0 0 0 0 0 0 0 0 0 0 0 0 0 
1
1 0 0 0 0 0 0 0 0 
1 0 0 2 1 0 0 0 0 0 1 1 0 0 0 0 0 0 1 0 1 0 0 0 0 0 0 2 0 0 2 2 0 2 0 0 0 0 0 0 0 0 0 0 0 0 0 0 0 0 0 0 0 0 2 0 0 0 0 0 2 0 0 1 1 0 0 0 0 0 0 0 0 0 0 0 0 0 0 0 0 
17 16 16 2 1 0 0 0 0 16 17 17 0 0 0 0 0 0 17 16 17 0 0 0 0 0 0 2 0 0 2 2 0 2 0 0 0 0 0 0 0 0 0 0 0 0 0 0 0 0 0 0 0 0 2 0 0 0 0 0 2 0 0 1 1 0 0 0 0 0 0 0 0 0 0 0 0 0 0 0 0 
1
1 0 0 0 0 0 0 0 0 
1 0 0 2 1 2 0 0 0 0 1 1 0 0 0 0 0 0 1 0 1 0 0 0 0 0 0 2 0 0 2 2 0 2 0 0 0 0 0 0 0 0 0 0 0 0 0 0 0 0 0 0 0 0 2 0 0 0 0 0 2 0 0 1 1 0 0 0 0 0 0 0 0 0 0 0 0 0 0 0 0 
17 16 16 2 1 2 0 0 0 16 17 17 0 0 0 0 0 0 17 16 17 0 0 0 0 0 0 2 0 0 2 2 0 2 0 0 0 0 0 0 0 0 0 0 0 0 0 0 0 0 0 0 0 0 2 0 0 0 0 0 2 0 0 1 1 0 0 0 0 0 0 0 0 0 0 0 0 0 0 0 0 
1
1 0 0 0 0 0 0 0 0 
1 0 0 2 1 2 0 0 0 0 1 1 0 0 0 1 0 0 1 0 1 0 0 0 0 0 0 2 0 0 2 2 0 2 0 0 0 0 0 0 0 0 0 0 0 0 0 0 0 0 0 0 0 0 2 0 0 0 0 0 2 0 0 1 1 0 0 0 0 0 0 0 0 0 0 0 0 0 0 0 0 
17 16 16 2 1 2 0 0 0 16 17 17 0 0 0 1 0 0 17 16 17 0 0 0 0 0 0 2 0 0 2 2 0 2 0 0 0 0 0 0 0 0 0 0 0 0 0 0 0 0 0 0 0 0 2 0 0 0 0 0 2 0 0 1 1 0 0 0 0 0 0 0 0 0 0 0 0 0 0 0 0 
1
1 0 0 0 0 0 0 0 0 
1 0 0 2 1 2 0 0 0 0 1 1 0 0 0 1 0 0 1 0 1 0 0 0 0 0 0 2 2 0 2 2 0 2 0 0 0 0 0 0 0 0 0 0 0 0 0 0 0 0 0 0 0 0 2 0 0 0 0 0 2 0 0 1 1 0 0 0 0 0 0 0 0 0 0 0 0 0 0 0 0 
17 16 16 2 1 2 0 0 0 16 17 17 0 0 0 1 0 0 17 16 17 0 0 0 0 0 0 2 2 0 2 2 0 2 0 0 0 0 0 0 0 0 0 0 0 0 0 0 0 0 0 0 0 0 2 0 0 0 0 0 2 0 0 1 1 0 0 0 0 0 0 0 0 0 0 0 0 0 0 0 0 
1
1 0 0 0 0 0 0 0 0 
1 0 0 2 1 2 0 0 0 0 1 1 0 0 1 1 0 0 1 0 1 0 0 0 0 0 0 2 2 0 2 2 0 2 0 0 0 0 0 0 0 0 0 0 0 0 0 0 0 0 0 0 0 0 2 0 0 0 0 0 2 0 0 1 1 0 0 0 0 0 0 0 0 0 0 0 0 0 0 0 0 
17 16 16 2 1 2 0 0 0 16 17 17 0 0 1 1 0 0 17 16 17 0 0 0 0 0 0 2 2 0 2 2 0 2 0 0 0 0 0 0 0 0 0 0 0 0 0 0 0 0 0 0 0 0 2 0 0 0 0 0 2 0 0 1 1 0 0 0 0 0 0 0 0 0 0 0 0 0 0 0 0 
1
1 0 0 0 0 0 0 0 0 
1 0 0 2 1 2 0 0 0 0 1 1 0 0 1 1 0 0 1 0 1 0 0 0 0 0 0 2 2 0 2 2 0 2 2 0 0 0 0 0 0 0 0 0 0 0 0 0 0 0 0 0 0 0 2 0 0 0 0 0 2 0 0 1 1 0 0 0 0 0 0 0 0 0 0 0 0 0 0 0 0 
17 16 16 2 1 2 0 0 0 16 17 17 0 0 1 1 0 0 17 16 17 0 0 0 0 0 0 2 2 0 2 2 0 2 2 0 0 0 0 0 0 0 0 0 0 0 0 0 0 0 0 0 0 0 2 0 0 0 0 0 2 0 0 1 1 0 0 0 0 0 0 0 0 0 0 0 0 0 0 0 0 
1
1 0 0 0 0 0 0 0 0 
1 0 0 2 1 2 0 0 0 0 1 1 0 1 1 1 0 0 1 0 1 0 0 0 0 0 0 2 2 0 2 2 0 2 2 0 0 0 0 0 0 0 0 0 0 0 0 0 0 0 0 0 0 0 2 0 0 0 0 0 2 0 0 1 1 0 0 0 0 0 0 0 0 0 0 0 0 0 0 0 0 
17 16 16 2 1 2 0 0 0 16 17 17 0 1 1 1 0 0 17 16 17 0 0 0 0 0 0 2 2 0 2 2 0 2 2 0 0 0 0 0 0 0 0 0 0 0 0 0 0 0 0 0 0 0 2 0 0 0 0 0 2 0 0 1 1 0 0 0 0 0 0 0 0 0 0 0 0 0 0 0 0 
1
1 0 0 0 2 0 0 0 0 
1 0 0 2 1 2 0 0 0 0 1 1 0 1 1 1 0 0 1 0 1 0 0 0 0 0 0 2 2 0 2 2 2 2 2 0 0 0 0 0 0 0 0 0 0 0 0 0 0 0 0 0 0 0 2 0 0 0 0 0 2 0 0 1 1 0 0 0 0 0 0 0 0 0 0 0 0 0 0 0 0 
17 16 16 2 1 2 0 0 0 16 17 17 0 1 1 1 0 0 17 16 17 0 0 0 0 0 0 2 2 0 34 34 34 2 2 0 0 0 0 32 32 32 0 0 0 0 0 0 32 32 32 0 0 0 2 0 0 0 0 0 2 0 0 1 1 0 0 0 0 0 0 0 0 0 0 0 0 0 0 0 0 
1
1 0 0 0 2 0 0 0 0 
1 0 0 2 1 2 0 0 0 0 1 1 0 1 1 1 1 0 1 0 1 0 0 0 0 0 0 2 2 0 2 2 2 2 2 0 0 0 0 0 0 0 0 0 0 0 0 0 0 0 0 0 0 0 2 0 0 0 0 0 2 0 0 1 1 0 0 0 0 0 0 0 0 0 0 0 0 0 0 0 0 
17 16 16 2 1 2 0 0 0 16 17 17 0 1 1 1 1 0 17 16 17 0 0 0 0 0 0 2 2 0 34 34 34 2 2 0 0 0 0 32 32 32 0 0 0 0 0 0 32 32 32 0 0 0 2 0 0 0 0 0 2 0 0 1 1 0 0 0 0 0 0 0 0 0 0 0 0 0 0 0 0 
1
1 0 0 0 2 0 0 0 0 
1 0 0 2 1 2 2 0 0 0 1 1 0 1 1 1 1 0 1 0 1 0 0 0 0 0 0 2 2 0 2 2 2 2 2 0 0 0 0 0 0 0 0 0 0 0 0 0 0 0 0 0 0 0 2 0 0 0 0 0 2 0 0 1 1 0 0 0 0 0 0 0 0 0 0 0 0 0 0 0 0 
17 16 16 2 1 2 2 0 0 16 17 17 0 1 1 1 1 0 17 16 17 0 0 0 0 0 0 2 2 0 34 34 34 2 2 0 0 0 0 32 32 32 0 0 0 0 0 0 32 32 32 0 0 0 2 0 0 0 0 0 2 0 0 1 1 0 0 0 0 0 0 0 0 0 0 0 0 0 0 0 0 
1
1 0 0 0 2 0 0 0 0 
1 0 0 2 1 2 2 0 0 0 1 1 0 1 1 1 1 0 1 0 1 0 0 0 0 1 0 2 2 0 2 2 2 2 2 0 0 0 0 0 0 0 0 0 0 0 0 0 0 0 0 0 0 0 2 0 0 0 0 0 2 0 0 1 1 0 0 0 0 0 0 0 0 0 0 0 0 0 0 0 0 
17 16 16 2 1 2 2 0 0 16 17 17 0 1 1 1 1 0 17 16 17 0 0 0 0 1 0 2 2 0 34 34 34 2 2 0 0 0 0 32 32 32 0 0 0 0 0 0 32 32 32 0 0 0 2 0 0 0 0 0 2 0 0 1 1 0 0 0 0 0 0 0 0 0 0 0 0 0 0 0 0 
1
1 0 0 0 2 0 0 0 0 
1 0 0 2 1 2 2 0 0 0 1 1 0 1 1 1 1 0 1 0 1 0 0 0 0 1 0 2 2 0 2 2 2 2 2 0 0 0 0 0 0 0 0 0 0 0 0 0 0 0 0 0 0 0 2 0 0 2 0 0 2 0 0 1 1 0 0 0 0 0 0 0 0 0 0 0 0 0 0 0 0 
17 16 16 2 1 2 2 0 0 16 17 17 0 1 1 1 1 0 17 16 17 0 0 0 0 1 0 2 2 0 34 34 34 2 2 0 0 0 0 32 32 32 0 0 0 0 0 0 32 32 32 0 0 0 2 0 0 2 0 0 2 0 0 1 1 0 0 0 0 0 0 0 0 0 0 0 0 0 0 0 0 
1
1 0 0 0 2 0 0 0 0 
1 0 0 2 1 2 2 0 0 0 1 1 0 1 1 1 1 0 1 0 1 0 0 0 0 1 0 2 2 0 2 2 2 2 2 0 0 0 0 0 0 0 0 0 0 0 0 0 0 0 0 0 0 0 2 0 0 2 0 0 2 0 0 1 1 0 0 0 0 0 0 0 0 1 0 0 0 0 0 0 0 
17 16 16 2 1 2 2 0 0 16 17 17 0 1 1 1 1 0 17 16 17 0 0 0 0 1 0 2 2 0 34 34 34 2 2 0 0 0 0 32 32 32 0 0 0 0 0 0 32 32 32 0 0 0 2 0 0 2 0 0 2 0 0 1 1 0 0 0 0 0 0 0 0 1 0 0 0 0 0 0 0 
1
1 0 0 0 2 0 0 0 0 
1 0 0 2 1 2 2 0 0 0 1 1 0 1 1 1 1 0 1 0 1 0 0 0 0 1 0 2 2 0 2 2 2 2 2 0 0 0 0 0 0 0 0 0 0 0 0 0 0 0 0 0 0 0 2 0 0 2 2 0 2 0 0 1 1 0 0 0 0 0 0 0 0 1 0 0 0 0 0 0 0 
17 16 16 2 1 2 2 0 0 16 17 17 0 1 1 1 1 0 17 16 17 0 0 0 0 1 0 2 2 0 34 34 34 2 2 0 0 0 0 32 32 32 0 0 0 0 0 0 32 32 32 0 0 0 2 0 0 2 2 0 2 0 0 1 1 0 0 0 0 0 0 0 0 1 0 0 0 0 0 0 0 
1
1 0 0 0 2 0 0 0 0 
1 0 0 2 1 2 2 0 0 0 1 1 0 1 1 1 1 0 1 0 1 0 0 1 0 1 0 2 2 0 2 2 2 2 2 0 0 0 0 0 0 0 0 0 0 0 0 0 0 0 0 0 0 0 2 0 0 2 2 0 2 0 0 1 1 0 0 0 0 0 0 0 0 1 0 0 0 0 0 0 0 
17 16 16 2 1 2 2 0 0 16 17 17 0 1 1 1 1 0 17 16 17 0 0 1 0 1 0 2 2 0 34 34 34 2 2 0 0 0 0 32 32 32 0 0 0 0 0 0 32 32 32 0 0 0 2 0 0 2 2 0 2 0 0 1 1 0 0 0 0 0 0 0 0 1 0 0 0 0 0 0 0 
1
1 0 0 0 2 0 0 0 0 
1 0 0 2 1 2 2 0 0 0 1 1 0 1 1 1 1 0 1 0 1 0 0 1 0 1 0 2 2 0 2 2 2 2 2 0 0 0 0 0 0 0 0 0 0 0 0 0 0 0 0 0 0 0 2 0 0 2 2 0 2 2 0 1 1 0 0 0 0 0 0 0 0 1 0 0 0 0 0 0 0 
17 16 16 2 1 2 2 0 0 16 17 17 0 1 1 1 1 0 17 16 17 0 0 1 0 1 0 2 2 0 34 34 34 2 2 0 0 0 0 32 32 32 0 0 0 0 0 0 32 32 32 0 0 0 2 0 0 2 2 0 2 2 0 1 1 0 0 0 0 0 0 0 0 1 0 0 0 0 0 0 0 
1
1 1 0 0 2 0 0 0 0 
1 0 0 2 1 2 2 0 0 0 1 1 1 1 1 1 1 0 1 0 1 0 0 1 0 1 0 2 2 0 2 2 2 2 2 0 0 0 0 0 0 0 0 0 0 0 0 0 0 0 0 0 0 0 2 0 0 2 2 0 2 2 0 1 1 0 0 0 0 0 0 0 0 1 0 0 0 0 0 0 0 
17 16 16 18 17 18 2 0 0 16 17 17 17 17 17 1 1 0 17 16 17 16 16 17 0 1 0 2 2 0 34 34 34 2 2 0 0 0 0 32 32 32 0 0 0 0 0 0 32 32 32 0 0 0 2 0 0 2 2 0 2 2 0 1 1 0 0 0 0 0 0 0 0 1 0 0 0 0 0 0 0 
1
1 1 0 2 2 0 0 0 0 
1 0 0 2 1 2 2 0 0 0 1 1 1 1 1 1 1 0 1 0 1 0 0 1 0 1 0 2 2 2 2 2 2 2 2 0 0 0 0 0 0 0 0 0 0 0 0 0 0 0 0 0 0 0 2 0 0 2 2 0 2 2 0 1 1 0 0 0 0 0 0 0 0 1 0 0 0 0 0 0 0 
17 16 16 18 17 18 2 0 0 16 17 17 17 17 17 1 1 0 17 16 17 16 16 17 0 1 0 34 34 34 34 34 34 2 2 0 32 32 32 32 32 32 0 0 0 32 32 32 32 32 32 0 0 0 2 0 0 2 2 0 2 2 0 1 1 0 0 0 0 0 0 0 0 1 0 0 0 0 0 0 0 
1
1 1 0 2 2 0 0 0 0 
1 0 0 2 1 2 2 0 0 0 1 1 1 1 1 1 1 0 1 0 1 0 0 1 0 1 1 2 2 2 2 2 2 2 2 0 0 0 0 0 0 0 0 0 0 0 0 0 0 0 0 0 0 0 2 0 0 2 2 0 2 2 0 1 1 0 0 0 0 0 0 0 0 1 0 0 0 0 0 0 0 
17 16 16 18 17 18 2 0 0 16 17 17 17 17 17 1 1 0 17 16 17 16 16 17 0 1 1 34 34 34 34 34 34 2 2 0 32 32 32 32 32 32 0 0 0 32 32 32 32 32 32 0 0 0 2 0 0 2 2 0 2 2 0 1 1 0 0 0 0 0 0 0 0 1 0 0 0 0 0 0 0 
1
1 1 0 2 2 0 0 0 2 
1 0 0 2 1 2 2 0 0 0 1 1 1 1 1 1 1 0 1 0 1 0 0 1 0 1 1 2 2 2 2 2 2 2 2 0 0 0 0 0 0 0 0 0 0 0 0 0 0 0 0 0 0 0 2 0 0 2 2 0 2 2 2 1 1 0 0 0 0 0 0 0 0 1 0 0 0 0 0 0 0 
17 16 16 18 17 18 2 0 0 16 17 17 17 17 17 1 1 0 17 16 17 16 16 17 0 1 1 34 34 34 34 34 34 2 2 0 32 32 32 32 32 32 0 0 0 32 32 32 32 32 32 0 0 0 2 0 0 2 2 0 34 34 34 1 1 0 0 0 0 32 32 32 0 1 0 0 0 0 32 32 32 
1
1 1 1 2 2 0 0 0 2 
1 0 0 2 1 2 2 0 0 0 1 1 1 1 1 1 1 0 1 0 1 0 0 1 1 1 1 2 2 2 2 2 2 2 2 0 0 0 0 0 0 0 0 0 0 0 0 0 0 0 0 0 0 0 2 0 0 2 2 0 2 2 2 1 1 0 0 0 0 0 0 0 0 1 0 0 0 0 0 0 0 
17 16 16 18 17 18 18 16 16 16 17 17 17 17 17 17 17 16 17 16 17 16 16 17 17 17 17 34 34 34 34 34 34 2 2 0 32 32 32 32 32 32 0 0 0 32 32 32 32 32 32 0 0 0 2 0 0 2 2 0 34 34 34 1 1 0 0 0 0 32 32 32 0 1 0 0 0 0 32 32 32 
1
1 1 1 2 2 0 0 0 2 
1 0 0 2 1 2 2 0 0 0 1 1 1 1 1 1 1 0 1 0 1 0 0 1 1 1 1 2 2 2 2 2 2 2 2 0 0 0 0 0 0 0 0 0 0 0 0 0 0 0 0 0 0 0 2 0 0 2 2 0 2 2 2 1 1 0 0 0 0 0 0 0 0 1 0 0 0 0 0 0 0 
17 16 16 18 17 18 18 16 16 16 17 17 17 17 17 17 17 16 17 16 17 16 16 17 17 17 17 34 34 34 34 34 34 2 2 0 32 32 32 32 32 32 0 0 0 32 32 32 32 32 32 0 0 0 2 0 0 2 2 0 34 34 34 1 1 0 0 0 0 32 32 32 0 1 0 0 0 0 32 32 32 
1
