0 0 0 0 0 0 0 0 0 
0 0 0 0 0 0 0 0 0 0 0 0 0 0 0 0 0 0 0 0 0 0 0 0 0 0 0 0 0 0 0 0 0 0 0 0 0 0 0 0 0 0 0 0 0 0 0 0 0 0 0 0 0 0 0 0 0 0 0 0 0 0 1 0 0 0 0 0 0 0 0 0 0 0 0 0 0 0 0 0 0 
0 0 0 0 0 0 0 0 0 0 0 0 0 0 0 0 0 0 0 0 0 0 0 0 0 0 0 0 0 0 0 0 0 0 0 0 0 0 0 0 0 0 0 0 0 0 0 0 0 0 0 0 0 0 0 0 0 0 0 0 0 0 1 0 0 0 0 0 0 0 0 0 0 0 0 0 0 0 0 0 0 
1
0 0 0 0 0 0 0 0 0 
0 0 0 0 0 0 0 0 0 0 0 0 0 0 0 0 0 0 0 0 0 0 0 0 0 0 2 0 0 0 0 0 0 0 0 0 0 0 0 0 0 0 0 0 0 0 0 0 0 0 0 0 0 0 0 0 0 0 0 0 0 0 1 0 0 0 0 0 0 0 0 0 0 0 0 0 0 0 0 0 0 
0 0 0 0 0 0 0 0 0 0 0 0 0 0 0 0 0 0 0 0 0 0 0 0 0 0 2 0 0 0 0 0 0 0 0 0 0 0 0 0 0 0 0 0 0 0 0 0 0 0 0 0 0 0 0 0 0 0 0 0 0 0 1 0 0 0 0 0 0 0 0 0 0 0 0 0 0 0 0 0 0 
1
0 0 0 0 0 0 0 0 0 
0 0 0 0 0 0 0 0 0 0 0 0 0 0 0 0 0 0 0 0 0 0 0 0 0 0 2 0 0 0 0 0 0 0 0 0 0 0 0 0 0 0 0 0 0 0 0 0 0 0 0 0 0 0 0 0 0 0 0 0 1 0 1 0 0 0 0 0 0 0 0 0 0 0 0 0 0 0 0 0 0 
0 0 0 0 0 0 0 0 0 0 0 0 0 0 0 0 0 0 0 0 0 0 0 0 0 0 2 0 0 0 0 0 0 0 0 0 0 0 0 0 0 0 0 0 0 0 0 0 0 0 0 0 0 0 0 0 0 0 0 0 1 0 1 0 0 0 0 0 0 0 0 0 0 0 0 0 0 0 0 0 0 
1
0 0 0 0 0 0 0 0 0 
0 0 0 0 0 0 0 0 0 0 0 0 0 0 0 0 0 0 0 0 2 0 0 0 0 0 2 0 0 0 0 0 0 0 0 0 0 0 0 0 0 0 0 0 0 0 0 0 0 0 0 0 0 0 0 0 0 0 0 0 1 0 1 0 0 0 0 0 0 0 0 0 0 0 0 0 0 0 0 0 0 
0 0 0 0 0 0 0 0 0 0 0 0 0 0 0 0 0 0 0 0 2 0 0 0 0 0 2 0 0 0 0 0 0 0 0 0 0 0 0 0 0 0 0 0 0 0 0 0 0 0 0 0 0 0 0 0 0 0 0 0 1 0 1 0 0 0 0 0 0 0 0 0 0 0 0 0 0 0 0 0 0 
1
0 0 0 0 0 0 0 0 1 
0 0 0 0 0 0 0 0 0 0 0 0 0 0 0 0 0 0 0 0 2 0 0 0 0 0 2 0 0 0 0 0 0 0 0 0 0 0 0 0 0 0 0 0 0 0 0 0 0 0 0 0 0 0 0 0 0 0 0 0 1 1 1 0 0 0 0 0 0 0 0 0 0 0 0 0 0 0 0 0 0 
0 0 0 0 0 0 0 0 0 0 0 0 0 0 0 0 0 0 0 0 2 0 0 0 0 0 2 0 0 0 0 0 0 0 0 0 0 0 0 0 0 0 0 0 0 0 0 0 0 0 0 0 0 0 0 0 0 0 0 0 17 17 17 0 0 0 0 0 0 16 16 16 0 0 0 0 0 0 16 16 16 
1
0 0 0 0 0 0 0 0 1 
0 0 0 0 0 0 0 0 0 0 0 0 0 0 2 0 0 0 0 0 2 0 0 0 0 0 2 0 0 0 0 0 0 0 0 0 0 0 0 0 0 0 0 0 0 0 0 0 0 0 0 0 0 0 0 0 0 0 0 0 1 1 1 0 0 0 0 0 0 0 0 0 0 0 0 0 0 0 0 0 0 
0 0 0 0 0 0 0 0 0 0 0 0 0 0 2 0 0 0 0 0 2 0 0 0 0 0 2 0 0 0 0 0 0 0 0 0 0 0 0 0 0 0 0 0 0 0 0 0 0 0 0 0 0 0 0 0 0 0 0 0 17 17 17 0 0 0 0 0 0 16 16 16 0 0 0 0 0 0 16 16 16 
1
0 0 0 0 0 0 0 0 1 
0 0 0 0 0 0 0 0 0 0 0 0 0 0 2 0 0 0 0 0 2 0 0 0 0 0 2 0 0 0 0 0 0 0 0 0 0 0 0 0 0 0 1 0 0 0 0 0 0 0 0 0 0 0 0 0 0 0 0 0 1 1 1 0 0 0 0 0 0 0 0 0 0 0 0 0 0 0 0 0 0 
0 0 0 0 0 0 0 0 0 0 0 0 0 0 2 0 0 0 0 0 2 0 0 0 0 0 2 0 0 0 0 0 0 0 0 0 0 0 0 0 0 0 1 0 0 0 0 0 0 0 0 0 0 0 0 0 0 0 0 0 17 17 17 0 0 0 0 0 0 16 16 16 0 0 0 0 0 0 16 16 16 
1
0 0 0 0 0 0 0 0 1 
0 0 0 0 0 0 0 0 0 0 0 0 0 0 2 0 0 0 0 0 2 0 0 0 0 0 2 0 0 0 0 0 0 0 0 0 2 0 0 0 0 0 1 0 0 0 0 0 0 0 0 0 0 0 0 0 0 0 0 0 1 1 1 0 0 0 0 0 0 0 0 0 0 0 0 0 0 0 0 0 0 
0 0 0 0 0 0 0 0 0 0 0 0 0 0 2 0 0 0 0 0 2 0 0 0 0 0 2 0 0 0 0 0 0 0 0 0 2 0 0 0 0 0 1 0 0 0 0 0 0 0 0 0 0 0 0 0 0 0 0 0 17 17 17 0 0 0 0 0 0 16 16 16 0 0 0 0 0 0 16 16 16 
1
0 0 0 0 0 0 0 0 1 
0 0 0 0 0 0 0 0 0 0 0 0 0 0 2 0 0 0 0 0 2 0 0 0 0 0 2 0 0 0 0 0 0 0 0 0 2 1 0 0 0 0 1 0 0 0 0 0 0 0 0 0 0 0 0 0 0 0 0 0 1 1 1 0 0 0 0 0 0 0 0 0 0 0 0 0 0 0 0 0 0 
0 0 0 0 0 0 0 0 0 0 0 0 0 0 2 0 0 0 0 0 2 0 0 0 0 0 2 0 0 0 0 0 0 0 0 0 2 1 0 0 0 0 1 0 0 0 0 0 0 0 0 0 0 0 0 0 0 0 0 0 17 17 17 0 0 0 0 0 0 16 16 16 0 0 0 0 0 0 16 16 16 
1
0 0 0 0 0 0 0 0 1 
0 0 0 0 0 0 0 0 0 0 0 0 0 0 2 0 0 0 0 0 2 0 0 0 0 0 2 0 0 0 0 0 0 0 0 0 2 1 0 0 2 0 1 0 0 0 0 0 0 0 0 0 0 0 0 0 0 0 0 0 1 1 1 0 0 0 0 0 0 0 0 0 0 0 0 0 0 0 0 0 0 
0 0 0 0 0 0 0 0 0 0 0 0 0 0 2 0 0 0 0 0 2 0 0 0 0 0 2 0 0 0 0 0 0 0 0 0 2 1 0 0 2 0 1 0 0 0 0 0 0 0 0 0 0 0 0 0 0 0 0 0 17 17 17 0 0 0 0 0 0 16 16 16 0 0 0 0 0 0 16 16 16 
1
0 0 0 0 0 0 0 0 1 
0 0 0 0 0 0 0 0 0 0 0 0 0 0 2 0 0 0 0 0 2 0 0 0 0 0 2 0 0 0 1 0 0 0 0 0 2 1 0 0 2 0 1 0 0 0 0 0 0 0 0 0 0 0 0 0 0 0 0 0 1 1 1 0 0 0 0 0 0 0 0 0 0 0 0 0 0 0 0 0 0 
0 0 0 0 0 0 0 0 0 0 0 0 0 0 2 0 0 0 0 0 2 0 0 0 0 0 2 0 0 0 1 0 0 0 0 0 2 1 0 0 2 0 1 0 0 0 0 0 0 0 0 0 0 0 0 0 0 0 0 0 17 17 17 0 0 0 0 0 0 16 16 16 0 0 0 0 0 0 16 16 16 
1
0 0 0 0 0 0 0 0 1 
2 0 0 0 0 0 0 0 0 0 0 0 0 0 2 0 0 0 0 0 2 0 0 0 0 0 2 0 0 0 1 0 0 0 0 0 2 1 0 0 2 0 1 0 0 0 0 0 0 0 0 0 0 0 0 0 0 0 0 0 1 1 1 0 0 0 0 0 0 0 0 0 0 0 0 0 0 0 0 0 0 
2 0 0 0 0 0 0 0 0 0 0 0 0 0 2 0 0 0 0 0 2 0 0 0 0 0 2 0 0 0 1 0 0 0 0 0 2 1 0 0 2 0 1 0 0 0 0 0 0 0 0 0 0 0 0 0 0 0 0 0 17 17 17 0 0 0 0 0 0 16 16 16 0 0 0 0 0 0 16 16 16 
1
0 0 0 0 0 0 0 0 1 
2 0 0 0 0 0 0 0 0 0 1 0 0 0 2 0 0 0 0 0 2 0 0 0 0 0 2 0 0 0 1 0 0 0 0 0 2 1 0 0 2 0 1 0 0 0 0 0 0 0 0 0 0 0 0 0 0 0 0 0 1 1 1 0 0 0 0 0 0 0 0 0 0 0 0 0 0 0 0 0 0 
2 0 0 0 0 0 0 0 0 0 1 0 0 0 2 0 0 0 0 0 2 0 0 0 0 0 2 0 0 0 1 0 0 0 0 0 2 1 0 0 2 0 1 0 0 0 0 0 0 0 0 0 0 0 0 0 0 0 0 0 17 17 17 0 0 0 0 0 0 16 16 16 0 0 0 0 0 0 16 16 16 
1
0 0 0 0 0 0 0 0 1 
2 0 0 0 0 0 0 0 0 0 1 0 0 0 2 0 0 0 0 0 2 0 0 0 0 0 2 0 0 0 1 0 0 0 0 0 2 1 0 2 2 0 1 0 0 0 0 0 0 0 0 0 0 0 0 0 0 0 0 0 1 1 1 0 0 0 0 0 0 0 0 0 0 0 0 0 0 0 0 0 0 
2 0 0 0 0 0 0 0 0 0 1 0 0 0 2 0 0 0 0 0 2 0 0 0 0 0 2 0 0 0 1 0 0 0 0 0 2 1 0 2 2 0 1 0 0 0 0 0 0 0 0 0 0 0 0 0 0 0 0 0 17 17 17 0 0 0 0 0 0 16 16 16 0 0 0 0 0 0 16 16 16 
1
0 0 0 0 0 0 0 0 1 
2 0 0 0 0 0 0 0 0 0 1 0 0 0 2 0 0 0 0 0 2 0 0 0 0 0 2 0 1 0 1 0 0 0 0 0 2 1 0 2 2 0 1 0 0 0 0 0 0 0 0 0 0 0 0 0 0 0 0 0 1 1 1 0 0 0 0 0 0 0 0 0 0 0 0 0 0 0 0 0 0 
2 0 0 0 0 0 0 0 0 0 1 0 0 0 2 0 0 0 0 0 2 0 0 0 0 0 2 0 1 0 1 0 0 0 0 0 2 1 0 2 2 0 1 0 0 0 0 0 0 0 0 0 0 0 0 0 0 0 0 0 17 17 17 0 0 0 0 0 0 16 16 16 0 0 0 0 0 0 16 16 16 
1
0 0 0 0 0 0 0 0 1 
2 0 0 0 0 0 0 0 0 0 1 0 2 0 2 0 0 0 0 0 2 0 0 0 0 0 2 0 1 0 1 0 0 0 0 0 2 1 0 2 2 0 1 0 0 0 0 0 0 0 0 0 0 0 0 0 0 0 0 0 1 1 1 0 0 0 0 0 0 0 0 0 0 0 0 0 0 0 0 0 0 
2 0 0 0 0 0 0 0 0 0 1 0 2 0 2 0 0 0 0 0 2 0 0 0 0 0 2 0 1 0 1 0 0 0 0 0 2 1 0 2 2 0 1 0 0 0 0 0 0 0 0 0 0 0 0 0 0 0 0 0 17 17 17 0 0 0 0 0 0 16 16 16 0 0 0 0 0 0 16 16 16 
1
0 0 0 1 0 0 0 0 1 
2 0 0 0 0 0 0 0 0 0 1 0 2 0 2 0 0 0 0 0 2 0 0 0 0 0 2 0 1 0 1 0 0 0 0 0 2 1 0 2 2 0 1 0 0 0 1 0 0 0 0 0 0 0 0 0 0 0 0 0 1 1 1 0 0 0 0 0 0 0 0 0 0 0 0 0 0 0 0 0 0 
2 0 0 0 0 0 0 0 0 0 1 0 2 0 2 0 0 0 0 0 2 0 0 0 0 0 2 16 17 16 1 0 0 0 0 0 18 17 16 2 2 0 1 0 0 16 17 16 0 0 0 0 0 0 0 0 0 0 0 0 17 17 17 0 0 0 0 0 0 16 16 16 0 0 0 0 0 0 16 16 16 
1
0 0 0 1 0 0 0 0 1 
2 0 0 0 0 0 0 0 0 0 1 0 2 0 2 0 0 0 0 0 2 0 0 0 0 0 2 0 1 0 1 0 0 0 0 0 2 1 0 2 2 0 1 0 0 0 1 0 0 0 0 0 0 0 0 0 0 0 2 0 1 1 1 0 0 0 0 0 0 0 0 0 0 0 0 0 0 0 0 0 0 
2 0 0 0 0 0 0 0 0 0 1 0 2 0 2 0 0 0 0 0 2 0 0 0 0 0 2 16 17 16 1 0 0 0 0 0 18 17 16 2 2 0 1 0 0 16 17 16 0 0 0 0 0 0 0 0 0 0 2 0 17 17 17 0 0 0 0 0 0 16 16 16 0 0 0 0 0 0 16 16 16 
1
0 0 0 1 0 0 0 0 1 
2 0 0 0 0 1 0 0 0 0 1 0 2 0 2 0 0 0 0 0 2 0 0 0 0 0 2 0 1 0 1 0 0 0 0 0 2 1 0 2 2 0 1 0 0 0 1 0 0 0 0 0 0 0 0 0 0 0 2 0 1 1 1 0 0 0 0 0 0 0 0 0 0 0 0 0 0 0 0 0 0 
2 0 0 0 0 1 0 0 0 0 1 0 2 0 2 0 0 0 0 0 2 0 0 0 0 0 2 16 17 16 1 0 0 0 0 0 18 17 16 2 2 0 1 0 0 16 17 16 0 0 0 0 0 0 0 0 0 0 2 0 17 17 17 0 0 0 0 0 0 16 16 16 0 0 0 0 0 0 16 16 16 
1
0 0 0 1 0 0 0 0 1 
2 0 0 0 0 1 0 0 0 0 1 0 2 0 2 0 0 0 0 0 2 0 0 0 2 0 2 0 1 0 1 0 0 0 0 0 2 1 0 2 2 0 1 0 0 0 1 0 0 0 0 0 0 0 0 0 0 0 2 0 1 1 1 0 0 0 0 0 0 0 0 0 0 0 0 0 0 0 0 0 0 
2 0 0 0 0 1 0 0 0 0 1 0 2 0 2 0 0 0 0 0 2 0 0 0 2 0 2 16 17 16 1 0 0 0 0 0 18 17 16 2 2 0 1 0 0 16 17 16 0 0 0 0 0 0 0 0 0 0 2 0 17 17 17 0 0 0 0 0 0 16 16 16 0 0 0 0 0 0 16 16 16 
1
0 0 0 1 0 0 0 0 1 
2 0 0 0 0 1 0 0 0 0 1 0 2 0 2 0 0 0 0 0 2 0 0 0 2 0 2 0 1 0 1 0 0 0 0 0 2 1 0 2 2 0 1 0 0 0 1 0 0 0 0 0 0 0 1 0 0 0 2 0 1 1 1 0 0 0 0 0 0 0 0 0 0 0 0 0 0 0 0 0 0 
2 0 0 0 0 1 0 0 0 0 1 0 2 0 2 0 0 0 0 0 2 0 0 0 2 0 2 16 17 16 1 0 0 0 0 0 18 17 16 2 2 0 1 0 0 16 17 16 0 0 0 0 0 0 1 0 0 0 2 0 17 17 17 0 0 0 0 0 0 16 16 16 0 0 0 0 0 0 16 16 16 
1
0 0 0 1 0 0 0 0 1 
2 0 0 0 0 1 0 0 0 0 1 0 2 0 2 0 0 0 2 0 2 0 0 0 2 0 2 0 1 0 1 0 0 0 0 0 2 1 0 2 2 0 1 0 0 0 1 0 0 0 0 0 0 0 1 0 0 0 2 0 1 1 1 0 0 0 0 0 0 0 0 0 0 0 0 0 0 0 0 0 0 
2 0 0 0 0 1 0 0 0 0 1 0 2 0 2 0 0 0 2 0 2 0 0 0 2 0 2 16 17 16 1 0 0 0 0 0 18 17 16 2 2 0 1 0 0 16 17 16 0 0 0 0 0 0 1 0 0 0 2 0 17 17 17 0 0 0 0 0 0 16 16 16 0 0 0 0 0 0 16 16 16 
1
0 0 0 1 0 0 0 0 1 
2 0 0 0 0 1 0 0 0 0 1 0 2 0 2 0 0 0 2 0 2 0 0 0 2 0 2 0 1 0 1 0 0 0 0 0 2 1 0 2 2 0 1 0 0 0 1 0 0 0 0 0 0 0 1 0 0 0 2 0 1 1 1 0 0 0 0 0 0 0 0 0 1 0 0 0 0 0 0 0 0 
2 0 0 0 0 1 0 0 0 0 1 0 2 0 2 0 0 0 2 0 2 0 0 0 2 0 2 16 17 16 1 0 0 0 0 0 18 17 16 2 2 0 1 0 0 16 17 16 0 0 0 0 0 0 1 0 0 0 2 0 17 17 17 0 0 0 0 0 0 16 16 16 1 0 0 0 0 0 16 16 16 
1
0 0 0 1 0 0 0 0 1 
2 0 0 0 0 1 0 0 0 0 1 0 2 0 2 0 0 0 2 0 2 0 0 0 2 0 2 0 1 0 1 0 0 0 0 0 2 1 0 2 2 0 1 0 0 0 1 0 0 0 0 0 0 0 1 0 0 0 2 0 1 1 1 0 0 2 0 0 0 0 0 0 1 0 0 0 0 0 0 0 0 
2 0 0 0 0 1 0 0 0 0 1 0 2 0 2 0 0 0 2 0 2 0 0 0 2 0 2 16 17 16 1 0 0 0 0 0 18 17 16 2 2 0 1 0 0 16 17 16 0 0 0 0 0 0 1 0 0 0 2 0 17 17 17 0 0 2 0 0 0 16 16 16 1 0 0 0 0 0 16 16 16 
1
0 0 0 1 0 0 0 0 1 
2 0 0 0 0 1 0 0 0 0 1 0 2 0 2 0 0 0 2 0 2 0 0 0 2 0 2 0 1 0 1 0 0 0 0 0 2 1 0 2 2 0 1 0 1 0 1 0 0 0 0 0 0 0 1 0 0 0 2 0 1 1 1 0 0 2 0 0 0 0 0 0 1 0 0 0 0 0 0 0 0 
2 0 0 0 0 1 0 0 0 0 1 0 2 0 2 0 0 0 2 0 2 0 0 0 2 0 2 16 17 16 1 0 0 0 0 0 18 17 16 2 2 0 1 0 1 16 17 16 0 0 0 0 0 0 1 0 0 0 2 0 17 17 17 0 0 2 0 0 0 16 16 16 1 0 0 0 0 0 16 16 16 
1
0 0 0 1 0 0 0 0 1 
2 0 0 0 0 1 0 0 0 0 1 0 2 0 2 0 0 0 2 0 2 0 0 0 2 0 2 0 1 0 1 0 0 2 0 0 2 1 0 2 2 0 1 0 1 0 1 0 0 0 0 0 0 0 1 0 0 0 2 0 1 1 1 0 0 2 0 0 0 0 0 0 1 0 0 0 0 0 0 0 0 
2 0 0 0 0 1 0 0 0 0 1 0 2 0 2 0 0 0 2 0 2 0 0 0 2 0 2 16 17 16 1 0 0 2 0 0 18 17 16 2 2 0 1 0 1 16 17 16 0 0 0 0 0 0 1 0 0 0 2 0 17 17 17 0 0 2 0 0 0 16 16 16 1 0 0 0 0 0 16 16 16 
1
0 0 0 1 0 0 0 0 1 
2 0 0 0 0 1 0 0 0 0 1 1 2 0 2 0 0 0 2 0 2 0 0 0 2 0 2 0 1 0 1 0 0 2 0 0 2 1 0 2 2 0 1 0 1 0 1 0 0 0 0 0 0 0 1 0 0 0 2 0 1 1 1 0 0 2 0 0 0 0 0 0 1 0 0 0 0 0 0 0 0 
2 0 0 0 0 1 0 0 0 0 1 1 2 0 2 0 0 0 2 0 2 0 0 0 2 0 2 16 17 16 1 0 0 2 0 0 18 17 16 2 2 0 1 0 1 16 17 16 0 0 0 0 0 0 1 0 0 0 2 0 17 17 17 0 0 2 0 0 0 16 16 16 1 0 0 0 0 0 16 16 16 
1
0 0 0 1 0 0 0 0 1 
2 0 0 0 0 1 0 0 0 0 1 1 2 0 2 0 0 0 2 0 2 0 0 0 2 0 2 0 1 0 1 0 0 2 0 0 2 1 0 2 2 0 1 0 1 0 1 0 0 0 0 0 2 0 1 0 0 0 2 0 1 1 1 0 0 2 0 0 0 0 0 0 1 0 0 0 0 0 0 0 0 
2 0 0 0 0 1 0 0 0 0 1 1 2 0 2 0 0 0 2 0 2 0 0 0 2 0 2 16 17 16 1 0 0 2 0 0 18 17 16 2 2 0 1 0 1 16 17 16 0 0 0 0 2 0 1 0 0 0 2 0 17 17 17 0 0 2 0 0 0 16 16 16 1 0 0 0 0 0 16 16 16 
1
0 0 0 1 0 0 0 0 1 
2 0 0 0 0 1 0 0 0 0 1 1 2 0 2 0 0 0 2 0 2 0 0 0 2 0 2 0 1 0 1 0 0 2 0 0 2 1 0 2 2 0 1 0 1 0 1 0 0 0 0 0 2 0 1 0 0 0 2 0 1 1 1 0 0 2 0 0 1 0 0 0 1 0 0 0 0 0 0 0 0 
2 0 0 0 0 1 0 0 0 0 1 1 2 0 2 0 0 0 2 0 2 0 0 0 2 0 2 16 17 16 1 0 0 2 0 0 18 17 16 2 2 0 1 0 1 16 17 16 0 0 0 0 2 0 1 0 0 0 2 0 17 17 17 0 0 2 0 0 1 16 16 16 1 0 0 0 0 0 16 16 16 
1
0 0 0 1 0 0 0 0 1 
2 0 0 0 0 1 0 0 0 0 1 1 2 0 2 0 0 0 2 0 2 0 0 0 2 0 2 0 1 0 1 0 0 2 0 0 2 1 0 2 2 0 1 0 1 0 1 0 0 0 0 2 2 0 1 0 0 0 2 0 1 1 1 0 0 2 0 0 1 0 0 0 1 0 0 0 0 0 0 0 0 
2 0 0 0 0 1 0 0 0 0 1 1 2 0 2 0 0 0 2 0 2 0 0 0 2 0 2 16 17 16 1 0 0 2 0 0 18 17 16 2 2 0 1 0 1 16 17 16 0 0 0 2 2 0 1 0 0 0 2 0 17 17 17 0 0 2 0 0 1 16 16 16 1 0 0 0 0 0 16 16 16 
1
0 0 0 1 0 0 1 0 1 
2 0 0 0 0 1 0 0 0 0 1 1 2 0 2 0 0 0 2 0 2 0 0 0 2 0 2 0 1 0 1 0 0 2 0 0 2 1 0 2 2 0 1 0 1 0 1 0 0 0 0 2 2 0 1 0 0 0 2 0 1 1 1 1 0 2 0 0 1 0 0 0 1 0 0 0 0 0 0 0 0 
2 0 0 0 0 1 0 0 0 0 1 1 2 0 2 0 0 0 2 0 2 0 0 0 2 0 2 16 17 16 1 0 0 2 0 0 18 17 16 2 2 0 1 0 1 16 17 16 0 0 0 2 2 0 17 16 16 0 2 0 17 17 17 17 16 18 0 0 1 16 16 16 17 16 16 0 0 0 16 16 16 
1
0 0 0 1 2 0 1 0 1 
2 0 0 0 0 1 0 0 0 0 1 1 2 0 2 0 0 0 2 0 2 0 0 0 2 0 2 0 1 0 1 0 0 2 0 0 2 1 0 2 2 2 1 0 1 0 1 0 0 0 0 2 2 0 1 0 0 0 2 0 1 1 1 1 0 2 0 0 1 0 0 0 1 0 0 0 0 0 0 0 0 
2 0 0 0 0 1 0 0 0 0 1 1 2 0 2 0 0 0 2 0 2 0 0 0 2 0 2 16 17 16 33 32 32 2 0 0 18 17 16 34 34 34 1 0 1 16 17 16 32 32 32 2 2 0 17 16 16 0 2 0 17 17 17 17 16 18 0 0 1 16 16 16 17 16 16 0 0 0 16 16 16 
1
0 0 0 1 2 0 1 0 1 
2 0 0 0 0 1 0 0 0 0 1 1 2 0 2 0 0 0 2 0 2 0 0 0 2 0 2 0 1 0 1 0 0 2 0 1 2 1 0 2 2 2 1 0 1 0 1 0 0 0 0 2 2 0 1 0 0 0 2 0 1 1 1 1 0 2 0 0 1 0 0 0 1 0 0 0 0 0 0 0 0 
2 0 0 0 0 1 0 0 0 0 1 1 2 0 2 0 0 0 2 0 2 0 0 0 2 0 2 16 17 16 33 32 32 2 0 1 18 17 16 34 34 34 1 0 1 16 17 16 32 32 32 2 2 0 17 16 16 0 2 0 17 17 17 17 16 18 0 0 1 16 16 16 17 16 16 0 0 0 16 16 16 
1
0 0 0 1 2 0 1 0 1 
2 0 0 0 0 1 0 0 0 0 1 1 2 0 2 0 0 2 2 0 2 0 0 0 2 0 2 0 1 0 1 0 0 2 0 1 2 1 0 2 2 2 1 0 1 0 1 0 0 0 0 2 2 0 1 0 0 0 2 0 1 1 1 1 0 2 0 0 1 0 0 0 1 0 0 0 0 0 0 0 0 
2 0 0 0 0 1 0 0 0 0 1 1 2 0 2 0 0 2 2 0 2 0 0 0 2 0 2 16 17 16 33 32 32 2 0 1 18 17 16 34 34 34 1 0 1 16 17 16 32 32 32 2 2 0 17 16 16 0 2 0 17 17 17 17 16 18 0 0 1 16 16 16 17 16 16 0 0 0 16 16 16 
1
0 0 0 1 2 1 1 0 1 
2 0 0 0 0 1 0 0 0 0 1 1 2 0 2 0 0 2 2 0 2 0 0 0 2 0 2 0 1 0 1 0 0 2 0 1 2 1 0 2 2 2 1 1 1 0 1 0 0 0 0 2 2 0 1 0 0 0 2 0 1 1 1 1 0 2 0 0 1 0 0 0 1 0 0 0 0 0 0 0 0 
2 0 0 0 0 1 0 0 0 0 1 1 2 0 2 0 0 2 2 0 2 0 0 0 2 0 2 16 17 16 33 32 32 18 16 17 18 17 16 34 34 34 17 17 17 16 17 16 32 32 32 18 18 16 17 16 16 0 2 0 17 17 17 17 16 18 0 0 1 16 16 16 17 16 16 0 0 0 16 16 16 
1
0 0 0 1 2 1 1 0 1 
2 0 0 0 2 1 0 0 0 0 1 1 2 0 2 0 0 2 2 0 2 0 0 0 2 0 2 0 1 0 1 0 0 2 0 1 2 1 0 2 2 2 1 1 1 0 1 0 0 0 0 2 2 0 1 0 0 0 2 0 1 1 1 1 0 2 0 0 1 0 0 0 1 0 0 0 0 0 0 0 0 
2 0 0 0 2 1 0 0 0 0 1 1 2 0 2 0 0 2 2 0 2 0 0 0 2 0 2 16 17 16 33 32 32 18 16 17 18 17 16 34 34 34 17 17 17 16 17 16 32 32 32 18 18 16 17 16 16 0 2 0 17 17 17 17 16 18 0 0 1 16 16 16 17 16 16 0 0 0 16 16 16 
1
0 0 0 1 2 1 1 0 1 
2 0 0 1 2 1 0 0 0 0 1 1 2 0 2 0 0 2 2 0 2 0 0 0 2 0 2 0 1 0 1 0 0 2 0 1 2 1 0 2 2 2 1 1 1 0 1 0 0 0 0 2 2 0 1 0 0 0 2 0 1 1 1 1 0 2 0 0 1 0 0 0 1 0 0 0 0 0 0 0 0 
2 0 0 1 2 1 0 0 0 0 1 1 2 0 2 0 0 2 2 0 2 0 0 0 2 0 2 16 17 16 33 32 32 18 16 17 18 17 16 34 34 34 17 17 17 16 17 16 32 32 32 18 18 16 17 16 16 0 2 0 17 17 17 17 16 18 0 0 1 16 16 16 17 16 16 0 0 0 16 16 16 
1
0 0 0 1 2 1 1 0 1 
2 2 0 1 2 1 0 0 0 0 1 1 2 0 2 0 0 2 2 0 2 0 0 0 2 0 2 0 1 0 1 0 0 2 0 1 2 1 0 2 2 2 1 1 1 0 1 0 0 0 0 2 2 0 1 0 0 0 2 0 1 1 1 1 0 2 0 0 1 0 0 0 1 0 0 0 0 0 0 0 0 
2 2 0 1 2 1 0 0 0 0 1 1 2 0 2 0 0 2 2 0 2 0 0 0 2 0 2 16 17 16 33 32 32 18 16 17 18 17 16 34 34 34 17 17 17 16 17 16 32 32 32 18 18 16 17 16 16 0 2 0 17 17 17 17 16 18 0 0 1 16 16 16 17 16 16 0 0 0 16 16 16 
1
0 0 0 1 2 1 1 0 1 
2 2 0 1 2 1 0 0 0 0 1 1 2 1 2 0 0 2 2 0 2 0 0 0 2 0 2 0 1 0 1 0 0 2 0 1 2 1 0 2 2 2 1 1 1 0 1 0 0 0 0 2 2 0 1 0 0 0 2 0 1 1 1 1 0 2 0 0 1 0 0 0 1 0 0 0 0 0 0 0 0 
2 2 0 1 2 1 0 0 0 0 1 1 2 1 2 0 0 2 2 0 2 0 0 0 2 0 2 16 17 16 33 32 32 18 16 17 18 17 16 34 34 34 17 17 17 16 17 16 32 32 32 18 18 16 17 16 16 0 2 0 17 17 17 17 16 18 0 0 1 16 16 16 17 16 16 0 0 0 16 16 16 
1
2 0 0 1 2 1 1 0 1 
2 2 0 1 2 1 0 0 0 0 1 1 2 1 2 0 0 2 2 2 2 0 0 0 2 0 2 0 1 0 1 0 0 2 0 1 2 1 0 2 2 2 1 1 1 0 1 0 0 0 0 2 2 0 1 0 0 0 2 0 1 1 1 1 0 2 0 0 1 0 0 0 1 0 0 0 0 0 0 0 0 
34 34 32 1 2 1 0 0 0 32 33 33 2 1 2 0 0 2 34 34 34 0 0 0 2 0 2 16 17 16 33 32 32 18 16 17 18 17 16 34 34 34 17 17 17 16 17 16 32 32 32 18 18 16 17 16 16 0 2 0 17 17 17 17 16 18 0 0 1 16 16 16 17 16 16 0 0 0 16 16 16 
1
2 0 0 1 2 1 1 0 1 
2 2 0 1 2 1 0 0 0 0 1 1 2 1 2 0 0 2 2 2 2 0 0 0 2 0 2 0 1 0 1 0 0 2 0 1 2 1 0 2 2 2 1 1 1 0 1 0 0 0 0 2 2 0 1 0 0 1 2 0 1 1 1 1 0 2 0 0 1 0 0 0 1 0 0 0 0 0 0 0 0 
34 34 32 1 2 1 0 0 0 32 33 33 2 1 2 0 0 2 34 34 34 0 0 0 2 0 2 16 17 16 33 32 32 18 16 17 18 17 16 34 34 34 17 17 17 16 17 16 32 32 32 18 18 16 17 16 16 1 2 0 17 17 17 17 16 18 0 0 1 16 16 16 17 16 16 0 0 0 16 16 16 
1
2 0 0 1 2 1 1 0 1 
2 2 0 1 2 1 0 2 0 0 1 1 2 1 2 0 0 2 2 2 2 0 0 0 2 0 2 0 1 0 1 0 0 2 0 1 2 1 0 2 2 2 1 1 1 0 1 0 0 0 0 2 2 0 1 0 0 1 2 0 1 1 1 1 0 2 0 0 1 0 0 0 1 0 0 0 0 0 0 0 0 
34 34 32 1 2 1 0 2 0 32 33 33 2 1 2 0 0 2 34 34 34 0 0 0 2 0 2 16 17 16 33 32 32 18 16 17 18 17 16 34 34 34 17 17 17 16 17 16 32 32 32 18 18 16 17 16 16 1 2 0 17 17 17 17 16 18 0 0 1 16 16 16 17 16 16 0 0 0 16 16 16 
1
2 1 0 1 2 1 1 0 1 
2 2 0 1 2 1 0 2 0 0 1 1 2 1 2 0 0 2 2 2 2 1 0 0 2 0 2 0 1 0 1 0 0 2 0 1 2 1 0 2 2 2 1 1 1 0 1 0 0 0 0 2 2 0 1 0 0 1 2 0 1 1 1 1 0 2 0 0 1 0 0 0 1 0 0 0 0 0 0 0 0 
34 34 32 17 18 17 0 2 0 32 33 33 18 17 18 0 0 2 34 34 34 17 16 16 2 0 2 16 17 16 33 32 32 18 16 17 18 17 16 34 34 34 17 17 17 16 17 16 32 32 32 18 18 16 17 16 16 1 2 0 17 17 17 17 16 18 0 0 1 16 16 16 17 16 16 0 0 0 16 16 16 
1
2 1 0 1 2 1 1 0 1 
2 2 0 1 2 1 0 2 0 0 1 1 2 1 2 0 0 2 2 2 2 1 0 0 2 0 2 0 1 0 1 0 0 2 0 1 2 1 0 2 2 2 1 1 1 0 1 0 0 0 0 2 2 0 1 0 0 1 2 2 1 1 1 1 0 2 0 0 1 0 0 0 1 0 0 0 0 0 0 0 0 
34 34 32 17 18 17 0 2 0 32 33 33 18 17 18 0 0 2 34 34 34 17 16 16 2 0 2 16 17 16 33 32 32 18 16 17 18 17 16 34 34 34 17 17 17 16 17 16 32 32 32 18 18 16 17 16 16 1 2 2 17 17 17 17 16 18 0 0 1 16 16 16 17 16 16 0 0 0 16 16 16 
1
2 1 0 1 2 1 1 0 1 
2 2 0 1 2 1 0 2 1 0 1 1 2 1 2 0 0 2 2 2 2 1 0 0 2 0 2 0 1 0 1 0 0 2 0 1 2 1 0 2 2 2 1 1 1 0 1 0 0 0 0 2 2 0 1 0 0 1 2 2 1 1 1 1 0 2 0 0 1 0 0 0 1 0 0 0 0 0 0 0 0 
34 34 32 17 18 17 0 2 1 32 33 33 18 17 18 0 0 2 34 34 34 17 16 16 2 0 2 16 17 16 33 32 32 18 16 17 18 17 16 34 34 34 17 17 17 16 17 16 32 32 32 18 18 16 17 16 16 1 2 2 17 17 17 17 16 18 0 0 1 16 16 16 17 16 16 0 0 0 16 16 16 
1
2 1 0 1 2 1 1 0 1 
2 2 0 1 2 1 0 2 1 0 1 1 2 1 2 0 2 2 2 2 2 1 0 0 2 0 2 0 1 0 1 0 0 2 0 1 2 1 0 2 2 2 1 1 1 0 1 0 0 0 0 2 2 0 1 0 0 1 2 2 1 1 1 1 0 2 0 0 1 0 0 0 1 0 0 0 0 0 0 0 0 
34 34 32 17 18 17 0 2 1 32 33 33 18 17 18 0 2 2 34 34 34 17 16 16 2 0 2 16 17 16 33 32 32 18 16 17 18 17 16 34 34 34 17 17 17 16 17 16 32 32 32 18 18 16 17 16 16 1 2 2 17 17 17 17 16 18 0 0 1 16 16 16 17 16 16 0 0 0 16 16 16 
1
2 1 0 1 2 1 1 0 1 
2 2 0 1 2 1 0 2 1 0 1 1 2 1 2 0 2 2 2 2 2 1 0 0 2 0 2 0 1 0 1 0 0 2 0 1 2 1 0 2 2 2 1 1 1 0 1 0 0 0 0 2 2 0 1 0 0 1 2 2 1 1 1 1 0 2 1 0 1 0 0 0 1 0 0 0 0 0 0 0 0 
34 34 32 17 18 17 0 2 1 32 33 33 18 17 18 0 2 2 34 34 34 17 16 16 2 0 2 16 17 16 33 32 32 18 16 17 18 17 16 34 34 34 17 17 17 16 17 16 32 32 32 18 18 16 17 16 16 1 2 2 17 17 17 17 16 18 1 0 1 16 16 16 17 16 16 0 0 0 16 16 16 
1
2 1 2 1 2 1 1 0 1 
2 2 0 1 2 1 2 2 1 0 1 1 2 1 2 0 2 2 2 2 2 1 0 0 2 0 2 0 1 0 1 0 0 2 0 1 2 1 0 2 2 2 1 1 1 0 1 0 0 0 0 2 2 0 1 0 0 1 2 2 1 1 1 1 0 2 1 0 1 0 0 0 1 0 0 0 0 0 0 0 0 
34 34 32 17 18 17 34 34 33 32 33 33 18 17 18 32 34 34 34 34 34 17 16 16 34 32 34 16 17 16 33 32 32 18 16 17 18 17 16 34 34 34 17 17 17 16 17 16 32 32 32 18 18 16 17 16 16 1 2 2 17 17 17 17 16 18 1 0 1 16 16 16 17 16 16 0 0 0 16 16 16 
1
2 1 2 1 2 1 1 1 1 
2 2 0 1 2 1 2 2 1 0 1 1 2 1 2 0 2 2 2 2 2 1 0 0 2 0 2 0 1 0 1 0 0 2 0 1 2 1 0 2 2 2 1 1 1 0 1 0 0 0 0 2 2 0 1 0 0 1 2 2 1 1 1 1 0 2 1 1 1 0 0 0 1 0 0 0 0 0 0 0 0 
34 34 32 17 18 17 34 34 33 32 33 33 18 17 18 32 34 34 34 34 34 17 16 16 34 32 34 16 17 16 33 32 32 18 16 17 18 17 16 34 34 34 17 17 17 16 17 16 32 32 32 18 18 16 17 16 16 17 18 18 17 17 17 17 16 18 17 17 17 16 16 16 17 16 16 16 16 16 16 16 16 
1
2 1 2 1 2 1 1 1 1 
2 2 0 1 2 1 2 2 1 0 1 1 2 1 2 0 2 2 2 2 2 1 0 0 2 0 2 0 1 0 1 0 0 2 0 1 2 1 0 2 2 2 1 1 1 0 1 0 0 0 0 2 2 0 1 0 0 1 2 2 1 1 1 1 0 2 1 1 1 0 0 0 1 0 0 0 0 0 0 0 0 
34 34 32 17 18 17 34 34 33 32 33 33 18 17 18 32 34 34 34 34 34 17 16 16 34 32 34 16 17 16 33 32 32 18 16 17 18 17 16 34 34 34 17 17 17 16 17 16 32 32 32 18 18 16 17 16 16 17 18 18 17 17 17 17 16 18 17 17 17 16 16 16 17 16 16 16 16 16 16 16 16 
1
