0 0 0 0 0 0 0 0 0 
0 0 0 0 0 0 0 0 0 0 0 0 0 0 0 0 0 0 0 0 0 0 0 0 0 0 0 0 0 0 0 0 0 0 0 0 0 0 0 0 1 0 0 0 0 0 0 0 0 0 0 0 0 0 0 0 0 0 0 0 0 0 0 0 0 0 0 0 0 0 0 0 0 0 0 0 0 0 0 0 0 
0 0 0 0 0 0 0 0 0 0 0 0 0 0 0 0 0 0 0 0 0 0 0 0 0 0 0 0 0 0 0 0 0 0 0 0 0 0 0 0 1 0 0 0 0 0 0 0 0 0 0 0 0 0 0 0 0 0 0 0 0 0 0 0 0 0 0 0 0 0 0 0 0 0 0 0 0 0 0 0 0 
0
0 0 0 0 0 0 0 0 0 
0 0 0 0 0 0 0 0 0 0 0 0 0 0 0 0 0 0 0 0 0 0 0 0 0 0 0 0 0 0 0 2 0 0 0 0 0 0 0 0 1 0 0 0 0 0 0 0 0 0 0 0 0 0 0 0 0 0 0 0 0 0 0 0 0 0 0 0 0 0 0 0 0 0 0 0 0 0 0 0 0 
0 0 0 0 0 0 0 0 0 0 0 0 0 0 0 0 0 0 0 0 0 0 0 0 0 0 0 0 0 0 0 2 0 0 0 0 0 0 0 0 1 0 0 0 0 0 0 0 0 0 0 0 0 0 0 0 0 0 0 0 0 0 0 0 0 0 0 0 0 0 0 0 0 0 0 0 0 0 0 0 0 
0
0 0 0 0 0 0 0 0 0 
0 0 0 0 0 0 0 0 0 0 0 0 0 0 1 0 0 0 0 0 0 0 0 0 0 0 0 0 0 0 0 2 0 0 0 0 0 0 0 0 1 0 0 0 0 0 0 0 0 0 0 0 0 0 0 0 0 0 0 0 0 0 0 0 0 0 0 0 0 0 0 0 0 0 0 0 0 0 0 0 0 
0 0 0 0 0 0 0 0 0 0 0 0 0 0 1 0 0 0 0 0 0 0 0 0 0 0 0 0 0 0 0 2 0 0 0 0 0 0 0 0 1 0 0 0 0 0 0 0 0 0 0 0 0 0 0 0 0 0 0 0 0 0 0 0 0 0 0 0 0 0 0 0 0 0 0 0 0 0 0 0 0 
0
0 0 0 0 0 0 0 0 0 
0 0 0 0 0 0 0 0 0 0 0 0 0 0 1 0 0 0 0 0 0 0 0 0 0 0 0 0 0 0 0 2 0 0 0 0 0 0 0 0 1 0 2 0 0 0 0 0 0 0 0 0 0 0 0 0 0 0 0 0 0 0 0 0 0 0 0 0 0 0 0 0 0 0 0 0 0 0 0 0 0 
0 0 0 0 0 0 0 0 0 0 0 0 0 0 1 0 0 0 0 0 0 0 0 0 0 0 0 0 0 0 0 2 0 0 0 0 0 0 0 0 1 0 2 0 0 0 0 0 0 0 0 0 0 0 0 0 0 0 0 0 0 0 0 0 0 0 0 0 0 0 0 0 0 0 0 0 0 0 0 0 0 
0
0 0 0 0 0 0 0 0 0 
0 0 0 0 0 0 0 0 0 0 0 0 0 0 1 0 0 0 0 0 0 0 0 0 0 0 0 0 1 0 0 2 0 0 0 0 0 0 0 0 1 0 2 0 0 0 0 0 0 0 0 0 0 0 0 0 0 0 0 0 0 0 0 0 0 0 0 0 0 0 0 0 0 0 0 0 0 0 0 0 0 
0 0 0 0 0 0 0 0 0 0 0 0 0 0 1 0 0 0 0 0 0 0 0 0 0 0 0 0 1 0 0 2 0 0 0 0 0 0 0 0 1 0 2 0 0 0 0 0 0 0 0 0 0 0 0 0 0 0 0 0 0 0 0 0 0 0 0 0 0 0 0 0 0 0 0 0 0 0 0 0 0 
0
0 0 0 0 0 0 0 0 0 
0 0 0 0 0 0 0 0 0 0 0 0 0 0 1 0 0 0 0 0 0 0 2 0 0 0 0 0 1 0 0 2 0 0 0 0 0 0 0 0 1 0 2 0 0 0 0 0 0 0 0 0 0 0 0 0 0 0 0 0 0 0 0 0 0 0 0 0 0 0 0 0 0 0 0 0 0 0 0 0 0 
0 0 0 0 0 0 0 0 0 0 0 0 0 0 1 0 0 0 0 0 0 0 2 0 0 0 0 0 1 0 0 2 0 0 0 0 0 0 0 0 1 0 2 0 0 0 0 0 0 0 0 0 0 0 0 0 0 0 0 0 0 0 0 0 0 0 0 0 0 0 0 0 0 0 0 0 0 0 0 0 0 
0
0 0 0 0 0 0 0 0 0 
0 0 0 0 0 0 0 0 0 0 0 0 0 0 1 0 0 0 0 0 0 0 2 0 0 0 0 0 1 0 0 2 0 0 0 0 0 0 0 0 1 0 2 0 0 0 0 0 0 0 0 0 0 0 0 0 0 0 0 0 0 0 0 0 0 0 1 0 0 0 0 0 0 0 0 0 0 0 0 0 0 
0 0 0 0 0 0 0 0 0 0 0 0 0 0 1 0 0 0 0 0 0 0 2 0 0 0 0 0 1 0 0 2 0 0 0 0 0 0 0 0 1 0 2 0 0 0 0 0 0 0 0 0 0 0 0 0 0 0 0 0 0 0 0 0 0 0 1 0 0 0 0 0 0 0 0 0 0 0 0 0 0 
0
0 0 0 0 0 0 0 0 0 
0 0 0 0 0 0 0 0 0 0 0 0 0 0 1 0 0 0 0 0 0 0 2 0 0 0 0 0 1 0 0 2 0 0 0 0 0 0 2 0 1 0 2 0 0 0 0 0 0 0 0 0 0 0 0 0 0 0 0 0 0 0 0 0 0 0 1 0 0 0 0 0 0 0 0 0 0 0 0 0 0 
0 0 0 0 0 0 0 0 0 0 0 0 0 0 1 0 0 0 0 0 0 0 2 0 0 0 0 0 1 0 0 2 0 0 0 0 0 0 2 0 1 0 2 0 0 0 0 0 0 0 0 0 0 0 0 0 0 0 0 0 0 0 0 0 0 0 1 0 0 0 0 0 0 0 0 0 0 0 0 0 0 
0
0 0 0 0 0 0 0 0 0 
0 0 0 0 0 0 0 0 0 0 0 0 0 0 1 0 0 0 0 0 0 0 2 0 0 0 0 0 1 0 0 2 0 0 0 1 0 0 2 0 1 0 2 0 0 0 0 0 0 0 0 0 0 0 0 0 0 0 0 0 0 0 0 0 0 0 1 0 0 0 0 0 0 0 0 0 0 0 0 0 0 
0 0 0 0 0 0 0 0 0 0 0 0 0 0 1 0 0 0 0 0 0 0 2 0 0 0 0 0 1 0 0 2 0 0 0 1 0 0 2 0 1 0 2 0 0 0 0 0 0 0 0 0 0 0 0 0 0 0 0 0 0 0 0 0 0 0 1 0 0 0 0 0 0 0 0 0 0 0 0 0 0 
0
0 0 0 0 0 0 0 0 0 
0 0 0 0 0 0 2 0 0 0 0 0 0 0 1 0 0 0 0 0 0 0 2 0 0 0 0 0 1 0 0 2 0 0 0 1 0 0 2 0 1 0 2 0 0 0 0 0 0 0 0 0 0 0 0 0 0 0 0 0 0 0 0 0 0 0 1 0 0 0 0 0 0 0 0 0 0 0 0 0 0 
0 0 0 0 0 0 2 0 0 0 0 0 0 0 1 0 0 0 0 0 0 0 2 0 0 0 0 0 1 0 0 2 0 0 0 1 0 0 2 0 1 0 2 0 0 0 0 0 0 0 0 0 0 0 0 0 0 0 0 0 0 0 0 0 0 0 1 0 0 0 0 0 0 0 0 0 0 0 0 0 0 
0
0 0 0 0 0 0 0 0 0 
0 0 0 0 0 0 2 0 0 0 0 0 0 0 1 0 0 0 0 0 1 0 2 0 0 0 0 0 1 0 0 2 0 0 0 1 0 0 2 0 1 0 2 0 0 0 0 0 0 0 0 0 0 0 0 0 0 0 0 0 0 0 0 0 0 0 1 0 0 0 0 0 0 0 0 0 0 0 0 0 0 
0 0 0 0 0 0 2 0 0 0 0 0 0 0 1 0 0 0 0 0 1 0 2 0 0 0 0 0 1 0 0 2 0 0 0 1 0 0 2 0 1 0 2 0 0 0 0 0 0 0 0 0 0 0 0 0 0 0 0 0 0 0 0 0 0 0 1 0 0 0 0 0 0 0 0 0 0 0 0 0 0 
0
0 0 0 0 0 0 0 0 0 
0 0 0 0 0 0 2 0 0 0 0 0 0 0 1 0 0 0 0 0 1 0 2 0 0 0 0 0 1 0 0 2 0 0 0 1 0 0 2 0 1 0 2 0 0 0 0 0 0 0 0 0 0 0 0 0 0 0 0 0 0 0 0 0 0 0 1 0 0 0 0 0 0 0 0 0 0 0 0 0 2 
0 0 0 0 0 0 2 0 0 0 0 0 0 0 1 0 0 0 0 0 1 0 2 0 0 0 0 0 1 0 0 2 0 0 0 1 0 0 2 0 1 0 2 0 0 0 0 0 0 0 0 0 0 0 0 0 0 0 0 0 0 0 0 0 0 0 1 0 0 0 0 0 0 0 0 0 0 0 0 0 2 
0
0 0 0 0 0 0 0 0 0 
0 0 0 0 0 0 2 0 0 0 0 0 0 0 1 0 0 0 0 0 1 0 2 0 0 0 0 0 1 0 0 2 0 0 0 1 0 0 2 0 1 0 2 0 0 0 0 0 0 0 0 0 0 0 0 0 0 0 0 0 1 0 0 0 0 0 1 0 0 0 0 0 0 0 0 0 0 0 0 0 2 
0 0 0 0 0 0 2 0 0 0 0 0 0 0 1 0 0 0 0 0 1 0 2 0 0 0 0 0 1 0 0 2 0 0 0 1 0 0 2 0 1 0 2 0 0 0 0 0 0 0 0 0 0 0 0 0 0 0 0 0 1 0 0 0 0 0 1 0 0 0 0 0 0 0 0 0 0 0 0 0 2 
0
0 0 0 0 0 0 0 0 0 
0 0 0 0 0 0 2 0 0 0 0 0 0 0 1 0 0 0 2 0 1 0 2 0 0 0 0 0 1 0 0 2 0 0 0 1 0 0 2 0 1 0 2 0 0 0 0 0 0 0 0 0 0 0 0 0 0 0 0 0 1 0 0 0 0 0 1 0 0 0 0 0 0 0 0 0 0 0 0 0 2 
0 0 0 0 0 0 2 0 0 0 0 0 0 0 1 0 0 0 2 0 1 0 2 0 0 0 0 0 1 0 0 2 0 0 0 1 0 0 2 0 1 0 2 0 0 0 0 0 0 0 0 0 0 0 0 0 0 0 0 0 1 0 0 0 0 0 1 0 0 0 0 0 0 0 0 0 0 0 0 0 2 
0
0 0 0 0 0 0 0 0 0 
0 0 0 0 0 0 2 0 0 0 0 0 0 0 1 0 0 0 2 0 1 0 2 0 0 0 0 0 1 0 0 2 0 0 0 1 0 0 2 0 1 0 2 0 0 0 0 0 0 0 0 0 0 0 0 0 0 0 0 0 1 0 0 0 0 0 1 0 0 0 0 0 1 0 0 0 0 0 0 0 2 
0 0 0 0 0 0 2 0 0 0 0 0 0 0 1 0 0 0 2 0 1 0 2 0 0 0 0 0 1 0 0 2 0 0 0 1 0 0 2 0 1 0 2 0 0 0 0 0 0 0 0 0 0 0 0 0 0 0 0 0 1 0 0 0 0 0 1 0 0 0 0 0 1 0 0 0 0 0 0 0 2 
0
0 0 0 0 0 0 0 0 0 
0 0 0 0 0 0 2 0 0 0 0 0 0 0 1 0 0 0 2 0 1 0 2 0 0 0 0 0 1 0 0 2 0 0 0 1 0 0 2 0 1 0 2 0 0 0 0 0 0 0 0 0 0 0 0 0 0 0 0 0 1 0 0 0 0 0 1 0 0 0 0 0 1 2 0 0 0 0 0 0 2 
0 0 0 0 0 0 2 0 0 0 0 0 0 0 1 0 0 0 2 0 1 0 2 0 0 0 0 0 1 0 0 2 0 0 0 1 0 0 2 0 1 0 2 0 0 0 0 0 0 0 0 0 0 0 0 0 0 0 0 0 1 0 0 0 0 0 1 0 0 0 0 0 1 2 0 0 0 0 0 0 2 
0
0 0 0 0 0 0 0 0 0 
0 0 0 0 0 0 2 0 0 0 0 0 0 0 1 0 0 0 2 0 1 0 2 0 0 0 0 0 1 0 0 2 0 0 0 1 0 0 2 0 1 0 2 0 0 0 0 0 0 0 0 0 0 0 0 0 0 0 0 0 1 0 0 0 0 0 1 0 1 0 0 0 1 2 0 0 0 0 0 0 2 
0 0 0 0 0 0 2 0 0 0 0 0 0 0 1 0 0 0 2 0 1 0 2 0 0 0 0 0 1 0 0 2 0 0 0 1 0 0 2 0 1 0 2 0 0 0 0 0 0 0 0 0 0 0 0 0 0 0 0 0 1 0 0 0 0 0 1 0 1 0 0 0 1 2 0 0 0 0 0 0 2 
0
0 0 0 0 0 0 0 0 0 
0 0 0 0 0 0 2 0 0 0 0 0 0 0 1 0 0 0 2 0 1 0 2 0 0 0 0 0 1 0 0 2 0 2 0 1 0 0 2 0 1 0 2 0 0 0 0 0 0 0 0 0 0 0 0 0 0 0 0 0 1 0 0 0 0 0 1 0 1 0 0 0 1 2 0 0 0 0 0 0 2 
0 0 0 0 0 0 2 0 0 0 0 0 0 0 1 0 0 0 2 0 1 0 2 0 0 0 0 0 1 0 0 2 0 2 0 1 0 0 2 0 1 0 2 0 0 0 0 0 0 0 0 0 0 0 0 0 0 0 0 0 1 0 0 0 0 0 1 0 1 0 0 0 1 2 0 0 0 0 0 0 2 
0
0 0 0 0 0 0 0 0 0 
0 0 0 0 0 0 2 0 0 0 1 0 0 0 1 0 0 0 2 0 1 0 2 0 0 0 0 0 1 0 0 2 0 2 0 1 0 0 2 0 1 0 2 0 0 0 0 0 0 0 0 0 0 0 0 0 0 0 0 0 1 0 0 0 0 0 1 0 1 0 0 0 1 2 0 0 0 0 0 0 2 
0 0 0 0 0 0 2 0 0 0 1 0 0 0 1 0 0 0 2 0 1 0 2 0 0 0 0 0 1 0 0 2 0 2 0 1 0 0 2 0 1 0 2 0 0 0 0 0 0 0 0 0 0 0 0 0 0 0 0 0 1 0 0 0 0 0 1 0 1 0 0 0 1 2 0 0 0 0 0 0 2 
0
0 0 0 0 0 0 0 0 0 
0 0 0 0 0 0 2 0 0 0 1 0 0 0 1 0 0 0 2 0 1 0 2 0 0 0 0 0 1 0 0 2 2 2 0 1 0 0 2 0 1 0 2 0 0 0 0 0 0 0 0 0 0 0 0 0 0 0 0 0 1 0 0 0 0 0 1 0 1 0 0 0 1 2 0 0 0 0 0 0 2 
0 0 0 0 0 0 2 0 0 0 1 0 0 0 1 0 0 0 2 0 1 0 2 0 0 0 0 0 1 0 0 2 2 2 0 1 0 0 2 0 1 0 2 0 0 0 0 0 0 0 0 0 0 0 0 0 0 0 0 0 1 0 0 0 0 0 1 0 1 0 0 0 1 2 0 0 0 0 0 0 2 
0
0 0 0 0 0 0 0 0 0 
0 0 0 0 0 0 2 0 0 0 1 0 0 0 1 0 0 0 2 0 1 0 2 0 0 1 0 0 1 0 0 2 2 2 0 1 0 0 2 0 1 0 2 0 0 0 0 0 0 0 0 0 0 0 0 0 0 0 0 0 1 0 0 0 0 0 1 0 1 0 0 0 1 2 0 0 0 0 0 0 2 
0 0 0 0 0 0 2 0 0 0 1 0 0 0 1 0 0 0 2 0 1 0 2 0 0 1 0 0 1 0 0 2 2 2 0 1 0 0 2 0 1 0 2 0 0 0 0 0 0 0 0 0 0 0 0 0 0 0 0 0 1 0 0 0 0 0 1 0 1 0 0 0 1 2 0 0 0 0 0 0 2 
0
0 0 0 0 0 0 0 0 0 
0 0 0 0 0 0 2 0 0 0 1 0 0 0 1 0 0 0 2 0 1 0 2 0 0 1 0 0 1 0 0 2 2 2 0 1 0 0 2 0 1 0 2 0 0 0 0 0 0 0 0 0 0 0 0 0 0 0 0 0 1 0 0 0 0 0 1 0 1 0 0 0 1 2 0 0 2 0 0 0 2 
0 0 0 0 0 0 2 0 0 0 1 0 0 0 1 0 0 0 2 0 1 0 2 0 0 1 0 0 1 0 0 2 2 2 0 1 0 0 2 0 1 0 2 0 0 0 0 0 0 0 0 0 0 0 0 0 0 0 0 0 1 0 0 0 0 0 1 0 1 0 0 0 1 2 0 0 2 0 0 0 2 
0
0 0 0 0 0 0 0 0 0 
0 0 0 0 0 0 2 0 0 0 1 0 0 0 1 0 0 0 2 0 1 0 2 0 0 1 0 0 1 0 0 2 2 2 0 1 0 0 2 0 1 0 2 0 0 0 0 0 0 0 0 0 0 0 0 0 0 0 0 0 1 0 0 0 0 0 1 0 1 0 0 0 1 2 0 1 2 0 0 0 2 
0 0 0 0 0 0 2 0 0 0 1 0 0 0 1 0 0 0 2 0 1 0 2 0 0 1 0 0 1 0 0 2 2 2 0 1 0 0 2 0 1 0 2 0 0 0 0 0 0 0 0 0 0 0 0 0 0 0 0 0 1 0 0 0 0 0 1 0 1 0 0 0 1 2 0 1 2 0 0 0 2 
0
0 0 0 0 0 0 0 0 0 
0 0 0 0 0 0 2 0 0 0 1 0 0 0 1 0 0 0 2 0 1 0 2 0 0 1 0 0 1 0 0 2 2 2 0 1 0 0 2 0 1 0 2 0 0 0 0 0 0 0 0 0 0 0 0 2 0 0 0 0 1 0 0 0 0 0 1 0 1 0 0 0 1 2 0 1 2 0 0 0 2 
0 0 0 0 0 0 2 0 0 0 1 0 0 0 1 0 0 0 2 0 1 0 2 0 0 1 0 0 1 0 0 2 2 2 0 1 0 0 2 0 1 0 2 0 0 0 0 0 0 0 0 0 0 0 0 2 0 0 0 0 1 0 0 0 0 0 1 0 1 0 0 0 1 2 0 1 2 0 0 0 2 
0
0 0 0 0 0 0 0 0 0 
0 0 0 0 0 0 2 0 0 0 1 0 1 0 1 0 0 0 2 0 1 0 2 0 0 1 0 0 1 0 0 2 2 2 0 1 0 0 2 0 1 0 2 0 0 0 0 0 0 0 0 0 0 0 0 2 0 0 0 0 1 0 0 0 0 0 1 0 1 0 0 0 1 2 0 1 2 0 0 0 2 
0 0 0 0 0 0 2 0 0 0 1 0 1 0 1 0 0 0 2 0 1 0 2 0 0 1 0 0 1 0 0 2 2 2 0 1 0 0 2 0 1 0 2 0 0 0 0 0 0 0 0 0 0 0 0 2 0 0 0 0 1 0 0 0 0 0 1 0 1 0 0 0 1 2 0 1 2 0 0 0 2 
0
0 0 0 0 0 0 0 0 0 
0 0 0 0 0 0 2 0 0 0 1 0 1 0 1 0 0 0 2 0 1 0 2 0 0 1 0 0 1 0 0 2 2 2 0 1 2 0 2 0 1 0 2 0 0 0 0 0 0 0 0 0 0 0 0 2 0 0 0 0 1 0 0 0 0 0 1 0 1 0 0 0 1 2 0 1 2 0 0 0 2 
0 0 0 0 0 0 2 0 0 0 1 0 1 0 1 0 0 0 2 0 1 0 2 0 0 1 0 0 1 0 0 2 2 2 0 1 2 0 2 0 1 0 2 0 0 0 0 0 0 0 0 0 0 0 0 2 0 0 0 0 1 0 0 0 0 0 1 0 1 0 0 0 1 2 0 1 2 0 0 0 2 
0
0 0 0 0 0 0 0 0 0 
0 0 0 0 0 0 2 0 0 0 1 0 1 0 1 0 0 0 2 0 1 0 2 0 0 1 0 0 1 0 0 2 2 2 0 1 2 0 2 0 1 0 2 0 0 0 1 0 0 0 0 0 0 0 0 2 0 0 0 0 1 0 0 0 0 0 1 0 1 0 0 0 1 2 0 1 2 0 0 0 2 
0 0 0 0 0 0 2 0 0 0 1 0 1 0 1 0 0 0 2 0 1 0 2 0 0 1 0 0 1 0 0 2 2 2 0 1 2 0 2 0 1 0 2 0 0 0 1 0 0 0 0 0 0 0 0 2 0 0 0 0 1 0 0 0 0 0 1 0 1 0 0 0 1 2 0 1 2 0 0 0 2 
0
0 0 0 0 0 0 0 0 0 
0 0 0 0 0 0 2 0 0 0 1 0 1 0 1 0 0 0 2 0 1 0 2 0 0 1 0 0 1 0 0 2 2 2 0 1 2 0 2 0 1 0 2 0 0 0 1 0 0 0 0 0 0 0 0 2 0 0 2 0 1 0 0 0 0 0 1 0 1 0 0 0 1 2 0 1 2 0 0 0 2 
0 0 0 0 0 0 2 0 0 0 1 0 1 0 1 0 0 0 2 0 1 0 2 0 0 1 0 0 1 0 0 2 2 2 0 1 2 0 2 0 1 0 2 0 0 0 1 0 0 0 0 0 0 0 0 2 0 0 2 0 1 0 0 0 0 0 1 0 1 0 0 0 1 2 0 1 2 0 0 0 2 
0
0 0 0 0 0 0 0 0 0 
0 0 0 0 1 0 2 0 0 0 1 0 1 0 1 0 0 0 2 0 1 0 2 0 0 1 0 0 1 0 0 2 2 2 0 1 2 0 2 0 1 0 2 0 0 0 1 0 0 0 0 0 0 0 0 2 0 0 2 0 1 0 0 0 0 0 1 0 1 0 0 0 1 2 0 1 2 0 0 0 2 
0 0 0 0 1 0 2 0 0 0 1 0 1 0 1 0 0 0 2 0 1 0 2 0 0 1 0 0 1 0 0 2 2 2 0 1 2 0 2 0 1 0 2 0 0 0 1 0 0 0 0 0 0 0 0 2 0 0 2 0 1 0 0 0 0 0 1 0 1 0 0 0 1 2 0 1 2 0 0 0 2 
0
0 0 0 0 0 0 0 0 0 
0 0 0 0 1 0 2 0 0 0 1 0 1 0 1 0 0 0 2 0 1 2 2 0 0 1 0 0 1 0 0 2 2 2 0 1 2 0 2 0 1 0 2 0 0 0 1 0 0 0 0 0 0 0 0 2 0 0 2 0 1 0 0 0 0 0 1 0 1 0 0 0 1 2 0 1 2 0 0 0 2 
0 0 0 0 1 0 2 0 0 0 1 0 1 0 1 0 0 0 2 0 1 2 2 0 0 1 0 0 1 0 0 2 2 2 0 1 2 0 2 0 1 0 2 0 0 0 1 0 0 0 0 0 0 0 0 2 0 0 2 0 1 0 0 0 0 0 1 0 1 0 0 0 1 2 0 1 2 0 0 0 2 
0
0 0 0 0 0 0 0 0 0 
0 0 0 0 1 0 2 0 0 0 1 0 1 0 1 0 0 0 2 0 1 2 2 0 0 1 0 0 1 0 0 2 2 2 0 1 2 0 2 0 1 0 2 0 0 0 1 0 0 0 0 0 0 0 0 2 1 0 2 0 1 0 0 0 0 0 1 0 1 0 0 0 1 2 0 1 2 0 0 0 2 
0 0 0 0 1 0 2 0 0 0 1 0 1 0 1 0 0 0 2 0 1 2 2 0 0 1 0 0 1 0 0 2 2 2 0 1 2 0 2 0 1 0 2 0 0 0 1 0 0 0 0 0 0 0 0 2 1 0 2 0 1 0 0 0 0 0 1 0 1 0 0 0 1 2 0 1 2 0 0 0 2 
0
0 0 0 0 0 0 0 0 0 
0 0 0 0 1 0 2 0 2 0 1 0 1 0 1 0 0 0 2 0 1 2 2 0 0 1 0 0 1 0 0 2 2 2 0 1 2 0 2 0 1 0 2 0 0 0 1 0 0 0 0 0 0 0 0 2 1 0 2 0 1 0 0 0 0 0 1 0 1 0 0 0 1 2 0 1 2 0 0 0 2 
0 0 0 0 1 0 2 0 2 0 1 0 1 0 1 0 0 0 2 0 1 2 2 0 0 1 0 0 1 0 0 2 2 2 0 1 2 0 2 0 1 0 2 0 0 0 1 0 0 0 0 0 0 0 0 2 1 0 2 0 1 0 0 0 0 0 1 0 1 0 0 0 1 2 0 1 2 0 0 0 2 
0
0 0 0 0 0 0 0 0 0 
0 0 0 0 1 0 2 0 2 0 1 0 1 0 1 0 0 0 2 0 1 2 2 0 0 1 1 0 1 0 0 2 2 2 0 1 2 0 2 0 1 0 2 0 0 0 1 0 0 0 0 0 0 0 0 2 1 0 2 0 1 0 0 0 0 0 1 0 1 0 0 0 1 2 0 1 2 0 0 0 2 
0 0 0 0 1 0 2 0 2 0 1 0 1 0 1 0 0 0 2 0 1 2 2 0 0 1 1 0 1 0 0 2 2 2 0 1 2 0 2 0 1 0 2 0 0 0 1 0 0 0 0 0 0 0 0 2 1 0 2 0 1 0 0 0 0 0 1 0 1 0 0 0 1 2 0 1 2 0 0 0 2 
0
0 0 0 0 0 0 0 0 0 
0 0 0 0 1 0 2 0 2 0 1 0 1 0 1 0 0 0 2 0 1 2 2 0 0 1 1 0 1 0 0 2 2 2 0 1 2 0 2 0 1 0 2 0 0 0 1 0 0 0 0 0 0 0 0 2 1 0 2 0 1 0 0 0 0 0 1 0 1 0 0 2 1 2 0 1 2 0 0 0 2 
0 0 0 0 1 0 2 0 2 0 1 0 1 0 1 0 0 0 2 0 1 2 2 0 0 1 1 0 1 0 0 2 2 2 0 1 2 0 2 0 1 0 2 0 0 0 1 0 0 0 0 0 0 0 0 2 1 0 2 0 1 0 0 0 0 0 1 0 1 0 0 2 1 2 0 1 2 0 0 0 2 
0
0 0 0 0 0 0 0 0 0 
0 0 0 0 1 0 2 0 2 0 1 0 1 0 1 0 0 0 2 0 1 2 2 0 0 1 1 0 1 0 0 2 2 2 0 1 2 0 2 0 1 0 2 0 0 0 1 0 0 0 0 0 1 0 0 2 1 0 2 0 1 0 0 0 0 0 1 0 1 0 0 2 1 2 0 1 2 0 0 0 2 
0 0 0 0 1 0 2 0 2 0 1 0 1 0 1 0 0 0 2 0 1 2 2 0 0 1 1 0 1 0 0 2 2 2 0 1 2 0 2 0 1 0 2 0 0 0 1 0 0 0 0 0 1 0 0 2 1 0 2 0 1 0 0 0 0 0 1 0 1 0 0 2 1 2 0 1 2 0 0 0 2 
0
0 0 0 0 0 0 0 2 0 
0 0 0 0 1 0 2 0 2 0 1 0 1 0 1 0 0 0 2 0 1 2 2 0 0 1 1 0 1 0 0 2 2 2 0 1 2 0 2 0 1 0 2 0 0 0 1 0 0 0 0 0 1 0 0 2 1 0 2 0 1 0 0 0 0 0 1 2 1 0 0 2 1 2 0 1 2 0 0 0 2 
0 0 0 0 1 0 2 0 2 0 1 0 1 0 1 0 0 0 2 0 1 2 2 0 0 1 1 0 1 0 0 2 2 2 0 1 2 0 2 0 1 0 2 0 0 0 1 0 0 0 0 0 1 0 0 2 1 32 34 32 1 0 0 0 0 0 33 34 33 0 0 2 1 2 0 33 34 32 0 0 2 
0
0 0 0 0 0 0 0 2 0 
0 0 0 0 1 0 2 0 2 0 1 0 1 0 1 0 0 0 2 0 1 2 2 0 0 1 1 0 1 0 1 2 2 2 0 1 2 0 2 0 1 0 2 0 0 0 1 0 0 0 0 0 1 0 0 2 1 0 2 0 1 0 0 0 0 0 1 2 1 0 0 2 1 2 0 1 2 0 0 0 2 
0 0 0 0 1 0 2 0 2 0 1 0 1 0 1 0 0 0 2 0 1 2 2 0 0 1 1 0 1 0 1 2 2 2 0 1 2 0 2 0 1 0 2 0 0 0 1 0 0 0 0 0 1 0 0 2 1 32 34 32 1 0 0 0 0 0 33 34 33 0 0 2 1 2 0 33 34 32 0 0 2 
0
0 0 0 0 0 0 0 2 0 
2 0 0 0 1 0 2 0 2 0 1 0 1 0 1 0 0 0 2 0 1 2 2 0 0 1 1 0 1 0 1 2 2 2 0 1 2 0 2 0 1 0 2 0 0 0 1 0 0 0 0 0 1 0 0 2 1 0 2 0 1 0 0 0 0 0 1 2 1 0 0 2 1 2 0 1 2 0 0 0 2 
2 0 0 0 1 0 2 0 2 0 1 0 1 0 1 0 0 0 2 0 1 2 2 0 0 1 1 0 1 0 1 2 2 2 0 1 2 0 2 0 1 0 2 0 0 0 1 0 0 0 0 0 1 0 0 2 1 32 34 32 1 0 0 0 0 0 33 34 33 0 0 2 1 2 0 33 34 32 0 0 2 
0
0 0 0 0 0 0 0 2 0 
2 0 0 0 1 0 2 0 2 0 1 1 1 0 1 0 0 0 2 0 1 2 2 0 0 1 1 0 1 0 1 2 2 2 0 1 2 0 2 0 1 0 2 0 0 0 1 0 0 0 0 0 1 0 0 2 1 0 2 0 1 0 0 0 0 0 1 2 1 0 0 2 1 2 0 1 2 0 0 0 2 
2 0 0 0 1 0 2 0 2 0 1 1 1 0 1 0 0 0 2 0 1 2 2 0 0 1 1 0 1 0 1 2 2 2 0 1 2 0 2 0 1 0 2 0 0 0 1 0 0 0 0 0 1 0 0 2 1 32 34 32 1 0 0 0 0 0 33 34 33 0 0 2 1 2 0 33 34 32 0 0 2 
0
0 0 0 0 0 0 0 2 0 
2 0 0 0 1 0 2 0 2 0 1 1 1 0 1 0 0 0 2 0 1 2 2 0 0 1 1 0 1 0 1 2 2 2 0 1 2 0 2 0 1 0 2 0 2 0 1 0 0 0 0 0 1 0 0 2 1 0 2 0 1 0 0 0 0 0 1 2 1 0 0 2 1 2 0 1 2 0 0 0 2 
2 0 0 0 1 0 2 0 2 0 1 1 1 0 1 0 0 0 2 0 1 2 2 0 0 1 1 0 1 0 1 2 2 2 0 1 2 0 2 0 1 0 2 0 2 0 1 0 0 0 0 0 1 0 0 2 1 32 34 32 1 0 0 0 0 0 33 34 33 0 0 2 1 2 0 33 34 32 0 0 2 
0
0 0 0 0 0 0 0 2 0 
2 0 0 0 1 0 2 0 2 0 1 1 1 0 1 0 0 0 2 0 1 2 2 0 0 1 1 0 1 0 1 2 2 2 0 1 2 0 2 0 1 0 2 1 2 0 1 0 0 0 0 0 1 0 0 2 1 0 2 0 1 0 0 0 0 0 1 2 1 0 0 2 1 2 0 1 2 0 0 0 2 
2 0 0 0 1 0 2 0 2 0 1 1 1 0 1 0 0 0 2 0 1 2 2 0 0 1 1 0 1 0 1 2 2 2 0 1 2 0 2 0 1 0 2 1 2 0 1 0 0 0 0 0 1 0 0 2 1 32 34 32 1 0 0 0 0 0 33 34 33 0 0 2 1 2 0 33 34 32 0 0 2 
0
0 0 0 0 0 0 0 2 0 
2 0 0 0 1 0 2 0 2 0 1 1 1 0 1 0 0 0 2 0 1 2 2 0 0 1 1 0 1 0 1 2 2 2 0 1 2 0 2 0 1 2 2 1 2 0 1 0 0 0 0 0 1 0 0 2 1 0 2 0 1 0 0 0 0 0 1 2 1 0 0 2 1 2 0 1 2 0 0 0 2 
2 0 0 0 1 0 2 0 2 0 1 1 1 0 1 0 0 0 2 0 1 2 2 0 0 1 1 0 1 0 1 2 2 2 0 1 2 0 2 0 1 2 2 1 2 0 1 0 0 0 0 0 1 0 0 2 1 32 34 32 1 0 0 0 0 0 33 34 33 0 0 2 1 2 0 33 34 32 0 0 2 
0
0 0 0 0 0 1 0 2 0 
2 0 0 0 1 0 2 0 2 0 1 1 1 0 1 0 0 0 2 0 1 2 2 0 0 1 1 0 1 0 1 2 2 2 1 1 2 0 2 0 1 2 2 1 2 0 1 0 0 0 0 0 1 0 0 2 1 0 2 0 1 0 0 0 0 0 1 2 1 0 0 2 1 2 0 1 2 0 0 0 2 
2 0 0 0 1 0 2 0 2 0 1 1 1 0 1 0 0 0 2 0 1 2 2 0 0 1 1 0 1 0 1 2 2 18 17 17 2 0 2 0 1 2 18 17 18 0 1 0 0 0 0 16 17 16 0 2 1 32 34 32 1 0 0 0 0 0 33 34 33 0 0 2 1 2 0 33 34 32 0 0 2 
0
0 2 0 0 0 1 0 2 0 
2 0 0 0 1 0 2 0 2 0 1 1 1 0 1 0 0 0 2 0 1 2 2 2 0 1 1 0 1 0 1 2 2 2 1 1 2 0 2 0 1 2 2 1 2 0 1 0 0 0 0 0 1 0 0 2 1 0 2 0 1 0 0 0 0 0 1 2 1 0 0 2 1 2 0 1 2 0 0 0 2 
2 0 0 32 33 32 2 0 2 0 1 1 33 32 33 0 0 0 2 0 1 34 34 34 0 1 1 0 1 0 1 2 2 18 17 17 2 0 2 0 1 2 18 17 18 0 1 0 0 0 0 16 17 16 0 2 1 32 34 32 1 0 0 0 0 0 33 34 33 0 0 2 1 2 0 33 34 32 0 0 2 
0
0 2 0 0 0 1 0 2 0 
2 0 0 0 1 0 2 0 2 0 1 1 1 0 1 0 0 0 2 0 1 2 2 2 0 1 1 0 1 0 1 2 2 2 1 1 2 0 2 0 1 2 2 1 2 0 1 0 0 0 0 0 1 0 0 2 1 0 2 0 1 0 1 0 0 0 1 2 1 0 0 2 1 2 0 1 2 0 0 0 2 
2 0 0 32 33 32 2 0 2 0 1 1 33 32 33 0 0 0 2 0 1 34 34 34 0 1 1 0 1 0 1 2 2 18 17 17 2 0 2 0 1 2 18 17 18 0 1 0 0 0 0 16 17 16 0 2 1 32 34 32 1 0 1 0 0 0 33 34 33 0 0 2 1 2 0 33 34 32 0 0 2 
0
0 2 0 0 0 1 0 2 0 
2 0 0 0 1 0 2 0 2 0 1 1 1 0 1 0 0 0 2 0 1 2 2 2 2 1 1 0 1 0 1 2 2 2 1 1 2 0 2 0 1 2 2 1 2 0 1 0 0 0 0 0 1 0 0 2 1 0 2 0 1 0 1 0 0 0 1 2 1 0 0 2 1 2 0 1 2 0 0 0 2 
2 0 0 32 33 32 2 0 2 0 1 1 33 32 33 0 0 0 2 0 1 34 34 34 2 1 1 0 1 0 1 2 2 18 17 17 2 0 2 0 1 2 18 17 18 0 1 0 0 0 0 16 17 16 0 2 1 32 34 32 1 0 1 0 0 0 33 34 33 0 0 2 1 2 0 33 34 32 0 0 2 
0
0 2 0 0 0 1 0 2 0 
2 0 0 0 1 0 2 0 2 0 1 1 1 0 1 0 0 0 2 0 1 2 2 2 2 1 1 0 1 0 1 2 2 2 1 1 2 0 2 0 1 2 2 1 2 0 1 0 0 0 0 0 1 0 0 2 1 0 2 0 1 0 1 0 0 0 1 2 1 0 0 2 1 2 1 1 2 0 0 0 2 
2 0 0 32 33 32 2 0 2 0 1 1 33 32 33 0 0 0 2 0 1 34 34 34 2 1 1 0 1 0 1 2 2 18 17 17 2 0 2 0 1 2 18 17 18 0 1 0 0 0 0 16 17 16 0 2 1 32 34 32 1 0 1 0 0 0 33 34 33 0 0 2 1 2 1 33 34 32 0 0 2 
0
0 2 0 0 0 1 0 2 0 
2 0 0 0 1 0 2 0 2 0 1 1 1 0 1 0 0 0 2 0 1 2 2 2 2 1 1 0 1 0 1 2 2 2 1 1 2 0 2 0 1 2 2 1 2 0 1 0 0 0 0 0 1 0 0 2 1 0 2 0 1 0 1 0 0 0 1 2 1 0 0 2 1 2 1 1 2 0 2 0 2 
2 0 0 32 33 32 2 0 2 0 1 1 33 32 33 0 0 0 2 0 1 34 34 34 2 1 1 0 1 0 1 2 2 18 17 17 2 0 2 0 1 2 18 17 18 0 1 0 0 0 0 16 17 16 0 2 1 32 34 32 1 0 1 0 0 0 33 34 33 0 0 2 1 2 1 33 34 32 2 0 2 
0
0 2 0 0 0 1 0 2 0 
2 0 0 0 1 0 2 0 2 0 1 1 1 0 1 0 0 0 2 0 1 2 2 2 2 1 1 0 1 0 1 2 2 2 1 1 2 0 2 0 1 2 2 1 2 0 1 0 0 0 0 0 1 0 0 2 1 0 2 0 1 0 1 1 0 0 1 2 1 0 0 2 1 2 1 1 2 0 2 0 2 
2 0 0 32 33 32 2 0 2 0 1 1 33 32 33 0 0 0 2 0 1 34 34 34 2 1 1 0 1 0 1 2 2 18 17 17 2 0 2 0 1 2 18 17 18 0 1 0 0 0 0 16 17 16 0 2 1 32 34 32 1 0 1 1 0 0 33 34 33 0 0 2 1 2 1 33 34 32 2 0 2 
0
0 2 0 0 0 1 0 2 0 
2 0 0 0 1 0 2 0 2 0 1 1 1 0 1 0 0 0 2 0 1 2 2 2 2 1 1 0 1 2 1 2 2 2 1 1 2 0 2 0 1 2 2 1 2 0 1 0 0 0 0 0 1 0 0 2 1 0 2 0 1 0 1 1 0 0 1 2 1 0 0 2 1 2 1 1 2 0 2 0 2 
2 0 0 32 33 32 2 0 2 0 1 1 33 32 33 0 0 0 2 0 1 34 34 34 2 1 1 0 1 2 1 2 2 18 17 17 2 0 2 0 1 2 18 17 18 0 1 0 0 0 0 16 17 16 0 2 1 32 34 32 1 0 1 1 0 0 33 34 33 0 0 2 1 2 1 33 34 32 2 0 2 
0
0 2 0 0 0 1 0 2 0 
2 0 0 0 1 0 2 0 2 0 1 1 1 0 1 0 1 0 2 0 1 2 2 2 2 1 1 0 1 2 1 2 2 2 1 1 2 0 2 0 1 2 2 1 2 0 1 0 0 0 0 0 1 0 0 2 1 0 2 0 1 0 1 1 0 0 1 2 1 0 0 2 1 2 1 1 2 0 2 0 2 
2 0 0 32 33 32 2 0 2 0 1 1 33 32 33 0 1 0 2 0 1 34 34 34 2 1 1 0 1 2 1 2 2 18 17 17 2 0 2 0 1 2 18 17 18 0 1 0 0 0 0 16 17 16 0 2 1 32 34 32 1 0 1 1 0 0 33 34 33 0 0 2 1 2 1 33 34 32 2 0 2 
0
0 2 0 0 2 1 0 2 0 
2 0 0 0 1 0 2 0 2 0 1 1 1 0 1 0 1 0 2 0 1 2 2 2 2 1 1 0 1 2 1 2 2 2 1 1 2 0 2 0 1 2 2 1 2 0 1 0 0 0 2 0 1 0 0 2 1 0 2 0 1 0 1 1 0 0 1 2 1 0 0 2 1 2 1 1 2 0 2 0 2 
2 0 0 32 33 32 2 0 2 0 1 1 33 32 33 0 1 0 2 0 1 34 34 34 2 1 1 0 1 2 33 34 34 18 17 17 2 0 2 32 33 34 18 17 18 0 1 0 32 32 34 16 17 16 0 2 1 32 34 32 1 0 1 1 0 0 33 34 33 0 0 2 1 2 1 33 34 32 2 0 2 
0
0 2 0 0 2 1 0 2 0 
2 0 0 0 1 0 2 0 2 0 1 1 1 0 1 0 1 0 2 0 1 2 2 2 2 1 1 0 1 2 1 2 2 2 1 1 2 0 2 0 1 2 2 1 2 0 1 0 0 0 2 0 1 0 0 2 1 0 2 0 1 0 1 1 0 0 1 2 1 0 0 2 1 2 1 1 2 0 2 0 2 
2 0 0 32 33 32 2 0 2 0 1 1 33 32 33 0 1 0 2 0 1 34 34 34 2 1 1 0 1 2 33 34 34 18 17 17 2 0 2 32 33 34 18 17 18 0 1 0 32 32 34 16 17 16 0 2 1 32 34 32 1 0 1 1 0 0 33 34 33 0 0 2 1 2 1 33 34 32 2 0 2 
0
