0 0 0 0 0 0 0 0 0 
0 0 0 0 0 0 0 0 0 0 0 0 0 0 0 0 0 0 0 0 0 0 0 0 0 0 0 0 0 0 0 0 0 0 0 0 0 0 0 0 1 0 0 0 0 0 0 0 0 0 0 0 0 0 0 0 0 0 0 0 0 0 0 0 0 0 0 0 0 0 0 0 0 0 0 0 0 0 0 0 0 
0 0 0 0 0 0 0 0 0 0 0 0 0 0 0 0 0 0 0 0 0 0 0 0 0 0 0 0 0 0 0 0 0 0 0 0 0 0 0 0 1 0 0 0 0 0 0 0 0 0 0 0 0 0 0 0 0 0 0 0 0 0 0 0 0 0 0 0 0 0 0 0 0 0 0 0 0 0 0 0 0 
1
0 0 0 0 0 0 0 0 0 
0 0 0 0 0 0 0 0 0 0 0 0 0 0 0 0 0 0 0 0 0 0 0 0 0 0 0 0 0 0 0 0 0 0 0 0 0 0 0 0 1 2 0 0 0 0 0 0 0 0 0 0 0 0 0 0 0 0 0 0 0 0 0 0 0 0 0 0 0 0 0 0 0 0 0 0 0 0 0 0 0 
0 0 0 0 0 0 0 0 0 0 0 0 0 0 0 0 0 0 0 0 0 0 0 0 0 0 0 0 0 0 0 0 0 0 0 0 0 0 0 0 1 2 0 0 0 0 0 0 0 0 0 0 0 0 0 0 0 0 0 0 0 0 0 0 0 0 0 0 0 0 0 0 0 0 0 0 0 0 0 0 0 
1
0 0 0 0 0 0 0 0 0 
0 0 0 0 0 0 0 0 0 0 0 0 0 0 0 0 0 0 0 0 0 0 0 0 0 0 0 0 0 0 0 0 0 0 0 0 0 0 0 0 1 2 0 0 0 0 0 0 0 0 0 0 1 0 0 0 0 0 0 0 0 0 0 0 0 0 0 0 0 0 0 0 0 0 0 0 0 0 0 0 0 
0 0 0 0 0 0 0 0 0 0 0 0 0 0 0 0 0 0 0 0 0 0 0 0 0 0 0 0 0 0 0 0 0 0 0 0 0 0 0 0 1 2 0 0 0 0 0 0 0 0 0 0 1 0 0 0 0 0 0 0 0 0 0 0 0 0 0 0 0 0 0 0 0 0 0 0 0 0 0 0 0 
1
0 0 0 0 0 0 0 0 0 
0 0 0 0 0 0 0 0 0 0 0 0 0 0 0 0 0 0 0 0 0 0 0 0 0 0 0 0 0 0 0 0 0 0 0 0 0 0 0 0 1 2 0 0 0 0 0 0 0 0 0 0 1 0 0 0 0 0 2 0 0 0 0 0 0 0 0 0 0 0 0 0 0 0 0 0 0 0 0 0 0 
0 0 0 0 0 0 0 0 0 0 0 0 0 0 0 0 0 0 0 0 0 0 0 0 0 0 0 0 0 0 0 0 0 0 0 0 0 0 0 0 1 2 0 0 0 0 0 0 0 0 0 0 1 0 0 0 0 0 2 0 0 0 0 0 0 0 0 0 0 0 0 0 0 0 0 0 0 0 0 0 0 
1
0 0 0 0 0 0 0 0 0 
0 0 0 0 1 0 0 0 0 0 0 0 0 0 0 0 0 0 0 0 0 0 0 0 0 0 0 0 0 0 0 0 0 0 0 0 0 0 0 0 1 2 0 0 0 0 0 0 0 0 0 0 1 0 0 0 0 0 2 0 0 0 0 0 0 0 0 0 0 0 0 0 0 0 0 0 0 0 0 0 0 
0 0 0 0 1 0 0 0 0 0 0 0 0 0 0 0 0 0 0 0 0 0 0 0 0 0 0 0 0 0 0 0 0 0 0 0 0 0 0 0 1 2 0 0 0 0 0 0 0 0 0 0 1 0 0 0 0 0 2 0 0 0 0 0 0 0 0 0 0 0 0 0 0 0 0 0 0 0 0 0 0 
1
0 0 0 0 0 0 0 0 0 
0 0 0 0 1 0 0 0 0 0 0 0 0 0 0 0 0 0 0 0 0 0 2 0 0 0 0 0 0 0 0 0 0 0 0 0 0 0 0 0 1 2 0 0 0 0 0 0 0 0 0 0 1 0 0 0 0 0 2 0 0 0 0 0 0 0 0 0 0 0 0 0 0 0 0 0 0 0 0 0 0 
0 0 0 0 1 0 0 0 0 0 0 0 0 0 0 0 0 0 0 0 0 0 2 0 0 0 0 0 0 0 0 0 0 0 0 0 0 0 0 0 1 2 0 0 0 0 0 0 0 0 0 0 1 0 0 0 0 0 2 0 0 0 0 0 0 0 0 0 0 0 0 0 0 0 0 0 0 0 0 0 0 
1
0 0 0 0 0 0 0 0 0 
0 0 0 0 1 0 0 0 0 0 0 0 0 0 0 0 0 0 0 0 0 0 2 0 0 0 0 0 0 0 0 0 0 0 0 0 0 0 0 0 1 2 0 0 0 0 0 0 0 0 0 0 1 0 0 0 0 0 2 0 0 0 0 0 0 0 0 0 1 0 0 0 0 0 0 0 0 0 0 0 0 
0 0 0 0 1 0 0 0 0 0 0 0 0 0 0 0 0 0 0 0 0 0 2 0 0 0 0 0 0 0 0 0 0 0 0 0 0 0 0 0 1 2 0 0 0 0 0 0 0 0 0 0 1 0 0 0 0 0 2 0 0 0 0 0 0 0 0 0 1 0 0 0 0 0 0 0 0 0 0 0 0 
1
0 0 0 0 0 0 0 0 0 
0 0 0 0 1 0 0 0 0 0 0 0 0 0 0 0 0 0 0 0 0 0 2 0 0 0 0 0 0 0 0 0 0 0 0 0 0 0 0 0 1 2 0 0 0 0 0 0 0 0 0 2 1 0 0 0 0 0 2 0 0 0 0 0 0 0 0 0 1 0 0 0 0 0 0 0 0 0 0 0 0 
0 0 0 0 1 0 0 0 0 0 0 0 0 0 0 0 0 0 0 0 0 0 2 0 0 0 0 0 0 0 0 0 0 0 0 0 0 0 0 0 1 2 0 0 0 0 0 0 0 0 0 2 1 0 0 0 0 0 2 0 0 0 0 0 0 0 0 0 1 0 0 0 0 0 0 0 0 0 0 0 0 
1
0 0 0 0 0 0 0 0 0 
0 0 0 0 1 0 0 0 0 0 0 0 0 0 0 0 0 0 0 0 0 0 2 0 0 0 0 0 0 0 0 0 0 0 0 0 0 0 0 0 1 2 0 0 0 0 0 0 0 0 0 2 1 0 0 0 0 0 2 0 0 0 0 0 0 0 0 0 1 0 0 0 0 0 1 0 0 0 0 0 0 
0 0 0 0 1 0 0 0 0 0 0 0 0 0 0 0 0 0 0 0 0 0 2 0 0 0 0 0 0 0 0 0 0 0 0 0 0 0 0 0 1 2 0 0 0 0 0 0 0 0 0 2 1 0 0 0 0 0 2 0 0 0 0 0 0 0 0 0 1 0 0 0 0 0 1 0 0 0 0 0 0 
1
0 0 0 0 0 0 0 0 0 
0 0 0 0 1 0 0 0 0 0 0 0 0 0 0 0 0 0 0 0 0 0 2 0 0 0 0 0 0 0 0 0 0 0 0 0 0 0 0 0 1 2 0 0 0 0 0 0 0 0 0 2 1 0 0 0 0 0 2 0 0 0 0 0 0 0 0 0 1 0 0 0 0 0 1 0 0 0 0 0 2 
0 0 0 0 1 0 0 0 0 0 0 0 0 0 0 0 0 0 0 0 0 0 2 0 0 0 0 0 0 0 0 0 0 0 0 0 0 0 0 0 1 2 0 0 0 0 0 0 0 0 0 2 1 0 0 0 0 0 2 0 0 0 0 0 0 0 0 0 1 0 0 0 0 0 1 0 0 0 0 0 2 
1
0 0 0 0 0 0 0 0 0 
0 0 0 0 1 0 0 0 0 0 0 0 0 0 0 0 0 0 0 0 0 0 2 0 0 0 0 0 0 0 0 0 0 0 0 0 0 0 0 0 1 2 0 0 0 0 0 0 0 0 0 2 1 0 0 0 0 0 2 0 0 0 0 0 0 0 0 0 1 1 0 0 0 0 1 0 0 0 0 0 2 
0 0 0 0 1 0 0 0 0 0 0 0 0 0 0 0 0 0 0 0 0 0 2 0 0 0 0 0 0 0 0 0 0 0 0 0 0 0 0 0 1 2 0 0 0 0 0 0 0 0 0 2 1 0 0 0 0 0 2 0 0 0 0 0 0 0 0 0 1 1 0 0 0 0 1 0 0 0 0 0 2 
1
0 0 0 0 0 0 0 0 0 
0 0 0 0 1 0 0 0 0 0 0 0 0 0 0 0 0 0 0 0 0 0 2 0 0 0 0 0 0 2 0 0 0 0 0 0 0 0 0 0 1 2 0 0 0 0 0 0 0 0 0 2 1 0 0 0 0 0 2 0 0 0 0 0 0 0 0 0 1 1 0 0 0 0 1 0 0 0 0 0 2 
0 0 0 0 1 0 0 0 0 0 0 0 0 0 0 0 0 0 0 0 0 0 2 0 0 0 0 0 0 2 0 0 0 0 0 0 0 0 0 0 1 2 0 0 0 0 0 0 0 0 0 2 1 0 0 0 0 0 2 0 0 0 0 0 0 0 0 0 1 1 0 0 0 0 1 0 0 0 0 0 2 
1
0 0 0 0 0 0 0 0 0 
0 0 0 0 1 0 1 0 0 0 0 0 0 0 0 0 0 0 0 0 0 0 2 0 0 0 0 0 0 2 0 0 0 0 0 0 0 0 0 0 1 2 0 0 0 0 0 0 0 0 0 2 1 0 0 0 0 0 2 0 0 0 0 0 0 0 0 0 1 1 0 0 0 0 1 0 0 0 0 0 2 
0 0 0 0 1 0 1 0 0 0 0 0 0 0 0 0 0 0 0 0 0 0 2 0 0 0 0 0 0 2 0 0 0 0 0 0 0 0 0 0 1 2 0 0 0 0 0 0 0 0 0 2 1 0 0 0 0 0 2 0 0 0 0 0 0 0 0 0 1 1 0 0 0 0 1 0 0 0 0 0 2 
1
0 0 0 0 0 0 0 0 0 
0 0 0 0 1 0 1 0 0 2 0 0 0 0 0 0 0 0 0 0 0 0 2 0 0 0 0 0 0 2 0 0 0 0 0 0 0 0 0 0 1 2 0 0 0 0 0 0 0 0 0 2 1 0 0 0 0 0 2 0 0 0 0 0 0 0 0 0 1 1 0 0 0 0 1 0 0 0 0 0 2 
0 0 0 0 1 0 1 0 0 2 0 0 0 0 0 0 0 0 0 0 0 0 2 0 0 0 0 0 0 2 0 0 0 0 0 0 0 0 0 0 1 2 0 0 0 0 0 0 0 0 0 2 1 0 0 0 0 0 2 0 0 0 0 0 0 0 0 0 1 1 0 0 0 0 1 0 0 0 0 0 2 
1
0 0 0 0 0 0 0 0 0 
0 0 0 0 1 0 1 0 0 2 0 0 0 0 0 0 0 0 0 0 0 0 2 0 0 0 0 0 0 2 0 0 0 0 0 0 0 0 0 0 1 2 0 0 0 1 0 0 0 0 0 2 1 0 0 0 0 0 2 0 0 0 0 0 0 0 0 0 1 1 0 0 0 0 1 0 0 0 0 0 2 
0 0 0 0 1 0 1 0 0 2 0 0 0 0 0 0 0 0 0 0 0 0 2 0 0 0 0 0 0 2 0 0 0 0 0 0 0 0 0 0 1 2 0 0 0 1 0 0 0 0 0 2 1 0 0 0 0 0 2 0 0 0 0 0 0 0 0 0 1 1 0 0 0 0 1 0 0 0 0 0 2 
1
0 0 0 0 0 0 0 0 0 
0 0 0 0 1 0 1 0 0 2 0 0 0 0 0 0 0 0 0 0 0 0 2 0 0 0 0 0 0 2 0 0 0 0 0 0 0 0 0 0 1 2 0 0 0 1 0 0 0 0 0 2 1 0 2 0 0 0 2 0 0 0 0 0 0 0 0 0 1 1 0 0 0 0 1 0 0 0 0 0 2 
0 0 0 0 1 0 1 0 0 2 0 0 0 0 0 0 0 0 0 0 0 0 2 0 0 0 0 0 0 2 0 0 0 0 0 0 0 0 0 0 1 2 0 0 0 1 0 0 0 0 0 2 1 0 2 0 0 0 2 0 0 0 0 0 0 0 0 0 1 1 0 0 0 0 1 0 0 0 0 0 2 
1
0 0 0 0 0 0 0 0 0 
0 0 0 0 1 0 1 0 0 2 0 1 0 0 0 0 0 0 0 0 0 0 2 0 0 0 0 0 0 2 0 0 0 0 0 0 0 0 0 0 1 2 0 0 0 1 0 0 0 0 0 2 1 0 2 0 0 0 2 0 0 0 0 0 0 0 0 0 1 1 0 0 0 0 1 0 0 0 0 0 2 
0 0 0 0 1 0 1 0 0 2 0 1 0 0 0 0 0 0 0 0 0 0 2 0 0 0 0 0 0 2 0 0 0 0 0 0 0 0 0 0 1 2 0 0 0 1 0 0 0 0 0 2 1 0 2 0 0 0 2 0 0 0 0 0 0 0 0 0 1 1 0 0 0 0 1 0 0 0 0 0 2 
1
0 0 0 0 0 0 0 0 0 
0 0 0 0 1 0 1 0 0 2 0 1 0 0 0 0 0 0 0 0 0 0 2 0 0 0 0 0 0 2 0 0 0 0 2 0 0 0 0 0 1 2 0 0 0 1 0 0 0 0 0 2 1 0 2 0 0 0 2 0 0 0 0 0 0 0 0 0 1 1 0 0 0 0 1 0 0 0 0 0 2 
0 0 0 0 1 0 1 0 0 2 0 1 0 0 0 0 0 0 0 0 0 0 2 0 0 0 0 0 0 2 0 0 0 0 2 0 0 0 0 0 1 2 0 0 0 1 0 0 0 0 0 2 1 0 2 0 0 0 2 0 0 0 0 0 0 0 0 0 1 1 0 0 0 0 1 0 0 0 0 0 2 
1
0 0 0 0 0 0 0 0 0 
0 0 0 0 1 1 1 0 0 2 0 1 0 0 0 0 0 0 0 0 0 0 2 0 0 0 0 0 0 2 0 0 0 0 2 0 0 0 0 0 1 2 0 0 0 1 0 0 0 0 0 2 1 0 2 0 0 0 2 0 0 0 0 0 0 0 0 0 1 1 0 0 0 0 1 0 0 0 0 0 2 
0 0 0 0 1 1 1 0 0 2 0 1 0 0 0 0 0 0 0 0 0 0 2 0 0 0 0 0 0 2 0 0 0 0 2 0 0 0 0 0 1 2 0 0 0 1 0 0 0 0 0 2 1 0 2 0 0 0 2 0 0 0 0 0 0 0 0 0 1 1 0 0 0 0 1 0 0 0 0 0 2 
1
0 0 0 0 0 0 0 0 0 
0 0 0 0 1 1 1 0 0 2 0 1 0 0 0 0 0 2 0 0 0 0 2 0 0 0 0 0 0 2 0 0 0 0 2 0 0 0 0 0 1 2 0 0 0 1 0 0 0 0 0 2 1 0 2 0 0 0 2 0 0 0 0 0 0 0 0 0 1 1 0 0 0 0 1 0 0 0 0 0 2 
0 0 0 0 1 1 1 0 0 2 0 1 0 0 0 0 0 2 0 0 0 0 2 0 0 0 0 0 0 2 0 0 0 0 2 0 0 0 0 0 1 2 0 0 0 1 0 0 0 0 0 2 1 0 2 0 0 0 2 0 0 0 0 0 0 0 0 0 1 1 0 0 0 0 1 0 0 0 0 0 2 
1
0 0 0 0 0 0 0 0 0 
0 0 0 0 1 1 1 0 0 2 0 1 0 0 0 0 0 2 0 0 0 0 2 0 0 0 0 0 0 2 0 0 0 0 2 0 0 0 0 0 1 2 1 0 0 1 0 0 0 0 0 2 1 0 2 0 0 0 2 0 0 0 0 0 0 0 0 0 1 1 0 0 0 0 1 0 0 0 0 0 2 
0 0 0 0 1 1 1 0 0 2 0 1 0 0 0 0 0 2 0 0 0 0 2 0 0 0 0 0 0 2 0 0 0 0 2 0 0 0 0 0 1 2 1 0 0 1 0 0 0 0 0 2 1 0 2 0 0 0 2 0 0 0 0 0 0 0 0 0 1 1 0 0 0 0 1 0 0 0 0 0 2 
1
0 0 0 0 0 0 0 0 0 
0 0 0 0 1 1 1 0 0 2 0 1 0 0 0 0 0 2 0 0 0 0 2 0 0 0 0 0 0 2 0 0 0 0 2 0 0 0 2 0 1 2 1 0 0 1 0 0 0 0 0 2 1 0 2 0 0 0 2 0 0 0 0 0 0 0 0 0 1 1 0 0 0 0 1 0 0 0 0 0 2 
0 0 0 0 1 1 1 0 0 2 0 1 0 0 0 0 0 2 0 0 0 0 2 0 0 0 0 0 0 2 0 0 0 0 2 0 0 0 2 0 1 2 1 0 0 1 0 0 0 0 0 2 1 0 2 0 0 0 2 0 0 0 0 0 0 0 0 0 1 1 0 0 0 0 1 0 0 0 0 0 2 
1
0 0 0 0 0 0 0 0 0 
0 0 0 0 1 1 1 0 0 2 0 1 0 0 0 0 0 2 0 0 0 0 2 0 0 0 0 0 0 2 0 0 0 0 2 1 0 0 2 0 1 2 1 0 0 1 0 0 0 0 0 2 1 0 2 0 0 0 2 0 0 0 0 0 0 0 0 0 1 1 0 0 0 0 1 0 0 0 0 0 2 
0 0 0 0 1 1 1 0 0 2 0 1 0 0 0 0 0 2 0 0 0 0 2 0 0 0 0 0 0 2 0 0 0 0 2 1 0 0 2 0 1 2 1 0 0 1 0 0 0 0 0 2 1 0 2 0 0 0 2 0 0 0 0 0 0 0 0 0 1 1 0 0 0 0 1 0 0 0 0 0 2 
1
0 0 0 0 0 0 0 0 0 
0 0 0 0 1 1 1 0 0 2 0 1 0 0 0 2 0 2 0 0 0 0 2 0 0 0 0 0 0 2 0 0 0 0 2 1 0 0 2 0 1 2 1 0 0 1 0 0 0 0 0 2 1 0 2 0 0 0 2 0 0 0 0 0 0 0 0 0 1 1 0 0 0 0 1 0 0 0 0 0 2 
0 0 0 0 1 1 1 0 0 2 0 1 0 0 0 2 0 2 0 0 0 0 2 0 0 0 0 0 0 2 0 0 0 0 2 1 0 0 2 0 1 2 1 0 0 1 0 0 0 0 0 2 1 0 2 0 0 0 2 0 0 0 0 0 0 0 0 0 1 1 0 0 0 0 1 0 0 0 0 0 2 
1
0 0 0 0 0 0 0 0 0 
0 0 0 0 1 1 1 0 0 2 0 1 0 0 0 2 0 2 0 0 0 0 2 0 0 0 0 0 0 2 0 0 0 0 2 1 0 0 2 0 1 2 1 0 0 1 0 1 0 0 0 2 1 0 2 0 0 0 2 0 0 0 0 0 0 0 0 0 1 1 0 0 0 0 1 0 0 0 0 0 2 
0 0 0 0 1 1 1 0 0 2 0 1 0 0 0 2 0 2 0 0 0 0 2 0 0 0 0 0 0 2 0 0 0 0 2 1 0 0 2 0 1 2 1 0 0 1 0 1 0 0 0 2 1 0 2 0 0 0 2 0 0 0 0 0 0 0 0 0 1 1 0 0 0 0 1 0 0 0 0 0 2 
1
0 0 0 0 0 0 0 0 0 
0 0 0 0 1 1 1 0 0 2 0 1 0 0 0 2 0 2 0 0 0 0 2 0 0 0 0 0 0 2 0 0 0 0 2 1 0 0 2 0 1 2 1 0 0 1 0 1 0 0 0 2 1 0 2 0 0 0 2 0 0 0 0 0 0 0 0 0 1 1 0 0 0 0 1 0 0 0 0 2 2 
0 0 0 0 1 1 1 0 0 2 0 1 0 0 0 2 0 2 0 0 0 0 2 0 0 0 0 0 0 2 0 0 0 0 2 1 0 0 2 0 1 2 1 0 0 1 0 1 0 0 0 2 1 0 2 0 0 0 2 0 0 0 0 0 0 0 0 0 1 1 0 0 0 0 1 0 0 0 0 2 2 
1
0 0 0 0 0 0 0 0 0 
0 0 0 0 1 1 1 0 0 2 0 1 0 0 0 2 0 2 0 0 0 0 2 0 0 0 0 0 0 2 0 0 0 0 2 1 0 0 2 0 1 2 1 0 0 1 0 1 0 0 0 2 1 0 2 0 0 0 2 0 0 0 0 0 0 0 0 0 1 1 0 0 0 0 1 0 1 0 0 2 2 
0 0 0 0 1 1 1 0 0 2 0 1 0 0 0 2 0 2 0 0 0 0 2 0 0 0 0 0 0 2 0 0 0 0 2 1 0 0 2 0 1 2 1 0 0 1 0 1 0 0 0 2 1 0 2 0 0 0 2 0 0 0 0 0 0 0 0 0 1 1 0 0 0 0 1 0 1 0 0 2 2 
1
0 0 0 0 0 0 0 0 0 
0 0 0 0 1 1 1 0 0 2 0 1 0 0 0 2 0 2 0 0 0 0 2 0 0 0 0 0 0 2 0 0 0 0 2 1 0 0 2 0 1 2 1 0 0 1 0 1 0 0 0 2 1 0 2 0 0 2 2 0 0 0 0 0 0 0 0 0 1 1 0 0 0 0 1 0 1 0 0 2 2 
0 0 0 0 1 1 1 0 0 2 0 1 0 0 0 2 0 2 0 0 0 0 2 0 0 0 0 0 0 2 0 0 0 0 2 1 0 0 2 0 1 2 1 0 0 1 0 1 0 0 0 2 1 0 2 0 0 2 2 0 0 0 0 0 0 0 0 0 1 1 0 0 0 0 1 0 1 0 0 2 2 
1
0 0 0 0 0 0 0 0 0 
0 0 0 0 1 1 1 0 0 2 0 1 0 0 0 2 0 2 1 0 0 0 2 0 0 0 0 0 0 2 0 0 0 0 2 1 0 0 2 0 1 2 1 0 0 1 0 1 0 0 0 2 1 0 2 0 0 2 2 0 0 0 0 0 0 0 0 0 1 1 0 0 0 0 1 0 1 0 0 2 2 
0 0 0 0 1 1 1 0 0 2 0 1 0 0 0 2 0 2 1 0 0 0 2 0 0 0 0 0 0 2 0 0 0 0 2 1 0 0 2 0 1 2 1 0 0 1 0 1 0 0 0 2 1 0 2 0 0 2 2 0 0 0 0 0 0 0 0 0 1 1 0 0 0 0 1 0 1 0 0 2 2 
1
0 0 0 0 0 0 0 0 0 
0 0 0 0 1 1 1 0 0 2 0 1 0 0 0 2 0 2 1 0 0 0 2 0 0 0 0 0 0 2 0 0 0 0 2 1 0 0 2 0 1 2 1 0 0 1 0 1 0 0 0 2 1 0 2 0 0 2 2 0 0 0 0 0 0 0 0 0 1 1 0 0 2 0 1 0 1 0 0 2 2 
0 0 0 0 1 1 1 0 0 2 0 1 0 0 0 2 0 2 1 0 0 0 2 0 0 0 0 0 0 2 0 0 0 0 2 1 0 0 2 0 1 2 1 0 0 1 0 1 0 0 0 2 1 0 2 0 0 2 2 0 0 0 0 0 0 0 0 0 1 1 0 0 2 0 1 0 1 0 0 2 2 
1
0 0 0 0 0 0 0 0 0 
0 0 0 0 1 1 1 0 0 2 0 1 0 0 0 2 0 2 1 0 0 0 2 0 0 0 0 0 0 2 0 0 0 0 2 1 0 0 2 0 1 2 1 0 0 1 0 1 0 0 0 2 1 0 2 0 1 2 2 0 0 0 0 0 0 0 0 0 1 1 0 0 2 0 1 0 1 0 0 2 2 
0 0 0 0 1 1 1 0 0 2 0 1 0 0 0 2 0 2 1 0 0 0 2 0 0 0 0 0 0 2 0 0 0 0 2 1 0 0 2 0 1 2 1 0 0 1 0 1 0 0 0 2 1 0 2 0 1 2 2 0 0 0 0 0 0 0 0 0 1 1 0 0 2 0 1 0 1 0 0 2 2 
1
0 0 2 0 0 0 0 0 0 
0 0 0 0 1 1 1 0 0 2 0 1 0 0 0 2 2 2 1 0 0 0 2 0 0 0 0 0 0 2 0 0 0 0 2 1 0 0 2 0 1 2 1 0 0 1 0 1 0 0 0 2 1 0 2 0 1 2 2 0 0 0 0 0 0 0 0 0 1 1 0 0 2 0 1 0 1 0 0 2 2 
0 0 0 0 1 1 33 32 32 2 0 1 0 0 0 34 34 34 1 0 0 0 2 0 32 32 32 0 0 2 0 0 0 0 2 1 0 0 2 0 1 2 1 0 0 1 0 1 0 0 0 2 1 0 2 0 1 2 2 0 0 0 0 0 0 0 0 0 1 1 0 0 2 0 1 0 1 0 0 2 2 
1
0 0 2 0 0 0 0 0 0 
0 0 0 0 1 1 1 0 0 2 0 1 0 0 0 2 2 2 1 0 0 0 2 0 0 0 0 0 0 2 0 0 0 0 2 1 0 0 2 0 1 2 1 0 0 1 0 1 0 0 1 2 1 0 2 0 1 2 2 0 0 0 0 0 0 0 0 0 1 1 0 0 2 0 1 0 1 0 0 2 2 
0 0 0 0 1 1 33 32 32 2 0 1 0 0 0 34 34 34 1 0 0 0 2 0 32 32 32 0 0 2 0 0 0 0 2 1 0 0 2 0 1 2 1 0 0 1 0 1 0 0 1 2 1 0 2 0 1 2 2 0 0 0 0 0 0 0 0 0 1 1 0 0 2 0 1 0 1 0 0 2 2 
1
0 0 2 0 0 0 0 0 2 
0 0 0 0 1 1 1 0 0 2 0 1 0 0 0 2 2 2 1 0 0 0 2 0 0 0 0 0 0 2 0 0 0 0 2 1 0 0 2 0 1 2 1 0 0 1 0 1 0 0 1 2 1 0 2 0 1 2 2 0 0 0 0 0 0 0 0 0 1 1 0 0 2 0 1 0 1 0 2 2 2 
0 0 0 0 1 1 33 32 32 2 0 1 0 0 0 34 34 34 1 0 0 0 2 0 32 32 32 0 0 2 0 0 0 0 2 1 0 0 2 0 1 2 1 0 0 1 0 1 0 0 1 2 1 0 2 0 1 2 2 0 32 32 32 0 0 0 0 0 1 33 32 32 2 0 1 0 1 0 34 34 34 
1
0 0 2 0 0 0 1 0 2 
0 0 0 0 1 1 1 0 0 2 0 1 0 0 0 2 2 2 1 0 0 0 2 0 0 0 0 0 0 2 0 0 0 0 2 1 0 0 2 0 1 2 1 0 0 1 0 1 0 0 1 2 1 0 2 0 1 2 2 0 0 0 0 0 0 1 0 0 1 1 0 0 2 0 1 0 1 0 2 2 2 
0 0 0 0 1 1 33 32 32 2 0 1 0 0 0 34 34 34 1 0 0 0 2 0 32 32 32 0 0 2 0 0 0 0 2 1 0 0 2 0 1 2 1 0 0 1 0 1 0 0 1 2 1 0 18 16 17 2 2 0 32 32 32 16 16 17 0 0 1 33 32 32 18 16 17 0 1 0 34 34 34 
1
0 0 2 0 0 0 1 0 2 
0 0 0 0 1 1 1 0 0 2 0 1 0 0 0 2 2 2 1 0 0 0 2 0 0 0 0 0 0 2 0 0 0 0 2 1 0 0 2 0 1 2 1 0 2 1 0 1 0 0 1 2 1 0 2 0 1 2 2 0 0 0 0 0 0 1 0 0 1 1 0 0 2 0 1 0 1 0 2 2 2 
0 0 0 0 1 1 33 32 32 2 0 1 0 0 0 34 34 34 1 0 0 0 2 0 32 32 32 0 0 2 0 0 0 0 2 1 0 0 2 0 1 2 1 0 2 1 0 1 0 0 1 2 1 0 18 16 17 2 2 0 32 32 32 16 16 17 0 0 1 33 32 32 18 16 17 0 1 0 34 34 34 
1
0 0 2 0 0 0 1 0 2 
0 0 0 0 1 1 1 0 0 2 0 1 0 0 0 2 2 2 1 0 0 0 2 0 0 0 0 0 0 2 0 0 0 0 2 1 0 0 2 0 1 2 1 1 2 1 0 1 0 0 1 2 1 0 2 0 1 2 2 0 0 0 0 0 0 1 0 0 1 1 0 0 2 0 1 0 1 0 2 2 2 
0 0 0 0 1 1 33 32 32 2 0 1 0 0 0 34 34 34 1 0 0 0 2 0 32 32 32 0 0 2 0 0 0 0 2 1 0 0 2 0 1 2 1 1 2 1 0 1 0 0 1 2 1 0 18 16 17 2 2 0 32 32 32 16 16 17 0 0 1 33 32 32 18 16 17 0 1 0 34 34 34 
1
0 0 2 0 0 0 1 0 2 
0 0 0 0 1 1 1 0 0 2 0 1 0 0 0 2 2 2 1 0 0 0 2 0 0 0 0 0 0 2 0 0 0 0 2 1 0 0 2 0 1 2 1 1 2 1 0 1 0 2 1 2 1 0 2 0 1 2 2 0 0 0 0 0 0 1 0 0 1 1 0 0 2 0 1 0 1 0 2 2 2 
0 0 0 0 1 1 33 32 32 2 0 1 0 0 0 34 34 34 1 0 0 0 2 0 32 32 32 0 0 2 0 0 0 0 2 1 0 0 2 0 1 2 1 1 2 1 0 1 0 2 1 2 1 0 18 16 17 2 2 0 32 32 32 16 16 17 0 0 1 33 32 32 18 16 17 0 1 0 34 34 34 
1
0 0 2 0 0 0 1 0 2 
0 0 0 0 1 1 1 0 0 2 0 1 0 0 0 2 2 2 1 0 0 0 2 0 0 0 0 0 0 2 0 0 0 0 2 1 0 0 2 0 1 2 1 1 2 1 0 1 0 2 1 2 1 0 2 0 1 2 2 0 0 0 0 0 0 1 0 1 1 1 0 0 2 0 1 0 1 0 2 2 2 
0 0 0 0 1 1 33 32 32 2 0 1 0 0 0 34 34 34 1 0 0 0 2 0 32 32 32 0 0 2 0 0 0 0 2 1 0 0 2 0 1 2 1 1 2 1 0 1 0 2 1 2 1 0 18 16 17 2 2 0 32 32 32 16 16 17 0 1 1 33 32 32 18 16 17 0 1 0 34 34 34 
1
0 0 2 0 0 0 1 0 2 
0 0 0 0 1 1 1 0 0 2 0 1 0 0 0 2 2 2 1 0 0 0 2 0 0 0 0 0 0 2 2 0 0 0 2 1 0 0 2 0 1 2 1 1 2 1 0 1 0 2 1 2 1 0 2 0 1 2 2 0 0 0 0 0 0 1 0 1 1 1 0 0 2 0 1 0 1 0 2 2 2 
0 0 0 0 1 1 33 32 32 2 0 1 0 0 0 34 34 34 1 0 0 0 2 0 32 32 32 0 0 2 2 0 0 0 2 1 0 0 2 0 1 2 1 1 2 1 0 1 0 2 1 2 1 0 18 16 17 2 2 0 32 32 32 16 16 17 0 1 1 33 32 32 18 16 17 0 1 0 34 34 34 
1
0 0 2 0 0 0 1 0 2 
0 0 0 0 1 1 1 0 0 2 1 1 0 0 0 2 2 2 1 0 0 0 2 0 0 0 0 0 0 2 2 0 0 0 2 1 0 0 2 0 1 2 1 1 2 1 0 1 0 2 1 2 1 0 2 0 1 2 2 0 0 0 0 0 0 1 0 1 1 1 0 0 2 0 1 0 1 0 2 2 2 
0 0 0 0 1 1 33 32 32 2 1 1 0 0 0 34 34 34 1 0 0 0 2 0 32 32 32 0 0 2 2 0 0 0 2 1 0 0 2 0 1 2 1 1 2 1 0 1 0 2 1 2 1 0 18 16 17 2 2 0 32 32 32 16 16 17 0 1 1 33 32 32 18 16 17 0 1 0 34 34 34 
1
0 0 2 0 0 0 1 0 2 
0 0 0 0 1 1 1 0 0 2 1 1 0 0 0 2 2 2 1 0 0 0 2 0 0 0 0 0 0 2 2 2 0 0 2 1 0 0 2 0 1 2 1 1 2 1 0 1 0 2 1 2 1 0 2 0 1 2 2 0 0 0 0 0 0 1 0 1 1 1 0 0 2 0 1 0 1 0 2 2 2 
0 0 0 0 1 1 33 32 32 2 1 1 0 0 0 34 34 34 1 0 0 0 2 0 32 32 32 0 0 2 2 2 0 0 2 1 0 0 2 0 1 2 1 1 2 1 0 1 0 2 1 2 1 0 18 16 17 2 2 0 32 32 32 16 16 17 0 1 1 33 32 32 18 16 17 0 1 0 34 34 34 
1
0 0 2 0 0 0 1 0 2 
0 0 0 0 1 1 1 0 0 2 1 1 0 1 0 2 2 2 1 0 0 0 2 0 0 0 0 0 0 2 2 2 0 0 2 1 0 0 2 0 1 2 1 1 2 1 0 1 0 2 1 2 1 0 2 0 1 2 2 0 0 0 0 0 0 1 0 1 1 1 0 0 2 0 1 0 1 0 2 2 2 
0 0 0 0 1 1 33 32 32 2 1 1 0 1 0 34 34 34 1 0 0 0 2 0 32 32 32 0 0 2 2 2 0 0 2 1 0 0 2 0 1 2 1 1 2 1 0 1 0 2 1 2 1 0 18 16 17 2 2 0 32 32 32 16 16 17 0 1 1 33 32 32 18 16 17 0 1 0 34 34 34 
1
0 0 2 0 2 0 1 0 2 
0 0 0 0 1 1 1 0 0 2 1 1 0 1 0 2 2 2 1 0 0 0 2 0 0 0 0 0 0 2 2 2 2 0 2 1 0 0 2 0 1 2 1 1 2 1 0 1 0 2 1 2 1 0 2 0 1 2 2 0 0 0 0 0 0 1 0 1 1 1 0 0 2 0 1 0 1 0 2 2 2 
0 0 0 0 1 1 33 32 32 2 1 1 0 1 0 34 34 34 1 0 0 0 2 0 32 32 32 0 0 2 34 34 34 0 2 1 0 0 2 32 33 34 1 1 2 1 0 1 32 34 33 2 1 0 18 16 17 2 2 0 32 32 32 16 16 17 0 1 1 33 32 32 18 16 17 0 1 0 34 34 34 
1
0 0 2 1 2 0 1 0 2 
0 0 0 0 1 1 1 0 0 2 1 1 0 1 0 2 2 2 1 0 0 0 2 0 0 0 0 0 0 2 2 2 2 0 2 1 0 0 2 0 1 2 1 1 2 1 1 1 0 2 1 2 1 0 2 0 1 2 2 0 0 0 0 0 0 1 0 1 1 1 0 0 2 0 1 0 1 0 2 2 2 
0 0 0 0 1 1 33 32 32 2 1 1 0 1 0 34 34 34 1 0 0 0 2 0 32 32 32 16 16 18 34 34 34 0 2 1 16 16 18 32 33 34 1 1 2 17 17 17 32 34 33 2 1 0 18 16 17 2 2 0 32 32 32 16 16 17 0 1 1 33 32 32 18 16 17 0 1 0 34 34 34 
1
0 0 2 1 2 0 1 2 2 
0 0 0 0 1 1 1 0 0 2 1 1 0 1 0 2 2 2 1 0 0 0 2 0 0 0 0 0 0 2 2 2 2 0 2 1 0 0 2 0 1 2 1 1 2 1 1 1 0 2 1 2 1 0 2 0 1 2 2 2 0 0 0 0 0 1 0 1 1 1 0 0 2 0 1 0 1 0 2 2 2 
0 0 0 0 1 1 33 32 32 2 1 1 0 1 0 34 34 34 1 0 0 0 2 0 32 32 32 16 16 18 34 34 34 0 2 1 16 16 18 32 33 34 1 1 2 17 17 17 32 34 33 2 1 0 18 16 17 34 34 34 32 32 32 16 16 17 32 33 33 33 32 32 18 16 17 32 33 32 34 34 34 
1
1 0 2 1 2 0 1 2 2 
0 0 1 0 1 1 1 0 0 2 1 1 0 1 0 2 2 2 1 0 0 0 2 0 0 0 0 0 0 2 2 2 2 0 2 1 0 0 2 0 1 2 1 1 2 1 1 1 0 2 1 2 1 0 2 0 1 2 2 2 0 0 0 0 0 1 0 1 1 1 0 0 2 0 1 0 1 0 2 2 2 
16 16 17 0 1 1 33 32 32 18 17 17 0 1 0 34 34 34 17 16 16 0 2 0 32 32 32 16 16 18 34 34 34 0 2 1 16 16 18 32 33 34 1 1 2 17 17 17 32 34 33 2 1 0 18 16 17 34 34 34 32 32 32 16 16 17 32 33 33 33 32 32 18 16 17 32 33 32 34 34 34 
1
1 0 2 1 2 0 1 2 2 
0 0 1 0 1 1 1 0 0 2 1 1 0 1 0 2 2 2 1 0 0 0 2 0 0 0 0 0 0 2 2 2 2 0 2 1 0 0 2 0 1 2 1 1 2 1 1 1 0 2 1 2 1 0 2 0 1 2 2 2 0 0 0 0 0 1 0 1 1 1 0 0 2 0 1 0 1 0 2 2 2 
16 16 17 0 1 1 33 32 32 18 17 17 0 1 0 34 34 34 17 16 16 0 2 0 32 32 32 16 16 18 34 34 34 0 2 1 16 16 18 32 33 34 1 1 2 17 17 17 32 34 33 2 1 0 18 16 17 34 34 34 32 32 32 16 16 17 32 33 33 33 32 32 18 16 17 32 33 32 34 34 34 
1
