0 0 0 0 0 0 0 0 0 
0 0 0 0 0 0 0 0 0 0 0 0 0 0 0 0 0 0 0 0 0 0 0 0 0 0 0 0 0 0 0 0 0 0 0 0 0 0 0 0 0 0 0 0 0 0 0 0 0 0 0 0 0 0 0 0 0 0 0 0 0 0 0 0 0 0 0 0 0 0 0 1 0 0 0 0 0 0 0 0 0 
0 0 0 0 0 0 0 0 0 0 0 0 0 0 0 0 0 0 0 0 0 0 0 0 0 0 0 0 0 0 0 0 0 0 0 0 0 0 0 0 0 0 0 0 0 0 0 0 0 0 0 0 0 0 0 0 0 0 0 0 0 0 0 0 0 0 0 0 0 0 0 1 0 0 0 0 0 0 0 0 0 
1
0 0 0 0 0 0 0 0 0 
0 0 0 0 0 0 0 0 0 0 0 0 0 0 0 0 0 0 0 0 0 0 0 0 0 0 0 0 0 0 0 0 0 2 0 0 0 0 0 0 0 0 0 0 0 0 0 0 0 0 0 0 0 0 0 0 0 0 0 0 0 0 0 0 0 0 0 0 0 0 0 1 0 0 0 0 0 0 0 0 0 
0 0 0 0 0 0 0 0 0 0 0 0 0 0 0 0 0 0 0 0 0 0 0 0 0 0 0 0 0 0 0 0 0 2 0 0 0 0 0 0 0 0 0 0 0 0 0 0 0 0 0 0 0 0 0 0 0 0 0 0 0 0 0 0 0 0 0 0 0 0 0 1 0 0 0 0 0 0 0 0 0 
1
0 0 0 0 0 0 0 0 0 
1 0 0 0 0 0 0 0 0 0 0 0 0 0 0 0 0 0 0 0 0 0 0 0 0 0 0 0 0 0 0 0 0 2 0 0 0 0 0 0 0 0 0 0 0 0 0 0 0 0 0 0 0 0 0 0 0 0 0 0 0 0 0 0 0 0 0 0 0 0 0 1 0 0 0 0 0 0 0 0 0 
1 0 0 0 0 0 0 0 0 0 0 0 0 0 0 0 0 0 0 0 0 0 0 0 0 0 0 0 0 0 0 0 0 2 0 0 0 0 0 0 0 0 0 0 0 0 0 0 0 0 0 0 0 0 0 0 0 0 0 0 0 0 0 0 0 0 0 0 0 0 0 1 0 0 0 0 0 0 0 0 0 
1
0 0 0 0 0 0 0 0 0 
1 0 0 0 0 0 0 0 0 0 2 0 0 0 0 0 0 0 0 0 0 0 0 0 0 0 0 0 0 0 0 0 0 2 0 0 0 0 0 0 0 0 0 0 0 0 0 0 0 0 0 0 0 0 0 0 0 0 0 0 0 0 0 0 0 0 0 0 0 0 0 1 0 0 0 0 0 0 0 0 0 
1 0 0 0 0 0 0 0 0 0 2 0 0 0 0 0 0 0 0 0 0 0 0 0 0 0 0 0 0 0 0 0 0 2 0 0 0 0 0 0 0 0 0 0 0 0 0 0 0 0 0 0 0 0 0 0 0 0 0 0 0 0 0 0 0 0 0 0 0 0 0 1 0 0 0 0 0 0 0 0 0 
1
0 0 0 0 0 0 0 0 0 
1 0 0 0 0 0 0 0 0 0 2 0 0 0 0 0 0 0 0 0 0 0 0 0 0 0 0 0 0 0 0 0 0 2 0 0 0 0 0 0 1 0 0 0 0 0 0 0 0 0 0 0 0 0 0 0 0 0 0 0 0 0 0 0 0 0 0 0 0 0 0 1 0 0 0 0 0 0 0 0 0 
1 0 0 0 0 0 0 0 0 0 2 0 0 0 0 0 0 0 0 0 0 0 0 0 0 0 0 0 0 0 0 0 0 2 0 0 0 0 0 0 1 0 0 0 0 0 0 0 0 0 0 0 0 0 0 0 0 0 0 0 0 0 0 0 0 0 0 0 0 0 0 1 0 0 0 0 0 0 0 0 0 
1
0 0 0 0 0 0 0 0 0 
1 0 0 0 0 0 0 0 0 0 2 0 0 0 0 0 0 0 0 0 0 0 0 0 0 0 0 0 0 0 0 0 0 2 0 0 0 0 0 0 1 2 0 0 0 0 0 0 0 0 0 0 0 0 0 0 0 0 0 0 0 0 0 0 0 0 0 0 0 0 0 1 0 0 0 0 0 0 0 0 0 
1 0 0 0 0 0 0 0 0 0 2 0 0 0 0 0 0 0 0 0 0 0 0 0 0 0 0 0 0 0 0 0 0 2 0 0 0 0 0 0 1 2 0 0 0 0 0 0 0 0 0 0 0 0 0 0 0 0 0 0 0 0 0 0 0 0 0 0 0 0 0 1 0 0 0 0 0 0 0 0 0 
1
0 0 0 0 0 0 0 0 0 
1 0 0 0 0 0 0 0 0 0 2 0 0 0 0 0 0 0 0 0 0 0 0 0 0 0 0 0 0 0 0 0 0 2 0 0 0 0 0 0 1 2 0 0 1 0 0 0 0 0 0 0 0 0 0 0 0 0 0 0 0 0 0 0 0 0 0 0 0 0 0 1 0 0 0 0 0 0 0 0 0 
1 0 0 0 0 0 0 0 0 0 2 0 0 0 0 0 0 0 0 0 0 0 0 0 0 0 0 0 0 0 0 0 0 2 0 0 0 0 0 0 1 2 0 0 1 0 0 0 0 0 0 0 0 0 0 0 0 0 0 0 0 0 0 0 0 0 0 0 0 0 0 1 0 0 0 0 0 0 0 0 0 
1
0 0 0 0 0 0 0 0 0 
1 0 0 0 0 0 0 0 0 0 2 0 0 0 0 0 0 0 0 0 0 0 0 0 0 0 0 0 0 0 0 0 0 2 0 2 0 0 0 0 1 2 0 0 1 0 0 0 0 0 0 0 0 0 0 0 0 0 0 0 0 0 0 0 0 0 0 0 0 0 0 1 0 0 0 0 0 0 0 0 0 
1 0 0 0 0 0 0 0 0 0 2 0 0 0 0 0 0 0 0 0 0 0 0 0 0 0 0 0 0 0 0 0 0 2 0 2 0 0 0 0 1 2 0 0 1 0 0 0 0 0 0 0 0 0 0 0 0 0 0 0 0 0 0 0 0 0 0 0 0 0 0 1 0 0 0 0 0 0 0 0 0 
1
0 0 0 0 0 0 0 0 0 
1 0 0 0 0 0 0 0 0 0 2 0 0 0 0 0 0 0 0 0 0 0 0 0 0 0 1 0 0 0 0 0 0 2 0 2 0 0 0 0 1 2 0 0 1 0 0 0 0 0 0 0 0 0 0 0 0 0 0 0 0 0 0 0 0 0 0 0 0 0 0 1 0 0 0 0 0 0 0 0 0 
1 0 0 0 0 0 0 0 0 0 2 0 0 0 0 0 0 0 0 0 0 0 0 0 0 0 1 0 0 0 0 0 0 2 0 2 0 0 0 0 1 2 0 0 1 0 0 0 0 0 0 0 0 0 0 0 0 0 0 0 0 0 0 0 0 0 0 0 0 0 0 1 0 0 0 0 0 0 0 0 0 
1
0 0 0 0 0 0 0 0 0 
1 0 0 0 0 0 0 0 0 0 2 0 0 0 0 0 0 0 0 0 0 0 0 0 0 0 1 0 0 0 0 0 0 2 0 2 0 0 0 0 1 2 0 0 1 0 0 0 0 0 0 0 0 0 0 0 0 0 0 0 0 0 0 0 0 0 0 0 0 2 0 1 0 0 0 0 0 0 0 0 0 
1 0 0 0 0 0 0 0 0 0 2 0 0 0 0 0 0 0 0 0 0 0 0 0 0 0 1 0 0 0 0 0 0 2 0 2 0 0 0 0 1 2 0 0 1 0 0 0 0 0 0 0 0 0 0 0 0 0 0 0 0 0 0 0 0 0 0 0 0 2 0 1 0 0 0 0 0 0 0 0 0 
1
0 0 0 0 0 0 0 0 0 
1 0 0 0 0 0 0 0 0 0 2 0 0 0 0 0 0 0 0 0 0 0 0 0 0 0 1 0 0 0 0 0 0 2 0 2 0 0 0 0 1 2 0 0 1 0 1 0 0 0 0 0 0 0 0 0 0 0 0 0 0 0 0 0 0 0 0 0 0 2 0 1 0 0 0 0 0 0 0 0 0 
1 0 0 0 0 0 0 0 0 0 2 0 0 0 0 0 0 0 0 0 0 0 0 0 0 0 1 0 0 0 0 0 0 2 0 2 0 0 0 0 1 2 0 0 1 0 1 0 0 0 0 0 0 0 0 0 0 0 0 0 0 0 0 0 0 0 0 0 0 2 0 1 0 0 0 0 0 0 0 0 0 
1
0 0 0 0 0 0 0 0 0 
1 0 0 0 0 0 0 0 0 0 2 0 0 0 0 0 0 0 0 0 0 0 0 0 0 0 1 0 0 0 0 0 0 2 0 2 0 0 0 0 1 2 0 0 1 0 1 0 0 0 0 0 0 0 0 0 0 0 2 0 0 0 0 0 0 0 0 0 0 2 0 1 0 0 0 0 0 0 0 0 0 
1 0 0 0 0 0 0 0 0 0 2 0 0 0 0 0 0 0 0 0 0 0 0 0 0 0 1 0 0 0 0 0 0 2 0 2 0 0 0 0 1 2 0 0 1 0 1 0 0 0 0 0 0 0 0 0 0 0 2 0 0 0 0 0 0 0 0 0 0 2 0 1 0 0 0 0 0 0 0 0 0 
1
0 0 0 0 0 0 0 0 0 
1 0 0 0 1 0 0 0 0 0 2 0 0 0 0 0 0 0 0 0 0 0 0 0 0 0 1 0 0 0 0 0 0 2 0 2 0 0 0 0 1 2 0 0 1 0 1 0 0 0 0 0 0 0 0 0 0 0 2 0 0 0 0 0 0 0 0 0 0 2 0 1 0 0 0 0 0 0 0 0 0 
1 0 0 0 1 0 0 0 0 0 2 0 0 0 0 0 0 0 0 0 0 0 0 0 0 0 1 0 0 0 0 0 0 2 0 2 0 0 0 0 1 2 0 0 1 0 1 0 0 0 0 0 0 0 0 0 0 0 2 0 0 0 0 0 0 0 0 0 0 2 0 1 0 0 0 0 0 0 0 0 0 
1
0 0 0 0 0 0 0 0 0 
1 0 0 0 1 0 0 0 0 0 2 0 0 0 0 0 0 0 0 0 0 0 2 0 0 0 1 0 0 0 0 0 0 2 0 2 0 0 0 0 1 2 0 0 1 0 1 0 0 0 0 0 0 0 0 0 0 0 2 0 0 0 0 0 0 0 0 0 0 2 0 1 0 0 0 0 0 0 0 0 0 
1 0 0 0 1 0 0 0 0 0 2 0 0 0 0 0 0 0 0 0 0 0 2 0 0 0 1 0 0 0 0 0 0 2 0 2 0 0 0 0 1 2 0 0 1 0 1 0 0 0 0 0 0 0 0 0 0 0 2 0 0 0 0 0 0 0 0 0 0 2 0 1 0 0 0 0 0 0 0 0 0 
1
0 0 0 0 0 0 0 0 0 
1 0 0 0 1 0 0 0 0 0 2 0 0 0 0 0 0 0 0 0 0 0 2 0 0 0 1 0 0 0 0 0 0 2 0 2 0 0 0 0 1 2 0 0 1 0 1 0 0 0 0 0 0 0 0 0 0 0 2 0 0 0 0 0 0 0 0 0 0 2 0 1 0 0 0 1 0 0 0 0 0 
1 0 0 0 1 0 0 0 0 0 2 0 0 0 0 0 0 0 0 0 0 0 2 0 0 0 1 0 0 0 0 0 0 2 0 2 0 0 0 0 1 2 0 0 1 0 1 0 0 0 0 0 0 0 0 0 0 0 2 0 0 0 0 0 0 0 0 0 0 2 0 1 0 0 0 1 0 0 0 0 0 
1
0 0 0 0 0 0 0 0 0 
1 0 0 0 1 0 0 0 0 0 2 0 0 0 0 0 0 0 0 0 0 0 2 0 0 0 1 0 0 0 0 0 0 2 0 2 0 0 0 0 1 2 0 0 1 0 1 0 0 0 0 0 0 0 0 0 0 0 2 0 0 0 0 0 0 0 0 0 0 2 0 1 2 0 0 1 0 0 0 0 0 
1 0 0 0 1 0 0 0 0 0 2 0 0 0 0 0 0 0 0 0 0 0 2 0 0 0 1 0 0 0 0 0 0 2 0 2 0 0 0 0 1 2 0 0 1 0 1 0 0 0 0 0 0 0 0 0 0 0 2 0 0 0 0 0 0 0 0 0 0 2 0 1 2 0 0 1 0 0 0 0 0 
1
0 0 0 0 0 0 0 0 0 
1 0 0 0 1 0 0 0 0 0 2 0 0 0 0 0 0 0 0 0 0 0 2 0 0 0 1 0 0 0 0 0 0 2 0 2 0 0 0 0 1 2 0 0 1 0 1 0 0 0 0 0 0 0 0 1 0 0 2 0 0 0 0 0 0 0 0 0 0 2 0 1 2 0 0 1 0 0 0 0 0 
1 0 0 0 1 0 0 0 0 0 2 0 0 0 0 0 0 0 0 0 0 0 2 0 0 0 1 0 0 0 0 0 0 2 0 2 0 0 0 0 1 2 0 0 1 0 1 0 0 0 0 0 0 0 0 1 0 0 2 0 0 0 0 0 0 0 0 0 0 2 0 1 2 0 0 1 0 0 0 0 0 
1
0 0 0 0 0 0 0 0 0 
1 0 0 0 1 0 0 0 0 0 2 0 0 0 0 0 0 0 0 0 0 0 2 2 0 0 1 0 0 0 0 0 0 2 0 2 0 0 0 0 1 2 0 0 1 0 1 0 0 0 0 0 0 0 0 1 0 0 2 0 0 0 0 0 0 0 0 0 0 2 0 1 2 0 0 1 0 0 0 0 0 
1 0 0 0 1 0 0 0 0 0 2 0 0 0 0 0 0 0 0 0 0 0 2 2 0 0 1 0 0 0 0 0 0 2 0 2 0 0 0 0 1 2 0 0 1 0 1 0 0 0 0 0 0 0 0 1 0 0 2 0 0 0 0 0 0 0 0 0 0 2 0 1 2 0 0 1 0 0 0 0 0 
1
0 0 0 0 0 0 0 0 0 
1 0 0 0 1 0 0 0 0 0 2 0 0 0 0 0 0 0 0 0 0 0 2 2 0 0 1 0 0 0 0 0 0 2 0 2 0 0 0 0 1 2 0 0 1 0 1 0 0 0 0 0 0 0 0 1 0 0 2 0 0 0 0 0 0 0 0 0 0 2 0 1 2 0 0 1 0 0 1 0 0 
1 0 0 0 1 0 0 0 0 0 2 0 0 0 0 0 0 0 0 0 0 0 2 2 0 0 1 0 0 0 0 0 0 2 0 2 0 0 0 0 1 2 0 0 1 0 1 0 0 0 0 0 0 0 0 1 0 0 2 0 0 0 0 0 0 0 0 0 0 2 0 1 2 0 0 1 0 0 1 0 0 
1
0 0 0 0 0 0 0 0 0 
1 0 0 0 1 0 0 0 0 0 2 0 0 0 0 0 0 0 0 0 0 0 2 2 0 0 1 0 0 0 0 0 0 2 0 2 0 0 0 0 1 2 0 0 1 0 1 0 0 0 0 0 0 0 0 1 0 0 2 0 0 0 0 0 2 0 0 0 0 2 0 1 2 0 0 1 0 0 1 0 0 
1 0 0 0 1 0 0 0 0 0 2 0 0 0 0 0 0 0 0 0 0 0 2 2 0 0 1 0 0 0 0 0 0 2 0 2 0 0 0 0 1 2 0 0 1 0 1 0 0 0 0 0 0 0 0 1 0 0 2 0 0 0 0 0 2 0 0 0 0 2 0 1 2 0 0 1 0 0 1 0 0 
1
0 0 0 0 0 0 0 0 0 
1 0 0 0 1 0 0 0 0 0 2 0 0 0 0 0 0 0 0 0 0 0 2 2 0 0 1 0 0 0 0 0 1 2 0 2 0 0 0 0 1 2 0 0 1 0 1 0 0 0 0 0 0 0 0 1 0 0 2 0 0 0 0 0 2 0 0 0 0 2 0 1 2 0 0 1 0 0 1 0 0 
1 0 0 0 1 0 0 0 0 0 2 0 0 0 0 0 0 0 0 0 0 0 2 2 0 0 1 0 0 0 0 0 1 2 0 2 0 0 0 0 1 2 0 0 1 0 1 0 0 0 0 0 0 0 0 1 0 0 2 0 0 0 0 0 2 0 0 0 0 2 0 1 2 0 0 1 0 0 1 0 0 
1
0 0 0 0 0 0 0 0 0 
1 0 0 0 1 0 2 0 0 0 2 0 0 0 0 0 0 0 0 0 0 0 2 2 0 0 1 0 0 0 0 0 1 2 0 2 0 0 0 0 1 2 0 0 1 0 1 0 0 0 0 0 0 0 0 1 0 0 2 0 0 0 0 0 2 0 0 0 0 2 0 1 2 0 0 1 0 0 1 0 0 
1 0 0 0 1 0 2 0 0 0 2 0 0 0 0 0 0 0 0 0 0 0 2 2 0 0 1 0 0 0 0 0 1 2 0 2 0 0 0 0 1 2 0 0 1 0 1 0 0 0 0 0 0 0 0 1 0 0 2 0 0 0 0 0 2 0 0 0 0 2 0 1 2 0 0 1 0 0 1 0 0 
1
0 0 0 0 0 0 0 0 0 
1 1 0 0 1 0 2 0 0 0 2 0 0 0 0 0 0 0 0 0 0 0 2 2 0 0 1 0 0 0 0 0 1 2 0 2 0 0 0 0 1 2 0 0 1 0 1 0 0 0 0 0 0 0 0 1 0 0 2 0 0 0 0 0 2 0 0 0 0 2 0 1 2 0 0 1 0 0 1 0 0 
1 1 0 0 1 0 2 0 0 0 2 0 0 0 0 0 0 0 0 0 0 0 2 2 0 0 1 0 0 0 0 0 1 2 0 2 0 0 0 0 1 2 0 0 1 0 1 0 0 0 0 0 0 0 0 1 0 0 2 0 0 0 0 0 2 0 0 0 0 2 0 1 2 0 0 1 0 0 1 0 0 
1
0 2 0 0 0 0 0 0 0 
1 1 0 0 1 0 2 0 0 0 2 0 0 0 0 0 0 0 0 0 0 2 2 2 0 0 1 0 0 0 0 0 1 2 0 2 0 0 0 0 1 2 0 0 1 0 1 0 0 0 0 0 0 0 0 1 0 0 2 0 0 0 0 0 2 0 0 0 0 2 0 1 2 0 0 1 0 0 1 0 0 
1 1 0 32 33 32 2 0 0 0 2 0 32 32 32 0 0 0 0 0 0 34 34 34 0 0 1 0 0 0 0 0 1 2 0 2 0 0 0 0 1 2 0 0 1 0 1 0 0 0 0 0 0 0 0 1 0 0 2 0 0 0 0 0 2 0 0 0 0 2 0 1 2 0 0 1 0 0 1 0 0 
1
0 2 0 0 0 0 0 0 0 
1 1 0 0 1 0 2 0 0 0 2 0 0 0 0 0 0 0 0 0 0 2 2 2 0 0 1 0 0 0 0 0 1 2 0 2 0 0 0 0 1 2 0 0 1 0 1 0 0 0 0 0 0 0 0 1 1 0 2 0 0 0 0 0 2 0 0 0 0 2 0 1 2 0 0 1 0 0 1 0 0 
1 1 0 32 33 32 2 0 0 0 2 0 32 32 32 0 0 0 0 0 0 34 34 34 0 0 1 0 0 0 0 0 1 2 0 2 0 0 0 0 1 2 0 0 1 0 1 0 0 0 0 0 0 0 0 1 1 0 2 0 0 0 0 0 2 0 0 0 0 2 0 1 2 0 0 1 0 0 1 0 0 
1
0 2 0 0 0 0 0 0 0 
1 1 0 0 1 0 2 0 2 0 2 0 0 0 0 0 0 0 0 0 0 2 2 2 0 0 1 0 0 0 0 0 1 2 0 2 0 0 0 0 1 2 0 0 1 0 1 0 0 0 0 0 0 0 0 1 1 0 2 0 0 0 0 0 2 0 0 0 0 2 0 1 2 0 0 1 0 0 1 0 0 
1 1 0 32 33 32 2 0 2 0 2 0 32 32 32 0 0 0 0 0 0 34 34 34 0 0 1 0 0 0 0 0 1 2 0 2 0 0 0 0 1 2 0 0 1 0 1 0 0 0 0 0 0 0 0 1 1 0 2 0 0 0 0 0 2 0 0 0 0 2 0 1 2 0 0 1 0 0 1 0 0 
1
0 2 0 0 0 0 0 0 0 
1 1 0 0 1 0 2 0 2 0 2 0 0 0 0 0 0 0 0 0 0 2 2 2 0 1 1 0 0 0 0 0 1 2 0 2 0 0 0 0 1 2 0 0 1 0 1 0 0 0 0 0 0 0 0 1 1 0 2 0 0 0 0 0 2 0 0 0 0 2 0 1 2 0 0 1 0 0 1 0 0 
1 1 0 32 33 32 2 0 2 0 2 0 32 32 32 0 0 0 0 0 0 34 34 34 0 1 1 0 0 0 0 0 1 2 0 2 0 0 0 0 1 2 0 0 1 0 1 0 0 0 0 0 0 0 0 1 1 0 2 0 0 0 0 0 2 0 0 0 0 2 0 1 2 0 0 1 0 0 1 0 0 
1
0 2 0 0 0 0 0 0 0 
1 1 0 0 1 0 2 0 2 0 2 0 0 0 0 0 0 0 0 0 0 2 2 2 0 1 1 0 0 0 0 0 1 2 0 2 0 0 0 0 1 2 0 0 1 0 1 0 0 0 0 0 0 0 0 1 1 0 2 0 0 0 0 0 2 0 0 0 2 2 0 1 2 0 0 1 0 0 1 0 0 
1 1 0 32 33 32 2 0 2 0 2 0 32 32 32 0 0 0 0 0 0 34 34 34 0 1 1 0 0 0 0 0 1 2 0 2 0 0 0 0 1 2 0 0 1 0 1 0 0 0 0 0 0 0 0 1 1 0 2 0 0 0 0 0 2 0 0 0 2 2 0 1 2 0 0 1 0 0 1 0 0 
1
0 2 0 0 0 0 0 0 0 
1 1 0 0 1 0 2 0 2 0 2 0 0 0 0 0 0 0 0 0 0 2 2 2 0 1 1 0 0 0 0 0 1 2 0 2 0 0 0 0 1 2 0 0 1 0 1 0 0 0 0 0 1 0 0 1 1 0 2 0 0 0 0 0 2 0 0 0 2 2 0 1 2 0 0 1 0 0 1 0 0 
1 1 0 32 33 32 2 0 2 0 2 0 32 32 32 0 0 0 0 0 0 34 34 34 0 1 1 0 0 0 0 0 1 2 0 2 0 0 0 0 1 2 0 0 1 0 1 0 0 0 0 0 1 0 0 1 1 0 2 0 0 0 0 0 2 0 0 0 2 2 0 1 2 0 0 1 0 0 1 0 0 
1
0 2 0 0 0 0 0 0 0 
1 1 0 0 1 0 2 0 2 0 2 0 0 0 0 0 0 0 0 0 0 2 2 2 0 1 1 0 0 0 0 0 1 2 0 2 0 0 0 0 1 2 0 0 1 0 1 0 0 0 0 0 1 0 0 1 1 0 2 0 0 0 0 0 2 0 0 0 2 2 0 1 2 0 0 1 0 2 1 0 0 
1 1 0 32 33 32 2 0 2 0 2 0 32 32 32 0 0 0 0 0 0 34 34 34 0 1 1 0 0 0 0 0 1 2 0 2 0 0 0 0 1 2 0 0 1 0 1 0 0 0 0 0 1 0 0 1 1 0 2 0 0 0 0 0 2 0 0 0 2 2 0 1 2 0 0 1 0 2 1 0 0 
1
0 2 0 0 0 0 0 0 0 
1 1 0 0 1 0 2 0 2 0 2 0 0 0 0 0 0 0 0 0 0 2 2 2 0 1 1 0 0 0 0 0 1 2 0 2 0 0 0 0 1 2 0 0 1 0 1 0 0 0 0 0 1 0 0 1 1 0 2 0 0 0 0 0 2 0 0 0 2 2 0 1 2 0 0 1 0 2 1 0 1 
1 1 0 32 33 32 2 0 2 0 2 0 32 32 32 0 0 0 0 0 0 34 34 34 0 1 1 0 0 0 0 0 1 2 0 2 0 0 0 0 1 2 0 0 1 0 1 0 0 0 0 0 1 0 0 1 1 0 2 0 0 0 0 0 2 0 0 0 2 2 0 1 2 0 0 1 0 2 1 0 1 
1
0 2 0 0 0 0 0 0 0 
1 1 0 0 1 0 2 0 2 0 2 0 0 0 0 0 0 0 0 0 0 2 2 2 0 1 1 0 0 0 0 0 1 2 0 2 0 0 0 0 1 2 0 0 1 0 1 0 0 0 0 0 1 0 0 1 1 0 2 0 0 0 0 0 2 0 0 0 2 2 0 1 2 0 0 1 0 2 1 2 1 
1 1 0 32 33 32 2 0 2 0 2 0 32 32 32 0 0 0 0 0 0 34 34 34 0 1 1 0 0 0 0 0 1 2 0 2 0 0 0 0 1 2 0 0 1 0 1 0 0 0 0 0 1 0 0 1 1 0 2 0 0 0 0 0 2 0 0 0 2 2 0 1 2 0 0 1 0 2 1 2 1 
1
0 2 0 0 0 0 0 0 0 
1 1 0 0 1 0 2 0 2 0 2 0 0 0 0 0 0 0 0 0 0 2 2 2 0 1 1 0 0 0 0 0 1 2 0 2 0 0 0 0 1 2 0 0 1 0 1 0 0 0 0 0 1 0 0 1 1 0 2 0 0 0 0 0 2 0 1 0 2 2 0 1 2 0 0 1 0 2 1 2 1 
1 1 0 32 33 32 2 0 2 0 2 0 32 32 32 0 0 0 0 0 0 34 34 34 0 1 1 0 0 0 0 0 1 2 0 2 0 0 0 0 1 2 0 0 1 0 1 0 0 0 0 0 1 0 0 1 1 0 2 0 0 0 0 0 2 0 1 0 2 2 0 1 2 0 0 1 0 2 1 2 1 
1
0 2 0 0 0 0 0 0 0 
1 1 0 0 1 0 2 0 2 0 2 0 0 0 0 0 0 0 0 0 0 2 2 2 0 1 1 2 0 0 0 0 1 2 0 2 0 0 0 0 1 2 0 0 1 0 1 0 0 0 0 0 1 0 0 1 1 0 2 0 0 0 0 0 2 0 1 0 2 2 0 1 2 0 0 1 0 2 1 2 1 
1 1 0 32 33 32 2 0 2 0 2 0 32 32 32 0 0 0 0 0 0 34 34 34 0 1 1 2 0 0 0 0 1 2 0 2 0 0 0 0 1 2 0 0 1 0 1 0 0 0 0 0 1 0 0 1 1 0 2 0 0 0 0 0 2 0 1 0 2 2 0 1 2 0 0 1 0 2 1 2 1 
1
1 2 0 0 0 0 0 0 0 
1 1 1 0 1 0 2 0 2 0 2 0 0 0 0 0 0 0 0 0 0 2 2 2 0 1 1 2 0 0 0 0 1 2 0 2 0 0 0 0 1 2 0 0 1 0 1 0 0 0 0 0 1 0 0 1 1 0 2 0 0 0 0 0 2 0 1 0 2 2 0 1 2 0 0 1 0 2 1 2 1 
17 17 17 32 33 32 2 0 2 16 18 16 32 32 32 0 0 0 16 16 16 34 34 34 0 1 1 2 0 0 0 0 1 2 0 2 0 0 0 0 1 2 0 0 1 0 1 0 0 0 0 0 1 0 0 1 1 0 2 0 0 0 0 0 2 0 1 0 2 2 0 1 2 0 0 1 0 2 1 2 1 
1
1 2 0 0 0 0 0 0 0 
1 1 1 0 1 0 2 0 2 0 2 0 0 0 0 0 0 0 0 0 0 2 2 2 2 1 1 2 0 0 0 0 1 2 0 2 0 0 0 0 1 2 0 0 1 0 1 0 0 0 0 0 1 0 0 1 1 0 2 0 0 0 0 0 2 0 1 0 2 2 0 1 2 0 0 1 0 2 1 2 1 
17 17 17 32 33 32 2 0 2 16 18 16 32 32 32 0 0 0 16 16 16 34 34 34 2 1 1 2 0 0 0 0 1 2 0 2 0 0 0 0 1 2 0 0 1 0 1 0 0 0 0 0 1 0 0 1 1 0 2 0 0 0 0 0 2 0 1 0 2 2 0 1 2 0 0 1 0 2 1 2 1 
1
1 2 0 0 0 0 1 0 0 
1 1 1 0 1 0 2 0 2 0 2 0 0 0 0 0 0 0 0 0 0 2 2 2 2 1 1 2 0 0 0 0 1 2 0 2 0 0 0 0 1 2 0 0 1 0 1 0 0 0 0 0 1 0 1 1 1 0 2 0 0 0 0 0 2 0 1 0 2 2 0 1 2 0 0 1 0 2 1 2 1 
17 17 17 32 33 32 2 0 2 16 18 16 32 32 32 0 0 0 16 16 16 34 34 34 2 1 1 2 0 0 0 0 1 2 0 2 0 0 0 0 1 2 0 0 1 0 1 0 0 0 0 0 1 0 17 17 17 0 2 0 0 0 0 16 18 16 1 0 2 2 0 1 18 16 16 1 0 2 1 2 1 
1
1 2 0 0 0 0 1 2 0 
1 1 1 0 1 0 2 0 2 0 2 0 0 0 0 0 0 0 0 0 0 2 2 2 2 1 1 2 0 0 0 0 1 2 0 2 0 0 0 0 1 2 0 0 1 0 1 0 0 0 0 0 1 0 1 1 1 0 2 2 0 0 0 0 2 0 1 0 2 2 0 1 2 0 0 1 0 2 1 2 1 
17 17 17 32 33 32 2 0 2 16 18 16 32 32 32 0 0 0 16 16 16 34 34 34 2 1 1 2 0 0 0 0 1 2 0 2 0 0 0 0 1 2 0 0 1 0 1 0 0 0 0 0 1 0 17 17 17 32 34 34 0 0 0 16 18 16 33 32 34 2 0 1 18 16 16 33 32 34 1 2 1 
1
1 2 0 0 0 0 1 2 0 
1 1 1 0 1 0 2 0 2 0 2 0 0 0 0 0 0 1 0 0 0 2 2 2 2 1 1 2 0 0 0 0 1 2 0 2 0 0 0 0 1 2 0 0 1 0 1 0 0 0 0 0 1 0 1 1 1 0 2 2 0 0 0 0 2 0 1 0 2 2 0 1 2 0 0 1 0 2 1 2 1 
17 17 17 32 33 32 2 0 2 16 18 16 32 32 32 0 0 1 16 16 16 34 34 34 2 1 1 2 0 0 0 0 1 2 0 2 0 0 0 0 1 2 0 0 1 0 1 0 0 0 0 0 1 0 17 17 17 32 34 34 0 0 0 16 18 16 33 32 34 2 0 1 18 16 16 33 32 34 1 2 1 
1
1 2 0 0 0 2 1 2 0 
1 1 1 0 1 0 2 0 2 0 2 0 0 0 0 0 0 1 0 0 0 2 2 2 2 1 1 2 0 0 0 0 1 2 2 2 0 0 0 0 1 2 0 0 1 0 1 0 0 0 0 0 1 0 1 1 1 0 2 2 0 0 0 0 2 0 1 0 2 2 0 1 2 0 0 1 0 2 1 2 1 
17 17 17 32 33 32 2 0 2 16 18 16 32 32 32 0 0 1 16 16 16 34 34 34 2 1 1 2 0 0 0 0 1 34 34 34 0 0 0 0 1 2 32 32 33 0 1 0 0 0 0 32 33 32 17 17 17 32 34 34 0 0 0 16 18 16 33 32 34 2 0 1 18 16 16 33 32 34 1 2 1 
1
1 2 0 0 0 2 1 2 1 
1 1 1 0 1 0 2 0 2 0 2 0 0 0 0 0 0 1 0 0 0 2 2 2 2 1 1 2 0 0 0 0 1 2 2 2 0 0 0 0 1 2 0 0 1 0 1 0 0 0 0 0 1 0 1 1 1 0 2 2 0 0 1 0 2 0 1 0 2 2 0 1 2 0 0 1 0 2 1 2 1 
17 17 17 32 33 32 2 0 2 16 18 16 32 32 32 0 0 1 16 16 16 34 34 34 2 1 1 2 0 0 0 0 1 34 34 34 0 0 0 0 1 2 32 32 33 0 1 0 0 0 0 32 33 32 17 17 17 32 34 34 16 16 17 16 18 16 33 32 34 18 16 17 18 16 16 33 32 34 17 18 17 
1
1 2 2 0 0 2 1 2 1 
1 1 1 0 1 0 2 0 2 0 2 0 0 0 0 2 0 1 0 0 0 2 2 2 2 1 1 2 0 0 0 0 1 2 2 2 0 0 0 0 1 2 0 0 1 0 1 0 0 0 0 0 1 0 1 1 1 0 2 2 0 0 1 0 2 0 1 0 2 2 0 1 2 0 0 1 0 2 1 2 1 
17 17 17 32 33 32 34 32 34 16 18 16 32 32 32 34 32 33 16 16 16 34 34 34 34 33 33 2 0 0 0 0 1 34 34 34 0 0 0 0 1 2 32 32 33 0 1 0 0 0 0 32 33 32 17 17 17 32 34 34 16 16 17 16 18 16 33 32 34 18 16 17 18 16 16 33 32 34 17 18 17 
1
1 2 2 0 0 2 1 2 1 
1 1 1 0 1 0 2 0 2 0 2 0 0 0 0 2 0 1 0 0 0 2 2 2 2 1 1 2 0 0 0 0 1 2 2 2 0 1 0 0 1 2 0 0 1 0 1 0 0 0 0 0 1 0 1 1 1 0 2 2 0 0 1 0 2 0 1 0 2 2 0 1 2 0 0 1 0 2 1 2 1 
17 17 17 32 33 32 34 32 34 16 18 16 32 32 32 34 32 33 16 16 16 34 34 34 34 33 33 2 0 0 0 0 1 34 34 34 0 1 0 0 1 2 32 32 33 0 1 0 0 0 0 32 33 32 17 17 17 32 34 34 16 16 17 16 18 16 33 32 34 18 16 17 18 16 16 33 32 34 17 18 17 
1
1 2 2 0 0 2 1 2 1 
1 1 1 0 1 0 2 0 2 0 2 0 0 0 0 2 0 1 0 0 0 2 2 2 2 1 1 2 0 0 0 0 1 2 2 2 0 1 0 0 1 2 0 0 1 0 1 0 2 0 0 0 1 0 1 1 1 0 2 2 0 0 1 0 2 0 1 0 2 2 0 1 2 0 0 1 0 2 1 2 1 
17 17 17 32 33 32 34 32 34 16 18 16 32 32 32 34 32 33 16 16 16 34 34 34 34 33 33 2 0 0 0 0 1 34 34 34 0 1 0 0 1 2 32 32 33 0 1 0 2 0 0 32 33 32 17 17 17 32 34 34 16 16 17 16 18 16 33 32 34 18 16 17 18 16 16 33 32 34 17 18 17 
1
1 2 2 1 0 2 1 2 1 
1 1 1 0 1 0 2 0 2 0 2 0 0 0 0 2 0 1 0 0 0 2 2 2 2 1 1 2 1 0 0 0 1 2 2 2 0 1 0 0 1 2 0 0 1 0 1 0 2 0 0 0 1 0 1 1 1 0 2 2 0 0 1 0 2 0 1 0 2 2 0 1 2 0 0 1 0 2 1 2 1 
17 17 17 32 33 32 34 32 34 16 18 16 32 32 32 34 32 33 16 16 16 34 34 34 34 33 33 18 17 16 0 0 1 34 34 34 16 17 16 0 1 2 32 32 33 16 17 16 2 0 0 32 33 32 17 17 17 32 34 34 16 16 17 16 18 16 33 32 34 18 16 17 18 16 16 33 32 34 17 18 17 
1
1 2 2 1 0 2 1 2 1 
1 1 1 0 1 0 2 0 2 0 2 0 0 0 0 2 0 1 0 0 0 2 2 2 2 1 1 2 1 0 0 0 1 2 2 2 0 1 0 0 1 2 0 0 1 0 1 0 2 0 0 0 1 0 1 1 1 0 2 2 0 0 1 0 2 0 1 0 2 2 0 1 2 0 0 1 0 2 1 2 1 
17 17 17 32 33 32 34 32 34 16 18 16 32 32 32 34 32 33 16 16 16 34 34 34 34 33 33 18 17 16 0 0 1 34 34 34 16 17 16 0 1 2 32 32 33 16 17 16 2 0 0 32 33 32 17 17 17 32 34 34 16 16 17 16 18 16 33 32 34 18 16 17 18 16 16 33 32 34 17 18 17 
1
