0 0 0 0 0 0 0 0 0 
0 0 0 0 0 0 0 0 0 0 0 0 0 0 0 1 0 0 0 0 0 0 0 0 0 0 0 0 0 0 0 0 0 0 0 0 0 0 0 0 0 0 0 0 0 0 0 0 0 0 0 0 0 0 0 0 0 0 0 0 0 0 0 0 0 0 0 0 0 0 0 0 0 0 0 0 0 0 0 0 0 
0 0 0 0 0 0 0 0 0 0 0 0 0 0 0 1 0 0 0 0 0 0 0 0 0 0 0 0 0 0 0 0 0 0 0 0 0 0 0 0 0 0 0 0 0 0 0 0 0 0 0 0 0 0 0 0 0 0 0 0 0 0 0 0 0 0 0 0 0 0 0 0 0 0 0 0 0 0 0 0 0 
1
0 0 0 0 0 0 0 0 0 
0 0 0 0 0 0 0 0 0 0 0 0 0 0 0 1 0 0 0 0 0 0 0 0 0 0 0 0 0 0 0 0 0 0 0 0 2 0 0 0 0 0 0 0 0 0 0 0 0 0 0 0 0 0 0 0 0 0 0 0 0 0 0 0 0 0 0 0 0 0 0 0 0 0 0 0 0 0 0 0 0 
0 0 0 0 0 0 0 0 0 0 0 0 0 0 0 1 0 0 0 0 0 0 0 0 0 0 0 0 0 0 0 0 0 0 0 0 2 0 0 0 0 0 0 0 0 0 0 0 0 0 0 0 0 0 0 0 0 0 0 0 0 0 0 0 0 0 0 0 0 0 0 0 0 0 0 0 0 0 0 0 0 
1
0 0 0 0 0 0 0 0 0 
0 0 0 0 0 0 0 0 0 0 0 0 0 0 0 1 0 0 0 0 0 0 0 0 0 0 0 0 1 0 0 0 0 0 0 0 2 0 0 0 0 0 0 0 0 0 0 0 0 0 0 0 0 0 0 0 0 0 0 0 0 0 0 0 0 0 0 0 0 0 0 0 0 0 0 0 0 0 0 0 0 
0 0 0 0 0 0 0 0 0 0 0 0 0 0 0 1 0 0 0 0 0 0 0 0 0 0 0 0 1 0 0 0 0 0 0 0 2 0 0 0 0 0 0 0 0 0 0 0 0 0 0 0 0 0 0 0 0 0 0 0 0 0 0 0 0 0 0 0 0 0 0 0 0 0 0 0 0 0 0 0 0 
1
0 0 0 0 0 0 0 0 0 
0 0 0 0 2 0 0 0 0 0 0 0 0 0 0 1 0 0 0 0 0 0 0 0 0 0 0 0 1 0 0 0 0 0 0 0 2 0 0 0 0 0 0 0 0 0 0 0 0 0 0 0 0 0 0 0 0 0 0 0 0 0 0 0 0 0 0 0 0 0 0 0 0 0 0 0 0 0 0 0 0 
0 0 0 0 2 0 0 0 0 0 0 0 0 0 0 1 0 0 0 0 0 0 0 0 0 0 0 0 1 0 0 0 0 0 0 0 2 0 0 0 0 0 0 0 0 0 0 0 0 0 0 0 0 0 0 0 0 0 0 0 0 0 0 0 0 0 0 0 0 0 0 0 0 0 0 0 0 0 0 0 0 
1
0 0 0 0 0 0 0 0 0 
0 0 0 0 2 0 0 0 0 0 0 0 0 0 0 1 0 0 0 0 0 0 0 1 0 0 0 0 1 0 0 0 0 0 0 0 2 0 0 0 0 0 0 0 0 0 0 0 0 0 0 0 0 0 0 0 0 0 0 0 0 0 0 0 0 0 0 0 0 0 0 0 0 0 0 0 0 0 0 0 0 
0 0 0 0 2 0 0 0 0 0 0 0 0 0 0 1 0 0 0 0 0 0 0 1 0 0 0 0 1 0 0 0 0 0 0 0 2 0 0 0 0 0 0 0 0 0 0 0 0 0 0 0 0 0 0 0 0 0 0 0 0 0 0 0 0 0 0 0 0 0 0 0 0 0 0 0 0 0 0 0 0 
1
0 0 0 0 0 0 0 0 0 
0 0 0 0 2 0 0 0 0 0 0 0 0 0 0 1 0 0 0 0 0 0 0 1 0 0 0 0 1 0 0 0 0 0 0 0 2 0 0 0 0 0 0 0 0 0 0 0 0 0 0 0 0 0 0 0 0 0 0 0 2 0 0 0 0 0 0 0 0 0 0 0 0 0 0 0 0 0 0 0 0 
0 0 0 0 2 0 0 0 0 0 0 0 0 0 0 1 0 0 0 0 0 0 0 1 0 0 0 0 1 0 0 0 0 0 0 0 2 0 0 0 0 0 0 0 0 0 0 0 0 0 0 0 0 0 0 0 0 0 0 0 2 0 0 0 0 0 0 0 0 0 0 0 0 0 0 0 0 0 0 0 0 
1
0 0 0 0 0 0 0 0 0 
0 0 0 0 2 0 0 0 0 0 0 0 0 0 0 1 0 0 0 0 1 0 0 1 0 0 0 0 1 0 0 0 0 0 0 0 2 0 0 0 0 0 0 0 0 0 0 0 0 0 0 0 0 0 0 0 0 0 0 0 2 0 0 0 0 0 0 0 0 0 0 0 0 0 0 0 0 0 0 0 0 
0 0 0 0 2 0 0 0 0 0 0 0 0 0 0 1 0 0 0 0 1 0 0 1 0 0 0 0 1 0 0 0 0 0 0 0 2 0 0 0 0 0 0 0 0 0 0 0 0 0 0 0 0 0 0 0 0 0 0 0 2 0 0 0 0 0 0 0 0 0 0 0 0 0 0 0 0 0 0 0 0 
1
0 0 0 0 0 0 0 0 0 
0 0 0 0 2 0 0 0 0 0 0 0 0 0 0 1 0 0 0 0 1 0 0 1 0 0 0 0 1 0 0 0 0 0 0 0 2 0 0 0 0 0 0 0 0 0 0 0 0 0 0 0 0 0 0 0 0 0 0 0 2 0 0 0 0 0 0 0 0 0 0 0 0 0 0 0 0 0 2 0 0 
0 0 0 0 2 0 0 0 0 0 0 0 0 0 0 1 0 0 0 0 1 0 0 1 0 0 0 0 1 0 0 0 0 0 0 0 2 0 0 0 0 0 0 0 0 0 0 0 0 0 0 0 0 0 0 0 0 0 0 0 2 0 0 0 0 0 0 0 0 0 0 0 0 0 0 0 0 0 2 0 0 
1
0 0 0 0 0 0 0 0 0 
0 0 0 0 2 0 0 0 0 0 0 0 0 0 0 1 0 0 0 0 1 0 0 1 0 0 0 0 1 0 0 0 0 0 0 0 2 0 0 0 0 0 0 0 0 0 0 0 0 0 0 0 0 0 0 0 0 0 0 0 2 0 0 0 1 0 0 0 0 0 0 0 0 0 0 0 0 0 2 0 0 
0 0 0 0 2 0 0 0 0 0 0 0 0 0 0 1 0 0 0 0 1 0 0 1 0 0 0 0 1 0 0 0 0 0 0 0 2 0 0 0 0 0 0 0 0 0 0 0 0 0 0 0 0 0 0 0 0 0 0 0 2 0 0 0 1 0 0 0 0 0 0 0 0 0 0 0 0 0 2 0 0 
1
0 0 0 0 0 0 0 0 0 
0 0 0 0 2 0 0 0 0 0 0 0 0 0 0 1 0 0 0 0 1 0 0 1 0 0 0 0 1 0 0 0 0 0 0 0 2 0 0 0 2 0 0 0 0 0 0 0 0 0 0 0 0 0 0 0 0 0 0 0 2 0 0 0 1 0 0 0 0 0 0 0 0 0 0 0 0 0 2 0 0 
0 0 0 0 2 0 0 0 0 0 0 0 0 0 0 1 0 0 0 0 1 0 0 1 0 0 0 0 1 0 0 0 0 0 0 0 2 0 0 0 2 0 0 0 0 0 0 0 0 0 0 0 0 0 0 0 0 0 0 0 2 0 0 0 1 0 0 0 0 0 0 0 0 0 0 0 0 0 2 0 0 
1
0 0 0 0 0 0 0 0 0 
0 0 0 0 2 0 0 0 0 0 0 0 0 0 0 1 0 0 0 0 1 0 0 1 0 0 0 0 1 0 0 0 1 0 0 0 2 0 0 0 2 0 0 0 0 0 0 0 0 0 0 0 0 0 0 0 0 0 0 0 2 0 0 0 1 0 0 0 0 0 0 0 0 0 0 0 0 0 2 0 0 
0 0 0 0 2 0 0 0 0 0 0 0 0 0 0 1 0 0 0 0 1 0 0 1 0 0 0 0 1 0 0 0 1 0 0 0 2 0 0 0 2 0 0 0 0 0 0 0 0 0 0 0 0 0 0 0 0 0 0 0 2 0 0 0 1 0 0 0 0 0 0 0 0 0 0 0 0 0 2 0 0 
1
0 0 0 0 0 0 0 0 0 
0 0 0 0 2 0 0 0 0 0 0 0 0 0 0 1 0 0 0 0 1 0 0 1 0 0 2 0 1 0 0 0 1 0 0 0 2 0 0 0 2 0 0 0 0 0 0 0 0 0 0 0 0 0 0 0 0 0 0 0 2 0 0 0 1 0 0 0 0 0 0 0 0 0 0 0 0 0 2 0 0 
0 0 0 0 2 0 0 0 0 0 0 0 0 0 0 1 0 0 0 0 1 0 0 1 0 0 2 0 1 0 0 0 1 0 0 0 2 0 0 0 2 0 0 0 0 0 0 0 0 0 0 0 0 0 0 0 0 0 0 0 2 0 0 0 1 0 0 0 0 0 0 0 0 0 0 0 0 0 2 0 0 
1
0 0 0 0 0 0 0 0 0 
0 0 0 0 2 0 0 0 0 0 0 0 0 0 0 1 0 0 0 0 1 0 0 1 0 0 2 0 1 0 0 0 1 0 0 0 2 0 0 0 2 0 0 0 0 0 0 0 0 0 0 0 0 0 0 0 0 0 0 0 2 0 0 0 1 0 0 0 0 1 0 0 0 0 0 0 0 0 2 0 0 
0 0 0 0 2 0 0 0 0 0 0 0 0 0 0 1 0 0 0 0 1 0 0 1 0 0 2 0 1 0 0 0 1 0 0 0 2 0 0 0 2 0 0 0 0 0 0 0 0 0 0 0 0 0 0 0 0 0 0 0 2 0 0 0 1 0 0 0 0 1 0 0 0 0 0 0 0 0 2 0 0 
1
0 0 0 0 0 0 0 0 0 
0 0 0 0 2 0 0 0 0 0 0 0 0 0 0 1 0 0 0 0 1 0 0 1 0 0 2 0 1 0 0 0 1 0 0 0 2 0 2 0 2 0 0 0 0 0 0 0 0 0 0 0 0 0 0 0 0 0 0 0 2 0 0 0 1 0 0 0 0 1 0 0 0 0 0 0 0 0 2 0 0 
0 0 0 0 2 0 0 0 0 0 0 0 0 0 0 1 0 0 0 0 1 0 0 1 0 0 2 0 1 0 0 0 1 0 0 0 2 0 2 0 2 0 0 0 0 0 0 0 0 0 0 0 0 0 0 0 0 0 0 0 2 0 0 0 1 0 0 0 0 1 0 0 0 0 0 0 0 0 2 0 0 
1
0 0 0 0 0 0 0 0 0 
0 0 0 0 2 0 0 0 0 0 0 0 0 0 0 1 0 0 0 0 1 0 0 1 0 0 2 0 1 0 0 0 1 0 0 0 2 0 2 0 2 0 0 0 0 0 0 0 0 0 0 0 1 0 0 0 0 0 0 0 2 0 0 0 1 0 0 0 0 1 0 0 0 0 0 0 0 0 2 0 0 
0 0 0 0 2 0 0 0 0 0 0 0 0 0 0 1 0 0 0 0 1 0 0 1 0 0 2 0 1 0 0 0 1 0 0 0 2 0 2 0 2 0 0 0 0 0 0 0 0 0 0 0 1 0 0 0 0 0 0 0 2 0 0 0 1 0 0 0 0 1 0 0 0 0 0 0 0 0 2 0 0 
1
0 0 0 0 0 0 0 0 0 
0 0 0 0 2 0 0 0 0 0 0 0 0 0 0 1 0 0 0 0 1 0 0 1 0 0 2 0 1 0 0 0 1 0 0 0 2 0 2 0 2 0 0 0 0 0 0 0 0 0 0 0 1 0 0 0 0 0 0 0 2 0 0 0 1 0 0 0 0 1 0 0 0 0 0 0 2 0 2 0 0 
0 0 0 0 2 0 0 0 0 0 0 0 0 0 0 1 0 0 0 0 1 0 0 1 0 0 2 0 1 0 0 0 1 0 0 0 2 0 2 0 2 0 0 0 0 0 0 0 0 0 0 0 1 0 0 0 0 0 0 0 2 0 0 0 1 0 0 0 0 1 0 0 0 0 0 0 2 0 2 0 0 
1
0 0 0 0 0 0 0 0 0 
0 0 0 0 2 0 0 0 0 0 0 0 0 0 0 1 0 0 0 0 1 0 0 1 0 0 2 0 1 0 0 0 1 0 0 0 2 0 2 0 2 0 0 0 0 0 0 0 0 0 0 0 1 0 0 0 0 0 0 0 2 0 0 0 1 0 0 0 1 1 0 0 0 0 0 0 2 0 2 0 0 
0 0 0 0 2 0 0 0 0 0 0 0 0 0 0 1 0 0 0 0 1 0 0 1 0 0 2 0 1 0 0 0 1 0 0 0 2 0 2 0 2 0 0 0 0 0 0 0 0 0 0 0 1 0 0 0 0 0 0 0 2 0 0 0 1 0 0 0 1 1 0 0 0 0 0 0 2 0 2 0 0 
1
0 0 0 0 0 0 0 0 0 
0 0 0 0 2 0 0 0 0 0 0 0 0 0 0 1 0 0 0 0 1 0 0 1 0 0 2 0 1 0 0 0 1 0 0 0 2 0 2 0 2 0 0 0 0 0 0 0 0 0 0 0 1 2 0 0 0 0 0 0 2 0 0 0 1 0 0 0 1 1 0 0 0 0 0 0 2 0 2 0 0 
0 0 0 0 2 0 0 0 0 0 0 0 0 0 0 1 0 0 0 0 1 0 0 1 0 0 2 0 1 0 0 0 1 0 0 0 2 0 2 0 2 0 0 0 0 0 0 0 0 0 0 0 1 2 0 0 0 0 0 0 2 0 0 0 1 0 0 0 1 1 0 0 0 0 0 0 2 0 2 0 0 
1
0 0 0 0 0 0 0 0 0 
0 0 0 0 2 0 0 0 0 0 0 0 0 0 0 1 0 0 0 0 1 0 0 1 0 0 2 0 1 0 0 0 1 0 0 0 2 0 2 0 2 0 0 0 0 0 0 0 0 0 0 0 1 2 0 0 0 0 0 0 2 0 0 0 1 0 0 0 1 1 0 1 0 0 0 0 2 0 2 0 0 
0 0 0 0 2 0 0 0 0 0 0 0 0 0 0 1 0 0 0 0 1 0 0 1 0 0 2 0 1 0 0 0 1 0 0 0 2 0 2 0 2 0 0 0 0 0 0 0 0 0 0 0 1 2 0 0 0 0 0 0 2 0 0 0 1 0 0 0 1 1 0 1 0 0 0 0 2 0 2 0 0 
1
0 0 0 0 0 0 0 0 0 
0 0 0 0 2 0 0 0 0 0 0 0 0 0 0 1 0 0 0 0 1 0 0 1 0 0 2 0 1 0 0 0 1 0 0 0 2 0 2 0 2 0 0 0 2 0 0 0 0 0 0 0 1 2 0 0 0 0 0 0 2 0 0 0 1 0 0 0 1 1 0 1 0 0 0 0 2 0 2 0 0 
0 0 0 0 2 0 0 0 0 0 0 0 0 0 0 1 0 0 0 0 1 0 0 1 0 0 2 0 1 0 0 0 1 0 0 0 2 0 2 0 2 0 0 0 2 0 0 0 0 0 0 0 1 2 0 0 0 0 0 0 2 0 0 0 1 0 0 0 1 1 0 1 0 0 0 0 2 0 2 0 0 
1
0 0 0 0 0 0 0 0 0 
0 0 0 0 2 0 0 0 0 0 0 0 0 0 0 1 0 0 0 0 1 0 0 1 0 0 2 0 1 0 0 0 1 0 0 1 2 0 2 0 2 0 0 0 2 0 0 0 0 0 0 0 1 2 0 0 0 0 0 0 2 0 0 0 1 0 0 0 1 1 0 1 0 0 0 0 2 0 2 0 0 
0 0 0 0 2 0 0 0 0 0 0 0 0 0 0 1 0 0 0 0 1 0 0 1 0 0 2 0 1 0 0 0 1 0 0 1 2 0 2 0 2 0 0 0 2 0 0 0 0 0 0 0 1 2 0 0 0 0 0 0 2 0 0 0 1 0 0 0 1 1 0 1 0 0 0 0 2 0 2 0 0 
1
0 0 0 0 0 0 0 0 0 
0 0 0 0 2 0 2 0 0 0 0 0 0 0 0 1 0 0 0 0 1 0 0 1 0 0 2 0 1 0 0 0 1 0 0 1 2 0 2 0 2 0 0 0 2 0 0 0 0 0 0 0 1 2 0 0 0 0 0 0 2 0 0 0 1 0 0 0 1 1 0 1 0 0 0 0 2 0 2 0 0 
0 0 0 0 2 0 2 0 0 0 0 0 0 0 0 1 0 0 0 0 1 0 0 1 0 0 2 0 1 0 0 0 1 0 0 1 2 0 2 0 2 0 0 0 2 0 0 0 0 0 0 0 1 2 0 0 0 0 0 0 2 0 0 0 1 0 0 0 1 1 0 1 0 0 0 0 2 0 2 0 0 
1
0 0 0 0 0 0 0 0 0 
0 1 0 0 2 0 2 0 0 0 0 0 0 0 0 1 0 0 0 0 1 0 0 1 0 0 2 0 1 0 0 0 1 0 0 1 2 0 2 0 2 0 0 0 2 0 0 0 0 0 0 0 1 2 0 0 0 0 0 0 2 0 0 0 1 0 0 0 1 1 0 1 0 0 0 0 2 0 2 0 0 
0 1 0 0 2 0 2 0 0 0 0 0 0 0 0 1 0 0 0 0 1 0 0 1 0 0 2 0 1 0 0 0 1 0 0 1 2 0 2 0 2 0 0 0 2 0 0 0 0 0 0 0 1 2 0 0 0 0 0 0 2 0 0 0 1 0 0 0 1 1 0 1 0 0 0 0 2 0 2 0 0 
1
0 0 0 0 0 0 0 0 0 
0 1 0 0 2 0 2 0 0 0 0 0 0 0 0 1 0 0 0 0 1 0 2 1 0 0 2 0 1 0 0 0 1 0 0 1 2 0 2 0 2 0 0 0 2 0 0 0 0 0 0 0 1 2 0 0 0 0 0 0 2 0 0 0 1 0 0 0 1 1 0 1 0 0 0 0 2 0 2 0 0 
0 1 0 0 2 0 2 0 0 0 0 0 0 0 0 1 0 0 0 0 1 0 2 1 0 0 2 0 1 0 0 0 1 0 0 1 2 0 2 0 2 0 0 0 2 0 0 0 0 0 0 0 1 2 0 0 0 0 0 0 2 0 0 0 1 0 0 0 1 1 0 1 0 0 0 0 2 0 2 0 0 
1
0 0 0 0 0 0 0 0 0 
0 1 0 0 2 0 2 0 0 0 0 0 0 0 0 1 0 0 0 0 1 0 2 1 0 0 2 0 1 0 0 0 1 0 0 1 2 0 2 0 2 0 0 0 2 0 0 0 0 0 0 0 1 2 0 0 0 0 0 0 2 0 0 0 1 0 1 0 1 1 0 1 0 0 0 0 2 0 2 0 0 
0 1 0 0 2 0 2 0 0 0 0 0 0 0 0 1 0 0 0 0 1 0 2 1 0 0 2 0 1 0 0 0 1 0 0 1 2 0 2 0 2 0 0 0 2 0 0 0 0 0 0 0 1 2 0 0 0 0 0 0 2 0 0 0 1 0 1 0 1 1 0 1 0 0 0 0 2 0 2 0 0 
1
0 0 0 2 0 0 0 0 0 
0 1 0 0 2 0 2 0 0 0 0 0 0 0 0 1 0 0 0 0 1 0 2 1 0 0 2 0 1 0 0 0 1 0 0 1 2 2 2 0 2 0 0 0 2 0 0 0 0 0 0 0 1 2 0 0 0 0 0 0 2 0 0 0 1 0 1 0 1 1 0 1 0 0 0 0 2 0 2 0 0 
0 1 0 0 2 0 2 0 0 0 0 0 0 0 0 1 0 0 0 0 1 0 2 1 0 0 2 32 33 32 0 0 1 0 0 1 34 34 34 0 2 0 0 0 2 32 32 32 0 0 0 0 1 2 0 0 0 0 0 0 2 0 0 0 1 0 1 0 1 1 0 1 0 0 0 0 2 0 2 0 0 
1
0 0 0 2 0 0 0 0 0 
0 1 0 0 2 0 2 0 0 0 0 0 0 0 0 1 0 0 0 0 1 0 2 1 0 0 2 0 1 0 0 0 1 0 0 1 2 2 2 0 2 1 0 0 2 0 0 0 0 0 0 0 1 2 0 0 0 0 0 0 2 0 0 0 1 0 1 0 1 1 0 1 0 0 0 0 2 0 2 0 0 
0 1 0 0 2 0 2 0 0 0 0 0 0 0 0 1 0 0 0 0 1 0 2 1 0 0 2 32 33 32 0 0 1 0 0 1 34 34 34 0 2 1 0 0 2 32 32 32 0 0 0 0 1 2 0 0 0 0 0 0 2 0 0 0 1 0 1 0 1 1 0 1 0 0 0 0 2 0 2 0 0 
1
0 0 0 2 0 0 0 0 0 
0 1 0 0 2 0 2 0 0 0 0 0 0 0 0 1 0 0 0 0 1 0 2 1 0 0 2 0 1 0 0 0 1 0 0 1 2 2 2 0 2 1 0 0 2 0 0 0 0 0 0 2 1 2 0 0 0 0 0 0 2 0 0 0 1 0 1 0 1 1 0 1 0 0 0 0 2 0 2 0 0 
0 1 0 0 2 0 2 0 0 0 0 0 0 0 0 1 0 0 0 0 1 0 2 1 0 0 2 32 33 32 0 0 1 0 0 1 34 34 34 0 2 1 0 0 2 32 32 32 0 0 0 2 1 2 0 0 0 0 0 0 2 0 0 0 1 0 1 0 1 1 0 1 0 0 0 0 2 0 2 0 0 
1
0 0 0 2 0 0 0 0 0 
0 1 0 0 2 0 2 0 0 0 0 0 0 0 0 1 0 0 0 0 1 0 2 1 0 0 2 0 1 0 0 0 1 0 0 1 2 2 2 0 2 1 0 0 2 0 0 0 0 0 0 2 1 2 0 0 0 0 0 0 2 0 0 0 1 1 1 0 1 1 0 1 0 0 0 0 2 0 2 0 0 
0 1 0 0 2 0 2 0 0 0 0 0 0 0 0 1 0 0 0 0 1 0 2 1 0 0 2 32 33 32 0 0 1 0 0 1 34 34 34 0 2 1 0 0 2 32 32 32 0 0 0 2 1 2 0 0 0 0 0 0 2 0 0 0 1 1 1 0 1 1 0 1 0 0 0 0 2 0 2 0 0 
1
0 0 0 2 0 0 0 0 0 
0 1 0 0 2 0 2 0 0 0 0 0 0 0 0 1 0 0 0 0 1 0 2 1 0 0 2 0 1 0 0 0 1 2 0 1 2 2 2 0 2 1 0 0 2 0 0 0 0 0 0 2 1 2 0 0 0 0 0 0 2 0 0 0 1 1 1 0 1 1 0 1 0 0 0 0 2 0 2 0 0 
0 1 0 0 2 0 2 0 0 0 0 0 0 0 0 1 0 0 0 0 1 0 2 1 0 0 2 32 33 32 0 0 1 2 0 1 34 34 34 0 2 1 0 0 2 32 32 32 0 0 0 2 1 2 0 0 0 0 0 0 2 0 0 0 1 1 1 0 1 1 0 1 0 0 0 0 2 0 2 0 0 
1
0 0 0 2 0 0 0 0 0 
0 1 0 0 2 0 2 0 0 0 0 1 0 0 0 1 0 0 0 0 1 0 2 1 0 0 2 0 1 0 0 0 1 2 0 1 2 2 2 0 2 1 0 0 2 0 0 0 0 0 0 2 1 2 0 0 0 0 0 0 2 0 0 0 1 1 1 0 1 1 0 1 0 0 0 0 2 0 2 0 0 
0 1 0 0 2 0 2 0 0 0 0 1 0 0 0 1 0 0 0 0 1 0 2 1 0 0 2 32 33 32 0 0 1 2 0 1 34 34 34 0 2 1 0 0 2 32 32 32 0 0 0 2 1 2 0 0 0 0 0 0 2 0 0 0 1 1 1 0 1 1 0 1 0 0 0 0 2 0 2 0 0 
1
0 0 0 2 0 2 0 0 0 
0 1 0 0 2 0 2 0 0 0 0 1 0 0 0 1 0 0 0 0 1 0 2 1 0 0 2 0 1 0 0 0 1 2 0 1 2 2 2 0 2 1 2 0 2 0 0 0 0 0 0 2 1 2 0 0 0 0 0 0 2 0 0 0 1 1 1 0 1 1 0 1 0 0 0 0 2 0 2 0 0 
0 1 0 0 2 0 2 0 0 0 0 1 0 0 0 1 0 0 0 0 1 0 2 1 0 0 2 32 33 32 0 0 1 34 32 33 34 34 34 0 2 1 34 32 34 32 32 32 0 0 0 34 33 34 0 0 0 0 0 0 2 0 0 0 1 1 1 0 1 1 0 1 0 0 0 0 2 0 2 0 0 
1
0 0 0 2 1 2 0 0 0 
0 1 0 0 2 0 2 0 0 0 0 1 0 0 0 1 0 0 0 0 1 0 2 1 0 0 2 0 1 0 0 0 1 2 0 1 2 2 2 0 2 1 2 0 2 0 0 0 0 0 1 2 1 2 0 0 0 0 0 0 2 0 0 0 1 1 1 0 1 1 0 1 0 0 0 0 2 0 2 0 0 
0 1 0 0 2 0 2 0 0 0 0 1 0 0 0 1 0 0 0 0 1 0 2 1 0 0 2 32 33 32 16 16 17 34 32 33 34 34 34 16 18 17 34 32 34 32 32 32 16 16 17 34 33 34 0 0 0 0 0 0 2 0 0 0 1 1 1 0 1 1 0 1 0 0 0 0 2 0 2 0 0 
1
0 0 0 2 1 2 0 0 0 
0 1 0 0 2 0 2 0 0 0 0 1 0 0 0 1 0 0 0 0 1 0 2 1 0 0 2 0 1 0 0 0 1 2 0 1 2 2 2 0 2 1 2 0 2 0 0 0 0 0 1 2 1 2 0 0 0 0 0 0 2 0 0 0 1 1 1 0 1 1 2 1 0 0 0 0 2 0 2 0 0 
0 1 0 0 2 0 2 0 0 0 0 1 0 0 0 1 0 0 0 0 1 0 2 1 0 0 2 32 33 32 16 16 17 34 32 33 34 34 34 16 18 17 34 32 34 32 32 32 16 16 17 34 33 34 0 0 0 0 0 0 2 0 0 0 1 1 1 0 1 1 2 1 0 0 0 0 2 0 2 0 0 
1
0 0 0 2 1 2 0 0 0 
0 1 0 0 2 0 2 0 0 0 0 1 0 0 0 1 1 0 0 0 1 0 2 1 0 0 2 0 1 0 0 0 1 2 0 1 2 2 2 0 2 1 2 0 2 0 0 0 0 0 1 2 1 2 0 0 0 0 0 0 2 0 0 0 1 1 1 0 1 1 2 1 0 0 0 0 2 0 2 0 0 
0 1 0 0 2 0 2 0 0 0 0 1 0 0 0 1 1 0 0 0 1 0 2 1 0 0 2 32 33 32 16 16 17 34 32 33 34 34 34 16 18 17 34 32 34 32 32 32 16 16 17 34 33 34 0 0 0 0 0 0 2 0 0 0 1 1 1 0 1 1 2 1 0 0 0 0 2 0 2 0 0 
1
0 0 0 2 1 2 0 0 0 
0 1 0 0 2 0 2 0 0 0 0 1 0 0 0 1 1 2 0 0 1 0 2 1 0 0 2 0 1 0 0 0 1 2 0 1 2 2 2 0 2 1 2 0 2 0 0 0 0 0 1 2 1 2 0 0 0 0 0 0 2 0 0 0 1 1 1 0 1 1 2 1 0 0 0 0 2 0 2 0 0 
0 1 0 0 2 0 2 0 0 0 0 1 0 0 0 1 1 2 0 0 1 0 2 1 0 0 2 32 33 32 16 16 17 34 32 33 34 34 34 16 18 17 34 32 34 32 32 32 16 16 17 34 33 34 0 0 0 0 0 0 2 0 0 0 1 1 1 0 1 1 2 1 0 0 0 0 2 0 2 0 0 
1
0 0 0 2 1 2 0 0 0 
0 1 0 0 2 0 2 0 0 0 0 1 0 0 0 1 1 2 0 0 1 0 2 1 0 1 2 0 1 0 0 0 1 2 0 1 2 2 2 0 2 1 2 0 2 0 0 0 0 0 1 2 1 2 0 0 0 0 0 0 2 0 0 0 1 1 1 0 1 1 2 1 0 0 0 0 2 0 2 0 0 
0 1 0 0 2 0 2 0 0 0 0 1 0 0 0 1 1 2 0 0 1 0 2 1 0 1 2 32 33 32 16 16 17 34 32 33 34 34 34 16 18 17 34 32 34 32 32 32 16 16 17 34 33 34 0 0 0 0 0 0 2 0 0 0 1 1 1 0 1 1 2 1 0 0 0 0 2 0 2 0 0 
1
0 0 0 2 1 2 0 0 0 
0 1 0 0 2 0 2 0 0 0 0 1 0 0 0 1 1 2 0 0 1 0 2 1 0 1 2 0 1 0 0 0 1 2 0 1 2 2 2 0 2 1 2 0 2 0 0 0 0 0 1 2 1 2 0 0 0 0 2 0 2 0 0 0 1 1 1 0 1 1 2 1 0 0 0 0 2 0 2 0 0 
0 1 0 0 2 0 2 0 0 0 0 1 0 0 0 1 1 2 0 0 1 0 2 1 0 1 2 32 33 32 16 16 17 34 32 33 34 34 34 16 18 17 34 32 34 32 32 32 16 16 17 34 33 34 0 0 0 0 2 0 2 0 0 0 1 1 1 0 1 1 2 1 0 0 0 0 2 0 2 0 0 
1
0 0 0 2 1 2 0 0 0 
0 1 0 1 2 0 2 0 0 0 0 1 0 0 0 1 1 2 0 0 1 0 2 1 0 1 2 0 1 0 0 0 1 2 0 1 2 2 2 0 2 1 2 0 2 0 0 0 0 0 1 2 1 2 0 0 0 0 2 0 2 0 0 0 1 1 1 0 1 1 2 1 0 0 0 0 2 0 2 0 0 
0 1 0 1 2 0 2 0 0 0 0 1 0 0 0 1 1 2 0 0 1 0 2 1 0 1 2 32 33 32 16 16 17 34 32 33 34 34 34 16 18 17 34 32 34 32 32 32 16 16 17 34 33 34 0 0 0 0 2 0 2 0 0 0 1 1 1 0 1 1 2 1 0 0 0 0 2 0 2 0 0 
1
0 0 0 2 1 2 0 0 0 
2 1 0 1 2 0 2 0 0 0 0 1 0 0 0 1 1 2 0 0 1 0 2 1 0 1 2 0 1 0 0 0 1 2 0 1 2 2 2 0 2 1 2 0 2 0 0 0 0 0 1 2 1 2 0 0 0 0 2 0 2 0 0 0 1 1 1 0 1 1 2 1 0 0 0 0 2 0 2 0 0 
2 1 0 1 2 0 2 0 0 0 0 1 0 0 0 1 1 2 0 0 1 0 2 1 0 1 2 32 33 32 16 16 17 34 32 33 34 34 34 16 18 17 34 32 34 32 32 32 16 16 17 34 33 34 0 0 0 0 2 0 2 0 0 0 1 1 1 0 1 1 2 1 0 0 0 0 2 0 2 0 0 
1
0 0 0 2 1 2 0 0 0 
2 1 0 1 2 0 2 0 0 0 0 1 0 0 0 1 1 2 1 0 1 0 2 1 0 1 2 0 1 0 0 0 1 2 0 1 2 2 2 0 2 1 2 0 2 0 0 0 0 0 1 2 1 2 0 0 0 0 2 0 2 0 0 0 1 1 1 0 1 1 2 1 0 0 0 0 2 0 2 0 0 
2 1 0 1 2 0 2 0 0 0 0 1 0 0 0 1 1 2 1 0 1 0 2 1 0 1 2 32 33 32 16 16 17 34 32 33 34 34 34 16 18 17 34 32 34 32 32 32 16 16 17 34 33 34 0 0 0 0 2 0 2 0 0 0 1 1 1 0 1 1 2 1 0 0 0 0 2 0 2 0 0 
1
0 0 0 2 1 2 0 0 0 
2 1 0 1 2 0 2 0 0 0 0 1 0 0 0 1 1 2 1 0 1 0 2 1 0 1 2 0 1 0 0 0 1 2 0 1 2 2 2 0 2 1 2 0 2 0 0 0 0 0 1 2 1 2 0 0 0 0 2 0 2 0 0 0 1 1 1 0 1 1 2 1 2 0 0 0 2 0 2 0 0 
2 1 0 1 2 0 2 0 0 0 0 1 0 0 0 1 1 2 1 0 1 0 2 1 0 1 2 32 33 32 16 16 17 34 32 33 34 34 34 16 18 17 34 32 34 32 32 32 16 16 17 34 33 34 0 0 0 0 2 0 2 0 0 0 1 1 1 0 1 1 2 1 2 0 0 0 2 0 2 0 0 
1
0 0 0 2 1 2 0 0 0 
2 1 0 1 2 0 2 0 0 0 0 1 0 0 0 1 1 2 1 0 1 0 2 1 0 1 2 0 1 0 0 0 1 2 0 1 2 2 2 0 2 1 2 0 2 0 0 0 0 0 1 2 1 2 1 0 0 0 2 0 2 0 0 0 1 1 1 0 1 1 2 1 2 0 0 0 2 0 2 0 0 
2 1 0 1 2 0 2 0 0 0 0 1 0 0 0 1 1 2 1 0 1 0 2 1 0 1 2 32 33 32 16 16 17 34 32 33 34 34 34 16 18 17 34 32 34 32 32 32 16 16 17 34 33 34 1 0 0 0 2 0 2 0 0 0 1 1 1 0 1 1 2 1 2 0 0 0 2 0 2 0 0 
1
0 0 0 2 1 2 0 0 0 
2 1 0 1 2 0 2 0 0 0 0 1 0 0 0 1 1 2 1 2 1 0 2 1 0 1 2 0 1 0 0 0 1 2 0 1 2 2 2 0 2 1 2 0 2 0 0 0 0 0 1 2 1 2 1 0 0 0 2 0 2 0 0 0 1 1 1 0 1 1 2 1 2 0 0 0 2 0 2 0 0 
2 1 0 1 2 0 2 0 0 0 0 1 0 0 0 1 1 2 1 2 1 0 2 1 0 1 2 32 33 32 16 16 17 34 32 33 34 34 34 16 18 17 34 32 34 32 32 32 16 16 17 34 33 34 1 0 0 0 2 0 2 0 0 0 1 1 1 0 1 1 2 1 2 0 0 0 2 0 2 0 0 
1
0 0 0 2 1 2 0 0 0 
2 1 0 1 2 0 2 0 0 0 0 1 0 0 0 1 1 2 1 2 1 0 2 1 0 1 2 0 1 0 0 0 1 2 0 1 2 2 2 0 2 1 2 0 2 0 0 0 0 0 1 2 1 2 1 0 0 1 2 0 2 0 0 0 1 1 1 0 1 1 2 1 2 0 0 0 2 0 2 0 0 
2 1 0 1 2 0 2 0 0 0 0 1 0 0 0 1 1 2 1 2 1 0 2 1 0 1 2 32 33 32 16 16 17 34 32 33 34 34 34 16 18 17 34 32 34 32 32 32 16 16 17 34 33 34 1 0 0 1 2 0 2 0 0 0 1 1 1 0 1 1 2 1 2 0 0 0 2 0 2 0 0 
1
0 0 0 2 1 2 0 0 0 
2 1 2 1 2 0 2 0 0 0 0 1 0 0 0 1 1 2 1 2 1 0 2 1 0 1 2 0 1 0 0 0 1 2 0 1 2 2 2 0 2 1 2 0 2 0 0 0 0 0 1 2 1 2 1 0 0 1 2 0 2 0 0 0 1 1 1 0 1 1 2 1 2 0 0 0 2 0 2 0 0 
2 1 2 1 2 0 2 0 0 0 0 1 0 0 0 1 1 2 1 2 1 0 2 1 0 1 2 32 33 32 16 16 17 34 32 33 34 34 34 16 18 17 34 32 34 32 32 32 16 16 17 34 33 34 1 0 0 1 2 0 2 0 0 0 1 1 1 0 1 1 2 1 2 0 0 0 2 0 2 0 0 
1
0 0 1 2 1 2 0 0 0 
2 1 2 1 2 0 2 1 0 0 0 1 0 0 0 1 1 2 1 2 1 0 2 1 0 1 2 0 1 0 0 0 1 2 0 1 2 2 2 0 2 1 2 0 2 0 0 0 0 0 1 2 1 2 1 0 0 1 2 0 2 0 0 0 1 1 1 0 1 1 2 1 2 0 0 0 2 0 2 0 0 
2 1 2 1 2 0 18 17 16 0 0 1 0 0 0 17 17 18 1 2 1 0 2 1 16 17 18 32 33 32 16 16 17 34 32 33 34 34 34 16 18 17 34 32 34 32 32 32 16 16 17 34 33 34 1 0 0 1 2 0 2 0 0 0 1 1 1 0 1 1 2 1 2 0 0 0 2 0 2 0 0 
1
0 2 1 2 1 2 0 0 0 
2 1 2 1 2 0 2 1 0 0 0 1 0 2 0 1 1 2 1 2 1 0 2 1 0 1 2 0 1 0 0 0 1 2 0 1 2 2 2 0 2 1 2 0 2 0 0 0 0 0 1 2 1 2 1 0 0 1 2 0 2 0 0 0 1 1 1 0 1 1 2 1 2 0 0 0 2 0 2 0 0 
2 1 2 33 34 32 18 17 16 0 0 1 32 34 32 17 17 18 1 2 1 32 34 33 16 17 18 32 33 32 16 16 17 34 32 33 34 34 34 16 18 17 34 32 34 32 32 32 16 16 17 34 33 34 1 0 0 1 2 0 2 0 0 0 1 1 1 0 1 1 2 1 2 0 0 0 2 0 2 0 0 
1
0 2 1 2 1 2 1 0 0 
2 1 2 1 2 0 2 1 0 0 0 1 0 2 0 1 1 2 1 2 1 0 2 1 0 1 2 0 1 0 0 0 1 2 0 1 2 2 2 0 2 1 2 0 2 0 0 0 0 0 1 2 1 2 1 0 0 1 2 0 2 0 0 0 1 1 1 0 1 1 2 1 2 0 1 0 2 0 2 0 0 
2 1 2 33 34 32 18 17 16 0 0 1 32 34 32 17 17 18 1 2 1 32 34 33 16 17 18 32 33 32 16 16 17 34 32 33 34 34 34 16 18 17 34 32 34 32 32 32 16 16 17 34 33 34 17 16 16 1 2 0 2 0 0 16 17 17 1 0 1 1 2 1 18 16 17 0 2 0 2 0 0 
1
0 2 1 2 1 2 1 0 0 
2 1 2 1 2 0 2 1 0 0 0 1 0 2 0 1 1 2 1 2 1 0 2 1 0 1 2 0 1 0 0 0 1 2 0 1 2 2 2 0 2 1 2 0 2 0 0 0 0 0 1 2 1 2 1 0 0 1 2 0 2 0 0 0 1 1 1 0 1 1 2 1 2 0 1 0 2 0 2 0 0 
2 1 2 33 34 32 18 17 16 0 0 1 32 34 32 17 17 18 1 2 1 32 34 33 16 17 18 32 33 32 16 16 17 34 32 33 34 34 34 16 18 17 34 32 34 32 32 32 16 16 17 34 33 34 17 16 16 1 2 0 2 0 0 16 17 17 1 0 1 1 2 1 18 16 17 0 2 0 2 0 0 
1
