0 0 0 0 0 0 0 0 0 
0 0 0 0 0 0 0 0 0 0 0 0 0 0 0 0 0 0 0 0 0 0 0 0 0 0 0 0 0 0 0 0 0 0 0 0 0 0 0 0 0 0 0 0 0 0 0 0 0 0 0 0 0 0 0 0 0 0 0 0 0 0 0 0 0 0 0 0 0 0 1 0 0 0 0 0 0 0 0 0 0 
0 0 0 0 0 0 0 0 0 0 0 0 0 0 0 0 0 0 0 0 0 0 0 0 0 0 0 0 0 0 0 0 0 0 0 0 0 0 0 0 0 0 0 0 0 0 0 0 0 0 0 0 0 0 0 0 0 0 0 0 0 0 0 0 0 0 0 0 0 0 1 0 0 0 0 0 0 0 0 0 0 
1
0 0 0 0 0 0 0 0 0 
0 0 0 0 0 0 0 0 0 0 0 0 0 0 0 0 0 0 0 0 0 0 0 0 0 0 0 0 0 0 0 0 0 0 0 0 0 0 0 0 2 0 0 0 0 0 0 0 0 0 0 0 0 0 0 0 0 0 0 0 0 0 0 0 0 0 0 0 0 0 1 0 0 0 0 0 0 0 0 0 0 
0 0 0 0 0 0 0 0 0 0 0 0 0 0 0 0 0 0 0 0 0 0 0 0 0 0 0 0 0 0 0 0 0 0 0 0 0 0 0 0 2 0 0 0 0 0 0 0 0 0 0 0 0 0 0 0 0 0 0 0 0 0 0 0 0 0 0 0 0 0 1 0 0 0 0 0 0 0 0 0 0 
1
0 0 0 0 0 0 0 0 0 
0 0 0 0 0 0 0 0 0 0 0 0 0 0 0 0 0 0 0 0 0 0 0 0 0 0 0 0 0 0 0 0 0 0 0 0 0 0 0 0 2 0 0 0 0 0 0 0 1 0 0 0 0 0 0 0 0 0 0 0 0 0 0 0 0 0 0 0 0 0 1 0 0 0 0 0 0 0 0 0 0 
0 0 0 0 0 0 0 0 0 0 0 0 0 0 0 0 0 0 0 0 0 0 0 0 0 0 0 0 0 0 0 0 0 0 0 0 0 0 0 0 2 0 0 0 0 0 0 0 1 0 0 0 0 0 0 0 0 0 0 0 0 0 0 0 0 0 0 0 0 0 1 0 0 0 0 0 0 0 0 0 0 
1
0 0 0 0 0 0 0 0 0 
0 0 0 0 0 0 0 0 0 0 0 0 0 0 0 0 0 0 0 0 0 0 0 0 0 0 0 0 0 0 0 0 0 0 0 0 0 0 0 0 2 0 0 0 0 0 0 0 1 0 0 0 0 0 0 0 2 0 0 0 0 0 0 0 0 0 0 0 0 0 1 0 0 0 0 0 0 0 0 0 0 
0 0 0 0 0 0 0 0 0 0 0 0 0 0 0 0 0 0 0 0 0 0 0 0 0 0 0 0 0 0 0 0 0 0 0 0 0 0 0 0 2 0 0 0 0 0 0 0 1 0 0 0 0 0 0 0 2 0 0 0 0 0 0 0 0 0 0 0 0 0 1 0 0 0 0 0 0 0 0 0 0 
1
0 0 0 0 0 0 0 0 0 
0 0 0 0 0 0 0 0 0 0 0 0 0 0 0 0 1 0 0 0 0 0 0 0 0 0 0 0 0 0 0 0 0 0 0 0 0 0 0 0 2 0 0 0 0 0 0 0 1 0 0 0 0 0 0 0 2 0 0 0 0 0 0 0 0 0 0 0 0 0 1 0 0 0 0 0 0 0 0 0 0 
0 0 0 0 0 0 0 0 0 0 0 0 0 0 0 0 1 0 0 0 0 0 0 0 0 0 0 0 0 0 0 0 0 0 0 0 0 0 0 0 2 0 0 0 0 0 0 0 1 0 0 0 0 0 0 0 2 0 0 0 0 0 0 0 0 0 0 0 0 0 1 0 0 0 0 0 0 0 0 0 0 
1
0 0 0 0 0 0 0 0 0 
0 0 0 0 0 0 0 0 0 0 0 0 0 0 0 0 1 0 0 0 0 0 0 0 0 0 0 0 0 0 0 0 0 0 0 0 0 0 0 2 2 0 0 0 0 0 0 0 1 0 0 0 0 0 0 0 2 0 0 0 0 0 0 0 0 0 0 0 0 0 1 0 0 0 0 0 0 0 0 0 0 
0 0 0 0 0 0 0 0 0 0 0 0 0 0 0 0 1 0 0 0 0 0 0 0 0 0 0 0 0 0 0 0 0 0 0 0 0 0 0 2 2 0 0 0 0 0 0 0 1 0 0 0 0 0 0 0 2 0 0 0 0 0 0 0 0 0 0 0 0 0 1 0 0 0 0 0 0 0 0 0 0 
1
0 0 0 0 0 0 0 0 0 
0 0 0 0 0 0 0 0 0 0 0 0 0 0 0 0 1 0 0 0 0 0 0 0 0 0 0 1 0 0 0 0 0 0 0 0 0 0 0 2 2 0 0 0 0 0 0 0 1 0 0 0 0 0 0 0 2 0 0 0 0 0 0 0 0 0 0 0 0 0 1 0 0 0 0 0 0 0 0 0 0 
0 0 0 0 0 0 0 0 0 0 0 0 0 0 0 0 1 0 0 0 0 0 0 0 0 0 0 1 0 0 0 0 0 0 0 0 0 0 0 2 2 0 0 0 0 0 0 0 1 0 0 0 0 0 0 0 2 0 0 0 0 0 0 0 0 0 0 0 0 0 1 0 0 0 0 0 0 0 0 0 0 
1
0 0 0 0 0 0 0 0 0 
0 0 0 0 0 0 0 0 0 0 2 0 0 0 0 0 1 0 0 0 0 0 0 0 0 0 0 1 0 0 0 0 0 0 0 0 0 0 0 2 2 0 0 0 0 0 0 0 1 0 0 0 0 0 0 0 2 0 0 0 0 0 0 0 0 0 0 0 0 0 1 0 0 0 0 0 0 0 0 0 0 
0 0 0 0 0 0 0 0 0 0 2 0 0 0 0 0 1 0 0 0 0 0 0 0 0 0 0 1 0 0 0 0 0 0 0 0 0 0 0 2 2 0 0 0 0 0 0 0 1 0 0 0 0 0 0 0 2 0 0 0 0 0 0 0 0 0 0 0 0 0 1 0 0 0 0 0 0 0 0 0 0 
1
0 0 0 0 0 0 0 0 0 
0 0 0 0 0 0 0 0 0 0 2 0 0 0 0 0 1 0 0 0 0 0 0 0 0 0 0 1 0 0 0 0 0 0 0 0 0 0 0 2 2 1 0 0 0 0 0 0 1 0 0 0 0 0 0 0 2 0 0 0 0 0 0 0 0 0 0 0 0 0 1 0 0 0 0 0 0 0 0 0 0 
0 0 0 0 0 0 0 0 0 0 2 0 0 0 0 0 1 0 0 0 0 0 0 0 0 0 0 1 0 0 0 0 0 0 0 0 0 0 0 2 2 1 0 0 0 0 0 0 1 0 0 0 0 0 0 0 2 0 0 0 0 0 0 0 0 0 0 0 0 0 1 0 0 0 0 0 0 0 0 0 0 
1
0 0 0 0 0 0 0 0 0 
0 0 0 0 0 0 0 0 0 0 2 0 0 0 0 0 1 0 0 0 0 0 0 0 0 0 0 1 0 0 0 0 0 0 0 0 0 0 0 2 2 1 0 0 0 0 0 0 1 0 0 2 0 0 0 0 2 0 0 0 0 0 0 0 0 0 0 0 0 0 1 0 0 0 0 0 0 0 0 0 0 
0 0 0 0 0 0 0 0 0 0 2 0 0 0 0 0 1 0 0 0 0 0 0 0 0 0 0 1 0 0 0 0 0 0 0 0 0 0 0 2 2 1 0 0 0 0 0 0 1 0 0 2 0 0 0 0 2 0 0 0 0 0 0 0 0 0 0 0 0 0 1 0 0 0 0 0 0 0 0 0 0 
1
0 0 0 0 0 0 0 0 0 
0 0 0 0 0 0 0 0 0 0 2 0 0 0 0 0 1 0 0 0 0 0 0 0 0 0 0 1 0 0 0 0 0 0 0 0 0 0 0 2 2 1 0 0 0 0 0 0 1 0 0 2 0 0 0 0 2 0 0 0 0 0 0 0 0 0 0 0 0 0 1 0 1 0 0 0 0 0 0 0 0 
0 0 0 0 0 0 0 0 0 0 2 0 0 0 0 0 1 0 0 0 0 0 0 0 0 0 0 1 0 0 0 0 0 0 0 0 0 0 0 2 2 1 0 0 0 0 0 0 1 0 0 2 0 0 0 0 2 0 0 0 0 0 0 0 0 0 0 0 0 0 1 0 1 0 0 0 0 0 0 0 0 
1
0 0 0 0 0 0 0 0 0 
0 0 0 0 0 0 0 0 0 0 2 0 0 0 0 0 1 0 0 0 0 0 0 0 0 0 0 1 0 0 0 0 0 0 0 0 0 0 0 2 2 1 0 0 0 0 0 0 1 0 0 2 0 0 2 0 2 0 0 0 0 0 0 0 0 0 0 0 0 0 1 0 1 0 0 0 0 0 0 0 0 
0 0 0 0 0 0 0 0 0 0 2 0 0 0 0 0 1 0 0 0 0 0 0 0 0 0 0 1 0 0 0 0 0 0 0 0 0 0 0 2 2 1 0 0 0 0 0 0 1 0 0 2 0 0 2 0 2 0 0 0 0 0 0 0 0 0 0 0 0 0 1 0 1 0 0 0 0 0 0 0 0 
1
0 0 0 0 0 0 0 0 0 
0 0 0 0 0 0 0 0 0 0 2 0 0 0 0 0 1 0 0 1 0 0 0 0 0 0 0 1 0 0 0 0 0 0 0 0 0 0 0 2 2 1 0 0 0 0 0 0 1 0 0 2 0 0 2 0 2 0 0 0 0 0 0 0 0 0 0 0 0 0 1 0 1 0 0 0 0 0 0 0 0 
0 0 0 0 0 0 0 0 0 0 2 0 0 0 0 0 1 0 0 1 0 0 0 0 0 0 0 1 0 0 0 0 0 0 0 0 0 0 0 2 2 1 0 0 0 0 0 0 1 0 0 2 0 0 2 0 2 0 0 0 0 0 0 0 0 0 0 0 0 0 1 0 1 0 0 0 0 0 0 0 0 
1
0 0 0 0 0 0 0 0 0 
0 0 0 0 0 0 0 0 0 0 2 0 0 0 0 0 1 0 0 1 0 0 0 0 0 0 0 1 0 0 0 0 0 0 0 0 0 0 0 2 2 1 0 0 0 0 0 0 1 0 0 2 0 0 2 0 2 2 0 0 0 0 0 0 0 0 0 0 0 0 1 0 1 0 0 0 0 0 0 0 0 
0 0 0 0 0 0 0 0 0 0 2 0 0 0 0 0 1 0 0 1 0 0 0 0 0 0 0 1 0 0 0 0 0 0 0 0 0 0 0 2 2 1 0 0 0 0 0 0 1 0 0 2 0 0 2 0 2 2 0 0 0 0 0 0 0 0 0 0 0 0 1 0 1 0 0 0 0 0 0 0 0 
1
0 0 0 0 0 0 0 0 0 
0 0 0 0 0 0 0 0 0 0 2 0 0 0 0 0 1 0 0 1 1 0 0 0 0 0 0 1 0 0 0 0 0 0 0 0 0 0 0 2 2 1 0 0 0 0 0 0 1 0 0 2 0 0 2 0 2 2 0 0 0 0 0 0 0 0 0 0 0 0 1 0 1 0 0 0 0 0 0 0 0 
0 0 0 0 0 0 0 0 0 0 2 0 0 0 0 0 1 0 0 1 1 0 0 0 0 0 0 1 0 0 0 0 0 0 0 0 0 0 0 2 2 1 0 0 0 0 0 0 1 0 0 2 0 0 2 0 2 2 0 0 0 0 0 0 0 0 0 0 0 0 1 0 1 0 0 0 0 0 0 0 0 
1
0 0 0 0 0 0 0 0 0 
0 0 0 0 0 0 0 0 0 0 2 0 0 0 0 0 1 0 0 1 1 0 0 0 0 0 0 1 0 0 0 0 0 0 0 0 0 0 0 2 2 1 0 0 0 0 0 0 1 0 0 2 0 0 2 0 2 2 0 0 0 0 0 0 0 0 0 0 0 0 1 0 1 0 0 0 0 0 2 0 0 
0 0 0 0 0 0 0 0 0 0 2 0 0 0 0 0 1 0 0 1 1 0 0 0 0 0 0 1 0 0 0 0 0 0 0 0 0 0 0 2 2 1 0 0 0 0 0 0 1 0 0 2 0 0 2 0 2 2 0 0 0 0 0 0 0 0 0 0 0 0 1 0 1 0 0 0 0 0 2 0 0 
1
0 0 0 0 0 0 0 0 0 
0 0 0 0 0 0 0 0 0 0 2 0 0 0 0 0 1 0 0 1 1 0 0 0 0 0 0 1 0 0 0 0 0 0 0 0 0 0 0 2 2 1 0 0 0 0 0 0 1 0 0 2 0 0 2 1 2 2 0 0 0 0 0 0 0 0 0 0 0 0 1 0 1 0 0 0 0 0 2 0 0 
0 0 0 0 0 0 0 0 0 0 2 0 0 0 0 0 1 0 0 1 1 0 0 0 0 0 0 1 0 0 0 0 0 0 0 0 0 0 0 2 2 1 0 0 0 0 0 0 1 0 0 2 0 0 2 1 2 2 0 0 0 0 0 0 0 0 0 0 0 0 1 0 1 0 0 0 0 0 2 0 0 
1
0 0 0 0 0 0 0 0 0 
0 0 0 0 0 0 0 0 0 0 2 0 0 0 0 0 1 0 0 1 1 2 0 0 0 0 0 1 0 0 0 0 0 0 0 0 0 0 0 2 2 1 0 0 0 0 0 0 1 0 0 2 0 0 2 1 2 2 0 0 0 0 0 0 0 0 0 0 0 0 1 0 1 0 0 0 0 0 2 0 0 
0 0 0 0 0 0 0 0 0 0 2 0 0 0 0 0 1 0 0 1 1 2 0 0 0 0 0 1 0 0 0 0 0 0 0 0 0 0 0 2 2 1 0 0 0 0 0 0 1 0 0 2 0 0 2 1 2 2 0 0 0 0 0 0 0 0 0 0 0 0 1 0 1 0 0 0 0 0 2 0 0 
1
0 0 0 0 0 0 0 0 0 
0 0 0 0 0 0 0 0 0 0 2 0 0 0 0 0 1 0 0 1 1 2 0 0 0 0 0 1 0 0 0 0 0 0 0 0 0 0 0 2 2 1 0 0 0 0 0 0 1 0 0 2 0 0 2 1 2 2 0 0 0 0 0 0 0 0 0 0 0 0 1 0 1 1 0 0 0 0 2 0 0 
0 0 0 0 0 0 0 0 0 0 2 0 0 0 0 0 1 0 0 1 1 2 0 0 0 0 0 1 0 0 0 0 0 0 0 0 0 0 0 2 2 1 0 0 0 0 0 0 1 0 0 2 0 0 2 1 2 2 0 0 0 0 0 0 0 0 0 0 0 0 1 0 1 1 0 0 0 0 2 0 0 
1
0 0 0 0 0 0 0 0 0 
0 0 0 0 0 0 0 0 0 0 2 0 0 0 0 0 1 0 0 1 1 2 0 0 0 0 0 1 0 0 0 0 0 0 0 0 0 0 0 2 2 1 0 0 0 0 0 0 1 0 0 2 0 0 2 1 2 2 0 2 0 0 0 0 0 0 0 0 0 0 1 0 1 1 0 0 0 0 2 0 0 
0 0 0 0 0 0 0 0 0 0 2 0 0 0 0 0 1 0 0 1 1 2 0 0 0 0 0 1 0 0 0 0 0 0 0 0 0 0 0 2 2 1 0 0 0 0 0 0 1 0 0 2 0 0 2 1 2 2 0 2 0 0 0 0 0 0 0 0 0 0 1 0 1 1 0 0 0 0 2 0 0 
1
0 0 0 0 0 0 0 0 0 
0 0 0 0 0 0 0 0 0 0 2 0 0 0 0 0 1 0 0 1 1 2 0 0 1 0 0 1 0 0 0 0 0 0 0 0 0 0 0 2 2 1 0 0 0 0 0 0 1 0 0 2 0 0 2 1 2 2 0 2 0 0 0 0 0 0 0 0 0 0 1 0 1 1 0 0 0 0 2 0 0 
0 0 0 0 0 0 0 0 0 0 2 0 0 0 0 0 1 0 0 1 1 2 0 0 1 0 0 1 0 0 0 0 0 0 0 0 0 0 0 2 2 1 0 0 0 0 0 0 1 0 0 2 0 0 2 1 2 2 0 2 0 0 0 0 0 0 0 0 0 0 1 0 1 1 0 0 0 0 2 0 0 
1
0 0 0 0 0 0 0 0 0 
0 0 0 0 0 0 0 0 0 0 2 0 0 0 0 0 1 0 0 1 1 2 0 0 1 0 0 1 0 0 0 0 0 0 0 0 0 0 0 2 2 1 0 0 0 0 0 0 1 0 0 2 0 0 2 1 2 2 0 2 0 0 0 0 0 0 0 0 0 0 1 0 1 1 2 0 0 0 2 0 0 
0 0 0 0 0 0 0 0 0 0 2 0 0 0 0 0 1 0 0 1 1 2 0 0 1 0 0 1 0 0 0 0 0 0 0 0 0 0 0 2 2 1 0 0 0 0 0 0 1 0 0 2 0 0 2 1 2 2 0 2 0 0 0 0 0 0 0 0 0 0 1 0 1 1 2 0 0 0 2 0 0 
1
0 0 0 0 0 0 0 0 0 
0 0 0 0 0 0 0 0 0 0 2 0 0 0 0 0 1 0 0 1 1 2 0 0 1 0 0 1 0 0 0 0 0 0 0 0 0 0 0 2 2 1 0 0 0 0 0 0 1 0 0 2 0 0 2 1 2 2 0 2 0 0 0 0 0 0 0 0 0 0 1 0 1 1 2 0 0 0 2 0 1 
0 0 0 0 0 0 0 0 0 0 2 0 0 0 0 0 1 0 0 1 1 2 0 0 1 0 0 1 0 0 0 0 0 0 0 0 0 0 0 2 2 1 0 0 0 0 0 0 1 0 0 2 0 0 2 1 2 2 0 2 0 0 0 0 0 0 0 0 0 0 1 0 1 1 2 0 0 0 2 0 1 
1
0 0 0 0 0 0 0 0 0 
0 0 0 0 0 0 0 0 0 0 2 0 0 0 0 0 1 0 0 1 1 2 0 0 1 0 0 1 0 0 0 0 0 0 0 0 0 0 0 2 2 1 0 0 0 0 0 0 1 0 0 2 0 0 2 1 2 2 0 2 2 0 0 0 0 0 0 0 0 0 1 0 1 1 2 0 0 0 2 0 1 
0 0 0 0 0 0 0 0 0 0 2 0 0 0 0 0 1 0 0 1 1 2 0 0 1 0 0 1 0 0 0 0 0 0 0 0 0 0 0 2 2 1 0 0 0 0 0 0 1 0 0 2 0 0 2 1 2 2 0 2 2 0 0 0 0 0 0 0 0 0 1 0 1 1 2 0 0 0 2 0 1 
1
0 0 0 0 0 0 0 0 0 
0 0 0 0 0 0 0 0 0 1 2 0 0 0 0 0 1 0 0 1 1 2 0 0 1 0 0 1 0 0 0 0 0 0 0 0 0 0 0 2 2 1 0 0 0 0 0 0 1 0 0 2 0 0 2 1 2 2 0 2 2 0 0 0 0 0 0 0 0 0 1 0 1 1 2 0 0 0 2 0 1 
0 0 0 0 0 0 0 0 0 1 2 0 0 0 0 0 1 0 0 1 1 2 0 0 1 0 0 1 0 0 0 0 0 0 0 0 0 0 0 2 2 1 0 0 0 0 0 0 1 0 0 2 0 0 2 1 2 2 0 2 2 0 0 0 0 0 0 0 0 0 1 0 1 1 2 0 0 0 2 0 1 
1
0 0 0 0 0 0 0 0 0 
0 0 0 0 0 0 0 0 0 1 2 0 0 0 0 0 1 0 0 1 1 2 0 0 1 0 0 1 0 0 0 0 0 0 0 0 0 2 0 2 2 1 0 0 0 0 0 0 1 0 0 2 0 0 2 1 2 2 0 2 2 0 0 0 0 0 0 0 0 0 1 0 1 1 2 0 0 0 2 0 1 
0 0 0 0 0 0 0 0 0 1 2 0 0 0 0 0 1 0 0 1 1 2 0 0 1 0 0 1 0 0 0 0 0 0 0 0 0 2 0 2 2 1 0 0 0 0 0 0 1 0 0 2 0 0 2 1 2 2 0 2 2 0 0 0 0 0 0 0 0 0 1 0 1 1 2 0 0 0 2 0 1 
1
0 0 0 0 0 0 0 0 0 
0 0 0 0 0 0 0 0 0 1 2 0 0 0 0 0 1 0 0 1 1 2 0 0 1 0 0 1 0 0 0 0 1 0 0 0 0 2 0 2 2 1 0 0 0 0 0 0 1 0 0 2 0 0 2 1 2 2 0 2 2 0 0 0 0 0 0 0 0 0 1 0 1 1 2 0 0 0 2 0 1 
0 0 0 0 0 0 0 0 0 1 2 0 0 0 0 0 1 0 0 1 1 2 0 0 1 0 0 1 0 0 0 0 1 0 0 0 0 2 0 2 2 1 0 0 0 0 0 0 1 0 0 2 0 0 2 1 2 2 0 2 2 0 0 0 0 0 0 0 0 0 1 0 1 1 2 0 0 0 2 0 1 
1
0 0 0 0 0 0 0 0 0 
0 0 0 0 0 0 0 0 2 1 2 0 0 0 0 0 1 0 0 1 1 2 0 0 1 0 0 1 0 0 0 0 1 0 0 0 0 2 0 2 2 1 0 0 0 0 0 0 1 0 0 2 0 0 2 1 2 2 0 2 2 0 0 0 0 0 0 0 0 0 1 0 1 1 2 0 0 0 2 0 1 
0 0 0 0 0 0 0 0 2 1 2 0 0 0 0 0 1 0 0 1 1 2 0 0 1 0 0 1 0 0 0 0 1 0 0 0 0 2 0 2 2 1 0 0 0 0 0 0 1 0 0 2 0 0 2 1 2 2 0 2 2 0 0 0 0 0 0 0 0 0 1 0 1 1 2 0 0 0 2 0 1 
1
0 0 0 0 0 0 0 0 0 
0 0 0 0 0 0 0 0 2 1 2 0 0 0 0 1 1 0 0 1 1 2 0 0 1 0 0 1 0 0 0 0 1 0 0 0 0 2 0 2 2 1 0 0 0 0 0 0 1 0 0 2 0 0 2 1 2 2 0 2 2 0 0 0 0 0 0 0 0 0 1 0 1 1 2 0 0 0 2 0 1 
0 0 0 0 0 0 0 0 2 1 2 0 0 0 0 1 1 0 0 1 1 2 0 0 1 0 0 1 0 0 0 0 1 0 0 0 0 2 0 2 2 1 0 0 0 0 0 0 1 0 0 2 0 0 2 1 2 2 0 2 2 0 0 0 0 0 0 0 0 0 1 0 1 1 2 0 0 0 2 0 1 
1
0 0 0 0 0 0 0 0 0 
0 0 0 0 0 0 0 0 2 1 2 0 0 0 0 1 1 0 0 1 1 2 0 0 1 0 0 1 0 0 0 0 1 0 0 0 2 2 0 2 2 1 0 0 0 0 0 0 1 0 0 2 0 0 2 1 2 2 0 2 2 0 0 0 0 0 0 0 0 0 1 0 1 1 2 0 0 0 2 0 1 
0 0 0 0 0 0 0 0 2 1 2 0 0 0 0 1 1 0 0 1 1 2 0 0 1 0 0 1 0 0 0 0 1 0 0 0 2 2 0 2 2 1 0 0 0 0 0 0 1 0 0 2 0 0 2 1 2 2 0 2 2 0 0 0 0 0 0 0 0 0 1 0 1 1 2 0 0 0 2 0 1 
1
0 0 0 0 0 0 0 0 0 
0 0 0 0 0 0 0 0 2 1 2 0 0 0 0 1 1 0 0 1 1 2 0 0 1 0 0 1 0 0 0 0 1 0 0 0 2 2 1 2 2 1 0 0 0 0 0 0 1 0 0 2 0 0 2 1 2 2 0 2 2 0 0 0 0 0 0 0 0 0 1 0 1 1 2 0 0 0 2 0 1 
0 0 0 0 0 0 0 0 2 1 2 0 0 0 0 1 1 0 0 1 1 2 0 0 1 0 0 1 0 0 0 0 1 0 0 0 2 2 1 2 2 1 0 0 0 0 0 0 1 0 0 2 0 0 2 1 2 2 0 2 2 0 0 0 0 0 0 0 0 0 1 0 1 1 2 0 0 0 2 0 1 
1
0 0 0 0 0 0 0 0 0 
0 0 0 0 0 0 0 0 2 1 2 0 0 0 0 1 1 0 0 1 1 2 0 0 1 0 0 1 0 0 0 0 1 0 0 0 2 2 1 2 2 1 0 0 0 0 0 0 1 0 0 2 0 2 2 1 2 2 0 2 2 0 0 0 0 0 0 0 0 0 1 0 1 1 2 0 0 0 2 0 1 
0 0 0 0 0 0 0 0 2 1 2 0 0 0 0 1 1 0 0 1 1 2 0 0 1 0 0 1 0 0 0 0 1 0 0 0 2 2 1 2 2 1 0 0 0 0 0 0 1 0 0 2 0 2 2 1 2 2 0 2 2 0 0 0 0 0 0 0 0 0 1 0 1 1 2 0 0 0 2 0 1 
1
0 0 0 0 0 0 0 0 0 
0 0 0 0 0 0 0 0 2 1 2 0 0 0 0 1 1 0 0 1 1 2 0 0 1 0 0 1 0 0 0 0 1 0 0 0 2 2 1 2 2 1 0 0 0 0 0 0 1 0 0 2 0 2 2 1 2 2 0 2 2 1 0 0 0 0 0 0 0 0 1 0 1 1 2 0 0 0 2 0 1 
0 0 0 0 0 0 0 0 2 1 2 0 0 0 0 1 1 0 0 1 1 2 0 0 1 0 0 1 0 0 0 0 1 0 0 0 2 2 1 2 2 1 0 0 0 0 0 0 1 0 0 2 0 2 2 1 2 2 0 2 2 1 0 0 0 0 0 0 0 0 1 0 1 1 2 0 0 0 2 0 1 
1
0 0 0 0 0 0 0 0 0 
0 0 0 0 0 0 0 0 2 1 2 0 0 0 0 1 1 0 0 1 1 2 2 0 1 0 0 1 0 0 0 0 1 0 0 0 2 2 1 2 2 1 0 0 0 0 0 0 1 0 0 2 0 2 2 1 2 2 0 2 2 1 0 0 0 0 0 0 0 0 1 0 1 1 2 0 0 0 2 0 1 
0 0 0 0 0 0 0 0 2 1 2 0 0 0 0 1 1 0 0 1 1 2 2 0 1 0 0 1 0 0 0 0 1 0 0 0 2 2 1 2 2 1 0 0 0 0 0 0 1 0 0 2 0 2 2 1 2 2 0 2 2 1 0 0 0 0 0 0 0 0 1 0 1 1 2 0 0 0 2 0 1 
1
0 0 0 0 0 0 0 0 0 
0 0 0 0 0 0 0 0 2 1 2 0 0 0 0 1 1 0 0 1 1 2 2 0 1 0 0 1 0 0 0 0 1 0 0 0 2 2 1 2 2 1 0 0 0 0 0 0 1 0 0 2 0 2 2 1 2 2 1 2 2 1 0 0 0 0 0 0 0 0 1 0 1 1 2 0 0 0 2 0 1 
0 0 0 0 0 0 0 0 2 1 2 0 0 0 0 1 1 0 0 1 1 2 2 0 1 0 0 1 0 0 0 0 1 0 0 0 2 2 1 2 2 1 0 0 0 0 0 0 1 0 0 2 0 2 2 1 2 2 1 2 2 1 0 0 0 0 0 0 0 0 1 0 1 1 2 0 0 0 2 0 1 
1
0 2 0 0 0 0 0 0 0 
0 0 0 0 0 0 0 0 2 1 2 0 0 0 0 1 1 0 0 1 1 2 2 2 1 0 0 1 0 0 0 0 1 0 0 0 2 2 1 2 2 1 0 0 0 0 0 0 1 0 0 2 0 2 2 1 2 2 1 2 2 1 0 0 0 0 0 0 0 0 1 0 1 1 2 0 0 0 2 0 1 
0 0 0 32 32 32 0 0 2 1 2 0 32 32 32 1 1 0 0 1 1 34 34 34 1 0 0 1 0 0 0 0 1 0 0 0 2 2 1 2 2 1 0 0 0 0 0 0 1 0 0 2 0 2 2 1 2 2 1 2 2 1 0 0 0 0 0 0 0 0 1 0 1 1 2 0 0 0 2 0 1 
1
0 2 0 0 0 0 0 0 1 
0 0 0 0 0 0 0 0 2 1 2 0 0 0 0 1 1 0 0 1 1 2 2 2 1 0 0 1 0 0 0 0 1 0 0 0 2 2 1 2 2 1 0 0 0 0 0 0 1 0 0 2 0 2 2 1 2 2 1 2 2 1 0 0 0 0 0 0 0 0 1 0 1 1 2 0 0 0 2 1 1 
0 0 0 32 32 32 0 0 2 1 2 0 32 32 32 1 1 0 0 1 1 34 34 34 1 0 0 1 0 0 0 0 1 0 0 0 2 2 1 2 2 1 0 0 0 0 0 0 1 0 0 2 0 2 2 1 2 2 1 2 18 17 16 0 0 0 0 0 0 16 17 16 1 1 2 0 0 0 18 17 17 
1
0 2 0 0 0 0 0 0 1 
0 0 0 0 0 0 0 0 2 1 2 0 0 0 0 1 1 0 0 1 1 2 2 2 1 0 0 1 0 0 0 0 1 0 0 0 2 2 1 2 2 1 0 0 0 0 0 0 1 0 0 2 0 2 2 1 2 2 1 2 2 1 0 0 0 0 2 0 0 0 1 0 1 1 2 0 0 0 2 1 1 
0 0 0 32 32 32 0 0 2 1 2 0 32 32 32 1 1 0 0 1 1 34 34 34 1 0 0 1 0 0 0 0 1 0 0 0 2 2 1 2 2 1 0 0 0 0 0 0 1 0 0 2 0 2 2 1 2 2 1 2 18 17 16 0 0 0 2 0 0 16 17 16 1 1 2 0 0 0 18 17 17 
1
0 2 0 0 0 0 0 0 1 
0 0 0 0 0 0 0 0 2 1 2 0 0 0 0 1 1 0 0 1 1 2 2 2 1 0 0 1 0 1 0 0 1 0 0 0 2 2 1 2 2 1 0 0 0 0 0 0 1 0 0 2 0 2 2 1 2 2 1 2 2 1 0 0 0 0 2 0 0 0 1 0 1 1 2 0 0 0 2 1 1 
0 0 0 32 32 32 0 0 2 1 2 0 32 32 32 1 1 0 0 1 1 34 34 34 1 0 0 1 0 1 0 0 1 0 0 0 2 2 1 2 2 1 0 0 0 0 0 0 1 0 0 2 0 2 2 1 2 2 1 2 18 17 16 0 0 0 2 0 0 16 17 16 1 1 2 0 0 0 18 17 17 
1
0 2 0 0 0 0 0 0 1 
0 0 0 0 0 0 0 0 2 1 2 0 0 0 0 1 1 2 0 1 1 2 2 2 1 0 0 1 0 1 0 0 1 0 0 0 2 2 1 2 2 1 0 0 0 0 0 0 1 0 0 2 0 2 2 1 2 2 1 2 2 1 0 0 0 0 2 0 0 0 1 0 1 1 2 0 0 0 2 1 1 
0 0 0 32 32 32 0 0 2 1 2 0 32 32 32 1 1 2 0 1 1 34 34 34 1 0 0 1 0 1 0 0 1 0 0 0 2 2 1 2 2 1 0 0 0 0 0 0 1 0 0 2 0 2 2 1 2 2 1 2 18 17 16 0 0 0 2 0 0 16 17 16 1 1 2 0 0 0 18 17 17 
1
0 2 0 0 0 0 0 0 1 
0 0 0 0 0 0 0 0 2 1 2 0 0 0 0 1 1 2 0 1 1 2 2 2 1 0 0 1 0 1 0 0 1 1 0 0 2 2 1 2 2 1 0 0 0 0 0 0 1 0 0 2 0 2 2 1 2 2 1 2 2 1 0 0 0 0 2 0 0 0 1 0 1 1 2 0 0 0 2 1 1 
0 0 0 32 32 32 0 0 2 1 2 0 32 32 32 1 1 2 0 1 1 34 34 34 1 0 0 1 0 1 0 0 1 1 0 0 2 2 1 2 2 1 0 0 0 0 0 0 1 0 0 2 0 2 2 1 2 2 1 2 18 17 16 0 0 0 2 0 0 16 17 16 1 1 2 0 0 0 18 17 17 
1
0 2 0 0 0 0 0 0 1 
0 0 0 0 0 0 0 0 2 1 2 0 0 0 0 1 1 2 2 1 1 2 2 2 1 0 0 1 0 1 0 0 1 1 0 0 2 2 1 2 2 1 0 0 0 0 0 0 1 0 0 2 0 2 2 1 2 2 1 2 2 1 0 0 0 0 2 0 0 0 1 0 1 1 2 0 0 0 2 1 1 
0 0 0 32 32 32 0 0 2 1 2 0 32 32 32 1 1 2 2 1 1 34 34 34 1 0 0 1 0 1 0 0 1 1 0 0 2 2 1 2 2 1 0 0 0 0 0 0 1 0 0 2 0 2 2 1 2 2 1 2 18 17 16 0 0 0 2 0 0 16 17 16 1 1 2 0 0 0 18 17 17 
1
0 2 0 0 0 0 1 0 1 
0 0 0 0 0 0 0 0 2 1 2 0 0 0 0 1 1 2 2 1 1 2 2 2 1 0 0 1 0 1 0 0 1 1 0 0 2 2 1 2 2 1 0 0 0 0 0 0 1 0 0 2 0 2 2 1 2 2 1 2 2 1 0 0 1 0 2 0 0 0 1 0 1 1 2 0 0 0 2 1 1 
0 0 0 32 32 32 0 0 2 1 2 0 32 32 32 1 1 2 2 1 1 34 34 34 1 0 0 1 0 1 0 0 1 1 0 0 2 2 1 2 2 1 0 0 0 0 0 0 1 0 0 2 0 2 18 17 18 2 1 2 18 17 16 16 17 16 2 0 0 16 17 16 17 17 18 0 0 0 18 17 17 
1
0 2 0 0 0 0 1 0 1 
0 0 0 0 0 0 0 0 2 1 2 0 0 0 0 1 1 2 2 1 1 2 2 2 1 0 0 1 0 1 0 0 1 1 0 0 2 2 1 2 2 1 0 0 0 0 0 0 1 0 2 2 0 2 2 1 2 2 1 2 2 1 0 0 1 0 2 0 0 0 1 0 1 1 2 0 0 0 2 1 1 
0 0 0 32 32 32 0 0 2 1 2 0 32 32 32 1 1 2 2 1 1 34 34 34 1 0 0 1 0 1 0 0 1 1 0 0 2 2 1 2 2 1 0 0 0 0 0 0 1 0 2 2 0 2 18 17 18 2 1 2 18 17 16 16 17 16 2 0 0 16 17 16 17 17 18 0 0 0 18 17 17 
1
0 2 0 0 0 0 1 0 1 
0 0 0 0 0 0 0 0 2 1 2 0 0 0 0 1 1 2 2 1 1 2 2 2 1 0 0 1 0 1 0 0 1 1 0 0 2 2 1 2 2 1 0 0 0 0 0 0 1 0 2 2 0 2 2 1 2 2 1 2 2 1 0 0 1 0 2 0 0 0 1 0 1 1 2 1 0 0 2 1 1 
0 0 0 32 32 32 0 0 2 1 2 0 32 32 32 1 1 2 2 1 1 34 34 34 1 0 0 1 0 1 0 0 1 1 0 0 2 2 1 2 2 1 0 0 0 0 0 0 1 0 2 2 0 2 18 17 18 2 1 2 18 17 16 16 17 16 2 0 0 16 17 16 17 17 18 1 0 0 18 17 17 
1
2 2 0 0 0 0 1 0 1 
0 0 2 0 0 0 0 0 2 1 2 0 0 0 0 1 1 2 2 1 1 2 2 2 1 0 0 1 0 1 0 0 1 1 0 0 2 2 1 2 2 1 0 0 0 0 0 0 1 0 2 2 0 2 2 1 2 2 1 2 2 1 0 0 1 0 2 0 0 0 1 0 1 1 2 1 0 0 2 1 1 
32 32 34 32 32 32 0 0 2 33 34 32 32 32 32 1 1 2 34 33 33 34 34 34 1 0 0 1 0 1 0 0 1 1 0 0 2 2 1 2 2 1 0 0 0 0 0 0 1 0 2 2 0 2 18 17 18 2 1 2 18 17 16 16 17 16 2 0 0 16 17 16 17 17 18 1 0 0 18 17 17 
1
2 2 1 0 0 0 1 0 1 
0 0 2 0 0 0 1 0 2 1 2 0 0 0 0 1 1 2 2 1 1 2 2 2 1 0 0 1 0 1 0 0 1 1 0 0 2 2 1 2 2 1 0 0 0 0 0 0 1 0 2 2 0 2 2 1 2 2 1 2 2 1 0 0 1 0 2 0 0 0 1 0 1 1 2 1 0 0 2 1 1 
32 32 34 32 32 32 17 16 18 33 34 32 32 32 32 17 17 18 34 33 33 34 34 34 17 16 16 1 0 1 0 0 1 1 0 0 2 2 1 2 2 1 0 0 0 0 0 0 1 0 2 2 0 2 18 17 18 2 1 2 18 17 16 16 17 16 2 0 0 16 17 16 17 17 18 1 0 0 18 17 17 
1
2 2 1 0 2 0 1 0 1 
0 0 2 0 0 0 1 0 2 1 2 0 0 0 0 1 1 2 2 1 1 2 2 2 1 0 0 1 0 1 2 0 1 1 0 0 2 2 1 2 2 1 0 0 0 0 0 0 1 0 2 2 0 2 2 1 2 2 1 2 2 1 0 0 1 0 2 0 0 0 1 0 1 1 2 1 0 0 2 1 1 
32 32 34 32 32 32 17 16 18 33 34 32 32 32 32 17 17 18 34 33 33 34 34 34 17 16 16 1 0 1 34 32 33 1 0 0 2 2 1 34 34 33 0 0 0 0 0 0 33 32 34 2 0 2 18 17 18 2 1 2 18 17 16 16 17 16 2 0 0 16 17 16 17 17 18 1 0 0 18 17 17 
1
2 2 1 0 2 0 1 0 1 
0 0 2 0 0 0 1 0 2 1 2 0 0 0 0 1 1 2 2 1 1 2 2 2 1 0 0 1 0 1 2 0 1 1 0 0 2 2 1 2 2 1 0 0 0 0 0 0 1 0 2 2 0 2 2 1 2 2 1 2 2 1 0 0 1 0 2 0 0 0 1 0 1 1 2 1 1 0 2 1 1 
32 32 34 32 32 32 17 16 18 33 34 32 32 32 32 17 17 18 34 33 33 34 34 34 17 16 16 1 0 1 34 32 33 1 0 0 2 2 1 34 34 33 0 0 0 0 0 0 33 32 34 2 0 2 18 17 18 2 1 2 18 17 16 16 17 16 2 0 0 16 17 16 17 17 18 1 1 0 18 17 17 
1
2 2 1 0 2 0 1 0 1 
0 0 2 0 0 0 1 0 2 1 2 0 0 0 0 1 1 2 2 1 1 2 2 2 1 0 0 1 0 1 2 0 1 1 0 0 2 2 1 2 2 1 0 0 0 0 0 0 1 0 2 2 0 2 2 1 2 2 1 2 2 1 0 0 1 0 2 0 0 0 1 0 1 1 2 1 1 2 2 1 1 
32 32 34 32 32 32 17 16 18 33 34 32 32 32 32 17 17 18 34 33 33 34 34 34 17 16 16 1 0 1 34 32 33 1 0 0 2 2 1 34 34 33 0 0 0 0 0 0 33 32 34 2 0 2 18 17 18 2 1 2 18 17 16 16 17 16 2 0 0 16 17 16 17 17 18 1 1 2 18 17 17 
1
2 2 1 0 2 0 1 1 1 
0 0 2 0 0 0 1 0 2 1 2 0 0 0 0 1 1 2 2 1 1 2 2 2 1 0 0 1 0 1 2 0 1 1 0 0 2 2 1 2 2 1 0 0 0 0 0 0 1 0 2 2 0 2 2 1 2 2 1 2 2 1 0 0 1 0 2 1 0 0 1 0 1 1 2 1 1 2 2 1 1 
32 32 34 32 32 32 17 16 18 33 34 32 32 32 32 17 17 18 34 33 33 34 34 34 17 16 16 1 0 1 34 32 33 1 0 0 2 2 1 34 34 33 0 0 0 0 0 0 33 32 34 2 0 2 18 17 18 18 17 18 18 17 16 16 17 16 18 17 16 16 17 16 17 17 18 17 17 18 18 17 17 
1
2 2 1 0 2 0 1 1 1 
0 0 2 0 0 0 1 0 2 1 2 0 0 0 0 1 1 2 2 1 1 2 2 2 1 0 0 1 0 1 2 0 1 1 0 0 2 2 1 2 2 1 0 0 0 0 0 0 1 0 2 2 0 2 2 1 2 2 1 2 2 1 0 0 1 0 2 1 0 0 1 0 1 1 2 1 1 2 2 1 1 
32 32 34 32 32 32 17 16 18 33 34 32 32 32 32 17 17 18 34 33 33 34 34 34 17 16 16 1 0 1 34 32 33 1 0 0 2 2 1 34 34 33 0 0 0 0 0 0 33 32 34 2 0 2 18 17 18 18 17 18 18 17 16 16 17 16 18 17 16 16 17 16 17 17 18 17 17 18 18 17 17 
1
