0 0 0 0 0 0 0 0 0 
0 0 0 0 0 0 0 0 0 0 0 0 0 0 0 0 0 0 0 0 0 0 0 0 0 0 0 0 0 0 0 0 0 0 0 0 0 0 0 0 0 0 0 0 0 0 0 0 0 0 1 0 0 0 0 0 0 0 0 0 0 0 0 0 0 0 0 0 0 0 0 0 0 0 0 0 0 0 0 0 0 
0 0 0 0 0 0 0 0 0 0 0 0 0 0 0 0 0 0 0 0 0 0 0 0 0 0 0 0 0 0 0 0 0 0 0 0 0 0 0 0 0 0 0 0 0 0 0 0 0 0 1 0 0 0 0 0 0 0 0 0 0 0 0 0 0 0 0 0 0 0 0 0 0 0 0 0 0 0 0 0 0 
0
0 0 0 0 0 0 0 0 0 
0 0 0 0 0 0 0 0 0 0 0 0 0 0 0 0 0 0 0 0 0 0 0 0 0 0 0 0 0 0 0 0 0 0 0 0 0 0 0 0 0 0 0 0 0 0 0 0 0 0 1 0 0 0 0 0 0 0 0 0 0 0 0 0 0 0 0 0 0 0 2 0 0 0 0 0 0 0 0 0 0 
0 0 0 0 0 0 0 0 0 0 0 0 0 0 0 0 0 0 0 0 0 0 0 0 0 0 0 0 0 0 0 0 0 0 0 0 0 0 0 0 0 0 0 0 0 0 0 0 0 0 1 0 0 0 0 0 0 0 0 0 0 0 0 0 0 0 0 0 0 0 2 0 0 0 0 0 0 0 0 0 0 
0
0 0 0 0 0 0 0 0 0 
0 0 0 0 0 0 0 0 0 0 0 0 0 0 0 0 0 0 0 0 0 0 0 0 0 0 0 0 0 0 0 0 0 0 0 0 0 0 0 1 0 0 0 0 0 0 0 0 0 0 1 0 0 0 0 0 0 0 0 0 0 0 0 0 0 0 0 0 0 0 2 0 0 0 0 0 0 0 0 0 0 
0 0 0 0 0 0 0 0 0 0 0 0 0 0 0 0 0 0 0 0 0 0 0 0 0 0 0 0 0 0 0 0 0 0 0 0 0 0 0 1 0 0 0 0 0 0 0 0 0 0 1 0 0 0 0 0 0 0 0 0 0 0 0 0 0 0 0 0 0 0 2 0 0 0 0 0 0 0 0 0 0 
0
0 0 0 0 0 0 0 0 0 
0 0 0 0 0 0 0 0 0 0 0 0 0 0 0 0 0 0 0 0 0 0 0 0 0 0 0 0 0 0 0 0 0 0 0 0 0 0 0 1 0 0 0 0 0 0 2 0 0 0 1 0 0 0 0 0 0 0 0 0 0 0 0 0 0 0 0 0 0 0 2 0 0 0 0 0 0 0 0 0 0 
0 0 0 0 0 0 0 0 0 0 0 0 0 0 0 0 0 0 0 0 0 0 0 0 0 0 0 0 0 0 0 0 0 0 0 0 0 0 0 1 0 0 0 0 0 0 2 0 0 0 1 0 0 0 0 0 0 0 0 0 0 0 0 0 0 0 0 0 0 0 2 0 0 0 0 0 0 0 0 0 0 
0
0 0 0 0 0 0 0 0 0 
0 0 0 0 0 0 0 0 0 0 0 0 0 0 0 0 0 0 0 0 0 0 0 0 0 0 0 0 0 0 0 0 0 0 0 0 0 0 0 1 0 0 0 0 0 0 2 0 0 0 1 0 0 0 0 0 0 0 0 0 0 0 0 0 0 0 0 0 0 0 2 0 0 0 0 1 0 0 0 0 0 
0 0 0 0 0 0 0 0 0 0 0 0 0 0 0 0 0 0 0 0 0 0 0 0 0 0 0 0 0 0 0 0 0 0 0 0 0 0 0 1 0 0 0 0 0 0 2 0 0 0 1 0 0 0 0 0 0 0 0 0 0 0 0 0 0 0 0 0 0 0 2 0 0 0 0 1 0 0 0 0 0 
0
0 0 0 0 0 0 0 0 0 
0 0 0 0 0 0 0 0 0 0 0 0 0 0 0 0 0 0 0 0 0 0 0 0 0 0 0 0 0 0 0 0 0 0 0 0 0 0 0 1 0 0 0 0 0 0 2 0 0 0 1 0 0 0 0 0 0 0 0 0 0 0 0 0 0 0 0 0 0 0 2 0 2 0 0 1 0 0 0 0 0 
0 0 0 0 0 0 0 0 0 0 0 0 0 0 0 0 0 0 0 0 0 0 0 0 0 0 0 0 0 0 0 0 0 0 0 0 0 0 0 1 0 0 0 0 0 0 2 0 0 0 1 0 0 0 0 0 0 0 0 0 0 0 0 0 0 0 0 0 0 0 2 0 2 0 0 1 0 0 0 0 0 
0
0 0 0 0 0 0 0 0 0 
0 0 0 0 0 0 0 0 0 0 0 0 0 0 0 0 0 0 0 0 0 0 0 0 0 0 0 0 0 0 0 0 0 0 0 0 0 0 0 1 0 0 0 0 0 0 2 0 0 0 1 0 0 0 0 1 0 0 0 0 0 0 0 0 0 0 0 0 0 0 2 0 2 0 0 1 0 0 0 0 0 
0 0 0 0 0 0 0 0 0 0 0 0 0 0 0 0 0 0 0 0 0 0 0 0 0 0 0 0 0 0 0 0 0 0 0 0 0 0 0 1 0 0 0 0 0 0 2 0 0 0 1 0 0 0 0 1 0 0 0 0 0 0 0 0 0 0 0 0 0 0 2 0 2 0 0 1 0 0 0 0 0 
0
0 0 0 0 0 0 0 0 0 
0 0 0 0 0 0 0 0 0 0 0 0 0 0 2 0 0 0 0 0 0 0 0 0 0 0 0 0 0 0 0 0 0 0 0 0 0 0 0 1 0 0 0 0 0 0 2 0 0 0 1 0 0 0 0 1 0 0 0 0 0 0 0 0 0 0 0 0 0 0 2 0 2 0 0 1 0 0 0 0 0 
0 0 0 0 0 0 0 0 0 0 0 0 0 0 2 0 0 0 0 0 0 0 0 0 0 0 0 0 0 0 0 0 0 0 0 0 0 0 0 1 0 0 0 0 0 0 2 0 0 0 1 0 0 0 0 1 0 0 0 0 0 0 0 0 0 0 0 0 0 0 2 0 2 0 0 1 0 0 0 0 0 
0
0 0 0 0 0 0 0 0 0 
0 0 0 0 0 0 0 0 0 0 0 0 0 0 2 0 0 0 0 0 0 0 0 0 0 0 0 0 0 0 0 0 0 0 0 0 0 0 0 1 0 0 0 0 1 0 2 0 0 0 1 0 0 0 0 1 0 0 0 0 0 0 0 0 0 0 0 0 0 0 2 0 2 0 0 1 0 0 0 0 0 
0 0 0 0 0 0 0 0 0 0 0 0 0 0 2 0 0 0 0 0 0 0 0 0 0 0 0 0 0 0 0 0 0 0 0 0 0 0 0 1 0 0 0 0 1 0 2 0 0 0 1 0 0 0 0 1 0 0 0 0 0 0 0 0 0 0 0 0 0 0 2 0 2 0 0 1 0 0 0 0 0 
0
0 0 0 0 0 0 0 0 0 
0 0 0 0 0 0 0 0 0 0 0 0 0 0 2 0 0 0 0 0 0 0 0 0 0 0 0 0 0 0 0 0 0 0 0 0 0 0 0 1 0 0 2 0 1 0 2 0 0 0 1 0 0 0 0 1 0 0 0 0 0 0 0 0 0 0 0 0 0 0 2 0 2 0 0 1 0 0 0 0 0 
0 0 0 0 0 0 0 0 0 0 0 0 0 0 2 0 0 0 0 0 0 0 0 0 0 0 0 0 0 0 0 0 0 0 0 0 0 0 0 1 0 0 2 0 1 0 2 0 0 0 1 0 0 0 0 1 0 0 0 0 0 0 0 0 0 0 0 0 0 0 2 0 2 0 0 1 0 0 0 0 0 
0
0 0 0 0 0 0 0 0 0 
0 0 0 0 0 0 0 0 0 0 0 0 0 0 2 0 0 0 0 0 0 0 0 0 0 0 0 0 0 0 0 0 0 0 0 0 0 0 0 1 0 0 2 0 1 0 2 1 0 0 1 0 0 0 0 1 0 0 0 0 0 0 0 0 0 0 0 0 0 0 2 0 2 0 0 1 0 0 0 0 0 
0 0 0 0 0 0 0 0 0 0 0 0 0 0 2 0 0 0 0 0 0 0 0 0 0 0 0 0 0 0 0 0 0 0 0 0 0 0 0 1 0 0 2 0 1 0 2 1 0 0 1 0 0 0 0 1 0 0 0 0 0 0 0 0 0 0 0 0 0 0 2 0 2 0 0 1 0 0 0 0 0 
0
0 0 0 0 0 0 0 0 0 
0 0 0 0 0 0 0 0 0 0 0 0 0 0 2 0 0 0 0 0 0 0 0 0 0 0 0 0 0 0 0 0 0 0 0 0 0 0 0 1 0 0 2 0 1 0 2 1 0 0 1 0 0 0 0 1 0 0 0 0 0 0 0 0 0 0 0 0 0 0 2 0 2 0 0 1 0 0 2 0 0 
0 0 0 0 0 0 0 0 0 0 0 0 0 0 2 0 0 0 0 0 0 0 0 0 0 0 0 0 0 0 0 0 0 0 0 0 0 0 0 1 0 0 2 0 1 0 2 1 0 0 1 0 0 0 0 1 0 0 0 0 0 0 0 0 0 0 0 0 0 0 2 0 2 0 0 1 0 0 2 0 0 
0
0 0 0 0 0 0 0 0 0 
0 0 0 0 0 0 0 0 0 0 0 0 0 0 2 0 0 0 0 0 0 0 0 0 0 0 0 0 0 0 0 0 0 0 0 0 0 0 0 1 0 0 2 0 1 0 2 1 0 0 1 0 0 0 0 1 1 0 0 0 0 0 0 0 0 0 0 0 0 0 2 0 2 0 0 1 0 0 2 0 0 
0 0 0 0 0 0 0 0 0 0 0 0 0 0 2 0 0 0 0 0 0 0 0 0 0 0 0 0 0 0 0 0 0 0 0 0 0 0 0 1 0 0 2 0 1 0 2 1 0 0 1 0 0 0 0 1 1 0 0 0 0 0 0 0 0 0 0 0 0 0 2 0 2 0 0 1 0 0 2 0 0 
0
0 0 0 0 0 0 0 0 0 
0 0 0 0 0 0 0 2 0 0 0 0 0 0 2 0 0 0 0 0 0 0 0 0 0 0 0 0 0 0 0 0 0 0 0 0 0 0 0 1 0 0 2 0 1 0 2 1 0 0 1 0 0 0 0 1 1 0 0 0 0 0 0 0 0 0 0 0 0 0 2 0 2 0 0 1 0 0 2 0 0 
0 0 0 0 0 0 0 2 0 0 0 0 0 0 2 0 0 0 0 0 0 0 0 0 0 0 0 0 0 0 0 0 0 0 0 0 0 0 0 1 0 0 2 0 1 0 2 1 0 0 1 0 0 0 0 1 1 0 0 0 0 0 0 0 0 0 0 0 0 0 2 0 2 0 0 1 0 0 2 0 0 
0
0 0 0 0 0 0 0 0 0 
0 0 0 0 0 1 0 2 0 0 0 0 0 0 2 0 0 0 0 0 0 0 0 0 0 0 0 0 0 0 0 0 0 0 0 0 0 0 0 1 0 0 2 0 1 0 2 1 0 0 1 0 0 0 0 1 1 0 0 0 0 0 0 0 0 0 0 0 0 0 2 0 2 0 0 1 0 0 2 0 0 
0 0 0 0 0 1 0 2 0 0 0 0 0 0 2 0 0 0 0 0 0 0 0 0 0 0 0 0 0 0 0 0 0 0 0 0 0 0 0 1 0 0 2 0 1 0 2 1 0 0 1 0 0 0 0 1 1 0 0 0 0 0 0 0 0 0 0 0 0 0 2 0 2 0 0 1 0 0 2 0 0 
0
0 0 0 0 0 0 0 0 0 
0 0 0 0 0 1 0 2 0 0 0 0 0 0 2 0 0 0 0 0 0 0 0 0 0 2 0 0 0 0 0 0 0 0 0 0 0 0 0 1 0 0 2 0 1 0 2 1 0 0 1 0 0 0 0 1 1 0 0 0 0 0 0 0 0 0 0 0 0 0 2 0 2 0 0 1 0 0 2 0 0 
0 0 0 0 0 1 0 2 0 0 0 0 0 0 2 0 0 0 0 0 0 0 0 0 0 2 0 0 0 0 0 0 0 0 0 0 0 0 0 1 0 0 2 0 1 0 2 1 0 0 1 0 0 0 0 1 1 0 0 0 0 0 0 0 0 0 0 0 0 0 2 0 2 0 0 1 0 0 2 0 0 
0
0 0 0 0 0 0 0 0 0 
0 0 0 0 0 1 0 2 0 0 0 0 0 0 2 0 0 0 0 0 0 0 0 0 0 2 0 0 0 0 0 0 0 0 0 0 0 0 0 1 0 0 2 0 1 0 2 1 0 0 1 0 0 0 0 1 1 0 0 0 0 0 0 0 0 0 0 0 1 0 2 0 2 0 0 1 0 0 2 0 0 
0 0 0 0 0 1 0 2 0 0 0 0 0 0 2 0 0 0 0 0 0 0 0 0 0 2 0 0 0 0 0 0 0 0 0 0 0 0 0 1 0 0 2 0 1 0 2 1 0 0 1 0 0 0 0 1 1 0 0 0 0 0 0 0 0 0 0 0 1 0 2 0 2 0 0 1 0 0 2 0 0 
0
0 0 0 0 0 0 0 0 0 
0 0 0 0 0 1 0 2 0 0 0 0 0 0 2 0 0 0 0 0 0 0 0 0 0 2 0 0 0 0 0 0 0 0 0 0 0 0 0 1 0 0 2 0 1 0 2 1 0 0 1 0 0 2 0 1 1 0 0 0 0 0 0 0 0 0 0 0 1 0 2 0 2 0 0 1 0 0 2 0 0 
0 0 0 0 0 1 0 2 0 0 0 0 0 0 2 0 0 0 0 0 0 0 0 0 0 2 0 0 0 0 0 0 0 0 0 0 0 0 0 1 0 0 2 0 1 0 2 1 0 0 1 0 0 2 0 1 1 0 0 0 0 0 0 0 0 0 0 0 1 0 2 0 2 0 0 1 0 0 2 0 0 
0
0 0 0 0 0 0 0 0 0 
0 0 0 0 0 1 0 2 0 0 0 0 0 0 2 0 0 0 0 0 0 0 0 0 0 2 0 0 0 0 0 0 0 0 0 0 0 0 0 1 0 0 2 0 1 0 2 1 0 0 1 0 0 2 0 1 1 0 0 0 0 0 0 0 0 0 0 0 1 0 2 1 2 0 0 1 0 0 2 0 0 
0 0 0 0 0 1 0 2 0 0 0 0 0 0 2 0 0 0 0 0 0 0 0 0 0 2 0 0 0 0 0 0 0 0 0 0 0 0 0 1 0 0 2 0 1 0 2 1 0 0 1 0 0 2 0 1 1 0 0 0 0 0 0 0 0 0 0 0 1 0 2 1 2 0 0 1 0 0 2 0 0 
0
0 0 0 0 0 0 0 0 0 
0 0 0 0 0 1 0 2 0 0 0 0 0 0 2 0 0 0 0 0 0 0 0 0 0 2 0 0 0 0 0 0 0 2 0 0 0 0 0 1 0 0 2 0 1 0 2 1 0 0 1 0 0 2 0 1 1 0 0 0 0 0 0 0 0 0 0 0 1 0 2 1 2 0 0 1 0 0 2 0 0 
0 0 0 0 0 1 0 2 0 0 0 0 0 0 2 0 0 0 0 0 0 0 0 0 0 2 0 0 0 0 0 0 0 2 0 0 0 0 0 1 0 0 2 0 1 0 2 1 0 0 1 0 0 2 0 1 1 0 0 0 0 0 0 0 0 0 0 0 1 0 2 1 2 0 0 1 0 0 2 0 0 
0
0 0 0 0 0 0 0 0 0 
0 1 0 0 0 1 0 2 0 0 0 0 0 0 2 0 0 0 0 0 0 0 0 0 0 2 0 0 0 0 0 0 0 2 0 0 0 0 0 1 0 0 2 0 1 0 2 1 0 0 1 0 0 2 0 1 1 0 0 0 0 0 0 0 0 0 0 0 1 0 2 1 2 0 0 1 0 0 2 0 0 
0 1 0 0 0 1 0 2 0 0 0 0 0 0 2 0 0 0 0 0 0 0 0 0 0 2 0 0 0 0 0 0 0 2 0 0 0 0 0 1 0 0 2 0 1 0 2 1 0 0 1 0 0 2 0 1 1 0 0 0 0 0 0 0 0 0 0 0 1 0 2 1 2 0 0 1 0 0 2 0 0 
0
0 0 0 0 0 0 0 0 0 
0 1 0 0 0 1 0 2 0 0 0 0 0 2 2 0 0 0 0 0 0 0 0 0 0 2 0 0 0 0 0 0 0 2 0 0 0 0 0 1 0 0 2 0 1 0 2 1 0 0 1 0 0 2 0 1 1 0 0 0 0 0 0 0 0 0 0 0 1 0 2 1 2 0 0 1 0 0 2 0 0 
0 1 0 0 0 1 0 2 0 0 0 0 0 2 2 0 0 0 0 0 0 0 0 0 0 2 0 0 0 0 0 0 0 2 0 0 0 0 0 1 0 0 2 0 1 0 2 1 0 0 1 0 0 2 0 1 1 0 0 0 0 0 0 0 0 0 0 0 1 0 2 1 2 0 0 1 0 0 2 0 0 
0
0 0 0 0 0 0 0 0 0 
0 1 0 0 0 1 0 2 0 0 0 0 0 2 2 0 0 0 0 0 0 0 0 0 0 2 0 0 0 0 0 0 0 2 0 0 0 0 0 1 0 0 2 0 1 0 2 1 0 1 1 0 0 2 0 1 1 0 0 0 0 0 0 0 0 0 0 0 1 0 2 1 2 0 0 1 0 0 2 0 0 
0 1 0 0 0 1 0 2 0 0 0 0 0 2 2 0 0 0 0 0 0 0 0 0 0 2 0 0 0 0 0 0 0 2 0 0 0 0 0 1 0 0 2 0 1 0 2 1 0 1 1 0 0 2 0 1 1 0 0 0 0 0 0 0 0 0 0 0 1 0 2 1 2 0 0 1 0 0 2 0 0 
0
0 0 0 0 0 0 0 0 0 
0 1 0 0 0 1 0 2 0 0 0 0 0 2 2 0 0 0 0 0 0 0 0 0 0 2 0 0 0 0 0 0 0 2 0 0 0 0 0 1 0 0 2 0 1 0 2 1 0 1 1 0 0 2 0 1 1 0 0 0 0 0 0 0 0 0 0 2 1 0 2 1 2 0 0 1 0 0 2 0 0 
0 1 0 0 0 1 0 2 0 0 0 0 0 2 2 0 0 0 0 0 0 0 0 0 0 2 0 0 0 0 0 0 0 2 0 0 0 0 0 1 0 0 2 0 1 0 2 1 0 1 1 0 0 2 0 1 1 0 0 0 0 0 0 0 0 0 0 2 1 0 2 1 2 0 0 1 0 0 2 0 0 
0
0 0 0 0 1 0 0 0 0 
0 1 0 0 0 1 0 2 0 0 0 0 0 2 2 0 0 0 0 0 0 0 0 0 0 2 0 0 0 0 0 0 0 2 0 0 0 0 0 1 0 0 2 0 1 0 2 1 1 1 1 0 0 2 0 1 1 0 0 0 0 0 0 0 0 0 0 2 1 0 2 1 2 0 0 1 0 0 2 0 0 
0 1 0 0 0 1 0 2 0 0 0 0 0 2 2 0 0 0 0 0 0 0 0 0 0 2 0 0 0 0 16 16 16 2 0 0 0 0 0 17 16 16 2 0 1 0 2 1 17 17 17 0 0 2 0 1 1 0 0 0 0 0 0 0 0 0 0 2 1 0 2 1 2 0 0 1 0 0 2 0 0 
0
0 0 0 0 1 0 0 0 0 
0 1 0 0 0 1 0 2 0 0 0 0 0 2 2 0 0 0 0 0 0 0 0 0 0 2 0 0 0 0 0 0 0 2 0 0 0 0 0 1 0 0 2 0 1 0 2 1 1 1 1 0 0 2 2 1 1 0 0 0 0 0 0 0 0 0 0 2 1 0 2 1 2 0 0 1 0 0 2 0 0 
0 1 0 0 0 1 0 2 0 0 0 0 0 2 2 0 0 0 0 0 0 0 0 0 0 2 0 0 0 0 16 16 16 2 0 0 0 0 0 17 16 16 2 0 1 0 2 1 17 17 17 0 0 2 2 1 1 0 0 0 0 0 0 0 0 0 0 2 1 0 2 1 2 0 0 1 0 0 2 0 0 
0
0 0 0 0 1 0 0 0 0 
0 1 0 0 0 1 0 2 0 1 0 0 0 2 2 0 0 0 0 0 0 0 0 0 0 2 0 0 0 0 0 0 0 2 0 0 0 0 0 1 0 0 2 0 1 0 2 1 1 1 1 0 0 2 2 1 1 0 0 0 0 0 0 0 0 0 0 2 1 0 2 1 2 0 0 1 0 0 2 0 0 
0 1 0 0 0 1 0 2 0 1 0 0 0 2 2 0 0 0 0 0 0 0 0 0 0 2 0 0 0 0 16 16 16 2 0 0 0 0 0 17 16 16 2 0 1 0 2 1 17 17 17 0 0 2 2 1 1 0 0 0 0 0 0 0 0 0 0 2 1 0 2 1 2 0 0 1 0 0 2 0 0 
0
0 0 0 0 1 0 0 0 0 
0 1 0 0 0 1 0 2 0 1 0 0 0 2 2 0 0 0 0 0 0 0 0 0 0 2 0 0 0 0 0 0 0 2 0 0 0 0 2 1 0 0 2 0 1 0 2 1 1 1 1 0 0 2 2 1 1 0 0 0 0 0 0 0 0 0 0 2 1 0 2 1 2 0 0 1 0 0 2 0 0 
0 1 0 0 0 1 0 2 0 1 0 0 0 2 2 0 0 0 0 0 0 0 0 0 0 2 0 0 0 0 16 16 16 2 0 0 0 0 2 17 16 16 2 0 1 0 2 1 17 17 17 0 0 2 2 1 1 0 0 0 0 0 0 0 0 0 0 2 1 0 2 1 2 0 0 1 0 0 2 0 0 
0
0 0 0 0 1 0 0 0 0 
0 1 0 0 0 1 0 2 0 1 0 0 0 2 2 0 0 0 0 0 0 0 0 0 0 2 0 0 0 0 0 0 0 2 0 0 0 0 2 1 0 0 2 0 1 0 2 1 1 1 1 0 1 2 2 1 1 0 0 0 0 0 0 0 0 0 0 2 1 0 2 1 2 0 0 1 0 0 2 0 0 
0 1 0 0 0 1 0 2 0 1 0 0 0 2 2 0 0 0 0 0 0 0 0 0 0 2 0 0 0 0 16 16 16 2 0 0 0 0 2 17 16 16 2 0 1 0 2 1 17 17 17 0 1 2 2 1 1 0 0 0 0 0 0 0 0 0 0 2 1 0 2 1 2 0 0 1 0 0 2 0 0 
0
0 0 0 0 1 0 0 0 0 
0 1 0 0 0 1 0 2 0 1 0 0 0 2 2 0 0 0 0 0 0 0 0 0 0 2 0 0 0 0 0 0 0 2 0 0 0 0 2 1 0 0 2 0 1 0 2 1 1 1 1 0 1 2 2 1 1 0 2 0 0 0 0 0 0 0 0 2 1 0 2 1 2 0 0 1 0 0 2 0 0 
0 1 0 0 0 1 0 2 0 1 0 0 0 2 2 0 0 0 0 0 0 0 0 0 0 2 0 0 0 0 16 16 16 2 0 0 0 0 2 17 16 16 2 0 1 0 2 1 17 17 17 0 1 2 2 1 1 0 2 0 0 0 0 0 0 0 0 2 1 0 2 1 2 0 0 1 0 0 2 0 0 
0
0 0 0 0 1 0 0 0 0 
0 1 0 0 0 1 0 2 0 1 0 0 1 2 2 0 0 0 0 0 0 0 0 0 0 2 0 0 0 0 0 0 0 2 0 0 0 0 2 1 0 0 2 0 1 0 2 1 1 1 1 0 1 2 2 1 1 0 2 0 0 0 0 0 0 0 0 2 1 0 2 1 2 0 0 1 0 0 2 0 0 
0 1 0 0 0 1 0 2 0 1 0 0 1 2 2 0 0 0 0 0 0 0 0 0 0 2 0 0 0 0 16 16 16 2 0 0 0 0 2 17 16 16 2 0 1 0 2 1 17 17 17 0 1 2 2 1 1 0 2 0 0 0 0 0 0 0 0 2 1 0 2 1 2 0 0 1 0 0 2 0 0 
0
0 0 0 0 1 0 0 0 0 
0 1 0 0 0 1 0 2 0 1 0 0 1 2 2 0 0 0 0 0 0 0 0 0 0 2 0 0 0 0 0 0 0 2 0 0 2 0 2 1 0 0 2 0 1 0 2 1 1 1 1 0 1 2 2 1 1 0 2 0 0 0 0 0 0 0 0 2 1 0 2 1 2 0 0 1 0 0 2 0 0 
0 1 0 0 0 1 0 2 0 1 0 0 1 2 2 0 0 0 0 0 0 0 0 0 0 2 0 0 0 0 16 16 16 2 0 0 2 0 2 17 16 16 2 0 1 0 2 1 17 17 17 0 1 2 2 1 1 0 2 0 0 0 0 0 0 0 0 2 1 0 2 1 2 0 0 1 0 0 2 0 0 
0
0 0 0 0 1 0 0 0 0 
0 1 0 0 0 1 0 2 0 1 0 0 1 2 2 0 0 0 0 0 0 0 0 0 0 2 0 1 0 0 0 0 0 2 0 0 2 0 2 1 0 0 2 0 1 0 2 1 1 1 1 0 1 2 2 1 1 0 2 0 0 0 0 0 0 0 0 2 1 0 2 1 2 0 0 1 0 0 2 0 0 
0 1 0 0 0 1 0 2 0 1 0 0 1 2 2 0 0 0 0 0 0 0 0 0 0 2 0 1 0 0 16 16 16 2 0 0 2 0 2 17 16 16 2 0 1 0 2 1 17 17 17 0 1 2 2 1 1 0 2 0 0 0 0 0 0 0 0 2 1 0 2 1 2 0 0 1 0 0 2 0 0 
0
0 0 0 0 1 0 0 0 0 
2 1 0 0 0 1 0 2 0 1 0 0 1 2 2 0 0 0 0 0 0 0 0 0 0 2 0 1 0 0 0 0 0 2 0 0 2 0 2 1 0 0 2 0 1 0 2 1 1 1 1 0 1 2 2 1 1 0 2 0 0 0 0 0 0 0 0 2 1 0 2 1 2 0 0 1 0 0 2 0 0 
2 1 0 0 0 1 0 2 0 1 0 0 1 2 2 0 0 0 0 0 0 0 0 0 0 2 0 1 0 0 16 16 16 2 0 0 2 0 2 17 16 16 2 0 1 0 2 1 17 17 17 0 1 2 2 1 1 0 2 0 0 0 0 0 0 0 0 2 1 0 2 1 2 0 0 1 0 0 2 0 0 
0
0 0 0 0 1 0 0 0 0 
2 1 0 0 0 1 0 2 0 1 0 0 1 2 2 0 0 0 0 1 0 0 0 0 0 2 0 1 0 0 0 0 0 2 0 0 2 0 2 1 0 0 2 0 1 0 2 1 1 1 1 0 1 2 2 1 1 0 2 0 0 0 0 0 0 0 0 2 1 0 2 1 2 0 0 1 0 0 2 0 0 
2 1 0 0 0 1 0 2 0 1 0 0 1 2 2 0 0 0 0 1 0 0 0 0 0 2 0 1 0 0 16 16 16 2 0 0 2 0 2 17 16 16 2 0 1 0 2 1 17 17 17 0 1 2 2 1 1 0 2 0 0 0 0 0 0 0 0 2 1 0 2 1 2 0 0 1 0 0 2 0 0 
0
0 0 0 0 1 0 0 0 0 
2 1 0 0 0 1 0 2 0 1 0 0 1 2 2 0 0 0 0 1 0 0 0 0 0 2 0 1 0 0 0 0 0 2 0 0 2 0 2 1 0 0 2 0 1 0 2 1 1 1 1 0 1 2 2 1 1 2 2 0 0 0 0 0 0 0 0 2 1 0 2 1 2 0 0 1 0 0 2 0 0 
2 1 0 0 0 1 0 2 0 1 0 0 1 2 2 0 0 0 0 1 0 0 0 0 0 2 0 1 0 0 16 16 16 2 0 0 2 0 2 17 16 16 2 0 1 0 2 1 17 17 17 0 1 2 2 1 1 2 2 0 0 0 0 0 0 0 0 2 1 0 2 1 2 0 0 1 0 0 2 0 0 
0
0 0 0 0 1 0 0 0 0 
2 1 0 0 0 1 0 2 0 1 0 1 1 2 2 0 0 0 0 1 0 0 0 0 0 2 0 1 0 0 0 0 0 2 0 0 2 0 2 1 0 0 2 0 1 0 2 1 1 1 1 0 1 2 2 1 1 2 2 0 0 0 0 0 0 0 0 2 1 0 2 1 2 0 0 1 0 0 2 0 0 
2 1 0 0 0 1 0 2 0 1 0 1 1 2 2 0 0 0 0 1 0 0 0 0 0 2 0 1 0 0 16 16 16 2 0 0 2 0 2 17 16 16 2 0 1 0 2 1 17 17 17 0 1 2 2 1 1 2 2 0 0 0 0 0 0 0 0 2 1 0 2 1 2 0 0 1 0 0 2 0 0 
0
0 0 0 0 1 0 0 0 0 
2 1 0 0 0 1 0 2 0 1 0 1 1 2 2 0 0 0 0 1 0 0 0 0 0 2 0 1 0 0 0 0 0 2 0 2 2 0 2 1 0 0 2 0 1 0 2 1 1 1 1 0 1 2 2 1 1 2 2 0 0 0 0 0 0 0 0 2 1 0 2 1 2 0 0 1 0 0 2 0 0 
2 1 0 0 0 1 0 2 0 1 0 1 1 2 2 0 0 0 0 1 0 0 0 0 0 2 0 1 0 0 16 16 16 2 0 2 2 0 2 17 16 16 2 0 1 0 2 1 17 17 17 0 1 2 2 1 1 2 2 0 0 0 0 0 0 0 0 2 1 0 2 1 2 0 0 1 0 0 2 0 0 
0
0 0 0 0 1 0 0 0 0 
2 1 0 0 0 1 1 2 0 1 0 1 1 2 2 0 0 0 0 1 0 0 0 0 0 2 0 1 0 0 0 0 0 2 0 2 2 0 2 1 0 0 2 0 1 0 2 1 1 1 1 0 1 2 2 1 1 2 2 0 0 0 0 0 0 0 0 2 1 0 2 1 2 0 0 1 0 0 2 0 0 
2 1 0 0 0 1 1 2 0 1 0 1 1 2 2 0 0 0 0 1 0 0 0 0 0 2 0 1 0 0 16 16 16 2 0 2 2 0 2 17 16 16 2 0 1 0 2 1 17 17 17 0 1 2 2 1 1 2 2 0 0 0 0 0 0 0 0 2 1 0 2 1 2 0 0 1 0 0 2 0 0 
0
0 0 0 0 1 0 0 0 0 
2 1 0 0 0 1 1 2 0 1 2 1 1 2 2 0 0 0 0 1 0 0 0 0 0 2 0 1 0 0 0 0 0 2 0 2 2 0 2 1 0 0 2 0 1 0 2 1 1 1 1 0 1 2 2 1 1 2 2 0 0 0 0 0 0 0 0 2 1 0 2 1 2 0 0 1 0 0 2 0 0 
2 1 0 0 0 1 1 2 0 1 2 1 1 2 2 0 0 0 0 1 0 0 0 0 0 2 0 1 0 0 16 16 16 2 0 2 2 0 2 17 16 16 2 0 1 0 2 1 17 17 17 0 1 2 2 1 1 2 2 0 0 0 0 0 0 0 0 2 1 0 2 1 2 0 0 1 0 0 2 0 0 
0
0 0 0 0 1 0 0 0 0 
2 1 0 0 0 1 1 2 0 1 2 1 1 2 2 0 0 0 0 1 0 0 0 0 0 2 0 1 0 0 0 0 0 2 1 2 2 0 2 1 0 0 2 0 1 0 2 1 1 1 1 0 1 2 2 1 1 2 2 0 0 0 0 0 0 0 0 2 1 0 2 1 2 0 0 1 0 0 2 0 0 
2 1 0 0 0 1 1 2 0 1 2 1 1 2 2 0 0 0 0 1 0 0 0 0 0 2 0 1 0 0 16 16 16 2 1 2 2 0 2 17 16 16 2 0 1 0 2 1 17 17 17 0 1 2 2 1 1 2 2 0 0 0 0 0 0 0 0 2 1 0 2 1 2 0 0 1 0 0 2 0 0 
0
0 0 0 0 1 0 0 0 0 
2 1 0 2 0 1 1 2 0 1 2 1 1 2 2 0 0 0 0 1 0 0 0 0 0 2 0 1 0 0 0 0 0 2 1 2 2 0 2 1 0 0 2 0 1 0 2 1 1 1 1 0 1 2 2 1 1 2 2 0 0 0 0 0 0 0 0 2 1 0 2 1 2 0 0 1 0 0 2 0 0 
2 1 0 2 0 1 1 2 0 1 2 1 1 2 2 0 0 0 0 1 0 0 0 0 0 2 0 1 0 0 16 16 16 2 1 2 2 0 2 17 16 16 2 0 1 0 2 1 17 17 17 0 1 2 2 1 1 2 2 0 0 0 0 0 0 0 0 2 1 0 2 1 2 0 0 1 0 0 2 0 0 
0
0 0 0 0 1 0 0 0 0 
2 1 1 2 0 1 1 2 0 1 2 1 1 2 2 0 0 0 0 1 0 0 0 0 0 2 0 1 0 0 0 0 0 2 1 2 2 0 2 1 0 0 2 0 1 0 2 1 1 1 1 0 1 2 2 1 1 2 2 0 0 0 0 0 0 0 0 2 1 0 2 1 2 0 0 1 0 0 2 0 0 
2 1 1 2 0 1 1 2 0 1 2 1 1 2 2 0 0 0 0 1 0 0 0 0 0 2 0 1 0 0 16 16 16 2 1 2 2 0 2 17 16 16 2 0 1 0 2 1 17 17 17 0 1 2 2 1 1 2 2 0 0 0 0 0 0 0 0 2 1 0 2 1 2 0 0 1 0 0 2 0 0 
0
0 0 0 0 1 0 0 0 0 
2 1 1 2 0 1 1 2 0 1 2 1 1 2 2 2 0 0 0 1 0 0 0 0 0 2 0 1 0 0 0 0 0 2 1 2 2 0 2 1 0 0 2 0 1 0 2 1 1 1 1 0 1 2 2 1 1 2 2 0 0 0 0 0 0 0 0 2 1 0 2 1 2 0 0 1 0 0 2 0 0 
2 1 1 2 0 1 1 2 0 1 2 1 1 2 2 2 0 0 0 1 0 0 0 0 0 2 0 1 0 0 16 16 16 2 1 2 2 0 2 17 16 16 2 0 1 0 2 1 17 17 17 0 1 2 2 1 1 2 2 0 0 0 0 0 0 0 0 2 1 0 2 1 2 0 0 1 0 0 2 0 0 
0
0 0 0 0 1 0 0 0 0 
2 1 1 2 0 1 1 2 0 1 2 1 1 2 2 2 0 0 0 1 0 0 0 0 0 2 0 1 0 1 0 0 0 2 1 2 2 0 2 1 0 0 2 0 1 0 2 1 1 1 1 0 1 2 2 1 1 2 2 0 0 0 0 0 0 0 0 2 1 0 2 1 2 0 0 1 0 0 2 0 0 
2 1 1 2 0 1 1 2 0 1 2 1 1 2 2 2 0 0 0 1 0 0 0 0 0 2 0 1 0 1 16 16 16 2 1 2 2 0 2 17 16 16 2 0 1 0 2 1 17 17 17 0 1 2 2 1 1 2 2 0 0 0 0 0 0 0 0 2 1 0 2 1 2 0 0 1 0 0 2 0 0 
0
0 0 0 0 1 0 0 0 0 
2 1 1 2 0 1 1 2 2 1 2 1 1 2 2 2 0 0 0 1 0 0 0 0 0 2 0 1 0 1 0 0 0 2 1 2 2 0 2 1 0 0 2 0 1 0 2 1 1 1 1 0 1 2 2 1 1 2 2 0 0 0 0 0 0 0 0 2 1 0 2 1 2 0 0 1 0 0 2 0 0 
2 1 1 2 0 1 1 2 2 1 2 1 1 2 2 2 0 0 0 1 0 0 0 0 0 2 0 1 0 1 16 16 16 2 1 2 2 0 2 17 16 16 2 0 1 0 2 1 17 17 17 0 1 2 2 1 1 2 2 0 0 0 0 0 0 0 0 2 1 0 2 1 2 0 0 1 0 0 2 0 0 
0
0 0 0 0 1 0 0 0 0 
2 1 1 2 0 1 1 2 2 1 2 1 1 2 2 2 0 0 0 1 0 0 0 0 0 2 1 1 0 1 0 0 0 2 1 2 2 0 2 1 0 0 2 0 1 0 2 1 1 1 1 0 1 2 2 1 1 2 2 0 0 0 0 0 0 0 0 2 1 0 2 1 2 0 0 1 0 0 2 0 0 
2 1 1 2 0 1 1 2 2 1 2 1 1 2 2 2 0 0 0 1 0 0 0 0 0 2 1 1 0 1 16 16 16 2 1 2 2 0 2 17 16 16 2 0 1 0 2 1 17 17 17 0 1 2 2 1 1 2 2 0 0 0 0 0 0 0 0 2 1 0 2 1 2 0 0 1 0 0 2 0 0 
0
0 0 0 0 1 0 0 0 2 
2 1 1 2 0 1 1 2 2 1 2 1 1 2 2 2 0 0 0 1 0 0 0 0 0 2 1 1 0 1 0 0 0 2 1 2 2 0 2 1 0 0 2 0 1 0 2 1 1 1 1 0 1 2 2 1 1 2 2 0 0 0 2 0 0 0 0 2 1 0 2 1 2 0 0 1 0 0 2 0 0 
2 1 1 2 0 1 1 2 2 1 2 1 1 2 2 2 0 0 0 1 0 0 0 0 0 2 1 1 0 1 16 16 16 2 1 2 2 0 2 17 16 16 2 0 1 0 2 1 17 17 17 0 1 2 2 1 1 2 2 0 32 32 34 0 0 0 0 2 1 32 34 33 2 0 0 1 0 0 34 32 32 
0
0 0 0 0 1 0 0 0 2 
2 1 1 2 0 1 1 2 2 1 2 1 1 2 2 2 0 1 0 1 0 0 0 0 0 2 1 1 0 1 0 0 0 2 1 2 2 0 2 1 0 0 2 0 1 0 2 1 1 1 1 0 1 2 2 1 1 2 2 0 0 0 2 0 0 0 0 2 1 0 2 1 2 0 0 1 0 0 2 0 0 
2 1 1 2 0 1 1 2 2 1 2 1 1 2 2 2 0 1 0 1 0 0 0 0 0 2 1 1 0 1 16 16 16 2 1 2 2 0 2 17 16 16 2 0 1 0 2 1 17 17 17 0 1 2 2 1 1 2 2 0 32 32 34 0 0 0 0 2 1 32 34 33 2 0 0 1 0 0 34 32 32 
0
0 0 0 0 1 2 0 0 2 
2 1 1 2 0 1 1 2 2 1 2 1 1 2 2 2 0 1 0 1 0 0 0 0 0 2 1 1 0 1 0 0 0 2 1 2 2 0 2 1 0 0 2 2 1 0 2 1 1 1 1 0 1 2 2 1 1 2 2 0 0 0 2 0 0 0 0 2 1 0 2 1 2 0 0 1 0 0 2 0 0 
2 1 1 2 0 1 1 2 2 1 2 1 1 2 2 2 0 1 0 1 0 0 0 0 0 2 1 1 0 1 16 16 16 34 33 34 2 0 2 17 16 16 34 34 33 0 2 1 17 17 17 32 33 34 2 1 1 2 2 0 32 32 34 0 0 0 0 2 1 32 34 33 2 0 0 1 0 0 34 32 32 
0
0 0 0 0 1 2 0 0 2 
2 1 1 2 0 1 1 2 2 1 2 1 1 2 2 2 0 1 0 1 0 0 0 0 0 2 1 1 0 1 0 0 0 2 1 2 2 0 2 1 0 0 2 2 1 0 2 1 1 1 1 0 1 2 2 1 1 2 2 0 0 0 2 0 0 0 1 2 1 0 2 1 2 0 0 1 0 0 2 0 0 
2 1 1 2 0 1 1 2 2 1 2 1 1 2 2 2 0 1 0 1 0 0 0 0 0 2 1 1 0 1 16 16 16 34 33 34 2 0 2 17 16 16 34 34 33 0 2 1 17 17 17 32 33 34 2 1 1 2 2 0 32 32 34 0 0 0 1 2 1 32 34 33 2 0 0 1 0 0 34 32 32 
0
0 0 0 0 1 2 0 0 2 
2 1 1 2 0 1 1 2 2 1 2 1 1 2 2 2 0 1 0 1 0 0 0 0 0 2 1 1 2 1 0 0 0 2 1 2 2 0 2 1 0 0 2 2 1 0 2 1 1 1 1 0 1 2 2 1 1 2 2 0 0 0 2 0 0 0 1 2 1 0 2 1 2 0 0 1 0 0 2 0 0 
2 1 1 2 0 1 1 2 2 1 2 1 1 2 2 2 0 1 0 1 0 0 0 0 0 2 1 1 2 1 16 16 16 34 33 34 2 0 2 17 16 16 34 34 33 0 2 1 17 17 17 32 33 34 2 1 1 2 2 0 32 32 34 0 0 0 1 2 1 32 34 33 2 0 0 1 0 0 34 32 32 
0
0 0 0 0 1 2 0 0 2 
2 1 1 2 1 1 1 2 2 1 2 1 1 2 2 2 0 1 0 1 0 0 0 0 0 2 1 1 2 1 0 0 0 2 1 2 2 0 2 1 0 0 2 2 1 0 2 1 1 1 1 0 1 2 2 1 1 2 2 0 0 0 2 0 0 0 1 2 1 0 2 1 2 0 0 1 0 0 2 0 0 
2 1 1 2 1 1 1 2 2 1 2 1 1 2 2 2 0 1 0 1 0 0 0 0 0 2 1 1 2 1 16 16 16 34 33 34 2 0 2 17 16 16 34 34 33 0 2 1 17 17 17 32 33 34 2 1 1 2 2 0 32 32 34 0 0 0 1 2 1 32 34 33 2 0 0 1 0 0 34 32 32 
0
0 0 0 0 1 2 0 0 2 
2 1 1 2 1 1 1 2 2 1 2 1 1 2 2 2 0 1 0 1 0 0 2 0 0 2 1 1 2 1 0 0 0 2 1 2 2 0 2 1 0 0 2 2 1 0 2 1 1 1 1 0 1 2 2 1 1 2 2 0 0 0 2 0 0 0 1 2 1 0 2 1 2 0 0 1 0 0 2 0 0 
2 1 1 2 1 1 1 2 2 1 2 1 1 2 2 2 0 1 0 1 0 0 2 0 0 2 1 1 2 1 16 16 16 34 33 34 2 0 2 17 16 16 34 34 33 0 2 1 17 17 17 32 33 34 2 1 1 2 2 0 32 32 34 0 0 0 1 2 1 32 34 33 2 0 0 1 0 0 34 32 32 
0
0 0 0 0 1 2 0 0 2 
2 1 1 2 1 1 1 2 2 1 2 1 1 2 2 2 0 1 0 1 0 0 2 0 0 2 1 1 2 1 0 0 0 2 1 2 2 0 2 1 0 0 2 2 1 0 2 1 1 1 1 0 1 2 2 1 1 2 2 0 0 0 2 0 0 0 1 2 1 0 2 1 2 0 0 1 1 0 2 0 0 
2 1 1 2 1 1 1 2 2 1 2 1 1 2 2 2 0 1 0 1 0 0 2 0 0 2 1 1 2 1 16 16 16 34 33 34 2 0 2 17 16 16 34 34 33 0 2 1 17 17 17 32 33 34 2 1 1 2 2 0 32 32 34 0 0 0 1 2 1 32 34 33 2 0 0 1 1 0 34 32 32 
0
0 0 0 0 1 2 0 2 2 
2 1 1 2 1 1 1 2 2 1 2 1 1 2 2 2 0 1 0 1 0 0 2 0 0 2 1 1 2 1 0 0 0 2 1 2 2 0 2 1 0 0 2 2 1 0 2 1 1 1 1 0 1 2 2 1 1 2 2 2 0 0 2 0 0 0 1 2 1 0 2 1 2 0 0 1 1 0 2 0 0 
2 1 1 2 1 1 1 2 2 1 2 1 1 2 2 2 0 1 0 1 0 0 2 0 0 2 1 1 2 1 16 16 16 34 33 34 2 0 2 17 16 16 34 34 33 0 2 1 17 17 17 32 33 34 2 1 1 34 34 34 32 32 34 0 0 0 33 34 33 32 34 33 2 0 0 33 33 32 34 32 32 
0
0 0 1 0 1 2 0 2 2 
2 1 1 2 1 1 1 2 2 1 2 1 1 2 2 2 1 1 0 1 0 0 2 0 0 2 1 1 2 1 0 0 0 2 1 2 2 0 2 1 0 0 2 2 1 0 2 1 1 1 1 0 1 2 2 1 1 2 2 2 0 0 2 0 0 0 1 2 1 0 2 1 2 0 0 1 1 0 2 0 0 
2 1 1 2 1 1 17 18 18 1 2 1 1 2 2 18 17 17 0 1 0 0 2 0 16 18 17 1 2 1 16 16 16 34 33 34 2 0 2 17 16 16 34 34 33 0 2 1 17 17 17 32 33 34 2 1 1 34 34 34 32 32 34 0 0 0 33 34 33 32 34 33 2 0 0 33 33 32 34 32 32 
0
0 0 1 0 1 2 2 2 2 
2 1 1 2 1 1 1 2 2 1 2 1 1 2 2 2 1 1 0 1 0 0 2 0 0 2 1 1 2 1 0 0 0 2 1 2 2 0 2 1 0 0 2 2 1 0 2 1 1 1 1 0 1 2 2 1 1 2 2 2 0 0 2 2 0 0 1 2 1 0 2 1 2 0 0 1 1 0 2 0 0 
2 1 1 2 1 1 17 18 18 1 2 1 1 2 2 18 17 17 0 1 0 0 2 0 16 18 17 1 2 1 16 16 16 34 33 34 2 0 2 17 16 16 34 34 33 0 2 1 17 17 17 32 33 34 34 33 33 34 34 34 32 32 34 34 32 32 33 34 33 32 34 33 34 32 32 33 33 32 34 32 32 
0
0 0 1 0 1 2 2 2 2 
2 1 1 2 1 1 1 2 2 1 2 1 1 2 2 2 1 1 0 1 0 0 2 0 0 2 1 1 2 1 0 0 0 2 1 2 2 0 2 1 0 0 2 2 1 0 2 1 1 1 1 0 1 2 2 1 1 2 2 2 0 0 2 2 0 0 1 2 1 0 2 1 2 0 0 1 1 0 2 0 0 
2 1 1 2 1 1 17 18 18 1 2 1 1 2 2 18 17 17 0 1 0 0 2 0 16 18 17 1 2 1 16 16 16 34 33 34 2 0 2 17 16 16 34 34 33 0 2 1 17 17 17 32 33 34 34 33 33 34 34 34 32 32 34 34 32 32 33 34 33 32 34 33 34 32 32 33 33 32 34 32 32 
0
