0 0 0 0 0 0 0 0 0 
0 0 0 0 0 0 0 0 0 0 0 0 0 0 0 0 0 0 0 0 0 0 0 0 0 0 0 0 0 0 0 0 0 0 0 0 0 0 0 0 1 0 0 0 0 0 0 0 0 0 0 0 0 0 0 0 0 0 0 0 0 0 0 0 0 0 0 0 0 0 0 0 0 0 0 0 0 0 0 0 0 
0 0 0 0 0 0 0 0 0 0 0 0 0 0 0 0 0 0 0 0 0 0 0 0 0 0 0 0 0 0 0 0 0 0 0 0 0 0 0 0 1 0 0 0 0 0 0 0 0 0 0 0 0 0 0 0 0 0 0 0 0 0 0 0 0 0 0 0 0 0 0 0 0 0 0 0 0 0 0 0 0 
1
0 0 0 0 0 0 0 0 0 
0 0 0 0 0 0 0 0 0 0 0 0 0 0 0 0 0 0 0 0 0 0 0 0 0 0 0 0 0 0 0 0 0 0 0 0 0 0 0 0 1 2 0 0 0 0 0 0 0 0 0 0 0 0 0 0 0 0 0 0 0 0 0 0 0 0 0 0 0 0 0 0 0 0 0 0 0 0 0 0 0 
0 0 0 0 0 0 0 0 0 0 0 0 0 0 0 0 0 0 0 0 0 0 0 0 0 0 0 0 0 0 0 0 0 0 0 0 0 0 0 0 1 2 0 0 0 0 0 0 0 0 0 0 0 0 0 0 0 0 0 0 0 0 0 0 0 0 0 0 0 0 0 0 0 0 0 0 0 0 0 0 0 
1
0 0 0 0 0 0 0 0 0 
0 0 0 0 0 0 0 0 0 0 0 0 0 0 0 0 0 0 0 0 0 0 0 0 0 0 0 0 0 0 0 0 0 0 0 0 0 0 0 0 1 2 0 0 0 0 0 0 0 0 0 0 1 0 0 0 0 0 0 0 0 0 0 0 0 0 0 0 0 0 0 0 0 0 0 0 0 0 0 0 0 
0 0 0 0 0 0 0 0 0 0 0 0 0 0 0 0 0 0 0 0 0 0 0 0 0 0 0 0 0 0 0 0 0 0 0 0 0 0 0 0 1 2 0 0 0 0 0 0 0 0 0 0 1 0 0 0 0 0 0 0 0 0 0 0 0 0 0 0 0 0 0 0 0 0 0 0 0 0 0 0 0 
1
0 0 0 0 0 0 0 0 0 
0 0 0 0 0 0 0 0 0 0 0 0 0 0 0 0 0 0 0 0 0 0 0 0 0 0 0 0 0 0 0 0 0 0 0 0 0 0 0 0 1 2 0 0 0 0 0 0 0 0 0 0 1 0 0 0 0 0 0 0 0 0 0 0 0 0 0 0 0 0 0 0 0 0 0 2 0 0 0 0 0 
0 0 0 0 0 0 0 0 0 0 0 0 0 0 0 0 0 0 0 0 0 0 0 0 0 0 0 0 0 0 0 0 0 0 0 0 0 0 0 0 1 2 0 0 0 0 0 0 0 0 0 0 1 0 0 0 0 0 0 0 0 0 0 0 0 0 0 0 0 0 0 0 0 0 0 2 0 0 0 0 0 
1
0 0 0 0 0 0 0 0 0 
0 0 0 0 0 0 0 0 0 0 0 0 0 0 0 0 0 0 0 0 0 0 0 0 0 0 0 0 0 0 0 0 0 0 0 0 0 0 0 0 1 2 0 0 0 0 0 0 0 0 0 0 1 0 0 0 0 0 0 0 0 0 0 0 0 1 0 0 0 0 0 0 0 0 0 2 0 0 0 0 0 
0 0 0 0 0 0 0 0 0 0 0 0 0 0 0 0 0 0 0 0 0 0 0 0 0 0 0 0 0 0 0 0 0 0 0 0 0 0 0 0 1 2 0 0 0 0 0 0 0 0 0 0 1 0 0 0 0 0 0 0 0 0 0 0 0 1 0 0 0 0 0 0 0 0 0 2 0 0 0 0 0 
1
0 0 0 0 0 0 0 0 0 
0 0 0 0 0 0 0 0 0 0 0 0 0 0 0 0 0 0 0 0 0 0 0 0 0 0 0 0 0 0 0 0 0 0 0 0 0 0 0 0 1 2 0 2 0 0 0 0 0 0 0 0 1 0 0 0 0 0 0 0 0 0 0 0 0 1 0 0 0 0 0 0 0 0 0 2 0 0 0 0 0 
0 0 0 0 0 0 0 0 0 0 0 0 0 0 0 0 0 0 0 0 0 0 0 0 0 0 0 0 0 0 0 0 0 0 0 0 0 0 0 0 1 2 0 2 0 0 0 0 0 0 0 0 1 0 0 0 0 0 0 0 0 0 0 0 0 1 0 0 0 0 0 0 0 0 0 2 0 0 0 0 0 
1
0 0 0 0 0 0 0 0 0 
0 0 0 0 0 0 0 0 0 0 0 0 0 0 0 0 0 0 0 0 0 0 0 0 0 0 0 0 0 0 0 1 0 0 0 0 0 0 0 0 1 2 0 2 0 0 0 0 0 0 0 0 1 0 0 0 0 0 0 0 0 0 0 0 0 1 0 0 0 0 0 0 0 0 0 2 0 0 0 0 0 
0 0 0 0 0 0 0 0 0 0 0 0 0 0 0 0 0 0 0 0 0 0 0 0 0 0 0 0 0 0 0 1 0 0 0 0 0 0 0 0 1 2 0 2 0 0 0 0 0 0 0 0 1 0 0 0 0 0 0 0 0 0 0 0 0 1 0 0 0 0 0 0 0 0 0 2 0 0 0 0 0 
1
0 0 0 0 0 0 0 0 0 
0 0 0 0 0 2 0 0 0 0 0 0 0 0 0 0 0 0 0 0 0 0 0 0 0 0 0 0 0 0 0 1 0 0 0 0 0 0 0 0 1 2 0 2 0 0 0 0 0 0 0 0 1 0 0 0 0 0 0 0 0 0 0 0 0 1 0 0 0 0 0 0 0 0 0 2 0 0 0 0 0 
0 0 0 0 0 2 0 0 0 0 0 0 0 0 0 0 0 0 0 0 0 0 0 0 0 0 0 0 0 0 0 1 0 0 0 0 0 0 0 0 1 2 0 2 0 0 0 0 0 0 0 0 1 0 0 0 0 0 0 0 0 0 0 0 0 1 0 0 0 0 0 0 0 0 0 2 0 0 0 0 0 
1
0 0 0 0 0 0 0 0 0 
0 0 0 0 0 2 0 0 0 0 0 0 0 0 0 0 0 0 0 0 0 0 0 0 0 1 0 0 0 0 0 1 0 0 0 0 0 0 0 0 1 2 0 2 0 0 0 0 0 0 0 0 1 0 0 0 0 0 0 0 0 0 0 0 0 1 0 0 0 0 0 0 0 0 0 2 0 0 0 0 0 
0 0 0 0 0 2 0 0 0 0 0 0 0 0 0 0 0 0 0 0 0 0 0 0 0 1 0 0 0 0 0 1 0 0 0 0 0 0 0 0 1 2 0 2 0 0 0 0 0 0 0 0 1 0 0 0 0 0 0 0 0 0 0 0 0 1 0 0 0 0 0 0 0 0 0 2 0 0 0 0 0 
1
0 0 0 0 0 0 0 0 0 
0 0 0 0 0 2 0 0 0 0 0 0 0 0 0 0 0 0 0 0 0 0 0 0 0 1 0 0 0 0 0 1 0 0 0 0 0 0 0 0 1 2 0 2 0 0 0 0 0 0 0 0 1 0 0 0 0 0 2 0 0 0 0 0 0 1 0 0 0 0 0 0 0 0 0 2 0 0 0 0 0 
0 0 0 0 0 2 0 0 0 0 0 0 0 0 0 0 0 0 0 0 0 0 0 0 0 1 0 0 0 0 0 1 0 0 0 0 0 0 0 0 1 2 0 2 0 0 0 0 0 0 0 0 1 0 0 0 0 0 2 0 0 0 0 0 0 1 0 0 0 0 0 0 0 0 0 2 0 0 0 0 0 
1
0 0 0 0 0 0 0 0 0 
0 0 0 0 0 2 0 0 0 0 0 0 0 0 0 0 0 0 0 0 0 0 1 0 0 1 0 0 0 0 0 1 0 0 0 0 0 0 0 0 1 2 0 2 0 0 0 0 0 0 0 0 1 0 0 0 0 0 2 0 0 0 0 0 0 1 0 0 0 0 0 0 0 0 0 2 0 0 0 0 0 
0 0 0 0 0 2 0 0 0 0 0 0 0 0 0 0 0 0 0 0 0 0 1 0 0 1 0 0 0 0 0 1 0 0 0 0 0 0 0 0 1 2 0 2 0 0 0 0 0 0 0 0 1 0 0 0 0 0 2 0 0 0 0 0 0 1 0 0 0 0 0 0 0 0 0 2 0 0 0 0 0 
1
0 0 0 0 0 0 0 0 0 
0 0 0 0 0 2 0 0 0 0 0 0 0 0 0 0 0 0 0 0 0 0 1 0 0 1 0 0 0 0 0 1 0 0 0 0 0 0 0 0 1 2 0 2 0 0 0 0 0 0 0 0 1 0 0 0 0 0 2 0 0 0 0 0 0 1 0 0 2 0 0 0 0 0 0 2 0 0 0 0 0 
0 0 0 0 0 2 0 0 0 0 0 0 0 0 0 0 0 0 0 0 0 0 1 0 0 1 0 0 0 0 0 1 0 0 0 0 0 0 0 0 1 2 0 2 0 0 0 0 0 0 0 0 1 0 0 0 0 0 2 0 0 0 0 0 0 1 0 0 2 0 0 0 0 0 0 2 0 0 0 0 0 
1
0 0 0 0 0 0 0 0 0 
0 0 0 0 0 2 0 0 0 0 0 0 0 0 0 0 0 0 0 0 0 0 1 0 0 1 0 0 0 0 0 1 0 0 0 0 0 0 0 0 1 2 0 2 0 0 0 0 0 0 0 0 1 1 0 0 0 0 2 0 0 0 0 0 0 1 0 0 2 0 0 0 0 0 0 2 0 0 0 0 0 
0 0 0 0 0 2 0 0 0 0 0 0 0 0 0 0 0 0 0 0 0 0 1 0 0 1 0 0 0 0 0 1 0 0 0 0 0 0 0 0 1 2 0 2 0 0 0 0 0 0 0 0 1 1 0 0 0 0 2 0 0 0 0 0 0 1 0 0 2 0 0 0 0 0 0 2 0 0 0 0 0 
1
0 0 0 0 0 0 0 0 0 
0 0 0 0 0 2 0 0 0 0 0 0 0 0 0 0 0 0 0 0 0 0 1 0 0 1 0 0 0 0 0 1 0 0 0 0 0 0 0 0 1 2 0 2 0 0 0 0 0 0 0 0 1 1 0 0 0 0 2 0 0 0 0 0 0 1 0 0 2 0 0 2 0 0 0 2 0 0 0 0 0 
0 0 0 0 0 2 0 0 0 0 0 0 0 0 0 0 0 0 0 0 0 0 1 0 0 1 0 0 0 0 0 1 0 0 0 0 0 0 0 0 1 2 0 2 0 0 0 0 0 0 0 0 1 1 0 0 0 0 2 0 0 0 0 0 0 1 0 0 2 0 0 2 0 0 0 2 0 0 0 0 0 
1
0 0 0 0 0 1 0 0 0 
0 0 0 0 0 2 0 0 0 0 0 0 0 0 0 0 0 0 0 0 0 0 1 0 0 1 0 0 0 0 0 1 0 0 0 0 0 0 0 0 1 2 0 2 0 0 0 0 0 0 0 1 1 1 0 0 0 0 2 0 0 0 0 0 0 1 0 0 2 0 0 2 0 0 0 2 0 0 0 0 0 
0 0 0 0 0 2 0 0 0 0 0 0 0 0 0 0 0 0 0 0 0 0 1 0 0 1 0 0 0 0 0 1 0 16 16 16 0 0 0 0 1 2 16 18 16 0 0 0 0 0 0 17 17 17 0 0 0 0 2 0 0 0 0 0 0 1 0 0 2 0 0 2 0 0 0 2 0 0 0 0 0 
1
0 0 0 0 0 1 0 0 0 
0 0 0 0 0 2 0 0 0 0 0 0 0 0 0 0 0 0 0 0 0 0 1 0 0 1 0 0 0 0 0 1 0 0 0 0 0 0 0 0 1 2 0 2 0 0 0 0 0 0 0 1 1 1 0 0 0 0 2 0 0 0 0 0 0 1 0 0 2 0 0 2 0 0 2 2 0 0 0 0 0 
0 0 0 0 0 2 0 0 0 0 0 0 0 0 0 0 0 0 0 0 0 0 1 0 0 1 0 0 0 0 0 1 0 16 16 16 0 0 0 0 1 2 16 18 16 0 0 0 0 0 0 17 17 17 0 0 0 0 2 0 0 0 0 0 0 1 0 0 2 0 0 2 0 0 2 2 0 0 0 0 0 
1
0 0 0 0 0 1 0 0 0 
0 0 0 0 0 2 0 0 0 0 0 0 0 0 0 0 0 0 0 0 0 0 1 0 0 1 0 0 0 0 0 1 0 0 0 0 0 0 0 0 1 2 0 2 0 0 0 0 0 0 0 1 1 1 0 0 0 0 2 0 0 0 0 0 0 1 0 0 2 0 0 2 0 0 2 2 0 0 0 1 0 
0 0 0 0 0 2 0 0 0 0 0 0 0 0 0 0 0 0 0 0 0 0 1 0 0 1 0 0 0 0 0 1 0 16 16 16 0 0 0 0 1 2 16 18 16 0 0 0 0 0 0 17 17 17 0 0 0 0 2 0 0 0 0 0 0 1 0 0 2 0 0 2 0 0 2 2 0 0 0 1 0 
1
0 0 0 0 0 1 0 0 0 
0 0 0 0 0 2 0 0 0 0 0 0 0 0 0 0 0 0 0 0 0 0 1 0 0 1 0 0 0 0 0 1 0 0 0 0 0 0 0 0 1 2 0 2 0 0 0 0 0 0 0 1 1 1 0 0 0 2 2 0 0 0 0 0 0 1 0 0 2 0 0 2 0 0 2 2 0 0 0 1 0 
0 0 0 0 0 2 0 0 0 0 0 0 0 0 0 0 0 0 0 0 0 0 1 0 0 1 0 0 0 0 0 1 0 16 16 16 0 0 0 0 1 2 16 18 16 0 0 0 0 0 0 17 17 17 0 0 0 2 2 0 0 0 0 0 0 1 0 0 2 0 0 2 0 0 2 2 0 0 0 1 0 
1
0 0 0 0 0 1 0 0 0 
1 0 0 0 0 2 0 0 0 0 0 0 0 0 0 0 0 0 0 0 0 0 1 0 0 1 0 0 0 0 0 1 0 0 0 0 0 0 0 0 1 2 0 2 0 0 0 0 0 0 0 1 1 1 0 0 0 2 2 0 0 0 0 0 0 1 0 0 2 0 0 2 0 0 2 2 0 0 0 1 0 
1 0 0 0 0 2 0 0 0 0 0 0 0 0 0 0 0 0 0 0 0 0 1 0 0 1 0 0 0 0 0 1 0 16 16 16 0 0 0 0 1 2 16 18 16 0 0 0 0 0 0 17 17 17 0 0 0 2 2 0 0 0 0 0 0 1 0 0 2 0 0 2 0 0 2 2 0 0 0 1 0 
1
0 0 0 0 0 1 0 0 0 
1 0 0 0 0 2 0 0 0 0 0 2 0 0 0 0 0 0 0 0 0 0 1 0 0 1 0 0 0 0 0 1 0 0 0 0 0 0 0 0 1 2 0 2 0 0 0 0 0 0 0 1 1 1 0 0 0 2 2 0 0 0 0 0 0 1 0 0 2 0 0 2 0 0 2 2 0 0 0 1 0 
1 0 0 0 0 2 0 0 0 0 0 2 0 0 0 0 0 0 0 0 0 0 1 0 0 1 0 0 0 0 0 1 0 16 16 16 0 0 0 0 1 2 16 18 16 0 0 0 0 0 0 17 17 17 0 0 0 2 2 0 0 0 0 0 0 1 0 0 2 0 0 2 0 0 2 2 0 0 0 1 0 
1
0 0 0 0 1 1 0 0 0 
1 0 0 0 0 2 0 0 0 0 0 2 0 0 0 0 0 0 0 0 0 0 1 0 0 1 0 0 0 0 0 1 0 0 0 0 0 0 0 0 1 2 0 2 0 0 0 0 0 1 0 1 1 1 0 0 0 2 2 0 0 0 0 0 0 1 0 0 2 0 0 2 0 0 2 2 0 0 0 1 0 
1 0 0 0 0 2 0 0 0 0 0 2 0 0 0 0 0 0 0 0 0 0 1 0 0 1 0 0 0 0 16 17 16 16 16 16 0 0 0 16 17 18 16 18 16 0 0 0 16 17 16 17 17 17 0 0 0 2 2 0 0 0 0 0 0 1 0 0 2 0 0 2 0 0 2 2 0 0 0 1 0 
1
0 0 0 0 1 1 0 2 0 
1 0 0 0 0 2 0 0 0 0 0 2 0 0 0 0 0 0 0 0 0 0 1 0 0 1 0 0 0 0 0 1 0 0 0 0 0 0 0 0 1 2 0 2 0 0 0 0 0 1 0 1 1 1 0 0 0 2 2 2 0 0 0 0 0 1 0 0 2 0 0 2 0 0 2 2 0 0 0 1 0 
1 0 0 0 0 2 0 0 0 0 0 2 0 0 0 0 0 0 0 0 0 0 1 0 0 1 0 0 0 0 16 17 16 16 16 16 0 0 0 16 17 18 16 18 16 0 0 0 16 17 16 17 17 17 0 0 0 34 34 34 0 0 0 0 0 1 32 32 34 0 0 2 0 0 2 34 32 32 0 1 0 
1
0 0 0 0 1 1 0 2 0 
1 0 0 0 0 2 0 0 0 0 0 2 0 0 0 0 0 0 0 0 0 0 1 0 1 1 0 0 0 0 0 1 0 0 0 0 0 0 0 0 1 2 0 2 0 0 0 0 0 1 0 1 1 1 0 0 0 2 2 2 0 0 0 0 0 1 0 0 2 0 0 2 0 0 2 2 0 0 0 1 0 
1 0 0 0 0 2 0 0 0 0 0 2 0 0 0 0 0 0 0 0 0 0 1 0 1 1 0 0 0 0 16 17 16 16 16 16 0 0 0 16 17 18 16 18 16 0 0 0 16 17 16 17 17 17 0 0 0 34 34 34 0 0 0 0 0 1 32 32 34 0 0 2 0 0 2 34 32 32 0 1 0 
1
0 0 0 0 1 1 0 2 0 
1 0 0 0 0 2 0 0 0 0 0 2 0 0 0 0 0 0 0 0 0 0 1 0 1 1 0 0 0 0 0 1 0 0 0 0 0 0 0 0 1 2 0 2 0 0 0 0 0 1 0 1 1 1 0 2 0 2 2 2 0 0 0 0 0 1 0 0 2 0 0 2 0 0 2 2 0 0 0 1 0 
1 0 0 0 0 2 0 0 0 0 0 2 0 0 0 0 0 0 0 0 0 0 1 0 1 1 0 0 0 0 16 17 16 16 16 16 0 0 0 16 17 18 16 18 16 0 0 0 16 17 16 17 17 17 0 2 0 34 34 34 0 0 0 0 0 1 32 32 34 0 0 2 0 0 2 34 32 32 0 1 0 
1
0 0 0 0 1 1 0 2 0 
1 0 0 0 0 2 0 0 0 0 0 2 0 0 1 0 0 0 0 0 0 0 1 0 1 1 0 0 0 0 0 1 0 0 0 0 0 0 0 0 1 2 0 2 0 0 0 0 0 1 0 1 1 1 0 2 0 2 2 2 0 0 0 0 0 1 0 0 2 0 0 2 0 0 2 2 0 0 0 1 0 
1 0 0 0 0 2 0 0 0 0 0 2 0 0 1 0 0 0 0 0 0 0 1 0 1 1 0 0 0 0 16 17 16 16 16 16 0 0 0 16 17 18 16 18 16 0 0 0 16 17 16 17 17 17 0 2 0 34 34 34 0 0 0 0 0 1 32 32 34 0 0 2 0 0 2 34 32 32 0 1 0 
1
0 0 0 0 1 1 0 2 0 
1 0 0 0 0 2 0 0 0 0 0 2 0 0 1 0 0 0 0 0 0 0 1 0 1 1 0 0 0 0 0 1 0 0 0 0 0 0 0 0 1 2 0 2 0 0 0 0 0 1 0 1 1 1 0 2 0 2 2 2 0 0 0 0 0 1 0 0 2 0 0 2 2 0 2 2 0 0 0 1 0 
1 0 0 0 0 2 0 0 0 0 0 2 0 0 1 0 0 0 0 0 0 0 1 0 1 1 0 0 0 0 16 17 16 16 16 16 0 0 0 16 17 18 16 18 16 0 0 0 16 17 16 17 17 17 0 2 0 34 34 34 0 0 0 0 0 1 32 32 34 0 0 2 2 0 2 34 32 32 0 1 0 
1
0 0 0 0 1 1 0 2 0 
1 0 0 0 0 2 0 0 0 0 0 2 0 0 1 0 0 0 0 0 0 0 1 0 1 1 0 0 0 0 0 1 0 0 0 0 0 0 0 0 1 2 0 2 0 0 0 0 0 1 0 1 1 1 0 2 0 2 2 2 0 0 0 1 0 1 0 0 2 0 0 2 2 0 2 2 0 0 0 1 0 
1 0 0 0 0 2 0 0 0 0 0 2 0 0 1 0 0 0 0 0 0 0 1 0 1 1 0 0 0 0 16 17 16 16 16 16 0 0 0 16 17 18 16 18 16 0 0 0 16 17 16 17 17 17 0 2 0 34 34 34 0 0 0 1 0 1 32 32 34 0 0 2 2 0 2 34 32 32 0 1 0 
1
0 0 0 0 1 1 0 2 0 
1 0 0 0 0 2 0 0 0 0 0 2 0 0 1 0 0 0 0 0 0 0 1 0 1 1 0 0 2 0 0 1 0 0 0 0 0 0 0 0 1 2 0 2 0 0 0 0 0 1 0 1 1 1 0 2 0 2 2 2 0 0 0 1 0 1 0 0 2 0 0 2 2 0 2 2 0 0 0 1 0 
1 0 0 0 0 2 0 0 0 0 0 2 0 0 1 0 0 0 0 0 0 0 1 0 1 1 0 0 2 0 16 17 16 16 16 16 0 0 0 16 17 18 16 18 16 0 0 0 16 17 16 17 17 17 0 2 0 34 34 34 0 0 0 1 0 1 32 32 34 0 0 2 2 0 2 34 32 32 0 1 0 
1
0 0 0 0 1 1 0 2 0 
1 0 0 0 1 2 0 0 0 0 0 2 0 0 1 0 0 0 0 0 0 0 1 0 1 1 0 0 2 0 0 1 0 0 0 0 0 0 0 0 1 2 0 2 0 0 0 0 0 1 0 1 1 1 0 2 0 2 2 2 0 0 0 1 0 1 0 0 2 0 0 2 2 0 2 2 0 0 0 1 0 
1 0 0 0 1 2 0 0 0 0 0 2 0 0 1 0 0 0 0 0 0 0 1 0 1 1 0 0 2 0 16 17 16 16 16 16 0 0 0 16 17 18 16 18 16 0 0 0 16 17 16 17 17 17 0 2 0 34 34 34 0 0 0 1 0 1 32 32 34 0 0 2 2 0 2 34 32 32 0 1 0 
1
0 0 0 0 1 1 0 2 0 
1 0 0 0 1 2 0 0 0 0 0 2 0 0 1 0 0 0 0 0 0 0 1 2 1 1 0 0 2 0 0 1 0 0 0 0 0 0 0 0 1 2 0 2 0 0 0 0 0 1 0 1 1 1 0 2 0 2 2 2 0 0 0 1 0 1 0 0 2 0 0 2 2 0 2 2 0 0 0 1 0 
1 0 0 0 1 2 0 0 0 0 0 2 0 0 1 0 0 0 0 0 0 0 1 2 1 1 0 0 2 0 16 17 16 16 16 16 0 0 0 16 17 18 16 18 16 0 0 0 16 17 16 17 17 17 0 2 0 34 34 34 0 0 0 1 0 1 32 32 34 0 0 2 2 0 2 34 32 32 0 1 0 
1
0 0 0 0 1 1 0 2 0 
1 0 0 0 1 2 0 0 0 0 0 2 0 0 1 0 0 0 0 0 0 0 1 2 1 1 0 0 2 0 0 1 0 0 0 0 0 0 0 0 1 2 0 2 0 0 0 0 0 1 0 1 1 1 0 2 0 2 2 2 0 0 0 1 0 1 0 0 2 0 0 2 2 0 2 2 0 0 1 1 0 
1 0 0 0 1 2 0 0 0 0 0 2 0 0 1 0 0 0 0 0 0 0 1 2 1 1 0 0 2 0 16 17 16 16 16 16 0 0 0 16 17 18 16 18 16 0 0 0 16 17 16 17 17 17 0 2 0 34 34 34 0 0 0 1 0 1 32 32 34 0 0 2 2 0 2 34 32 32 1 1 0 
1
0 0 0 0 1 1 0 2 0 
1 0 0 0 1 2 0 0 0 0 0 2 0 0 1 0 0 0 0 0 0 0 1 2 1 1 0 0 2 0 0 1 0 0 0 0 0 0 0 0 1 2 0 2 0 0 0 0 0 1 0 1 1 1 2 2 0 2 2 2 0 0 0 1 0 1 0 0 2 0 0 2 2 0 2 2 0 0 1 1 0 
1 0 0 0 1 2 0 0 0 0 0 2 0 0 1 0 0 0 0 0 0 0 1 2 1 1 0 0 2 0 16 17 16 16 16 16 0 0 0 16 17 18 16 18 16 0 0 0 16 17 16 17 17 17 2 2 0 34 34 34 0 0 0 1 0 1 32 32 34 0 0 2 2 0 2 34 32 32 1 1 0 
1
0 0 0 0 1 1 0 2 0 
1 1 0 0 1 2 0 0 0 0 0 2 0 0 1 0 0 0 0 0 0 0 1 2 1 1 0 0 2 0 0 1 0 0 0 0 0 0 0 0 1 2 0 2 0 0 0 0 0 1 0 1 1 1 2 2 0 2 2 2 0 0 0 1 0 1 0 0 2 0 0 2 2 0 2 2 0 0 1 1 0 
1 1 0 0 1 2 0 0 0 0 0 2 0 0 1 0 0 0 0 0 0 0 1 2 1 1 0 0 2 0 16 17 16 16 16 16 0 0 0 16 17 18 16 18 16 0 0 0 16 17 16 17 17 17 2 2 0 34 34 34 0 0 0 1 0 1 32 32 34 0 0 2 2 0 2 34 32 32 1 1 0 
1
0 0 0 0 1 1 0 2 0 
1 1 0 2 1 2 0 0 0 0 0 2 0 0 1 0 0 0 0 0 0 0 1 2 1 1 0 0 2 0 0 1 0 0 0 0 0 0 0 0 1 2 0 2 0 0 0 0 0 1 0 1 1 1 2 2 0 2 2 2 0 0 0 1 0 1 0 0 2 0 0 2 2 0 2 2 0 0 1 1 0 
1 1 0 2 1 2 0 0 0 0 0 2 0 0 1 0 0 0 0 0 0 0 1 2 1 1 0 0 2 0 16 17 16 16 16 16 0 0 0 16 17 18 16 18 16 0 0 0 16 17 16 17 17 17 2 2 0 34 34 34 0 0 0 1 0 1 32 32 34 0 0 2 2 0 2 34 32 32 1 1 0 
1
1 0 0 0 1 1 0 2 0 
1 1 1 2 1 2 0 0 0 0 0 2 0 0 1 0 0 0 0 0 0 0 1 2 1 1 0 0 2 0 0 1 0 0 0 0 0 0 0 0 1 2 0 2 0 0 0 0 0 1 0 1 1 1 2 2 0 2 2 2 0 0 0 1 0 1 0 0 2 0 0 2 2 0 2 2 0 0 1 1 0 
17 17 17 2 1 2 0 0 0 16 16 18 0 0 1 0 0 0 16 16 16 0 1 2 1 1 0 0 2 0 16 17 16 16 16 16 0 0 0 16 17 18 16 18 16 0 0 0 16 17 16 17 17 17 2 2 0 34 34 34 0 0 0 1 0 1 32 32 34 0 0 2 2 0 2 34 32 32 1 1 0 
1
1 0 0 0 1 1 0 2 0 
1 1 1 2 1 2 0 0 0 0 0 2 0 0 1 2 0 0 0 0 0 0 1 2 1 1 0 0 2 0 0 1 0 0 0 0 0 0 0 0 1 2 0 2 0 0 0 0 0 1 0 1 1 1 2 2 0 2 2 2 0 0 0 1 0 1 0 0 2 0 0 2 2 0 2 2 0 0 1 1 0 
17 17 17 2 1 2 0 0 0 16 16 18 0 0 1 2 0 0 16 16 16 0 1 2 1 1 0 0 2 0 16 17 16 16 16 16 0 0 0 16 17 18 16 18 16 0 0 0 16 17 16 17 17 17 2 2 0 34 34 34 0 0 0 1 0 1 32 32 34 0 0 2 2 0 2 34 32 32 1 1 0 
1
1 0 0 0 1 1 0 2 0 
1 1 1 2 1 2 0 0 0 0 0 2 0 0 1 2 0 0 0 0 0 0 1 2 1 1 0 0 2 0 0 1 0 0 0 0 1 0 0 0 1 2 0 2 0 0 0 0 0 1 0 1 1 1 2 2 0 2 2 2 0 0 0 1 0 1 0 0 2 0 0 2 2 0 2 2 0 0 1 1 0 
17 17 17 2 1 2 0 0 0 16 16 18 0 0 1 2 0 0 16 16 16 0 1 2 1 1 0 0 2 0 16 17 16 16 16 16 1 0 0 16 17 18 16 18 16 0 0 0 16 17 16 17 17 17 2 2 0 34 34 34 0 0 0 1 0 1 32 32 34 0 0 2 2 0 2 34 32 32 1 1 0 
1
1 0 0 0 1 1 0 2 0 
1 1 1 2 1 2 0 0 0 0 0 2 0 0 1 2 0 0 0 0 0 0 1 2 1 1 0 0 2 0 0 1 0 0 0 0 1 0 2 0 1 2 0 2 0 0 0 0 0 1 0 1 1 1 2 2 0 2 2 2 0 0 0 1 0 1 0 0 2 0 0 2 2 0 2 2 0 0 1 1 0 
17 17 17 2 1 2 0 0 0 16 16 18 0 0 1 2 0 0 16 16 16 0 1 2 1 1 0 0 2 0 16 17 16 16 16 16 1 0 2 16 17 18 16 18 16 0 0 0 16 17 16 17 17 17 2 2 0 34 34 34 0 0 0 1 0 1 32 32 34 0 0 2 2 0 2 34 32 32 1 1 0 
1
1 0 0 0 1 1 1 2 0 
1 1 1 2 1 2 0 0 0 0 0 2 0 0 1 2 0 0 0 0 0 0 1 2 1 1 0 0 2 0 0 1 0 0 0 0 1 0 2 0 1 2 0 2 0 0 0 0 0 1 0 1 1 1 2 2 0 2 2 2 0 0 0 1 1 1 0 0 2 0 0 2 2 0 2 2 0 0 1 1 0 
17 17 17 2 1 2 0 0 0 16 16 18 0 0 1 2 0 0 16 16 16 0 1 2 1 1 0 0 2 0 16 17 16 16 16 16 1 0 2 16 17 18 16 18 16 0 0 0 16 17 16 17 17 17 18 18 16 34 34 34 0 0 0 17 17 17 32 32 34 0 0 2 18 16 18 34 32 32 1 1 0 
1
1 0 0 0 1 1 1 2 0 
1 1 1 2 1 2 0 0 0 0 0 2 0 0 1 2 0 0 0 0 0 0 1 2 1 1 0 0 2 0 0 1 0 0 0 0 1 0 2 0 1 2 0 2 0 0 0 0 0 1 0 1 1 1 2 2 0 2 2 2 0 0 0 1 1 1 0 0 2 0 0 2 2 0 2 2 0 0 1 1 2 
17 17 17 2 1 2 0 0 0 16 16 18 0 0 1 2 0 0 16 16 16 0 1 2 1 1 0 0 2 0 16 17 16 16 16 16 1 0 2 16 17 18 16 18 16 0 0 0 16 17 16 17 17 17 18 18 16 34 34 34 0 0 0 17 17 17 32 32 34 0 0 2 18 16 18 34 32 32 1 1 2 
1
1 0 0 0 1 1 1 2 0 
1 1 1 2 1 2 0 0 0 0 0 2 0 0 1 2 0 0 0 0 0 0 1 2 1 1 0 0 2 0 0 1 0 0 0 0 1 0 2 0 1 2 0 2 0 0 0 0 0 1 0 1 1 1 2 2 0 2 2 2 0 0 0 1 1 1 0 0 2 1 0 2 2 0 2 2 0 0 1 1 2 
17 17 17 2 1 2 0 0 0 16 16 18 0 0 1 2 0 0 16 16 16 0 1 2 1 1 0 0 2 0 16 17 16 16 16 16 1 0 2 16 17 18 16 18 16 0 0 0 16 17 16 17 17 17 18 18 16 34 34 34 0 0 0 17 17 17 32 32 34 1 0 2 18 16 18 34 32 32 1 1 2 
1
1 0 0 0 1 1 1 2 0 
1 1 1 2 1 2 0 0 0 0 0 2 0 0 1 2 0 0 0 0 0 0 1 2 1 1 0 0 2 0 0 1 0 0 0 0 1 0 2 0 1 2 0 2 0 0 0 2 0 1 0 1 1 1 2 2 0 2 2 2 0 0 0 1 1 1 0 0 2 1 0 2 2 0 2 2 0 0 1 1 2 
17 17 17 2 1 2 0 0 0 16 16 18 0 0 1 2 0 0 16 16 16 0 1 2 1 1 0 0 2 0 16 17 16 16 16 16 1 0 2 16 17 18 16 18 16 0 0 2 16 17 16 17 17 17 18 18 16 34 34 34 0 0 0 17 17 17 32 32 34 1 0 2 18 16 18 34 32 32 1 1 2 
1
1 0 0 0 1 1 1 2 0 
1 1 1 2 1 2 0 0 0 0 0 2 0 0 1 2 0 0 0 0 0 0 1 2 1 1 0 0 2 0 0 1 0 0 0 0 1 0 2 0 1 2 0 2 0 0 0 2 0 1 0 1 1 1 2 2 0 2 2 2 0 1 0 1 1 1 0 0 2 1 0 2 2 0 2 2 0 0 1 1 2 
17 17 17 2 1 2 0 0 0 16 16 18 0 0 1 2 0 0 16 16 16 0 1 2 1 1 0 0 2 0 16 17 16 16 16 16 1 0 2 16 17 18 16 18 16 0 0 2 16 17 16 17 17 17 18 18 16 34 34 34 0 1 0 17 17 17 32 32 34 1 0 2 18 16 18 34 32 32 1 1 2 
1
1 0 0 0 1 1 1 2 0 
1 1 1 2 1 2 0 0 0 0 0 2 0 0 1 2 0 0 0 0 0 2 1 2 1 1 0 0 2 0 0 1 0 0 0 0 1 0 2 0 1 2 0 2 0 0 0 2 0 1 0 1 1 1 2 2 0 2 2 2 0 1 0 1 1 1 0 0 2 1 0 2 2 0 2 2 0 0 1 1 2 
17 17 17 2 1 2 0 0 0 16 16 18 0 0 1 2 0 0 16 16 16 2 1 2 1 1 0 0 2 0 16 17 16 16 16 16 1 0 2 16 17 18 16 18 16 0 0 2 16 17 16 17 17 17 18 18 16 34 34 34 0 1 0 17 17 17 32 32 34 1 0 2 18 16 18 34 32 32 1 1 2 
1
1 0 0 0 1 1 1 2 0 
1 1 1 2 1 2 0 0 1 0 0 2 0 0 1 2 0 0 0 0 0 2 1 2 1 1 0 0 2 0 0 1 0 0 0 0 1 0 2 0 1 2 0 2 0 0 0 2 0 1 0 1 1 1 2 2 0 2 2 2 0 1 0 1 1 1 0 0 2 1 0 2 2 0 2 2 0 0 1 1 2 
17 17 17 2 1 2 0 0 1 16 16 18 0 0 1 2 0 0 16 16 16 2 1 2 1 1 0 0 2 0 16 17 16 16 16 16 1 0 2 16 17 18 16 18 16 0 0 2 16 17 16 17 17 17 18 18 16 34 34 34 0 1 0 17 17 17 32 32 34 1 0 2 18 16 18 34 32 32 1 1 2 
1
1 0 0 0 1 1 1 2 0 
1 1 1 2 1 2 0 2 1 0 0 2 0 0 1 2 0 0 0 0 0 2 1 2 1 1 0 0 2 0 0 1 0 0 0 0 1 0 2 0 1 2 0 2 0 0 0 2 0 1 0 1 1 1 2 2 0 2 2 2 0 1 0 1 1 1 0 0 2 1 0 2 2 0 2 2 0 0 1 1 2 
17 17 17 2 1 2 0 2 1 16 16 18 0 0 1 2 0 0 16 16 16 2 1 2 1 1 0 0 2 0 16 17 16 16 16 16 1 0 2 16 17 18 16 18 16 0 0 2 16 17 16 17 17 17 18 18 16 34 34 34 0 1 0 17 17 17 32 32 34 1 0 2 18 16 18 34 32 32 1 1 2 
1
1 0 0 0 1 1 1 2 0 
1 1 1 2 1 2 0 2 1 0 0 2 1 0 1 2 0 0 0 0 0 2 1 2 1 1 0 0 2 0 0 1 0 0 0 0 1 0 2 0 1 2 0 2 0 0 0 2 0 1 0 1 1 1 2 2 0 2 2 2 0 1 0 1 1 1 0 0 2 1 0 2 2 0 2 2 0 0 1 1 2 
17 17 17 2 1 2 0 2 1 16 16 18 1 0 1 2 0 0 16 16 16 2 1 2 1 1 0 0 2 0 16 17 16 16 16 16 1 0 2 16 17 18 16 18 16 0 0 2 16 17 16 17 17 17 18 18 16 34 34 34 0 1 0 17 17 17 32 32 34 1 0 2 18 16 18 34 32 32 1 1 2 
1
1 0 0 2 1 1 1 2 0 
1 1 1 2 1 2 0 2 1 0 0 2 1 0 1 2 0 0 0 0 0 2 1 2 1 1 0 0 2 2 0 1 0 0 0 0 1 0 2 0 1 2 0 2 0 0 0 2 0 1 0 1 1 1 2 2 0 2 2 2 0 1 0 1 1 1 0 0 2 1 0 2 2 0 2 2 0 0 1 1 2 
17 17 17 2 1 2 0 2 1 16 16 18 1 0 1 2 0 0 16 16 16 2 1 2 1 1 0 32 34 34 16 17 16 16 16 16 33 32 34 16 17 18 16 18 16 32 32 34 16 17 16 17 17 17 18 18 16 34 34 34 0 1 0 17 17 17 32 32 34 1 0 2 18 16 18 34 32 32 1 1 2 
1
1 0 1 2 1 1 1 2 0 
1 1 1 2 1 2 0 2 1 0 0 2 1 0 1 2 1 0 0 0 0 2 1 2 1 1 0 0 2 2 0 1 0 0 0 0 1 0 2 0 1 2 0 2 0 0 0 2 0 1 0 1 1 1 2 2 0 2 2 2 0 1 0 1 1 1 0 0 2 1 0 2 2 0 2 2 0 0 1 1 2 
17 17 17 2 1 2 16 18 17 16 16 18 1 0 1 18 17 16 16 16 16 2 1 2 17 17 16 32 34 34 16 17 16 16 16 16 33 32 34 16 17 18 16 18 16 32 32 34 16 17 16 17 17 17 18 18 16 34 34 34 0 1 0 17 17 17 32 32 34 1 0 2 18 16 18 34 32 32 1 1 2 
1
1 0 1 2 1 1 1 2 0 
1 1 1 2 1 2 0 2 1 0 0 2 1 0 1 2 1 0 0 0 0 2 1 2 1 1 0 0 2 2 0 1 0 0 0 0 1 0 2 0 1 2 0 2 0 0 0 2 0 1 0 1 1 1 2 2 0 2 2 2 0 1 0 1 1 1 0 0 2 1 0 2 2 0 2 2 0 0 1 1 2 
17 17 17 2 1 2 16 18 17 16 16 18 1 0 1 18 17 16 16 16 16 2 1 2 17 17 16 32 34 34 16 17 16 16 16 16 33 32 34 16 17 18 16 18 16 32 32 34 16 17 16 17 17 17 18 18 16 34 34 34 0 1 0 17 17 17 32 32 34 1 0 2 18 16 18 34 32 32 1 1 2 
1
