0 0 0 0 0 0 0 0 0 
0 0 0 0 0 0 0 0 0 0 0 0 0 0 0 0 0 0 0 0 0 0 0 0 0 0 0 0 0 0 0 0 0 0 0 0 0 0 0 0 1 0 0 0 0 0 0 0 0 0 0 0 0 0 0 0 0 0 0 0 0 0 0 0 0 0 0 0 0 0 0 0 0 0 0 0 0 0 0 0 0 
0 0 0 0 0 0 0 0 0 0 0 0 0 0 0 0 0 0 0 0 0 0 0 0 0 0 0 0 0 0 0 0 0 0 0 0 0 0 0 0 1 0 0 0 0 0 0 0 0 0 0 0 0 0 0 0 0 0 0 0 0 0 0 0 0 0 0 0 0 0 0 0 0 0 0 0 0 0 0 0 0 
1
0 0 0 0 0 0 0 0 0 
0 0 0 0 0 0 0 0 0 0 0 0 0 0 0 0 0 0 0 0 0 0 0 0 0 0 0 0 0 0 2 0 0 0 0 0 0 0 0 0 1 0 0 0 0 0 0 0 0 0 0 0 0 0 0 0 0 0 0 0 0 0 0 0 0 0 0 0 0 0 0 0 0 0 0 0 0 0 0 0 0 
0 0 0 0 0 0 0 0 0 0 0 0 0 0 0 0 0 0 0 0 0 0 0 0 0 0 0 0 0 0 2 0 0 0 0 0 0 0 0 0 1 0 0 0 0 0 0 0 0 0 0 0 0 0 0 0 0 0 0 0 0 0 0 0 0 0 0 0 0 0 0 0 0 0 0 0 0 0 0 0 0 
1
0 0 0 0 0 0 0 0 0 
0 0 0 0 0 0 0 0 0 0 0 0 0 0 0 0 0 0 0 0 1 0 0 0 0 0 0 0 0 0 2 0 0 0 0 0 0 0 0 0 1 0 0 0 0 0 0 0 0 0 0 0 0 0 0 0 0 0 0 0 0 0 0 0 0 0 0 0 0 0 0 0 0 0 0 0 0 0 0 0 0 
0 0 0 0 0 0 0 0 0 0 0 0 0 0 0 0 0 0 0 0 1 0 0 0 0 0 0 0 0 0 2 0 0 0 0 0 0 0 0 0 1 0 0 0 0 0 0 0 0 0 0 0 0 0 0 0 0 0 0 0 0 0 0 0 0 0 0 0 0 0 0 0 0 0 0 0 0 0 0 0 0 
1
0 0 0 0 0 0 0 0 0 
0 0 0 0 0 0 0 0 0 0 0 0 0 0 0 0 0 0 0 0 1 0 0 0 0 0 0 0 0 0 2 0 0 0 0 0 0 0 0 0 1 0 0 0 0 0 0 0 0 0 0 0 0 0 0 0 0 0 0 0 0 0 0 0 0 0 0 0 0 0 0 0 0 0 0 0 0 0 0 0 2 
0 0 0 0 0 0 0 0 0 0 0 0 0 0 0 0 0 0 0 0 1 0 0 0 0 0 0 0 0 0 2 0 0 0 0 0 0 0 0 0 1 0 0 0 0 0 0 0 0 0 0 0 0 0 0 0 0 0 0 0 0 0 0 0 0 0 0 0 0 0 0 0 0 0 0 0 0 0 0 0 2 
1
0 0 0 0 0 0 0 0 0 
0 0 0 0 0 0 0 0 0 0 0 0 0 0 0 0 0 0 0 0 1 0 0 0 0 0 0 0 0 0 2 0 0 0 0 0 0 0 0 0 1 0 0 0 0 0 0 0 0 0 0 0 0 0 0 0 0 0 0 0 0 0 0 0 0 0 0 0 0 0 0 1 0 0 0 0 0 0 0 0 2 
0 0 0 0 0 0 0 0 0 0 0 0 0 0 0 0 0 0 0 0 1 0 0 0 0 0 0 0 0 0 2 0 0 0 0 0 0 0 0 0 1 0 0 0 0 0 0 0 0 0 0 0 0 0 0 0 0 0 0 0 0 0 0 0 0 0 0 0 0 0 0 1 0 0 0 0 0 0 0 0 2 
1
0 0 0 0 0 0 0 0 0 
0 0 0 0 0 0 0 0 0 0 0 0 0 0 0 0 0 0 0 0 1 0 0 0 0 0 0 0 0 0 2 0 0 0 0 0 0 0 0 0 1 0 0 2 0 0 0 0 0 0 0 0 0 0 0 0 0 0 0 0 0 0 0 0 0 0 0 0 0 0 0 1 0 0 0 0 0 0 0 0 2 
0 0 0 0 0 0 0 0 0 0 0 0 0 0 0 0 0 0 0 0 1 0 0 0 0 0 0 0 0 0 2 0 0 0 0 0 0 0 0 0 1 0 0 2 0 0 0 0 0 0 0 0 0 0 0 0 0 0 0 0 0 0 0 0 0 0 0 0 0 0 0 1 0 0 0 0 0 0 0 0 2 
1
0 0 0 0 0 0 0 0 0 
0 0 0 0 0 0 0 0 0 0 0 0 0 0 0 0 0 0 0 0 1 0 0 0 0 0 0 0 0 0 2 0 0 0 0 0 0 0 0 1 1 0 0 2 0 0 0 0 0 0 0 0 0 0 0 0 0 0 0 0 0 0 0 0 0 0 0 0 0 0 0 1 0 0 0 0 0 0 0 0 2 
0 0 0 0 0 0 0 0 0 0 0 0 0 0 0 0 0 0 0 0 1 0 0 0 0 0 0 0 0 0 2 0 0 0 0 0 0 0 0 1 1 0 0 2 0 0 0 0 0 0 0 0 0 0 0 0 0 0 0 0 0 0 0 0 0 0 0 0 0 0 0 1 0 0 0 0 0 0 0 0 2 
1
0 0 0 0 0 0 0 0 0 
0 0 0 0 0 0 0 0 0 0 0 0 0 0 0 0 0 0 0 0 1 0 0 0 0 0 0 0 0 0 2 0 0 0 0 0 0 0 0 1 1 0 0 2 0 2 0 0 0 0 0 0 0 0 0 0 0 0 0 0 0 0 0 0 0 0 0 0 0 0 0 1 0 0 0 0 0 0 0 0 2 
0 0 0 0 0 0 0 0 0 0 0 0 0 0 0 0 0 0 0 0 1 0 0 0 0 0 0 0 0 0 2 0 0 0 0 0 0 0 0 1 1 0 0 2 0 2 0 0 0 0 0 0 0 0 0 0 0 0 0 0 0 0 0 0 0 0 0 0 0 0 0 1 0 0 0 0 0 0 0 0 2 
1
0 0 0 0 0 0 0 0 0 
0 0 0 0 0 0 0 0 0 0 0 0 0 0 0 0 0 0 0 0 1 0 0 0 0 0 0 0 0 0 2 0 0 0 0 0 0 0 0 1 1 0 0 2 0 2 0 0 0 0 0 0 0 0 0 0 0 0 0 0 0 0 0 1 0 0 0 0 0 0 0 1 0 0 0 0 0 0 0 0 2 
0 0 0 0 0 0 0 0 0 0 0 0 0 0 0 0 0 0 0 0 1 0 0 0 0 0 0 0 0 0 2 0 0 0 0 0 0 0 0 1 1 0 0 2 0 2 0 0 0 0 0 0 0 0 0 0 0 0 0 0 0 0 0 1 0 0 0 0 0 0 0 1 0 0 0 0 0 0 0 0 2 
1
0 0 0 0 0 0 0 0 0 
0 0 0 0 0 0 0 0 0 0 0 0 0 0 0 0 0 0 0 0 1 0 0 0 0 0 0 2 0 0 2 0 0 0 0 0 0 0 0 1 1 0 0 2 0 2 0 0 0 0 0 0 0 0 0 0 0 0 0 0 0 0 0 1 0 0 0 0 0 0 0 1 0 0 0 0 0 0 0 0 2 
0 0 0 0 0 0 0 0 0 0 0 0 0 0 0 0 0 0 0 0 1 0 0 0 0 0 0 2 0 0 2 0 0 0 0 0 0 0 0 1 1 0 0 2 0 2 0 0 0 0 0 0 0 0 0 0 0 0 0 0 0 0 0 1 0 0 0 0 0 0 0 1 0 0 0 0 0 0 0 0 2 
1
0 0 0 0 0 0 0 0 0 
0 0 0 0 0 0 0 0 0 0 0 1 0 0 0 0 0 0 0 0 1 0 0 0 0 0 0 2 0 0 2 0 0 0 0 0 0 0 0 1 1 0 0 2 0 2 0 0 0 0 0 0 0 0 0 0 0 0 0 0 0 0 0 1 0 0 0 0 0 0 0 1 0 0 0 0 0 0 0 0 2 
0 0 0 0 0 0 0 0 0 0 0 1 0 0 0 0 0 0 0 0 1 0 0 0 0 0 0 2 0 0 2 0 0 0 0 0 0 0 0 1 1 0 0 2 0 2 0 0 0 0 0 0 0 0 0 0 0 0 0 0 0 0 0 1 0 0 0 0 0 0 0 1 0 0 0 0 0 0 0 0 2 
1
0 0 0 0 0 0 0 0 0 
0 0 0 0 0 0 0 0 0 0 0 1 0 0 0 0 0 0 0 0 1 0 0 0 0 0 0 2 0 0 2 0 0 0 0 0 0 0 0 1 1 0 2 2 0 2 0 0 0 0 0 0 0 0 0 0 0 0 0 0 0 0 0 1 0 0 0 0 0 0 0 1 0 0 0 0 0 0 0 0 2 
0 0 0 0 0 0 0 0 0 0 0 1 0 0 0 0 0 0 0 0 1 0 0 0 0 0 0 2 0 0 2 0 0 0 0 0 0 0 0 1 1 0 2 2 0 2 0 0 0 0 0 0 0 0 0 0 0 0 0 0 0 0 0 1 0 0 0 0 0 0 0 1 0 0 0 0 0 0 0 0 2 
1
0 0 0 0 0 0 0 0 0 
0 0 0 0 0 0 0 0 0 0 0 1 0 0 0 0 0 0 0 0 1 0 0 0 0 0 0 2 0 0 2 0 0 0 0 0 1 0 0 1 1 0 2 2 0 2 0 0 0 0 0 0 0 0 0 0 0 0 0 0 0 0 0 1 0 0 0 0 0 0 0 1 0 0 0 0 0 0 0 0 2 
0 0 0 0 0 0 0 0 0 0 0 1 0 0 0 0 0 0 0 0 1 0 0 0 0 0 0 2 0 0 2 0 0 0 0 0 1 0 0 1 1 0 2 2 0 2 0 0 0 0 0 0 0 0 0 0 0 0 0 0 0 0 0 1 0 0 0 0 0 0 0 1 0 0 0 0 0 0 0 0 2 
1
0 0 0 0 0 0 0 0 0 
0 0 0 0 0 0 0 0 0 0 0 1 0 0 0 0 0 0 0 0 1 0 0 0 0 0 0 2 0 0 2 0 0 0 0 0 1 0 2 1 1 0 2 2 0 2 0 0 0 0 0 0 0 0 0 0 0 0 0 0 0 0 0 1 0 0 0 0 0 0 0 1 0 0 0 0 0 0 0 0 2 
0 0 0 0 0 0 0 0 0 0 0 1 0 0 0 0 0 0 0 0 1 0 0 0 0 0 0 2 0 0 2 0 0 0 0 0 1 0 2 1 1 0 2 2 0 2 0 0 0 0 0 0 0 0 0 0 0 0 0 0 0 0 0 1 0 0 0 0 0 0 0 1 0 0 0 0 0 0 0 0 2 
1
0 0 0 0 0 0 0 0 0 
0 0 0 0 0 0 0 0 0 0 0 1 0 0 0 0 0 0 0 0 1 0 0 0 0 0 0 2 0 0 2 0 0 0 0 0 1 0 2 1 1 0 2 2 1 2 0 0 0 0 0 0 0 0 0 0 0 0 0 0 0 0 0 1 0 0 0 0 0 0 0 1 0 0 0 0 0 0 0 0 2 
0 0 0 0 0 0 0 0 0 0 0 1 0 0 0 0 0 0 0 0 1 0 0 0 0 0 0 2 0 0 2 0 0 0 0 0 1 0 2 1 1 0 2 2 1 2 0 0 0 0 0 0 0 0 0 0 0 0 0 0 0 0 0 1 0 0 0 0 0 0 0 1 0 0 0 0 0 0 0 0 2 
1
0 0 0 0 0 0 0 0 0 
0 0 0 0 0 0 0 0 0 0 0 1 0 0 0 0 0 0 0 0 1 0 0 0 0 0 0 2 0 0 2 0 0 2 0 0 1 0 2 1 1 0 2 2 1 2 0 0 0 0 0 0 0 0 0 0 0 0 0 0 0 0 0 1 0 0 0 0 0 0 0 1 0 0 0 0 0 0 0 0 2 
0 0 0 0 0 0 0 0 0 0 0 1 0 0 0 0 0 0 0 0 1 0 0 0 0 0 0 2 0 0 2 0 0 2 0 0 1 0 2 1 1 0 2 2 1 2 0 0 0 0 0 0 0 0 0 0 0 0 0 0 0 0 0 1 0 0 0 0 0 0 0 1 0 0 0 0 0 0 0 0 2 
1
0 0 0 0 0 0 0 0 0 
1 0 0 0 0 0 0 0 0 0 0 1 0 0 0 0 0 0 0 0 1 0 0 0 0 0 0 2 0 0 2 0 0 2 0 0 1 0 2 1 1 0 2 2 1 2 0 0 0 0 0 0 0 0 0 0 0 0 0 0 0 0 0 1 0 0 0 0 0 0 0 1 0 0 0 0 0 0 0 0 2 
1 0 0 0 0 0 0 0 0 0 0 1 0 0 0 0 0 0 0 0 1 0 0 0 0 0 0 2 0 0 2 0 0 2 0 0 1 0 2 1 1 0 2 2 1 2 0 0 0 0 0 0 0 0 0 0 0 0 0 0 0 0 0 1 0 0 0 0 0 0 0 1 0 0 0 0 0 0 0 0 2 
1
0 0 0 0 0 0 0 0 0 
1 0 2 0 0 0 0 0 0 0 0 1 0 0 0 0 0 0 0 0 1 0 0 0 0 0 0 2 0 0 2 0 0 2 0 0 1 0 2 1 1 0 2 2 1 2 0 0 0 0 0 0 0 0 0 0 0 0 0 0 0 0 0 1 0 0 0 0 0 0 0 1 0 0 0 0 0 0 0 0 2 
1 0 2 0 0 0 0 0 0 0 0 1 0 0 0 0 0 0 0 0 1 0 0 0 0 0 0 2 0 0 2 0 0 2 0 0 1 0 2 1 1 0 2 2 1 2 0 0 0 0 0 0 0 0 0 0 0 0 0 0 0 0 0 1 0 0 0 0 0 0 0 1 0 0 0 0 0 0 0 0 2 
1
0 0 0 0 0 0 0 0 0 
1 0 2 0 0 0 0 0 0 0 0 1 0 0 0 1 0 0 0 0 1 0 0 0 0 0 0 2 0 0 2 0 0 2 0 0 1 0 2 1 1 0 2 2 1 2 0 0 0 0 0 0 0 0 0 0 0 0 0 0 0 0 0 1 0 0 0 0 0 0 0 1 0 0 0 0 0 0 0 0 2 
1 0 2 0 0 0 0 0 0 0 0 1 0 0 0 1 0 0 0 0 1 0 0 0 0 0 0 2 0 0 2 0 0 2 0 0 1 0 2 1 1 0 2 2 1 2 0 0 0 0 0 0 0 0 0 0 0 0 0 0 0 0 0 1 0 0 0 0 0 0 0 1 0 0 0 0 0 0 0 0 2 
1
0 0 0 0 0 0 0 0 0 
1 0 2 0 0 0 0 0 0 0 0 1 0 0 0 1 0 0 0 0 1 0 0 0 0 0 0 2 0 2 2 0 0 2 0 0 1 0 2 1 1 0 2 2 1 2 0 0 0 0 0 0 0 0 0 0 0 0 0 0 0 0 0 1 0 0 0 0 0 0 0 1 0 0 0 0 0 0 0 0 2 
1 0 2 0 0 0 0 0 0 0 0 1 0 0 0 1 0 0 0 0 1 0 0 0 0 0 0 2 0 2 2 0 0 2 0 0 1 0 2 1 1 0 2 2 1 2 0 0 0 0 0 0 0 0 0 0 0 0 0 0 0 0 0 1 0 0 0 0 0 0 0 1 0 0 0 0 0 0 0 0 2 
1
0 0 0 0 0 0 0 0 0 
1 0 2 0 0 0 0 0 0 0 0 1 0 0 0 1 0 0 0 0 1 0 0 0 1 0 0 2 0 2 2 0 0 2 0 0 1 0 2 1 1 0 2 2 1 2 0 0 0 0 0 0 0 0 0 0 0 0 0 0 0 0 0 1 0 0 0 0 0 0 0 1 0 0 0 0 0 0 0 0 2 
1 0 2 0 0 0 0 0 0 0 0 1 0 0 0 1 0 0 0 0 1 0 0 0 1 0 0 2 0 2 2 0 0 2 0 0 1 0 2 1 1 0 2 2 1 2 0 0 0 0 0 0 0 0 0 0 0 0 0 0 0 0 0 1 0 0 0 0 0 0 0 1 0 0 0 0 0 0 0 0 2 
1
0 0 0 0 0 0 0 0 0 
1 0 2 0 0 0 0 0 0 0 0 1 0 0 0 1 0 0 0 0 1 0 0 0 1 0 0 2 0 2 2 0 0 2 0 0 1 0 2 1 1 0 2 2 1 2 0 0 0 0 0 0 0 0 2 0 0 0 0 0 0 0 0 1 0 0 0 0 0 0 0 1 0 0 0 0 0 0 0 0 2 
1 0 2 0 0 0 0 0 0 0 0 1 0 0 0 1 0 0 0 0 1 0 0 0 1 0 0 2 0 2 2 0 0 2 0 0 1 0 2 1 1 0 2 2 1 2 0 0 0 0 0 0 0 0 2 0 0 0 0 0 0 0 0 1 0 0 0 0 0 0 0 1 0 0 0 0 0 0 0 0 2 
1
0 0 0 0 0 0 0 0 0 
1 0 2 0 0 0 0 0 0 0 0 1 0 0 0 1 0 0 0 1 1 0 0 0 1 0 0 2 0 2 2 0 0 2 0 0 1 0 2 1 1 0 2 2 1 2 0 0 0 0 0 0 0 0 2 0 0 0 0 0 0 0 0 1 0 0 0 0 0 0 0 1 0 0 0 0 0 0 0 0 2 
1 0 2 0 0 0 0 0 0 0 0 1 0 0 0 1 0 0 0 1 1 0 0 0 1 0 0 2 0 2 2 0 0 2 0 0 1 0 2 1 1 0 2 2 1 2 0 0 0 0 0 0 0 0 2 0 0 0 0 0 0 0 0 1 0 0 0 0 0 0 0 1 0 0 0 0 0 0 0 0 2 
1
0 0 0 0 0 0 0 0 0 
1 0 2 0 0 0 0 0 0 0 0 1 0 0 0 1 0 0 0 1 1 0 0 0 1 0 0 2 0 2 2 0 0 2 0 0 1 0 2 1 1 0 2 2 1 2 0 0 0 0 0 0 0 0 2 0 0 0 0 0 0 0 0 1 0 0 2 0 0 0 0 1 0 0 0 0 0 0 0 0 2 
1 0 2 0 0 0 0 0 0 0 0 1 0 0 0 1 0 0 0 1 1 0 0 0 1 0 0 2 0 2 2 0 0 2 0 0 1 0 2 1 1 0 2 2 1 2 0 0 0 0 0 0 0 0 2 0 0 0 0 0 0 0 0 1 0 0 2 0 0 0 0 1 0 0 0 0 0 0 0 0 2 
1
0 0 0 0 0 0 0 0 0 
1 0 2 0 0 0 0 0 0 0 0 1 0 0 0 1 0 0 0 1 1 0 0 0 1 0 0 2 1 2 2 0 0 2 0 0 1 0 2 1 1 0 2 2 1 2 0 0 0 0 0 0 0 0 2 0 0 0 0 0 0 0 0 1 0 0 2 0 0 0 0 1 0 0 0 0 0 0 0 0 2 
1 0 2 0 0 0 0 0 0 0 0 1 0 0 0 1 0 0 0 1 1 0 0 0 1 0 0 2 1 2 2 0 0 2 0 0 1 0 2 1 1 0 2 2 1 2 0 0 0 0 0 0 0 0 2 0 0 0 0 0 0 0 0 1 0 0 2 0 0 0 0 1 0 0 0 0 0 0 0 0 2 
1
0 0 0 0 0 0 0 0 0 
1 0 2 0 0 0 0 0 0 0 0 1 0 0 0 1 0 0 0 1 1 0 2 0 1 0 0 2 1 2 2 0 0 2 0 0 1 0 2 1 1 0 2 2 1 2 0 0 0 0 0 0 0 0 2 0 0 0 0 0 0 0 0 1 0 0 2 0 0 0 0 1 0 0 0 0 0 0 0 0 2 
1 0 2 0 0 0 0 0 0 0 0 1 0 0 0 1 0 0 0 1 1 0 2 0 1 0 0 2 1 2 2 0 0 2 0 0 1 0 2 1 1 0 2 2 1 2 0 0 0 0 0 0 0 0 2 0 0 0 0 0 0 0 0 1 0 0 2 0 0 0 0 1 0 0 0 0 0 0 0 0 2 
1
0 0 0 0 0 0 0 0 0 
1 0 2 0 0 0 0 0 0 0 0 1 0 0 0 1 0 0 0 1 1 0 2 0 1 0 0 2 1 2 2 0 0 2 0 0 1 0 2 1 1 0 2 2 1 2 0 0 0 0 0 0 0 0 2 0 0 0 0 0 0 0 0 1 0 0 2 0 0 0 0 1 0 0 0 1 0 0 0 0 2 
1 0 2 0 0 0 0 0 0 0 0 1 0 0 0 1 0 0 0 1 1 0 2 0 1 0 0 2 1 2 2 0 0 2 0 0 1 0 2 1 1 0 2 2 1 2 0 0 0 0 0 0 0 0 2 0 0 0 0 0 0 0 0 1 0 0 2 0 0 0 0 1 0 0 0 1 0 0 0 0 2 
1
0 0 0 0 0 0 0 0 0 
1 0 2 0 0 0 0 0 0 0 0 1 0 0 0 1 0 0 0 1 1 0 2 0 1 0 0 2 1 2 2 0 0 2 0 0 1 0 2 1 1 0 2 2 1 2 0 0 0 0 0 0 0 0 2 0 0 0 0 0 0 0 0 1 2 0 2 0 0 0 0 1 0 0 0 1 0 0 0 0 2 
1 0 2 0 0 0 0 0 0 0 0 1 0 0 0 1 0 0 0 1 1 0 2 0 1 0 0 2 1 2 2 0 0 2 0 0 1 0 2 1 1 0 2 2 1 2 0 0 0 0 0 0 0 0 2 0 0 0 0 0 0 0 0 1 2 0 2 0 0 0 0 1 0 0 0 1 0 0 0 0 2 
1
0 0 0 0 1 0 0 0 0 
1 0 2 0 0 0 0 0 0 0 0 1 0 0 0 1 0 0 0 1 1 0 2 0 1 0 0 2 1 2 2 0 0 2 0 0 1 0 2 1 1 1 2 2 1 2 0 0 0 0 0 0 0 0 2 0 0 0 0 0 0 0 0 1 2 0 2 0 0 0 0 1 0 0 0 1 0 0 0 0 2 
1 0 2 0 0 0 0 0 0 0 0 1 0 0 0 1 0 0 0 1 1 0 2 0 1 0 0 2 1 2 18 16 16 2 0 0 1 0 2 17 17 17 2 2 1 2 0 0 16 16 16 0 0 0 2 0 0 0 0 0 0 0 0 1 2 0 2 0 0 0 0 1 0 0 0 1 0 0 0 0 2 
1
0 0 0 0 1 2 0 0 0 
1 0 2 0 0 0 0 0 0 0 0 1 0 0 0 1 0 0 0 1 1 0 2 0 1 0 0 2 1 2 2 0 0 2 0 0 1 0 2 1 1 1 2 2 1 2 0 0 0 0 0 2 0 0 2 0 0 0 0 0 0 0 0 1 2 0 2 0 0 0 0 1 0 0 0 1 0 0 0 0 2 
1 0 2 0 0 0 0 0 0 0 0 1 0 0 0 1 0 0 0 1 1 0 2 0 1 0 0 2 1 2 18 16 16 34 32 32 1 0 2 17 17 17 34 34 33 2 0 0 16 16 16 34 32 32 2 0 0 0 0 0 0 0 0 1 2 0 2 0 0 0 0 1 0 0 0 1 0 0 0 0 2 
1
0 0 0 0 1 2 0 0 0 
1 0 2 0 0 0 0 0 0 0 0 1 0 0 0 1 0 0 0 1 1 0 2 0 1 0 0 2 1 2 2 0 0 2 0 0 1 0 2 1 1 1 2 2 1 2 0 0 0 0 0 2 0 0 2 0 0 0 0 0 0 0 0 1 2 0 2 0 0 0 0 1 0 0 1 1 0 0 0 0 2 
1 0 2 0 0 0 0 0 0 0 0 1 0 0 0 1 0 0 0 1 1 0 2 0 1 0 0 2 1 2 18 16 16 34 32 32 1 0 2 17 17 17 34 34 33 2 0 0 16 16 16 34 32 32 2 0 0 0 0 0 0 0 0 1 2 0 2 0 0 0 0 1 0 0 1 1 0 0 0 0 2 
1
0 0 0 0 1 2 0 0 0 
1 0 2 0 0 0 0 0 0 0 0 1 0 0 0 1 0 0 0 1 1 0 2 0 1 0 0 2 1 2 2 0 0 2 0 0 1 0 2 1 1 1 2 2 1 2 0 0 0 0 0 2 0 0 2 0 0 0 0 0 0 0 0 1 2 0 2 0 0 0 2 1 0 0 1 1 0 0 0 0 2 
1 0 2 0 0 0 0 0 0 0 0 1 0 0 0 1 0 0 0 1 1 0 2 0 1 0 0 2 1 2 18 16 16 34 32 32 1 0 2 17 17 17 34 34 33 2 0 0 16 16 16 34 32 32 2 0 0 0 0 0 0 0 0 1 2 0 2 0 0 0 2 1 0 0 1 1 0 0 0 0 2 
1
1 0 0 0 1 2 0 0 0 
1 0 2 0 0 0 0 0 0 0 1 1 0 0 0 1 0 0 0 1 1 0 2 0 1 0 0 2 1 2 2 0 0 2 0 0 1 0 2 1 1 1 2 2 1 2 0 0 0 0 0 2 0 0 2 0 0 0 0 0 0 0 0 1 2 0 2 0 0 0 2 1 0 0 1 1 0 0 0 0 2 
17 16 18 0 0 0 0 0 0 16 17 17 0 0 0 1 0 0 16 17 17 0 2 0 1 0 0 2 1 2 18 16 16 34 32 32 1 0 2 17 17 17 34 34 33 2 0 0 16 16 16 34 32 32 2 0 0 0 0 0 0 0 0 1 2 0 2 0 0 0 2 1 0 0 1 1 0 0 0 0 2 
1
1 0 0 0 1 2 0 0 2 
1 0 2 0 0 0 0 0 0 0 1 1 0 0 0 1 0 0 0 1 1 0 2 0 1 0 0 2 1 2 2 0 0 2 0 0 1 0 2 1 1 1 2 2 1 2 0 0 0 0 0 2 0 0 2 0 0 0 0 0 2 0 0 1 2 0 2 0 0 0 2 1 0 0 1 1 0 0 0 0 2 
17 16 18 0 0 0 0 0 0 16 17 17 0 0 0 1 0 0 16 17 17 0 2 0 1 0 0 2 1 2 18 16 16 34 32 32 1 0 2 17 17 17 34 34 33 2 0 0 16 16 16 34 32 32 2 0 0 0 0 0 34 32 32 1 2 0 2 0 0 32 34 33 0 0 1 1 0 0 32 32 34 
1
1 0 0 0 1 2 0 0 2 
1 0 2 1 0 0 0 0 0 0 1 1 0 0 0 1 0 0 0 1 1 0 2 0 1 0 0 2 1 2 2 0 0 2 0 0 1 0 2 1 1 1 2 2 1 2 0 0 0 0 0 2 0 0 2 0 0 0 0 0 2 0 0 1 2 0 2 0 0 0 2 1 0 0 1 1 0 0 0 0 2 
17 16 18 1 0 0 0 0 0 16 17 17 0 0 0 1 0 0 16 17 17 0 2 0 1 0 0 2 1 2 18 16 16 34 32 32 1 0 2 17 17 17 34 34 33 2 0 0 16 16 16 34 32 32 2 0 0 0 0 0 34 32 32 1 2 0 2 0 0 32 34 33 0 0 1 1 0 0 32 32 34 
1
1 0 0 0 1 2 0 0 2 
1 0 2 1 0 0 2 0 0 0 1 1 0 0 0 1 0 0 0 1 1 0 2 0 1 0 0 2 1 2 2 0 0 2 0 0 1 0 2 1 1 1 2 2 1 2 0 0 0 0 0 2 0 0 2 0 0 0 0 0 2 0 0 1 2 0 2 0 0 0 2 1 0 0 1 1 0 0 0 0 2 
17 16 18 1 0 0 2 0 0 16 17 17 0 0 0 1 0 0 16 17 17 0 2 0 1 0 0 2 1 2 18 16 16 34 32 32 1 0 2 17 17 17 34 34 33 2 0 0 16 16 16 34 32 32 2 0 0 0 0 0 34 32 32 1 2 0 2 0 0 32 34 33 0 0 1 1 0 0 32 32 34 
1
1 0 0 0 1 2 0 0 2 
1 0 2 1 0 0 2 0 0 0 1 1 0 0 0 1 1 0 0 1 1 0 2 0 1 0 0 2 1 2 2 0 0 2 0 0 1 0 2 1 1 1 2 2 1 2 0 0 0 0 0 2 0 0 2 0 0 0 0 0 2 0 0 1 2 0 2 0 0 0 2 1 0 0 1 1 0 0 0 0 2 
17 16 18 1 0 0 2 0 0 16 17 17 0 0 0 1 1 0 16 17 17 0 2 0 1 0 0 2 1 2 18 16 16 34 32 32 1 0 2 17 17 17 34 34 33 2 0 0 16 16 16 34 32 32 2 0 0 0 0 0 34 32 32 1 2 0 2 0 0 32 34 33 0 0 1 1 0 0 32 32 34 
1
1 0 0 0 1 2 0 0 2 
1 0 2 1 0 0 2 0 2 0 1 1 0 0 0 1 1 0 0 1 1 0 2 0 1 0 0 2 1 2 2 0 0 2 0 0 1 0 2 1 1 1 2 2 1 2 0 0 0 0 0 2 0 0 2 0 0 0 0 0 2 0 0 1 2 0 2 0 0 0 2 1 0 0 1 1 0 0 0 0 2 
17 16 18 1 0 0 2 0 2 16 17 17 0 0 0 1 1 0 16 17 17 0 2 0 1 0 0 2 1 2 18 16 16 34 32 32 1 0 2 17 17 17 34 34 33 2 0 0 16 16 16 34 32 32 2 0 0 0 0 0 34 32 32 1 2 0 2 0 0 32 34 33 0 0 1 1 0 0 32 32 34 
1
1 0 0 0 1 2 0 0 2 
1 0 2 1 0 0 2 1 2 0 1 1 0 0 0 1 1 0 0 1 1 0 2 0 1 0 0 2 1 2 2 0 0 2 0 0 1 0 2 1 1 1 2 2 1 2 0 0 0 0 0 2 0 0 2 0 0 0 0 0 2 0 0 1 2 0 2 0 0 0 2 1 0 0 1 1 0 0 0 0 2 
17 16 18 1 0 0 2 1 2 16 17 17 0 0 0 1 1 0 16 17 17 0 2 0 1 0 0 2 1 2 18 16 16 34 32 32 1 0 2 17 17 17 34 34 33 2 0 0 16 16 16 34 32 32 2 0 0 0 0 0 34 32 32 1 2 0 2 0 0 32 34 33 0 0 1 1 0 0 32 32 34 
1
1 0 0 0 1 2 0 0 2 
1 0 2 1 0 0 2 1 2 0 1 1 2 0 0 1 1 0 0 1 1 0 2 0 1 0 0 2 1 2 2 0 0 2 0 0 1 0 2 1 1 1 2 2 1 2 0 0 0 0 0 2 0 0 2 0 0 0 0 0 2 0 0 1 2 0 2 0 0 0 2 1 0 0 1 1 0 0 0 0 2 
17 16 18 1 0 0 2 1 2 16 17 17 2 0 0 1 1 0 16 17 17 0 2 0 1 0 0 2 1 2 18 16 16 34 32 32 1 0 2 17 17 17 34 34 33 2 0 0 16 16 16 34 32 32 2 0 0 0 0 0 34 32 32 1 2 0 2 0 0 32 34 33 0 0 1 1 0 0 32 32 34 
1
1 0 0 0 1 2 0 0 2 
1 0 2 1 0 0 2 1 2 0 1 1 2 0 0 1 1 0 0 1 1 0 2 0 1 0 0 2 1 2 2 0 0 2 0 0 1 0 2 1 1 1 2 2 1 2 1 0 0 0 0 2 0 0 2 0 0 0 0 0 2 0 0 1 2 0 2 0 0 0 2 1 0 0 1 1 0 0 0 0 2 
17 16 18 1 0 0 2 1 2 16 17 17 2 0 0 1 1 0 16 17 17 0 2 0 1 0 0 2 1 2 18 16 16 34 32 32 1 0 2 17 17 17 34 34 33 2 1 0 16 16 16 34 32 32 2 0 0 0 0 0 34 32 32 1 2 0 2 0 0 32 34 33 0 0 1 1 0 0 32 32 34 
1
1 0 0 0 1 2 0 0 2 
1 0 2 1 0 0 2 1 2 0 1 1 2 0 0 1 1 0 0 1 1 0 2 0 1 0 0 2 1 2 2 0 0 2 0 0 1 0 2 1 1 1 2 2 1 2 1 0 0 0 0 2 0 0 2 0 0 0 0 0 2 0 0 1 2 0 2 0 0 0 2 1 0 0 1 1 2 0 0 0 2 
17 16 18 1 0 0 2 1 2 16 17 17 2 0 0 1 1 0 16 17 17 0 2 0 1 0 0 2 1 2 18 16 16 34 32 32 1 0 2 17 17 17 34 34 33 2 1 0 16 16 16 34 32 32 2 0 0 0 0 0 34 32 32 1 2 0 2 0 0 32 34 33 0 0 1 1 2 0 32 32 34 
1
1 0 0 0 1 2 0 0 2 
1 0 2 1 0 0 2 1 2 0 1 1 2 0 0 1 1 0 0 1 1 0 2 0 1 0 0 2 1 2 2 0 0 2 0 0 1 0 2 1 1 1 2 2 1 2 1 0 0 0 0 2 0 0 2 0 0 0 1 0 2 0 0 1 2 0 2 0 0 0 2 1 0 0 1 1 2 0 0 0 2 
17 16 18 1 0 0 2 1 2 16 17 17 2 0 0 1 1 0 16 17 17 0 2 0 1 0 0 2 1 2 18 16 16 34 32 32 1 0 2 17 17 17 34 34 33 2 1 0 16 16 16 34 32 32 2 0 0 0 1 0 34 32 32 1 2 0 2 0 0 32 34 33 0 0 1 1 2 0 32 32 34 
1
1 0 0 0 1 2 0 0 2 
1 0 2 1 2 0 2 1 2 0 1 1 2 0 0 1 1 0 0 1 1 0 2 0 1 0 0 2 1 2 2 0 0 2 0 0 1 0 2 1 1 1 2 2 1 2 1 0 0 0 0 2 0 0 2 0 0 0 1 0 2 0 0 1 2 0 2 0 0 0 2 1 0 0 1 1 2 0 0 0 2 
17 16 18 1 2 0 2 1 2 16 17 17 2 0 0 1 1 0 16 17 17 0 2 0 1 0 0 2 1 2 18 16 16 34 32 32 1 0 2 17 17 17 34 34 33 2 1 0 16 16 16 34 32 32 2 0 0 0 1 0 34 32 32 1 2 0 2 0 0 32 34 33 0 0 1 1 2 0 32 32 34 
1
1 0 0 0 1 2 0 0 2 
1 0 2 1 2 0 2 1 2 0 1 1 2 1 0 1 1 0 0 1 1 0 2 0 1 0 0 2 1 2 2 0 0 2 0 0 1 0 2 1 1 1 2 2 1 2 1 0 0 0 0 2 0 0 2 0 0 0 1 0 2 0 0 1 2 0 2 0 0 0 2 1 0 0 1 1 2 0 0 0 2 
17 16 18 1 2 0 2 1 2 16 17 17 2 1 0 1 1 0 16 17 17 0 2 0 1 0 0 2 1 2 18 16 16 34 32 32 1 0 2 17 17 17 34 34 33 2 1 0 16 16 16 34 32 32 2 0 0 0 1 0 34 32 32 1 2 0 2 0 0 32 34 33 0 0 1 1 2 0 32 32 34 
1
1 0 0 0 1 2 0 0 2 
1 0 2 1 2 0 2 1 2 0 1 1 2 1 0 1 1 2 0 1 1 0 2 0 1 0 0 2 1 2 2 0 0 2 0 0 1 0 2 1 1 1 2 2 1 2 1 0 0 0 0 2 0 0 2 0 0 0 1 0 2 0 0 1 2 0 2 0 0 0 2 1 0 0 1 1 2 0 0 0 2 
17 16 18 1 2 0 2 1 2 16 17 17 2 1 0 1 1 2 16 17 17 0 2 0 1 0 0 2 1 2 18 16 16 34 32 32 1 0 2 17 17 17 34 34 33 2 1 0 16 16 16 34 32 32 2 0 0 0 1 0 34 32 32 1 2 0 2 0 0 32 34 33 0 0 1 1 2 0 32 32 34 
1
1 0 1 0 1 2 0 0 2 
1 0 2 1 2 0 2 1 2 0 1 1 2 1 0 1 1 2 0 1 1 0 2 0 1 1 0 2 1 2 2 0 0 2 0 0 1 0 2 1 1 1 2 2 1 2 1 0 0 0 0 2 0 0 2 0 0 0 1 0 2 0 0 1 2 0 2 0 0 0 2 1 0 0 1 1 2 0 0 0 2 
17 16 18 1 2 0 18 17 18 16 17 17 2 1 0 17 17 18 16 17 17 0 2 0 17 17 16 2 1 2 18 16 16 34 32 32 1 0 2 17 17 17 34 34 33 2 1 0 16 16 16 34 32 32 2 0 0 0 1 0 34 32 32 1 2 0 2 0 0 32 34 33 0 0 1 1 2 0 32 32 34 
1
1 0 1 0 1 2 0 0 2 
1 0 2 1 2 0 2 1 2 0 1 1 2 1 0 1 1 2 0 1 1 0 2 0 1 1 0 2 1 2 2 0 0 2 0 0 1 0 2 1 1 1 2 2 1 2 1 0 0 0 0 2 0 0 2 0 0 0 1 2 2 0 0 1 2 0 2 0 0 0 2 1 0 0 1 1 2 0 0 0 2 
17 16 18 1 2 0 18 17 18 16 17 17 2 1 0 17 17 18 16 17 17 0 2 0 17 17 16 2 1 2 18 16 16 34 32 32 1 0 2 17 17 17 34 34 33 2 1 0 16 16 16 34 32 32 2 0 0 0 1 2 34 32 32 1 2 0 2 0 0 32 34 33 0 0 1 1 2 0 32 32 34 
1
1 1 1 0 1 2 0 0 2 
1 0 2 1 2 0 2 1 2 0 1 1 2 1 0 1 1 2 0 1 1 0 2 1 1 1 0 2 1 2 2 0 0 2 0 0 1 0 2 1 1 1 2 2 1 2 1 0 0 0 0 2 0 0 2 0 0 0 1 2 2 0 0 1 2 0 2 0 0 0 2 1 0 0 1 1 2 0 0 0 2 
17 16 18 17 18 16 18 17 18 16 17 17 18 17 16 17 17 18 16 17 17 16 18 17 17 17 16 2 1 2 18 16 16 34 32 32 1 0 2 17 17 17 34 34 33 2 1 0 16 16 16 34 32 32 2 0 0 0 1 2 34 32 32 1 2 0 2 0 0 32 34 33 0 0 1 1 2 0 32 32 34 
1
1 1 1 0 1 2 0 0 2 
1 0 2 1 2 0 2 1 2 0 1 1 2 1 0 1 1 2 0 1 1 0 2 1 1 1 0 2 1 2 2 0 0 2 0 0 1 0 2 1 1 1 2 2 1 2 1 0 0 0 0 2 0 0 2 0 0 0 1 2 2 0 0 1 2 0 2 0 0 0 2 1 0 0 1 1 2 0 0 0 2 
17 16 18 17 18 16 18 17 18 16 17 17 18 17 16 17 17 18 16 17 17 16 18 17 17 17 16 2 1 2 18 16 16 34 32 32 1 0 2 17 17 17 34 34 33 2 1 0 16 16 16 34 32 32 2 0 0 0 1 2 34 32 32 1 2 0 2 0 0 32 34 33 0 0 1 1 2 0 32 32 34 
1
