0 0 0 0 0 0 0 0 0 
0 0 0 0 0 0 0 0 0 0 0 0 0 1 0 0 0 0 0 0 0 0 0 0 0 0 0 0 0 0 0 0 0 0 0 0 0 0 0 0 0 0 0 0 0 0 0 0 0 0 0 0 0 0 0 0 0 0 0 0 0 0 0 0 0 0 0 0 0 0 0 0 0 0 0 0 0 0 0 0 0 
0 0 0 0 0 0 0 0 0 0 0 0 0 1 0 0 0 0 0 0 0 0 0 0 0 0 0 0 0 0 0 0 0 0 0 0 0 0 0 0 0 0 0 0 0 0 0 0 0 0 0 0 0 0 0 0 0 0 0 0 0 0 0 0 0 0 0 0 0 0 0 0 0 0 0 0 0 0 0 0 0 
1
0 0 0 0 0 0 0 0 0 
0 0 0 0 0 0 0 0 0 0 0 0 0 1 0 0 0 0 0 0 0 0 0 0 0 0 0 0 0 0 0 0 0 0 0 0 0 0 0 0 2 0 0 0 0 0 0 0 0 0 0 0 0 0 0 0 0 0 0 0 0 0 0 0 0 0 0 0 0 0 0 0 0 0 0 0 0 0 0 0 0 
0 0 0 0 0 0 0 0 0 0 0 0 0 1 0 0 0 0 0 0 0 0 0 0 0 0 0 0 0 0 0 0 0 0 0 0 0 0 0 0 2 0 0 0 0 0 0 0 0 0 0 0 0 0 0 0 0 0 0 0 0 0 0 0 0 0 0 0 0 0 0 0 0 0 0 0 0 0 0 0 0 
1
0 0 0 0 0 0 0 0 0 
0 0 0 0 0 0 0 0 0 0 0 0 0 1 0 0 0 0 0 0 0 0 0 0 0 0 0 0 0 0 1 0 0 0 0 0 0 0 0 0 2 0 0 0 0 0 0 0 0 0 0 0 0 0 0 0 0 0 0 0 0 0 0 0 0 0 0 0 0 0 0 0 0 0 0 0 0 0 0 0 0 
0 0 0 0 0 0 0 0 0 0 0 0 0 1 0 0 0 0 0 0 0 0 0 0 0 0 0 0 0 0 1 0 0 0 0 0 0 0 0 0 2 0 0 0 0 0 0 0 0 0 0 0 0 0 0 0 0 0 0 0 0 0 0 0 0 0 0 0 0 0 0 0 0 0 0 0 0 0 0 0 0 
1
0 0 0 0 0 0 0 0 0 
0 0 0 0 0 0 0 0 0 2 0 0 0 1 0 0 0 0 0 0 0 0 0 0 0 0 0 0 0 0 1 0 0 0 0 0 0 0 0 0 2 0 0 0 0 0 0 0 0 0 0 0 0 0 0 0 0 0 0 0 0 0 0 0 0 0 0 0 0 0 0 0 0 0 0 0 0 0 0 0 0 
0 0 0 0 0 0 0 0 0 2 0 0 0 1 0 0 0 0 0 0 0 0 0 0 0 0 0 0 0 0 1 0 0 0 0 0 0 0 0 0 2 0 0 0 0 0 0 0 0 0 0 0 0 0 0 0 0 0 0 0 0 0 0 0 0 0 0 0 0 0 0 0 0 0 0 0 0 0 0 0 0 
1
0 0 0 0 0 0 0 0 0 
0 0 0 0 0 0 0 0 0 2 0 0 0 1 0 0 0 0 0 0 0 0 0 0 0 0 0 0 0 0 1 0 0 0 0 0 0 0 0 0 2 0 0 0 0 1 0 0 0 0 0 0 0 0 0 0 0 0 0 0 0 0 0 0 0 0 0 0 0 0 0 0 0 0 0 0 0 0 0 0 0 
0 0 0 0 0 0 0 0 0 2 0 0 0 1 0 0 0 0 0 0 0 0 0 0 0 0 0 0 0 0 1 0 0 0 0 0 0 0 0 0 2 0 0 0 0 1 0 0 0 0 0 0 0 0 0 0 0 0 0 0 0 0 0 0 0 0 0 0 0 0 0 0 0 0 0 0 0 0 0 0 0 
1
0 0 0 0 0 0 0 0 0 
0 0 0 0 0 0 0 0 0 2 0 0 0 1 0 0 0 0 0 0 0 0 0 0 0 0 0 0 0 0 1 0 0 0 0 0 0 0 0 0 2 0 0 0 0 1 0 0 0 0 0 0 0 0 0 0 2 0 0 0 0 0 0 0 0 0 0 0 0 0 0 0 0 0 0 0 0 0 0 0 0 
0 0 0 0 0 0 0 0 0 2 0 0 0 1 0 0 0 0 0 0 0 0 0 0 0 0 0 0 0 0 1 0 0 0 0 0 0 0 0 0 2 0 0 0 0 1 0 0 0 0 0 0 0 0 0 0 2 0 0 0 0 0 0 0 0 0 0 0 0 0 0 0 0 0 0 0 0 0 0 0 0 
1
0 0 0 0 0 0 0 0 0 
0 0 0 0 0 0 0 0 1 2 0 0 0 1 0 0 0 0 0 0 0 0 0 0 0 0 0 0 0 0 1 0 0 0 0 0 0 0 0 0 2 0 0 0 0 1 0 0 0 0 0 0 0 0 0 0 2 0 0 0 0 0 0 0 0 0 0 0 0 0 0 0 0 0 0 0 0 0 0 0 0 
0 0 0 0 0 0 0 0 1 2 0 0 0 1 0 0 0 0 0 0 0 0 0 0 0 0 0 0 0 0 1 0 0 0 0 0 0 0 0 0 2 0 0 0 0 1 0 0 0 0 0 0 0 0 0 0 2 0 0 0 0 0 0 0 0 0 0 0 0 0 0 0 0 0 0 0 0 0 0 0 0 
1
0 0 0 0 0 0 0 0 0 
0 0 0 0 0 0 0 0 1 2 0 0 0 1 0 0 0 0 0 0 0 0 0 0 2 0 0 0 0 0 1 0 0 0 0 0 0 0 0 0 2 0 0 0 0 1 0 0 0 0 0 0 0 0 0 0 2 0 0 0 0 0 0 0 0 0 0 0 0 0 0 0 0 0 0 0 0 0 0 0 0 
0 0 0 0 0 0 0 0 1 2 0 0 0 1 0 0 0 0 0 0 0 0 0 0 2 0 0 0 0 0 1 0 0 0 0 0 0 0 0 0 2 0 0 0 0 1 0 0 0 0 0 0 0 0 0 0 2 0 0 0 0 0 0 0 0 0 0 0 0 0 0 0 0 0 0 0 0 0 0 0 0 
1
0 0 0 0 0 0 0 0 0 
0 0 0 0 0 0 0 0 1 2 0 0 0 1 0 0 0 0 0 0 0 0 0 0 2 0 0 0 0 0 1 0 0 0 0 0 0 0 0 0 2 0 0 0 0 1 0 0 0 0 0 0 0 0 0 0 2 0 0 0 0 0 0 1 0 0 0 0 0 0 0 0 0 0 0 0 0 0 0 0 0 
0 0 0 0 0 0 0 0 1 2 0 0 0 1 0 0 0 0 0 0 0 0 0 0 2 0 0 0 0 0 1 0 0 0 0 0 0 0 0 0 2 0 0 0 0 1 0 0 0 0 0 0 0 0 0 0 2 0 0 0 0 0 0 1 0 0 0 0 0 0 0 0 0 0 0 0 0 0 0 0 0 
1
0 0 0 0 0 0 0 0 0 
0 0 0 0 0 0 0 0 1 2 0 0 0 1 0 0 0 0 0 0 0 0 0 0 2 0 0 0 0 0 1 0 0 0 0 0 0 0 0 0 2 0 0 0 0 1 2 0 0 0 0 0 0 0 0 0 2 0 0 0 0 0 0 1 0 0 0 0 0 0 0 0 0 0 0 0 0 0 0 0 0 
0 0 0 0 0 0 0 0 1 2 0 0 0 1 0 0 0 0 0 0 0 0 0 0 2 0 0 0 0 0 1 0 0 0 0 0 0 0 0 0 2 0 0 0 0 1 2 0 0 0 0 0 0 0 0 0 2 0 0 0 0 0 0 1 0 0 0 0 0 0 0 0 0 0 0 0 0 0 0 0 0 
1
0 0 0 0 0 0 0 0 0 
0 0 0 0 0 0 0 0 1 2 0 0 0 1 0 0 0 0 0 0 0 0 0 0 2 0 0 0 0 0 1 0 0 0 0 0 0 0 0 0 2 0 0 0 0 1 2 0 0 0 0 0 0 0 0 0 2 0 0 0 0 0 0 1 0 0 0 0 1 0 0 0 0 0 0 0 0 0 0 0 0 
0 0 0 0 0 0 0 0 1 2 0 0 0 1 0 0 0 0 0 0 0 0 0 0 2 0 0 0 0 0 1 0 0 0 0 0 0 0 0 0 2 0 0 0 0 1 2 0 0 0 0 0 0 0 0 0 2 0 0 0 0 0 0 1 0 0 0 0 1 0 0 0 0 0 0 0 0 0 0 0 0 
1
0 0 0 0 0 0 0 0 0 
0 0 0 0 0 0 0 0 1 2 0 0 0 1 0 0 0 0 0 0 0 0 0 0 2 0 0 0 0 0 1 0 0 0 0 0 0 0 0 0 2 0 0 0 2 1 2 0 0 0 0 0 0 0 0 0 2 0 0 0 0 0 0 1 0 0 0 0 1 0 0 0 0 0 0 0 0 0 0 0 0 
0 0 0 0 0 0 0 0 1 2 0 0 0 1 0 0 0 0 0 0 0 0 0 0 2 0 0 0 0 0 1 0 0 0 0 0 0 0 0 0 2 0 0 0 2 1 2 0 0 0 0 0 0 0 0 0 2 0 0 0 0 0 0 1 0 0 0 0 1 0 0 0 0 0 0 0 0 0 0 0 0 
1
0 0 0 0 0 0 0 0 0 
0 0 0 0 0 0 0 0 1 2 0 0 0 1 0 0 0 0 0 0 0 0 0 0 2 0 0 0 0 0 1 0 0 0 1 0 0 0 0 0 2 0 0 0 2 1 2 0 0 0 0 0 0 0 0 0 2 0 0 0 0 0 0 1 0 0 0 0 1 0 0 0 0 0 0 0 0 0 0 0 0 
0 0 0 0 0 0 0 0 1 2 0 0 0 1 0 0 0 0 0 0 0 0 0 0 2 0 0 0 0 0 1 0 0 0 1 0 0 0 0 0 2 0 0 0 2 1 2 0 0 0 0 0 0 0 0 0 2 0 0 0 0 0 0 1 0 0 0 0 1 0 0 0 0 0 0 0 0 0 0 0 0 
1
0 0 0 0 0 0 0 0 0 
0 0 0 0 0 0 0 0 1 2 0 0 2 1 0 0 0 0 0 0 0 0 0 0 2 0 0 0 0 0 1 0 0 0 1 0 0 0 0 0 2 0 0 0 2 1 2 0 0 0 0 0 0 0 0 0 2 0 0 0 0 0 0 1 0 0 0 0 1 0 0 0 0 0 0 0 0 0 0 0 0 
0 0 0 0 0 0 0 0 1 2 0 0 2 1 0 0 0 0 0 0 0 0 0 0 2 0 0 0 0 0 1 0 0 0 1 0 0 0 0 0 2 0 0 0 2 1 2 0 0 0 0 0 0 0 0 0 2 0 0 0 0 0 0 1 0 0 0 0 1 0 0 0 0 0 0 0 0 0 0 0 0 
1
0 0 0 0 0 0 0 0 0 
0 0 0 0 0 0 0 0 1 2 0 0 2 1 0 0 0 0 0 0 0 0 0 0 2 0 0 1 0 0 1 0 0 0 1 0 0 0 0 0 2 0 0 0 2 1 2 0 0 0 0 0 0 0 0 0 2 0 0 0 0 0 0 1 0 0 0 0 1 0 0 0 0 0 0 0 0 0 0 0 0 
0 0 0 0 0 0 0 0 1 2 0 0 2 1 0 0 0 0 0 0 0 0 0 0 2 0 0 1 0 0 1 0 0 0 1 0 0 0 0 0 2 0 0 0 2 1 2 0 0 0 0 0 0 0 0 0 2 0 0 0 0 0 0 1 0 0 0 0 1 0 0 0 0 0 0 0 0 0 0 0 0 
1
0 0 0 0 0 0 0 0 0 
0 0 0 0 0 0 0 0 1 2 0 0 2 1 0 0 0 0 2 0 0 0 0 0 2 0 0 1 0 0 1 0 0 0 1 0 0 0 0 0 2 0 0 0 2 1 2 0 0 0 0 0 0 0 0 0 2 0 0 0 0 0 0 1 0 0 0 0 1 0 0 0 0 0 0 0 0 0 0 0 0 
0 0 0 0 0 0 0 0 1 2 0 0 2 1 0 0 0 0 2 0 0 0 0 0 2 0 0 1 0 0 1 0 0 0 1 0 0 0 0 0 2 0 0 0 2 1 2 0 0 0 0 0 0 0 0 0 2 0 0 0 0 0 0 1 0 0 0 0 1 0 0 0 0 0 0 0 0 0 0 0 0 
1
0 0 0 0 0 0 0 0 0 
0 0 0 0 0 0 0 0 1 2 0 0 2 1 0 0 0 0 2 0 0 0 0 0 2 0 0 1 0 0 1 0 0 0 1 0 0 0 0 0 2 0 0 0 2 1 2 0 0 0 0 0 0 0 0 0 2 0 0 0 0 0 0 1 0 1 0 0 1 0 0 0 0 0 0 0 0 0 0 0 0 
0 0 0 0 0 0 0 0 1 2 0 0 2 1 0 0 0 0 2 0 0 0 0 0 2 0 0 1 0 0 1 0 0 0 1 0 0 0 0 0 2 0 0 0 2 1 2 0 0 0 0 0 0 0 0 0 2 0 0 0 0 0 0 1 0 1 0 0 1 0 0 0 0 0 0 0 0 0 0 0 0 
1
0 0 0 0 0 0 0 0 0 
0 0 0 0 0 0 0 0 1 2 0 0 2 1 0 0 0 0 2 0 0 0 0 0 2 0 0 1 0 0 1 0 0 0 1 0 0 0 0 0 2 0 0 0 2 1 2 0 0 0 0 0 0 2 0 0 2 0 0 0 0 0 0 1 0 1 0 0 1 0 0 0 0 0 0 0 0 0 0 0 0 
0 0 0 0 0 0 0 0 1 2 0 0 2 1 0 0 0 0 2 0 0 0 0 0 2 0 0 1 0 0 1 0 0 0 1 0 0 0 0 0 2 0 0 0 2 1 2 0 0 0 0 0 0 2 0 0 2 0 0 0 0 0 0 1 0 1 0 0 1 0 0 0 0 0 0 0 0 0 0 0 0 
1
0 0 0 0 0 0 0 0 0 
0 0 0 0 0 0 0 0 1 2 0 0 2 1 0 0 0 0 2 0 0 0 0 0 2 0 0 1 0 0 1 0 0 0 1 0 0 0 0 0 2 0 0 0 2 1 2 0 0 0 0 0 0 2 0 0 2 0 0 0 0 0 0 1 0 1 0 0 1 0 0 0 0 0 0 0 0 0 0 1 0 
0 0 0 0 0 0 0 0 1 2 0 0 2 1 0 0 0 0 2 0 0 0 0 0 2 0 0 1 0 0 1 0 0 0 1 0 0 0 0 0 2 0 0 0 2 1 2 0 0 0 0 0 0 2 0 0 2 0 0 0 0 0 0 1 0 1 0 0 1 0 0 0 0 0 0 0 0 0 0 1 0 
1
0 0 0 0 0 0 0 0 0 
0 0 0 0 0 0 0 0 1 2 0 0 2 1 0 0 0 0 2 0 0 0 0 0 2 0 0 1 0 0 1 0 0 0 1 0 0 0 0 0 2 0 0 0 2 1 2 0 0 0 0 0 0 2 0 0 2 0 2 0 0 0 0 1 0 1 0 0 1 0 0 0 0 0 0 0 0 0 0 1 0 
0 0 0 0 0 0 0 0 1 2 0 0 2 1 0 0 0 0 2 0 0 0 0 0 2 0 0 1 0 0 1 0 0 0 1 0 0 0 0 0 2 0 0 0 2 1 2 0 0 0 0 0 0 2 0 0 2 0 2 0 0 0 0 1 0 1 0 0 1 0 0 0 0 0 0 0 0 0 0 1 0 
1
0 0 0 0 0 0 0 0 0 
0 0 0 0 1 0 0 0 1 2 0 0 2 1 0 0 0 0 2 0 0 0 0 0 2 0 0 1 0 0 1 0 0 0 1 0 0 0 0 0 2 0 0 0 2 1 2 0 0 0 0 0 0 2 0 0 2 0 2 0 0 0 0 1 0 1 0 0 1 0 0 0 0 0 0 0 0 0 0 1 0 
0 0 0 0 1 0 0 0 1 2 0 0 2 1 0 0 0 0 2 0 0 0 0 0 2 0 0 1 0 0 1 0 0 0 1 0 0 0 0 0 2 0 0 0 2 1 2 0 0 0 0 0 0 2 0 0 2 0 2 0 0 0 0 1 0 1 0 0 1 0 0 0 0 0 0 0 0 0 0 1 0 
1
0 0 0 0 0 0 0 0 0 
0 0 0 0 1 0 0 0 1 2 0 0 2 1 0 0 0 0 2 0 0 0 2 0 2 0 0 1 0 0 1 0 0 0 1 0 0 0 0 0 2 0 0 0 2 1 2 0 0 0 0 0 0 2 0 0 2 0 2 0 0 0 0 1 0 1 0 0 1 0 0 0 0 0 0 0 0 0 0 1 0 
0 0 0 0 1 0 0 0 1 2 0 0 2 1 0 0 0 0 2 0 0 0 2 0 2 0 0 1 0 0 1 0 0 0 1 0 0 0 0 0 2 0 0 0 2 1 2 0 0 0 0 0 0 2 0 0 2 0 2 0 0 0 0 1 0 1 0 0 1 0 0 0 0 0 0 0 0 0 0 1 0 
1
0 0 0 0 0 0 0 0 0 
0 0 0 0 1 0 0 0 1 2 0 0 2 1 0 0 0 0 2 0 0 0 2 0 2 0 0 1 0 0 1 0 0 0 1 0 0 0 0 0 2 0 0 0 2 1 2 0 0 0 0 0 0 2 0 0 2 0 2 0 0 0 0 1 0 1 1 0 1 0 0 0 0 0 0 0 0 0 0 1 0 
0 0 0 0 1 0 0 0 1 2 0 0 2 1 0 0 0 0 2 0 0 0 2 0 2 0 0 1 0 0 1 0 0 0 1 0 0 0 0 0 2 0 0 0 2 1 2 0 0 0 0 0 0 2 0 0 2 0 2 0 0 0 0 1 0 1 1 0 1 0 0 0 0 0 0 0 0 0 0 1 0 
1
0 0 0 0 0 0 0 0 0 
0 0 0 0 1 0 0 0 1 2 0 0 2 1 0 0 0 0 2 0 0 0 2 0 2 0 0 1 0 0 1 0 0 0 1 0 2 0 0 0 2 0 0 0 2 1 2 0 0 0 0 0 0 2 0 0 2 0 2 0 0 0 0 1 0 1 1 0 1 0 0 0 0 0 0 0 0 0 0 1 0 
0 0 0 0 1 0 0 0 1 2 0 0 2 1 0 0 0 0 2 0 0 0 2 0 2 0 0 1 0 0 1 0 0 0 1 0 2 0 0 0 2 0 0 0 2 1 2 0 0 0 0 0 0 2 0 0 2 0 2 0 0 0 0 1 0 1 1 0 1 0 0 0 0 0 0 0 0 0 0 1 0 
1
0 0 0 0 0 0 0 0 0 
0 0 0 0 1 0 0 0 1 2 0 0 2 1 0 0 0 0 2 0 0 0 2 0 2 0 0 1 0 1 1 0 0 0 1 0 2 0 0 0 2 0 0 0 2 1 2 0 0 0 0 0 0 2 0 0 2 0 2 0 0 0 0 1 0 1 1 0 1 0 0 0 0 0 0 0 0 0 0 1 0 
0 0 0 0 1 0 0 0 1 2 0 0 2 1 0 0 0 0 2 0 0 0 2 0 2 0 0 1 0 1 1 0 0 0 1 0 2 0 0 0 2 0 0 0 2 1 2 0 0 0 0 0 0 2 0 0 2 0 2 0 0 0 0 1 0 1 1 0 1 0 0 0 0 0 0 0 0 0 0 1 0 
1
0 0 0 0 0 0 0 0 0 
0 0 0 0 1 0 2 0 1 2 0 0 2 1 0 0 0 0 2 0 0 0 2 0 2 0 0 1 0 1 1 0 0 0 1 0 2 0 0 0 2 0 0 0 2 1 2 0 0 0 0 0 0 2 0 0 2 0 2 0 0 0 0 1 0 1 1 0 1 0 0 0 0 0 0 0 0 0 0 1 0 
0 0 0 0 1 0 2 0 1 2 0 0 2 1 0 0 0 0 2 0 0 0 2 0 2 0 0 1 0 1 1 0 0 0 1 0 2 0 0 0 2 0 0 0 2 1 2 0 0 0 0 0 0 2 0 0 2 0 2 0 0 0 0 1 0 1 1 0 1 0 0 0 0 0 0 0 0 0 0 1 0 
1
0 0 0 0 0 0 0 0 0 
1 0 0 0 1 0 2 0 1 2 0 0 2 1 0 0 0 0 2 0 0 0 2 0 2 0 0 1 0 1 1 0 0 0 1 0 2 0 0 0 2 0 0 0 2 1 2 0 0 0 0 0 0 2 0 0 2 0 2 0 0 0 0 1 0 1 1 0 1 0 0 0 0 0 0 0 0 0 0 1 0 
1 0 0 0 1 0 2 0 1 2 0 0 2 1 0 0 0 0 2 0 0 0 2 0 2 0 0 1 0 1 1 0 0 0 1 0 2 0 0 0 2 0 0 0 2 1 2 0 0 0 0 0 0 2 0 0 2 0 2 0 0 0 0 1 0 1 1 0 1 0 0 0 0 0 0 0 0 0 0 1 0 
1
0 0 0 0 0 0 0 0 0 
1 0 0 0 1 0 2 0 1 2 2 0 2 1 0 0 0 0 2 0 0 0 2 0 2 0 0 1 0 1 1 0 0 0 1 0 2 0 0 0 2 0 0 0 2 1 2 0 0 0 0 0 0 2 0 0 2 0 2 0 0 0 0 1 0 1 1 0 1 0 0 0 0 0 0 0 0 0 0 1 0 
1 0 0 0 1 0 2 0 1 2 2 0 2 1 0 0 0 0 2 0 0 0 2 0 2 0 0 1 0 1 1 0 0 0 1 0 2 0 0 0 2 0 0 0 2 1 2 0 0 0 0 0 0 2 0 0 2 0 2 0 0 0 0 1 0 1 1 0 1 0 0 0 0 0 0 0 0 0 0 1 0 
1
0 0 0 0 0 0 0 0 0 
1 0 0 0 1 0 2 0 1 2 2 0 2 1 0 0 0 0 2 0 0 0 2 0 2 0 0 1 0 1 1 0 0 0 1 0 2 0 0 1 2 0 0 0 2 1 2 0 0 0 0 0 0 2 0 0 2 0 2 0 0 0 0 1 0 1 1 0 1 0 0 0 0 0 0 0 0 0 0 1 0 
1 0 0 0 1 0 2 0 1 2 2 0 2 1 0 0 0 0 2 0 0 0 2 0 2 0 0 1 0 1 1 0 0 0 1 0 2 0 0 1 2 0 0 0 2 1 2 0 0 0 0 0 0 2 0 0 2 0 2 0 0 0 0 1 0 1 1 0 1 0 0 0 0 0 0 0 0 0 0 1 0 
1
0 0 0 0 0 0 0 0 0 
1 0 0 0 1 0 2 0 1 2 2 0 2 1 0 0 0 0 2 0 0 0 2 0 2 0 0 1 2 1 1 0 0 0 1 0 2 0 0 1 2 0 0 0 2 1 2 0 0 0 0 0 0 2 0 0 2 0 2 0 0 0 0 1 0 1 1 0 1 0 0 0 0 0 0 0 0 0 0 1 0 
1 0 0 0 1 0 2 0 1 2 2 0 2 1 0 0 0 0 2 0 0 0 2 0 2 0 0 1 2 1 1 0 0 0 1 0 2 0 0 1 2 0 0 0 2 1 2 0 0 0 0 0 0 2 0 0 2 0 2 0 0 0 0 1 0 1 1 0 1 0 0 0 0 0 0 0 0 0 0 1 0 
1
0 0 0 0 0 0 0 0 0 
1 0 0 0 1 0 2 0 1 2 2 0 2 1 0 0 0 0 2 0 0 1 2 0 2 0 0 1 2 1 1 0 0 0 1 0 2 0 0 1 2 0 0 0 2 1 2 0 0 0 0 0 0 2 0 0 2 0 2 0 0 0 0 1 0 1 1 0 1 0 0 0 0 0 0 0 0 0 0 1 0 
1 0 0 0 1 0 2 0 1 2 2 0 2 1 0 0 0 0 2 0 0 1 2 0 2 0 0 1 2 1 1 0 0 0 1 0 2 0 0 1 2 0 0 0 2 1 2 0 0 0 0 0 0 2 0 0 2 0 2 0 0 0 0 1 0 1 1 0 1 0 0 0 0 0 0 0 0 0 0 1 0 
1
0 0 0 0 0 0 0 0 0 
1 0 0 0 1 0 2 0 1 2 2 0 2 1 0 0 0 0 2 0 0 1 2 0 2 0 0 1 2 1 1 0 0 0 1 0 2 0 0 1 2 0 0 0 2 1 2 0 0 0 0 0 0 2 2 0 2 0 2 0 0 0 0 1 0 1 1 0 1 0 0 0 0 0 0 0 0 0 0 1 0 
1 0 0 0 1 0 2 0 1 2 2 0 2 1 0 0 0 0 2 0 0 1 2 0 2 0 0 1 2 1 1 0 0 0 1 0 2 0 0 1 2 0 0 0 2 1 2 0 0 0 0 0 0 2 2 0 2 0 2 0 0 0 0 1 0 1 1 0 1 0 0 0 0 0 0 0 0 0 0 1 0 
1
0 0 0 0 0 0 0 0 0 
1 0 1 0 1 0 2 0 1 2 2 0 2 1 0 0 0 0 2 0 0 1 2 0 2 0 0 1 2 1 1 0 0 0 1 0 2 0 0 1 2 0 0 0 2 1 2 0 0 0 0 0 0 2 2 0 2 0 2 0 0 0 0 1 0 1 1 0 1 0 0 0 0 0 0 0 0 0 0 1 0 
1 0 1 0 1 0 2 0 1 2 2 0 2 1 0 0 0 0 2 0 0 1 2 0 2 0 0 1 2 1 1 0 0 0 1 0 2 0 0 1 2 0 0 0 2 1 2 0 0 0 0 0 0 2 2 0 2 0 2 0 0 0 0 1 0 1 1 0 1 0 0 0 0 0 0 0 0 0 0 1 0 
1
0 0 2 0 0 0 0 0 0 
1 0 1 0 1 0 2 0 1 2 2 0 2 1 0 2 0 0 2 0 0 1 2 0 2 0 0 1 2 1 1 0 0 0 1 0 2 0 0 1 2 0 0 0 2 1 2 0 0 0 0 0 0 2 2 0 2 0 2 0 0 0 0 1 0 1 1 0 1 0 0 0 0 0 0 0 0 0 0 1 0 
1 0 1 0 1 0 34 32 33 2 2 0 2 1 0 34 32 32 2 0 0 1 2 0 34 32 32 1 2 1 1 0 0 0 1 0 2 0 0 1 2 0 0 0 2 1 2 0 0 0 0 0 0 2 2 0 2 0 2 0 0 0 0 1 0 1 1 0 1 0 0 0 0 0 0 0 0 0 0 1 0 
1
0 0 2 1 0 0 0 0 0 
1 0 1 0 1 0 2 0 1 2 2 0 2 1 0 2 0 0 2 0 0 1 2 0 2 0 0 1 2 1 1 0 0 0 1 0 2 1 0 1 2 0 0 0 2 1 2 0 0 0 0 0 0 2 2 0 2 0 2 0 0 0 0 1 0 1 1 0 1 0 0 0 0 0 0 0 0 0 0 1 0 
1 0 1 0 1 0 34 32 33 2 2 0 2 1 0 34 32 32 2 0 0 1 2 0 34 32 32 17 18 17 1 0 0 0 1 0 18 17 16 1 2 0 0 0 2 17 18 16 0 0 0 0 0 2 2 0 2 0 2 0 0 0 0 1 0 1 1 0 1 0 0 0 0 0 0 0 0 0 0 1 0 
1
0 0 2 1 0 0 0 0 0 
1 0 1 0 1 0 2 0 1 2 2 0 2 1 0 2 0 0 2 0 0 1 2 0 2 0 0 1 2 1 1 2 0 0 1 0 2 1 0 1 2 0 0 0 2 1 2 0 0 0 0 0 0 2 2 0 2 0 2 0 0 0 0 1 0 1 1 0 1 0 0 0 0 0 0 0 0 0 0 1 0 
1 0 1 0 1 0 34 32 33 2 2 0 2 1 0 34 32 32 2 0 0 1 2 0 34 32 32 17 18 17 1 2 0 0 1 0 18 17 16 1 2 0 0 0 2 17 18 16 0 0 0 0 0 2 2 0 2 0 2 0 0 0 0 1 0 1 1 0 1 0 0 0 0 0 0 0 0 0 0 1 0 
1
0 0 2 1 0 0 0 0 0 
1 0 1 0 1 0 2 0 1 2 2 0 2 1 1 2 0 0 2 0 0 1 2 0 2 0 0 1 2 1 1 2 0 0 1 0 2 1 0 1 2 0 0 0 2 1 2 0 0 0 0 0 0 2 2 0 2 0 2 0 0 0 0 1 0 1 1 0 1 0 0 0 0 0 0 0 0 0 0 1 0 
1 0 1 0 1 0 34 32 33 2 2 0 2 1 1 34 32 32 2 0 0 1 2 0 34 32 32 17 18 17 1 2 0 0 1 0 18 17 16 1 2 0 0 0 2 17 18 16 0 0 0 0 0 2 2 0 2 0 2 0 0 0 0 1 0 1 1 0 1 0 0 0 0 0 0 0 0 0 0 1 0 
1
0 0 2 1 0 0 0 0 0 
1 0 1 0 1 0 2 0 1 2 2 0 2 1 1 2 0 0 2 0 0 1 2 0 2 0 0 1 2 1 1 2 0 0 1 0 2 1 0 1 2 0 0 0 2 1 2 0 0 0 0 0 2 2 2 0 2 0 2 0 0 0 0 1 0 1 1 0 1 0 0 0 0 0 0 0 0 0 0 1 0 
1 0 1 0 1 0 34 32 33 2 2 0 2 1 1 34 32 32 2 0 0 1 2 0 34 32 32 17 18 17 1 2 0 0 1 0 18 17 16 1 2 0 0 0 2 17 18 16 0 0 0 0 2 2 2 0 2 0 2 0 0 0 0 1 0 1 1 0 1 0 0 0 0 0 0 0 0 0 0 1 0 
1
0 0 2 1 0 0 0 1 0 
1 0 1 0 1 0 2 0 1 2 2 0 2 1 1 2 0 0 2 0 0 1 2 0 2 0 0 1 2 1 1 2 0 0 1 0 2 1 0 1 2 0 0 0 2 1 2 0 0 0 0 0 2 2 2 0 2 0 2 0 0 0 0 1 0 1 1 1 1 0 0 0 0 0 0 0 0 0 0 1 0 
1 0 1 0 1 0 34 32 33 2 2 0 2 1 1 34 32 32 2 0 0 1 2 0 34 32 32 17 18 17 1 2 0 0 1 0 18 17 16 1 2 0 0 0 2 17 18 16 0 0 0 0 2 2 2 0 2 16 18 16 0 0 0 1 0 1 17 17 17 0 0 0 0 0 0 16 16 16 0 1 0 
1
0 0 2 1 0 0 0 1 0 
1 0 1 0 1 0 2 0 1 2 2 0 2 1 1 2 0 0 2 0 0 1 2 0 2 0 0 1 2 1 1 2 0 0 1 0 2 1 0 1 2 2 0 0 2 1 2 0 0 0 0 0 2 2 2 0 2 0 2 0 0 0 0 1 0 1 1 1 1 0 0 0 0 0 0 0 0 0 0 1 0 
1 0 1 0 1 0 34 32 33 2 2 0 2 1 1 34 32 32 2 0 0 1 2 0 34 32 32 17 18 17 1 2 0 0 1 0 18 17 16 1 2 2 0 0 2 17 18 16 0 0 0 0 2 2 2 0 2 16 18 16 0 0 0 1 0 1 17 17 17 0 0 0 0 0 0 16 16 16 0 1 0 
1
0 0 2 1 0 0 0 1 0 
1 0 1 0 1 0 2 0 1 2 2 0 2 1 1 2 0 0 2 0 0 1 2 0 2 0 0 1 2 1 1 2 0 0 1 0 2 1 0 1 2 2 0 1 2 1 2 0 0 0 0 0 2 2 2 0 2 0 2 0 0 0 0 1 0 1 1 1 1 0 0 0 0 0 0 0 0 0 0 1 0 
1 0 1 0 1 0 34 32 33 2 2 0 2 1 1 34 32 32 2 0 0 1 2 0 34 32 32 17 18 17 1 2 0 0 1 0 18 17 16 1 2 2 0 1 2 17 18 16 0 0 0 0 2 2 2 0 2 16 18 16 0 0 0 1 0 1 17 17 17 0 0 0 0 0 0 16 16 16 0 1 0 
1
0 0 2 1 2 0 0 1 0 
1 0 1 0 1 0 2 0 1 2 2 0 2 1 1 2 0 0 2 0 0 1 2 0 2 0 0 1 2 1 1 2 0 0 1 0 2 1 0 1 2 2 0 1 2 1 2 0 0 2 0 0 2 2 2 0 2 0 2 0 0 0 0 1 0 1 1 1 1 0 0 0 0 0 0 0 0 0 0 1 0 
1 0 1 0 1 0 34 32 33 2 2 0 2 1 1 34 32 32 2 0 0 1 2 0 34 32 32 17 18 17 33 34 32 0 1 0 18 17 16 33 34 34 0 1 2 17 18 16 32 34 32 0 2 2 2 0 2 16 18 16 0 0 0 1 0 1 17 17 17 0 0 0 0 0 0 16 16 16 0 1 0 
1
1 0 2 1 2 0 0 1 0 
1 1 1 0 1 0 2 0 1 2 2 0 2 1 1 2 0 0 2 0 0 1 2 0 2 0 0 1 2 1 1 2 0 0 1 0 2 1 0 1 2 2 0 1 2 1 2 0 0 2 0 0 2 2 2 0 2 0 2 0 0 0 0 1 0 1 1 1 1 0 0 0 0 0 0 0 0 0 0 1 0 
17 17 17 0 1 0 34 32 33 18 18 16 2 1 1 34 32 32 18 16 16 1 2 0 34 32 32 17 18 17 33 34 32 0 1 0 18 17 16 33 34 34 0 1 2 17 18 16 32 34 32 0 2 2 2 0 2 16 18 16 0 0 0 1 0 1 17 17 17 0 0 0 0 0 0 16 16 16 0 1 0 
1
1 0 2 1 2 0 0 1 0 
1 1 1 0 1 0 2 0 1 2 2 0 2 1 1 2 0 0 2 0 0 1 2 2 2 0 0 1 2 1 1 2 0 0 1 0 2 1 0 1 2 2 0 1 2 1 2 0 0 2 0 0 2 2 2 0 2 0 2 0 0 0 0 1 0 1 1 1 1 0 0 0 0 0 0 0 0 0 0 1 0 
17 17 17 0 1 0 34 32 33 18 18 16 2 1 1 34 32 32 18 16 16 1 2 2 34 32 32 17 18 17 33 34 32 0 1 0 18 17 16 33 34 34 0 1 2 17 18 16 32 34 32 0 2 2 2 0 2 16 18 16 0 0 0 1 0 1 17 17 17 0 0 0 0 0 0 16 16 16 0 1 0 
1
1 0 2 1 2 0 0 1 0 
1 1 1 0 1 0 2 0 1 2 2 0 2 1 1 2 0 0 2 0 0 1 2 2 2 0 0 1 2 1 1 2 0 0 1 0 2 1 0 1 2 2 0 1 2 1 2 0 0 2 0 0 2 2 2 0 2 0 2 0 0 0 0 1 0 1 1 1 1 0 0 1 0 0 0 0 0 0 0 1 0 
17 17 17 0 1 0 34 32 33 18 18 16 2 1 1 34 32 32 18 16 16 1 2 2 34 32 32 17 18 17 33 34 32 0 1 0 18 17 16 33 34 34 0 1 2 17 18 16 32 34 32 0 2 2 2 0 2 16 18 16 0 0 0 1 0 1 17 17 17 0 0 1 0 0 0 16 16 16 0 1 0 
1
1 0 2 1 2 2 0 1 0 
1 1 1 0 1 0 2 0 1 2 2 0 2 1 1 2 0 0 2 0 0 1 2 2 2 0 0 1 2 1 1 2 0 0 1 2 2 1 0 1 2 2 0 1 2 1 2 0 0 2 0 0 2 2 2 0 2 0 2 0 0 0 0 1 0 1 1 1 1 0 0 1 0 0 0 0 0 0 0 1 0 
17 17 17 0 1 0 34 32 33 18 18 16 2 1 1 34 32 32 18 16 16 1 2 2 34 32 32 17 18 17 33 34 32 32 33 34 18 17 16 33 34 34 32 33 34 17 18 16 32 34 32 32 34 34 2 0 2 16 18 16 0 0 0 1 0 1 17 17 17 0 0 1 0 0 0 16 16 16 0 1 0 
1
1 0 2 1 2 2 1 1 0 
1 1 1 0 1 0 2 0 1 2 2 0 2 1 1 2 0 0 2 0 0 1 2 2 2 0 0 1 2 1 1 2 0 0 1 2 2 1 0 1 2 2 0 1 2 1 2 0 0 2 0 0 2 2 2 0 2 0 2 0 0 0 0 1 1 1 1 1 1 0 0 1 0 0 0 0 0 0 0 1 0 
17 17 17 0 1 0 34 32 33 18 18 16 2 1 1 34 32 32 18 16 16 1 2 2 34 32 32 17 18 17 33 34 32 32 33 34 18 17 16 33 34 34 32 33 34 17 18 16 32 34 32 32 34 34 18 16 18 16 18 16 0 0 0 17 17 17 17 17 17 0 0 1 16 16 16 16 16 16 0 1 0 
1
1 0 2 1 2 2 1 1 0 
1 1 1 0 1 0 2 0 1 2 2 0 2 1 1 2 0 0 2 0 0 1 2 2 2 0 0 1 2 1 1 2 0 0 1 2 2 1 0 1 2 2 0 1 2 1 2 0 0 2 0 0 2 2 2 0 2 0 2 0 0 0 0 1 1 1 1 1 1 0 0 1 0 0 0 0 0 0 0 1 0 
17 17 17 0 1 0 34 32 33 18 18 16 2 1 1 34 32 32 18 16 16 1 2 2 34 32 32 17 18 17 33 34 32 32 33 34 18 17 16 33 34 34 32 33 34 17 18 16 32 34 32 32 34 34 18 16 18 16 18 16 0 0 0 17 17 17 17 17 17 0 0 1 16 16 16 16 16 16 0 1 0 
1
