0 0 0 0 0 0 0 0 0 
0 0 0 0 0 0 0 0 0 0 0 0 0 0 0 0 0 0 0 0 0 0 0 0 0 0 0 0 0 0 0 0 0 0 0 0 0 0 0 0 0 0 0 0 0 0 0 0 0 0 0 0 0 0 0 0 0 0 0 0 0 0 0 0 0 0 0 0 0 0 1 0 0 0 0 0 0 0 0 0 0 
0 0 0 0 0 0 0 0 0 0 0 0 0 0 0 0 0 0 0 0 0 0 0 0 0 0 0 0 0 0 0 0 0 0 0 0 0 0 0 0 0 0 0 0 0 0 0 0 0 0 0 0 0 0 0 0 0 0 0 0 0 0 0 0 0 0 0 0 0 0 1 0 0 0 0 0 0 0 0 0 0 
1
0 0 0 0 0 0 0 0 0 
0 0 0 0 0 0 0 0 0 0 0 0 0 0 0 0 0 0 0 0 0 0 0 0 0 0 0 0 0 0 2 0 0 0 0 0 0 0 0 0 0 0 0 0 0 0 0 0 0 0 0 0 0 0 0 0 0 0 0 0 0 0 0 0 0 0 0 0 0 0 1 0 0 0 0 0 0 0 0 0 0 
0 0 0 0 0 0 0 0 0 0 0 0 0 0 0 0 0 0 0 0 0 0 0 0 0 0 0 0 0 0 2 0 0 0 0 0 0 0 0 0 0 0 0 0 0 0 0 0 0 0 0 0 0 0 0 0 0 0 0 0 0 0 0 0 0 0 0 0 0 0 1 0 0 0 0 0 0 0 0 0 0 
1
0 0 0 0 0 0 0 0 0 
0 0 0 0 0 0 0 0 0 0 1 0 0 0 0 0 0 0 0 0 0 0 0 0 0 0 0 0 0 0 2 0 0 0 0 0 0 0 0 0 0 0 0 0 0 0 0 0 0 0 0 0 0 0 0 0 0 0 0 0 0 0 0 0 0 0 0 0 0 0 1 0 0 0 0 0 0 0 0 0 0 
0 0 0 0 0 0 0 0 0 0 1 0 0 0 0 0 0 0 0 0 0 0 0 0 0 0 0 0 0 0 2 0 0 0 0 0 0 0 0 0 0 0 0 0 0 0 0 0 0 0 0 0 0 0 0 0 0 0 0 0 0 0 0 0 0 0 0 0 0 0 1 0 0 0 0 0 0 0 0 0 0 
1
0 0 0 0 0 0 0 0 0 
0 0 0 0 0 0 0 0 0 0 1 0 0 0 0 0 0 0 0 0 0 0 0 0 0 0 0 0 0 0 2 0 2 0 0 0 0 0 0 0 0 0 0 0 0 0 0 0 0 0 0 0 0 0 0 0 0 0 0 0 0 0 0 0 0 0 0 0 0 0 1 0 0 0 0 0 0 0 0 0 0 
0 0 0 0 0 0 0 0 0 0 1 0 0 0 0 0 0 0 0 0 0 0 0 0 0 0 0 0 0 0 2 0 2 0 0 0 0 0 0 0 0 0 0 0 0 0 0 0 0 0 0 0 0 0 0 0 0 0 0 0 0 0 0 0 0 0 0 0 0 0 1 0 0 0 0 0 0 0 0 0 0 
1
0 0 0 0 0 0 0 0 0 
0 0 0 0 0 0 1 0 0 0 1 0 0 0 0 0 0 0 0 0 0 0 0 0 0 0 0 0 0 0 2 0 2 0 0 0 0 0 0 0 0 0 0 0 0 0 0 0 0 0 0 0 0 0 0 0 0 0 0 0 0 0 0 0 0 0 0 0 0 0 1 0 0 0 0 0 0 0 0 0 0 
0 0 0 0 0 0 1 0 0 0 1 0 0 0 0 0 0 0 0 0 0 0 0 0 0 0 0 0 0 0 2 0 2 0 0 0 0 0 0 0 0 0 0 0 0 0 0 0 0 0 0 0 0 0 0 0 0 0 0 0 0 0 0 0 0 0 0 0 0 0 1 0 0 0 0 0 0 0 0 0 0 
1
0 0 0 0 0 0 0 0 0 
0 0 0 0 0 0 1 0 0 0 1 0 0 0 0 0 0 0 2 0 0 0 0 0 0 0 0 0 0 0 2 0 2 0 0 0 0 0 0 0 0 0 0 0 0 0 0 0 0 0 0 0 0 0 0 0 0 0 0 0 0 0 0 0 0 0 0 0 0 0 1 0 0 0 0 0 0 0 0 0 0 
0 0 0 0 0 0 1 0 0 0 1 0 0 0 0 0 0 0 2 0 0 0 0 0 0 0 0 0 0 0 2 0 2 0 0 0 0 0 0 0 0 0 0 0 0 0 0 0 0 0 0 0 0 0 0 0 0 0 0 0 0 0 0 0 0 0 0 0 0 0 1 0 0 0 0 0 0 0 0 0 0 
1
0 0 0 0 0 0 0 0 0 
0 0 0 0 0 0 1 0 0 0 1 0 0 0 0 0 0 0 2 0 0 0 0 0 0 0 0 0 0 0 2 0 2 0 0 0 0 0 0 0 0 0 0 0 0 0 0 0 0 0 0 0 0 0 1 0 0 0 0 0 0 0 0 0 0 0 0 0 0 0 1 0 0 0 0 0 0 0 0 0 0 
0 0 0 0 0 0 1 0 0 0 1 0 0 0 0 0 0 0 2 0 0 0 0 0 0 0 0 0 0 0 2 0 2 0 0 0 0 0 0 0 0 0 0 0 0 0 0 0 0 0 0 0 0 0 1 0 0 0 0 0 0 0 0 0 0 0 0 0 0 0 1 0 0 0 0 0 0 0 0 0 0 
1
0 0 0 0 0 0 0 0 0 
0 0 0 0 0 0 1 0 0 0 1 0 0 0 0 0 0 0 2 0 2 0 0 0 0 0 0 0 0 0 2 0 2 0 0 0 0 0 0 0 0 0 0 0 0 0 0 0 0 0 0 0 0 0 1 0 0 0 0 0 0 0 0 0 0 0 0 0 0 0 1 0 0 0 0 0 0 0 0 0 0 
0 0 0 0 0 0 1 0 0 0 1 0 0 0 0 0 0 0 2 0 2 0 0 0 0 0 0 0 0 0 2 0 2 0 0 0 0 0 0 0 0 0 0 0 0 0 0 0 0 0 0 0 0 0 1 0 0 0 0 0 0 0 0 0 0 0 0 0 0 0 1 0 0 0 0 0 0 0 0 0 0 
1
0 0 0 0 0 0 0 0 0 
0 0 0 0 0 0 1 0 0 0 1 0 0 0 0 0 0 0 2 0 2 0 0 0 0 0 0 0 0 0 2 0 2 0 0 0 0 0 0 0 0 0 0 0 0 0 0 0 0 0 0 0 0 0 1 0 0 0 0 0 0 0 0 0 0 0 0 0 0 0 1 0 0 0 0 0 0 0 1 0 0 
0 0 0 0 0 0 1 0 0 0 1 0 0 0 0 0 0 0 2 0 2 0 0 0 0 0 0 0 0 0 2 0 2 0 0 0 0 0 0 0 0 0 0 0 0 0 0 0 0 0 0 0 0 0 1 0 0 0 0 0 0 0 0 0 0 0 0 0 0 0 1 0 0 0 0 0 0 0 1 0 0 
1
0 0 0 0 0 0 0 0 0 
0 0 0 0 0 0 1 0 0 0 1 0 0 0 0 0 0 0 2 0 2 0 0 0 0 0 0 0 0 0 2 0 2 0 0 0 0 0 0 0 0 0 0 0 0 0 0 0 0 0 0 0 0 0 1 0 0 0 0 0 0 0 0 0 2 0 0 0 0 0 1 0 0 0 0 0 0 0 1 0 0 
0 0 0 0 0 0 1 0 0 0 1 0 0 0 0 0 0 0 2 0 2 0 0 0 0 0 0 0 0 0 2 0 2 0 0 0 0 0 0 0 0 0 0 0 0 0 0 0 0 0 0 0 0 0 1 0 0 0 0 0 0 0 0 0 2 0 0 0 0 0 1 0 0 0 0 0 0 0 1 0 0 
1
0 0 0 0 0 0 0 0 0 
0 0 0 0 0 0 1 0 0 0 1 0 0 0 0 0 0 0 2 0 2 0 0 0 0 0 0 0 0 0 2 1 2 0 0 0 0 0 0 0 0 0 0 0 0 0 0 0 0 0 0 0 0 0 1 0 0 0 0 0 0 0 0 0 2 0 0 0 0 0 1 0 0 0 0 0 0 0 1 0 0 
0 0 0 0 0 0 1 0 0 0 1 0 0 0 0 0 0 0 2 0 2 0 0 0 0 0 0 0 0 0 2 1 2 0 0 0 0 0 0 0 0 0 0 0 0 0 0 0 0 0 0 0 0 0 1 0 0 0 0 0 0 0 0 0 2 0 0 0 0 0 1 0 0 0 0 0 0 0 1 0 0 
1
0 0 0 0 0 0 0 0 0 
0 0 0 0 0 0 1 0 0 0 1 0 0 0 0 0 0 0 2 0 2 2 0 0 0 0 0 0 0 0 2 1 2 0 0 0 0 0 0 0 0 0 0 0 0 0 0 0 0 0 0 0 0 0 1 0 0 0 0 0 0 0 0 0 2 0 0 0 0 0 1 0 0 0 0 0 0 0 1 0 0 
0 0 0 0 0 0 1 0 0 0 1 0 0 0 0 0 0 0 2 0 2 2 0 0 0 0 0 0 0 0 2 1 2 0 0 0 0 0 0 0 0 0 0 0 0 0 0 0 0 0 0 0 0 0 1 0 0 0 0 0 0 0 0 0 2 0 0 0 0 0 1 0 0 0 0 0 0 0 1 0 0 
1
0 0 0 0 0 0 0 0 0 
0 0 0 0 0 0 1 0 0 0 1 0 0 0 0 0 0 0 2 0 2 2 0 0 0 0 0 0 0 0 2 1 2 0 0 0 0 0 0 0 0 0 0 0 0 0 0 0 0 0 0 0 0 0 1 0 0 0 0 0 0 0 0 0 2 0 0 0 0 0 1 0 1 0 0 0 0 0 1 0 0 
0 0 0 0 0 0 1 0 0 0 1 0 0 0 0 0 0 0 2 0 2 2 0 0 0 0 0 0 0 0 2 1 2 0 0 0 0 0 0 0 0 0 0 0 0 0 0 0 0 0 0 0 0 0 1 0 0 0 0 0 0 0 0 0 2 0 0 0 0 0 1 0 1 0 0 0 0 0 1 0 0 
1
0 0 0 0 0 0 0 0 0 
0 0 0 0 0 0 1 0 0 0 1 0 0 0 0 0 0 0 2 0 2 2 0 0 0 0 0 0 0 0 2 1 2 0 0 0 0 0 0 0 0 0 0 0 0 0 0 0 0 0 0 0 0 0 1 0 0 0 0 0 0 0 0 2 2 0 0 0 0 0 1 0 1 0 0 0 0 0 1 0 0 
0 0 0 0 0 0 1 0 0 0 1 0 0 0 0 0 0 0 2 0 2 2 0 0 0 0 0 0 0 0 2 1 2 0 0 0 0 0 0 0 0 0 0 0 0 0 0 0 0 0 0 0 0 0 1 0 0 0 0 0 0 0 0 2 2 0 0 0 0 0 1 0 1 0 0 0 0 0 1 0 0 
1
0 0 0 0 0 0 0 0 0 
0 0 0 0 0 0 1 0 0 0 1 0 0 0 0 0 0 0 2 0 2 2 0 0 0 0 0 0 0 0 2 1 2 0 0 0 0 1 0 0 0 0 0 0 0 0 0 0 0 0 0 0 0 0 1 0 0 0 0 0 0 0 0 2 2 0 0 0 0 0 1 0 1 0 0 0 0 0 1 0 0 
0 0 0 0 0 0 1 0 0 0 1 0 0 0 0 0 0 0 2 0 2 2 0 0 0 0 0 0 0 0 2 1 2 0 0 0 0 1 0 0 0 0 0 0 0 0 0 0 0 0 0 0 0 0 1 0 0 0 0 0 0 0 0 2 2 0 0 0 0 0 1 0 1 0 0 0 0 0 1 0 0 
1
0 0 0 0 0 0 0 0 0 
0 0 0 0 0 0 1 0 0 0 1 0 0 0 0 0 0 0 2 0 2 2 0 0 0 0 0 0 0 0 2 1 2 0 0 0 0 1 0 0 0 0 0 0 0 0 0 0 2 0 0 0 0 0 1 0 0 0 0 0 0 0 0 2 2 0 0 0 0 0 1 0 1 0 0 0 0 0 1 0 0 
0 0 0 0 0 0 1 0 0 0 1 0 0 0 0 0 0 0 2 0 2 2 0 0 0 0 0 0 0 0 2 1 2 0 0 0 0 1 0 0 0 0 0 0 0 0 0 0 2 0 0 0 0 0 1 0 0 0 0 0 0 0 0 2 2 0 0 0 0 0 1 0 1 0 0 0 0 0 1 0 0 
1
0 0 0 0 0 0 0 0 0 
0 0 0 0 0 0 1 0 0 0 1 0 0 0 0 0 0 0 2 0 2 2 0 0 0 0 0 0 0 0 2 1 2 0 0 0 0 1 0 0 0 0 0 0 0 0 0 0 2 0 0 0 0 0 1 0 0 0 0 0 0 0 0 2 2 1 0 0 0 0 1 0 1 0 0 0 0 0 1 0 0 
0 0 0 0 0 0 1 0 0 0 1 0 0 0 0 0 0 0 2 0 2 2 0 0 0 0 0 0 0 0 2 1 2 0 0 0 0 1 0 0 0 0 0 0 0 0 0 0 2 0 0 0 0 0 1 0 0 0 0 0 0 0 0 2 2 1 0 0 0 0 1 0 1 0 0 0 0 0 1 0 0 
1
0 0 0 0 0 0 0 0 0 
0 0 0 0 0 0 1 0 0 0 1 0 0 0 0 0 0 0 2 0 2 2 0 0 0 0 0 0 0 0 2 1 2 0 0 0 0 1 0 0 0 0 0 2 0 0 0 0 2 0 0 0 0 0 1 0 0 0 0 0 0 0 0 2 2 1 0 0 0 0 1 0 1 0 0 0 0 0 1 0 0 
0 0 0 0 0 0 1 0 0 0 1 0 0 0 0 0 0 0 2 0 2 2 0 0 0 0 0 0 0 0 2 1 2 0 0 0 0 1 0 0 0 0 0 2 0 0 0 0 2 0 0 0 0 0 1 0 0 0 0 0 0 0 0 2 2 1 0 0 0 0 1 0 1 0 0 0 0 0 1 0 0 
1
0 0 0 0 0 0 0 0 0 
0 0 0 0 0 0 1 0 0 0 1 0 0 0 0 0 0 0 2 0 2 2 0 0 0 0 0 0 0 0 2 1 2 0 0 0 0 1 0 1 0 0 0 2 0 0 0 0 2 0 0 0 0 0 1 0 0 0 0 0 0 0 0 2 2 1 0 0 0 0 1 0 1 0 0 0 0 0 1 0 0 
0 0 0 0 0 0 1 0 0 0 1 0 0 0 0 0 0 0 2 0 2 2 0 0 0 0 0 0 0 0 2 1 2 0 0 0 0 1 0 1 0 0 0 2 0 0 0 0 2 0 0 0 0 0 1 0 0 0 0 0 0 0 0 2 2 1 0 0 0 0 1 0 1 0 0 0 0 0 1 0 0 
1
0 0 0 0 0 0 0 0 0 
0 0 0 0 0 0 1 0 0 0 1 0 0 0 0 0 0 0 2 0 2 2 0 0 0 0 0 2 0 0 2 1 2 0 0 0 0 1 0 1 0 0 0 2 0 0 0 0 2 0 0 0 0 0 1 0 0 0 0 0 0 0 0 2 2 1 0 0 0 0 1 0 1 0 0 0 0 0 1 0 0 
0 0 0 0 0 0 1 0 0 0 1 0 0 0 0 0 0 0 2 0 2 2 0 0 0 0 0 2 0 0 2 1 2 0 0 0 0 1 0 1 0 0 0 2 0 0 0 0 2 0 0 0 0 0 1 0 0 0 0 0 0 0 0 2 2 1 0 0 0 0 1 0 1 0 0 0 0 0 1 0 0 
1
0 0 0 0 0 0 0 0 0 
0 0 0 0 0 0 1 0 0 0 1 0 0 0 0 0 0 0 2 1 2 2 0 0 0 0 0 2 0 0 2 1 2 0 0 0 0 1 0 1 0 0 0 2 0 0 0 0 2 0 0 0 0 0 1 0 0 0 0 0 0 0 0 2 2 1 0 0 0 0 1 0 1 0 0 0 0 0 1 0 0 
0 0 0 0 0 0 1 0 0 0 1 0 0 0 0 0 0 0 2 1 2 2 0 0 0 0 0 2 0 0 2 1 2 0 0 0 0 1 0 1 0 0 0 2 0 0 0 0 2 0 0 0 0 0 1 0 0 0 0 0 0 0 0 2 2 1 0 0 0 0 1 0 1 0 0 0 0 0 1 0 0 
1
0 0 0 0 0 0 0 0 0 
0 0 0 0 0 0 1 0 0 0 1 0 0 0 0 0 0 0 2 1 2 2 0 0 0 0 0 2 0 0 2 1 2 0 0 0 0 1 0 1 0 0 0 2 0 0 0 0 2 0 0 0 0 0 1 0 0 0 0 0 0 0 0 2 2 1 0 0 0 0 1 0 1 0 0 2 0 0 1 0 0 
0 0 0 0 0 0 1 0 0 0 1 0 0 0 0 0 0 0 2 1 2 2 0 0 0 0 0 2 0 0 2 1 2 0 0 0 0 1 0 1 0 0 0 2 0 0 0 0 2 0 0 0 0 0 1 0 0 0 0 0 0 0 0 2 2 1 0 0 0 0 1 0 1 0 0 2 0 0 1 0 0 
1
0 0 0 0 0 0 0 0 0 
0 0 0 0 0 0 1 0 0 0 1 0 0 0 0 0 0 0 2 1 2 2 0 0 0 0 0 2 0 0 2 1 2 0 0 0 0 1 0 1 0 0 0 2 0 0 0 0 2 0 0 0 0 0 1 0 0 0 0 0 0 0 0 2 2 1 0 0 0 0 1 0 1 1 0 2 0 0 1 0 0 
0 0 0 0 0 0 1 0 0 0 1 0 0 0 0 0 0 0 2 1 2 2 0 0 0 0 0 2 0 0 2 1 2 0 0 0 0 1 0 1 0 0 0 2 0 0 0 0 2 0 0 0 0 0 1 0 0 0 0 0 0 0 0 2 2 1 0 0 0 0 1 0 1 1 0 2 0 0 1 0 0 
1
0 0 0 0 0 0 0 0 0 
0 0 0 0 0 0 1 0 0 0 1 0 0 0 0 0 0 0 2 1 2 2 0 0 0 0 0 2 0 0 2 1 2 0 0 0 0 1 0 1 0 0 0 2 0 0 0 0 2 0 0 0 0 0 1 0 0 0 0 0 0 0 0 2 2 1 0 0 0 0 1 0 1 1 0 2 2 0 1 0 0 
0 0 0 0 0 0 1 0 0 0 1 0 0 0 0 0 0 0 2 1 2 2 0 0 0 0 0 2 0 0 2 1 2 0 0 0 0 1 0 1 0 0 0 2 0 0 0 0 2 0 0 0 0 0 1 0 0 0 0 0 0 0 0 2 2 1 0 0 0 0 1 0 1 1 0 2 2 0 1 0 0 
1
0 0 0 0 0 0 0 0 0 
0 0 0 0 0 0 1 0 0 0 1 0 0 0 0 0 0 0 2 1 2 2 0 0 0 0 0 2 0 0 2 1 2 0 0 0 0 1 0 1 0 0 0 2 0 0 0 0 2 0 0 0 0 0 1 0 0 0 0 0 0 0 0 2 2 1 0 0 0 0 1 0 1 1 0 2 2 1 1 0 0 
0 0 0 0 0 0 1 0 0 0 1 0 0 0 0 0 0 0 2 1 2 2 0 0 0 0 0 2 0 0 2 1 2 0 0 0 0 1 0 1 0 0 0 2 0 0 0 0 2 0 0 0 0 0 1 0 0 0 0 0 0 0 0 2 2 1 0 0 0 0 1 0 1 1 0 2 2 1 1 0 0 
1
0 0 0 0 0 0 0 0 0 
0 0 0 0 0 0 1 0 0 0 1 0 0 0 0 0 0 0 2 1 2 2 0 0 0 0 0 2 0 0 2 1 2 0 0 0 0 1 0 1 0 0 0 2 0 0 0 0 2 0 0 0 0 0 1 0 0 0 0 0 0 0 2 2 2 1 0 0 0 0 1 0 1 1 0 2 2 1 1 0 0 
0 0 0 0 0 0 1 0 0 0 1 0 0 0 0 0 0 0 2 1 2 2 0 0 0 0 0 2 0 0 2 1 2 0 0 0 0 1 0 1 0 0 0 2 0 0 0 0 2 0 0 0 0 0 1 0 0 0 0 0 0 0 2 2 2 1 0 0 0 0 1 0 1 1 0 2 2 1 1 0 0 
1
0 0 0 0 0 0 0 0 0 
0 0 0 0 0 0 1 0 0 0 1 0 0 0 0 0 0 0 2 1 2 2 0 0 0 0 1 2 0 0 2 1 2 0 0 0 0 1 0 1 0 0 0 2 0 0 0 0 2 0 0 0 0 0 1 0 0 0 0 0 0 0 2 2 2 1 0 0 0 0 1 0 1 1 0 2 2 1 1 0 0 
0 0 0 0 0 0 1 0 0 0 1 0 0 0 0 0 0 0 2 1 2 2 0 0 0 0 1 2 0 0 2 1 2 0 0 0 0 1 0 1 0 0 0 2 0 0 0 0 2 0 0 0 0 0 1 0 0 0 0 0 0 0 2 2 2 1 0 0 0 0 1 0 1 1 0 2 2 1 1 0 0 
1
0 0 0 0 0 0 0 0 0 
0 0 0 0 0 0 1 0 0 0 1 0 0 0 0 0 0 0 2 1 2 2 0 0 0 0 1 2 0 0 2 1 2 0 0 0 0 1 0 1 0 0 0 2 0 0 0 0 2 0 0 0 0 0 1 0 0 0 0 0 2 0 2 2 2 1 0 0 0 0 1 0 1 1 0 2 2 1 1 0 0 
0 0 0 0 0 0 1 0 0 0 1 0 0 0 0 0 0 0 2 1 2 2 0 0 0 0 1 2 0 0 2 1 2 0 0 0 0 1 0 1 0 0 0 2 0 0 0 0 2 0 0 0 0 0 1 0 0 0 0 0 2 0 2 2 2 1 0 0 0 0 1 0 1 1 0 2 2 1 1 0 0 
1
1 0 0 0 0 0 0 0 0 
0 1 0 0 0 0 1 0 0 0 1 0 0 0 0 0 0 0 2 1 2 2 0 0 0 0 1 2 0 0 2 1 2 0 0 0 0 1 0 1 0 0 0 2 0 0 0 0 2 0 0 0 0 0 1 0 0 0 0 0 2 0 2 2 2 1 0 0 0 0 1 0 1 1 0 2 2 1 1 0 0 
16 17 16 0 0 0 1 0 0 16 17 16 0 0 0 0 0 0 18 17 18 2 0 0 0 0 1 2 0 0 2 1 2 0 0 0 0 1 0 1 0 0 0 2 0 0 0 0 2 0 0 0 0 0 1 0 0 0 0 0 2 0 2 2 2 1 0 0 0 0 1 0 1 1 0 2 2 1 1 0 0 
1
1 0 0 0 0 0 0 0 0 
0 1 0 0 0 0 1 0 0 0 1 0 0 0 0 0 0 0 2 1 2 2 0 2 0 0 1 2 0 0 2 1 2 0 0 0 0 1 0 1 0 0 0 2 0 0 0 0 2 0 0 0 0 0 1 0 0 0 0 0 2 0 2 2 2 1 0 0 0 0 1 0 1 1 0 2 2 1 1 0 0 
16 17 16 0 0 0 1 0 0 16 17 16 0 0 0 0 0 0 18 17 18 2 0 2 0 0 1 2 0 0 2 1 2 0 0 0 0 1 0 1 0 0 0 2 0 0 0 0 2 0 0 0 0 0 1 0 0 0 0 0 2 0 2 2 2 1 0 0 0 0 1 0 1 1 0 2 2 1 1 0 0 
1
1 0 0 0 0 0 0 0 0 
0 1 0 0 0 0 1 0 0 0 1 0 0 0 0 0 0 0 2 1 2 2 0 2 0 0 1 2 0 0 2 1 2 0 0 0 0 1 0 1 0 0 0 2 0 0 0 0 2 0 0 0 0 0 1 0 0 0 0 0 2 0 2 2 2 1 0 0 0 1 1 0 1 1 0 2 2 1 1 0 0 
16 17 16 0 0 0 1 0 0 16 17 16 0 0 0 0 0 0 18 17 18 2 0 2 0 0 1 2 0 0 2 1 2 0 0 0 0 1 0 1 0 0 0 2 0 0 0 0 2 0 0 0 0 0 1 0 0 0 0 0 2 0 2 2 2 1 0 0 0 1 1 0 1 1 0 2 2 1 1 0 0 
1
1 0 0 0 0 0 0 0 0 
0 1 0 0 0 0 1 0 0 0 1 0 0 0 0 0 0 0 2 1 2 2 0 2 0 0 1 2 2 0 2 1 2 0 0 0 0 1 0 1 0 0 0 2 0 0 0 0 2 0 0 0 0 0 1 0 0 0 0 0 2 0 2 2 2 1 0 0 0 1 1 0 1 1 0 2 2 1 1 0 0 
16 17 16 0 0 0 1 0 0 16 17 16 0 0 0 0 0 0 18 17 18 2 0 2 0 0 1 2 2 0 2 1 2 0 0 0 0 1 0 1 0 0 0 2 0 0 0 0 2 0 0 0 0 0 1 0 0 0 0 0 2 0 2 2 2 1 0 0 0 1 1 0 1 1 0 2 2 1 1 0 0 
1
1 0 0 0 0 0 0 0 0 
0 1 0 0 0 0 1 0 0 0 1 0 0 0 1 0 0 0 2 1 2 2 0 2 0 0 1 2 2 0 2 1 2 0 0 0 0 1 0 1 0 0 0 2 0 0 0 0 2 0 0 0 0 0 1 0 0 0 0 0 2 0 2 2 2 1 0 0 0 1 1 0 1 1 0 2 2 1 1 0 0 
16 17 16 0 0 0 1 0 0 16 17 16 0 0 1 0 0 0 18 17 18 2 0 2 0 0 1 2 2 0 2 1 2 0 0 0 0 1 0 1 0 0 0 2 0 0 0 0 2 0 0 0 0 0 1 0 0 0 0 0 2 0 2 2 2 1 0 0 0 1 1 0 1 1 0 2 2 1 1 0 0 
1
1 0 0 0 0 0 0 0 0 
0 1 0 0 0 0 1 0 0 0 1 0 0 0 1 0 0 0 2 1 2 2 0 2 0 0 1 2 2 0 2 1 2 0 0 0 0 1 0 1 0 0 2 2 0 0 0 0 2 0 0 0 0 0 1 0 0 0 0 0 2 0 2 2 2 1 0 0 0 1 1 0 1 1 0 2 2 1 1 0 0 
16 17 16 0 0 0 1 0 0 16 17 16 0 0 1 0 0 0 18 17 18 2 0 2 0 0 1 2 2 0 2 1 2 0 0 0 0 1 0 1 0 0 2 2 0 0 0 0 2 0 0 0 0 0 1 0 0 0 0 0 2 0 2 2 2 1 0 0 0 1 1 0 1 1 0 2 2 1 1 0 0 
1
1 0 0 0 0 0 0 0 0 
0 1 0 0 0 0 1 0 0 0 1 0 0 0 1 0 0 0 2 1 2 2 0 2 0 0 1 2 2 1 2 1 2 0 0 0 0 1 0 1 0 0 2 2 0 0 0 0 2 0 0 0 0 0 1 0 0 0 0 0 2 0 2 2 2 1 0 0 0 1 1 0 1 1 0 2 2 1 1 0 0 
16 17 16 0 0 0 1 0 0 16 17 16 0 0 1 0 0 0 18 17 18 2 0 2 0 0 1 2 2 1 2 1 2 0 0 0 0 1 0 1 0 0 2 2 0 0 0 0 2 0 0 0 0 0 1 0 0 0 0 0 2 0 2 2 2 1 0 0 0 1 1 0 1 1 0 2 2 1 1 0 0 
1
1 0 0 0 0 0 0 0 0 
0 1 0 0 0 0 1 0 0 0 1 0 0 0 1 0 2 0 2 1 2 2 0 2 0 0 1 2 2 1 2 1 2 0 0 0 0 1 0 1 0 0 2 2 0 0 0 0 2 0 0 0 0 0 1 0 0 0 0 0 2 0 2 2 2 1 0 0 0 1 1 0 1 1 0 2 2 1 1 0 0 
16 17 16 0 0 0 1 0 0 16 17 16 0 0 1 0 2 0 18 17 18 2 0 2 0 0 1 2 2 1 2 1 2 0 0 0 0 1 0 1 0 0 2 2 0 0 0 0 2 0 0 0 0 0 1 0 0 0 0 0 2 0 2 2 2 1 0 0 0 1 1 0 1 1 0 2 2 1 1 0 0 
1
1 0 0 0 0 0 0 0 0 
0 1 0 0 0 0 1 0 0 0 1 0 0 0 1 0 2 0 2 1 2 2 0 2 0 0 1 2 2 1 2 1 2 0 0 0 0 1 0 1 1 0 2 2 0 0 0 0 2 0 0 0 0 0 1 0 0 0 0 0 2 0 2 2 2 1 0 0 0 1 1 0 1 1 0 2 2 1 1 0 0 
16 17 16 0 0 0 1 0 0 16 17 16 0 0 1 0 2 0 18 17 18 2 0 2 0 0 1 2 2 1 2 1 2 0 0 0 0 1 0 1 1 0 2 2 0 0 0 0 2 0 0 0 0 0 1 0 0 0 0 0 2 0 2 2 2 1 0 0 0 1 1 0 1 1 0 2 2 1 1 0 0 
1
1 0 0 0 0 0 0 0 0 
0 1 0 0 0 0 1 0 0 0 1 0 0 0 1 0 2 0 2 1 2 2 0 2 0 0 1 2 2 1 2 1 2 0 0 0 0 1 0 1 1 2 2 2 0 0 0 0 2 0 0 0 0 0 1 0 0 0 0 0 2 0 2 2 2 1 0 0 0 1 1 0 1 1 0 2 2 1 1 0 0 
16 17 16 0 0 0 1 0 0 16 17 16 0 0 1 0 2 0 18 17 18 2 0 2 0 0 1 2 2 1 2 1 2 0 0 0 0 1 0 1 1 2 2 2 0 0 0 0 2 0 0 0 0 0 1 0 0 0 0 0 2 0 2 2 2 1 0 0 0 1 1 0 1 1 0 2 2 1 1 0 0 
1
1 0 0 0 0 0 0 0 0 
0 1 0 0 0 0 1 0 0 0 1 0 0 0 1 0 2 0 2 1 2 2 0 2 0 0 1 2 2 1 2 1 2 0 0 1 0 1 0 1 1 2 2 2 0 0 0 0 2 0 0 0 0 0 1 0 0 0 0 0 2 0 2 2 2 1 0 0 0 1 1 0 1 1 0 2 2 1 1 0 0 
16 17 16 0 0 0 1 0 0 16 17 16 0 0 1 0 2 0 18 17 18 2 0 2 0 0 1 2 2 1 2 1 2 0 0 1 0 1 0 1 1 2 2 2 0 0 0 0 2 0 0 0 0 0 1 0 0 0 0 0 2 0 2 2 2 1 0 0 0 1 1 0 1 1 0 2 2 1 1 0 0 
1
1 0 0 0 0 0 0 0 0 
0 1 0 0 0 0 1 0 0 0 1 0 0 0 1 2 2 0 2 1 2 2 0 2 0 0 1 2 2 1 2 1 2 0 0 1 0 1 0 1 1 2 2 2 0 0 0 0 2 0 0 0 0 0 1 0 0 0 0 0 2 0 2 2 2 1 0 0 0 1 1 0 1 1 0 2 2 1 1 0 0 
16 17 16 0 0 0 1 0 0 16 17 16 0 0 1 2 2 0 18 17 18 2 0 2 0 0 1 2 2 1 2 1 2 0 0 1 0 1 0 1 1 2 2 2 0 0 0 0 2 0 0 0 0 0 1 0 0 0 0 0 2 0 2 2 2 1 0 0 0 1 1 0 1 1 0 2 2 1 1 0 0 
1
1 0 0 1 0 0 0 0 0 
0 1 0 0 0 0 1 0 0 0 1 0 0 0 1 2 2 0 2 1 2 2 0 2 0 0 1 2 2 1 2 1 2 0 0 1 0 1 0 1 1 2 2 2 0 1 0 0 2 0 0 0 0 0 1 0 0 0 0 0 2 0 2 2 2 1 0 0 0 1 1 0 1 1 0 2 2 1 1 0 0 
16 17 16 0 0 0 1 0 0 16 17 16 0 0 1 2 2 0 18 17 18 2 0 2 0 0 1 18 18 17 2 1 2 0 0 1 16 17 16 1 1 2 2 2 0 17 16 16 2 0 0 0 0 0 1 0 0 0 0 0 2 0 2 2 2 1 0 0 0 1 1 0 1 1 0 2 2 1 1 0 0 
1
1 0 0 1 0 0 0 0 0 
0 1 0 0 0 0 1 0 0 0 1 0 0 0 1 2 2 0 2 1 2 2 0 2 0 0 1 2 2 1 2 1 2 0 0 1 0 1 0 1 1 2 2 2 0 1 0 0 2 0 0 0 0 0 1 0 0 0 0 0 2 0 2 2 2 1 0 0 0 1 1 0 1 1 2 2 2 1 1 0 0 
16 17 16 0 0 0 1 0 0 16 17 16 0 0 1 2 2 0 18 17 18 2 0 2 0 0 1 18 18 17 2 1 2 0 0 1 16 17 16 1 1 2 2 2 0 17 16 16 2 0 0 0 0 0 1 0 0 0 0 0 2 0 2 2 2 1 0 0 0 1 1 0 1 1 2 2 2 1 1 0 0 
1
1 0 0 1 0 0 0 0 1 
0 1 0 0 0 0 1 0 0 0 1 0 0 0 1 2 2 0 2 1 2 2 0 2 0 0 1 2 2 1 2 1 2 0 0 1 0 1 0 1 1 2 2 2 0 1 0 0 2 0 0 0 0 0 1 0 0 0 0 0 2 0 2 2 2 1 0 0 0 1 1 1 1 1 2 2 2 1 1 0 0 
16 17 16 0 0 0 1 0 0 16 17 16 0 0 1 2 2 0 18 17 18 2 0 2 0 0 1 18 18 17 2 1 2 0 0 1 16 17 16 1 1 2 2 2 0 17 16 16 2 0 0 0 0 0 1 0 0 0 0 0 18 16 18 2 2 1 0 0 0 17 17 17 1 1 2 2 2 1 17 16 16 
1
1 0 0 1 0 2 0 0 1 
0 1 0 0 0 0 1 0 0 0 1 0 0 0 1 2 2 0 2 1 2 2 0 2 0 0 1 2 2 1 2 1 2 0 0 1 0 1 0 1 1 2 2 2 2 1 0 0 2 0 0 0 0 0 1 0 0 0 0 0 2 0 2 2 2 1 0 0 0 1 1 1 1 1 2 2 2 1 1 0 0 
16 17 16 0 0 0 1 0 0 16 17 16 0 0 1 2 2 0 18 17 18 2 0 2 0 0 1 18 18 17 2 1 2 32 32 33 16 17 16 1 1 2 34 34 34 17 16 16 2 0 0 32 32 32 1 0 0 0 0 0 18 16 18 2 2 1 0 0 0 17 17 17 1 1 2 2 2 1 17 16 16 
1
1 0 0 1 0 2 0 0 1 
0 1 0 0 0 0 1 0 0 0 1 0 0 0 1 2 2 0 2 1 2 2 0 2 0 0 1 2 2 1 2 1 2 0 0 1 0 1 0 1 1 2 2 2 2 1 0 0 2 0 0 0 0 0 1 0 0 0 0 0 2 0 2 2 2 1 0 1 0 1 1 1 1 1 2 2 2 1 1 0 0 
16 17 16 0 0 0 1 0 0 16 17 16 0 0 1 2 2 0 18 17 18 2 0 2 0 0 1 18 18 17 2 1 2 32 32 33 16 17 16 1 1 2 34 34 34 17 16 16 2 0 0 32 32 32 1 0 0 0 0 0 18 16 18 2 2 1 0 1 0 17 17 17 1 1 2 2 2 1 17 16 16 
1
1 0 0 1 2 2 0 0 1 
0 1 0 0 0 0 1 0 0 0 1 0 0 0 1 2 2 0 2 1 2 2 0 2 0 0 1 2 2 1 2 1 2 0 0 1 0 1 0 1 1 2 2 2 2 1 0 0 2 0 2 0 0 0 1 0 0 0 0 0 2 0 2 2 2 1 0 1 0 1 1 1 1 1 2 2 2 1 1 0 0 
16 17 16 0 0 0 1 0 0 16 17 16 0 0 1 2 2 0 18 17 18 2 0 2 0 0 1 18 18 17 34 33 34 32 32 33 16 17 16 33 33 34 34 34 34 17 16 16 34 32 34 32 32 32 1 0 0 0 0 0 18 16 18 2 2 1 0 1 0 17 17 17 1 1 2 2 2 1 17 16 16 
1
1 0 0 1 2 2 0 1 1 
0 1 0 0 0 0 1 0 0 0 1 0 0 0 1 2 2 0 2 1 2 2 0 2 0 0 1 2 2 1 2 1 2 0 0 1 0 1 0 1 1 2 2 2 2 1 0 0 2 0 2 0 0 0 1 0 0 1 0 0 2 0 2 2 2 1 0 1 0 1 1 1 1 1 2 2 2 1 1 0 0 
16 17 16 0 0 0 1 0 0 16 17 16 0 0 1 2 2 0 18 17 18 2 0 2 0 0 1 18 18 17 34 33 34 32 32 33 16 17 16 33 33 34 34 34 34 17 16 16 34 32 34 32 32 32 1 0 0 17 16 16 18 16 18 2 2 1 16 17 16 17 17 17 1 1 2 18 18 17 17 16 16 
1
1 2 0 1 2 2 0 1 1 
0 1 0 0 0 0 1 0 0 0 1 0 0 0 1 2 2 0 2 1 2 2 2 2 0 0 1 2 2 1 2 1 2 0 0 1 0 1 0 1 1 2 2 2 2 1 0 0 2 0 2 0 0 0 1 0 0 1 0 0 2 0 2 2 2 1 0 1 0 1 1 1 1 1 2 2 2 1 1 0 0 
16 17 16 32 32 32 1 0 0 16 17 16 32 32 33 2 2 0 18 17 18 34 34 34 0 0 1 18 18 17 34 33 34 32 32 33 16 17 16 33 33 34 34 34 34 17 16 16 34 32 34 32 32 32 1 0 0 17 16 16 18 16 18 2 2 1 16 17 16 17 17 17 1 1 2 18 18 17 17 16 16 
1
1 2 0 1 2 2 0 1 1 
0 1 0 0 0 0 1 0 0 0 1 0 0 0 1 2 2 0 2 1 2 2 2 2 0 0 1 2 2 1 2 1 2 0 0 1 0 1 0 1 1 2 2 2 2 1 0 0 2 0 2 0 0 0 1 1 0 1 0 0 2 0 2 2 2 1 0 1 0 1 1 1 1 1 2 2 2 1 1 0 0 
16 17 16 32 32 32 1 0 0 16 17 16 32 32 33 2 2 0 18 17 18 34 34 34 0 0 1 18 18 17 34 33 34 32 32 33 16 17 16 33 33 34 34 34 34 17 16 16 34 32 34 32 32 32 1 1 0 17 16 16 18 16 18 2 2 1 16 17 16 17 17 17 1 1 2 18 18 17 17 16 16 
1
1 2 2 1 2 2 0 1 1 
0 1 0 0 0 0 1 0 0 0 1 0 0 0 1 2 2 2 2 1 2 2 2 2 0 0 1 2 2 1 2 1 2 0 0 1 0 1 0 1 1 2 2 2 2 1 0 0 2 0 2 0 0 0 1 1 0 1 0 0 2 0 2 2 2 1 0 1 0 1 1 1 1 1 2 2 2 1 1 0 0 
16 17 16 32 32 32 33 32 32 16 17 16 32 32 33 34 34 34 18 17 18 34 34 34 32 32 33 18 18 17 34 33 34 32 32 33 16 17 16 33 33 34 34 34 34 17 16 16 34 32 34 32 32 32 1 1 0 17 16 16 18 16 18 2 2 1 16 17 16 17 17 17 1 1 2 18 18 17 17 16 16 
1
1 2 2 1 2 2 1 1 1 
0 1 0 0 0 0 1 0 0 0 1 0 0 0 1 2 2 2 2 1 2 2 2 2 0 0 1 2 2 1 2 1 2 0 0 1 0 1 0 1 1 2 2 2 2 1 0 0 2 0 2 0 0 0 1 1 1 1 0 0 2 0 2 2 2 1 0 1 0 1 1 1 1 1 2 2 2 1 1 0 0 
16 17 16 32 32 32 33 32 32 16 17 16 32 32 33 34 34 34 18 17 18 34 34 34 32 32 33 18 18 17 34 33 34 32 32 33 16 17 16 33 33 34 34 34 34 17 16 16 34 32 34 32 32 32 17 17 17 17 16 16 18 16 18 18 18 17 16 17 16 17 17 17 17 17 18 18 18 17 17 16 16 
1
1 2 2 1 2 2 1 1 1 
0 1 0 0 0 0 1 0 0 0 1 0 0 0 1 2 2 2 2 1 2 2 2 2 0 0 1 2 2 1 2 1 2 0 0 1 0 1 0 1 1 2 2 2 2 1 0 0 2 0 2 0 0 0 1 1 1 1 0 0 2 0 2 2 2 1 0 1 0 1 1 1 1 1 2 2 2 1 1 0 0 
16 17 16 32 32 32 33 32 32 16 17 16 32 32 33 34 34 34 18 17 18 34 34 34 32 32 33 18 18 17 34 33 34 32 32 33 16 17 16 33 33 34 34 34 34 17 16 16 34 32 34 32 32 32 17 17 17 17 16 16 18 16 18 18 18 17 16 17 16 17 17 17 17 17 18 18 18 17 17 16 16 
1
