0 0 0 0 0 0 0 0 0 
0 0 0 0 0 0 0 0 0 0 0 0 0 0 0 0 0 0 0 0 0 0 0 0 0 0 0 0 0 0 0 0 0 0 0 0 0 0 0 0 0 0 0 0 0 0 0 0 0 0 0 0 0 0 0 0 0 0 0 0 0 0 0 0 0 0 0 0 0 0 0 0 0 0 0 0 0 0 1 0 0 
0 0 0 0 0 0 0 0 0 0 0 0 0 0 0 0 0 0 0 0 0 0 0 0 0 0 0 0 0 0 0 0 0 0 0 0 0 0 0 0 0 0 0 0 0 0 0 0 0 0 0 0 0 0 0 0 0 0 0 0 0 0 0 0 0 0 0 0 0 0 0 0 0 0 0 0 0 0 1 0 0 
0
0 0 0 0 0 0 0 0 0 
0 0 0 0 0 0 0 0 0 0 0 0 0 0 0 0 0 0 0 0 0 0 0 0 0 0 0 0 0 0 0 0 0 0 0 0 0 0 0 0 0 0 0 0 0 0 0 0 0 0 0 0 0 0 2 0 0 0 0 0 0 0 0 0 0 0 0 0 0 0 0 0 0 0 0 0 0 0 1 0 0 
0 0 0 0 0 0 0 0 0 0 0 0 0 0 0 0 0 0 0 0 0 0 0 0 0 0 0 0 0 0 0 0 0 0 0 0 0 0 0 0 0 0 0 0 0 0 0 0 0 0 0 0 0 0 2 0 0 0 0 0 0 0 0 0 0 0 0 0 0 0 0 0 0 0 0 0 0 0 1 0 0 
0
0 0 0 0 0 0 0 0 0 
0 0 0 0 0 0 0 0 0 1 0 0 0 0 0 0 0 0 0 0 0 0 0 0 0 0 0 0 0 0 0 0 0 0 0 0 0 0 0 0 0 0 0 0 0 0 0 0 0 0 0 0 0 0 2 0 0 0 0 0 0 0 0 0 0 0 0 0 0 0 0 0 0 0 0 0 0 0 1 0 0 
0 0 0 0 0 0 0 0 0 1 0 0 0 0 0 0 0 0 0 0 0 0 0 0 0 0 0 0 0 0 0 0 0 0 0 0 0 0 0 0 0 0 0 0 0 0 0 0 0 0 0 0 0 0 2 0 0 0 0 0 0 0 0 0 0 0 0 0 0 0 0 0 0 0 0 0 0 0 1 0 0 
0
0 0 0 0 0 0 0 0 0 
0 0 0 0 0 0 0 0 0 1 0 0 0 0 0 0 0 0 0 0 0 0 0 0 0 0 0 2 0 0 0 0 0 0 0 0 0 0 0 0 0 0 0 0 0 0 0 0 0 0 0 0 0 0 2 0 0 0 0 0 0 0 0 0 0 0 0 0 0 0 0 0 0 0 0 0 0 0 1 0 0 
0 0 0 0 0 0 0 0 0 1 0 0 0 0 0 0 0 0 0 0 0 0 0 0 0 0 0 2 0 0 0 0 0 0 0 0 0 0 0 0 0 0 0 0 0 0 0 0 0 0 0 0 0 0 2 0 0 0 0 0 0 0 0 0 0 0 0 0 0 0 0 0 0 0 0 0 0 0 1 0 0 
0
0 0 0 0 0 0 0 0 0 
0 1 0 0 0 0 0 0 0 1 0 0 0 0 0 0 0 0 0 0 0 0 0 0 0 0 0 2 0 0 0 0 0 0 0 0 0 0 0 0 0 0 0 0 0 0 0 0 0 0 0 0 0 0 2 0 0 0 0 0 0 0 0 0 0 0 0 0 0 0 0 0 0 0 0 0 0 0 1 0 0 
0 1 0 0 0 0 0 0 0 1 0 0 0 0 0 0 0 0 0 0 0 0 0 0 0 0 0 2 0 0 0 0 0 0 0 0 0 0 0 0 0 0 0 0 0 0 0 0 0 0 0 0 0 0 2 0 0 0 0 0 0 0 0 0 0 0 0 0 0 0 0 0 0 0 0 0 0 0 1 0 0 
0
0 0 0 0 0 0 0 0 0 
0 1 0 2 0 0 0 0 0 1 0 0 0 0 0 0 0 0 0 0 0 0 0 0 0 0 0 2 0 0 0 0 0 0 0 0 0 0 0 0 0 0 0 0 0 0 0 0 0 0 0 0 0 0 2 0 0 0 0 0 0 0 0 0 0 0 0 0 0 0 0 0 0 0 0 0 0 0 1 0 0 
0 1 0 2 0 0 0 0 0 1 0 0 0 0 0 0 0 0 0 0 0 0 0 0 0 0 0 2 0 0 0 0 0 0 0 0 0 0 0 0 0 0 0 0 0 0 0 0 0 0 0 0 0 0 2 0 0 0 0 0 0 0 0 0 0 0 0 0 0 0 0 0 0 0 0 0 0 0 1 0 0 
0
0 0 0 0 0 0 0 0 0 
0 1 0 2 0 0 0 0 0 1 0 0 0 0 0 0 0 0 0 0 1 0 0 0 0 0 0 2 0 0 0 0 0 0 0 0 0 0 0 0 0 0 0 0 0 0 0 0 0 0 0 0 0 0 2 0 0 0 0 0 0 0 0 0 0 0 0 0 0 0 0 0 0 0 0 0 0 0 1 0 0 
0 1 0 2 0 0 0 0 0 1 0 0 0 0 0 0 0 0 0 0 1 0 0 0 0 0 0 2 0 0 0 0 0 0 0 0 0 0 0 0 0 0 0 0 0 0 0 0 0 0 0 0 0 0 2 0 0 0 0 0 0 0 0 0 0 0 0 0 0 0 0 0 0 0 0 0 0 0 1 0 0 
0
0 0 0 0 0 0 0 0 0 
0 1 0 2 0 0 0 0 0 1 0 0 0 0 0 0 0 0 0 0 1 0 0 0 0 0 0 2 0 0 0 0 0 0 0 0 0 0 0 0 0 0 0 0 0 0 0 0 0 0 0 0 0 0 2 0 0 0 0 0 2 0 0 0 0 0 0 0 0 0 0 0 0 0 0 0 0 0 1 0 0 
0 1 0 2 0 0 0 0 0 1 0 0 0 0 0 0 0 0 0 0 1 0 0 0 0 0 0 2 0 0 0 0 0 0 0 0 0 0 0 0 0 0 0 0 0 0 0 0 0 0 0 0 0 0 2 0 0 0 0 0 2 0 0 0 0 0 0 0 0 0 0 0 0 0 0 0 0 0 1 0 0 
0
0 0 0 0 0 0 0 0 0 
1 1 0 2 0 0 0 0 0 1 0 0 0 0 0 0 0 0 0 0 1 0 0 0 0 0 0 2 0 0 0 0 0 0 0 0 0 0 0 0 0 0 0 0 0 0 0 0 0 0 0 0 0 0 2 0 0 0 0 0 2 0 0 0 0 0 0 0 0 0 0 0 0 0 0 0 0 0 1 0 0 
1 1 0 2 0 0 0 0 0 1 0 0 0 0 0 0 0 0 0 0 1 0 0 0 0 0 0 2 0 0 0 0 0 0 0 0 0 0 0 0 0 0 0 0 0 0 0 0 0 0 0 0 0 0 2 0 0 0 0 0 2 0 0 0 0 0 0 0 0 0 0 0 0 0 0 0 0 0 1 0 0 
0
0 0 0 0 0 0 0 0 0 
1 1 2 2 0 0 0 0 0 1 0 0 0 0 0 0 0 0 0 0 1 0 0 0 0 0 0 2 0 0 0 0 0 0 0 0 0 0 0 0 0 0 0 0 0 0 0 0 0 0 0 0 0 0 2 0 0 0 0 0 2 0 0 0 0 0 0 0 0 0 0 0 0 0 0 0 0 0 1 0 0 
1 1 2 2 0 0 0 0 0 1 0 0 0 0 0 0 0 0 0 0 1 0 0 0 0 0 0 2 0 0 0 0 0 0 0 0 0 0 0 0 0 0 0 0 0 0 0 0 0 0 0 0 0 0 2 0 0 0 0 0 2 0 0 0 0 0 0 0 0 0 0 0 0 0 0 0 0 0 1 0 0 
0
0 0 0 0 0 0 0 0 0 
1 1 2 2 0 0 1 0 0 1 0 0 0 0 0 0 0 0 0 0 1 0 0 0 0 0 0 2 0 0 0 0 0 0 0 0 0 0 0 0 0 0 0 0 0 0 0 0 0 0 0 0 0 0 2 0 0 0 0 0 2 0 0 0 0 0 0 0 0 0 0 0 0 0 0 0 0 0 1 0 0 
1 1 2 2 0 0 1 0 0 1 0 0 0 0 0 0 0 0 0 0 1 0 0 0 0 0 0 2 0 0 0 0 0 0 0 0 0 0 0 0 0 0 0 0 0 0 0 0 0 0 0 0 0 0 2 0 0 0 0 0 2 0 0 0 0 0 0 0 0 0 0 0 0 0 0 0 0 0 1 0 0 
0
0 0 0 0 0 0 0 0 0 
1 1 2 2 0 0 1 0 0 1 0 2 0 0 0 0 0 0 0 0 1 0 0 0 0 0 0 2 0 0 0 0 0 0 0 0 0 0 0 0 0 0 0 0 0 0 0 0 0 0 0 0 0 0 2 0 0 0 0 0 2 0 0 0 0 0 0 0 0 0 0 0 0 0 0 0 0 0 1 0 0 
1 1 2 2 0 0 1 0 0 1 0 2 0 0 0 0 0 0 0 0 1 0 0 0 0 0 0 2 0 0 0 0 0 0 0 0 0 0 0 0 0 0 0 0 0 0 0 0 0 0 0 0 0 0 2 0 0 0 0 0 2 0 0 0 0 0 0 0 0 0 0 0 0 0 0 0 0 0 1 0 0 
0
0 0 0 0 0 0 0 0 0 
1 1 2 2 0 0 1 0 0 1 0 2 0 0 0 0 0 0 0 0 1 0 0 0 0 0 0 2 0 0 0 0 0 0 0 0 0 0 0 0 0 0 0 0 1 0 0 0 0 0 0 0 0 0 2 0 0 0 0 0 2 0 0 0 0 0 0 0 0 0 0 0 0 0 0 0 0 0 1 0 0 
1 1 2 2 0 0 1 0 0 1 0 2 0 0 0 0 0 0 0 0 1 0 0 0 0 0 0 2 0 0 0 0 0 0 0 0 0 0 0 0 0 0 0 0 1 0 0 0 0 0 0 0 0 0 2 0 0 0 0 0 2 0 0 0 0 0 0 0 0 0 0 0 0 0 0 0 0 0 1 0 0 
0
0 0 0 0 0 0 0 0 0 
1 1 2 2 0 0 1 0 0 1 0 2 0 0 0 0 0 0 0 0 1 0 0 0 0 0 0 2 0 0 0 0 0 0 2 0 0 0 0 0 0 0 0 0 1 0 0 0 0 0 0 0 0 0 2 0 0 0 0 0 2 0 0 0 0 0 0 0 0 0 0 0 0 0 0 0 0 0 1 0 0 
1 1 2 2 0 0 1 0 0 1 0 2 0 0 0 0 0 0 0 0 1 0 0 0 0 0 0 2 0 0 0 0 0 0 2 0 0 0 0 0 0 0 0 0 1 0 0 0 0 0 0 0 0 0 2 0 0 0 0 0 2 0 0 0 0 0 0 0 0 0 0 0 0 0 0 0 0 0 1 0 0 
0
0 0 0 0 0 0 0 0 0 
1 1 2 2 0 0 1 0 0 1 0 2 0 0 1 0 0 0 0 0 1 0 0 0 0 0 0 2 0 0 0 0 0 0 2 0 0 0 0 0 0 0 0 0 1 0 0 0 0 0 0 0 0 0 2 0 0 0 0 0 2 0 0 0 0 0 0 0 0 0 0 0 0 0 0 0 0 0 1 0 0 
1 1 2 2 0 0 1 0 0 1 0 2 0 0 1 0 0 0 0 0 1 0 0 0 0 0 0 2 0 0 0 0 0 0 2 0 0 0 0 0 0 0 0 0 1 0 0 0 0 0 0 0 0 0 2 0 0 0 0 0 2 0 0 0 0 0 0 0 0 0 0 0 0 0 0 0 0 0 1 0 0 
0
0 0 0 0 0 0 0 0 0 
1 1 2 2 0 0 1 0 0 1 0 2 0 0 1 0 0 0 0 0 1 0 0 0 0 0 0 2 0 0 0 0 0 2 2 0 0 0 0 0 0 0 0 0 1 0 0 0 0 0 0 0 0 0 2 0 0 0 0 0 2 0 0 0 0 0 0 0 0 0 0 0 0 0 0 0 0 0 1 0 0 
1 1 2 2 0 0 1 0 0 1 0 2 0 0 1 0 0 0 0 0 1 0 0 0 0 0 0 2 0 0 0 0 0 2 2 0 0 0 0 0 0 0 0 0 1 0 0 0 0 0 0 0 0 0 2 0 0 0 0 0 2 0 0 0 0 0 0 0 0 0 0 0 0 0 0 0 0 0 1 0 0 
0
1 0 0 0 0 0 0 0 0 
1 1 2 2 0 0 1 0 0 1 0 2 0 0 1 0 0 0 1 0 1 0 0 0 0 0 0 2 0 0 0 0 0 2 2 0 0 0 0 0 0 0 0 0 1 0 0 0 0 0 0 0 0 0 2 0 0 0 0 0 2 0 0 0 0 0 0 0 0 0 0 0 0 0 0 0 0 0 1 0 0 
17 17 18 2 0 0 1 0 0 17 16 18 0 0 1 0 0 0 17 16 17 0 0 0 0 0 0 2 0 0 0 0 0 2 2 0 0 0 0 0 0 0 0 0 1 0 0 0 0 0 0 0 0 0 2 0 0 0 0 0 2 0 0 0 0 0 0 0 0 0 0 0 0 0 0 0 0 0 1 0 0 
0
1 0 0 0 0 0 0 0 0 
1 1 2 2 0 0 1 0 0 1 0 2 0 0 1 0 0 0 1 0 1 0 0 0 0 0 0 2 0 0 0 0 0 2 2 0 0 0 0 0 0 0 0 0 1 0 0 0 0 0 0 0 0 0 2 2 0 0 0 0 2 0 0 0 0 0 0 0 0 0 0 0 0 0 0 0 0 0 1 0 0 
17 17 18 2 0 0 1 0 0 17 16 18 0 0 1 0 0 0 17 16 17 0 0 0 0 0 0 2 0 0 0 0 0 2 2 0 0 0 0 0 0 0 0 0 1 0 0 0 0 0 0 0 0 0 2 2 0 0 0 0 2 0 0 0 0 0 0 0 0 0 0 0 0 0 0 0 0 0 1 0 0 
0
1 0 0 0 0 0 0 0 0 
1 1 2 2 1 0 1 0 0 1 0 2 0 0 1 0 0 0 1 0 1 0 0 0 0 0 0 2 0 0 0 0 0 2 2 0 0 0 0 0 0 0 0 0 1 0 0 0 0 0 0 0 0 0 2 2 0 0 0 0 2 0 0 0 0 0 0 0 0 0 0 0 0 0 0 0 0 0 1 0 0 
17 17 18 2 1 0 1 0 0 17 16 18 0 0 1 0 0 0 17 16 17 0 0 0 0 0 0 2 0 0 0 0 0 2 2 0 0 0 0 0 0 0 0 0 1 0 0 0 0 0 0 0 0 0 2 2 0 0 0 0 2 0 0 0 0 0 0 0 0 0 0 0 0 0 0 0 0 0 1 0 0 
0
1 0 0 0 0 0 0 0 0 
1 1 2 2 1 2 1 0 0 1 0 2 0 0 1 0 0 0 1 0 1 0 0 0 0 0 0 2 0 0 0 0 0 2 2 0 0 0 0 0 0 0 0 0 1 0 0 0 0 0 0 0 0 0 2 2 0 0 0 0 2 0 0 0 0 0 0 0 0 0 0 0 0 0 0 0 0 0 1 0 0 
17 17 18 2 1 2 1 0 0 17 16 18 0 0 1 0 0 0 17 16 17 0 0 0 0 0 0 2 0 0 0 0 0 2 2 0 0 0 0 0 0 0 0 0 1 0 0 0 0 0 0 0 0 0 2 2 0 0 0 0 2 0 0 0 0 0 0 0 0 0 0 0 0 0 0 0 0 0 1 0 0 
0
1 0 0 0 0 0 0 0 0 
1 1 2 2 1 2 1 0 0 1 0 2 0 0 1 0 0 1 1 0 1 0 0 0 0 0 0 2 0 0 0 0 0 2 2 0 0 0 0 0 0 0 0 0 1 0 0 0 0 0 0 0 0 0 2 2 0 0 0 0 2 0 0 0 0 0 0 0 0 0 0 0 0 0 0 0 0 0 1 0 0 
17 17 18 2 1 2 1 0 0 17 16 18 0 0 1 0 0 1 17 16 17 0 0 0 0 0 0 2 0 0 0 0 0 2 2 0 0 0 0 0 0 0 0 0 1 0 0 0 0 0 0 0 0 0 2 2 0 0 0 0 2 0 0 0 0 0 0 0 0 0 0 0 0 0 0 0 0 0 1 0 0 
0
1 0 0 0 0 2 0 0 0 
1 1 2 2 1 2 1 0 0 1 0 2 0 0 1 0 0 1 1 0 1 0 0 0 0 0 0 2 0 0 0 0 0 2 2 2 0 0 0 0 0 0 0 0 1 0 0 0 0 0 0 0 0 0 2 2 0 0 0 0 2 0 0 0 0 0 0 0 0 0 0 0 0 0 0 0 0 0 1 0 0 
17 17 18 2 1 2 1 0 0 17 16 18 0 0 1 0 0 1 17 16 17 0 0 0 0 0 0 2 0 0 0 0 0 34 34 34 0 0 0 0 0 0 32 32 33 0 0 0 0 0 0 32 32 32 2 2 0 0 0 0 2 0 0 0 0 0 0 0 0 0 0 0 0 0 0 0 0 0 1 0 0 
0
1 0 0 0 0 2 0 0 0 
1 1 2 2 1 2 1 0 0 1 0 2 0 0 1 0 0 1 1 0 1 0 0 0 0 0 1 2 0 0 0 0 0 2 2 2 0 0 0 0 0 0 0 0 1 0 0 0 0 0 0 0 0 0 2 2 0 0 0 0 2 0 0 0 0 0 0 0 0 0 0 0 0 0 0 0 0 0 1 0 0 
17 17 18 2 1 2 1 0 0 17 16 18 0 0 1 0 0 1 17 16 17 0 0 0 0 0 1 2 0 0 0 0 0 34 34 34 0 0 0 0 0 0 32 32 33 0 0 0 0 0 0 32 32 32 2 2 0 0 0 0 2 0 0 0 0 0 0 0 0 0 0 0 0 0 0 0 0 0 1 0 0 
0
1 0 0 0 0 2 0 0 0 
1 1 2 2 1 2 1 0 0 1 0 2 0 0 1 0 0 1 1 0 1 0 0 0 0 0 1 2 0 0 0 0 0 2 2 2 0 0 0 0 0 0 0 0 1 0 0 0 0 0 0 0 0 0 2 2 0 0 0 0 2 2 0 0 0 0 0 0 0 0 0 0 0 0 0 0 0 0 1 0 0 
17 17 18 2 1 2 1 0 0 17 16 18 0 0 1 0 0 1 17 16 17 0 0 0 0 0 1 2 0 0 0 0 0 34 34 34 0 0 0 0 0 0 32 32 33 0 0 0 0 0 0 32 32 32 2 2 0 0 0 0 2 2 0 0 0 0 0 0 0 0 0 0 0 0 0 0 0 0 1 0 0 
0
1 0 0 0 0 2 0 0 0 
1 1 2 2 1 2 1 0 0 1 0 2 0 0 1 0 0 1 1 0 1 0 0 1 0 0 1 2 0 0 0 0 0 2 2 2 0 0 0 0 0 0 0 0 1 0 0 0 0 0 0 0 0 0 2 2 0 0 0 0 2 2 0 0 0 0 0 0 0 0 0 0 0 0 0 0 0 0 1 0 0 
17 17 18 2 1 2 1 0 0 17 16 18 0 0 1 0 0 1 17 16 17 0 0 1 0 0 1 2 0 0 0 0 0 34 34 34 0 0 0 0 0 0 32 32 33 0 0 0 0 0 0 32 32 32 2 2 0 0 0 0 2 2 0 0 0 0 0 0 0 0 0 0 0 0 0 0 0 0 1 0 0 
0
1 0 0 0 0 2 0 0 2 
1 1 2 2 1 2 1 0 0 1 0 2 0 0 1 0 0 1 1 0 1 0 0 1 0 0 1 2 0 0 0 0 0 2 2 2 0 0 0 0 0 0 0 0 1 0 0 0 0 0 0 0 0 0 2 2 0 0 0 0 2 2 2 0 0 0 0 0 0 0 0 0 0 0 0 0 0 0 1 0 0 
17 17 18 2 1 2 1 0 0 17 16 18 0 0 1 0 0 1 17 16 17 0 0 1 0 0 1 2 0 0 0 0 0 34 34 34 0 0 0 0 0 0 32 32 33 0 0 0 0 0 0 32 32 32 2 2 0 0 0 0 34 34 34 0 0 0 0 0 0 32 32 32 0 0 0 0 0 0 33 32 32 
0
1 0 1 0 0 2 0 0 2 
1 1 2 2 1 2 1 0 1 1 0 2 0 0 1 0 0 1 1 0 1 0 0 1 0 0 1 2 0 0 0 0 0 2 2 2 0 0 0 0 0 0 0 0 1 0 0 0 0 0 0 0 0 0 2 2 0 0 0 0 2 2 2 0 0 0 0 0 0 0 0 0 0 0 0 0 0 0 1 0 0 
17 17 18 2 1 2 17 16 17 17 16 18 0 0 1 16 16 17 17 16 17 0 0 1 16 16 17 2 0 0 0 0 0 34 34 34 0 0 0 0 0 0 32 32 33 0 0 0 0 0 0 32 32 32 2 2 0 0 0 0 34 34 34 0 0 0 0 0 0 32 32 32 0 0 0 0 0 0 33 32 32 
0
1 0 1 0 0 2 2 0 2 
1 1 2 2 1 2 1 0 1 1 0 2 0 0 1 0 0 1 1 0 1 0 0 1 0 0 1 2 0 0 0 0 0 2 2 2 0 0 0 0 0 0 0 0 1 0 0 0 0 0 0 0 0 0 2 2 2 0 0 0 2 2 2 0 0 0 0 0 0 0 0 0 0 0 0 0 0 0 1 0 0 
17 17 18 2 1 2 17 16 17 17 16 18 0 0 1 16 16 17 17 16 17 0 0 1 16 16 17 2 0 0 0 0 0 34 34 34 0 0 0 0 0 0 32 32 33 0 0 0 0 0 0 32 32 32 34 34 34 0 0 0 34 34 34 32 32 32 0 0 0 32 32 32 32 32 32 0 0 0 33 32 32 
0
1 0 1 0 0 2 2 0 2 
1 1 2 2 1 2 1 0 1 1 0 2 0 0 1 0 0 1 1 0 1 0 0 1 0 0 1 2 0 0 0 0 0 2 2 2 0 0 0 0 0 0 0 0 1 0 0 0 0 0 0 0 0 0 2 2 2 0 0 0 2 2 2 0 0 0 0 0 1 0 0 0 0 0 0 0 0 0 1 0 0 
17 17 18 2 1 2 17 16 17 17 16 18 0 0 1 16 16 17 17 16 17 0 0 1 16 16 17 2 0 0 0 0 0 34 34 34 0 0 0 0 0 0 32 32 33 0 0 0 0 0 0 32 32 32 34 34 34 0 0 0 34 34 34 32 32 32 0 0 1 32 32 32 32 32 32 0 0 0 33 32 32 
0
1 0 1 0 0 2 2 0 2 
1 1 2 2 1 2 1 0 1 1 0 2 0 0 1 0 0 1 1 0 1 0 0 1 0 0 1 2 0 0 0 0 0 2 2 2 0 0 0 0 2 0 0 0 1 0 0 0 0 0 0 0 0 0 2 2 2 0 0 0 2 2 2 0 0 0 0 0 1 0 0 0 0 0 0 0 0 0 1 0 0 
17 17 18 2 1 2 17 16 17 17 16 18 0 0 1 16 16 17 17 16 17 0 0 1 16 16 17 2 0 0 0 0 0 34 34 34 0 0 0 0 2 0 32 32 33 0 0 0 0 0 0 32 32 32 34 34 34 0 0 0 34 34 34 32 32 32 0 0 1 32 32 32 32 32 32 0 0 0 33 32 32 
0
1 0 1 0 0 2 2 0 2 
1 1 2 2 1 2 1 0 1 1 0 2 0 0 1 0 0 1 1 0 1 0 0 1 0 0 1 2 0 0 0 0 1 2 2 2 0 0 0 0 2 0 0 0 1 0 0 0 0 0 0 0 0 0 2 2 2 0 0 0 2 2 2 0 0 0 0 0 1 0 0 0 0 0 0 0 0 0 1 0 0 
17 17 18 2 1 2 17 16 17 17 16 18 0 0 1 16 16 17 17 16 17 0 0 1 16 16 17 2 0 0 0 0 1 34 34 34 0 0 0 0 2 0 32 32 33 0 0 0 0 0 0 32 32 32 34 34 34 0 0 0 34 34 34 32 32 32 0 0 1 32 32 32 32 32 32 0 0 0 33 32 32 
0
1 0 1 0 0 2 2 0 2 
1 1 2 2 1 2 1 0 1 1 0 2 0 2 1 0 0 1 1 0 1 0 0 1 0 0 1 2 0 0 0 0 1 2 2 2 0 0 0 0 2 0 0 0 1 0 0 0 0 0 0 0 0 0 2 2 2 0 0 0 2 2 2 0 0 0 0 0 1 0 0 0 0 0 0 0 0 0 1 0 0 
17 17 18 2 1 2 17 16 17 17 16 18 0 2 1 16 16 17 17 16 17 0 0 1 16 16 17 2 0 0 0 0 1 34 34 34 0 0 0 0 2 0 32 32 33 0 0 0 0 0 0 32 32 32 34 34 34 0 0 0 34 34 34 32 32 32 0 0 1 32 32 32 32 32 32 0 0 0 33 32 32 
0
1 0 1 0 0 2 2 0 2 
1 1 2 2 1 2 1 0 1 1 0 2 0 2 1 0 0 1 1 0 1 0 0 1 0 0 1 2 0 0 0 0 1 2 2 2 0 0 0 0 2 1 0 0 1 0 0 0 0 0 0 0 0 0 2 2 2 0 0 0 2 2 2 0 0 0 0 0 1 0 0 0 0 0 0 0 0 0 1 0 0 
17 17 18 2 1 2 17 16 17 17 16 18 0 2 1 16 16 17 17 16 17 0 0 1 16 16 17 2 0 0 0 0 1 34 34 34 0 0 0 0 2 1 32 32 33 0 0 0 0 0 0 32 32 32 34 34 34 0 0 0 34 34 34 32 32 32 0 0 1 32 32 32 32 32 32 0 0 0 33 32 32 
0
1 0 1 0 0 2 2 0 2 
1 1 2 2 1 2 1 0 1 1 0 2 0 2 1 0 0 1 1 0 1 0 0 1 0 0 1 2 2 0 0 0 1 2 2 2 0 0 0 0 2 1 0 0 1 0 0 0 0 0 0 0 0 0 2 2 2 0 0 0 2 2 2 0 0 0 0 0 1 0 0 0 0 0 0 0 0 0 1 0 0 
17 17 18 2 1 2 17 16 17 17 16 18 0 2 1 16 16 17 17 16 17 0 0 1 16 16 17 2 2 0 0 0 1 34 34 34 0 0 0 0 2 1 32 32 33 0 0 0 0 0 0 32 32 32 34 34 34 0 0 0 34 34 34 32 32 32 0 0 1 32 32 32 32 32 32 0 0 0 33 32 32 
0
1 0 1 0 0 2 2 0 2 
1 1 2 2 1 2 1 0 1 1 0 2 1 2 1 0 0 1 1 0 1 0 0 1 0 0 1 2 2 0 0 0 1 2 2 2 0 0 0 0 2 1 0 0 1 0 0 0 0 0 0 0 0 0 2 2 2 0 0 0 2 2 2 0 0 0 0 0 1 0 0 0 0 0 0 0 0 0 1 0 0 
17 17 18 2 1 2 17 16 17 17 16 18 1 2 1 16 16 17 17 16 17 0 0 1 16 16 17 2 2 0 0 0 1 34 34 34 0 0 0 0 2 1 32 32 33 0 0 0 0 0 0 32 32 32 34 34 34 0 0 0 34 34 34 32 32 32 0 0 1 32 32 32 32 32 32 0 0 0 33 32 32 
0
1 0 1 2 0 2 2 0 2 
1 1 2 2 1 2 1 0 1 1 0 2 1 2 1 0 0 1 1 0 1 0 0 1 0 0 1 2 2 2 0 0 1 2 2 2 0 0 0 0 2 1 0 0 1 0 0 0 0 0 0 0 0 0 2 2 2 0 0 0 2 2 2 0 0 0 0 0 1 0 0 0 0 0 0 0 0 0 1 0 0 
17 17 18 2 1 2 17 16 17 17 16 18 1 2 1 16 16 17 17 16 17 0 0 1 16 16 17 34 34 34 0 0 1 34 34 34 32 32 32 0 2 1 32 32 33 32 32 32 0 0 0 32 32 32 34 34 34 0 0 0 34 34 34 32 32 32 0 0 1 32 32 32 32 32 32 0 0 0 33 32 32 
0
1 0 1 2 0 2 2 0 2 
1 1 2 2 1 2 1 0 1 1 0 2 1 2 1 0 0 1 1 0 1 0 0 1 0 0 1 2 2 2 0 0 1 2 2 2 0 0 0 0 2 1 0 0 1 0 0 0 0 0 0 0 0 0 2 2 2 0 0 0 2 2 2 0 0 0 0 1 1 0 0 0 0 0 0 0 0 0 1 0 0 
17 17 18 2 1 2 17 16 17 17 16 18 1 2 1 16 16 17 17 16 17 0 0 1 16 16 17 34 34 34 0 0 1 34 34 34 32 32 32 0 2 1 32 32 33 32 32 32 0 0 0 32 32 32 34 34 34 0 0 0 34 34 34 32 32 32 0 1 1 32 32 32 32 32 32 0 0 0 33 32 32 
0
1 0 1 2 0 2 2 0 2 
1 1 2 2 1 2 1 0 1 1 0 2 1 2 1 0 0 1 1 0 1 0 0 1 0 0 1 2 2 2 0 2 1 2 2 2 0 0 0 0 2 1 0 0 1 0 0 0 0 0 0 0 0 0 2 2 2 0 0 0 2 2 2 0 0 0 0 1 1 0 0 0 0 0 0 0 0 0 1 0 0 
17 17 18 2 1 2 17 16 17 17 16 18 1 2 1 16 16 17 17 16 17 0 0 1 16 16 17 34 34 34 0 2 1 34 34 34 32 32 32 0 2 1 32 32 33 32 32 32 0 0 0 32 32 32 34 34 34 0 0 0 34 34 34 32 32 32 0 1 1 32 32 32 32 32 32 0 0 0 33 32 32 
0
1 0 1 2 0 2 2 0 2 
1 1 2 2 1 2 1 0 1 1 0 2 1 2 1 0 0 1 1 0 1 0 1 1 0 0 1 2 2 2 0 2 1 2 2 2 0 0 0 0 2 1 0 0 1 0 0 0 0 0 0 0 0 0 2 2 2 0 0 0 2 2 2 0 0 0 0 1 1 0 0 0 0 0 0 0 0 0 1 0 0 
17 17 18 2 1 2 17 16 17 17 16 18 1 2 1 16 16 17 17 16 17 0 1 1 16 16 17 34 34 34 0 2 1 34 34 34 32 32 32 0 2 1 32 32 33 32 32 32 0 0 0 32 32 32 34 34 34 0 0 0 34 34 34 32 32 32 0 1 1 32 32 32 32 32 32 0 0 0 33 32 32 
0
1 0 1 2 0 2 2 0 2 
1 1 2 2 1 2 1 0 1 1 0 2 1 2 1 0 0 1 1 0 1 0 1 1 0 0 1 2 2 2 0 2 1 2 2 2 0 0 0 0 2 1 0 0 1 0 0 0 0 0 0 0 0 0 2 2 2 0 0 0 2 2 2 0 0 0 0 1 1 0 0 0 0 0 0 0 2 0 1 0 0 
17 17 18 2 1 2 17 16 17 17 16 18 1 2 1 16 16 17 17 16 17 0 1 1 16 16 17 34 34 34 0 2 1 34 34 34 32 32 32 0 2 1 32 32 33 32 32 32 0 0 0 32 32 32 34 34 34 0 0 0 34 34 34 32 32 32 0 1 1 32 32 32 32 32 32 0 2 0 33 32 32 
0
1 0 1 2 0 2 2 1 2 
1 1 2 2 1 2 1 0 1 1 0 2 1 2 1 0 0 1 1 0 1 0 1 1 0 0 1 2 2 2 0 2 1 2 2 2 0 0 0 0 2 1 0 0 1 0 0 0 0 0 0 0 0 0 2 2 2 0 0 0 2 2 2 0 0 0 1 1 1 0 0 0 0 0 0 0 2 0 1 0 0 
17 17 18 2 1 2 17 16 17 17 16 18 1 2 1 16 16 17 17 16 17 0 1 1 16 16 17 34 34 34 0 2 1 34 34 34 32 32 32 0 2 1 32 32 33 32 32 32 0 0 0 32 32 32 34 34 34 16 16 16 34 34 34 32 32 32 17 17 17 32 32 32 32 32 32 16 18 16 33 32 32 
0
1 0 1 2 2 2 2 1 2 
1 1 2 2 1 2 1 0 1 1 0 2 1 2 1 0 0 1 1 0 1 0 1 1 0 0 1 2 2 2 0 2 1 2 2 2 0 0 0 0 2 1 0 0 1 0 0 0 0 2 0 0 0 0 2 2 2 0 0 0 2 2 2 0 0 0 1 1 1 0 0 0 0 0 0 0 2 0 1 0 0 
17 17 18 2 1 2 17 16 17 17 16 18 1 2 1 16 16 17 17 16 17 0 1 1 16 16 17 34 34 34 32 34 33 34 34 34 32 32 32 32 34 33 32 32 33 32 32 32 32 34 32 32 32 32 34 34 34 16 16 16 34 34 34 32 32 32 17 17 17 32 32 32 32 32 32 16 18 16 33 32 32 
0
1 0 1 2 2 2 2 1 2 
1 1 2 2 1 2 1 0 1 1 0 2 1 2 1 0 0 1 1 0 1 0 1 1 0 0 1 2 2 2 0 2 1 2 2 2 0 0 0 0 2 1 0 0 1 0 0 0 0 2 0 0 0 0 2 2 2 0 0 0 2 2 2 0 0 0 1 1 1 0 0 0 0 0 0 0 2 0 1 0 0 
17 17 18 2 1 2 17 16 17 17 16 18 1 2 1 16 16 17 17 16 17 0 1 1 16 16 17 34 34 34 32 34 33 34 34 34 32 32 32 32 34 33 32 32 33 32 32 32 32 34 32 32 32 32 34 34 34 16 16 16 34 34 34 32 32 32 17 17 17 32 32 32 32 32 32 16 18 16 33 32 32 
0
