0 0 0 0 0 0 0 0 0 
0 0 0 0 0 0 0 0 0 0 0 0 0 0 0 0 0 0 0 0 0 0 0 0 0 0 0 0 0 0 0 0 0 0 0 0 0 0 0 0 0 0 0 0 0 0 0 0 0 0 1 0 0 0 0 0 0 0 0 0 0 0 0 0 0 0 0 0 0 0 0 0 0 0 0 0 0 0 0 0 0 
0 0 0 0 0 0 0 0 0 0 0 0 0 0 0 0 0 0 0 0 0 0 0 0 0 0 0 0 0 0 0 0 0 0 0 0 0 0 0 0 0 0 0 0 0 0 0 0 0 0 1 0 0 0 0 0 0 0 0 0 0 0 0 0 0 0 0 0 0 0 0 0 0 0 0 0 0 0 0 0 0 
0
0 0 0 0 0 0 0 0 0 
0 0 0 0 0 0 0 0 0 0 0 0 0 0 0 0 0 0 0 0 0 0 0 0 0 0 0 0 0 0 0 0 0 0 0 0 0 0 0 0 0 0 0 0 0 0 0 0 0 0 1 0 0 0 0 0 0 0 0 0 0 2 0 0 0 0 0 0 0 0 0 0 0 0 0 0 0 0 0 0 0 
0 0 0 0 0 0 0 0 0 0 0 0 0 0 0 0 0 0 0 0 0 0 0 0 0 0 0 0 0 0 0 0 0 0 0 0 0 0 0 0 0 0 0 0 0 0 0 0 0 0 1 0 0 0 0 0 0 0 0 0 0 2 0 0 0 0 0 0 0 0 0 0 0 0 0 0 0 0 0 0 0 
0
0 0 0 0 0 0 0 0 0 
0 0 0 0 0 0 0 0 0 0 0 0 0 0 0 0 0 0 0 0 0 0 1 0 0 0 0 0 0 0 0 0 0 0 0 0 0 0 0 0 0 0 0 0 0 0 0 0 0 0 1 0 0 0 0 0 0 0 0 0 0 2 0 0 0 0 0 0 0 0 0 0 0 0 0 0 0 0 0 0 0 
0 0 0 0 0 0 0 0 0 0 0 0 0 0 0 0 0 0 0 0 0 0 1 0 0 0 0 0 0 0 0 0 0 0 0 0 0 0 0 0 0 0 0 0 0 0 0 0 0 0 1 0 0 0 0 0 0 0 0 0 0 2 0 0 0 0 0 0 0 0 0 0 0 0 0 0 0 0 0 0 0 
0
0 0 0 0 0 0 0 0 0 
0 0 0 0 0 0 0 0 0 0 0 0 0 0 0 0 0 0 0 0 0 0 1 0 0 0 0 0 0 0 0 0 0 0 0 0 0 0 0 0 0 0 0 0 0 0 0 0 0 0 1 0 0 0 0 0 0 0 0 0 0 2 0 0 0 0 0 0 0 0 0 0 0 0 0 0 2 0 0 0 0 
0 0 0 0 0 0 0 0 0 0 0 0 0 0 0 0 0 0 0 0 0 0 1 0 0 0 0 0 0 0 0 0 0 0 0 0 0 0 0 0 0 0 0 0 0 0 0 0 0 0 1 0 0 0 0 0 0 0 0 0 0 2 0 0 0 0 0 0 0 0 0 0 0 0 0 0 2 0 0 0 0 
0
0 0 0 0 0 0 0 0 0 
0 0 0 0 0 0 0 0 0 0 0 0 0 0 0 0 0 0 0 0 0 0 1 0 0 0 0 0 0 0 0 0 0 0 0 0 0 0 0 0 0 0 0 0 0 0 0 0 0 0 1 0 0 0 0 0 0 0 0 0 0 2 0 0 0 0 0 0 0 0 0 0 0 0 0 0 2 1 0 0 0 
0 0 0 0 0 0 0 0 0 0 0 0 0 0 0 0 0 0 0 0 0 0 1 0 0 0 0 0 0 0 0 0 0 0 0 0 0 0 0 0 0 0 0 0 0 0 0 0 0 0 1 0 0 0 0 0 0 0 0 0 0 2 0 0 0 0 0 0 0 0 0 0 0 0 0 0 2 1 0 0 0 
0
0 0 0 0 0 0 0 0 0 
0 0 0 0 0 0 0 0 0 0 0 0 0 0 0 0 0 0 0 0 0 0 1 0 0 0 0 0 0 0 0 0 0 0 0 0 0 0 0 0 0 0 0 0 0 0 0 0 0 0 1 0 0 0 0 0 0 0 0 0 2 2 0 0 0 0 0 0 0 0 0 0 0 0 0 0 2 1 0 0 0 
0 0 0 0 0 0 0 0 0 0 0 0 0 0 0 0 0 0 0 0 0 0 1 0 0 0 0 0 0 0 0 0 0 0 0 0 0 0 0 0 0 0 0 0 0 0 0 0 0 0 1 0 0 0 0 0 0 0 0 0 2 2 0 0 0 0 0 0 0 0 0 0 0 0 0 0 2 1 0 0 0 
0
0 0 0 0 0 0 0 0 0 
0 1 0 0 0 0 0 0 0 0 0 0 0 0 0 0 0 0 0 0 0 0 1 0 0 0 0 0 0 0 0 0 0 0 0 0 0 0 0 0 0 0 0 0 0 0 0 0 0 0 1 0 0 0 0 0 0 0 0 0 2 2 0 0 0 0 0 0 0 0 0 0 0 0 0 0 2 1 0 0 0 
0 1 0 0 0 0 0 0 0 0 0 0 0 0 0 0 0 0 0 0 0 0 1 0 0 0 0 0 0 0 0 0 0 0 0 0 0 0 0 0 0 0 0 0 0 0 0 0 0 0 1 0 0 0 0 0 0 0 0 0 2 2 0 0 0 0 0 0 0 0 0 0 0 0 0 0 2 1 0 0 0 
0
0 0 0 0 0 0 0 0 0 
0 1 0 0 0 0 0 0 0 0 0 0 0 0 2 0 0 0 0 0 0 0 1 0 0 0 0 0 0 0 0 0 0 0 0 0 0 0 0 0 0 0 0 0 0 0 0 0 0 0 1 0 0 0 0 0 0 0 0 0 2 2 0 0 0 0 0 0 0 0 0 0 0 0 0 0 2 1 0 0 0 
0 1 0 0 0 0 0 0 0 0 0 0 0 0 2 0 0 0 0 0 0 0 1 0 0 0 0 0 0 0 0 0 0 0 0 0 0 0 0 0 0 0 0 0 0 0 0 0 0 0 1 0 0 0 0 0 0 0 0 0 2 2 0 0 0 0 0 0 0 0 0 0 0 0 0 0 2 1 0 0 0 
0
0 0 0 0 0 0 0 0 0 
0 1 0 0 0 0 0 0 0 0 0 0 0 0 2 0 0 0 0 0 0 0 1 0 0 0 0 0 0 0 0 0 0 0 0 0 0 0 0 0 0 0 0 0 0 0 0 0 0 0 1 0 1 0 0 0 0 0 0 0 2 2 0 0 0 0 0 0 0 0 0 0 0 0 0 0 2 1 0 0 0 
0 1 0 0 0 0 0 0 0 0 0 0 0 0 2 0 0 0 0 0 0 0 1 0 0 0 0 0 0 0 0 0 0 0 0 0 0 0 0 0 0 0 0 0 0 0 0 0 0 0 1 0 1 0 0 0 0 0 0 0 2 2 0 0 0 0 0 0 0 0 0 0 0 0 0 0 2 1 0 0 0 
0
0 0 0 0 0 0 0 0 0 
0 1 0 0 0 0 0 0 0 0 0 0 0 0 2 0 0 0 0 0 0 0 1 0 0 0 0 0 0 0 0 0 0 0 0 0 0 0 0 0 0 0 0 0 0 0 0 0 0 0 1 0 1 0 0 0 0 0 2 0 2 2 0 0 0 0 0 0 0 0 0 0 0 0 0 0 2 1 0 0 0 
0 1 0 0 0 0 0 0 0 0 0 0 0 0 2 0 0 0 0 0 0 0 1 0 0 0 0 0 0 0 0 0 0 0 0 0 0 0 0 0 0 0 0 0 0 0 0 0 0 0 1 0 1 0 0 0 0 0 2 0 2 2 0 0 0 0 0 0 0 0 0 0 0 0 0 0 2 1 0 0 0 
0
0 0 0 0 0 0 0 0 0 
0 1 0 0 1 0 0 0 0 0 0 0 0 0 2 0 0 0 0 0 0 0 1 0 0 0 0 0 0 0 0 0 0 0 0 0 0 0 0 0 0 0 0 0 0 0 0 0 0 0 1 0 1 0 0 0 0 0 2 0 2 2 0 0 0 0 0 0 0 0 0 0 0 0 0 0 2 1 0 0 0 
0 1 0 0 1 0 0 0 0 0 0 0 0 0 2 0 0 0 0 0 0 0 1 0 0 0 0 0 0 0 0 0 0 0 0 0 0 0 0 0 0 0 0 0 0 0 0 0 0 0 1 0 1 0 0 0 0 0 2 0 2 2 0 0 0 0 0 0 0 0 0 0 0 0 0 0 2 1 0 0 0 
0
0 0 0 0 0 0 0 0 0 
0 1 0 0 1 0 0 0 0 0 0 0 2 0 2 0 0 0 0 0 0 0 1 0 0 0 0 0 0 0 0 0 0 0 0 0 0 0 0 0 0 0 0 0 0 0 0 0 0 0 1 0 1 0 0 0 0 0 2 0 2 2 0 0 0 0 0 0 0 0 0 0 0 0 0 0 2 1 0 0 0 
0 1 0 0 1 0 0 0 0 0 0 0 2 0 2 0 0 0 0 0 0 0 1 0 0 0 0 0 0 0 0 0 0 0 0 0 0 0 0 0 0 0 0 0 0 0 0 0 0 0 1 0 1 0 0 0 0 0 2 0 2 2 0 0 0 0 0 0 0 0 0 0 0 0 0 0 2 1 0 0 0 
0
0 0 0 0 0 0 0 0 0 
0 1 0 0 1 0 0 0 0 0 0 0 2 0 2 0 0 0 0 0 0 0 1 0 0 0 0 0 0 0 0 0 0 0 0 0 0 0 1 0 0 0 0 0 0 0 0 0 0 0 1 0 1 0 0 0 0 0 2 0 2 2 0 0 0 0 0 0 0 0 0 0 0 0 0 0 2 1 0 0 0 
0 1 0 0 1 0 0 0 0 0 0 0 2 0 2 0 0 0 0 0 0 0 1 0 0 0 0 0 0 0 0 0 0 0 0 0 0 0 1 0 0 0 0 0 0 0 0 0 0 0 1 0 1 0 0 0 0 0 2 0 2 2 0 0 0 0 0 0 0 0 0 0 0 0 0 0 2 1 0 0 0 
0
0 0 0 0 0 0 0 0 0 
0 1 0 0 1 0 0 0 0 0 0 0 2 0 2 0 0 0 0 0 0 0 1 0 0 0 0 0 0 0 0 0 0 0 0 0 0 0 1 0 0 0 0 0 0 0 0 0 0 0 1 2 1 0 0 0 0 0 2 0 2 2 0 0 0 0 0 0 0 0 0 0 0 0 0 0 2 1 0 0 0 
0 1 0 0 1 0 0 0 0 0 0 0 2 0 2 0 0 0 0 0 0 0 1 0 0 0 0 0 0 0 0 0 0 0 0 0 0 0 1 0 0 0 0 0 0 0 0 0 0 0 1 2 1 0 0 0 0 0 2 0 2 2 0 0 0 0 0 0 0 0 0 0 0 0 0 0 2 1 0 0 0 
0
0 0 0 0 0 0 0 0 0 
0 1 0 0 1 0 0 0 0 0 0 0 2 0 2 0 0 0 0 0 0 0 1 0 0 0 0 0 0 0 0 0 0 0 0 0 0 0 1 0 0 0 0 0 0 0 0 0 0 0 1 2 1 0 0 0 0 0 2 0 2 2 0 0 0 0 0 0 0 0 0 0 0 1 0 0 2 1 0 0 0 
0 1 0 0 1 0 0 0 0 0 0 0 2 0 2 0 0 0 0 0 0 0 1 0 0 0 0 0 0 0 0 0 0 0 0 0 0 0 1 0 0 0 0 0 0 0 0 0 0 0 1 2 1 0 0 0 0 0 2 0 2 2 0 0 0 0 0 0 0 0 0 0 0 1 0 0 2 1 0 0 0 
0
0 0 0 0 0 0 0 2 0 
0 1 0 0 1 0 0 0 0 0 0 0 2 0 2 0 0 0 0 0 0 0 1 0 0 0 0 0 0 0 0 0 0 0 0 0 0 0 1 0 0 0 0 0 0 0 0 0 0 0 1 2 1 0 0 0 0 0 2 0 2 2 0 0 0 0 0 2 0 0 0 0 0 1 0 0 2 1 0 0 0 
0 1 0 0 1 0 0 0 0 0 0 0 2 0 2 0 0 0 0 0 0 0 1 0 0 0 0 0 0 0 0 0 0 0 0 0 0 0 1 0 0 0 0 0 0 0 0 0 0 0 1 2 1 0 0 0 0 32 34 32 2 2 0 0 0 0 32 34 32 0 0 0 0 1 0 32 34 33 0 0 0 
0
0 0 0 0 0 0 0 2 0 
0 1 0 0 1 0 0 0 0 0 0 0 2 0 2 0 0 0 0 0 0 0 1 0 0 0 0 0 0 0 0 0 1 0 0 0 0 0 1 0 0 0 0 0 0 0 0 0 0 0 1 2 1 0 0 0 0 0 2 0 2 2 0 0 0 0 0 2 0 0 0 0 0 1 0 0 2 1 0 0 0 
0 1 0 0 1 0 0 0 0 0 0 0 2 0 2 0 0 0 0 0 0 0 1 0 0 0 0 0 0 0 0 0 1 0 0 0 0 0 1 0 0 0 0 0 0 0 0 0 0 0 1 2 1 0 0 0 0 32 34 32 2 2 0 0 0 0 32 34 32 0 0 0 0 1 0 32 34 33 0 0 0 
0
0 0 0 0 0 0 0 2 0 
0 1 0 0 1 0 0 0 0 0 0 0 2 0 2 0 0 0 0 0 0 0 1 0 2 0 0 0 0 0 0 0 1 0 0 0 0 0 1 0 0 0 0 0 0 0 0 0 0 0 1 2 1 0 0 0 0 0 2 0 2 2 0 0 0 0 0 2 0 0 0 0 0 1 0 0 2 1 0 0 0 
0 1 0 0 1 0 0 0 0 0 0 0 2 0 2 0 0 0 0 0 0 0 1 0 2 0 0 0 0 0 0 0 1 0 0 0 0 0 1 0 0 0 0 0 0 0 0 0 0 0 1 2 1 0 0 0 0 32 34 32 2 2 0 0 0 0 32 34 32 0 0 0 0 1 0 32 34 33 0 0 0 
0
0 0 0 0 0 0 0 2 0 
0 1 0 0 1 0 0 0 0 0 0 0 2 0 2 0 0 0 0 0 0 0 1 0 2 0 0 0 0 0 0 0 1 0 0 0 0 0 1 0 0 0 0 0 0 0 0 0 0 0 1 2 1 0 0 1 0 0 2 0 2 2 0 0 0 0 0 2 0 0 0 0 0 1 0 0 2 1 0 0 0 
0 1 0 0 1 0 0 0 0 0 0 0 2 0 2 0 0 0 0 0 0 0 1 0 2 0 0 0 0 0 0 0 1 0 0 0 0 0 1 0 0 0 0 0 0 0 0 0 0 0 1 2 1 0 0 1 0 32 34 32 2 2 0 0 0 0 32 34 32 0 0 0 0 1 0 32 34 33 0 0 0 
0
0 0 0 0 0 0 0 2 0 
0 1 0 0 1 2 0 0 0 0 0 0 2 0 2 0 0 0 0 0 0 0 1 0 2 0 0 0 0 0 0 0 1 0 0 0 0 0 1 0 0 0 0 0 0 0 0 0 0 0 1 2 1 0 0 1 0 0 2 0 2 2 0 0 0 0 0 2 0 0 0 0 0 1 0 0 2 1 0 0 0 
0 1 0 0 1 2 0 0 0 0 0 0 2 0 2 0 0 0 0 0 0 0 1 0 2 0 0 0 0 0 0 0 1 0 0 0 0 0 1 0 0 0 0 0 0 0 0 0 0 0 1 2 1 0 0 1 0 32 34 32 2 2 0 0 0 0 32 34 32 0 0 0 0 1 0 32 34 33 0 0 0 
0
0 0 0 0 0 0 0 2 0 
0 1 0 0 1 2 1 0 0 0 0 0 2 0 2 0 0 0 0 0 0 0 1 0 2 0 0 0 0 0 0 0 1 0 0 0 0 0 1 0 0 0 0 0 0 0 0 0 0 0 1 2 1 0 0 1 0 0 2 0 2 2 0 0 0 0 0 2 0 0 0 0 0 1 0 0 2 1 0 0 0 
0 1 0 0 1 2 1 0 0 0 0 0 2 0 2 0 0 0 0 0 0 0 1 0 2 0 0 0 0 0 0 0 1 0 0 0 0 0 1 0 0 0 0 0 0 0 0 0 0 0 1 2 1 0 0 1 0 32 34 32 2 2 0 0 0 0 32 34 32 0 0 0 0 1 0 32 34 33 0 0 0 
0
0 0 0 0 0 0 0 2 0 
2 1 0 0 1 2 1 0 0 0 0 0 2 0 2 0 0 0 0 0 0 0 1 0 2 0 0 0 0 0 0 0 1 0 0 0 0 0 1 0 0 0 0 0 0 0 0 0 0 0 1 2 1 0 0 1 0 0 2 0 2 2 0 0 0 0 0 2 0 0 0 0 0 1 0 0 2 1 0 0 0 
2 1 0 0 1 2 1 0 0 0 0 0 2 0 2 0 0 0 0 0 0 0 1 0 2 0 0 0 0 0 0 0 1 0 0 0 0 0 1 0 0 0 0 0 0 0 0 0 0 0 1 2 1 0 0 1 0 32 34 32 2 2 0 0 0 0 32 34 32 0 0 0 0 1 0 32 34 33 0 0 0 
0
0 0 0 0 0 0 0 2 0 
2 1 0 0 1 2 1 0 0 0 0 0 2 0 2 0 0 0 0 1 0 0 1 0 2 0 0 0 0 0 0 0 1 0 0 0 0 0 1 0 0 0 0 0 0 0 0 0 0 0 1 2 1 0 0 1 0 0 2 0 2 2 0 0 0 0 0 2 0 0 0 0 0 1 0 0 2 1 0 0 0 
2 1 0 0 1 2 1 0 0 0 0 0 2 0 2 0 0 0 0 1 0 0 1 0 2 0 0 0 0 0 0 0 1 0 0 0 0 0 1 0 0 0 0 0 0 0 0 0 0 0 1 2 1 0 0 1 0 32 34 32 2 2 0 0 0 0 32 34 32 0 0 0 0 1 0 32 34 33 0 0 0 
0
0 2 0 0 0 0 0 2 0 
2 1 0 0 1 2 1 0 0 0 0 0 2 0 2 0 0 0 0 1 0 0 1 2 2 0 0 0 0 0 0 0 1 0 0 0 0 0 1 0 0 0 0 0 0 0 0 0 0 0 1 2 1 0 0 1 0 0 2 0 2 2 0 0 0 0 0 2 0 0 0 0 0 1 0 0 2 1 0 0 0 
2 1 0 32 33 34 1 0 0 0 0 0 34 32 34 0 0 0 0 1 0 32 33 34 2 0 0 0 0 0 0 0 1 0 0 0 0 0 1 0 0 0 0 0 0 0 0 0 0 0 1 2 1 0 0 1 0 32 34 32 2 2 0 0 0 0 32 34 32 0 0 0 0 1 0 32 34 33 0 0 0 
0
0 2 0 0 0 0 0 2 0 
2 1 0 0 1 2 1 0 0 0 0 0 2 0 2 0 0 0 0 1 0 0 1 2 2 0 0 0 0 0 0 0 1 0 0 0 0 0 1 0 0 0 0 0 0 0 0 0 0 0 1 2 1 0 0 1 0 0 2 0 2 2 1 0 0 0 0 2 0 0 0 0 0 1 0 0 2 1 0 0 0 
2 1 0 32 33 34 1 0 0 0 0 0 34 32 34 0 0 0 0 1 0 32 33 34 2 0 0 0 0 0 0 0 1 0 0 0 0 0 1 0 0 0 0 0 0 0 0 0 0 0 1 2 1 0 0 1 0 32 34 32 2 2 1 0 0 0 32 34 32 0 0 0 0 1 0 32 34 33 0 0 0 
0
0 2 0 0 0 0 0 2 0 
2 1 0 0 1 2 1 0 0 0 0 0 2 0 2 0 0 0 0 1 0 0 1 2 2 0 2 0 0 0 0 0 1 0 0 0 0 0 1 0 0 0 0 0 0 0 0 0 0 0 1 2 1 0 0 1 0 0 2 0 2 2 1 0 0 0 0 2 0 0 0 0 0 1 0 0 2 1 0 0 0 
2 1 0 32 33 34 1 0 0 0 0 0 34 32 34 0 0 0 0 1 0 32 33 34 2 0 2 0 0 0 0 0 1 0 0 0 0 0 1 0 0 0 0 0 0 0 0 0 0 0 1 2 1 0 0 1 0 32 34 32 2 2 1 0 0 0 32 34 32 0 0 0 0 1 0 32 34 33 0 0 0 
0
0 2 0 0 0 0 0 2 0 
2 1 0 0 1 2 1 0 0 0 0 0 2 0 2 0 0 0 0 1 0 0 1 2 2 0 2 0 0 0 0 0 1 0 0 0 0 0 1 0 0 0 0 0 0 0 0 0 0 0 1 2 1 0 0 1 0 0 2 0 2 2 1 0 0 0 0 2 0 0 0 0 0 1 0 0 2 1 0 0 1 
2 1 0 32 33 34 1 0 0 0 0 0 34 32 34 0 0 0 0 1 0 32 33 34 2 0 2 0 0 0 0 0 1 0 0 0 0 0 1 0 0 0 0 0 0 0 0 0 0 0 1 2 1 0 0 1 0 32 34 32 2 2 1 0 0 0 32 34 32 0 0 0 0 1 0 32 34 33 0 0 1 
0
0 2 0 0 0 0 0 2 0 
2 1 0 0 1 2 1 0 0 0 0 0 2 0 2 0 0 0 0 1 0 0 1 2 2 0 2 0 0 0 0 0 1 0 0 0 0 0 1 0 0 0 0 0 0 0 0 0 0 0 1 2 1 0 0 1 0 0 2 0 2 2 1 0 0 0 0 2 0 0 0 2 0 1 0 0 2 1 0 0 1 
2 1 0 32 33 34 1 0 0 0 0 0 34 32 34 0 0 0 0 1 0 32 33 34 2 0 2 0 0 0 0 0 1 0 0 0 0 0 1 0 0 0 0 0 0 0 0 0 0 0 1 2 1 0 0 1 0 32 34 32 2 2 1 0 0 0 32 34 32 0 0 2 0 1 0 32 34 33 0 0 1 
0
0 2 0 0 0 0 0 2 0 
2 1 0 0 1 2 1 0 0 0 0 0 2 0 2 0 0 0 0 1 0 0 1 2 2 0 2 0 0 0 0 0 1 0 1 0 0 0 1 0 0 0 0 0 0 0 0 0 0 0 1 2 1 0 0 1 0 0 2 0 2 2 1 0 0 0 0 2 0 0 0 2 0 1 0 0 2 1 0 0 1 
2 1 0 32 33 34 1 0 0 0 0 0 34 32 34 0 0 0 0 1 0 32 33 34 2 0 2 0 0 0 0 0 1 0 1 0 0 0 1 0 0 0 0 0 0 0 0 0 0 0 1 2 1 0 0 1 0 32 34 32 2 2 1 0 0 0 32 34 32 0 0 2 0 1 0 32 34 33 0 0 1 
0
0 2 0 0 0 0 0 2 0 
2 1 0 0 1 2 1 0 2 0 0 0 2 0 2 0 0 0 0 1 0 0 1 2 2 0 2 0 0 0 0 0 1 0 1 0 0 0 1 0 0 0 0 0 0 0 0 0 0 0 1 2 1 0 0 1 0 0 2 0 2 2 1 0 0 0 0 2 0 0 0 2 0 1 0 0 2 1 0 0 1 
2 1 0 32 33 34 1 0 2 0 0 0 34 32 34 0 0 0 0 1 0 32 33 34 2 0 2 0 0 0 0 0 1 0 1 0 0 0 1 0 0 0 0 0 0 0 0 0 0 0 1 2 1 0 0 1 0 32 34 32 2 2 1 0 0 0 32 34 32 0 0 2 0 1 0 32 34 33 0 0 1 
0
0 2 0 0 0 0 0 2 0 
2 1 0 0 1 2 1 0 2 0 0 0 2 0 2 0 0 1 0 1 0 0 1 2 2 0 2 0 0 0 0 0 1 0 1 0 0 0 1 0 0 0 0 0 0 0 0 0 0 0 1 2 1 0 0 1 0 0 2 0 2 2 1 0 0 0 0 2 0 0 0 2 0 1 0 0 2 1 0 0 1 
2 1 0 32 33 34 1 0 2 0 0 0 34 32 34 0 0 1 0 1 0 32 33 34 2 0 2 0 0 0 0 0 1 0 1 0 0 0 1 0 0 0 0 0 0 0 0 0 0 0 1 2 1 0 0 1 0 32 34 32 2 2 1 0 0 0 32 34 32 0 0 2 0 1 0 32 34 33 0 0 1 
0
0 2 0 0 0 0 0 2 0 
2 1 0 0 1 2 1 0 2 0 0 0 2 0 2 0 0 1 0 1 0 0 1 2 2 0 2 0 0 0 0 0 1 0 1 2 0 0 1 0 0 0 0 0 0 0 0 0 0 0 1 2 1 0 0 1 0 0 2 0 2 2 1 0 0 0 0 2 0 0 0 2 0 1 0 0 2 1 0 0 1 
2 1 0 32 33 34 1 0 2 0 0 0 34 32 34 0 0 1 0 1 0 32 33 34 2 0 2 0 0 0 0 0 1 0 1 2 0 0 1 0 0 0 0 0 0 0 0 0 0 0 1 2 1 0 0 1 0 32 34 32 2 2 1 0 0 0 32 34 32 0 0 2 0 1 0 32 34 33 0 0 1 
0
0 2 0 0 0 0 0 2 0 
2 1 0 0 1 2 1 0 2 0 0 0 2 0 2 0 0 1 0 1 0 0 1 2 2 1 2 0 0 0 0 0 1 0 1 2 0 0 1 0 0 0 0 0 0 0 0 0 0 0 1 2 1 0 0 1 0 0 2 0 2 2 1 0 0 0 0 2 0 0 0 2 0 1 0 0 2 1 0 0 1 
2 1 0 32 33 34 1 0 2 0 0 0 34 32 34 0 0 1 0 1 0 32 33 34 2 1 2 0 0 0 0 0 1 0 1 2 0 0 1 0 0 0 0 0 0 0 0 0 0 0 1 2 1 0 0 1 0 32 34 32 2 2 1 0 0 0 32 34 32 0 0 2 0 1 0 32 34 33 0 0 1 
0
0 2 0 0 0 0 0 2 0 
2 1 0 0 1 2 1 0 2 0 0 0 2 0 2 0 0 1 0 1 2 0 1 2 2 1 2 0 0 0 0 0 1 0 1 2 0 0 1 0 0 0 0 0 0 0 0 0 0 0 1 2 1 0 0 1 0 0 2 0 2 2 1 0 0 0 0 2 0 0 0 2 0 1 0 0 2 1 0 0 1 
2 1 0 32 33 34 1 0 2 0 0 0 34 32 34 0 0 1 0 1 2 32 33 34 2 1 2 0 0 0 0 0 1 0 1 2 0 0 1 0 0 0 0 0 0 0 0 0 0 0 1 2 1 0 0 1 0 32 34 32 2 2 1 0 0 0 32 34 32 0 0 2 0 1 0 32 34 33 0 0 1 
0
0 2 0 0 0 0 0 2 0 
2 1 0 0 1 2 1 0 2 0 0 0 2 0 2 0 0 1 0 1 2 0 1 2 2 1 2 0 0 0 0 0 1 0 1 2 0 0 1 0 0 0 0 0 0 0 0 0 0 0 1 2 1 0 0 1 0 0 2 0 2 2 1 0 0 0 0 2 0 0 0 2 0 1 0 0 2 1 1 0 1 
2 1 0 32 33 34 1 0 2 0 0 0 34 32 34 0 0 1 0 1 2 32 33 34 2 1 2 0 0 0 0 0 1 0 1 2 0 0 1 0 0 0 0 0 0 0 0 0 0 0 1 2 1 0 0 1 0 32 34 32 2 2 1 0 0 0 32 34 32 0 0 2 0 1 0 32 34 33 1 0 1 
0
0 2 0 0 0 0 0 2 0 
2 1 0 0 1 2 1 0 2 0 0 0 2 0 2 0 0 1 0 1 2 0 1 2 2 1 2 0 0 0 0 0 1 0 1 2 0 0 1 0 0 0 0 0 0 0 0 0 0 0 1 2 1 0 0 1 2 0 2 0 2 2 1 0 0 0 0 2 0 0 0 2 0 1 0 0 2 1 1 0 1 
2 1 0 32 33 34 1 0 2 0 0 0 34 32 34 0 0 1 0 1 2 32 33 34 2 1 2 0 0 0 0 0 1 0 1 2 0 0 1 0 0 0 0 0 0 0 0 0 0 0 1 2 1 0 0 1 2 32 34 32 2 2 1 0 0 0 32 34 32 0 0 2 0 1 0 32 34 33 1 0 1 
0
0 2 0 0 0 0 0 2 0 
2 1 0 0 1 2 1 0 2 0 0 0 2 0 2 1 0 1 0 1 2 0 1 2 2 1 2 0 0 0 0 0 1 0 1 2 0 0 1 0 0 0 0 0 0 0 0 0 0 0 1 2 1 0 0 1 2 0 2 0 2 2 1 0 0 0 0 2 0 0 0 2 0 1 0 0 2 1 1 0 1 
2 1 0 32 33 34 1 0 2 0 0 0 34 32 34 1 0 1 0 1 2 32 33 34 2 1 2 0 0 0 0 0 1 0 1 2 0 0 1 0 0 0 0 0 0 0 0 0 0 0 1 2 1 0 0 1 2 32 34 32 2 2 1 0 0 0 32 34 32 0 0 2 0 1 0 32 34 33 1 0 1 
0
0 2 0 0 0 0 0 2 0 
2 1 0 0 1 2 1 0 2 0 0 0 2 0 2 1 0 1 0 1 2 0 1 2 2 1 2 0 0 0 0 0 1 0 1 2 2 0 1 0 0 0 0 0 0 0 0 0 0 0 1 2 1 0 0 1 2 0 2 0 2 2 1 0 0 0 0 2 0 0 0 2 0 1 0 0 2 1 1 0 1 
2 1 0 32 33 34 1 0 2 0 0 0 34 32 34 1 0 1 0 1 2 32 33 34 2 1 2 0 0 0 0 0 1 0 1 2 2 0 1 0 0 0 0 0 0 0 0 0 0 0 1 2 1 0 0 1 2 32 34 32 2 2 1 0 0 0 32 34 32 0 0 2 0 1 0 32 34 33 1 0 1 
0
0 2 0 0 0 0 0 2 0 
2 1 0 0 1 2 1 0 2 0 0 0 2 0 2 1 0 1 0 1 2 0 1 2 2 1 2 0 0 0 0 0 1 0 1 2 2 0 1 0 0 0 0 0 0 0 0 1 0 0 1 2 1 0 0 1 2 0 2 0 2 2 1 0 0 0 0 2 0 0 0 2 0 1 0 0 2 1 1 0 1 
2 1 0 32 33 34 1 0 2 0 0 0 34 32 34 1 0 1 0 1 2 32 33 34 2 1 2 0 0 0 0 0 1 0 1 2 2 0 1 0 0 0 0 0 0 0 0 1 0 0 1 2 1 0 0 1 2 32 34 32 2 2 1 0 0 0 32 34 32 0 0 2 0 1 0 32 34 33 1 0 1 
0
0 2 0 0 0 0 0 2 0 
2 1 0 0 1 2 1 0 2 0 0 0 2 0 2 1 0 1 0 1 2 0 1 2 2 1 2 0 0 0 0 0 1 0 1 2 2 0 1 0 0 0 0 0 0 0 0 1 0 0 1 2 1 0 0 1 2 0 2 0 2 2 1 0 0 0 0 2 0 2 0 2 0 1 0 0 2 1 1 0 1 
2 1 0 32 33 34 1 0 2 0 0 0 34 32 34 1 0 1 0 1 2 32 33 34 2 1 2 0 0 0 0 0 1 0 1 2 2 0 1 0 0 0 0 0 0 0 0 1 0 0 1 2 1 0 0 1 2 32 34 32 2 2 1 0 0 0 32 34 32 2 0 2 0 1 0 32 34 33 1 0 1 
0
0 2 0 1 0 0 0 2 0 
2 1 0 0 1 2 1 0 2 0 0 0 2 0 2 1 0 1 0 1 2 0 1 2 2 1 2 0 0 1 0 0 1 0 1 2 2 0 1 0 0 0 0 0 0 0 0 1 0 0 1 2 1 0 0 1 2 0 2 0 2 2 1 0 0 0 0 2 0 2 0 2 0 1 0 0 2 1 1 0 1 
2 1 0 32 33 34 1 0 2 0 0 0 34 32 34 1 0 1 0 1 2 32 33 34 2 1 2 16 16 17 0 0 1 0 1 2 18 16 17 0 0 0 0 0 0 16 16 17 0 0 1 2 1 0 0 1 2 32 34 32 2 2 1 0 0 0 32 34 32 2 0 2 0 1 0 32 34 33 1 0 1 
0
0 2 2 1 0 0 0 2 0 
2 1 0 0 1 2 1 0 2 0 0 0 2 0 2 1 2 1 0 1 2 0 1 2 2 1 2 0 0 1 0 0 1 0 1 2 2 0 1 0 0 0 0 0 0 0 0 1 0 0 1 2 1 0 0 1 2 0 2 0 2 2 1 0 0 0 0 2 0 2 0 2 0 1 0 0 2 1 1 0 1 
2 1 0 32 33 34 33 32 34 0 0 0 34 32 34 33 34 33 0 1 2 32 33 34 34 33 34 16 16 17 0 0 1 0 1 2 18 16 17 0 0 0 0 0 0 16 16 17 0 0 1 2 1 0 0 1 2 32 34 32 2 2 1 0 0 0 32 34 32 2 0 2 0 1 0 32 34 33 1 0 1 
0
0 2 2 1 1 0 0 2 0 
2 1 0 0 1 2 1 0 2 0 0 0 2 0 2 1 2 1 0 1 2 0 1 2 2 1 2 0 0 1 0 0 1 0 1 2 2 0 1 0 0 1 0 0 0 0 0 1 0 0 1 2 1 0 0 1 2 0 2 0 2 2 1 0 0 0 0 2 0 2 0 2 0 1 0 0 2 1 1 0 1 
2 1 0 32 33 34 33 32 34 0 0 0 34 32 34 33 34 33 0 1 2 32 33 34 34 33 34 16 16 17 16 16 17 0 1 2 18 16 17 16 16 17 0 0 0 16 16 17 16 16 17 2 1 0 0 1 2 32 34 32 2 2 1 0 0 0 32 34 32 2 0 2 0 1 0 32 34 33 1 0 1 
0
0 2 2 1 1 0 0 2 0 
2 1 0 0 1 2 1 0 2 0 0 0 2 0 2 1 2 1 0 1 2 0 1 2 2 1 2 0 0 1 0 0 1 0 1 2 2 0 1 0 0 1 0 0 0 0 0 1 0 0 1 2 1 2 0 1 2 0 2 0 2 2 1 0 0 0 0 2 0 2 0 2 0 1 0 0 2 1 1 0 1 
2 1 0 32 33 34 33 32 34 0 0 0 34 32 34 33 34 33 0 1 2 32 33 34 34 33 34 16 16 17 16 16 17 0 1 2 18 16 17 16 16 17 0 0 0 16 16 17 16 16 17 2 1 2 0 1 2 32 34 32 2 2 1 0 0 0 32 34 32 2 0 2 0 1 0 32 34 33 1 0 1 
0
0 2 2 1 1 0 0 2 1 
2 1 0 0 1 2 1 0 2 0 0 0 2 0 2 1 2 1 0 1 2 0 1 2 2 1 2 0 0 1 0 0 1 0 1 2 2 0 1 0 0 1 0 0 0 0 0 1 0 0 1 2 1 2 0 1 2 0 2 0 2 2 1 0 0 0 0 2 0 2 0 2 0 1 0 0 2 1 1 1 1 
2 1 0 32 33 34 33 32 34 0 0 0 34 32 34 33 34 33 0 1 2 32 33 34 34 33 34 16 16 17 16 16 17 0 1 2 18 16 17 16 16 17 0 0 0 16 16 17 16 16 17 2 1 2 0 1 2 32 34 32 18 18 17 0 0 0 32 34 32 18 16 18 0 1 0 32 34 33 17 17 17 
0
2 2 2 1 1 0 0 2 1 
2 1 0 0 1 2 1 0 2 0 2 0 2 0 2 1 2 1 0 1 2 0 1 2 2 1 2 0 0 1 0 0 1 0 1 2 2 0 1 0 0 1 0 0 0 0 0 1 0 0 1 2 1 2 0 1 2 0 2 0 2 2 1 0 0 0 0 2 0 2 0 2 0 1 0 0 2 1 1 1 1 
34 33 32 32 33 34 33 32 34 32 34 32 34 32 34 33 34 33 32 33 34 32 33 34 34 33 34 16 16 17 16 16 17 0 1 2 18 16 17 16 16 17 0 0 0 16 16 17 16 16 17 2 1 2 0 1 2 32 34 32 18 18 17 0 0 0 32 34 32 18 16 18 0 1 0 32 34 33 17 17 17 
0
2 2 2 1 1 0 0 2 1 
2 1 0 0 1 2 1 0 2 0 2 0 2 0 2 1 2 1 0 1 2 0 1 2 2 1 2 0 0 1 0 0 1 0 1 2 2 0 1 0 0 1 0 0 0 0 0 1 0 0 1 2 1 2 0 1 2 0 2 0 2 2 1 0 0 0 0 2 0 2 0 2 0 1 0 0 2 1 1 1 1 
34 33 32 32 33 34 33 32 34 32 34 32 34 32 34 33 34 33 32 33 34 32 33 34 34 33 34 16 16 17 16 16 17 0 1 2 18 16 17 16 16 17 0 0 0 16 16 17 16 16 17 2 1 2 0 1 2 32 34 32 18 18 17 0 0 0 32 34 32 18 16 18 0 1 0 32 34 33 17 17 17 
0
