0 0 0 0 0 0 0 0 0 
0 0 0 0 0 0 0 0 0 0 0 0 0 0 0 0 0 0 0 0 0 0 0 0 0 0 0 0 0 0 0 0 0 0 0 0 0 0 0 0 0 0 0 0 0 0 0 0 0 0 0 0 0 0 0 0 0 0 0 0 0 0 0 0 0 0 0 0 0 0 0 0 0 0 0 0 0 0 0 1 0 
0 0 0 0 0 0 0 0 0 0 0 0 0 0 0 0 0 0 0 0 0 0 0 0 0 0 0 0 0 0 0 0 0 0 0 0 0 0 0 0 0 0 0 0 0 0 0 0 0 0 0 0 0 0 0 0 0 0 0 0 0 0 0 0 0 0 0 0 0 0 0 0 0 0 0 0 0 0 0 1 0 
1
0 0 0 0 0 0 0 0 0 
0 0 0 0 0 0 0 0 0 0 0 0 0 0 0 0 0 0 0 0 0 0 0 0 0 0 0 0 0 0 0 0 0 0 0 0 0 0 0 0 0 0 0 0 0 0 0 0 0 0 0 0 0 0 0 0 0 2 0 0 0 0 0 0 0 0 0 0 0 0 0 0 0 0 0 0 0 0 0 1 0 
0 0 0 0 0 0 0 0 0 0 0 0 0 0 0 0 0 0 0 0 0 0 0 0 0 0 0 0 0 0 0 0 0 0 0 0 0 0 0 0 0 0 0 0 0 0 0 0 0 0 0 0 0 0 0 0 0 2 0 0 0 0 0 0 0 0 0 0 0 0 0 0 0 0 0 0 0 0 0 1 0 
1
0 0 0 0 0 0 0 0 0 
0 0 0 0 0 0 0 0 0 0 0 0 0 0 0 0 0 0 0 1 0 0 0 0 0 0 0 0 0 0 0 0 0 0 0 0 0 0 0 0 0 0 0 0 0 0 0 0 0 0 0 0 0 0 0 0 0 2 0 0 0 0 0 0 0 0 0 0 0 0 0 0 0 0 0 0 0 0 0 1 0 
0 0 0 0 0 0 0 0 0 0 0 0 0 0 0 0 0 0 0 1 0 0 0 0 0 0 0 0 0 0 0 0 0 0 0 0 0 0 0 0 0 0 0 0 0 0 0 0 0 0 0 0 0 0 0 0 0 2 0 0 0 0 0 0 0 0 0 0 0 0 0 0 0 0 0 0 0 0 0 1 0 
1
0 0 0 0 0 0 0 0 0 
0 0 0 0 0 0 0 0 0 0 0 0 0 0 0 0 0 0 0 1 0 0 0 0 0 0 0 0 0 0 0 0 0 0 0 0 0 0 0 0 0 0 0 0 0 0 0 0 0 0 0 0 0 0 0 0 0 2 0 0 0 0 0 0 0 0 2 0 0 0 0 0 0 0 0 0 0 0 0 1 0 
0 0 0 0 0 0 0 0 0 0 0 0 0 0 0 0 0 0 0 1 0 0 0 0 0 0 0 0 0 0 0 0 0 0 0 0 0 0 0 0 0 0 0 0 0 0 0 0 0 0 0 0 0 0 0 0 0 2 0 0 0 0 0 0 0 0 2 0 0 0 0 0 0 0 0 0 0 0 0 1 0 
1
0 0 0 0 0 0 0 0 0 
0 0 0 0 0 0 0 0 0 0 0 0 0 0 0 0 0 0 0 1 0 0 0 0 0 0 0 0 0 0 0 0 0 0 0 0 0 0 0 0 0 0 0 0 0 0 0 1 0 0 0 0 0 0 0 0 0 2 0 0 0 0 0 0 0 0 2 0 0 0 0 0 0 0 0 0 0 0 0 1 0 
0 0 0 0 0 0 0 0 0 0 0 0 0 0 0 0 0 0 0 1 0 0 0 0 0 0 0 0 0 0 0 0 0 0 0 0 0 0 0 0 0 0 0 0 0 0 0 1 0 0 0 0 0 0 0 0 0 2 0 0 0 0 0 0 0 0 2 0 0 0 0 0 0 0 0 0 0 0 0 1 0 
1
0 0 0 0 0 0 0 0 0 
0 0 0 0 0 0 0 0 0 0 0 0 0 0 0 0 0 0 0 1 0 0 0 0 0 0 0 0 0 0 0 0 0 0 0 0 0 0 0 0 0 0 0 0 0 0 0 1 0 0 0 0 0 0 0 0 0 2 0 0 0 0 0 0 0 0 2 0 0 0 0 2 0 0 0 0 0 0 0 1 0 
0 0 0 0 0 0 0 0 0 0 0 0 0 0 0 0 0 0 0 1 0 0 0 0 0 0 0 0 0 0 0 0 0 0 0 0 0 0 0 0 0 0 0 0 0 0 0 1 0 0 0 0 0 0 0 0 0 2 0 0 0 0 0 0 0 0 2 0 0 0 0 2 0 0 0 0 0 0 0 1 0 
1
0 0 0 0 0 0 0 0 0 
0 0 0 0 0 0 0 0 0 0 0 0 0 0 0 0 0 0 0 1 0 0 0 0 0 0 0 0 0 0 0 0 0 0 0 0 0 0 0 0 0 0 0 0 0 0 0 1 0 0 0 1 0 0 0 0 0 2 0 0 0 0 0 0 0 0 2 0 0 0 0 2 0 0 0 0 0 0 0 1 0 
0 0 0 0 0 0 0 0 0 0 0 0 0 0 0 0 0 0 0 1 0 0 0 0 0 0 0 0 0 0 0 0 0 0 0 0 0 0 0 0 0 0 0 0 0 0 0 1 0 0 0 1 0 0 0 0 0 2 0 0 0 0 0 0 0 0 2 0 0 0 0 2 0 0 0 0 0 0 0 1 0 
1
0 0 0 0 0 0 0 0 0 
0 0 0 0 0 0 0 0 0 0 0 0 0 0 0 0 0 0 0 1 0 0 0 0 0 0 0 0 0 0 0 0 0 0 0 0 0 0 0 0 0 0 0 0 0 0 0 1 0 0 0 1 0 0 2 0 0 2 0 0 0 0 0 0 0 0 2 0 0 0 0 2 0 0 0 0 0 0 0 1 0 
0 0 0 0 0 0 0 0 0 0 0 0 0 0 0 0 0 0 0 1 0 0 0 0 0 0 0 0 0 0 0 0 0 0 0 0 0 0 0 0 0 0 0 0 0 0 0 1 0 0 0 1 0 0 2 0 0 2 0 0 0 0 0 0 0 0 2 0 0 0 0 2 0 0 0 0 0 0 0 1 0 
1
0 0 0 0 0 0 0 0 0 
0 0 1 0 0 0 0 0 0 0 0 0 0 0 0 0 0 0 0 1 0 0 0 0 0 0 0 0 0 0 0 0 0 0 0 0 0 0 0 0 0 0 0 0 0 0 0 1 0 0 0 1 0 0 2 0 0 2 0 0 0 0 0 0 0 0 2 0 0 0 0 2 0 0 0 0 0 0 0 1 0 
0 0 1 0 0 0 0 0 0 0 0 0 0 0 0 0 0 0 0 1 0 0 0 0 0 0 0 0 0 0 0 0 0 0 0 0 0 0 0 0 0 0 0 0 0 0 0 1 0 0 0 1 0 0 2 0 0 2 0 0 0 0 0 0 0 0 2 0 0 0 0 2 0 0 0 0 0 0 0 1 0 
1
0 0 0 0 0 0 0 0 0 
0 0 1 0 0 0 0 0 0 0 0 0 0 0 0 0 0 2 0 1 0 0 0 0 0 0 0 0 0 0 0 0 0 0 0 0 0 0 0 0 0 0 0 0 0 0 0 1 0 0 0 1 0 0 2 0 0 2 0 0 0 0 0 0 0 0 2 0 0 0 0 2 0 0 0 0 0 0 0 1 0 
0 0 1 0 0 0 0 0 0 0 0 0 0 0 0 0 0 2 0 1 0 0 0 0 0 0 0 0 0 0 0 0 0 0 0 0 0 0 0 0 0 0 0 0 0 0 0 1 0 0 0 1 0 0 2 0 0 2 0 0 0 0 0 0 0 0 2 0 0 0 0 2 0 0 0 0 0 0 0 1 0 
1
0 0 0 0 0 0 0 0 0 
0 0 1 0 0 0 0 0 0 0 0 0 0 0 0 0 0 2 0 1 0 0 0 0 0 0 0 0 0 0 0 0 0 0 0 0 0 0 0 0 0 0 1 0 0 0 0 1 0 0 0 1 0 0 2 0 0 2 0 0 0 0 0 0 0 0 2 0 0 0 0 2 0 0 0 0 0 0 0 1 0 
0 0 1 0 0 0 0 0 0 0 0 0 0 0 0 0 0 2 0 1 0 0 0 0 0 0 0 0 0 0 0 0 0 0 0 0 0 0 0 0 0 0 1 0 0 0 0 1 0 0 0 1 0 0 2 0 0 2 0 0 0 0 0 0 0 0 2 0 0 0 0 2 0 0 0 0 0 0 0 1 0 
1
0 0 0 0 0 0 0 0 0 
0 0 1 0 0 0 0 0 0 0 0 0 0 0 0 0 0 2 0 1 0 0 0 0 0 0 0 0 0 0 0 0 0 0 0 0 0 2 0 0 0 0 1 0 0 0 0 1 0 0 0 1 0 0 2 0 0 2 0 0 0 0 0 0 0 0 2 0 0 0 0 2 0 0 0 0 0 0 0 1 0 
0 0 1 0 0 0 0 0 0 0 0 0 0 0 0 0 0 2 0 1 0 0 0 0 0 0 0 0 0 0 0 0 0 0 0 0 0 2 0 0 0 0 1 0 0 0 0 1 0 0 0 1 0 0 2 0 0 2 0 0 0 0 0 0 0 0 2 0 0 0 0 2 0 0 0 0 0 0 0 1 0 
1
0 0 0 0 0 0 0 0 0 
0 0 1 0 0 0 0 0 0 0 0 0 0 0 0 0 0 2 0 1 0 0 0 0 0 0 0 0 0 0 0 0 0 0 0 0 0 2 0 0 0 0 1 0 0 0 0 1 0 1 0 1 0 0 2 0 0 2 0 0 0 0 0 0 0 0 2 0 0 0 0 2 0 0 0 0 0 0 0 1 0 
0 0 1 0 0 0 0 0 0 0 0 0 0 0 0 0 0 2 0 1 0 0 0 0 0 0 0 0 0 0 0 0 0 0 0 0 0 2 0 0 0 0 1 0 0 0 0 1 0 1 0 1 0 0 2 0 0 2 0 0 0 0 0 0 0 0 2 0 0 0 0 2 0 0 0 0 0 0 0 1 0 
1
0 0 0 0 0 0 0 0 0 
0 0 1 0 0 0 0 0 0 0 0 0 0 0 0 0 0 2 0 1 0 0 0 0 0 0 0 0 0 0 0 0 0 0 0 0 0 2 0 0 0 0 1 0 0 0 0 1 0 1 0 1 0 0 2 0 0 2 0 0 0 0 0 0 0 0 2 0 2 0 0 2 0 0 0 0 0 0 0 1 0 
0 0 1 0 0 0 0 0 0 0 0 0 0 0 0 0 0 2 0 1 0 0 0 0 0 0 0 0 0 0 0 0 0 0 0 0 0 2 0 0 0 0 1 0 0 0 0 1 0 1 0 1 0 0 2 0 0 2 0 0 0 0 0 0 0 0 2 0 2 0 0 2 0 0 0 0 0 0 0 1 0 
1
0 0 0 0 0 0 0 0 0 
0 0 1 0 0 0 0 0 0 0 0 0 0 0 0 0 0 2 0 1 0 0 0 0 0 0 0 0 0 0 0 0 0 0 0 1 0 2 0 0 0 0 1 0 0 0 0 1 0 1 0 1 0 0 2 0 0 2 0 0 0 0 0 0 0 0 2 0 2 0 0 2 0 0 0 0 0 0 0 1 0 
0 0 1 0 0 0 0 0 0 0 0 0 0 0 0 0 0 2 0 1 0 0 0 0 0 0 0 0 0 0 0 0 0 0 0 1 0 2 0 0 0 0 1 0 0 0 0 1 0 1 0 1 0 0 2 0 0 2 0 0 0 0 0 0 0 0 2 0 2 0 0 2 0 0 0 0 0 0 0 1 0 
1
0 0 0 0 0 0 0 0 0 
0 0 1 0 0 0 0 0 0 0 0 0 0 0 0 0 0 2 0 1 0 0 0 0 2 0 0 0 0 0 0 0 0 0 0 1 0 2 0 0 0 0 1 0 0 0 0 1 0 1 0 1 0 0 2 0 0 2 0 0 0 0 0 0 0 0 2 0 2 0 0 2 0 0 0 0 0 0 0 1 0 
0 0 1 0 0 0 0 0 0 0 0 0 0 0 0 0 0 2 0 1 0 0 0 0 2 0 0 0 0 0 0 0 0 0 0 1 0 2 0 0 0 0 1 0 0 0 0 1 0 1 0 1 0 0 2 0 0 2 0 0 0 0 0 0 0 0 2 0 2 0 0 2 0 0 0 0 0 0 0 1 0 
1
0 0 0 0 0 0 0 0 0 
0 0 1 0 0 0 0 0 0 0 0 0 0 0 0 0 0 2 0 1 0 0 0 0 2 0 0 0 0 0 0 0 0 0 0 1 0 2 0 0 0 0 1 0 0 0 0 1 0 1 0 1 0 0 2 0 0 2 0 0 0 0 0 0 0 0 2 0 2 0 0 2 1 0 0 0 0 0 0 1 0 
0 0 1 0 0 0 0 0 0 0 0 0 0 0 0 0 0 2 0 1 0 0 0 0 2 0 0 0 0 0 0 0 0 0 0 1 0 2 0 0 0 0 1 0 0 0 0 1 0 1 0 1 0 0 2 0 0 2 0 0 0 0 0 0 0 0 2 0 2 0 0 2 1 0 0 0 0 0 0 1 0 
1
0 0 0 0 0 0 0 0 0 
0 0 1 0 0 0 0 0 0 0 0 0 0 0 0 0 0 2 0 1 0 0 0 0 2 0 0 0 0 0 0 0 0 0 0 1 0 2 0 0 0 0 1 0 0 0 0 1 0 1 0 1 0 0 2 0 0 2 0 0 0 0 0 2 0 0 2 0 2 0 0 2 1 0 0 0 0 0 0 1 0 
0 0 1 0 0 0 0 0 0 0 0 0 0 0 0 0 0 2 0 1 0 0 0 0 2 0 0 0 0 0 0 0 0 0 0 1 0 2 0 0 0 0 1 0 0 0 0 1 0 1 0 1 0 0 2 0 0 2 0 0 0 0 0 2 0 0 2 0 2 0 0 2 1 0 0 0 0 0 0 1 0 
1
0 0 0 0 0 0 0 0 0 
0 0 1 0 0 0 0 0 0 0 0 0 0 0 0 0 0 2 0 1 0 0 0 0 2 0 0 0 0 0 0 0 0 0 0 1 1 2 0 0 0 0 1 0 0 0 0 1 0 1 0 1 0 0 2 0 0 2 0 0 0 0 0 2 0 0 2 0 2 0 0 2 1 0 0 0 0 0 0 1 0 
0 0 1 0 0 0 0 0 0 0 0 0 0 0 0 0 0 2 0 1 0 0 0 0 2 0 0 0 0 0 0 0 0 0 0 1 1 2 0 0 0 0 1 0 0 0 0 1 0 1 0 1 0 0 2 0 0 2 0 0 0 0 0 2 0 0 2 0 2 0 0 2 1 0 0 0 0 0 0 1 0 
1
0 0 0 0 0 0 0 0 0 
0 0 1 0 0 0 0 0 0 0 0 0 0 0 0 0 0 2 0 1 0 0 0 0 2 0 0 0 0 0 0 0 0 0 0 1 1 2 0 0 0 0 1 0 0 2 0 1 0 1 0 1 0 0 2 0 0 2 0 0 0 0 0 2 0 0 2 0 2 0 0 2 1 0 0 0 0 0 0 1 0 
0 0 1 0 0 0 0 0 0 0 0 0 0 0 0 0 0 2 0 1 0 0 0 0 2 0 0 0 0 0 0 0 0 0 0 1 1 2 0 0 0 0 1 0 0 2 0 1 0 1 0 1 0 0 2 0 0 2 0 0 0 0 0 2 0 0 2 0 2 0 0 2 1 0 0 0 0 0 0 1 0 
1
0 0 0 0 0 0 0 0 0 
0 0 1 0 0 0 0 0 0 0 0 0 0 0 0 0 0 2 0 1 0 0 0 0 2 0 0 0 0 0 0 0 0 0 0 1 1 2 0 0 0 0 1 0 0 2 0 1 0 1 0 1 0 0 2 1 0 2 0 0 0 0 0 2 0 0 2 0 2 0 0 2 1 0 0 0 0 0 0 1 0 
0 0 1 0 0 0 0 0 0 0 0 0 0 0 0 0 0 2 0 1 0 0 0 0 2 0 0 0 0 0 0 0 0 0 0 1 1 2 0 0 0 0 1 0 0 2 0 1 0 1 0 1 0 0 2 1 0 2 0 0 0 0 0 2 0 0 2 0 2 0 0 2 1 0 0 0 0 0 0 1 0 
1
0 0 0 0 0 0 0 0 0 
0 0 1 0 0 2 0 0 0 0 0 0 0 0 0 0 0 2 0 1 0 0 0 0 2 0 0 0 0 0 0 0 0 0 0 1 1 2 0 0 0 0 1 0 0 2 0 1 0 1 0 1 0 0 2 1 0 2 0 0 0 0 0 2 0 0 2 0 2 0 0 2 1 0 0 0 0 0 0 1 0 
0 0 1 0 0 2 0 0 0 0 0 0 0 0 0 0 0 2 0 1 0 0 0 0 2 0 0 0 0 0 0 0 0 0 0 1 1 2 0 0 0 0 1 0 0 2 0 1 0 1 0 1 0 0 2 1 0 2 0 0 0 0 0 2 0 0 2 0 2 0 0 2 1 0 0 0 0 0 0 1 0 
1
0 0 0 0 0 0 0 0 0 
0 0 1 0 0 2 0 0 0 0 0 0 0 0 0 0 0 2 0 1 0 0 0 0 2 0 1 0 0 0 0 0 0 0 0 1 1 2 0 0 0 0 1 0 0 2 0 1 0 1 0 1 0 0 2 1 0 2 0 0 0 0 0 2 0 0 2 0 2 0 0 2 1 0 0 0 0 0 0 1 0 
0 0 1 0 0 2 0 0 0 0 0 0 0 0 0 0 0 2 0 1 0 0 0 0 2 0 1 0 0 0 0 0 0 0 0 1 1 2 0 0 0 0 1 0 0 2 0 1 0 1 0 1 0 0 2 1 0 2 0 0 0 0 0 2 0 0 2 0 2 0 0 2 1 0 0 0 0 0 0 1 0 
1
0 0 0 0 0 0 0 0 0 
0 0 1 0 0 2 0 0 0 0 0 0 0 0 0 0 0 2 0 1 0 0 0 0 2 0 1 0 0 0 0 0 0 0 0 1 1 2 0 0 0 0 1 0 0 2 0 1 0 1 0 1 0 0 2 1 0 2 0 0 0 0 2 2 0 0 2 0 2 0 0 2 1 0 0 0 0 0 0 1 0 
0 0 1 0 0 2 0 0 0 0 0 0 0 0 0 0 0 2 0 1 0 0 0 0 2 0 1 0 0 0 0 0 0 0 0 1 1 2 0 0 0 0 1 0 0 2 0 1 0 1 0 1 0 0 2 1 0 2 0 0 0 0 2 2 0 0 2 0 2 0 0 2 1 0 0 0 0 0 0 1 0 
1
0 0 0 0 0 0 0 0 0 
0 0 1 0 0 2 0 1 0 0 0 0 0 0 0 0 0 2 0 1 0 0 0 0 2 0 1 0 0 0 0 0 0 0 0 1 1 2 0 0 0 0 1 0 0 2 0 1 0 1 0 1 0 0 2 1 0 2 0 0 0 0 2 2 0 0 2 0 2 0 0 2 1 0 0 0 0 0 0 1 0 
0 0 1 0 0 2 0 1 0 0 0 0 0 0 0 0 0 2 0 1 0 0 0 0 2 0 1 0 0 0 0 0 0 0 0 1 1 2 0 0 0 0 1 0 0 2 0 1 0 1 0 1 0 0 2 1 0 2 0 0 0 0 2 2 0 0 2 0 2 0 0 2 1 0 0 0 0 0 0 1 0 
1
0 0 0 0 0 0 0 0 0 
0 0 1 0 0 2 0 1 0 0 0 0 0 0 0 0 0 2 0 1 0 0 0 2 2 0 1 0 0 0 0 0 0 0 0 1 1 2 0 0 0 0 1 0 0 2 0 1 0 1 0 1 0 0 2 1 0 2 0 0 0 0 2 2 0 0 2 0 2 0 0 2 1 0 0 0 0 0 0 1 0 
0 0 1 0 0 2 0 1 0 0 0 0 0 0 0 0 0 2 0 1 0 0 0 2 2 0 1 0 0 0 0 0 0 0 0 1 1 2 0 0 0 0 1 0 0 2 0 1 0 1 0 1 0 0 2 1 0 2 0 0 0 0 2 2 0 0 2 0 2 0 0 2 1 0 0 0 0 0 0 1 0 
1
0 0 0 0 0 0 0 0 0 
0 0 1 0 0 2 0 1 0 0 0 0 0 0 0 0 0 2 0 1 0 0 0 2 2 0 1 0 0 0 0 0 0 0 0 1 1 2 0 0 0 0 1 0 0 2 0 1 0 1 0 1 0 0 2 1 0 2 0 0 0 1 2 2 0 0 2 0 2 0 0 2 1 0 0 0 0 0 0 1 0 
0 0 1 0 0 2 0 1 0 0 0 0 0 0 0 0 0 2 0 1 0 0 0 2 2 0 1 0 0 0 0 0 0 0 0 1 1 2 0 0 0 0 1 0 0 2 0 1 0 1 0 1 0 0 2 1 0 2 0 0 0 1 2 2 0 0 2 0 2 0 0 2 1 0 0 0 0 0 0 1 0 
1
0 0 0 0 0 0 0 0 0 
0 0 1 2 0 2 0 1 0 0 0 0 0 0 0 0 0 2 0 1 0 0 0 2 2 0 1 0 0 0 0 0 0 0 0 1 1 2 0 0 0 0 1 0 0 2 0 1 0 1 0 1 0 0 2 1 0 2 0 0 0 1 2 2 0 0 2 0 2 0 0 2 1 0 0 0 0 0 0 1 0 
0 0 1 2 0 2 0 1 0 0 0 0 0 0 0 0 0 2 0 1 0 0 0 2 2 0 1 0 0 0 0 0 0 0 0 1 1 2 0 0 0 0 1 0 0 2 0 1 0 1 0 1 0 0 2 1 0 2 0 0 0 1 2 2 0 0 2 0 2 0 0 2 1 0 0 0 0 0 0 1 0 
1
0 0 0 0 0 0 0 0 0 
0 1 1 2 0 2 0 1 0 0 0 0 0 0 0 0 0 2 0 1 0 0 0 2 2 0 1 0 0 0 0 0 0 0 0 1 1 2 0 0 0 0 1 0 0 2 0 1 0 1 0 1 0 0 2 1 0 2 0 0 0 1 2 2 0 0 2 0 2 0 0 2 1 0 0 0 0 0 0 1 0 
0 1 1 2 0 2 0 1 0 0 0 0 0 0 0 0 0 2 0 1 0 0 0 2 2 0 1 0 0 0 0 0 0 0 0 1 1 2 0 0 0 0 1 0 0 2 0 1 0 1 0 1 0 0 2 1 0 2 0 0 0 1 2 2 0 0 2 0 2 0 0 2 1 0 0 0 0 0 0 1 0 
1
0 0 0 0 0 0 0 0 0 
0 1 1 2 0 2 0 1 0 0 0 0 2 0 0 0 0 2 0 1 0 0 0 2 2 0 1 0 0 0 0 0 0 0 0 1 1 2 0 0 0 0 1 0 0 2 0 1 0 1 0 1 0 0 2 1 0 2 0 0 0 1 2 2 0 0 2 0 2 0 0 2 1 0 0 0 0 0 0 1 0 
0 1 1 2 0 2 0 1 0 0 0 0 2 0 0 0 0 2 0 1 0 0 0 2 2 0 1 0 0 0 0 0 0 0 0 1 1 2 0 0 0 0 1 0 0 2 0 1 0 1 0 1 0 0 2 1 0 2 0 0 0 1 2 2 0 0 2 0 2 0 0 2 1 0 0 0 0 0 0 1 0 
1
0 0 0 0 0 0 0 0 0 
0 1 1 2 0 2 0 1 0 0 0 0 2 0 0 0 0 2 0 1 0 0 0 2 2 0 1 0 0 0 0 0 0 0 0 1 1 2 0 0 0 0 1 0 0 2 1 1 0 1 0 1 0 0 2 1 0 2 0 0 0 1 2 2 0 0 2 0 2 0 0 2 1 0 0 0 0 0 0 1 0 
0 1 1 2 0 2 0 1 0 0 0 0 2 0 0 0 0 2 0 1 0 0 0 2 2 0 1 0 0 0 0 0 0 0 0 1 1 2 0 0 0 0 1 0 0 2 1 1 0 1 0 1 0 0 2 1 0 2 0 0 0 1 2 2 0 0 2 0 2 0 0 2 1 0 0 0 0 0 0 1 0 
1
0 0 0 0 0 0 0 0 0 
0 1 1 2 0 2 0 1 0 0 0 0 2 0 0 0 0 2 0 1 0 0 0 2 2 0 1 0 0 0 0 0 0 0 0 1 1 2 0 0 0 0 1 0 0 2 1 1 0 1 0 1 0 0 2 1 0 2 0 0 0 1 2 2 0 0 2 0 2 0 0 2 1 0 0 0 0 2 0 1 0 
0 1 1 2 0 2 0 1 0 0 0 0 2 0 0 0 0 2 0 1 0 0 0 2 2 0 1 0 0 0 0 0 0 0 0 1 1 2 0 0 0 0 1 0 0 2 1 1 0 1 0 1 0 0 2 1 0 2 0 0 0 1 2 2 0 0 2 0 2 0 0 2 1 0 0 0 0 2 0 1 0 
1
0 0 0 0 0 0 0 0 0 
0 1 1 2 0 2 0 1 0 0 0 0 2 0 0 0 0 2 0 1 0 0 0 2 2 0 1 0 0 0 0 0 0 0 0 1 1 2 0 0 0 0 1 0 0 2 1 1 0 1 0 1 0 0 2 1 0 2 0 0 0 1 2 2 0 0 2 0 2 0 0 2 1 0 0 0 0 2 0 1 1 
0 1 1 2 0 2 0 1 0 0 0 0 2 0 0 0 0 2 0 1 0 0 0 2 2 0 1 0 0 0 0 0 0 0 0 1 1 2 0 0 0 0 1 0 0 2 1 1 0 1 0 1 0 0 2 1 0 2 0 0 0 1 2 2 0 0 2 0 2 0 0 2 1 0 0 0 0 2 0 1 1 
1
0 0 0 0 0 0 0 0 0 
0 1 1 2 0 2 0 1 0 0 0 0 2 0 0 0 0 2 0 1 0 0 0 2 2 0 1 0 0 0 0 0 0 0 0 1 1 2 0 0 0 0 1 0 0 2 1 1 0 1 0 1 0 0 2 1 0 2 0 0 0 1 2 2 0 0 2 0 2 0 2 2 1 0 0 0 0 2 0 1 1 
0 1 1 2 0 2 0 1 0 0 0 0 2 0 0 0 0 2 0 1 0 0 0 2 2 0 1 0 0 0 0 0 0 0 0 1 1 2 0 0 0 0 1 0 0 2 1 1 0 1 0 1 0 0 2 1 0 2 0 0 0 1 2 2 0 0 2 0 2 0 2 2 1 0 0 0 0 2 0 1 1 
1
0 0 0 0 0 0 0 0 0 
0 1 1 2 0 2 0 1 0 0 0 0 2 0 0 0 0 2 0 1 0 0 0 2 2 0 1 0 0 0 1 0 0 0 0 1 1 2 0 0 0 0 1 0 0 2 1 1 0 1 0 1 0 0 2 1 0 2 0 0 0 1 2 2 0 0 2 0 2 0 2 2 1 0 0 0 0 2 0 1 1 
0 1 1 2 0 2 0 1 0 0 0 0 2 0 0 0 0 2 0 1 0 0 0 2 2 0 1 0 0 0 1 0 0 0 0 1 1 2 0 0 0 0 1 0 0 2 1 1 0 1 0 1 0 0 2 1 0 2 0 0 0 1 2 2 0 0 2 0 2 0 2 2 1 0 0 0 0 2 0 1 1 
1
0 0 0 0 0 0 0 0 0 
0 1 1 2 0 2 0 1 0 2 0 0 2 0 0 0 0 2 0 1 0 0 0 2 2 0 1 0 0 0 1 0 0 0 0 1 1 2 0 0 0 0 1 0 0 2 1 1 0 1 0 1 0 0 2 1 0 2 0 0 0 1 2 2 0 0 2 0 2 0 2 2 1 0 0 0 0 2 0 1 1 
0 1 1 2 0 2 0 1 0 2 0 0 2 0 0 0 0 2 0 1 0 0 0 2 2 0 1 0 0 0 1 0 0 0 0 1 1 2 0 0 0 0 1 0 0 2 1 1 0 1 0 1 0 0 2 1 0 2 0 0 0 1 2 2 0 0 2 0 2 0 2 2 1 0 0 0 0 2 0 1 1 
1
0 0 0 0 0 0 0 0 0 
0 1 1 2 0 2 0 1 0 2 0 0 2 0 0 0 0 2 0 1 0 0 0 2 2 0 1 0 0 0 1 0 0 0 0 1 1 2 1 0 0 0 1 0 0 2 1 1 0 1 0 1 0 0 2 1 0 2 0 0 0 1 2 2 0 0 2 0 2 0 2 2 1 0 0 0 0 2 0 1 1 
0 1 1 2 0 2 0 1 0 2 0 0 2 0 0 0 0 2 0 1 0 0 0 2 2 0 1 0 0 0 1 0 0 0 0 1 1 2 1 0 0 0 1 0 0 2 1 1 0 1 0 1 0 0 2 1 0 2 0 0 0 1 2 2 0 0 2 0 2 0 2 2 1 0 0 0 0 2 0 1 1 
1
0 0 0 0 0 0 0 0 0 
0 1 1 2 0 2 0 1 0 2 0 0 2 0 0 0 0 2 0 1 0 0 0 2 2 0 1 0 0 0 1 0 0 2 0 1 1 2 1 0 0 0 1 0 0 2 1 1 0 1 0 1 0 0 2 1 0 2 0 0 0 1 2 2 0 0 2 0 2 0 2 2 1 0 0 0 0 2 0 1 1 
0 1 1 2 0 2 0 1 0 2 0 0 2 0 0 0 0 2 0 1 0 0 0 2 2 0 1 0 0 0 1 0 0 2 0 1 1 2 1 0 0 0 1 0 0 2 1 1 0 1 0 1 0 0 2 1 0 2 0 0 0 1 2 2 0 0 2 0 2 0 2 2 1 0 0 0 0 2 0 1 1 
1
1 0 0 0 0 0 0 0 0 
0 1 1 2 0 2 0 1 0 2 1 0 2 0 0 0 0 2 0 1 0 0 0 2 2 0 1 0 0 0 1 0 0 2 0 1 1 2 1 0 0 0 1 0 0 2 1 1 0 1 0 1 0 0 2 1 0 2 0 0 0 1 2 2 0 0 2 0 2 0 2 2 1 0 0 0 0 2 0 1 1 
16 17 17 2 0 2 0 1 0 18 17 16 2 0 0 0 0 2 16 17 16 0 0 2 2 0 1 0 0 0 1 0 0 2 0 1 1 2 1 0 0 0 1 0 0 2 1 1 0 1 0 1 0 0 2 1 0 2 0 0 0 1 2 2 0 0 2 0 2 0 2 2 1 0 0 0 0 2 0 1 1 
1
1 0 0 0 0 0 0 0 0 
0 1 1 2 0 2 0 1 0 2 1 0 2 0 0 0 0 2 0 1 0 0 0 2 2 0 1 0 0 0 1 0 0 2 0 1 1 2 1 2 0 0 1 0 0 2 1 1 0 1 0 1 0 0 2 1 0 2 0 0 0 1 2 2 0 0 2 0 2 0 2 2 1 0 0 0 0 2 0 1 1 
16 17 17 2 0 2 0 1 0 18 17 16 2 0 0 0 0 2 16 17 16 0 0 2 2 0 1 0 0 0 1 0 0 2 0 1 1 2 1 2 0 0 1 0 0 2 1 1 0 1 0 1 0 0 2 1 0 2 0 0 0 1 2 2 0 0 2 0 2 0 2 2 1 0 0 0 0 2 0 1 1 
1
1 0 0 0 0 0 0 0 0 
0 1 1 2 0 2 0 1 0 2 1 0 2 0 0 0 0 2 0 1 0 0 0 2 2 0 1 1 0 0 1 0 0 2 0 1 1 2 1 2 0 0 1 0 0 2 1 1 0 1 0 1 0 0 2 1 0 2 0 0 0 1 2 2 0 0 2 0 2 0 2 2 1 0 0 0 0 2 0 1 1 
16 17 17 2 0 2 0 1 0 18 17 16 2 0 0 0 0 2 16 17 16 0 0 2 2 0 1 1 0 0 1 0 0 2 0 1 1 2 1 2 0 0 1 0 0 2 1 1 0 1 0 1 0 0 2 1 0 2 0 0 0 1 2 2 0 0 2 0 2 0 2 2 1 0 0 0 0 2 0 1 1 
1
1 0 0 0 0 0 0 0 0 
0 1 1 2 0 2 0 1 0 2 1 0 2 0 0 0 0 2 0 1 0 0 0 2 2 0 1 1 0 0 1 0 0 2 0 1 1 2 1 2 0 0 1 0 0 2 1 1 0 1 0 1 0 0 2 1 0 2 0 0 0 1 2 2 2 0 2 0 2 0 2 2 1 0 0 0 0 2 0 1 1 
16 17 17 2 0 2 0 1 0 18 17 16 2 0 0 0 0 2 16 17 16 0 0 2 2 0 1 1 0 0 1 0 0 2 0 1 1 2 1 2 0 0 1 0 0 2 1 1 0 1 0 1 0 0 2 1 0 2 0 0 0 1 2 2 2 0 2 0 2 0 2 2 1 0 0 0 0 2 0 1 1 
1
1 0 0 0 0 0 0 0 0 
0 1 1 2 0 2 0 1 0 2 1 0 2 0 0 0 0 2 0 1 0 0 0 2 2 0 1 1 0 0 1 0 0 2 0 1 1 2 1 2 0 1 1 0 0 2 1 1 0 1 0 1 0 0 2 1 0 2 0 0 0 1 2 2 2 0 2 0 2 0 2 2 1 0 0 0 0 2 0 1 1 
16 17 17 2 0 2 0 1 0 18 17 16 2 0 0 0 0 2 16 17 16 0 0 2 2 0 1 1 0 0 1 0 0 2 0 1 1 2 1 2 0 1 1 0 0 2 1 1 0 1 0 1 0 0 2 1 0 2 0 0 0 1 2 2 2 0 2 0 2 0 2 2 1 0 0 0 0 2 0 1 1 
1
1 0 0 0 0 0 0 0 0 
0 1 1 2 0 2 0 1 0 2 1 0 2 0 0 0 0 2 0 1 0 0 0 2 2 0 1 1 0 0 1 0 0 2 0 1 1 2 1 2 0 1 1 0 0 2 1 1 0 1 0 1 2 0 2 1 0 2 0 0 0 1 2 2 2 0 2 0 2 0 2 2 1 0 0 0 0 2 0 1 1 
16 17 17 2 0 2 0 1 0 18 17 16 2 0 0 0 0 2 16 17 16 0 0 2 2 0 1 1 0 0 1 0 0 2 0 1 1 2 1 2 0 1 1 0 0 2 1 1 0 1 0 1 2 0 2 1 0 2 0 0 0 1 2 2 2 0 2 0 2 0 2 2 1 0 0 0 0 2 0 1 1 
1
1 0 0 0 0 0 0 0 0 
0 1 1 2 0 2 0 1 0 2 1 0 2 0 0 0 0 2 0 1 0 0 0 2 2 0 1 1 0 0 1 0 0 2 0 1 1 2 1 2 0 1 1 0 0 2 1 1 0 1 0 1 2 0 2 1 0 2 0 0 0 1 2 2 2 0 2 1 2 0 2 2 1 0 0 0 0 2 0 1 1 
16 17 17 2 0 2 0 1 0 18 17 16 2 0 0 0 0 2 16 17 16 0 0 2 2 0 1 1 0 0 1 0 0 2 0 1 1 2 1 2 0 1 1 0 0 2 1 1 0 1 0 1 2 0 2 1 0 2 0 0 0 1 2 2 2 0 2 1 2 0 2 2 1 0 0 0 0 2 0 1 1 
1
1 0 0 0 0 0 0 0 0 
0 1 1 2 0 2 0 1 0 2 1 0 2 0 0 0 0 2 0 1 0 0 0 2 2 0 1 1 0 0 1 0 0 2 0 1 1 2 1 2 2 1 1 0 0 2 1 1 0 1 0 1 2 0 2 1 0 2 0 0 0 1 2 2 2 0 2 1 2 0 2 2 1 0 0 0 0 2 0 1 1 
16 17 17 2 0 2 0 1 0 18 17 16 2 0 0 0 0 2 16 17 16 0 0 2 2 0 1 1 0 0 1 0 0 2 0 1 1 2 1 2 2 1 1 0 0 2 1 1 0 1 0 1 2 0 2 1 0 2 0 0 0 1 2 2 2 0 2 1 2 0 2 2 1 0 0 0 0 2 0 1 1 
1
1 0 0 0 0 0 0 0 0 
0 1 1 2 0 2 0 1 0 2 1 0 2 0 0 0 0 2 0 1 0 0 0 2 2 0 1 1 0 0 1 0 1 2 0 1 1 2 1 2 2 1 1 0 0 2 1 1 0 1 0 1 2 0 2 1 0 2 0 0 0 1 2 2 2 0 2 1 2 0 2 2 1 0 0 0 0 2 0 1 1 
16 17 17 2 0 2 0 1 0 18 17 16 2 0 0 0 0 2 16 17 16 0 0 2 2 0 1 1 0 0 1 0 1 2 0 1 1 2 1 2 2 1 1 0 0 2 1 1 0 1 0 1 2 0 2 1 0 2 0 0 0 1 2 2 2 0 2 1 2 0 2 2 1 0 0 0 0 2 0 1 1 
1
1 0 0 0 0 0 0 0 0 
0 1 1 2 0 2 2 1 0 2 1 0 2 0 0 0 0 2 0 1 0 0 0 2 2 0 1 1 0 0 1 0 1 2 0 1 1 2 1 2 2 1 1 0 0 2 1 1 0 1 0 1 2 0 2 1 0 2 0 0 0 1 2 2 2 0 2 1 2 0 2 2 1 0 0 0 0 2 0 1 1 
16 17 17 2 0 2 2 1 0 18 17 16 2 0 0 0 0 2 16 17 16 0 0 2 2 0 1 1 0 0 1 0 1 2 0 1 1 2 1 2 2 1 1 0 0 2 1 1 0 1 0 1 2 0 2 1 0 2 0 0 0 1 2 2 2 0 2 1 2 0 2 2 1 0 0 0 0 2 0 1 1 
1
1 0 0 0 0 0 0 0 0 
0 1 1 2 0 2 2 1 0 2 1 0 2 0 0 0 0 2 0 1 0 0 0 2 2 0 1 1 0 0 1 0 1 2 0 1 1 2 1 2 2 1 1 0 0 2 1 1 0 1 0 1 2 0 2 1 0 2 0 0 0 1 2 2 2 0 2 1 2 1 2 2 1 0 0 0 0 2 0 1 1 
16 17 17 2 0 2 2 1 0 18 17 16 2 0 0 0 0 2 16 17 16 0 0 2 2 0 1 1 0 0 1 0 1 2 0 1 1 2 1 2 2 1 1 0 0 2 1 1 0 1 0 1 2 0 2 1 0 2 0 0 0 1 2 2 2 0 2 1 2 1 2 2 1 0 0 0 0 2 0 1 1 
1
1 0 0 0 0 0 0 0 0 
0 1 1 2 0 2 2 1 0 2 1 0 2 0 0 0 0 2 0 1 0 0 0 2 2 0 1 1 2 0 1 0 1 2 0 1 1 2 1 2 2 1 1 0 0 2 1 1 0 1 0 1 2 0 2 1 0 2 0 0 0 1 2 2 2 0 2 1 2 1 2 2 1 0 0 0 0 2 0 1 1 
16 17 17 2 0 2 2 1 0 18 17 16 2 0 0 0 0 2 16 17 16 0 0 2 2 0 1 1 2 0 1 0 1 2 0 1 1 2 1 2 2 1 1 0 0 2 1 1 0 1 0 1 2 0 2 1 0 2 0 0 0 1 2 2 2 0 2 1 2 1 2 2 1 0 0 0 0 2 0 1 1 
1
1 0 0 0 0 0 0 0 0 
0 1 1 2 1 2 2 1 0 2 1 0 2 0 0 0 0 2 0 1 0 0 0 2 2 0 1 1 2 0 1 0 1 2 0 1 1 2 1 2 2 1 1 0 0 2 1 1 0 1 0 1 2 0 2 1 0 2 0 0 0 1 2 2 2 0 2 1 2 1 2 2 1 0 0 0 0 2 0 1 1 
16 17 17 2 1 2 2 1 0 18 17 16 2 0 0 0 0 2 16 17 16 0 0 2 2 0 1 1 2 0 1 0 1 2 0 1 1 2 1 2 2 1 1 0 0 2 1 1 0 1 0 1 2 0 2 1 0 2 0 0 0 1 2 2 2 0 2 1 2 1 2 2 1 0 0 0 0 2 0 1 1 
1
1 2 0 0 0 0 0 0 0 
0 1 1 2 1 2 2 1 0 2 1 0 2 2 0 0 0 2 0 1 0 0 0 2 2 0 1 1 2 0 1 0 1 2 0 1 1 2 1 2 2 1 1 0 0 2 1 1 0 1 0 1 2 0 2 1 0 2 0 0 0 1 2 2 2 0 2 1 2 1 2 2 1 0 0 0 0 2 0 1 1 
16 17 17 34 33 34 2 1 0 18 17 16 34 34 32 0 0 2 16 17 16 32 32 34 2 0 1 1 2 0 1 0 1 2 0 1 1 2 1 2 2 1 1 0 0 2 1 1 0 1 0 1 2 0 2 1 0 2 0 0 0 1 2 2 2 0 2 1 2 1 2 2 1 0 0 0 0 2 0 1 1 
1
1 2 0 0 0 0 0 0 0 
0 1 1 2 1 2 2 1 0 2 1 0 2 2 0 0 0 2 0 1 0 0 0 2 2 0 1 1 2 0 1 0 1 2 0 1 1 2 1 2 2 1 1 0 0 2 1 1 1 1 0 1 2 0 2 1 0 2 0 0 0 1 2 2 2 0 2 1 2 1 2 2 1 0 0 0 0 2 0 1 1 
16 17 17 34 33 34 2 1 0 18 17 16 34 34 32 0 0 2 16 17 16 32 32 34 2 0 1 1 2 0 1 0 1 2 0 1 1 2 1 2 2 1 1 0 0 2 1 1 1 1 0 1 2 0 2 1 0 2 0 0 0 1 2 2 2 0 2 1 2 1 2 2 1 0 0 0 0 2 0 1 1 
1
1 2 0 0 0 0 2 0 0 
0 1 1 2 1 2 2 1 0 2 1 0 2 2 0 0 0 2 0 1 0 0 0 2 2 0 1 1 2 0 1 0 1 2 0 1 1 2 1 2 2 1 1 0 0 2 1 1 1 1 0 1 2 0 2 1 0 2 0 0 0 1 2 2 2 0 2 1 2 1 2 2 1 0 2 0 0 2 0 1 1 
16 17 17 34 33 34 2 1 0 18 17 16 34 34 32 0 0 2 16 17 16 32 32 34 2 0 1 1 2 0 1 0 1 2 0 1 1 2 1 2 2 1 1 0 0 2 1 1 1 1 0 1 2 0 34 33 32 2 0 0 0 1 2 34 34 32 2 1 2 1 2 2 33 32 34 0 0 2 0 1 1 
1
1 2 0 0 0 0 2 0 1 
0 1 1 2 1 2 2 1 0 2 1 0 2 2 0 0 0 2 0 1 0 0 0 2 2 0 1 1 2 0 1 0 1 2 0 1 1 2 1 2 2 1 1 0 0 2 1 1 1 1 0 1 2 0 2 1 0 2 0 0 0 1 2 2 2 0 2 1 2 1 2 2 1 0 2 0 0 2 1 1 1 
16 17 17 34 33 34 2 1 0 18 17 16 34 34 32 0 0 2 16 17 16 32 32 34 2 0 1 1 2 0 1 0 1 2 0 1 1 2 1 2 2 1 1 0 0 2 1 1 1 1 0 1 2 0 34 33 32 2 0 0 16 17 18 34 34 32 2 1 2 17 18 18 33 32 34 0 0 2 17 17 17 
1
1 2 0 0 0 0 2 0 1 
0 1 1 2 1 2 2 1 0 2 1 0 2 2 0 0 2 2 0 1 0 0 0 2 2 0 1 1 2 0 1 0 1 2 0 1 1 2 1 2 2 1 1 0 0 2 1 1 1 1 0 1 2 0 2 1 0 2 0 0 0 1 2 2 2 0 2 1 2 1 2 2 1 0 2 0 0 2 1 1 1 
16 17 17 34 33 34 2 1 0 18 17 16 34 34 32 0 2 2 16 17 16 32 32 34 2 0 1 1 2 0 1 0 1 2 0 1 1 2 1 2 2 1 1 0 0 2 1 1 1 1 0 1 2 0 34 33 32 2 0 0 16 17 18 34 34 32 2 1 2 17 18 18 33 32 34 0 0 2 17 17 17 
1
1 2 0 0 1 0 2 0 1 
0 1 1 2 1 2 2 1 0 2 1 0 2 2 0 0 2 2 0 1 0 0 0 2 2 0 1 1 2 0 1 0 1 2 0 1 1 2 1 2 2 1 1 0 0 2 1 1 1 1 1 1 2 0 2 1 0 2 0 0 0 1 2 2 2 0 2 1 2 1 2 2 1 0 2 0 0 2 1 1 1 
16 17 17 34 33 34 2 1 0 18 17 16 34 34 32 0 2 2 16 17 16 32 32 34 2 0 1 1 2 0 17 16 17 2 0 1 1 2 1 18 18 17 1 0 0 2 1 1 17 17 17 1 2 0 34 33 32 2 0 0 16 17 18 34 34 32 2 1 2 17 18 18 33 32 34 0 0 2 17 17 17 
1
1 2 0 0 1 0 2 0 1 
0 1 1 2 1 2 2 1 0 2 1 0 2 2 0 0 2 2 0 1 0 0 0 2 2 0 1 1 2 0 1 0 1 2 0 1 1 2 1 2 2 1 1 0 0 2 1 1 1 1 1 1 2 0 2 1 0 2 0 0 0 1 2 2 2 0 2 1 2 1 2 2 1 0 2 0 0 2 1 1 1 
16 17 17 34 33 34 2 1 0 18 17 16 34 34 32 0 2 2 16 17 16 32 32 34 2 0 1 1 2 0 17 16 17 2 0 1 1 2 1 18 18 17 1 0 0 2 1 1 17 17 17 1 2 0 34 33 32 2 0 0 16 17 18 34 34 32 2 1 2 17 18 18 33 32 34 0 0 2 17 17 17 
1
