0 0 0 0 0 0 0 0 0 
0 0 0 0 0 0 0 0 0 0 0 0 0 0 0 0 0 0 0 0 0 0 0 0 0 0 0 0 0 0 0 0 0 0 0 0 0 0 0 0 1 0 0 0 0 0 0 0 0 0 0 0 0 0 0 0 0 0 0 0 0 0 0 0 0 0 0 0 0 0 0 0 0 0 0 0 0 0 0 0 0 
0 0 0 0 0 0 0 0 0 0 0 0 0 0 0 0 0 0 0 0 0 0 0 0 0 0 0 0 0 0 0 0 0 0 0 0 0 0 0 0 1 0 0 0 0 0 0 0 0 0 0 0 0 0 0 0 0 0 0 0 0 0 0 0 0 0 0 0 0 0 0 0 0 0 0 0 0 0 0 0 0 
0
0 0 0 0 0 0 0 0 0 
0 0 0 0 0 0 0 0 0 0 0 0 0 0 0 0 0 0 0 0 0 0 0 0 0 0 0 0 0 0 2 0 0 0 0 0 0 0 0 0 1 0 0 0 0 0 0 0 0 0 0 0 0 0 0 0 0 0 0 0 0 0 0 0 0 0 0 0 0 0 0 0 0 0 0 0 0 0 0 0 0 
0 0 0 0 0 0 0 0 0 0 0 0 0 0 0 0 0 0 0 0 0 0 0 0 0 0 0 0 0 0 2 0 0 0 0 0 0 0 0 0 1 0 0 0 0 0 0 0 0 0 0 0 0 0 0 0 0 0 0 0 0 0 0 0 0 0 0 0 0 0 0 0 0 0 0 0 0 0 0 0 0 
0
0 0 0 0 0 0 0 0 0 
0 0 1 0 0 0 0 0 0 0 0 0 0 0 0 0 0 0 0 0 0 0 0 0 0 0 0 0 0 0 2 0 0 0 0 0 0 0 0 0 1 0 0 0 0 0 0 0 0 0 0 0 0 0 0 0 0 0 0 0 0 0 0 0 0 0 0 0 0 0 0 0 0 0 0 0 0 0 0 0 0 
0 0 1 0 0 0 0 0 0 0 0 0 0 0 0 0 0 0 0 0 0 0 0 0 0 0 0 0 0 0 2 0 0 0 0 0 0 0 0 0 1 0 0 0 0 0 0 0 0 0 0 0 0 0 0 0 0 0 0 0 0 0 0 0 0 0 0 0 0 0 0 0 0 0 0 0 0 0 0 0 0 
0
0 0 0 0 0 0 0 0 0 
0 0 1 0 0 0 0 0 0 0 0 0 0 0 0 0 0 0 0 0 0 0 0 0 2 0 0 0 0 0 2 0 0 0 0 0 0 0 0 0 1 0 0 0 0 0 0 0 0 0 0 0 0 0 0 0 0 0 0 0 0 0 0 0 0 0 0 0 0 0 0 0 0 0 0 0 0 0 0 0 0 
0 0 1 0 0 0 0 0 0 0 0 0 0 0 0 0 0 0 0 0 0 0 0 0 2 0 0 0 0 0 2 0 0 0 0 0 0 0 0 0 1 0 0 0 0 0 0 0 0 0 0 0 0 0 0 0 0 0 0 0 0 0 0 0 0 0 0 0 0 0 0 0 0 0 0 0 0 0 0 0 0 
0
0 0 0 0 0 0 0 0 0 
0 0 1 0 0 0 0 0 0 0 0 0 0 0 0 0 0 0 0 0 0 0 0 0 2 0 0 0 0 0 2 0 0 0 0 0 0 0 0 0 1 0 0 0 0 0 0 0 0 0 0 0 0 0 0 0 0 0 0 0 0 0 0 0 0 0 0 0 0 0 0 0 0 0 1 0 0 0 0 0 0 
0 0 1 0 0 0 0 0 0 0 0 0 0 0 0 0 0 0 0 0 0 0 0 0 2 0 0 0 0 0 2 0 0 0 0 0 0 0 0 0 1 0 0 0 0 0 0 0 0 0 0 0 0 0 0 0 0 0 0 0 0 0 0 0 0 0 0 0 0 0 0 0 0 0 1 0 0 0 0 0 0 
0
0 0 0 0 0 0 0 0 0 
0 0 1 0 0 0 0 0 0 0 0 0 0 0 0 0 0 0 0 0 0 0 0 0 2 0 0 0 0 0 2 0 0 0 0 0 0 0 0 0 1 0 0 0 0 0 0 0 0 0 0 0 0 0 0 0 0 0 0 0 0 0 2 0 0 0 0 0 0 0 0 0 0 0 1 0 0 0 0 0 0 
0 0 1 0 0 0 0 0 0 0 0 0 0 0 0 0 0 0 0 0 0 0 0 0 2 0 0 0 0 0 2 0 0 0 0 0 0 0 0 0 1 0 0 0 0 0 0 0 0 0 0 0 0 0 0 0 0 0 0 0 0 0 2 0 0 0 0 0 0 0 0 0 0 0 1 0 0 0 0 0 0 
0
0 0 0 0 0 0 0 0 0 
0 0 1 0 0 0 0 1 0 0 0 0 0 0 0 0 0 0 0 0 0 0 0 0 2 0 0 0 0 0 2 0 0 0 0 0 0 0 0 0 1 0 0 0 0 0 0 0 0 0 0 0 0 0 0 0 0 0 0 0 0 0 2 0 0 0 0 0 0 0 0 0 0 0 1 0 0 0 0 0 0 
0 0 1 0 0 0 0 1 0 0 0 0 0 0 0 0 0 0 0 0 0 0 0 0 2 0 0 0 0 0 2 0 0 0 0 0 0 0 0 0 1 0 0 0 0 0 0 0 0 0 0 0 0 0 0 0 0 0 0 0 0 0 2 0 0 0 0 0 0 0 0 0 0 0 1 0 0 0 0 0 0 
0
0 0 0 0 0 0 0 0 0 
0 0 1 0 0 0 0 1 0 0 0 0 0 0 2 0 0 0 0 0 0 0 0 0 2 0 0 0 0 0 2 0 0 0 0 0 0 0 0 0 1 0 0 0 0 0 0 0 0 0 0 0 0 0 0 0 0 0 0 0 0 0 2 0 0 0 0 0 0 0 0 0 0 0 1 0 0 0 0 0 0 
0 0 1 0 0 0 0 1 0 0 0 0 0 0 2 0 0 0 0 0 0 0 0 0 2 0 0 0 0 0 2 0 0 0 0 0 0 0 0 0 1 0 0 0 0 0 0 0 0 0 0 0 0 0 0 0 0 0 0 0 0 0 2 0 0 0 0 0 0 0 0 0 0 0 1 0 0 0 0 0 0 
0
0 0 0 0 0 0 0 0 0 
0 0 1 0 0 0 0 1 0 0 0 0 0 0 2 0 0 0 0 0 0 0 0 0 2 0 0 0 0 0 2 0 0 0 0 0 0 0 0 0 1 0 0 0 1 0 0 0 0 0 0 0 0 0 0 0 0 0 0 0 0 0 2 0 0 0 0 0 0 0 0 0 0 0 1 0 0 0 0 0 0 
0 0 1 0 0 0 0 1 0 0 0 0 0 0 2 0 0 0 0 0 0 0 0 0 2 0 0 0 0 0 2 0 0 0 0 0 0 0 0 0 1 0 0 0 1 0 0 0 0 0 0 0 0 0 0 0 0 0 0 0 0 0 2 0 0 0 0 0 0 0 0 0 0 0 1 0 0 0 0 0 0 
0
0 0 0 0 0 0 0 0 0 
0 0 1 0 0 0 0 1 0 0 0 0 0 0 2 0 0 0 0 0 0 0 0 0 2 0 0 0 0 0 2 0 0 0 0 0 0 0 0 0 1 0 0 0 1 0 0 0 0 0 0 2 0 0 0 0 0 0 0 0 0 0 2 0 0 0 0 0 0 0 0 0 0 0 1 0 0 0 0 0 0 
0 0 1 0 0 0 0 1 0 0 0 0 0 0 2 0 0 0 0 0 0 0 0 0 2 0 0 0 0 0 2 0 0 0 0 0 0 0 0 0 1 0 0 0 1 0 0 0 0 0 0 2 0 0 0 0 0 0 0 0 0 0 2 0 0 0 0 0 0 0 0 0 0 0 1 0 0 0 0 0 0 
0
0 0 0 0 0 0 0 0 0 
0 0 1 0 0 0 0 1 0 0 0 0 0 0 2 0 0 0 0 0 0 0 0 0 2 0 0 0 0 0 2 0 0 0 0 0 0 0 0 0 1 0 0 0 1 0 0 0 0 0 0 2 0 0 0 0 0 0 0 0 0 0 2 0 0 0 0 0 0 0 0 0 0 1 1 0 0 0 0 0 0 
0 0 1 0 0 0 0 1 0 0 0 0 0 0 2 0 0 0 0 0 0 0 0 0 2 0 0 0 0 0 2 0 0 0 0 0 0 0 0 0 1 0 0 0 1 0 0 0 0 0 0 2 0 0 0 0 0 0 0 0 0 0 2 0 0 0 0 0 0 0 0 0 0 1 1 0 0 0 0 0 0 
0
0 0 0 0 0 0 0 0 0 
0 0 1 0 0 0 0 1 0 0 0 0 0 0 2 0 0 0 0 0 0 0 0 0 2 0 0 0 0 0 2 0 0 0 0 0 0 0 0 0 1 0 0 0 1 0 0 0 0 0 0 2 0 0 0 0 0 0 2 0 0 0 2 0 0 0 0 0 0 0 0 0 0 1 1 0 0 0 0 0 0 
0 0 1 0 0 0 0 1 0 0 0 0 0 0 2 0 0 0 0 0 0 0 0 0 2 0 0 0 0 0 2 0 0 0 0 0 0 0 0 0 1 0 0 0 1 0 0 0 0 0 0 2 0 0 0 0 0 0 2 0 0 0 2 0 0 0 0 0 0 0 0 0 0 1 1 0 0 0 0 0 0 
0
0 0 0 0 0 0 0 0 0 
0 0 1 0 0 0 0 1 0 0 0 0 0 0 2 0 0 0 0 0 0 0 0 1 2 0 0 0 0 0 2 0 0 0 0 0 0 0 0 0 1 0 0 0 1 0 0 0 0 0 0 2 0 0 0 0 0 0 2 0 0 0 2 0 0 0 0 0 0 0 0 0 0 1 1 0 0 0 0 0 0 
0 0 1 0 0 0 0 1 0 0 0 0 0 0 2 0 0 0 0 0 0 0 0 1 2 0 0 0 0 0 2 0 0 0 0 0 0 0 0 0 1 0 0 0 1 0 0 0 0 0 0 2 0 0 0 0 0 0 2 0 0 0 2 0 0 0 0 0 0 0 0 0 0 1 1 0 0 0 0 0 0 
0
0 0 0 0 0 0 0 0 0 
0 0 1 0 0 0 0 1 0 0 0 0 0 0 2 0 0 0 0 0 0 0 0 1 2 0 0 0 0 0 2 0 0 0 0 0 0 0 0 0 1 0 0 0 1 0 0 0 0 0 0 2 0 0 0 0 0 0 2 0 0 2 2 0 0 0 0 0 0 0 0 0 0 1 1 0 0 0 0 0 0 
0 0 1 0 0 0 0 1 0 0 0 0 0 0 2 0 0 0 0 0 0 0 0 1 2 0 0 0 0 0 2 0 0 0 0 0 0 0 0 0 1 0 0 0 1 0 0 0 0 0 0 2 0 0 0 0 0 0 2 0 0 2 2 0 0 0 0 0 0 0 0 0 0 1 1 0 0 0 0 0 0 
0
0 0 0 0 0 0 0 0 0 
0 0 1 0 0 0 0 1 0 0 0 0 0 0 2 0 0 0 0 0 0 0 1 1 2 0 0 0 0 0 2 0 0 0 0 0 0 0 0 0 1 0 0 0 1 0 0 0 0 0 0 2 0 0 0 0 0 0 2 0 0 2 2 0 0 0 0 0 0 0 0 0 0 1 1 0 0 0 0 0 0 
0 0 1 0 0 0 0 1 0 0 0 0 0 0 2 0 0 0 0 0 0 0 1 1 2 0 0 0 0 0 2 0 0 0 0 0 0 0 0 0 1 0 0 0 1 0 0 0 0 0 0 2 0 0 0 0 0 0 2 0 0 2 2 0 0 0 0 0 0 0 0 0 0 1 1 0 0 0 0 0 0 
0
0 0 0 0 0 0 0 0 0 
0 0 1 0 0 0 0 1 0 0 0 0 0 0 2 0 0 0 0 0 0 0 1 1 2 0 0 0 0 0 2 0 0 0 0 0 0 0 0 0 1 0 0 0 1 0 0 0 0 0 0 2 0 0 0 0 0 0 2 0 0 2 2 0 0 0 0 0 0 0 0 0 0 1 1 0 2 0 0 0 0 
0 0 1 0 0 0 0 1 0 0 0 0 0 0 2 0 0 0 0 0 0 0 1 1 2 0 0 0 0 0 2 0 0 0 0 0 0 0 0 0 1 0 0 0 1 0 0 0 0 0 0 2 0 0 0 0 0 0 2 0 0 2 2 0 0 0 0 0 0 0 0 0 0 1 1 0 2 0 0 0 0 
0
0 0 0 0 0 0 0 0 0 
0 0 1 0 0 0 0 1 0 0 0 0 0 0 2 0 0 0 0 0 0 0 1 1 2 0 0 0 0 0 2 0 0 0 0 0 0 0 0 0 1 0 0 0 1 0 0 0 0 0 0 2 0 0 0 0 0 0 2 0 0 2 2 0 0 0 1 0 0 0 0 0 0 1 1 0 2 0 0 0 0 
0 0 1 0 0 0 0 1 0 0 0 0 0 0 2 0 0 0 0 0 0 0 1 1 2 0 0 0 0 0 2 0 0 0 0 0 0 0 0 0 1 0 0 0 1 0 0 0 0 0 0 2 0 0 0 0 0 0 2 0 0 2 2 0 0 0 1 0 0 0 0 0 0 1 1 0 2 0 0 0 0 
0
0 0 0 0 0 0 0 0 0 
0 0 1 0 0 0 0 1 0 0 0 0 0 0 2 0 0 0 0 0 0 0 1 1 2 0 0 0 0 0 2 0 0 0 0 0 0 0 0 0 1 0 0 0 1 0 2 0 0 0 0 2 0 0 0 0 0 0 2 0 0 2 2 0 0 0 1 0 0 0 0 0 0 1 1 0 2 0 0 0 0 
0 0 1 0 0 0 0 1 0 0 0 0 0 0 2 0 0 0 0 0 0 0 1 1 2 0 0 0 0 0 2 0 0 0 0 0 0 0 0 0 1 0 0 0 1 0 2 0 0 0 0 2 0 0 0 0 0 0 2 0 0 2 2 0 0 0 1 0 0 0 0 0 0 1 1 0 2 0 0 0 0 
0
0 0 0 0 0 0 0 0 0 
0 0 1 0 0 0 0 1 0 0 0 0 0 0 2 0 0 0 0 0 0 0 1 1 2 0 0 0 0 0 2 0 0 0 0 0 0 0 0 0 1 0 0 0 1 0 2 0 0 0 0 2 0 0 0 0 0 0 2 0 0 2 2 0 0 0 1 0 0 0 0 0 0 1 1 1 2 0 0 0 0 
0 0 1 0 0 0 0 1 0 0 0 0 0 0 2 0 0 0 0 0 0 0 1 1 2 0 0 0 0 0 2 0 0 0 0 0 0 0 0 0 1 0 0 0 1 0 2 0 0 0 0 2 0 0 0 0 0 0 2 0 0 2 2 0 0 0 1 0 0 0 0 0 0 1 1 1 2 0 0 0 0 
0
0 0 0 0 0 0 0 0 0 
0 0 1 0 0 0 0 1 0 0 0 0 0 0 2 0 0 0 0 0 0 0 1 1 2 0 0 0 0 0 2 0 0 0 0 0 0 0 0 0 1 0 0 0 1 0 2 0 0 0 0 2 0 0 0 0 0 0 2 0 0 2 2 0 0 0 1 0 0 0 0 0 2 1 1 1 2 0 0 0 0 
0 0 1 0 0 0 0 1 0 0 0 0 0 0 2 0 0 0 0 0 0 0 1 1 2 0 0 0 0 0 2 0 0 0 0 0 0 0 0 0 1 0 0 0 1 0 2 0 0 0 0 2 0 0 0 0 0 0 2 0 0 2 2 0 0 0 1 0 0 0 0 0 2 1 1 1 2 0 0 0 0 
0
0 0 0 0 0 0 0 0 0 
0 0 1 0 0 0 0 1 0 0 0 0 0 0 2 0 0 0 0 0 0 0 1 1 2 0 0 0 0 0 2 0 0 0 0 0 0 0 0 0 1 0 0 0 1 0 2 0 0 0 0 2 0 0 0 0 0 0 2 0 0 2 2 0 1 0 1 0 0 0 0 0 2 1 1 1 2 0 0 0 0 
0 0 1 0 0 0 0 1 0 0 0 0 0 0 2 0 0 0 0 0 0 0 1 1 2 0 0 0 0 0 2 0 0 0 0 0 0 0 0 0 1 0 0 0 1 0 2 0 0 0 0 2 0 0 0 0 0 0 2 0 0 2 2 0 1 0 1 0 0 0 0 0 2 1 1 1 2 0 0 0 0 
0
0 0 0 0 0 0 0 0 0 
0 0 1 0 0 0 0 1 0 0 0 0 0 0 2 0 0 0 0 0 0 0 1 1 2 0 0 0 0 0 2 0 0 0 0 0 0 0 0 2 1 0 0 0 1 0 2 0 0 0 0 2 0 0 0 0 0 0 2 0 0 2 2 0 1 0 1 0 0 0 0 0 2 1 1 1 2 0 0 0 0 
0 0 1 0 0 0 0 1 0 0 0 0 0 0 2 0 0 0 0 0 0 0 1 1 2 0 0 0 0 0 2 0 0 0 0 0 0 0 0 2 1 0 0 0 1 0 2 0 0 0 0 2 0 0 0 0 0 0 2 0 0 2 2 0 1 0 1 0 0 0 0 0 2 1 1 1 2 0 0 0 0 
0
0 0 0 0 0 0 0 0 0 
0 0 1 0 0 0 0 1 0 0 0 0 0 0 2 0 0 0 0 0 0 0 1 1 2 0 0 0 0 0 2 0 0 0 0 0 0 0 1 2 1 0 0 0 1 0 2 0 0 0 0 2 0 0 0 0 0 0 2 0 0 2 2 0 1 0 1 0 0 0 0 0 2 1 1 1 2 0 0 0 0 
0 0 1 0 0 0 0 1 0 0 0 0 0 0 2 0 0 0 0 0 0 0 1 1 2 0 0 0 0 0 2 0 0 0 0 0 0 0 1 2 1 0 0 0 1 0 2 0 0 0 0 2 0 0 0 0 0 0 2 0 0 2 2 0 1 0 1 0 0 0 0 0 2 1 1 1 2 0 0 0 0 
0
0 0 0 0 0 0 0 0 0 
0 0 1 0 0 0 0 1 0 0 0 0 0 0 2 0 0 0 0 0 0 0 1 1 2 0 0 0 0 0 2 0 0 0 0 2 0 0 1 2 1 0 0 0 1 0 2 0 0 0 0 2 0 0 0 0 0 0 2 0 0 2 2 0 1 0 1 0 0 0 0 0 2 1 1 1 2 0 0 0 0 
0 0 1 0 0 0 0 1 0 0 0 0 0 0 2 0 0 0 0 0 0 0 1 1 2 0 0 0 0 0 2 0 0 0 0 2 0 0 1 2 1 0 0 0 1 0 2 0 0 0 0 2 0 0 0 0 0 0 2 0 0 2 2 0 1 0 1 0 0 0 0 0 2 1 1 1 2 0 0 0 0 
0
0 0 0 0 0 0 0 0 0 
0 0 1 0 0 0 1 1 0 0 0 0 0 0 2 0 0 0 0 0 0 0 1 1 2 0 0 0 0 0 2 0 0 0 0 2 0 0 1 2 1 0 0 0 1 0 2 0 0 0 0 2 0 0 0 0 0 0 2 0 0 2 2 0 1 0 1 0 0 0 0 0 2 1 1 1 2 0 0 0 0 
0 0 1 0 0 0 1 1 0 0 0 0 0 0 2 0 0 0 0 0 0 0 1 1 2 0 0 0 0 0 2 0 0 0 0 2 0 0 1 2 1 0 0 0 1 0 2 0 0 0 0 2 0 0 0 0 0 0 2 0 0 2 2 0 1 0 1 0 0 0 0 0 2 1 1 1 2 0 0 0 0 
0
0 0 0 0 0 0 0 0 0 
0 0 1 0 0 0 1 1 0 0 0 0 0 0 2 0 0 0 0 0 2 0 1 1 2 0 0 0 0 0 2 0 0 0 0 2 0 0 1 2 1 0 0 0 1 0 2 0 0 0 0 2 0 0 0 0 0 0 2 0 0 2 2 0 1 0 1 0 0 0 0 0 2 1 1 1 2 0 0 0 0 
0 0 1 0 0 0 1 1 0 0 0 0 0 0 2 0 0 0 0 0 2 0 1 1 2 0 0 0 0 0 2 0 0 0 0 2 0 0 1 2 1 0 0 0 1 0 2 0 0 0 0 2 0 0 0 0 0 0 2 0 0 2 2 0 1 0 1 0 0 0 0 0 2 1 1 1 2 0 0 0 0 
0
0 0 0 0 0 0 0 0 0 
0 0 1 0 0 0 1 1 0 0 0 0 0 0 2 0 0 0 0 0 2 0 1 1 2 0 0 0 0 0 2 0 0 0 0 2 0 0 1 2 1 0 0 0 1 0 2 0 0 0 0 2 0 0 0 0 0 0 2 0 0 2 2 0 1 0 1 0 0 0 0 0 2 1 1 1 2 0 0 1 0 
0 0 1 0 0 0 1 1 0 0 0 0 0 0 2 0 0 0 0 0 2 0 1 1 2 0 0 0 0 0 2 0 0 0 0 2 0 0 1 2 1 0 0 0 1 0 2 0 0 0 0 2 0 0 0 0 0 0 2 0 0 2 2 0 1 0 1 0 0 0 0 0 2 1 1 1 2 0 0 1 0 
0
0 0 0 0 0 0 0 2 0 
0 0 1 0 0 0 1 1 0 0 0 0 0 0 2 0 0 0 0 0 2 0 1 1 2 0 0 0 0 0 2 0 0 0 0 2 0 0 1 2 1 0 0 0 1 0 2 0 0 0 0 2 0 0 0 0 0 0 2 0 0 2 2 0 1 0 1 2 0 0 0 0 2 1 1 1 2 0 0 1 0 
0 0 1 0 0 0 1 1 0 0 0 0 0 0 2 0 0 0 0 0 2 0 1 1 2 0 0 0 0 0 2 0 0 0 0 2 0 0 1 2 1 0 0 0 1 0 2 0 0 0 0 2 0 0 0 0 0 32 34 32 0 2 2 0 1 0 33 34 32 0 0 0 2 1 1 33 34 32 0 1 0 
0
0 0 0 0 0 0 0 2 0 
0 0 1 0 0 0 1 1 0 0 0 0 0 0 2 0 0 0 0 0 2 0 1 1 2 0 0 0 0 0 2 0 0 0 0 2 0 0 1 2 1 0 0 0 1 0 2 0 1 0 0 2 0 0 0 0 0 0 2 0 0 2 2 0 1 0 1 2 0 0 0 0 2 1 1 1 2 0 0 1 0 
0 0 1 0 0 0 1 1 0 0 0 0 0 0 2 0 0 0 0 0 2 0 1 1 2 0 0 0 0 0 2 0 0 0 0 2 0 0 1 2 1 0 0 0 1 0 2 0 1 0 0 2 0 0 0 0 0 32 34 32 0 2 2 0 1 0 33 34 32 0 0 0 2 1 1 33 34 32 0 1 0 
0
0 0 0 0 0 0 0 2 0 
0 0 1 0 0 0 1 1 0 0 0 0 0 0 2 0 0 0 0 0 2 0 1 1 2 0 0 0 0 0 2 0 0 0 0 2 0 0 1 2 1 0 0 0 1 0 2 0 1 0 0 2 0 0 2 0 0 0 2 0 0 2 2 0 1 0 1 2 0 0 0 0 2 1 1 1 2 0 0 1 0 
0 0 1 0 0 0 1 1 0 0 0 0 0 0 2 0 0 0 0 0 2 0 1 1 2 0 0 0 0 0 2 0 0 0 0 2 0 0 1 2 1 0 0 0 1 0 2 0 1 0 0 2 0 0 2 0 0 32 34 32 0 2 2 0 1 0 33 34 32 0 0 0 2 1 1 33 34 32 0 1 0 
0
0 0 0 0 0 0 0 2 0 
0 0 1 0 0 0 1 1 0 0 0 1 0 0 2 0 0 0 0 0 2 0 1 1 2 0 0 0 0 0 2 0 0 0 0 2 0 0 1 2 1 0 0 0 1 0 2 0 1 0 0 2 0 0 2 0 0 0 2 0 0 2 2 0 1 0 1 2 0 0 0 0 2 1 1 1 2 0 0 1 0 
0 0 1 0 0 0 1 1 0 0 0 1 0 0 2 0 0 0 0 0 2 0 1 1 2 0 0 0 0 0 2 0 0 0 0 2 0 0 1 2 1 0 0 0 1 0 2 0 1 0 0 2 0 0 2 0 0 32 34 32 0 2 2 0 1 0 33 34 32 0 0 0 2 1 1 33 34 32 0 1 0 
0
0 0 0 0 0 2 0 2 0 
0 0 1 0 0 0 1 1 0 0 0 1 0 0 2 0 0 0 0 0 2 0 1 1 2 0 0 0 0 0 2 0 0 0 0 2 0 0 1 2 1 0 0 2 1 0 2 0 1 0 0 2 0 0 2 0 0 0 2 0 0 2 2 0 1 0 1 2 0 0 0 0 2 1 1 1 2 0 0 1 0 
0 0 1 0 0 0 1 1 0 0 0 1 0 0 2 0 0 0 0 0 2 0 1 1 2 0 0 0 0 0 2 0 0 32 32 34 0 0 1 2 1 0 32 34 33 0 2 0 1 0 0 34 32 32 2 0 0 32 34 32 0 2 2 0 1 0 33 34 32 0 0 0 2 1 1 33 34 32 0 1 0 
0
0 0 0 0 0 2 0 2 0 
0 0 1 0 0 0 1 1 0 0 0 1 0 0 2 0 0 0 0 0 2 0 1 1 2 0 0 0 0 0 2 1 0 0 0 2 0 0 1 2 1 0 0 2 1 0 2 0 1 0 0 2 0 0 2 0 0 0 2 0 0 2 2 0 1 0 1 2 0 0 0 0 2 1 1 1 2 0 0 1 0 
0 0 1 0 0 0 1 1 0 0 0 1 0 0 2 0 0 0 0 0 2 0 1 1 2 0 0 0 0 0 2 1 0 32 32 34 0 0 1 2 1 0 32 34 33 0 2 0 1 0 0 34 32 32 2 0 0 32 34 32 0 2 2 0 1 0 33 34 32 0 0 0 2 1 1 33 34 32 0 1 0 
0
0 0 0 0 0 2 0 2 0 
0 0 1 0 0 0 1 1 0 0 0 1 0 2 2 0 0 0 0 0 2 0 1 1 2 0 0 0 0 0 2 1 0 0 0 2 0 0 1 2 1 0 0 2 1 0 2 0 1 0 0 2 0 0 2 0 0 0 2 0 0 2 2 0 1 0 1 2 0 0 0 0 2 1 1 1 2 0 0 1 0 
0 0 1 0 0 0 1 1 0 0 0 1 0 2 2 0 0 0 0 0 2 0 1 1 2 0 0 0 0 0 2 1 0 32 32 34 0 0 1 2 1 0 32 34 33 0 2 0 1 0 0 34 32 32 2 0 0 32 34 32 0 2 2 0 1 0 33 34 32 0 0 0 2 1 1 33 34 32 0 1 0 
0
0 0 0 0 1 2 0 2 0 
0 0 1 0 0 0 1 1 0 0 0 1 0 2 2 0 0 0 0 0 2 0 1 1 2 0 0 0 0 0 2 1 1 0 0 2 0 0 1 2 1 0 0 2 1 0 2 0 1 0 0 2 0 0 2 0 0 0 2 0 0 2 2 0 1 0 1 2 0 0 0 0 2 1 1 1 2 0 0 1 0 
0 0 1 0 0 0 1 1 0 0 0 1 0 2 2 0 0 0 0 0 2 0 1 1 2 0 0 0 0 0 18 17 17 32 32 34 0 0 1 18 17 16 32 34 33 0 2 0 17 16 16 34 32 32 2 0 0 32 34 32 0 2 2 0 1 0 33 34 32 0 0 0 2 1 1 33 34 32 0 1 0 
0
0 0 0 0 1 2 0 2 0 
0 0 1 0 0 0 1 1 2 0 0 1 0 2 2 0 0 0 0 0 2 0 1 1 2 0 0 0 0 0 2 1 1 0 0 2 0 0 1 2 1 0 0 2 1 0 2 0 1 0 0 2 0 0 2 0 0 0 2 0 0 2 2 0 1 0 1 2 0 0 0 0 2 1 1 1 2 0 0 1 0 
0 0 1 0 0 0 1 1 2 0 0 1 0 2 2 0 0 0 0 0 2 0 1 1 2 0 0 0 0 0 18 17 17 32 32 34 0 0 1 18 17 16 32 34 33 0 2 0 17 16 16 34 32 32 2 0 0 32 34 32 0 2 2 0 1 0 33 34 32 0 0 0 2 1 1 33 34 32 0 1 0 
0
0 0 0 0 1 2 0 2 0 
0 0 1 0 0 0 1 1 2 0 0 1 0 2 2 0 0 0 0 0 2 0 1 1 2 0 1 0 0 0 2 1 1 0 0 2 0 0 1 2 1 0 0 2 1 0 2 0 1 0 0 2 0 0 2 0 0 0 2 0 0 2 2 0 1 0 1 2 0 0 0 0 2 1 1 1 2 0 0 1 0 
0 0 1 0 0 0 1 1 2 0 0 1 0 2 2 0 0 0 0 0 2 0 1 1 2 0 1 0 0 0 18 17 17 32 32 34 0 0 1 18 17 16 32 34 33 0 2 0 17 16 16 34 32 32 2 0 0 32 34 32 0 2 2 0 1 0 33 34 32 0 0 0 2 1 1 33 34 32 0 1 0 
0
0 0 0 0 1 2 0 2 2 
0 0 1 0 0 0 1 1 2 0 0 1 0 2 2 0 0 0 0 0 2 0 1 1 2 0 1 0 0 0 2 1 1 0 0 2 0 0 1 2 1 0 0 2 1 0 2 0 1 0 0 2 0 0 2 0 0 0 2 0 2 2 2 0 1 0 1 2 0 0 0 0 2 1 1 1 2 0 0 1 0 
0 0 1 0 0 0 1 1 2 0 0 1 0 2 2 0 0 0 0 0 2 0 1 1 2 0 1 0 0 0 18 17 17 32 32 34 0 0 1 18 17 16 32 34 33 0 2 0 17 16 16 34 32 32 2 0 0 32 34 32 34 34 34 0 1 0 33 34 32 32 32 32 2 1 1 33 34 32 32 33 32 
0
0 0 0 0 1 2 0 2 2 
1 0 1 0 0 0 1 1 2 0 0 1 0 2 2 0 0 0 0 0 2 0 1 1 2 0 1 0 0 0 2 1 1 0 0 2 0 0 1 2 1 0 0 2 1 0 2 0 1 0 0 2 0 0 2 0 0 0 2 0 2 2 2 0 1 0 1 2 0 0 0 0 2 1 1 1 2 0 0 1 0 
1 0 1 0 0 0 1 1 2 0 0 1 0 2 2 0 0 0 0 0 2 0 1 1 2 0 1 0 0 0 18 17 17 32 32 34 0 0 1 18 17 16 32 34 33 0 2 0 17 16 16 34 32 32 2 0 0 32 34 32 34 34 34 0 1 0 33 34 32 32 32 32 2 1 1 33 34 32 32 33 32 
0
0 0 0 0 1 2 0 2 2 
1 0 1 0 0 0 1 1 2 2 0 1 0 2 2 0 0 0 0 0 2 0 1 1 2 0 1 0 0 0 2 1 1 0 0 2 0 0 1 2 1 0 0 2 1 0 2 0 1 0 0 2 0 0 2 0 0 0 2 0 2 2 2 0 1 0 1 2 0 0 0 0 2 1 1 1 2 0 0 1 0 
1 0 1 0 0 0 1 1 2 2 0 1 0 2 2 0 0 0 0 0 2 0 1 1 2 0 1 0 0 0 18 17 17 32 32 34 0 0 1 18 17 16 32 34 33 0 2 0 17 16 16 34 32 32 2 0 0 32 34 32 34 34 34 0 1 0 33 34 32 32 32 32 2 1 1 33 34 32 32 33 32 
0
0 0 0 0 1 2 0 2 2 
1 0 1 0 0 0 1 1 2 2 0 1 0 2 2 0 0 0 0 0 2 0 1 1 2 0 1 1 0 0 2 1 1 0 0 2 0 0 1 2 1 0 0 2 1 0 2 0 1 0 0 2 0 0 2 0 0 0 2 0 2 2 2 0 1 0 1 2 0 0 0 0 2 1 1 1 2 0 0 1 0 
1 0 1 0 0 0 1 1 2 2 0 1 0 2 2 0 0 0 0 0 2 0 1 1 2 0 1 1 0 0 18 17 17 32 32 34 0 0 1 18 17 16 32 34 33 0 2 0 17 16 16 34 32 32 2 0 0 32 34 32 34 34 34 0 1 0 33 34 32 32 32 32 2 1 1 33 34 32 32 33 32 
0
0 0 0 0 1 2 0 2 2 
1 2 1 0 0 0 1 1 2 2 0 1 0 2 2 0 0 0 0 0 2 0 1 1 2 0 1 1 0 0 2 1 1 0 0 2 0 0 1 2 1 0 0 2 1 0 2 0 1 0 0 2 0 0 2 0 0 0 2 0 2 2 2 0 1 0 1 2 0 0 0 0 2 1 1 1 2 0 0 1 0 
1 2 1 0 0 0 1 1 2 2 0 1 0 2 2 0 0 0 0 0 2 0 1 1 2 0 1 1 0 0 18 17 17 32 32 34 0 0 1 18 17 16 32 34 33 0 2 0 17 16 16 34 32 32 2 0 0 32 34 32 34 34 34 0 1 0 33 34 32 32 32 32 2 1 1 33 34 32 32 33 32 
0
0 0 0 0 1 2 0 2 2 
1 2 1 1 0 0 1 1 2 2 0 1 0 2 2 0 0 0 0 0 2 0 1 1 2 0 1 1 0 0 2 1 1 0 0 2 0 0 1 2 1 0 0 2 1 0 2 0 1 0 0 2 0 0 2 0 0 0 2 0 2 2 2 0 1 0 1 2 0 0 0 0 2 1 1 1 2 0 0 1 0 
1 2 1 1 0 0 1 1 2 2 0 1 0 2 2 0 0 0 0 0 2 0 1 1 2 0 1 1 0 0 18 17 17 32 32 34 0 0 1 18 17 16 32 34 33 0 2 0 17 16 16 34 32 32 2 0 0 32 34 32 34 34 34 0 1 0 33 34 32 32 32 32 2 1 1 33 34 32 32 33 32 
0
0 0 0 0 1 2 0 2 2 
1 2 1 1 0 0 1 1 2 2 2 1 0 2 2 0 0 0 0 0 2 0 1 1 2 0 1 1 0 0 2 1 1 0 0 2 0 0 1 2 1 0 0 2 1 0 2 0 1 0 0 2 0 0 2 0 0 0 2 0 2 2 2 0 1 0 1 2 0 0 0 0 2 1 1 1 2 0 0 1 0 
1 2 1 1 0 0 1 1 2 2 2 1 0 2 2 0 0 0 0 0 2 0 1 1 2 0 1 1 0 0 18 17 17 32 32 34 0 0 1 18 17 16 32 34 33 0 2 0 17 16 16 34 32 32 2 0 0 32 34 32 34 34 34 0 1 0 33 34 32 32 32 32 2 1 1 33 34 32 32 33 32 
0
0 0 0 0 1 2 0 2 2 
1 2 1 1 0 0 1 1 2 2 2 1 0 2 2 0 0 0 0 0 2 0 1 1 2 0 1 1 0 0 2 1 1 0 0 2 1 0 1 2 1 0 0 2 1 0 2 0 1 0 0 2 0 0 2 0 0 0 2 0 2 2 2 0 1 0 1 2 0 0 0 0 2 1 1 1 2 0 0 1 0 
1 2 1 1 0 0 1 1 2 2 2 1 0 2 2 0 0 0 0 0 2 0 1 1 2 0 1 1 0 0 18 17 17 32 32 34 1 0 1 18 17 16 32 34 33 0 2 0 17 16 16 34 32 32 2 0 0 32 34 32 34 34 34 0 1 0 33 34 32 32 32 32 2 1 1 33 34 32 32 33 32 
0
0 0 0 0 1 2 0 2 2 
1 2 1 1 0 0 1 1 2 2 2 1 0 2 2 0 0 0 0 0 2 0 1 1 2 0 1 1 0 0 2 1 1 0 0 2 1 0 1 2 1 0 0 2 1 0 2 2 1 0 0 2 0 0 2 0 0 0 2 0 2 2 2 0 1 0 1 2 0 0 0 0 2 1 1 1 2 0 0 1 0 
1 2 1 1 0 0 1 1 2 2 2 1 0 2 2 0 0 0 0 0 2 0 1 1 2 0 1 1 0 0 18 17 17 32 32 34 1 0 1 18 17 16 32 34 33 0 2 2 17 16 16 34 32 32 2 0 0 32 34 32 34 34 34 0 1 0 33 34 32 32 32 32 2 1 1 33 34 32 32 33 32 
0
0 0 0 0 1 2 0 2 2 
1 2 1 1 0 0 1 1 2 2 2 1 1 2 2 0 0 0 0 0 2 0 1 1 2 0 1 1 0 0 2 1 1 0 0 2 1 0 1 2 1 0 0 2 1 0 2 2 1 0 0 2 0 0 2 0 0 0 2 0 2 2 2 0 1 0 1 2 0 0 0 0 2 1 1 1 2 0 0 1 0 
1 2 1 1 0 0 1 1 2 2 2 1 1 2 2 0 0 0 0 0 2 0 1 1 2 0 1 1 0 0 18 17 17 32 32 34 1 0 1 18 17 16 32 34 33 0 2 2 17 16 16 34 32 32 2 0 0 32 34 32 34 34 34 0 1 0 33 34 32 32 32 32 2 1 1 33 34 32 32 33 32 
0
0 0 0 0 1 2 0 2 2 
1 2 1 1 0 0 1 1 2 2 2 1 1 2 2 0 0 0 0 0 2 0 1 1 2 0 1 1 0 2 2 1 1 0 0 2 1 0 1 2 1 0 0 2 1 0 2 2 1 0 0 2 0 0 2 0 0 0 2 0 2 2 2 0 1 0 1 2 0 0 0 0 2 1 1 1 2 0 0 1 0 
1 2 1 1 0 0 1 1 2 2 2 1 1 2 2 0 0 0 0 0 2 0 1 1 2 0 1 1 0 2 18 17 17 32 32 34 1 0 1 18 17 16 32 34 33 0 2 2 17 16 16 34 32 32 2 0 0 32 34 32 34 34 34 0 1 0 33 34 32 32 32 32 2 1 1 33 34 32 32 33 32 
0
0 0 0 0 1 2 0 2 2 
1 2 1 1 0 0 1 1 2 2 2 1 1 2 2 1 0 0 0 0 2 0 1 1 2 0 1 1 0 2 2 1 1 0 0 2 1 0 1 2 1 0 0 2 1 0 2 2 1 0 0 2 0 0 2 0 0 0 2 0 2 2 2 0 1 0 1 2 0 0 0 0 2 1 1 1 2 0 0 1 0 
1 2 1 1 0 0 1 1 2 2 2 1 1 2 2 1 0 0 0 0 2 0 1 1 2 0 1 1 0 2 18 17 17 32 32 34 1 0 1 18 17 16 32 34 33 0 2 2 17 16 16 34 32 32 2 0 0 32 34 32 34 34 34 0 1 0 33 34 32 32 32 32 2 1 1 33 34 32 32 33 32 
0
0 0 0 0 1 2 0 2 2 
1 2 1 1 0 0 1 1 2 2 2 1 1 2 2 1 0 0 0 0 2 0 1 1 2 0 1 1 2 2 2 1 1 0 0 2 1 0 1 2 1 0 0 2 1 0 2 2 1 0 0 2 0 0 2 0 0 0 2 0 2 2 2 0 1 0 1 2 0 0 0 0 2 1 1 1 2 0 0 1 0 
1 2 1 1 0 0 1 1 2 2 2 1 1 2 2 1 0 0 0 0 2 0 1 1 2 0 1 1 2 2 18 17 17 32 32 34 1 0 1 18 17 16 32 34 33 0 2 2 17 16 16 34 32 32 2 0 0 32 34 32 34 34 34 0 1 0 33 34 32 32 32 32 2 1 1 33 34 32 32 33 32 
0
0 0 0 0 1 2 0 2 2 
1 2 1 1 1 0 1 1 2 2 2 1 1 2 2 1 0 0 0 0 2 0 1 1 2 0 1 1 2 2 2 1 1 0 0 2 1 0 1 2 1 0 0 2 1 0 2 2 1 0 0 2 0 0 2 0 0 0 2 0 2 2 2 0 1 0 1 2 0 0 0 0 2 1 1 1 2 0 0 1 0 
1 2 1 1 1 0 1 1 2 2 2 1 1 2 2 1 0 0 0 0 2 0 1 1 2 0 1 1 2 2 18 17 17 32 32 34 1 0 1 18 17 16 32 34 33 0 2 2 17 16 16 34 32 32 2 0 0 32 34 32 34 34 34 0 1 0 33 34 32 32 32 32 2 1 1 33 34 32 32 33 32 
0
0 0 0 0 1 2 0 2 2 
1 2 1 1 1 2 1 1 2 2 2 1 1 2 2 1 0 0 0 0 2 0 1 1 2 0 1 1 2 2 2 1 1 0 0 2 1 0 1 2 1 0 0 2 1 0 2 2 1 0 0 2 0 0 2 0 0 0 2 0 2 2 2 0 1 0 1 2 0 0 0 0 2 1 1 1 2 0 0 1 0 
1 2 1 1 1 2 1 1 2 2 2 1 1 2 2 1 0 0 0 0 2 0 1 1 2 0 1 1 2 2 18 17 17 32 32 34 1 0 1 18 17 16 32 34 33 0 2 2 17 16 16 34 32 32 2 0 0 32 34 32 34 34 34 0 1 0 33 34 32 32 32 32 2 1 1 33 34 32 32 33 32 
0
0 0 0 0 1 2 0 2 2 
1 2 1 1 1 2 1 1 2 2 2 1 1 2 2 1 0 0 0 0 2 0 1 1 2 1 1 1 2 2 2 1 1 0 0 2 1 0 1 2 1 0 0 2 1 0 2 2 1 0 0 2 0 0 2 0 0 0 2 0 2 2 2 0 1 0 1 2 0 0 0 0 2 1 1 1 2 0 0 1 0 
1 2 1 1 1 2 1 1 2 2 2 1 1 2 2 1 0 0 0 0 2 0 1 1 2 1 1 1 2 2 18 17 17 32 32 34 1 0 1 18 17 16 32 34 33 0 2 2 17 16 16 34 32 32 2 0 0 32 34 32 34 34 34 0 1 0 33 34 32 32 32 32 2 1 1 33 34 32 32 33 32 
0
0 2 0 0 1 2 0 2 2 
1 2 1 1 1 2 1 1 2 2 2 1 1 2 2 1 0 0 0 0 2 2 1 1 2 1 1 1 2 2 2 1 1 0 0 2 1 0 1 2 1 0 0 2 1 0 2 2 1 0 0 2 0 0 2 0 0 0 2 0 2 2 2 0 1 0 1 2 0 0 0 0 2 1 1 1 2 0 0 1 0 
1 2 1 33 33 34 1 1 2 2 2 1 33 34 34 1 0 0 0 0 2 34 33 33 2 1 1 1 2 2 18 17 17 32 32 34 1 0 1 18 17 16 32 34 33 0 2 2 17 16 16 34 32 32 2 0 0 32 34 32 34 34 34 0 1 0 33 34 32 32 32 32 2 1 1 33 34 32 32 33 32 
0
0 2 0 0 1 2 0 2 2 
1 2 1 1 1 2 1 1 2 2 2 1 1 2 2 1 0 0 0 0 2 2 1 1 2 1 1 1 2 2 2 1 1 0 0 2 1 0 1 2 1 0 0 2 1 0 2 2 1 0 0 2 0 0 2 0 0 0 2 0 2 2 2 1 1 0 1 2 0 0 0 0 2 1 1 1 2 0 0 1 0 
1 2 1 33 33 34 1 1 2 2 2 1 33 34 34 1 0 0 0 0 2 34 33 33 2 1 1 1 2 2 18 17 17 32 32 34 1 0 1 18 17 16 32 34 33 0 2 2 17 16 16 34 32 32 2 0 0 32 34 32 34 34 34 1 1 0 33 34 32 32 32 32 2 1 1 33 34 32 32 33 32 
0
0 2 0 2 1 2 0 2 2 
1 2 1 1 1 2 1 1 2 2 2 1 1 2 2 1 0 0 0 0 2 2 1 1 2 1 1 1 2 2 2 1 1 0 0 2 1 0 1 2 1 0 0 2 1 2 2 2 1 0 0 2 0 0 2 0 0 0 2 0 2 2 2 1 1 0 1 2 0 0 0 0 2 1 1 1 2 0 0 1 0 
1 2 1 33 33 34 1 1 2 2 2 1 33 34 34 1 0 0 0 0 2 34 33 33 2 1 1 33 34 34 18 17 17 32 32 34 33 32 33 18 17 16 32 34 33 34 34 34 17 16 16 34 32 32 2 0 0 32 34 32 34 34 34 1 1 0 33 34 32 32 32 32 2 1 1 33 34 32 32 33 32 
0
0 2 0 2 1 2 0 2 2 
1 2 1 1 1 2 1 1 2 2 2 1 1 2 2 1 0 0 0 0 2 2 1 1 2 1 1 1 2 2 2 1 1 0 0 2 1 0 1 2 1 0 0 2 1 2 2 2 1 0 0 2 0 0 2 0 1 0 2 0 2 2 2 1 1 0 1 2 0 0 0 0 2 1 1 1 2 0 0 1 0 
1 2 1 33 33 34 1 1 2 2 2 1 33 34 34 1 0 0 0 0 2 34 33 33 2 1 1 33 34 34 18 17 17 32 32 34 33 32 33 18 17 16 32 34 33 34 34 34 17 16 16 34 32 32 2 0 1 32 34 32 34 34 34 1 1 0 33 34 32 32 32 32 2 1 1 33 34 32 32 33 32 
0
0 2 2 2 1 2 0 2 2 
1 2 1 1 1 2 1 1 2 2 2 1 1 2 2 1 2 0 0 0 2 2 1 1 2 1 1 1 2 2 2 1 1 0 0 2 1 0 1 2 1 0 0 2 1 2 2 2 1 0 0 2 0 0 2 0 1 0 2 0 2 2 2 1 1 0 1 2 0 0 0 0 2 1 1 1 2 0 0 1 0 
1 2 1 33 33 34 33 33 34 2 2 1 33 34 34 33 34 32 0 0 2 34 33 33 34 33 33 33 34 34 18 17 17 32 32 34 33 32 33 18 17 16 32 34 33 34 34 34 17 16 16 34 32 32 2 0 1 32 34 32 34 34 34 1 1 0 33 34 32 32 32 32 2 1 1 33 34 32 32 33 32 
0
0 2 2 2 1 2 0 2 2 
1 2 1 1 1 2 1 1 2 2 2 1 1 2 2 1 2 0 0 0 2 2 1 1 2 1 1 1 2 2 2 1 1 0 0 2 1 0 1 2 1 0 0 2 1 2 2 2 1 0 0 2 0 0 2 0 1 0 2 0 2 2 2 1 1 0 1 2 0 0 0 0 2 1 1 1 2 0 0 1 0 
1 2 1 33 33 34 33 33 34 2 2 1 33 34 34 33 34 32 0 0 2 34 33 33 34 33 33 33 34 34 18 17 17 32 32 34 33 32 33 18 17 16 32 34 33 34 34 34 17 16 16 34 32 32 2 0 1 32 34 32 34 34 34 1 1 0 33 34 32 32 32 32 2 1 1 33 34 32 32 33 32 
0
