0 0 0 0 0 0 0 0 0 
0 0 0 0 0 0 0 0 0 0 0 0 0 0 0 0 0 0 0 0 0 0 0 0 0 0 0 0 0 0 0 0 0 0 0 0 0 0 0 0 1 0 0 0 0 0 0 0 0 0 0 0 0 0 0 0 0 0 0 0 0 0 0 0 0 0 0 0 0 0 0 0 0 0 0 0 0 0 0 0 0 
0 0 0 0 0 0 0 0 0 0 0 0 0 0 0 0 0 0 0 0 0 0 0 0 0 0 0 0 0 0 0 0 0 0 0 0 0 0 0 0 1 0 0 0 0 0 0 0 0 0 0 0 0 0 0 0 0 0 0 0 0 0 0 0 0 0 0 0 0 0 0 0 0 0 0 0 0 0 0 0 0 
0
0 0 0 0 0 0 0 0 0 
0 0 0 0 0 0 0 0 0 0 0 0 0 0 0 0 0 0 0 0 0 0 0 0 0 0 0 0 0 0 0 0 0 0 0 0 0 0 0 0 1 0 0 0 0 0 0 0 0 0 2 0 0 0 0 0 0 0 0 0 0 0 0 0 0 0 0 0 0 0 0 0 0 0 0 0 0 0 0 0 0 
0 0 0 0 0 0 0 0 0 0 0 0 0 0 0 0 0 0 0 0 0 0 0 0 0 0 0 0 0 0 0 0 0 0 0 0 0 0 0 0 1 0 0 0 0 0 0 0 0 0 2 0 0 0 0 0 0 0 0 0 0 0 0 0 0 0 0 0 0 0 0 0 0 0 0 0 0 0 0 0 0 
0
0 0 0 0 0 0 0 0 0 
0 0 0 0 0 0 0 0 0 0 0 0 0 0 0 0 0 0 0 0 0 0 0 0 0 0 0 0 0 0 0 0 0 0 0 0 0 0 0 0 1 0 0 0 0 0 0 0 0 0 2 0 0 0 0 0 0 0 0 0 0 0 0 0 0 0 0 0 0 0 0 1 0 0 0 0 0 0 0 0 0 
0 0 0 0 0 0 0 0 0 0 0 0 0 0 0 0 0 0 0 0 0 0 0 0 0 0 0 0 0 0 0 0 0 0 0 0 0 0 0 0 1 0 0 0 0 0 0 0 0 0 2 0 0 0 0 0 0 0 0 0 0 0 0 0 0 0 0 0 0 0 0 1 0 0 0 0 0 0 0 0 0 
0
0 0 0 0 0 0 0 0 0 
0 0 0 0 0 0 0 0 0 0 0 0 0 0 0 0 0 0 0 0 0 0 0 0 0 0 0 0 0 0 0 0 0 0 0 0 0 0 0 0 1 0 0 0 0 0 0 0 0 0 2 0 2 0 0 0 0 0 0 0 0 0 0 0 0 0 0 0 0 0 0 1 0 0 0 0 0 0 0 0 0 
0 0 0 0 0 0 0 0 0 0 0 0 0 0 0 0 0 0 0 0 0 0 0 0 0 0 0 0 0 0 0 0 0 0 0 0 0 0 0 0 1 0 0 0 0 0 0 0 0 0 2 0 2 0 0 0 0 0 0 0 0 0 0 0 0 0 0 0 0 0 0 1 0 0 0 0 0 0 0 0 0 
0
0 0 0 0 0 0 0 0 0 
0 0 0 0 0 0 0 0 0 0 0 0 0 0 0 0 0 0 0 0 0 0 0 0 0 0 0 0 0 0 0 0 0 0 0 0 0 0 0 0 1 0 0 0 0 0 0 0 0 0 2 0 2 0 0 0 0 0 0 1 0 0 0 0 0 0 0 0 0 0 0 1 0 0 0 0 0 0 0 0 0 
0 0 0 0 0 0 0 0 0 0 0 0 0 0 0 0 0 0 0 0 0 0 0 0 0 0 0 0 0 0 0 0 0 0 0 0 0 0 0 0 1 0 0 0 0 0 0 0 0 0 2 0 2 0 0 0 0 0 0 1 0 0 0 0 0 0 0 0 0 0 0 1 0 0 0 0 0 0 0 0 0 
0
0 0 0 0 0 0 0 0 0 
0 0 0 0 0 0 0 0 0 0 0 0 0 0 0 0 0 0 0 0 0 0 0 0 2 0 0 0 0 0 0 0 0 0 0 0 0 0 0 0 1 0 0 0 0 0 0 0 0 0 2 0 2 0 0 0 0 0 0 1 0 0 0 0 0 0 0 0 0 0 0 1 0 0 0 0 0 0 0 0 0 
0 0 0 0 0 0 0 0 0 0 0 0 0 0 0 0 0 0 0 0 0 0 0 0 2 0 0 0 0 0 0 0 0 0 0 0 0 0 0 0 1 0 0 0 0 0 0 0 0 0 2 0 2 0 0 0 0 0 0 1 0 0 0 0 0 0 0 0 0 0 0 1 0 0 0 0 0 0 0 0 0 
0
0 0 0 0 0 0 0 0 0 
0 0 0 0 0 0 0 0 0 0 0 0 0 0 0 0 0 0 0 0 0 0 0 0 2 0 0 0 0 0 0 0 0 0 0 0 0 0 0 0 1 0 0 0 0 0 0 0 0 0 2 0 2 0 0 0 0 0 0 1 0 0 0 0 0 0 0 0 0 0 0 1 0 0 1 0 0 0 0 0 0 
0 0 0 0 0 0 0 0 0 0 0 0 0 0 0 0 0 0 0 0 0 0 0 0 2 0 0 0 0 0 0 0 0 0 0 0 0 0 0 0 1 0 0 0 0 0 0 0 0 0 2 0 2 0 0 0 0 0 0 1 0 0 0 0 0 0 0 0 0 0 0 1 0 0 1 0 0 0 0 0 0 
0
0 0 0 0 0 0 0 0 0 
0 0 0 0 0 0 0 0 0 0 0 0 0 0 0 0 0 0 0 0 0 0 0 0 2 0 0 0 0 0 0 0 0 0 0 0 0 0 0 0 1 0 0 0 0 0 0 0 0 0 2 0 2 0 0 0 0 0 0 1 0 0 0 0 0 0 0 0 0 2 0 1 0 0 1 0 0 0 0 0 0 
0 0 0 0 0 0 0 0 0 0 0 0 0 0 0 0 0 0 0 0 0 0 0 0 2 0 0 0 0 0 0 0 0 0 0 0 0 0 0 0 1 0 0 0 0 0 0 0 0 0 2 0 2 0 0 0 0 0 0 1 0 0 0 0 0 0 0 0 0 2 0 1 0 0 1 0 0 0 0 0 0 
0
0 0 0 0 0 0 0 0 0 
0 0 0 0 0 0 0 0 0 0 0 0 0 0 0 0 0 0 0 0 0 0 0 0 2 0 0 0 0 0 0 0 0 0 0 0 0 0 1 0 1 0 0 0 0 0 0 0 0 0 2 0 2 0 0 0 0 0 0 1 0 0 0 0 0 0 0 0 0 2 0 1 0 0 1 0 0 0 0 0 0 
0 0 0 0 0 0 0 0 0 0 0 0 0 0 0 0 0 0 0 0 0 0 0 0 2 0 0 0 0 0 0 0 0 0 0 0 0 0 1 0 1 0 0 0 0 0 0 0 0 0 2 0 2 0 0 0 0 0 0 1 0 0 0 0 0 0 0 0 0 2 0 1 0 0 1 0 0 0 0 0 0 
0
0 0 0 0 0 0 0 0 0 
0 0 0 0 0 0 0 0 0 0 0 0 0 0 0 0 0 0 0 0 0 0 0 0 2 0 0 0 0 0 0 0 0 0 2 0 0 0 1 0 1 0 0 0 0 0 0 0 0 0 2 0 2 0 0 0 0 0 0 1 0 0 0 0 0 0 0 0 0 2 0 1 0 0 1 0 0 0 0 0 0 
0 0 0 0 0 0 0 0 0 0 0 0 0 0 0 0 0 0 0 0 0 0 0 0 2 0 0 0 0 0 0 0 0 0 2 0 0 0 1 0 1 0 0 0 0 0 0 0 0 0 2 0 2 0 0 0 0 0 0 1 0 0 0 0 0 0 0 0 0 2 0 1 0 0 1 0 0 0 0 0 0 
0
0 0 0 0 0 0 0 0 0 
0 0 0 0 0 0 0 0 0 0 0 0 0 0 1 0 0 0 0 0 0 0 0 0 2 0 0 0 0 0 0 0 0 0 2 0 0 0 1 0 1 0 0 0 0 0 0 0 0 0 2 0 2 0 0 0 0 0 0 1 0 0 0 0 0 0 0 0 0 2 0 1 0 0 1 0 0 0 0 0 0 
0 0 0 0 0 0 0 0 0 0 0 0 0 0 1 0 0 0 0 0 0 0 0 0 2 0 0 0 0 0 0 0 0 0 2 0 0 0 1 0 1 0 0 0 0 0 0 0 0 0 2 0 2 0 0 0 0 0 0 1 0 0 0 0 0 0 0 0 0 2 0 1 0 0 1 0 0 0 0 0 0 
0
0 0 0 0 0 2 0 0 0 
0 0 0 0 0 0 0 0 0 0 0 0 0 0 1 0 0 0 0 0 0 0 0 0 2 0 0 0 0 0 0 0 0 0 2 0 0 0 1 0 1 0 0 2 0 0 0 0 0 0 2 0 2 0 0 0 0 0 0 1 0 0 0 0 0 0 0 0 0 2 0 1 0 0 1 0 0 0 0 0 0 
0 0 0 0 0 0 0 0 0 0 0 0 0 0 1 0 0 0 0 0 0 0 0 0 2 0 0 0 0 0 0 0 0 32 34 32 0 0 1 0 1 0 32 34 32 0 0 0 0 0 2 32 34 32 0 0 0 0 0 1 0 0 0 0 0 0 0 0 0 2 0 1 0 0 1 0 0 0 0 0 0 
0
0 0 0 0 0 2 0 0 0 
0 0 0 0 0 0 0 0 0 0 0 0 0 0 1 0 0 0 0 0 0 0 0 0 2 0 0 0 0 0 0 0 0 0 2 0 0 0 1 0 1 0 0 2 0 0 0 0 1 0 2 0 2 0 0 0 0 0 0 1 0 0 0 0 0 0 0 0 0 2 0 1 0 0 1 0 0 0 0 0 0 
0 0 0 0 0 0 0 0 0 0 0 0 0 0 1 0 0 0 0 0 0 0 0 0 2 0 0 0 0 0 0 0 0 32 34 32 0 0 1 0 1 0 32 34 32 0 0 0 1 0 2 32 34 32 0 0 0 0 0 1 0 0 0 0 0 0 0 0 0 2 0 1 0 0 1 0 0 0 0 0 0 
0
0 0 0 0 0 2 0 0 0 
0 0 0 0 0 0 0 0 0 0 0 0 0 0 1 0 0 0 0 0 0 0 0 0 2 0 0 0 0 0 0 0 0 0 2 0 0 0 1 0 1 0 0 2 0 0 0 0 1 0 2 0 2 0 2 0 0 0 0 1 0 0 0 0 0 0 0 0 0 2 0 1 0 0 1 0 0 0 0 0 0 
0 0 0 0 0 0 0 0 0 0 0 0 0 0 1 0 0 0 0 0 0 0 0 0 2 0 0 0 0 0 0 0 0 32 34 32 0 0 1 0 1 0 32 34 32 0 0 0 1 0 2 32 34 32 2 0 0 0 0 1 0 0 0 0 0 0 0 0 0 2 0 1 0 0 1 0 0 0 0 0 0 
0
0 0 0 0 0 2 0 0 0 
1 0 0 0 0 0 0 0 0 0 0 0 0 0 1 0 0 0 0 0 0 0 0 0 2 0 0 0 0 0 0 0 0 0 2 0 0 0 1 0 1 0 0 2 0 0 0 0 1 0 2 0 2 0 2 0 0 0 0 1 0 0 0 0 0 0 0 0 0 2 0 1 0 0 1 0 0 0 0 0 0 
1 0 0 0 0 0 0 0 0 0 0 0 0 0 1 0 0 0 0 0 0 0 0 0 2 0 0 0 0 0 0 0 0 32 34 32 0 0 1 0 1 0 32 34 32 0 0 0 1 0 2 32 34 32 2 0 0 0 0 1 0 0 0 0 0 0 0 0 0 2 0 1 0 0 1 0 0 0 0 0 0 
0
0 0 0 0 0 2 0 0 0 
1 0 0 0 0 0 0 0 0 0 0 0 0 0 1 0 0 0 0 0 2 0 0 0 2 0 0 0 0 0 0 0 0 0 2 0 0 0 1 0 1 0 0 2 0 0 0 0 1 0 2 0 2 0 2 0 0 0 0 1 0 0 0 0 0 0 0 0 0 2 0 1 0 0 1 0 0 0 0 0 0 
1 0 0 0 0 0 0 0 0 0 0 0 0 0 1 0 0 0 0 0 2 0 0 0 2 0 0 0 0 0 0 0 0 32 34 32 0 0 1 0 1 0 32 34 32 0 0 0 1 0 2 32 34 32 2 0 0 0 0 1 0 0 0 0 0 0 0 0 0 2 0 1 0 0 1 0 0 0 0 0 0 
0
0 0 0 0 0 2 0 0 0 
1 0 0 0 0 0 0 0 0 0 0 0 0 0 1 0 0 0 0 0 2 0 0 0 2 0 0 0 0 0 0 0 0 0 2 0 0 0 1 0 1 0 0 2 0 0 0 0 1 0 2 0 2 0 2 0 0 0 0 1 0 0 1 0 0 0 0 0 0 2 0 1 0 0 1 0 0 0 0 0 0 
1 0 0 0 0 0 0 0 0 0 0 0 0 0 1 0 0 0 0 0 2 0 0 0 2 0 0 0 0 0 0 0 0 32 34 32 0 0 1 0 1 0 32 34 32 0 0 0 1 0 2 32 34 32 2 0 0 0 0 1 0 0 1 0 0 0 0 0 0 2 0 1 0 0 1 0 0 0 0 0 0 
0
0 0 0 0 0 2 0 0 0 
1 0 0 0 0 0 0 0 0 0 0 0 0 0 1 2 0 0 0 0 2 0 0 0 2 0 0 0 0 0 0 0 0 0 2 0 0 0 1 0 1 0 0 2 0 0 0 0 1 0 2 0 2 0 2 0 0 0 0 1 0 0 1 0 0 0 0 0 0 2 0 1 0 0 1 0 0 0 0 0 0 
1 0 0 0 0 0 0 0 0 0 0 0 0 0 1 2 0 0 0 0 2 0 0 0 2 0 0 0 0 0 0 0 0 32 34 32 0 0 1 0 1 0 32 34 32 0 0 0 1 0 2 32 34 32 2 0 0 0 0 1 0 0 1 0 0 0 0 0 0 2 0 1 0 0 1 0 0 0 0 0 0 
0
0 0 0 0 0 2 0 0 0 
1 0 0 0 0 0 0 0 0 0 0 0 0 0 1 2 0 0 0 0 2 0 0 0 2 0 0 0 0 0 0 0 0 0 2 0 1 0 1 0 1 0 0 2 0 0 0 0 1 0 2 0 2 0 2 0 0 0 0 1 0 0 1 0 0 0 0 0 0 2 0 1 0 0 1 0 0 0 0 0 0 
1 0 0 0 0 0 0 0 0 0 0 0 0 0 1 2 0 0 0 0 2 0 0 0 2 0 0 0 0 0 0 0 0 32 34 32 1 0 1 0 1 0 32 34 32 0 0 0 1 0 2 32 34 32 2 0 0 0 0 1 0 0 1 0 0 0 0 0 0 2 0 1 0 0 1 0 0 0 0 0 0 
0
0 0 0 0 0 2 0 0 0 
1 0 0 0 0 0 0 0 0 0 0 0 0 0 1 2 0 0 0 0 2 0 0 0 2 0 0 0 0 0 0 0 0 0 2 0 1 2 1 0 1 0 0 2 0 0 0 0 1 0 2 0 2 0 2 0 0 0 0 1 0 0 1 0 0 0 0 0 0 2 0 1 0 0 1 0 0 0 0 0 0 
1 0 0 0 0 0 0 0 0 0 0 0 0 0 1 2 0 0 0 0 2 0 0 0 2 0 0 0 0 0 0 0 0 32 34 32 1 2 1 0 1 0 32 34 32 0 0 0 1 0 2 32 34 32 2 0 0 0 0 1 0 0 1 0 0 0 0 0 0 2 0 1 0 0 1 0 0 0 0 0 0 
0
0 0 0 0 1 2 0 0 0 
1 0 0 0 0 0 0 0 0 0 0 0 0 0 1 2 0 0 0 0 2 0 0 0 2 0 0 0 0 0 0 0 1 0 2 0 1 2 1 0 1 0 0 2 0 0 0 0 1 0 2 0 2 0 2 0 0 0 0 1 0 0 1 0 0 0 0 0 0 2 0 1 0 0 1 0 0 0 0 0 0 
1 0 0 0 0 0 0 0 0 0 0 0 0 0 1 2 0 0 0 0 2 0 0 0 2 0 0 0 0 0 16 16 17 32 34 32 1 2 1 16 17 16 32 34 32 0 0 0 17 16 18 32 34 32 2 0 0 0 0 1 0 0 1 0 0 0 0 0 0 2 0 1 0 0 1 0 0 0 0 0 0 
0
0 0 2 0 1 2 0 0 0 
1 0 0 0 0 0 2 0 0 0 0 0 0 0 1 2 0 0 0 0 2 0 0 0 2 0 0 0 0 0 0 0 1 0 2 0 1 2 1 0 1 0 0 2 0 0 0 0 1 0 2 0 2 0 2 0 0 0 0 1 0 0 1 0 0 0 0 0 0 2 0 1 0 0 1 0 0 0 0 0 0 
1 0 0 0 0 0 34 32 32 0 0 0 0 0 1 34 32 32 0 0 2 0 0 0 34 32 32 0 0 0 16 16 17 32 34 32 1 2 1 16 17 16 32 34 32 0 0 0 17 16 18 32 34 32 2 0 0 0 0 1 0 0 1 0 0 0 0 0 0 2 0 1 0 0 1 0 0 0 0 0 0 
0
0 0 2 0 1 2 0 0 0 
1 1 0 0 0 0 2 0 0 0 0 0 0 0 1 2 0 0 0 0 2 0 0 0 2 0 0 0 0 0 0 0 1 0 2 0 1 2 1 0 1 0 0 2 0 0 0 0 1 0 2 0 2 0 2 0 0 0 0 1 0 0 1 0 0 0 0 0 0 2 0 1 0 0 1 0 0 0 0 0 0 
1 1 0 0 0 0 34 32 32 0 0 0 0 0 1 34 32 32 0 0 2 0 0 0 34 32 32 0 0 0 16 16 17 32 34 32 1 2 1 16 17 16 32 34 32 0 0 0 17 16 18 32 34 32 2 0 0 0 0 1 0 0 1 0 0 0 0 0 0 2 0 1 0 0 1 0 0 0 0 0 0 
0
0 0 2 0 1 2 0 0 0 
1 1 0 0 0 0 2 0 0 0 0 0 0 0 1 2 0 0 0 0 2 2 0 0 2 0 0 0 0 0 0 0 1 0 2 0 1 2 1 0 1 0 0 2 0 0 0 0 1 0 2 0 2 0 2 0 0 0 0 1 0 0 1 0 0 0 0 0 0 2 0 1 0 0 1 0 0 0 0 0 0 
1 1 0 0 0 0 34 32 32 0 0 0 0 0 1 34 32 32 0 0 2 2 0 0 34 32 32 0 0 0 16 16 17 32 34 32 1 2 1 16 17 16 32 34 32 0 0 0 17 16 18 32 34 32 2 0 0 0 0 1 0 0 1 0 0 0 0 0 0 2 0 1 0 0 1 0 0 0 0 0 0 
0
0 0 2 0 1 2 0 0 0 
1 1 0 0 0 0 2 0 0 0 0 0 0 0 1 2 0 0 0 0 2 2 0 0 2 0 0 0 0 0 0 0 1 0 2 0 1 2 1 0 1 0 0 2 0 0 0 0 1 0 2 0 2 0 2 0 0 0 0 1 0 0 1 1 0 0 0 0 0 2 0 1 0 0 1 0 0 0 0 0 0 
1 1 0 0 0 0 34 32 32 0 0 0 0 0 1 34 32 32 0 0 2 2 0 0 34 32 32 0 0 0 16 16 17 32 34 32 1 2 1 16 17 16 32 34 32 0 0 0 17 16 18 32 34 32 2 0 0 0 0 1 0 0 1 1 0 0 0 0 0 2 0 1 0 0 1 0 0 0 0 0 0 
0
0 0 2 0 1 2 0 0 0 
1 1 0 0 0 0 2 0 0 0 0 0 0 0 1 2 0 0 0 0 2 2 0 0 2 0 0 0 0 0 0 0 1 0 2 0 1 2 1 0 1 0 0 2 0 2 0 0 1 0 2 0 2 0 2 0 0 0 0 1 0 0 1 1 0 0 0 0 0 2 0 1 0 0 1 0 0 0 0 0 0 
1 1 0 0 0 0 34 32 32 0 0 0 0 0 1 34 32 32 0 0 2 2 0 0 34 32 32 0 0 0 16 16 17 32 34 32 1 2 1 16 17 16 32 34 32 2 0 0 17 16 18 32 34 32 2 0 0 0 0 1 0 0 1 1 0 0 0 0 0 2 0 1 0 0 1 0 0 0 0 0 0 
0
0 0 2 0 1 2 0 0 0 
1 1 0 0 0 0 2 0 0 0 0 0 0 0 1 2 0 0 0 0 2 2 0 0 2 0 0 0 0 0 0 0 1 0 2 0 1 2 1 0 1 0 0 2 0 2 0 0 1 0 2 0 2 0 2 1 0 0 0 1 0 0 1 1 0 0 0 0 0 2 0 1 0 0 1 0 0 0 0 0 0 
1 1 0 0 0 0 34 32 32 0 0 0 0 0 1 34 32 32 0 0 2 2 0 0 34 32 32 0 0 0 16 16 17 32 34 32 1 2 1 16 17 16 32 34 32 2 0 0 17 16 18 32 34 32 2 1 0 0 0 1 0 0 1 1 0 0 0 0 0 2 0 1 0 0 1 0 0 0 0 0 0 
0
0 0 2 0 1 2 0 0 0 
1 1 0 0 0 0 2 0 0 0 0 0 0 0 1 2 0 0 0 0 2 2 2 0 2 0 0 0 0 0 0 0 1 0 2 0 1 2 1 0 1 0 0 2 0 2 0 0 1 0 2 0 2 0 2 1 0 0 0 1 0 0 1 1 0 0 0 0 0 2 0 1 0 0 1 0 0 0 0 0 0 
1 1 0 0 0 0 34 32 32 0 0 0 0 0 1 34 32 32 0 0 2 2 2 0 34 32 32 0 0 0 16 16 17 32 34 32 1 2 1 16 17 16 32 34 32 2 0 0 17 16 18 32 34 32 2 1 0 0 0 1 0 0 1 1 0 0 0 0 0 2 0 1 0 0 1 0 0 0 0 0 0 
0
0 0 2 0 1 2 0 0 0 
1 1 0 0 0 0 2 0 0 0 0 0 0 0 1 2 0 0 0 0 2 2 2 0 2 0 0 0 0 0 0 0 1 0 2 0 1 2 1 0 1 0 0 2 0 2 0 0 1 0 2 0 2 0 2 1 0 0 0 1 0 0 1 1 0 0 0 0 1 2 0 1 0 0 1 0 0 0 0 0 0 
1 1 0 0 0 0 34 32 32 0 0 0 0 0 1 34 32 32 0 0 2 2 2 0 34 32 32 0 0 0 16 16 17 32 34 32 1 2 1 16 17 16 32 34 32 2 0 0 17 16 18 32 34 32 2 1 0 0 0 1 0 0 1 1 0 0 0 0 1 2 0 1 0 0 1 0 0 0 0 0 0 
0
0 0 2 0 1 2 0 0 0 
1 1 0 0 0 0 2 0 0 0 0 0 0 0 1 2 0 0 0 0 2 2 2 0 2 0 0 0 0 0 0 0 1 0 2 0 1 2 1 0 1 0 0 2 0 2 0 0 1 0 2 0 2 0 2 1 0 0 0 1 2 0 1 1 0 0 0 0 1 2 0 1 0 0 1 0 0 0 0 0 0 
1 1 0 0 0 0 34 32 32 0 0 0 0 0 1 34 32 32 0 0 2 2 2 0 34 32 32 0 0 0 16 16 17 32 34 32 1 2 1 16 17 16 32 34 32 2 0 0 17 16 18 32 34 32 2 1 0 0 0 1 2 0 1 1 0 0 0 0 1 2 0 1 0 0 1 0 0 0 0 0 0 
0
0 0 2 0 1 2 0 0 0 
1 1 0 0 0 0 2 0 0 1 0 0 0 0 1 2 0 0 0 0 2 2 2 0 2 0 0 0 0 0 0 0 1 0 2 0 1 2 1 0 1 0 0 2 0 2 0 0 1 0 2 0 2 0 2 1 0 0 0 1 2 0 1 1 0 0 0 0 1 2 0 1 0 0 1 0 0 0 0 0 0 
1 1 0 0 0 0 34 32 32 1 0 0 0 0 1 34 32 32 0 0 2 2 2 0 34 32 32 0 0 0 16 16 17 32 34 32 1 2 1 16 17 16 32 34 32 2 0 0 17 16 18 32 34 32 2 1 0 0 0 1 2 0 1 1 0 0 0 0 1 2 0 1 0 0 1 0 0 0 0 0 0 
0
0 0 2 0 1 2 0 0 0 
1 1 0 0 0 0 2 0 0 1 0 0 0 0 1 2 0 0 0 0 2 2 2 0 2 0 0 2 0 0 0 0 1 0 2 0 1 2 1 0 1 0 0 2 0 2 0 0 1 0 2 0 2 0 2 1 0 0 0 1 2 0 1 1 0 0 0 0 1 2 0 1 0 0 1 0 0 0 0 0 0 
1 1 0 0 0 0 34 32 32 1 0 0 0 0 1 34 32 32 0 0 2 2 2 0 34 32 32 2 0 0 16 16 17 32 34 32 1 2 1 16 17 16 32 34 32 2 0 0 17 16 18 32 34 32 2 1 0 0 0 1 2 0 1 1 0 0 0 0 1 2 0 1 0 0 1 0 0 0 0 0 0 
0
0 0 2 0 1 2 0 0 0 
1 1 0 0 0 0 2 0 0 1 0 0 0 0 1 2 0 0 0 1 2 2 2 0 2 0 0 2 0 0 0 0 1 0 2 0 1 2 1 0 1 0 0 2 0 2 0 0 1 0 2 0 2 0 2 1 0 0 0 1 2 0 1 1 0 0 0 0 1 2 0 1 0 0 1 0 0 0 0 0 0 
1 1 0 0 0 0 34 32 32 1 0 0 0 0 1 34 32 32 0 1 2 2 2 0 34 32 32 2 0 0 16 16 17 32 34 32 1 2 1 16 17 16 32 34 32 2 0 0 17 16 18 32 34 32 2 1 0 0 0 1 2 0 1 1 0 0 0 0 1 2 0 1 0 0 1 0 0 0 0 0 0 
0
0 0 2 0 1 2 0 0 0 
1 1 0 0 0 0 2 0 0 1 0 0 0 0 1 2 0 0 0 1 2 2 2 0 2 0 0 2 0 0 0 0 1 0 2 0 1 2 1 0 1 0 0 2 0 2 0 0 1 0 2 0 2 0 2 1 0 0 0 1 2 0 1 1 0 0 2 0 1 2 0 1 0 0 1 0 0 0 0 0 0 
1 1 0 0 0 0 34 32 32 1 0 0 0 0 1 34 32 32 0 1 2 2 2 0 34 32 32 2 0 0 16 16 17 32 34 32 1 2 1 16 17 16 32 34 32 2 0 0 17 16 18 32 34 32 2 1 0 0 0 1 2 0 1 1 0 0 2 0 1 2 0 1 0 0 1 0 0 0 0 0 0 
0
0 0 2 0 1 2 0 0 0 
1 1 0 0 0 0 2 0 0 1 0 0 0 0 1 2 0 0 0 1 2 2 2 0 2 0 0 2 1 0 0 0 1 0 2 0 1 2 1 0 1 0 0 2 0 2 0 0 1 0 2 0 2 0 2 1 0 0 0 1 2 0 1 1 0 0 2 0 1 2 0 1 0 0 1 0 0 0 0 0 0 
1 1 0 0 0 0 34 32 32 1 0 0 0 0 1 34 32 32 0 1 2 2 2 0 34 32 32 2 1 0 16 16 17 32 34 32 1 2 1 16 17 16 32 34 32 2 0 0 17 16 18 32 34 32 2 1 0 0 0 1 2 0 1 1 0 0 2 0 1 2 0 1 0 0 1 0 0 0 0 0 0 
0
0 0 2 0 1 2 0 0 0 
1 1 0 0 0 0 2 0 0 1 0 0 2 0 1 2 0 0 0 1 2 2 2 0 2 0 0 2 1 0 0 0 1 0 2 0 1 2 1 0 1 0 0 2 0 2 0 0 1 0 2 0 2 0 2 1 0 0 0 1 2 0 1 1 0 0 2 0 1 2 0 1 0 0 1 0 0 0 0 0 0 
1 1 0 0 0 0 34 32 32 1 0 0 2 0 1 34 32 32 0 1 2 2 2 0 34 32 32 2 1 0 16 16 17 32 34 32 1 2 1 16 17 16 32 34 32 2 0 0 17 16 18 32 34 32 2 1 0 0 0 1 2 0 1 1 0 0 2 0 1 2 0 1 0 0 1 0 0 0 0 0 0 
0
0 0 2 0 1 2 0 0 0 
1 1 0 0 0 0 2 0 0 1 0 0 2 0 1 2 0 0 0 1 2 2 2 0 2 0 0 2 1 0 0 0 1 0 2 0 1 2 1 0 1 0 0 2 0 2 1 0 1 0 2 0 2 0 2 1 0 0 0 1 2 0 1 1 0 0 2 0 1 2 0 1 0 0 1 0 0 0 0 0 0 
1 1 0 0 0 0 34 32 32 1 0 0 2 0 1 34 32 32 0 1 2 2 2 0 34 32 32 2 1 0 16 16 17 32 34 32 1 2 1 16 17 16 32 34 32 2 1 0 17 16 18 32 34 32 2 1 0 0 0 1 2 0 1 1 0 0 2 0 1 2 0 1 0 0 1 0 0 0 0 0 0 
0
0 0 2 0 1 2 0 0 0 
1 1 0 0 0 0 2 0 0 1 0 0 2 0 1 2 0 0 0 1 2 2 2 0 2 0 0 2 1 0 0 0 1 0 2 0 1 2 1 0 1 0 0 2 0 2 1 0 1 0 2 0 2 0 2 1 0 2 0 1 2 0 1 1 0 0 2 0 1 2 0 1 0 0 1 0 0 0 0 0 0 
1 1 0 0 0 0 34 32 32 1 0 0 2 0 1 34 32 32 0 1 2 2 2 0 34 32 32 2 1 0 16 16 17 32 34 32 1 2 1 16 17 16 32 34 32 2 1 0 17 16 18 32 34 32 2 1 0 2 0 1 2 0 1 1 0 0 2 0 1 2 0 1 0 0 1 0 0 0 0 0 0 
0
1 0 2 0 1 2 0 0 0 
1 1 0 0 0 0 2 0 0 1 0 0 2 0 1 2 0 0 1 1 2 2 2 0 2 0 0 2 1 0 0 0 1 0 2 0 1 2 1 0 1 0 0 2 0 2 1 0 1 0 2 0 2 0 2 1 0 2 0 1 2 0 1 1 0 0 2 0 1 2 0 1 0 0 1 0 0 0 0 0 0 
17 17 16 0 0 0 34 32 32 17 16 16 2 0 1 34 32 32 17 17 18 2 2 0 34 32 32 2 1 0 16 16 17 32 34 32 1 2 1 16 17 16 32 34 32 2 1 0 17 16 18 32 34 32 2 1 0 2 0 1 2 0 1 1 0 0 2 0 1 2 0 1 0 0 1 0 0 0 0 0 0 
0
1 0 2 0 1 2 0 0 0 
1 1 0 0 0 0 2 0 0 1 0 0 2 0 1 2 0 0 1 1 2 2 2 0 2 0 0 2 1 0 0 0 1 0 2 0 1 2 1 0 1 0 0 2 0 2 1 0 1 0 2 0 2 0 2 1 0 2 0 1 2 0 1 1 0 0 2 0 1 2 0 1 2 0 1 0 0 0 0 0 0 
17 17 16 0 0 0 34 32 32 17 16 16 2 0 1 34 32 32 17 17 18 2 2 0 34 32 32 2 1 0 16 16 17 32 34 32 1 2 1 16 17 16 32 34 32 2 1 0 17 16 18 32 34 32 2 1 0 2 0 1 2 0 1 1 0 0 2 0 1 2 0 1 2 0 1 0 0 0 0 0 0 
0
1 0 2 0 1 2 0 0 0 
1 1 0 0 0 0 2 0 0 1 0 0 2 0 1 2 0 0 1 1 2 2 2 0 2 0 0 2 1 0 0 0 1 0 2 0 1 2 1 0 1 0 0 2 0 2 1 0 1 0 2 0 2 0 2 1 0 2 0 1 2 0 1 1 0 0 2 0 1 2 0 1 2 1 1 0 0 0 0 0 0 
17 17 16 0 0 0 34 32 32 17 16 16 2 0 1 34 32 32 17 17 18 2 2 0 34 32 32 2 1 0 16 16 17 32 34 32 1 2 1 16 17 16 32 34 32 2 1 0 17 16 18 32 34 32 2 1 0 2 0 1 2 0 1 1 0 0 2 0 1 2 0 1 2 1 1 0 0 0 0 0 0 
0
1 0 2 0 1 2 0 2 0 
1 1 0 0 0 0 2 0 0 1 0 0 2 0 1 2 0 0 1 1 2 2 2 0 2 0 0 2 1 0 0 0 1 0 2 0 1 2 1 0 1 0 0 2 0 2 1 0 1 0 2 0 2 0 2 1 0 2 0 1 2 0 1 1 0 0 2 0 1 2 0 1 2 1 1 2 0 0 0 0 0 
17 17 16 0 0 0 34 32 32 17 16 16 2 0 1 34 32 32 17 17 18 2 2 0 34 32 32 2 1 0 16 16 17 32 34 32 1 2 1 16 17 16 32 34 32 2 1 0 17 16 18 32 34 32 2 1 0 34 32 33 2 0 1 1 0 0 34 32 33 2 0 1 2 1 1 34 32 32 0 0 0 
0
1 0 2 0 1 2 0 2 0 
1 1 0 0 0 0 2 0 0 1 0 0 2 0 1 2 0 0 1 1 2 2 2 0 2 0 0 2 1 0 0 0 1 0 2 0 1 2 1 0 1 0 0 2 0 2 1 0 1 0 2 0 2 0 2 1 1 2 0 1 2 0 1 1 0 0 2 0 1 2 0 1 2 1 1 2 0 0 0 0 0 
17 17 16 0 0 0 34 32 32 17 16 16 2 0 1 34 32 32 17 17 18 2 2 0 34 32 32 2 1 0 16 16 17 32 34 32 1 2 1 16 17 16 32 34 32 2 1 0 17 16 18 32 34 32 2 1 1 34 32 33 2 0 1 1 0 0 34 32 33 2 0 1 2 1 1 34 32 32 0 0 0 
0
1 0 2 0 1 2 0 2 2 
1 1 0 0 0 0 2 0 0 1 0 0 2 0 1 2 0 0 1 1 2 2 2 0 2 0 0 2 1 0 0 0 1 0 2 0 1 2 1 0 1 0 0 2 0 2 1 0 1 0 2 0 2 0 2 1 1 2 0 1 2 0 1 1 0 0 2 0 1 2 0 1 2 1 1 2 0 0 2 0 0 
17 17 16 0 0 0 34 32 32 17 16 16 2 0 1 34 32 32 17 17 18 2 2 0 34 32 32 2 1 0 16 16 17 32 34 32 1 2 1 16 17 16 32 34 32 2 1 0 17 16 18 32 34 32 2 1 1 34 32 33 34 32 33 1 0 0 34 32 33 34 32 33 2 1 1 34 32 32 34 32 32 
0
1 0 2 0 1 2 0 2 2 
1 1 0 0 0 0 2 0 0 1 0 0 2 0 1 2 0 0 1 1 2 2 2 0 2 0 0 2 1 0 0 0 1 0 2 0 1 2 1 0 1 0 0 2 0 2 1 0 1 0 2 0 2 0 2 1 1 2 0 1 2 0 1 1 0 0 2 0 1 2 0 1 2 1 1 2 0 0 2 0 0 
17 17 16 0 0 0 34 32 32 17 16 16 2 0 1 34 32 32 17 17 18 2 2 0 34 32 32 2 1 0 16 16 17 32 34 32 1 2 1 16 17 16 32 34 32 2 1 0 17 16 18 32 34 32 2 1 1 34 32 33 34 32 33 1 0 0 34 32 33 34 32 33 2 1 1 34 32 32 34 32 32 
0
