0 0 0 0 0 0 0 0 0 
0 0 0 0 0 0 0 0 0 0 0 0 0 0 0 0 0 0 0 0 0 0 0 0 0 0 0 0 0 0 0 0 0 0 0 0 0 0 0 0 1 0 0 0 0 0 0 0 0 0 0 0 0 0 0 0 0 0 0 0 0 0 0 0 0 0 0 0 0 0 0 0 0 0 0 0 0 0 0 0 0 
0 0 0 0 0 0 0 0 0 0 0 0 0 0 0 0 0 0 0 0 0 0 0 0 0 0 0 0 0 0 0 0 0 0 0 0 0 0 0 0 1 0 0 0 0 0 0 0 0 0 0 0 0 0 0 0 0 0 0 0 0 0 0 0 0 0 0 0 0 0 0 0 0 0 0 0 0 0 0 0 0 
1
0 0 0 0 0 0 0 0 0 
0 0 0 0 0 0 0 0 0 0 0 0 0 0 0 0 0 0 0 0 0 0 0 0 0 0 0 0 0 0 2 0 0 0 0 0 0 0 0 0 1 0 0 0 0 0 0 0 0 0 0 0 0 0 0 0 0 0 0 0 0 0 0 0 0 0 0 0 0 0 0 0 0 0 0 0 0 0 0 0 0 
0 0 0 0 0 0 0 0 0 0 0 0 0 0 0 0 0 0 0 0 0 0 0 0 0 0 0 0 0 0 2 0 0 0 0 0 0 0 0 0 1 0 0 0 0 0 0 0 0 0 0 0 0 0 0 0 0 0 0 0 0 0 0 0 0 0 0 0 0 0 0 0 0 0 0 0 0 0 0 0 0 
1
0 0 0 0 0 0 0 0 0 
1 0 0 0 0 0 0 0 0 0 0 0 0 0 0 0 0 0 0 0 0 0 0 0 0 0 0 0 0 0 2 0 0 0 0 0 0 0 0 0 1 0 0 0 0 0 0 0 0 0 0 0 0 0 0 0 0 0 0 0 0 0 0 0 0 0 0 0 0 0 0 0 0 0 0 0 0 0 0 0 0 
1 0 0 0 0 0 0 0 0 0 0 0 0 0 0 0 0 0 0 0 0 0 0 0 0 0 0 0 0 0 2 0 0 0 0 0 0 0 0 0 1 0 0 0 0 0 0 0 0 0 0 0 0 0 0 0 0 0 0 0 0 0 0 0 0 0 0 0 0 0 0 0 0 0 0 0 0 0 0 0 0 
1
0 0 0 0 0 0 0 0 0 
1 0 0 0 0 0 0 0 0 0 0 2 0 0 0 0 0 0 0 0 0 0 0 0 0 0 0 0 0 0 2 0 0 0 0 0 0 0 0 0 1 0 0 0 0 0 0 0 0 0 0 0 0 0 0 0 0 0 0 0 0 0 0 0 0 0 0 0 0 0 0 0 0 0 0 0 0 0 0 0 0 
1 0 0 0 0 0 0 0 0 0 0 2 0 0 0 0 0 0 0 0 0 0 0 0 0 0 0 0 0 0 2 0 0 0 0 0 0 0 0 0 1 0 0 0 0 0 0 0 0 0 0 0 0 0 0 0 0 0 0 0 0 0 0 0 0 0 0 0 0 0 0 0 0 0 0 0 0 0 0 0 0 
1
0 0 0 0 0 0 0 0 0 
1 0 0 0 0 0 0 0 0 0 0 2 0 0 0 0 0 0 0 0 0 0 0 0 0 0 0 0 0 0 2 0 0 1 0 0 0 0 0 0 1 0 0 0 0 0 0 0 0 0 0 0 0 0 0 0 0 0 0 0 0 0 0 0 0 0 0 0 0 0 0 0 0 0 0 0 0 0 0 0 0 
1 0 0 0 0 0 0 0 0 0 0 2 0 0 0 0 0 0 0 0 0 0 0 0 0 0 0 0 0 0 2 0 0 1 0 0 0 0 0 0 1 0 0 0 0 0 0 0 0 0 0 0 0 0 0 0 0 0 0 0 0 0 0 0 0 0 0 0 0 0 0 0 0 0 0 0 0 0 0 0 0 
1
0 0 0 0 0 0 0 0 0 
1 0 2 0 0 0 0 0 0 0 0 2 0 0 0 0 0 0 0 0 0 0 0 0 0 0 0 0 0 0 2 0 0 1 0 0 0 0 0 0 1 0 0 0 0 0 0 0 0 0 0 0 0 0 0 0 0 0 0 0 0 0 0 0 0 0 0 0 0 0 0 0 0 0 0 0 0 0 0 0 0 
1 0 2 0 0 0 0 0 0 0 0 2 0 0 0 0 0 0 0 0 0 0 0 0 0 0 0 0 0 0 2 0 0 1 0 0 0 0 0 0 1 0 0 0 0 0 0 0 0 0 0 0 0 0 0 0 0 0 0 0 0 0 0 0 0 0 0 0 0 0 0 0 0 0 0 0 0 0 0 0 0 
1
0 0 0 0 0 0 0 0 0 
1 0 2 0 0 0 0 0 1 0 0 2 0 0 0 0 0 0 0 0 0 0 0 0 0 0 0 0 0 0 2 0 0 1 0 0 0 0 0 0 1 0 0 0 0 0 0 0 0 0 0 0 0 0 0 0 0 0 0 0 0 0 0 0 0 0 0 0 0 0 0 0 0 0 0 0 0 0 0 0 0 
1 0 2 0 0 0 0 0 1 0 0 2 0 0 0 0 0 0 0 0 0 0 0 0 0 0 0 0 0 0 2 0 0 1 0 0 0 0 0 0 1 0 0 0 0 0 0 0 0 0 0 0 0 0 0 0 0 0 0 0 0 0 0 0 0 0 0 0 0 0 0 0 0 0 0 0 0 0 0 0 0 
1
0 0 0 0 0 0 0 0 0 
1 0 2 0 0 0 0 0 1 0 0 2 0 0 0 0 0 0 0 0 0 0 0 0 2 0 0 0 0 0 2 0 0 1 0 0 0 0 0 0 1 0 0 0 0 0 0 0 0 0 0 0 0 0 0 0 0 0 0 0 0 0 0 0 0 0 0 0 0 0 0 0 0 0 0 0 0 0 0 0 0 
1 0 2 0 0 0 0 0 1 0 0 2 0 0 0 0 0 0 0 0 0 0 0 0 2 0 0 0 0 0 2 0 0 1 0 0 0 0 0 0 1 0 0 0 0 0 0 0 0 0 0 0 0 0 0 0 0 0 0 0 0 0 0 0 0 0 0 0 0 0 0 0 0 0 0 0 0 0 0 0 0 
1
0 0 0 0 0 0 0 0 0 
1 0 2 0 0 0 0 0 1 0 0 2 0 0 0 0 0 0 0 0 0 0 0 0 2 0 0 0 0 0 2 0 0 1 0 0 0 0 0 0 1 0 0 0 0 0 0 0 0 0 0 0 0 0 0 0 0 0 0 0 0 0 0 1 0 0 0 0 0 0 0 0 0 0 0 0 0 0 0 0 0 
1 0 2 0 0 0 0 0 1 0 0 2 0 0 0 0 0 0 0 0 0 0 0 0 2 0 0 0 0 0 2 0 0 1 0 0 0 0 0 0 1 0 0 0 0 0 0 0 0 0 0 0 0 0 0 0 0 0 0 0 0 0 0 1 0 0 0 0 0 0 0 0 0 0 0 0 0 0 0 0 0 
1
0 0 0 0 0 0 0 0 0 
1 0 2 0 0 0 0 0 1 0 0 2 0 0 0 0 0 0 0 0 0 0 0 0 2 0 0 0 0 0 2 0 0 1 0 0 0 0 0 0 1 0 0 0 0 0 2 0 0 0 0 0 0 0 0 0 0 0 0 0 0 0 0 1 0 0 0 0 0 0 0 0 0 0 0 0 0 0 0 0 0 
1 0 2 0 0 0 0 0 1 0 0 2 0 0 0 0 0 0 0 0 0 0 0 0 2 0 0 0 0 0 2 0 0 1 0 0 0 0 0 0 1 0 0 0 0 0 2 0 0 0 0 0 0 0 0 0 0 0 0 0 0 0 0 1 0 0 0 0 0 0 0 0 0 0 0 0 0 0 0 0 0 
1
0 0 0 0 0 0 0 0 0 
1 0 2 0 0 0 0 0 1 0 0 2 0 0 0 0 0 0 0 0 0 0 0 0 2 0 0 0 0 0 2 0 0 1 0 0 0 0 0 0 1 0 0 0 0 0 2 0 0 0 0 0 0 0 0 0 0 0 0 0 0 0 0 1 0 0 0 0 1 0 0 0 0 0 0 0 0 0 0 0 0 
1 0 2 0 0 0 0 0 1 0 0 2 0 0 0 0 0 0 0 0 0 0 0 0 2 0 0 0 0 0 2 0 0 1 0 0 0 0 0 0 1 0 0 0 0 0 2 0 0 0 0 0 0 0 0 0 0 0 0 0 0 0 0 1 0 0 0 0 1 0 0 0 0 0 0 0 0 0 0 0 0 
1
0 0 0 0 0 0 0 0 0 
1 0 2 0 0 0 0 0 1 0 0 2 0 0 0 0 0 0 0 0 0 0 0 0 2 0 0 0 0 0 2 0 0 1 0 0 0 0 0 0 1 0 0 0 0 0 2 0 0 0 0 0 2 0 0 0 0 0 0 0 0 0 0 1 0 0 0 0 1 0 0 0 0 0 0 0 0 0 0 0 0 
1 0 2 0 0 0 0 0 1 0 0 2 0 0 0 0 0 0 0 0 0 0 0 0 2 0 0 0 0 0 2 0 0 1 0 0 0 0 0 0 1 0 0 0 0 0 2 0 0 0 0 0 2 0 0 0 0 0 0 0 0 0 0 1 0 0 0 0 1 0 0 0 0 0 0 0 0 0 0 0 0 
1
0 0 0 0 0 0 0 0 0 
1 0 2 0 0 0 0 0 1 0 0 2 0 0 0 0 0 0 0 0 0 0 0 0 2 0 0 0 0 0 2 0 0 1 0 0 0 0 0 0 1 0 0 0 0 0 2 0 0 0 0 0 2 0 0 0 0 0 0 0 0 0 0 1 0 0 1 0 1 0 0 0 0 0 0 0 0 0 0 0 0 
1 0 2 0 0 0 0 0 1 0 0 2 0 0 0 0 0 0 0 0 0 0 0 0 2 0 0 0 0 0 2 0 0 1 0 0 0 0 0 0 1 0 0 0 0 0 2 0 0 0 0 0 2 0 0 0 0 0 0 0 0 0 0 1 0 0 1 0 1 0 0 0 0 0 0 0 0 0 0 0 0 
1
0 0 0 0 0 0 0 0 0 
1 0 2 0 0 0 0 0 1 0 0 2 0 0 0 0 0 0 0 0 0 0 0 0 2 0 0 0 0 0 2 0 0 1 0 0 0 0 2 0 1 0 0 0 0 0 2 0 0 0 0 0 2 0 0 0 0 0 0 0 0 0 0 1 0 0 1 0 1 0 0 0 0 0 0 0 0 0 0 0 0 
1 0 2 0 0 0 0 0 1 0 0 2 0 0 0 0 0 0 0 0 0 0 0 0 2 0 0 0 0 0 2 0 0 1 0 0 0 0 2 0 1 0 0 0 0 0 2 0 0 0 0 0 2 0 0 0 0 0 0 0 0 0 0 1 0 0 1 0 1 0 0 0 0 0 0 0 0 0 0 0 0 
1
0 0 0 0 0 0 0 0 0 
1 0 2 0 0 0 0 0 1 0 0 2 0 0 0 0 0 0 0 0 0 0 0 0 2 0 0 0 0 0 2 0 0 1 1 0 0 0 2 0 1 0 0 0 0 0 2 0 0 0 0 0 2 0 0 0 0 0 0 0 0 0 0 1 0 0 1 0 1 0 0 0 0 0 0 0 0 0 0 0 0 
1 0 2 0 0 0 0 0 1 0 0 2 0 0 0 0 0 0 0 0 0 0 0 0 2 0 0 0 0 0 2 0 0 1 1 0 0 0 2 0 1 0 0 0 0 0 2 0 0 0 0 0 2 0 0 0 0 0 0 0 0 0 0 1 0 0 1 0 1 0 0 0 0 0 0 0 0 0 0 0 0 
1
0 0 0 0 0 0 0 0 0 
1 0 2 0 0 0 0 0 1 0 0 2 2 0 0 0 0 0 0 0 0 0 0 0 2 0 0 0 0 0 2 0 0 1 1 0 0 0 2 0 1 0 0 0 0 0 2 0 0 0 0 0 2 0 0 0 0 0 0 0 0 0 0 1 0 0 1 0 1 0 0 0 0 0 0 0 0 0 0 0 0 
1 0 2 0 0 0 0 0 1 0 0 2 2 0 0 0 0 0 0 0 0 0 0 0 2 0 0 0 0 0 2 0 0 1 1 0 0 0 2 0 1 0 0 0 0 0 2 0 0 0 0 0 2 0 0 0 0 0 0 0 0 0 0 1 0 0 1 0 1 0 0 0 0 0 0 0 0 0 0 0 0 
1
0 0 0 0 0 0 0 0 0 
1 0 2 0 0 0 0 0 1 0 0 2 2 0 0 0 0 0 0 0 0 0 0 0 2 0 0 0 1 0 2 0 0 1 1 0 0 0 2 0 1 0 0 0 0 0 2 0 0 0 0 0 2 0 0 0 0 0 0 0 0 0 0 1 0 0 1 0 1 0 0 0 0 0 0 0 0 0 0 0 0 
1 0 2 0 0 0 0 0 1 0 0 2 2 0 0 0 0 0 0 0 0 0 0 0 2 0 0 0 1 0 2 0 0 1 1 0 0 0 2 0 1 0 0 0 0 0 2 0 0 0 0 0 2 0 0 0 0 0 0 0 0 0 0 1 0 0 1 0 1 0 0 0 0 0 0 0 0 0 0 0 0 
1
0 0 0 0 0 0 0 0 0 
1 0 2 0 0 0 0 0 1 0 0 2 2 0 0 0 0 0 0 0 0 0 0 2 2 0 0 0 1 0 2 0 0 1 1 0 0 0 2 0 1 0 0 0 0 0 2 0 0 0 0 0 2 0 0 0 0 0 0 0 0 0 0 1 0 0 1 0 1 0 0 0 0 0 0 0 0 0 0 0 0 
1 0 2 0 0 0 0 0 1 0 0 2 2 0 0 0 0 0 0 0 0 0 0 2 2 0 0 0 1 0 2 0 0 1 1 0 0 0 2 0 1 0 0 0 0 0 2 0 0 0 0 0 2 0 0 0 0 0 0 0 0 0 0 1 0 0 1 0 1 0 0 0 0 0 0 0 0 0 0 0 0 
1
0 0 0 0 0 0 0 0 0 
1 0 2 0 0 0 0 0 1 0 0 2 2 0 0 0 0 0 0 0 0 0 0 2 2 0 0 0 1 0 2 0 0 1 1 0 0 0 2 0 1 0 0 0 0 0 2 0 0 0 0 0 2 0 0 0 0 0 0 0 0 0 0 1 0 0 1 0 1 0 0 0 0 0 0 0 0 0 1 0 0 
1 0 2 0 0 0 0 0 1 0 0 2 2 0 0 0 0 0 0 0 0 0 0 2 2 0 0 0 1 0 2 0 0 1 1 0 0 0 2 0 1 0 0 0 0 0 2 0 0 0 0 0 2 0 0 0 0 0 0 0 0 0 0 1 0 0 1 0 1 0 0 0 0 0 0 0 0 0 1 0 0 
1
0 0 0 0 0 0 0 0 0 
1 0 2 0 0 0 0 0 1 0 0 2 2 0 0 0 0 0 0 0 0 0 0 2 2 0 0 0 1 0 2 0 0 1 1 0 0 0 2 0 1 0 0 0 0 0 2 0 0 0 0 0 2 0 0 0 0 0 0 0 0 0 0 1 2 0 1 0 1 0 0 0 0 0 0 0 0 0 1 0 0 
1 0 2 0 0 0 0 0 1 0 0 2 2 0 0 0 0 0 0 0 0 0 0 2 2 0 0 0 1 0 2 0 0 1 1 0 0 0 2 0 1 0 0 0 0 0 2 0 0 0 0 0 2 0 0 0 0 0 0 0 0 0 0 1 2 0 1 0 1 0 0 0 0 0 0 0 0 0 1 0 0 
1
0 0 0 0 0 0 0 0 0 
1 0 2 0 0 0 0 0 1 0 0 2 2 0 0 0 0 0 0 0 0 0 0 2 2 0 0 0 1 0 2 0 0 1 1 0 0 0 2 0 1 0 0 0 0 0 2 0 1 0 0 0 2 0 0 0 0 0 0 0 0 0 0 1 2 0 1 0 1 0 0 0 0 0 0 0 0 0 1 0 0 
1 0 2 0 0 0 0 0 1 0 0 2 2 0 0 0 0 0 0 0 0 0 0 2 2 0 0 0 1 0 2 0 0 1 1 0 0 0 2 0 1 0 0 0 0 0 2 0 1 0 0 0 2 0 0 0 0 0 0 0 0 0 0 1 2 0 1 0 1 0 0 0 0 0 0 0 0 0 1 0 0 
1
0 0 0 0 0 0 0 0 0 
1 0 2 0 0 0 0 0 1 0 0 2 2 0 0 0 0 0 0 0 0 0 0 2 2 0 0 0 1 0 2 0 0 1 1 0 0 0 2 0 1 0 0 0 0 0 2 0 1 0 0 0 2 0 0 0 0 0 0 0 0 0 0 1 2 0 1 0 1 0 0 0 2 0 0 0 0 0 1 0 0 
1 0 2 0 0 0 0 0 1 0 0 2 2 0 0 0 0 0 0 0 0 0 0 2 2 0 0 0 1 0 2 0 0 1 1 0 0 0 2 0 1 0 0 0 0 0 2 0 1 0 0 0 2 0 0 0 0 0 0 0 0 0 0 1 2 0 1 0 1 0 0 0 2 0 0 0 0 0 1 0 0 
1
0 0 0 0 0 0 0 0 0 
1 0 2 0 0 0 0 0 1 0 0 2 2 0 0 0 0 0 0 0 0 0 0 2 2 0 0 0 1 0 2 0 0 1 1 0 0 0 2 0 1 0 0 0 0 0 2 0 1 0 0 0 2 0 0 0 1 0 0 0 0 0 0 1 2 0 1 0 1 0 0 0 2 0 0 0 0 0 1 0 0 
1 0 2 0 0 0 0 0 1 0 0 2 2 0 0 0 0 0 0 0 0 0 0 2 2 0 0 0 1 0 2 0 0 1 1 0 0 0 2 0 1 0 0 0 0 0 2 0 1 0 0 0 2 0 0 0 1 0 0 0 0 0 0 1 2 0 1 0 1 0 0 0 2 0 0 0 0 0 1 0 0 
1
0 0 0 0 0 0 0 0 0 
1 0 2 0 0 0 0 0 1 0 0 2 2 0 0 2 0 0 0 0 0 0 0 2 2 0 0 0 1 0 2 0 0 1 1 0 0 0 2 0 1 0 0 0 0 0 2 0 1 0 0 0 2 0 0 0 1 0 0 0 0 0 0 1 2 0 1 0 1 0 0 0 2 0 0 0 0 0 1 0 0 
1 0 2 0 0 0 0 0 1 0 0 2 2 0 0 2 0 0 0 0 0 0 0 2 2 0 0 0 1 0 2 0 0 1 1 0 0 0 2 0 1 0 0 0 0 0 2 0 1 0 0 0 2 0 0 0 1 0 0 0 0 0 0 1 2 0 1 0 1 0 0 0 2 0 0 0 0 0 1 0 0 
1
0 0 0 0 0 0 0 0 0 
1 0 2 0 0 0 0 0 1 0 0 2 2 0 0 2 0 0 0 0 0 0 0 2 2 0 0 0 1 0 2 0 0 1 1 0 1 0 2 0 1 0 0 0 0 0 2 0 1 0 0 0 2 0 0 0 1 0 0 0 0 0 0 1 2 0 1 0 1 0 0 0 2 0 0 0 0 0 1 0 0 
1 0 2 0 0 0 0 0 1 0 0 2 2 0 0 2 0 0 0 0 0 0 0 2 2 0 0 0 1 0 2 0 0 1 1 0 1 0 2 0 1 0 0 0 0 0 2 0 1 0 0 0 2 0 0 0 1 0 0 0 0 0 0 1 2 0 1 0 1 0 0 0 2 0 0 0 0 0 1 0 0 
1
0 0 0 0 0 0 0 0 0 
1 0 2 0 0 0 0 0 1 0 0 2 2 0 0 2 0 0 0 0 0 0 0 2 2 0 0 0 1 0 2 0 0 1 1 0 1 0 2 0 1 0 0 0 0 2 2 0 1 0 0 0 2 0 0 0 1 0 0 0 0 0 0 1 2 0 1 0 1 0 0 0 2 0 0 0 0 0 1 0 0 
1 0 2 0 0 0 0 0 1 0 0 2 2 0 0 2 0 0 0 0 0 0 0 2 2 0 0 0 1 0 2 0 0 1 1 0 1 0 2 0 1 0 0 0 0 2 2 0 1 0 0 0 2 0 0 0 1 0 0 0 0 0 0 1 2 0 1 0 1 0 0 0 2 0 0 0 0 0 1 0 0 
1
0 0 0 0 0 0 0 0 0 
1 0 2 0 0 0 0 0 1 0 0 2 2 0 0 2 0 0 0 0 0 0 0 2 2 0 0 0 1 0 2 0 0 1 1 0 1 0 2 0 1 0 0 0 0 2 2 0 1 0 0 0 2 0 0 0 1 0 0 0 0 0 0 1 2 0 1 0 1 0 0 0 2 1 0 0 0 0 1 0 0 
1 0 2 0 0 0 0 0 1 0 0 2 2 0 0 2 0 0 0 0 0 0 0 2 2 0 0 0 1 0 2 0 0 1 1 0 1 0 2 0 1 0 0 0 0 2 2 0 1 0 0 0 2 0 0 0 1 0 0 0 0 0 0 1 2 0 1 0 1 0 0 0 2 1 0 0 0 0 1 0 0 
1
0 0 0 0 0 0 0 0 0 
1 0 2 0 0 0 0 0 1 0 0 2 2 0 0 2 0 0 0 0 0 0 0 2 2 0 0 0 1 0 2 0 0 1 1 0 1 0 2 0 1 0 0 0 0 2 2 0 1 0 0 0 2 0 0 0 1 0 0 0 0 0 0 1 2 0 1 0 1 0 0 0 2 1 0 2 0 0 1 0 0 
1 0 2 0 0 0 0 0 1 0 0 2 2 0 0 2 0 0 0 0 0 0 0 2 2 0 0 0 1 0 2 0 0 1 1 0 1 0 2 0 1 0 0 0 0 2 2 0 1 0 0 0 2 0 0 0 1 0 0 0 0 0 0 1 2 0 1 0 1 0 0 0 2 1 0 2 0 0 1 0 0 
1
0 0 0 0 0 0 0 0 0 
1 0 2 0 0 0 0 0 1 0 0 2 2 0 0 2 0 0 0 0 0 0 0 2 2 0 0 0 1 0 2 0 0 1 1 0 1 0 2 0 1 0 0 0 0 2 2 0 1 0 0 0 2 0 0 0 1 0 0 0 0 0 0 1 2 0 1 0 1 0 0 0 2 1 1 2 0 0 1 0 0 
1 0 2 0 0 0 0 0 1 0 0 2 2 0 0 2 0 0 0 0 0 0 0 2 2 0 0 0 1 0 2 0 0 1 1 0 1 0 2 0 1 0 0 0 0 2 2 0 1 0 0 0 2 0 0 0 1 0 0 0 0 0 0 1 2 0 1 0 1 0 0 0 2 1 1 2 0 0 1 0 0 
1
0 0 0 0 0 0 0 0 0 
1 0 2 0 0 0 0 0 1 0 0 2 2 0 0 2 0 0 0 0 0 0 0 2 2 0 0 0 1 0 2 0 0 1 1 0 1 0 2 0 1 0 0 0 0 2 2 0 1 0 0 0 2 0 0 0 1 0 0 0 0 0 0 1 2 0 1 0 1 2 0 0 2 1 1 2 0 0 1 0 0 
1 0 2 0 0 0 0 0 1 0 0 2 2 0 0 2 0 0 0 0 0 0 0 2 2 0 0 0 1 0 2 0 0 1 1 0 1 0 2 0 1 0 0 0 0 2 2 0 1 0 0 0 2 0 0 0 1 0 0 0 0 0 0 1 2 0 1 0 1 2 0 0 2 1 1 2 0 0 1 0 0 
1
0 0 0 0 0 0 0 0 0 
1 0 2 0 0 0 0 0 1 0 0 2 2 0 0 2 0 0 0 0 0 0 0 2 2 0 0 0 1 0 2 0 0 1 1 0 1 0 2 0 1 0 0 0 0 2 2 1 1 0 0 0 2 0 0 0 1 0 0 0 0 0 0 1 2 0 1 0 1 2 0 0 2 1 1 2 0 0 1 0 0 
1 0 2 0 0 0 0 0 1 0 0 2 2 0 0 2 0 0 0 0 0 0 0 2 2 0 0 0 1 0 2 0 0 1 1 0 1 0 2 0 1 0 0 0 0 2 2 1 1 0 0 0 2 0 0 0 1 0 0 0 0 0 0 1 2 0 1 0 1 2 0 0 2 1 1 2 0 0 1 0 0 
1
0 0 0 0 0 0 0 0 0 
1 0 2 0 0 0 0 0 1 0 0 2 2 0 0 2 0 0 0 0 0 0 0 2 2 0 0 0 1 0 2 0 0 1 1 0 1 0 2 0 1 0 0 0 0 2 2 1 1 0 0 0 2 0 0 0 1 0 0 0 0 2 0 1 2 0 1 0 1 2 0 0 2 1 1 2 0 0 1 0 0 
1 0 2 0 0 0 0 0 1 0 0 2 2 0 0 2 0 0 0 0 0 0 0 2 2 0 0 0 1 0 2 0 0 1 1 0 1 0 2 0 1 0 0 0 0 2 2 1 1 0 0 0 2 0 0 0 1 0 0 0 0 2 0 1 2 0 1 0 1 2 0 0 2 1 1 2 0 0 1 0 0 
1
0 0 0 0 0 0 0 0 0 
1 0 2 0 1 0 0 0 1 0 0 2 2 0 0 2 0 0 0 0 0 0 0 2 2 0 0 0 1 0 2 0 0 1 1 0 1 0 2 0 1 0 0 0 0 2 2 1 1 0 0 0 2 0 0 0 1 0 0 0 0 2 0 1 2 0 1 0 1 2 0 0 2 1 1 2 0 0 1 0 0 
1 0 2 0 1 0 0 0 1 0 0 2 2 0 0 2 0 0 0 0 0 0 0 2 2 0 0 0 1 0 2 0 0 1 1 0 1 0 2 0 1 0 0 0 0 2 2 1 1 0 0 0 2 0 0 0 1 0 0 0 0 2 0 1 2 0 1 0 1 2 0 0 2 1 1 2 0 0 1 0 0 
1
0 0 0 0 0 0 0 0 0 
1 0 2 0 1 2 0 0 1 0 0 2 2 0 0 2 0 0 0 0 0 0 0 2 2 0 0 0 1 0 2 0 0 1 1 0 1 0 2 0 1 0 0 0 0 2 2 1 1 0 0 0 2 0 0 0 1 0 0 0 0 2 0 1 2 0 1 0 1 2 0 0 2 1 1 2 0 0 1 0 0 
1 0 2 0 1 2 0 0 1 0 0 2 2 0 0 2 0 0 0 0 0 0 0 2 2 0 0 0 1 0 2 0 0 1 1 0 1 0 2 0 1 0 0 0 0 2 2 1 1 0 0 0 2 0 0 0 1 0 0 0 0 2 0 1 2 0 1 0 1 2 0 0 2 1 1 2 0 0 1 0 0 
1
0 0 0 0 0 0 0 0 0 
1 0 2 0 1 2 0 0 1 0 0 2 2 0 0 2 0 0 0 0 0 0 0 2 2 1 0 0 1 0 2 0 0 1 1 0 1 0 2 0 1 0 0 0 0 2 2 1 1 0 0 0 2 0 0 0 1 0 0 0 0 2 0 1 2 0 1 0 1 2 0 0 2 1 1 2 0 0 1 0 0 
1 0 2 0 1 2 0 0 1 0 0 2 2 0 0 2 0 0 0 0 0 0 0 2 2 1 0 0 1 0 2 0 0 1 1 0 1 0 2 0 1 0 0 0 0 2 2 1 1 0 0 0 2 0 0 0 1 0 0 0 0 2 0 1 2 0 1 0 1 2 0 0 2 1 1 2 0 0 1 0 0 
1
0 0 0 0 0 0 0 0 0 
1 0 2 0 1 2 0 0 1 0 0 2 2 0 0 2 0 0 0 0 0 0 0 2 2 1 0 0 1 0 2 0 0 1 1 0 1 0 2 0 1 0 0 0 0 2 2 1 1 0 0 0 2 0 0 0 1 0 0 2 0 2 0 1 2 0 1 0 1 2 0 0 2 1 1 2 0 0 1 0 0 
1 0 2 0 1 2 0 0 1 0 0 2 2 0 0 2 0 0 0 0 0 0 0 2 2 1 0 0 1 0 2 0 0 1 1 0 1 0 2 0 1 0 0 0 0 2 2 1 1 0 0 0 2 0 0 0 1 0 0 2 0 2 0 1 2 0 1 0 1 2 0 0 2 1 1 2 0 0 1 0 0 
1
0 0 0 0 0 0 0 0 0 
1 0 2 0 1 2 0 1 1 0 0 2 2 0 0 2 0 0 0 0 0 0 0 2 2 1 0 0 1 0 2 0 0 1 1 0 1 0 2 0 1 0 0 0 0 2 2 1 1 0 0 0 2 0 0 0 1 0 0 2 0 2 0 1 2 0 1 0 1 2 0 0 2 1 1 2 0 0 1 0 0 
1 0 2 0 1 2 0 1 1 0 0 2 2 0 0 2 0 0 0 0 0 0 0 2 2 1 0 0 1 0 2 0 0 1 1 0 1 0 2 0 1 0 0 0 0 2 2 1 1 0 0 0 2 0 0 0 1 0 0 2 0 2 0 1 2 0 1 0 1 2 0 0 2 1 1 2 0 0 1 0 0 
1
0 0 0 0 0 0 0 0 0 
1 0 2 0 1 2 0 1 1 0 0 2 2 0 0 2 0 0 0 0 0 0 2 2 2 1 0 0 1 0 2 0 0 1 1 0 1 0 2 0 1 0 0 0 0 2 2 1 1 0 0 0 2 0 0 0 1 0 0 2 0 2 0 1 2 0 1 0 1 2 0 0 2 1 1 2 0 0 1 0 0 
1 0 2 0 1 2 0 1 1 0 0 2 2 0 0 2 0 0 0 0 0 0 2 2 2 1 0 0 1 0 2 0 0 1 1 0 1 0 2 0 1 0 0 0 0 2 2 1 1 0 0 0 2 0 0 0 1 0 0 2 0 2 0 1 2 0 1 0 1 2 0 0 2 1 1 2 0 0 1 0 0 
1
0 0 0 0 0 0 0 0 0 
1 0 2 0 1 2 0 1 1 0 0 2 2 0 0 2 0 0 0 0 0 0 2 2 2 1 0 0 1 0 2 0 0 1 1 0 1 0 2 0 1 0 0 0 0 2 2 1 1 0 0 0 2 0 0 0 1 0 1 2 0 2 0 1 2 0 1 0 1 2 0 0 2 1 1 2 0 0 1 0 0 
1 0 2 0 1 2 0 1 1 0 0 2 2 0 0 2 0 0 0 0 0 0 2 2 2 1 0 0 1 0 2 0 0 1 1 0 1 0 2 0 1 0 0 0 0 2 2 1 1 0 0 0 2 0 0 0 1 0 1 2 0 2 0 1 2 0 1 0 1 2 0 0 2 1 1 2 0 0 1 0 0 
1
0 2 0 0 0 0 0 0 0 
1 0 2 0 1 2 0 1 1 0 0 2 2 0 2 2 0 0 0 0 0 0 2 2 2 1 0 0 1 0 2 0 0 1 1 0 1 0 2 0 1 0 0 0 0 2 2 1 1 0 0 0 2 0 0 0 1 0 1 2 0 2 0 1 2 0 1 0 1 2 0 0 2 1 1 2 0 0 1 0 0 
1 0 2 32 33 34 0 1 1 0 0 2 34 32 34 2 0 0 0 0 0 32 34 34 2 1 0 0 1 0 2 0 0 1 1 0 1 0 2 0 1 0 0 0 0 2 2 1 1 0 0 0 2 0 0 0 1 0 1 2 0 2 0 1 2 0 1 0 1 2 0 0 2 1 1 2 0 0 1 0 0 
1
0 2 0 0 0 0 0 0 0 
1 0 2 0 1 2 0 1 1 0 0 2 2 0 2 2 0 0 0 0 0 0 2 2 2 1 0 0 1 0 2 0 0 1 1 0 1 0 2 0 1 0 1 0 0 2 2 1 1 0 0 0 2 0 0 0 1 0 1 2 0 2 0 1 2 0 1 0 1 2 0 0 2 1 1 2 0 0 1 0 0 
1 0 2 32 33 34 0 1 1 0 0 2 34 32 34 2 0 0 0 0 0 32 34 34 2 1 0 0 1 0 2 0 0 1 1 0 1 0 2 0 1 0 1 0 0 2 2 1 1 0 0 0 2 0 0 0 1 0 1 2 0 2 0 1 2 0 1 0 1 2 0 0 2 1 1 2 0 0 1 0 0 
1
0 2 0 0 0 0 0 0 0 
1 0 2 0 1 2 0 1 1 0 0 2 2 0 2 2 0 0 0 0 0 0 2 2 2 1 0 2 1 0 2 0 0 1 1 0 1 0 2 0 1 0 1 0 0 2 2 1 1 0 0 0 2 0 0 0 1 0 1 2 0 2 0 1 2 0 1 0 1 2 0 0 2 1 1 2 0 0 1 0 0 
1 0 2 32 33 34 0 1 1 0 0 2 34 32 34 2 0 0 0 0 0 32 34 34 2 1 0 2 1 0 2 0 0 1 1 0 1 0 2 0 1 0 1 0 0 2 2 1 1 0 0 0 2 0 0 0 1 0 1 2 0 2 0 1 2 0 1 0 1 2 0 0 2 1 1 2 0 0 1 0 0 
1
0 2 0 0 0 0 0 0 0 
1 0 2 0 1 2 0 1 1 1 0 2 2 0 2 2 0 0 0 0 0 0 2 2 2 1 0 2 1 0 2 0 0 1 1 0 1 0 2 0 1 0 1 0 0 2 2 1 1 0 0 0 2 0 0 0 1 0 1 2 0 2 0 1 2 0 1 0 1 2 0 0 2 1 1 2 0 0 1 0 0 
1 0 2 32 33 34 0 1 1 1 0 2 34 32 34 2 0 0 0 0 0 32 34 34 2 1 0 2 1 0 2 0 0 1 1 0 1 0 2 0 1 0 1 0 0 2 2 1 1 0 0 0 2 0 0 0 1 0 1 2 0 2 0 1 2 0 1 0 1 2 0 0 2 1 1 2 0 0 1 0 0 
1
0 2 0 0 0 0 0 0 0 
1 0 2 0 1 2 0 1 1 1 0 2 2 0 2 2 0 0 0 0 0 0 2 2 2 1 0 2 1 2 2 0 0 1 1 0 1 0 2 0 1 0 1 0 0 2 2 1 1 0 0 0 2 0 0 0 1 0 1 2 0 2 0 1 2 0 1 0 1 2 0 0 2 1 1 2 0 0 1 0 0 
1 0 2 32 33 34 0 1 1 1 0 2 34 32 34 2 0 0 0 0 0 32 34 34 2 1 0 2 1 2 2 0 0 1 1 0 1 0 2 0 1 0 1 0 0 2 2 1 1 0 0 0 2 0 0 0 1 0 1 2 0 2 0 1 2 0 1 0 1 2 0 0 2 1 1 2 0 0 1 0 0 
1
0 2 1 0 0 0 0 0 0 
1 0 2 0 1 2 1 1 1 1 0 2 2 0 2 2 0 0 0 0 0 0 2 2 2 1 0 2 1 2 2 0 0 1 1 0 1 0 2 0 1 0 1 0 0 2 2 1 1 0 0 0 2 0 0 0 1 0 1 2 0 2 0 1 2 0 1 0 1 2 0 0 2 1 1 2 0 0 1 0 0 
1 0 2 32 33 34 17 17 17 1 0 2 34 32 34 18 16 16 0 0 0 32 34 34 18 17 16 2 1 2 2 0 0 1 1 0 1 0 2 0 1 0 1 0 0 2 2 1 1 0 0 0 2 0 0 0 1 0 1 2 0 2 0 1 2 0 1 0 1 2 0 0 2 1 1 2 0 0 1 0 0 
1
0 2 1 0 0 0 0 0 0 
1 0 2 0 1 2 1 1 1 1 0 2 2 0 2 2 0 0 0 2 0 0 2 2 2 1 0 2 1 2 2 0 0 1 1 0 1 0 2 0 1 0 1 0 0 2 2 1 1 0 0 0 2 0 0 0 1 0 1 2 0 2 0 1 2 0 1 0 1 2 0 0 2 1 1 2 0 0 1 0 0 
1 0 2 32 33 34 17 17 17 1 0 2 34 32 34 18 16 16 0 2 0 32 34 34 18 17 16 2 1 2 2 0 0 1 1 0 1 0 2 0 1 0 1 0 0 2 2 1 1 0 0 0 2 0 0 0 1 0 1 2 0 2 0 1 2 0 1 0 1 2 0 0 2 1 1 2 0 0 1 0 0 
1
0 2 1 0 0 0 0 1 0 
1 0 2 0 1 2 1 1 1 1 0 2 2 0 2 2 0 0 0 2 0 0 2 2 2 1 0 2 1 2 2 0 0 1 1 0 1 0 2 0 1 0 1 0 0 2 2 1 1 0 0 0 2 0 0 0 1 0 1 2 0 2 0 1 2 0 1 1 1 2 0 0 2 1 1 2 0 0 1 0 0 
1 0 2 32 33 34 17 17 17 1 0 2 34 32 34 18 16 16 0 2 0 32 34 34 18 17 16 2 1 2 2 0 0 1 1 0 1 0 2 0 1 0 1 0 0 2 2 1 1 0 0 0 2 0 0 0 1 16 17 18 0 2 0 1 2 0 17 17 17 2 0 0 2 1 1 18 16 16 1 0 0 
1
0 2 1 0 0 0 0 1 0 
1 0 2 0 1 2 1 1 1 1 0 2 2 0 2 2 0 0 0 2 0 0 2 2 2 1 0 2 1 2 2 0 0 1 1 0 1 0 2 2 1 0 1 0 0 2 2 1 1 0 0 0 2 0 0 0 1 0 1 2 0 2 0 1 2 0 1 1 1 2 0 0 2 1 1 2 0 0 1 0 0 
1 0 2 32 33 34 17 17 17 1 0 2 34 32 34 18 16 16 0 2 0 32 34 34 18 17 16 2 1 2 2 0 0 1 1 0 1 0 2 2 1 0 1 0 0 2 2 1 1 0 0 0 2 0 0 0 1 16 17 18 0 2 0 1 2 0 17 17 17 2 0 0 2 1 1 18 16 16 1 0 0 
1
0 2 1 0 0 0 0 1 0 
1 0 2 0 1 2 1 1 1 1 0 2 2 0 2 2 0 0 0 2 0 0 2 2 2 1 0 2 1 2 2 0 0 1 1 0 1 1 2 2 1 0 1 0 0 2 2 1 1 0 0 0 2 0 0 0 1 0 1 2 0 2 0 1 2 0 1 1 1 2 0 0 2 1 1 2 0 0 1 0 0 
1 0 2 32 33 34 17 17 17 1 0 2 34 32 34 18 16 16 0 2 0 32 34 34 18 17 16 2 1 2 2 0 0 1 1 0 1 1 2 2 1 0 1 0 0 2 2 1 1 0 0 0 2 0 0 0 1 16 17 18 0 2 0 1 2 0 17 17 17 2 0 0 2 1 1 18 16 16 1 0 0 
1
0 2 1 0 0 0 0 1 0 
1 0 2 0 1 2 1 1 1 1 0 2 2 0 2 2 0 0 0 2 0 0 2 2 2 1 0 2 1 2 2 0 2 1 1 0 1 1 2 2 1 0 1 0 0 2 2 1 1 0 0 0 2 0 0 0 1 0 1 2 0 2 0 1 2 0 1 1 1 2 0 0 2 1 1 2 0 0 1 0 0 
1 0 2 32 33 34 17 17 17 1 0 2 34 32 34 18 16 16 0 2 0 32 34 34 18 17 16 2 1 2 2 0 2 1 1 0 1 1 2 2 1 0 1 0 0 2 2 1 1 0 0 0 2 0 0 0 1 16 17 18 0 2 0 1 2 0 17 17 17 2 0 0 2 1 1 18 16 16 1 0 0 
1
1 2 1 0 0 0 0 1 0 
1 0 2 0 1 2 1 1 1 1 0 2 2 0 2 2 0 0 1 2 0 0 2 2 2 1 0 2 1 2 2 0 2 1 1 0 1 1 2 2 1 0 1 0 0 2 2 1 1 0 0 0 2 0 0 0 1 0 1 2 0 2 0 1 2 0 1 1 1 2 0 0 2 1 1 2 0 0 1 0 0 
17 16 18 32 33 34 17 17 17 17 16 18 34 32 34 18 16 16 17 18 16 32 34 34 18 17 16 2 1 2 2 0 2 1 1 0 1 1 2 2 1 0 1 0 0 2 2 1 1 0 0 0 2 0 0 0 1 16 17 18 0 2 0 1 2 0 17 17 17 2 0 0 2 1 1 18 16 16 1 0 0 
1
1 2 1 0 0 0 0 1 0 
1 0 2 0 1 2 1 1 1 1 0 2 2 0 2 2 0 0 1 2 0 0 2 2 2 1 0 2 1 2 2 0 2 1 1 0 1 1 2 2 1 0 1 0 0 2 2 1 1 0 0 0 2 0 2 0 1 0 1 2 0 2 0 1 2 0 1 1 1 2 0 0 2 1 1 2 0 0 1 0 0 
17 16 18 32 33 34 17 17 17 17 16 18 34 32 34 18 16 16 17 18 16 32 34 34 18 17 16 2 1 2 2 0 2 1 1 0 1 1 2 2 1 0 1 0 0 2 2 1 1 0 0 0 2 0 2 0 1 16 17 18 0 2 0 1 2 0 17 17 17 2 0 0 2 1 1 18 16 16 1 0 0 
1
1 2 1 0 0 1 0 1 0 
1 0 2 0 1 2 1 1 1 1 0 2 2 0 2 2 0 0 1 2 0 0 2 2 2 1 0 2 1 2 2 0 2 1 1 0 1 1 2 2 1 0 1 0 0 2 2 1 1 0 0 1 2 0 2 0 1 0 1 2 0 2 0 1 2 0 1 1 1 2 0 0 2 1 1 2 0 0 1 0 0 
17 16 18 32 33 34 17 17 17 17 16 18 34 32 34 18 16 16 17 18 16 32 34 34 18 17 16 2 1 2 2 0 2 17 17 16 1 1 2 2 1 0 17 16 16 2 2 1 1 0 0 17 18 16 2 0 1 16 17 18 0 2 0 1 2 0 17 17 17 2 0 0 2 1 1 18 16 16 1 0 0 
1
1 2 1 0 0 1 0 1 0 
1 0 2 0 1 2 1 1 1 1 0 2 2 0 2 2 0 0 1 2 0 0 2 2 2 1 0 2 1 2 2 0 2 1 1 0 1 1 2 2 1 0 1 0 0 2 2 1 1 0 0 1 2 0 2 0 1 0 1 2 0 2 0 1 2 2 1 1 1 2 0 0 2 1 1 2 0 0 1 0 0 
17 16 18 32 33 34 17 17 17 17 16 18 34 32 34 18 16 16 17 18 16 32 34 34 18 17 16 2 1 2 2 0 2 17 17 16 1 1 2 2 1 0 17 16 16 2 2 1 1 0 0 17 18 16 2 0 1 16 17 18 0 2 0 1 2 2 17 17 17 2 0 0 2 1 1 18 16 16 1 0 0 
1
1 2 1 0 0 1 0 1 0 
1 0 2 0 1 2 1 1 1 1 0 2 2 0 2 2 0 0 1 2 0 0 2 2 2 1 0 2 1 2 2 0 2 1 1 0 1 1 2 2 1 0 1 0 0 2 2 1 1 0 0 1 2 0 2 0 1 0 1 2 0 2 0 1 2 2 1 1 1 2 1 0 2 1 1 2 0 0 1 0 0 
17 16 18 32 33 34 17 17 17 17 16 18 34 32 34 18 16 16 17 18 16 32 34 34 18 17 16 2 1 2 2 0 2 17 17 16 1 1 2 2 1 0 17 16 16 2 2 1 1 0 0 17 18 16 2 0 1 16 17 18 0 2 0 1 2 2 17 17 17 2 1 0 2 1 1 18 16 16 1 0 0 
1
1 2 1 0 0 1 0 1 0 
1 0 2 0 1 2 1 1 1 1 0 2 2 0 2 2 0 0 1 2 0 0 2 2 2 1 0 2 1 2 2 0 2 1 1 0 1 1 2 2 1 0 1 0 0 2 2 1 1 0 2 1 2 0 2 0 1 0 1 2 0 2 0 1 2 2 1 1 1 2 1 0 2 1 1 2 0 0 1 0 0 
17 16 18 32 33 34 17 17 17 17 16 18 34 32 34 18 16 16 17 18 16 32 34 34 18 17 16 2 1 2 2 0 2 17 17 16 1 1 2 2 1 0 17 16 16 2 2 1 1 0 2 17 18 16 2 0 1 16 17 18 0 2 0 1 2 2 17 17 17 2 1 0 2 1 1 18 16 16 1 0 0 
1
1 2 1 0 0 1 0 1 1 
1 0 2 0 1 2 1 1 1 1 0 2 2 0 2 2 0 0 1 2 0 0 2 2 2 1 0 2 1 2 2 0 2 1 1 0 1 1 2 2 1 0 1 0 0 2 2 1 1 0 2 1 2 0 2 0 1 0 1 2 0 2 1 1 2 2 1 1 1 2 1 0 2 1 1 2 0 0 1 0 0 
17 16 18 32 33 34 17 17 17 17 16 18 34 32 34 18 16 16 17 18 16 32 34 34 18 17 16 2 1 2 2 0 2 17 17 16 1 1 2 2 1 0 17 16 16 2 2 1 1 0 2 17 18 16 2 0 1 16 17 18 16 18 17 1 2 2 17 17 17 18 17 16 2 1 1 18 16 16 17 16 16 
1
1 2 1 0 0 1 0 1 1 
1 0 2 0 1 2 1 1 1 1 0 2 2 0 2 2 0 0 1 2 0 0 2 2 2 1 0 2 1 2 2 0 2 1 1 0 1 1 2 2 1 0 1 0 0 2 2 1 1 0 2 1 2 0 2 0 1 0 1 2 0 2 1 1 2 2 1 1 1 2 1 0 2 1 1 2 0 0 1 0 0 
17 16 18 32 33 34 17 17 17 17 16 18 34 32 34 18 16 16 17 18 16 32 34 34 18 17 16 2 1 2 2 0 2 17 17 16 1 1 2 2 1 0 17 16 16 2 2 1 1 0 2 17 18 16 2 0 1 16 17 18 16 18 17 1 2 2 17 17 17 18 17 16 2 1 1 18 16 16 17 16 16 
1
