0 0 0 0 0 0 0 0 0 
0 0 0 0 0 0 0 0 0 0 0 0 0 0 0 0 0 0 0 0 0 0 0 0 0 0 0 0 0 0 0 0 0 0 0 0 0 0 0 0 1 0 0 0 0 0 0 0 0 0 0 0 0 0 0 0 0 0 0 0 0 0 0 0 0 0 0 0 0 0 0 0 0 0 0 0 0 0 0 0 0 
0 0 0 0 0 0 0 0 0 0 0 0 0 0 0 0 0 0 0 0 0 0 0 0 0 0 0 0 0 0 0 0 0 0 0 0 0 0 0 0 1 0 0 0 0 0 0 0 0 0 0 0 0 0 0 0 0 0 0 0 0 0 0 0 0 0 0 0 0 0 0 0 0 0 0 0 0 0 0 0 0 
0
0 0 0 0 0 0 0 0 0 
0 0 0 0 0 0 0 0 0 0 0 0 0 0 0 0 0 0 0 0 0 0 0 0 0 0 0 0 0 0 0 0 0 0 0 0 0 0 0 0 1 0 0 0 0 0 0 0 0 2 0 0 0 0 0 0 0 0 0 0 0 0 0 0 0 0 0 0 0 0 0 0 0 0 0 0 0 0 0 0 0 
0 0 0 0 0 0 0 0 0 0 0 0 0 0 0 0 0 0 0 0 0 0 0 0 0 0 0 0 0 0 0 0 0 0 0 0 0 0 0 0 1 0 0 0 0 0 0 0 0 2 0 0 0 0 0 0 0 0 0 0 0 0 0 0 0 0 0 0 0 0 0 0 0 0 0 0 0 0 0 0 0 
0
0 0 0 0 0 0 0 0 0 
0 0 0 0 0 0 0 0 0 0 0 0 0 0 0 0 0 0 0 0 0 0 0 0 0 0 0 0 0 0 0 0 0 0 0 0 0 0 0 0 1 0 0 0 0 0 0 0 0 2 0 0 0 0 0 0 0 0 1 0 0 0 0 0 0 0 0 0 0 0 0 0 0 0 0 0 0 0 0 0 0 
0 0 0 0 0 0 0 0 0 0 0 0 0 0 0 0 0 0 0 0 0 0 0 0 0 0 0 0 0 0 0 0 0 0 0 0 0 0 0 0 1 0 0 0 0 0 0 0 0 2 0 0 0 0 0 0 0 0 1 0 0 0 0 0 0 0 0 0 0 0 0 0 0 0 0 0 0 0 0 0 0 
0
0 0 0 0 0 0 0 0 0 
0 0 0 0 0 0 0 0 0 0 0 0 0 0 0 0 0 0 0 0 0 0 2 0 0 0 0 0 0 0 0 0 0 0 0 0 0 0 0 0 1 0 0 0 0 0 0 0 0 2 0 0 0 0 0 0 0 0 1 0 0 0 0 0 0 0 0 0 0 0 0 0 0 0 0 0 0 0 0 0 0 
0 0 0 0 0 0 0 0 0 0 0 0 0 0 0 0 0 0 0 0 0 0 2 0 0 0 0 0 0 0 0 0 0 0 0 0 0 0 0 0 1 0 0 0 0 0 0 0 0 2 0 0 0 0 0 0 0 0 1 0 0 0 0 0 0 0 0 0 0 0 0 0 0 0 0 0 0 0 0 0 0 
0
0 0 0 0 0 0 0 0 0 
0 0 0 0 0 0 0 0 0 0 0 0 0 0 0 0 0 0 0 0 0 0 2 0 0 0 0 0 0 0 0 0 0 0 0 0 0 0 0 0 1 0 0 0 0 0 0 0 0 2 0 0 0 0 0 0 0 0 1 0 0 0 0 0 0 0 0 0 0 0 0 0 0 0 0 0 1 0 0 0 0 
0 0 0 0 0 0 0 0 0 0 0 0 0 0 0 0 0 0 0 0 0 0 2 0 0 0 0 0 0 0 0 0 0 0 0 0 0 0 0 0 1 0 0 0 0 0 0 0 0 2 0 0 0 0 0 0 0 0 1 0 0 0 0 0 0 0 0 0 0 0 0 0 0 0 0 0 1 0 0 0 0 
0
0 0 0 0 0 0 0 0 0 
0 0 0 0 0 0 0 0 0 0 0 0 0 0 0 0 0 0 0 0 0 0 2 0 0 0 0 0 0 0 0 0 0 0 0 0 0 0 0 0 1 0 0 0 0 0 0 0 0 2 0 0 0 0 0 0 0 0 1 0 0 0 0 0 0 0 0 2 0 0 0 0 0 0 0 0 1 0 0 0 0 
0 0 0 0 0 0 0 0 0 0 0 0 0 0 0 0 0 0 0 0 0 0 2 0 0 0 0 0 0 0 0 0 0 0 0 0 0 0 0 0 1 0 0 0 0 0 0 0 0 2 0 0 0 0 0 0 0 0 1 0 0 0 0 0 0 0 0 2 0 0 0 0 0 0 0 0 1 0 0 0 0 
0
0 0 0 0 0 0 0 0 0 
0 0 0 0 0 0 0 0 0 0 0 0 0 0 0 0 0 0 0 0 0 0 2 0 0 0 0 0 0 0 0 0 0 0 0 0 0 0 0 0 1 0 0 0 0 0 0 0 1 2 0 0 0 0 0 0 0 0 1 0 0 0 0 0 0 0 0 2 0 0 0 0 0 0 0 0 1 0 0 0 0 
0 0 0 0 0 0 0 0 0 0 0 0 0 0 0 0 0 0 0 0 0 0 2 0 0 0 0 0 0 0 0 0 0 0 0 0 0 0 0 0 1 0 0 0 0 0 0 0 1 2 0 0 0 0 0 0 0 0 1 0 0 0 0 0 0 0 0 2 0 0 0 0 0 0 0 0 1 0 0 0 0 
0
0 0 0 0 0 0 0 0 0 
0 0 0 0 0 0 0 0 0 0 0 0 0 0 0 0 0 0 0 0 0 0 2 0 0 0 0 0 0 0 0 0 0 0 0 0 0 0 0 0 1 0 0 0 0 0 0 0 1 2 0 0 0 0 2 0 0 0 1 0 0 0 0 0 0 0 0 2 0 0 0 0 0 0 0 0 1 0 0 0 0 
0 0 0 0 0 0 0 0 0 0 0 0 0 0 0 0 0 0 0 0 0 0 2 0 0 0 0 0 0 0 0 0 0 0 0 0 0 0 0 0 1 0 0 0 0 0 0 0 1 2 0 0 0 0 2 0 0 0 1 0 0 0 0 0 0 0 0 2 0 0 0 0 0 0 0 0 1 0 0 0 0 
0
0 0 0 0 0 0 0 0 0 
0 0 0 0 0 0 0 0 0 0 0 1 0 0 0 0 0 0 0 0 0 0 2 0 0 0 0 0 0 0 0 0 0 0 0 0 0 0 0 0 1 0 0 0 0 0 0 0 1 2 0 0 0 0 2 0 0 0 1 0 0 0 0 0 0 0 0 2 0 0 0 0 0 0 0 0 1 0 0 0 0 
0 0 0 0 0 0 0 0 0 0 0 1 0 0 0 0 0 0 0 0 0 0 2 0 0 0 0 0 0 0 0 0 0 0 0 0 0 0 0 0 1 0 0 0 0 0 0 0 1 2 0 0 0 0 2 0 0 0 1 0 0 0 0 0 0 0 0 2 0 0 0 0 0 0 0 0 1 0 0 0 0 
0
0 0 0 0 0 0 0 0 0 
0 0 0 0 0 0 0 0 0 0 0 1 0 0 0 0 0 0 0 0 0 0 2 0 0 0 0 0 0 0 0 0 0 0 0 0 0 0 0 0 1 0 2 0 0 0 0 0 1 2 0 0 0 0 2 0 0 0 1 0 0 0 0 0 0 0 0 2 0 0 0 0 0 0 0 0 1 0 0 0 0 
0 0 0 0 0 0 0 0 0 0 0 1 0 0 0 0 0 0 0 0 0 0 2 0 0 0 0 0 0 0 0 0 0 0 0 0 0 0 0 0 1 0 2 0 0 0 0 0 1 2 0 0 0 0 2 0 0 0 1 0 0 0 0 0 0 0 0 2 0 0 0 0 0 0 0 0 1 0 0 0 0 
0
0 0 0 0 0 0 0 0 0 
0 0 0 0 0 0 0 0 0 0 0 1 0 0 0 0 0 0 0 0 0 0 2 0 0 0 0 0 0 0 0 0 0 0 0 0 1 0 0 0 1 0 2 0 0 0 0 0 1 2 0 0 0 0 2 0 0 0 1 0 0 0 0 0 0 0 0 2 0 0 0 0 0 0 0 0 1 0 0 0 0 
0 0 0 0 0 0 0 0 0 0 0 1 0 0 0 0 0 0 0 0 0 0 2 0 0 0 0 0 0 0 0 0 0 0 0 0 1 0 0 0 1 0 2 0 0 0 0 0 1 2 0 0 0 0 2 0 0 0 1 0 0 0 0 0 0 0 0 2 0 0 0 0 0 0 0 0 1 0 0 0 0 
0
0 0 0 0 0 0 0 0 0 
0 0 0 0 0 0 0 0 0 0 0 1 0 0 0 0 0 0 0 0 0 0 2 0 0 0 0 0 0 0 0 0 0 0 0 0 1 0 2 0 1 0 2 0 0 0 0 0 1 2 0 0 0 0 2 0 0 0 1 0 0 0 0 0 0 0 0 2 0 0 0 0 0 0 0 0 1 0 0 0 0 
0 0 0 0 0 0 0 0 0 0 0 1 0 0 0 0 0 0 0 0 0 0 2 0 0 0 0 0 0 0 0 0 0 0 0 0 1 0 2 0 1 0 2 0 0 0 0 0 1 2 0 0 0 0 2 0 0 0 1 0 0 0 0 0 0 0 0 2 0 0 0 0 0 0 0 0 1 0 0 0 0 
0
0 0 0 0 0 0 0 0 0 
0 0 0 0 0 0 0 0 0 0 0 1 0 0 0 0 0 0 0 0 0 0 2 0 0 0 0 0 0 0 0 0 0 1 0 0 1 0 2 0 1 0 2 0 0 0 0 0 1 2 0 0 0 0 2 0 0 0 1 0 0 0 0 0 0 0 0 2 0 0 0 0 0 0 0 0 1 0 0 0 0 
0 0 0 0 0 0 0 0 0 0 0 1 0 0 0 0 0 0 0 0 0 0 2 0 0 0 0 0 0 0 0 0 0 1 0 0 1 0 2 0 1 0 2 0 0 0 0 0 1 2 0 0 0 0 2 0 0 0 1 0 0 0 0 0 0 0 0 2 0 0 0 0 0 0 0 0 1 0 0 0 0 
0
0 0 0 0 0 0 0 0 0 
0 0 0 0 0 0 0 0 0 0 0 1 0 0 0 0 0 0 2 0 0 0 2 0 0 0 0 0 0 0 0 0 0 1 0 0 1 0 2 0 1 0 2 0 0 0 0 0 1 2 0 0 0 0 2 0 0 0 1 0 0 0 0 0 0 0 0 2 0 0 0 0 0 0 0 0 1 0 0 0 0 
0 0 0 0 0 0 0 0 0 0 0 1 0 0 0 0 0 0 2 0 0 0 2 0 0 0 0 0 0 0 0 0 0 1 0 0 1 0 2 0 1 0 2 0 0 0 0 0 1 2 0 0 0 0 2 0 0 0 1 0 0 0 0 0 0 0 0 2 0 0 0 0 0 0 0 0 1 0 0 0 0 
0
0 0 0 0 0 0 0 0 0 
0 0 0 0 0 0 0 0 0 0 0 1 0 0 0 0 0 0 2 0 0 0 2 0 0 0 0 0 0 0 0 0 0 1 0 0 1 0 2 0 1 0 2 0 0 0 0 0 1 2 0 0 0 0 2 0 0 0 1 0 0 0 0 0 0 1 0 2 0 0 0 0 0 0 0 0 1 0 0 0 0 
0 0 0 0 0 0 0 0 0 0 0 1 0 0 0 0 0 0 2 0 0 0 2 0 0 0 0 0 0 0 0 0 0 1 0 0 1 0 2 0 1 0 2 0 0 0 0 0 1 2 0 0 0 0 2 0 0 0 1 0 0 0 0 0 0 1 0 2 0 0 0 0 0 0 0 0 1 0 0 0 0 
0
0 0 0 0 0 0 0 0 0 
0 0 0 0 0 0 0 0 0 0 0 1 0 0 0 0 0 0 2 0 0 0 2 0 0 0 0 0 0 0 0 0 0 1 0 0 1 0 2 0 1 0 2 0 2 0 0 0 1 2 0 0 0 0 2 0 0 0 1 0 0 0 0 0 0 1 0 2 0 0 0 0 0 0 0 0 1 0 0 0 0 
0 0 0 0 0 0 0 0 0 0 0 1 0 0 0 0 0 0 2 0 0 0 2 0 0 0 0 0 0 0 0 0 0 1 0 0 1 0 2 0 1 0 2 0 2 0 0 0 1 2 0 0 0 0 2 0 0 0 1 0 0 0 0 0 0 1 0 2 0 0 0 0 0 0 0 0 1 0 0 0 0 
0
0 0 0 0 0 0 0 0 0 
0 0 0 0 0 0 0 0 0 0 0 1 0 0 0 0 0 0 2 0 0 0 2 0 0 0 0 0 0 0 0 0 0 1 0 1 1 0 2 0 1 0 2 0 2 0 0 0 1 2 0 0 0 0 2 0 0 0 1 0 0 0 0 0 0 1 0 2 0 0 0 0 0 0 0 0 1 0 0 0 0 
0 0 0 0 0 0 0 0 0 0 0 1 0 0 0 0 0 0 2 0 0 0 2 0 0 0 0 0 0 0 0 0 0 1 0 1 1 0 2 0 1 0 2 0 2 0 0 0 1 2 0 0 0 0 2 0 0 0 1 0 0 0 0 0 0 1 0 2 0 0 0 0 0 0 0 0 1 0 0 0 0 
0
0 0 0 0 0 0 0 0 0 
0 0 0 0 0 0 0 2 0 0 0 1 0 0 0 0 0 0 2 0 0 0 2 0 0 0 0 0 0 0 0 0 0 1 0 1 1 0 2 0 1 0 2 0 2 0 0 0 1 2 0 0 0 0 2 0 0 0 1 0 0 0 0 0 0 1 0 2 0 0 0 0 0 0 0 0 1 0 0 0 0 
0 0 0 0 0 0 0 2 0 0 0 1 0 0 0 0 0 0 2 0 0 0 2 0 0 0 0 0 0 0 0 0 0 1 0 1 1 0 2 0 1 0 2 0 2 0 0 0 1 2 0 0 0 0 2 0 0 0 1 0 0 0 0 0 0 1 0 2 0 0 0 0 0 0 0 0 1 0 0 0 0 
0
0 0 0 0 0 0 0 0 0 
0 0 0 0 0 0 0 2 0 0 0 1 0 0 0 0 0 0 2 0 0 0 2 1 0 0 0 0 0 0 0 0 0 1 0 1 1 0 2 0 1 0 2 0 2 0 0 0 1 2 0 0 0 0 2 0 0 0 1 0 0 0 0 0 0 1 0 2 0 0 0 0 0 0 0 0 1 0 0 0 0 
0 0 0 0 0 0 0 2 0 0 0 1 0 0 0 0 0 0 2 0 0 0 2 1 0 0 0 0 0 0 0 0 0 1 0 1 1 0 2 0 1 0 2 0 2 0 0 0 1 2 0 0 0 0 2 0 0 0 1 0 0 0 0 0 0 1 0 2 0 0 0 0 0 0 0 0 1 0 0 0 0 
0
0 0 0 0 0 0 0 0 0 
0 0 0 0 0 0 0 2 0 0 0 1 0 0 0 0 0 0 2 0 0 0 2 1 0 0 0 0 0 0 0 0 0 1 0 1 1 0 2 0 1 0 2 0 2 0 0 0 1 2 0 0 0 0 2 0 0 0 1 0 0 0 2 0 0 1 0 2 0 0 0 0 0 0 0 0 1 0 0 0 0 
0 0 0 0 0 0 0 2 0 0 0 1 0 0 0 0 0 0 2 0 0 0 2 1 0 0 0 0 0 0 0 0 0 1 0 1 1 0 2 0 1 0 2 0 2 0 0 0 1 2 0 0 0 0 2 0 0 0 1 0 0 0 2 0 0 1 0 2 0 0 0 0 0 0 0 0 1 0 0 0 0 
0
0 0 0 0 0 0 0 0 0 
0 0 0 0 0 0 0 2 0 0 0 1 0 0 0 0 0 0 2 0 0 0 2 1 0 0 1 0 0 0 0 0 0 1 0 1 1 0 2 0 1 0 2 0 2 0 0 0 1 2 0 0 0 0 2 0 0 0 1 0 0 0 2 0 0 1 0 2 0 0 0 0 0 0 0 0 1 0 0 0 0 
0 0 0 0 0 0 0 2 0 0 0 1 0 0 0 0 0 0 2 0 0 0 2 1 0 0 1 0 0 0 0 0 0 1 0 1 1 0 2 0 1 0 2 0 2 0 0 0 1 2 0 0 0 0 2 0 0 0 1 0 0 0 2 0 0 1 0 2 0 0 0 0 0 0 0 0 1 0 0 0 0 
0
0 0 0 0 0 0 0 0 0 
0 0 0 0 0 0 0 2 0 0 0 1 0 0 0 0 0 0 2 0 0 0 2 1 0 0 1 0 0 0 0 0 0 1 0 1 1 0 2 0 1 0 2 0 2 0 0 0 1 2 0 0 0 0 2 0 0 0 1 0 2 0 2 0 0 1 0 2 0 0 0 0 0 0 0 0 1 0 0 0 0 
0 0 0 0 0 0 0 2 0 0 0 1 0 0 0 0 0 0 2 0 0 0 2 1 0 0 1 0 0 0 0 0 0 1 0 1 1 0 2 0 1 0 2 0 2 0 0 0 1 2 0 0 0 0 2 0 0 0 1 0 2 0 2 0 0 1 0 2 0 0 0 0 0 0 0 0 1 0 0 0 0 
0
0 0 0 0 0 0 0 0 0 
0 0 0 0 0 0 0 2 0 1 0 1 0 0 0 0 0 0 2 0 0 0 2 1 0 0 1 0 0 0 0 0 0 1 0 1 1 0 2 0 1 0 2 0 2 0 0 0 1 2 0 0 0 0 2 0 0 0 1 0 2 0 2 0 0 1 0 2 0 0 0 0 0 0 0 0 1 0 0 0 0 
0 0 0 0 0 0 0 2 0 1 0 1 0 0 0 0 0 0 2 0 0 0 2 1 0 0 1 0 0 0 0 0 0 1 0 1 1 0 2 0 1 0 2 0 2 0 0 0 1 2 0 0 0 0 2 0 0 0 1 0 2 0 2 0 0 1 0 2 0 0 0 0 0 0 0 0 1 0 0 0 0 
0
0 0 0 0 0 0 0 0 0 
0 0 0 0 0 0 0 2 0 1 0 1 0 0 0 0 0 0 2 0 0 0 2 1 0 0 1 0 0 0 0 0 0 1 0 1 1 0 2 0 1 0 2 0 2 0 2 0 1 2 0 0 0 0 2 0 0 0 1 0 2 0 2 0 0 1 0 2 0 0 0 0 0 0 0 0 1 0 0 0 0 
0 0 0 0 0 0 0 2 0 1 0 1 0 0 0 0 0 0 2 0 0 0 2 1 0 0 1 0 0 0 0 0 0 1 0 1 1 0 2 0 1 0 2 0 2 0 2 0 1 2 0 0 0 0 2 0 0 0 1 0 2 0 2 0 0 1 0 2 0 0 0 0 0 0 0 0 1 0 0 0 0 
0
0 0 0 0 0 0 0 0 0 
0 0 0 0 0 0 0 2 0 1 0 1 0 0 0 0 0 0 2 0 0 0 2 1 0 0 1 0 0 0 0 0 0 1 0 1 1 0 2 0 1 0 2 0 2 0 2 0 1 2 0 0 0 0 2 0 0 0 1 1 2 0 2 0 0 1 0 2 0 0 0 0 0 0 0 0 1 0 0 0 0 
0 0 0 0 0 0 0 2 0 1 0 1 0 0 0 0 0 0 2 0 0 0 2 1 0 0 1 0 0 0 0 0 0 1 0 1 1 0 2 0 1 0 2 0 2 0 2 0 1 2 0 0 0 0 2 0 0 0 1 1 2 0 2 0 0 1 0 2 0 0 0 0 0 0 0 0 1 0 0 0 0 
0
0 0 0 0 0 0 0 0 0 
0 0 0 0 0 0 0 2 0 1 0 1 0 0 0 0 0 0 2 0 0 0 2 1 2 0 1 0 0 0 0 0 0 1 0 1 1 0 2 0 1 0 2 0 2 0 2 0 1 2 0 0 0 0 2 0 0 0 1 1 2 0 2 0 0 1 0 2 0 0 0 0 0 0 0 0 1 0 0 0 0 
0 0 0 0 0 0 0 2 0 1 0 1 0 0 0 0 0 0 2 0 0 0 2 1 2 0 1 0 0 0 0 0 0 1 0 1 1 0 2 0 1 0 2 0 2 0 2 0 1 2 0 0 0 0 2 0 0 0 1 1 2 0 2 0 0 1 0 2 0 0 0 0 0 0 0 0 1 0 0 0 0 
0
0 0 0 0 0 0 0 0 0 
0 0 0 0 0 0 0 2 0 1 0 1 0 0 0 0 0 0 2 0 0 0 2 1 2 0 1 0 0 0 0 0 0 1 0 1 1 0 2 0 1 0 2 0 2 0 2 0 1 2 0 0 0 0 2 0 0 0 1 1 2 0 2 1 0 1 0 2 0 0 0 0 0 0 0 0 1 0 0 0 0 
0 0 0 0 0 0 0 2 0 1 0 1 0 0 0 0 0 0 2 0 0 0 2 1 2 0 1 0 0 0 0 0 0 1 0 1 1 0 2 0 1 0 2 0 2 0 2 0 1 2 0 0 0 0 2 0 0 0 1 1 2 0 2 1 0 1 0 2 0 0 0 0 0 0 0 0 1 0 0 0 0 
0
0 0 0 0 0 0 0 0 0 
0 0 0 0 0 0 0 2 0 1 0 1 0 0 0 0 0 0 2 0 0 0 2 1 2 0 1 0 0 0 0 0 0 1 0 1 1 0 2 0 1 0 2 0 2 2 2 0 1 2 0 0 0 0 2 0 0 0 1 1 2 0 2 1 0 1 0 2 0 0 0 0 0 0 0 0 1 0 0 0 0 
0 0 0 0 0 0 0 2 0 1 0 1 0 0 0 0 0 0 2 0 0 0 2 1 2 0 1 0 0 0 0 0 0 1 0 1 1 0 2 0 1 0 2 0 2 2 2 0 1 2 0 0 0 0 2 0 0 0 1 1 2 0 2 1 0 1 0 2 0 0 0 0 0 0 0 0 1 0 0 0 0 
0
0 0 0 0 0 0 1 0 0 
0 0 0 0 0 0 0 2 0 1 0 1 0 0 0 0 0 0 2 0 0 0 2 1 2 0 1 0 0 0 0 0 0 1 0 1 1 0 2 0 1 0 2 0 2 2 2 0 1 2 0 0 0 0 2 0 0 0 1 1 2 0 2 1 1 1 0 2 0 0 0 0 0 0 0 0 1 0 0 0 0 
0 0 0 0 0 0 0 2 0 1 0 1 0 0 0 0 0 0 2 0 0 0 2 1 2 0 1 0 0 0 0 0 0 1 0 1 1 0 2 0 1 0 2 0 2 2 2 0 1 2 0 0 0 0 18 16 16 0 1 1 2 0 2 17 17 17 0 2 0 0 0 0 16 16 16 0 1 0 0 0 0 
0
0 0 0 0 0 0 1 0 0 
0 0 0 0 0 0 0 2 0 1 0 1 0 0 0 0 0 0 2 0 0 0 2 1 2 0 1 0 0 0 2 0 0 1 0 1 1 0 2 0 1 0 2 0 2 2 2 0 1 2 0 0 0 0 2 0 0 0 1 1 2 0 2 1 1 1 0 2 0 0 0 0 0 0 0 0 1 0 0 0 0 
0 0 0 0 0 0 0 2 0 1 0 1 0 0 0 0 0 0 2 0 0 0 2 1 2 0 1 0 0 0 2 0 0 1 0 1 1 0 2 0 1 0 2 0 2 2 2 0 1 2 0 0 0 0 18 16 16 0 1 1 2 0 2 17 17 17 0 2 0 0 0 0 16 16 16 0 1 0 0 0 0 
0
1 0 0 0 0 0 1 0 0 
0 0 0 0 0 0 0 2 0 1 1 1 0 0 0 0 0 0 2 0 0 0 2 1 2 0 1 0 0 0 2 0 0 1 0 1 1 0 2 0 1 0 2 0 2 2 2 0 1 2 0 0 0 0 2 0 0 0 1 1 2 0 2 1 1 1 0 2 0 0 0 0 0 0 0 0 1 0 0 0 0 
16 16 16 0 0 0 0 2 0 17 17 17 0 0 0 0 0 0 18 16 16 0 2 1 2 0 1 0 0 0 2 0 0 1 0 1 1 0 2 0 1 0 2 0 2 2 2 0 1 2 0 0 0 0 18 16 16 0 1 1 2 0 2 17 17 17 0 2 0 0 0 0 16 16 16 0 1 0 0 0 0 
0
1 0 0 0 0 0 1 0 0 
0 0 0 0 0 0 0 2 0 1 1 1 0 0 0 0 0 0 2 0 0 0 2 1 2 0 1 0 0 0 2 0 2 1 0 1 1 0 2 0 1 0 2 0 2 2 2 0 1 2 0 0 0 0 2 0 0 0 1 1 2 0 2 1 1 1 0 2 0 0 0 0 0 0 0 0 1 0 0 0 0 
16 16 16 0 0 0 0 2 0 17 17 17 0 0 0 0 0 0 18 16 16 0 2 1 2 0 1 0 0 0 2 0 2 1 0 1 1 0 2 0 1 0 2 0 2 2 2 0 1 2 0 0 0 0 18 16 16 0 1 1 2 0 2 17 17 17 0 2 0 0 0 0 16 16 16 0 1 0 0 0 0 
0
1 0 0 0 0 0 1 0 0 
0 0 0 0 0 0 0 2 0 1 1 1 0 0 0 0 0 0 2 0 0 0 2 1 2 1 1 0 0 0 2 0 2 1 0 1 1 0 2 0 1 0 2 0 2 2 2 0 1 2 0 0 0 0 2 0 0 0 1 1 2 0 2 1 1 1 0 2 0 0 0 0 0 0 0 0 1 0 0 0 0 
16 16 16 0 0 0 0 2 0 17 17 17 0 0 0 0 0 0 18 16 16 0 2 1 2 1 1 0 0 0 2 0 2 1 0 1 1 0 2 0 1 0 2 0 2 2 2 0 1 2 0 0 0 0 18 16 16 0 1 1 2 0 2 17 17 17 0 2 0 0 0 0 16 16 16 0 1 0 0 0 0 
0
1 0 0 0 0 0 1 0 0 
0 0 0 0 0 0 0 2 0 1 1 1 0 0 0 0 0 0 2 0 0 0 2 1 2 1 1 0 0 0 2 0 2 1 0 1 1 0 2 0 1 0 2 0 2 2 2 0 1 2 0 0 0 0 2 0 0 0 1 1 2 0 2 1 1 1 0 2 0 0 0 0 0 0 0 0 1 2 0 0 0 
16 16 16 0 0 0 0 2 0 17 17 17 0 0 0 0 0 0 18 16 16 0 2 1 2 1 1 0 0 0 2 0 2 1 0 1 1 0 2 0 1 0 2 0 2 2 2 0 1 2 0 0 0 0 18 16 16 0 1 1 2 0 2 17 17 17 0 2 0 0 0 0 16 16 16 0 1 2 0 0 0 
0
1 0 0 0 0 0 1 0 0 
0 0 0 0 0 0 0 2 0 1 1 1 0 0 0 0 0 0 2 0 0 0 2 1 2 1 1 0 0 0 2 0 2 1 0 1 1 0 2 0 1 0 2 0 2 2 2 0 1 2 0 0 0 0 2 0 0 0 1 1 2 1 2 1 1 1 0 2 0 0 0 0 0 0 0 0 1 2 0 0 0 
16 16 16 0 0 0 0 2 0 17 17 17 0 0 0 0 0 0 18 16 16 0 2 1 2 1 1 0 0 0 2 0 2 1 0 1 1 0 2 0 1 0 2 0 2 2 2 0 1 2 0 0 0 0 18 16 16 0 1 1 2 1 2 17 17 17 0 2 0 0 0 0 16 16 16 0 1 2 0 0 0 
0
1 0 0 0 0 0 1 0 0 
0 0 0 0 2 0 0 2 0 1 1 1 0 0 0 0 0 0 2 0 0 0 2 1 2 1 1 0 0 0 2 0 2 1 0 1 1 0 2 0 1 0 2 0 2 2 2 0 1 2 0 0 0 0 2 0 0 0 1 1 2 1 2 1 1 1 0 2 0 0 0 0 0 0 0 0 1 2 0 0 0 
16 16 16 0 2 0 0 2 0 17 17 17 0 0 0 0 0 0 18 16 16 0 2 1 2 1 1 0 0 0 2 0 2 1 0 1 1 0 2 0 1 0 2 0 2 2 2 0 1 2 0 0 0 0 18 16 16 0 1 1 2 1 2 17 17 17 0 2 0 0 0 0 16 16 16 0 1 2 0 0 0 
0
1 0 0 0 0 0 1 0 0 
0 0 0 0 2 1 0 2 0 1 1 1 0 0 0 0 0 0 2 0 0 0 2 1 2 1 1 0 0 0 2 0 2 1 0 1 1 0 2 0 1 0 2 0 2 2 2 0 1 2 0 0 0 0 2 0 0 0 1 1 2 1 2 1 1 1 0 2 0 0 0 0 0 0 0 0 1 2 0 0 0 
16 16 16 0 2 1 0 2 0 17 17 17 0 0 0 0 0 0 18 16 16 0 2 1 2 1 1 0 0 0 2 0 2 1 0 1 1 0 2 0 1 0 2 0 2 2 2 0 1 2 0 0 0 0 18 16 16 0 1 1 2 1 2 17 17 17 0 2 0 0 0 0 16 16 16 0 1 2 0 0 0 
0
1 0 0 0 0 0 1 0 0 
0 0 0 0 2 1 0 2 0 1 1 1 0 0 0 2 0 0 2 0 0 0 2 1 2 1 1 0 0 0 2 0 2 1 0 1 1 0 2 0 1 0 2 0 2 2 2 0 1 2 0 0 0 0 2 0 0 0 1 1 2 1 2 1 1 1 0 2 0 0 0 0 0 0 0 0 1 2 0 0 0 
16 16 16 0 2 1 0 2 0 17 17 17 0 0 0 2 0 0 18 16 16 0 2 1 2 1 1 0 0 0 2 0 2 1 0 1 1 0 2 0 1 0 2 0 2 2 2 0 1 2 0 0 0 0 18 16 16 0 1 1 2 1 2 17 17 17 0 2 0 0 0 0 16 16 16 0 1 2 0 0 0 
0
1 0 0 0 0 0 1 0 0 
0 0 0 0 2 1 0 2 0 1 1 1 0 0 0 2 0 0 2 0 0 0 2 1 2 1 1 0 1 0 2 0 2 1 0 1 1 0 2 0 1 0 2 0 2 2 2 0 1 2 0 0 0 0 2 0 0 0 1 1 2 1 2 1 1 1 0 2 0 0 0 0 0 0 0 0 1 2 0 0 0 
16 16 16 0 2 1 0 2 0 17 17 17 0 0 0 2 0 0 18 16 16 0 2 1 2 1 1 0 1 0 2 0 2 1 0 1 1 0 2 0 1 0 2 0 2 2 2 0 1 2 0 0 0 0 18 16 16 0 1 1 2 1 2 17 17 17 0 2 0 0 0 0 16 16 16 0 1 2 0 0 0 
0
1 0 0 0 0 0 1 0 0 
0 0 0 0 2 1 0 2 0 1 1 1 0 0 2 2 0 0 2 0 0 0 2 1 2 1 1 0 1 0 2 0 2 1 0 1 1 0 2 0 1 0 2 0 2 2 2 0 1 2 0 0 0 0 2 0 0 0 1 1 2 1 2 1 1 1 0 2 0 0 0 0 0 0 0 0 1 2 0 0 0 
16 16 16 0 2 1 0 2 0 17 17 17 0 0 2 2 0 0 18 16 16 0 2 1 2 1 1 0 1 0 2 0 2 1 0 1 1 0 2 0 1 0 2 0 2 2 2 0 1 2 0 0 0 0 18 16 16 0 1 1 2 1 2 17 17 17 0 2 0 0 0 0 16 16 16 0 1 2 0 0 0 
0
1 0 0 0 0 0 1 0 0 
0 0 0 0 2 1 0 2 0 1 1 1 0 0 2 2 0 0 2 0 0 0 2 1 2 1 1 0 1 0 2 0 2 1 0 1 1 0 2 0 1 0 2 0 2 2 2 0 1 2 0 0 0 1 2 0 0 0 1 1 2 1 2 1 1 1 0 2 0 0 0 0 0 0 0 0 1 2 0 0 0 
16 16 16 0 2 1 0 2 0 17 17 17 0 0 2 2 0 0 18 16 16 0 2 1 2 1 1 0 1 0 2 0 2 1 0 1 1 0 2 0 1 0 2 0 2 2 2 0 1 2 0 0 0 1 18 16 16 0 1 1 2 1 2 17 17 17 0 2 0 0 0 0 16 16 16 0 1 2 0 0 0 
0
1 0 0 0 0 0 1 0 0 
0 0 0 0 2 1 0 2 0 1 1 1 0 0 2 2 0 0 2 0 0 0 2 1 2 1 1 0 1 0 2 0 2 1 0 1 1 0 2 0 1 0 2 0 2 2 2 0 1 2 0 0 0 1 2 0 0 0 1 1 2 1 2 1 1 1 0 2 0 0 2 0 0 0 0 0 1 2 0 0 0 
16 16 16 0 2 1 0 2 0 17 17 17 0 0 2 2 0 0 18 16 16 0 2 1 2 1 1 0 1 0 2 0 2 1 0 1 1 0 2 0 1 0 2 0 2 2 2 0 1 2 0 0 0 1 18 16 16 0 1 1 2 1 2 17 17 17 0 2 0 0 2 0 16 16 16 0 1 2 0 0 0 
0
1 0 0 0 0 0 1 0 0 
0 0 0 0 2 1 0 2 0 1 1 1 0 0 2 2 0 0 2 0 0 0 2 1 2 1 1 0 1 0 2 0 2 1 0 1 1 0 2 1 1 0 2 0 2 2 2 0 1 2 0 0 0 1 2 0 0 0 1 1 2 1 2 1 1 1 0 2 0 0 2 0 0 0 0 0 1 2 0 0 0 
16 16 16 0 2 1 0 2 0 17 17 17 0 0 2 2 0 0 18 16 16 0 2 1 2 1 1 0 1 0 2 0 2 1 0 1 1 0 2 1 1 0 2 0 2 2 2 0 1 2 0 0 0 1 18 16 16 0 1 1 2 1 2 17 17 17 0 2 0 0 2 0 16 16 16 0 1 2 0 0 0 
0
1 0 0 0 0 0 1 0 0 
0 0 0 0 2 1 0 2 0 1 1 1 0 0 2 2 0 0 2 0 0 0 2 1 2 1 1 0 1 2 2 0 2 1 0 1 1 0 2 1 1 0 2 0 2 2 2 0 1 2 0 0 0 1 2 0 0 0 1 1 2 1 2 1 1 1 0 2 0 0 2 0 0 0 0 0 1 2 0 0 0 
16 16 16 0 2 1 0 2 0 17 17 17 0 0 2 2 0 0 18 16 16 0 2 1 2 1 1 0 1 2 2 0 2 1 0 1 1 0 2 1 1 0 2 0 2 2 2 0 1 2 0 0 0 1 18 16 16 0 1 1 2 1 2 17 17 17 0 2 0 0 2 0 16 16 16 0 1 2 0 0 0 
0
1 0 0 0 0 0 1 0 0 
0 0 0 0 2 1 0 2 0 1 1 1 0 0 2 2 0 1 2 0 0 0 2 1 2 1 1 0 1 2 2 0 2 1 0 1 1 0 2 1 1 0 2 0 2 2 2 0 1 2 0 0 0 1 2 0 0 0 1 1 2 1 2 1 1 1 0 2 0 0 2 0 0 0 0 0 1 2 0 0 0 
16 16 16 0 2 1 0 2 0 17 17 17 0 0 2 2 0 1 18 16 16 0 2 1 2 1 1 0 1 2 2 0 2 1 0 1 1 0 2 1 1 0 2 0 2 2 2 0 1 2 0 0 0 1 18 16 16 0 1 1 2 1 2 17 17 17 0 2 0 0 2 0 16 16 16 0 1 2 0 0 0 
0
1 0 0 0 0 2 1 0 0 
0 0 0 0 2 1 0 2 0 1 1 1 0 0 2 2 0 1 2 0 0 0 2 1 2 1 1 0 1 2 2 0 2 1 0 1 1 0 2 1 1 0 2 2 2 2 2 0 1 2 0 0 0 1 2 0 0 0 1 1 2 1 2 1 1 1 0 2 0 0 2 0 0 0 0 0 1 2 0 0 0 
16 16 16 0 2 1 0 2 0 17 17 17 0 0 2 2 0 1 18 16 16 0 2 1 2 1 1 0 1 2 2 0 2 33 32 33 1 0 2 1 1 0 34 34 34 2 2 0 1 2 0 32 32 33 18 16 16 0 1 1 2 1 2 17 17 17 0 2 0 0 2 0 16 16 16 0 1 2 0 0 0 
0
1 0 0 0 0 2 1 0 0 
0 0 0 0 2 1 0 2 0 1 1 1 0 0 2 2 0 1 2 0 0 0 2 1 2 1 1 0 1 2 2 1 2 1 0 1 1 0 2 1 1 0 2 2 2 2 2 0 1 2 0 0 0 1 2 0 0 0 1 1 2 1 2 1 1 1 0 2 0 0 2 0 0 0 0 0 1 2 0 0 0 
16 16 16 0 2 1 0 2 0 17 17 17 0 0 2 2 0 1 18 16 16 0 2 1 2 1 1 0 1 2 2 1 2 33 32 33 1 0 2 1 1 0 34 34 34 2 2 0 1 2 0 32 32 33 18 16 16 0 1 1 2 1 2 17 17 17 0 2 0 0 2 0 16 16 16 0 1 2 0 0 0 
0
1 2 0 0 0 2 1 0 0 
0 0 0 0 2 1 0 2 0 1 1 1 0 2 2 2 0 1 2 0 0 0 2 1 2 1 1 0 1 2 2 1 2 1 0 1 1 0 2 1 1 0 2 2 2 2 2 0 1 2 0 0 0 1 2 0 0 0 1 1 2 1 2 1 1 1 0 2 0 0 2 0 0 0 0 0 1 2 0 0 0 
16 16 16 32 34 33 0 2 0 17 17 17 32 34 34 2 0 1 18 16 16 32 34 33 2 1 1 0 1 2 2 1 2 33 32 33 1 0 2 1 1 0 34 34 34 2 2 0 1 2 0 32 32 33 18 16 16 0 1 1 2 1 2 17 17 17 0 2 0 0 2 0 16 16 16 0 1 2 0 0 0 
0
1 2 0 0 1 2 1 0 0 
0 0 0 0 2 1 0 2 0 1 1 1 0 2 2 2 0 1 2 0 0 0 2 1 2 1 1 0 1 2 2 1 2 1 0 1 1 0 2 1 1 1 2 2 2 2 2 0 1 2 0 0 0 1 2 0 0 0 1 1 2 1 2 1 1 1 0 2 0 0 2 0 0 0 0 0 1 2 0 0 0 
16 16 16 32 34 33 0 2 0 17 17 17 32 34 34 2 0 1 18 16 16 32 34 33 2 1 1 0 1 2 18 17 18 33 32 33 1 0 2 17 17 17 34 34 34 2 2 0 17 18 16 32 32 33 18 16 16 0 1 1 2 1 2 17 17 17 0 2 0 0 2 0 16 16 16 0 1 2 0 0 0 
0
1 2 2 0 1 2 1 0 0 
0 0 0 0 2 1 2 2 0 1 1 1 0 2 2 2 0 1 2 0 0 0 2 1 2 1 1 0 1 2 2 1 2 1 0 1 1 0 2 1 1 1 2 2 2 2 2 0 1 2 0 0 0 1 2 0 0 0 1 1 2 1 2 1 1 1 0 2 0 0 2 0 0 0 0 0 1 2 0 0 0 
16 16 16 32 34 33 34 34 32 17 17 17 32 34 34 34 32 33 18 16 16 32 34 33 34 33 33 0 1 2 18 17 18 33 32 33 1 0 2 17 17 17 34 34 34 2 2 0 17 18 16 32 32 33 18 16 16 0 1 1 2 1 2 17 17 17 0 2 0 0 2 0 16 16 16 0 1 2 0 0 0 
0
1 2 2 0 1 2 1 0 0 
0 0 0 0 2 1 2 2 0 1 1 1 0 2 2 2 0 1 2 0 0 0 2 1 2 1 1 1 1 2 2 1 2 1 0 1 1 0 2 1 1 1 2 2 2 2 2 0 1 2 0 0 0 1 2 0 0 0 1 1 2 1 2 1 1 1 0 2 0 0 2 0 0 0 0 0 1 2 0 0 0 
16 16 16 32 34 33 34 34 32 17 17 17 32 34 34 34 32 33 18 16 16 32 34 33 34 33 33 1 1 2 18 17 18 33 32 33 1 0 2 17 17 17 34 34 34 2 2 0 17 18 16 32 32 33 18 16 16 0 1 1 2 1 2 17 17 17 0 2 0 0 2 0 16 16 16 0 1 2 0 0 0 
0
1 2 2 0 1 2 1 0 2 
0 0 0 0 2 1 2 2 0 1 1 1 0 2 2 2 0 1 2 0 0 0 2 1 2 1 1 1 1 2 2 1 2 1 0 1 1 0 2 1 1 1 2 2 2 2 2 0 1 2 0 0 0 1 2 0 0 0 1 1 2 1 2 1 1 1 0 2 0 0 2 0 0 0 0 0 1 2 2 0 0 
16 16 16 32 34 33 34 34 32 17 17 17 32 34 34 34 32 33 18 16 16 32 34 33 34 33 33 1 1 2 18 17 18 33 32 33 1 0 2 17 17 17 34 34 34 2 2 0 17 18 16 32 32 33 18 16 16 0 1 1 34 33 34 17 17 17 0 2 0 32 34 32 16 16 16 0 1 2 34 32 32 
0
1 2 2 0 1 2 1 0 2 
0 0 0 0 2 1 2 2 0 1 1 1 0 2 2 2 0 1 2 0 0 0 2 1 2 1 1 1 1 2 2 1 2 1 0 1 1 0 2 1 1 1 2 2 2 2 2 0 1 2 0 0 0 1 2 0 0 0 1 1 2 1 2 1 1 1 0 2 0 0 2 0 0 0 0 0 1 2 2 0 0 
16 16 16 32 34 33 34 34 32 17 17 17 32 34 34 34 32 33 18 16 16 32 34 33 34 33 33 1 1 2 18 17 18 33 32 33 1 0 2 17 17 17 34 34 34 2 2 0 17 18 16 32 32 33 18 16 16 0 1 1 34 33 34 17 17 17 0 2 0 32 34 32 16 16 16 0 1 2 34 32 32 
0
