0 0 0 0 0 0 0 0 0 
0 0 0 0 0 0 0 0 0 0 0 0 0 0 0 0 0 0 0 0 0 0 0 0 0 0 0 0 0 0 0 0 0 0 0 0 0 0 0 0 1 0 0 0 0 0 0 0 0 0 0 0 0 0 0 0 0 0 0 0 0 0 0 0 0 0 0 0 0 0 0 0 0 0 0 0 0 0 0 0 0 
0 0 0 0 0 0 0 0 0 0 0 0 0 0 0 0 0 0 0 0 0 0 0 0 0 0 0 0 0 0 0 0 0 0 0 0 0 0 0 0 1 0 0 0 0 0 0 0 0 0 0 0 0 0 0 0 0 0 0 0 0 0 0 0 0 0 0 0 0 0 0 0 0 0 0 0 0 0 0 0 0 
1
0 0 0 0 0 0 0 0 0 
0 0 0 0 0 0 0 0 0 0 0 0 0 0 0 0 0 0 0 0 0 0 0 0 0 0 0 0 0 0 0 0 0 0 0 0 0 0 0 0 1 0 0 0 0 0 0 0 0 2 0 0 0 0 0 0 0 0 0 0 0 0 0 0 0 0 0 0 0 0 0 0 0 0 0 0 0 0 0 0 0 
0 0 0 0 0 0 0 0 0 0 0 0 0 0 0 0 0 0 0 0 0 0 0 0 0 0 0 0 0 0 0 0 0 0 0 0 0 0 0 0 1 0 0 0 0 0 0 0 0 2 0 0 0 0 0 0 0 0 0 0 0 0 0 0 0 0 0 0 0 0 0 0 0 0 0 0 0 0 0 0 0 
1
0 0 0 0 0 0 0 0 0 
0 0 0 0 0 0 0 0 0 0 0 0 0 0 0 0 0 0 0 0 0 0 0 0 0 0 0 0 0 0 0 0 0 0 0 0 0 0 0 0 1 0 0 0 0 0 0 0 0 2 0 0 0 0 0 0 0 0 1 0 0 0 0 0 0 0 0 0 0 0 0 0 0 0 0 0 0 0 0 0 0 
0 0 0 0 0 0 0 0 0 0 0 0 0 0 0 0 0 0 0 0 0 0 0 0 0 0 0 0 0 0 0 0 0 0 0 0 0 0 0 0 1 0 0 0 0 0 0 0 0 2 0 0 0 0 0 0 0 0 1 0 0 0 0 0 0 0 0 0 0 0 0 0 0 0 0 0 0 0 0 0 0 
1
0 0 0 0 0 0 0 0 0 
0 0 0 0 0 0 0 0 0 0 0 0 0 0 2 0 0 0 0 0 0 0 0 0 0 0 0 0 0 0 0 0 0 0 0 0 0 0 0 0 1 0 0 0 0 0 0 0 0 2 0 0 0 0 0 0 0 0 1 0 0 0 0 0 0 0 0 0 0 0 0 0 0 0 0 0 0 0 0 0 0 
0 0 0 0 0 0 0 0 0 0 0 0 0 0 2 0 0 0 0 0 0 0 0 0 0 0 0 0 0 0 0 0 0 0 0 0 0 0 0 0 1 0 0 0 0 0 0 0 0 2 0 0 0 0 0 0 0 0 1 0 0 0 0 0 0 0 0 0 0 0 0 0 0 0 0 0 0 0 0 0 0 
1
0 0 0 0 0 0 0 0 0 
0 0 0 0 0 0 0 0 0 0 0 0 0 0 2 0 0 0 0 0 0 0 0 0 0 0 0 0 0 0 0 0 0 0 0 0 0 0 0 0 1 0 1 0 0 0 0 0 0 2 0 0 0 0 0 0 0 0 1 0 0 0 0 0 0 0 0 0 0 0 0 0 0 0 0 0 0 0 0 0 0 
0 0 0 0 0 0 0 0 0 0 0 0 0 0 2 0 0 0 0 0 0 0 0 0 0 0 0 0 0 0 0 0 0 0 0 0 0 0 0 0 1 0 1 0 0 0 0 0 0 2 0 0 0 0 0 0 0 0 1 0 0 0 0 0 0 0 0 0 0 0 0 0 0 0 0 0 0 0 0 0 0 
1
0 0 0 0 0 0 0 0 0 
0 0 0 0 0 0 0 0 0 0 0 0 0 0 2 0 0 0 0 0 0 0 0 0 0 0 0 0 0 2 0 0 0 0 0 0 0 0 0 0 1 0 1 0 0 0 0 0 0 2 0 0 0 0 0 0 0 0 1 0 0 0 0 0 0 0 0 0 0 0 0 0 0 0 0 0 0 0 0 0 0 
0 0 0 0 0 0 0 0 0 0 0 0 0 0 2 0 0 0 0 0 0 0 0 0 0 0 0 0 0 2 0 0 0 0 0 0 0 0 0 0 1 0 1 0 0 0 0 0 0 2 0 0 0 0 0 0 0 0 1 0 0 0 0 0 0 0 0 0 0 0 0 0 0 0 0 0 0 0 0 0 0 
1
0 0 0 0 0 0 0 0 0 
0 0 0 0 0 0 0 0 1 0 0 0 0 0 2 0 0 0 0 0 0 0 0 0 0 0 0 0 0 2 0 0 0 0 0 0 0 0 0 0 1 0 1 0 0 0 0 0 0 2 0 0 0 0 0 0 0 0 1 0 0 0 0 0 0 0 0 0 0 0 0 0 0 0 0 0 0 0 0 0 0 
0 0 0 0 0 0 0 0 1 0 0 0 0 0 2 0 0 0 0 0 0 0 0 0 0 0 0 0 0 2 0 0 0 0 0 0 0 0 0 0 1 0 1 0 0 0 0 0 0 2 0 0 0 0 0 0 0 0 1 0 0 0 0 0 0 0 0 0 0 0 0 0 0 0 0 0 0 0 0 0 0 
1
0 0 0 0 0 0 0 0 0 
0 0 0 0 0 0 0 0 1 0 0 0 0 0 2 0 0 0 0 0 0 0 0 0 0 0 2 0 0 2 0 0 0 0 0 0 0 0 0 0 1 0 1 0 0 0 0 0 0 2 0 0 0 0 0 0 0 0 1 0 0 0 0 0 0 0 0 0 0 0 0 0 0 0 0 0 0 0 0 0 0 
0 0 0 0 0 0 0 0 1 0 0 0 0 0 2 0 0 0 0 0 0 0 0 0 0 0 2 0 0 2 0 0 0 0 0 0 0 0 0 0 1 0 1 0 0 0 0 0 0 2 0 0 0 0 0 0 0 0 1 0 0 0 0 0 0 0 0 0 0 0 0 0 0 0 0 0 0 0 0 0 0 
1
0 0 0 0 0 0 0 0 0 
0 0 0 0 0 0 0 0 1 0 0 0 0 0 2 0 0 0 0 0 0 0 0 0 0 0 2 0 0 2 0 0 0 0 0 0 0 0 0 0 1 0 1 0 0 0 0 0 0 2 0 0 0 0 0 0 0 0 1 0 0 0 0 0 0 0 0 0 0 0 0 0 0 0 0 0 0 0 0 1 0 
0 0 0 0 0 0 0 0 1 0 0 0 0 0 2 0 0 0 0 0 0 0 0 0 0 0 2 0 0 2 0 0 0 0 0 0 0 0 0 0 1 0 1 0 0 0 0 0 0 2 0 0 0 0 0 0 0 0 1 0 0 0 0 0 0 0 0 0 0 0 0 0 0 0 0 0 0 0 0 1 0 
1
0 0 0 0 0 0 0 0 0 
0 0 0 0 0 0 0 0 1 0 0 0 0 0 2 0 0 0 0 0 0 0 0 0 0 0 2 0 0 2 0 0 0 0 0 0 0 0 0 0 1 0 1 0 0 0 0 0 0 2 0 0 0 0 0 0 0 0 1 0 0 0 0 0 0 0 0 0 0 0 0 0 0 0 0 2 0 0 0 1 0 
0 0 0 0 0 0 0 0 1 0 0 0 0 0 2 0 0 0 0 0 0 0 0 0 0 0 2 0 0 2 0 0 0 0 0 0 0 0 0 0 1 0 1 0 0 0 0 0 0 2 0 0 0 0 0 0 0 0 1 0 0 0 0 0 0 0 0 0 0 0 0 0 0 0 0 2 0 0 0 1 0 
1
0 0 0 0 0 0 0 0 0 
0 0 0 0 0 0 0 0 1 0 0 0 0 0 2 0 0 0 0 0 0 0 0 0 0 0 2 0 0 2 0 0 0 0 0 0 0 0 0 0 1 0 1 0 0 0 0 0 0 2 0 0 0 0 0 0 0 0 1 0 0 0 0 0 0 0 0 0 0 0 0 0 1 0 0 2 0 0 0 1 0 
0 0 0 0 0 0 0 0 1 0 0 0 0 0 2 0 0 0 0 0 0 0 0 0 0 0 2 0 0 2 0 0 0 0 0 0 0 0 0 0 1 0 1 0 0 0 0 0 0 2 0 0 0 0 0 0 0 0 1 0 0 0 0 0 0 0 0 0 0 0 0 0 1 0 0 2 0 0 0 1 0 
1
0 0 0 0 0 0 0 0 0 
0 0 0 0 0 0 0 0 1 0 0 0 0 0 2 0 0 0 0 0 0 0 0 0 0 0 2 0 0 2 0 0 0 0 0 0 0 0 0 0 1 0 1 0 0 0 0 0 0 2 0 0 0 0 2 0 0 0 1 0 0 0 0 0 0 0 0 0 0 0 0 0 1 0 0 2 0 0 0 1 0 
0 0 0 0 0 0 0 0 1 0 0 0 0 0 2 0 0 0 0 0 0 0 0 0 0 0 2 0 0 2 0 0 0 0 0 0 0 0 0 0 1 0 1 0 0 0 0 0 0 2 0 0 0 0 2 0 0 0 1 0 0 0 0 0 0 0 0 0 0 0 0 0 1 0 0 2 0 0 0 1 0 
1
0 0 0 0 0 0 0 0 0 
0 0 0 0 0 0 0 0 1 0 0 1 0 0 2 0 0 0 0 0 0 0 0 0 0 0 2 0 0 2 0 0 0 0 0 0 0 0 0 0 1 0 1 0 0 0 0 0 0 2 0 0 0 0 2 0 0 0 1 0 0 0 0 0 0 0 0 0 0 0 0 0 1 0 0 2 0 0 0 1 0 
0 0 0 0 0 0 0 0 1 0 0 1 0 0 2 0 0 0 0 0 0 0 0 0 0 0 2 0 0 2 0 0 0 0 0 0 0 0 0 0 1 0 1 0 0 0 0 0 0 2 0 0 0 0 2 0 0 0 1 0 0 0 0 0 0 0 0 0 0 0 0 0 1 0 0 2 0 0 0 1 0 
1
0 0 0 0 0 0 0 0 0 
0 0 0 0 0 0 0 0 1 0 0 1 0 0 2 0 0 0 0 0 0 0 0 0 0 0 2 0 0 2 0 0 0 0 0 0 0 0 0 0 1 0 1 0 2 0 0 0 0 2 0 0 0 0 2 0 0 0 1 0 0 0 0 0 0 0 0 0 0 0 0 0 1 0 0 2 0 0 0 1 0 
0 0 0 0 0 0 0 0 1 0 0 1 0 0 2 0 0 0 0 0 0 0 0 0 0 0 2 0 0 2 0 0 0 0 0 0 0 0 0 0 1 0 1 0 2 0 0 0 0 2 0 0 0 0 2 0 0 0 1 0 0 0 0 0 0 0 0 0 0 0 0 0 1 0 0 2 0 0 0 1 0 
1
0 0 0 0 0 0 0 0 0 
0 0 0 0 0 0 0 0 1 0 0 1 0 0 2 0 0 0 0 0 0 0 0 0 0 0 2 0 0 2 0 0 0 1 0 0 0 0 0 0 1 0 1 0 2 0 0 0 0 2 0 0 0 0 2 0 0 0 1 0 0 0 0 0 0 0 0 0 0 0 0 0 1 0 0 2 0 0 0 1 0 
0 0 0 0 0 0 0 0 1 0 0 1 0 0 2 0 0 0 0 0 0 0 0 0 0 0 2 0 0 2 0 0 0 1 0 0 0 0 0 0 1 0 1 0 2 0 0 0 0 2 0 0 0 0 2 0 0 0 1 0 0 0 0 0 0 0 0 0 0 0 0 0 1 0 0 2 0 0 0 1 0 
1
0 0 0 0 0 0 0 0 0 
0 0 0 0 0 0 0 0 1 2 0 1 0 0 2 0 0 0 0 0 0 0 0 0 0 0 2 0 0 2 0 0 0 1 0 0 0 0 0 0 1 0 1 0 2 0 0 0 0 2 0 0 0 0 2 0 0 0 1 0 0 0 0 0 0 0 0 0 0 0 0 0 1 0 0 2 0 0 0 1 0 
0 0 0 0 0 0 0 0 1 2 0 1 0 0 2 0 0 0 0 0 0 0 0 0 0 0 2 0 0 2 0 0 0 1 0 0 0 0 0 0 1 0 1 0 2 0 0 0 0 2 0 0 0 0 2 0 0 0 1 0 0 0 0 0 0 0 0 0 0 0 0 0 1 0 0 2 0 0 0 1 0 
1
0 0 0 0 0 0 0 0 0 
0 0 0 0 0 0 0 0 1 2 0 1 0 0 2 0 0 0 0 0 0 0 0 0 0 0 2 0 1 2 0 0 0 1 0 0 0 0 0 0 1 0 1 0 2 0 0 0 0 2 0 0 0 0 2 0 0 0 1 0 0 0 0 0 0 0 0 0 0 0 0 0 1 0 0 2 0 0 0 1 0 
0 0 0 0 0 0 0 0 1 2 0 1 0 0 2 0 0 0 0 0 0 0 0 0 0 0 2 0 1 2 0 0 0 1 0 0 0 0 0 0 1 0 1 0 2 0 0 0 0 2 0 0 0 0 2 0 0 0 1 0 0 0 0 0 0 0 0 0 0 0 0 0 1 0 0 2 0 0 0 1 0 
1
0 0 0 0 0 0 0 0 0 
0 0 0 0 0 0 0 0 1 2 0 1 2 0 2 0 0 0 0 0 0 0 0 0 0 0 2 0 1 2 0 0 0 1 0 0 0 0 0 0 1 0 1 0 2 0 0 0 0 2 0 0 0 0 2 0 0 0 1 0 0 0 0 0 0 0 0 0 0 0 0 0 1 0 0 2 0 0 0 1 0 
0 0 0 0 0 0 0 0 1 2 0 1 2 0 2 0 0 0 0 0 0 0 0 0 0 0 2 0 1 2 0 0 0 1 0 0 0 0 0 0 1 0 1 0 2 0 0 0 0 2 0 0 0 0 2 0 0 0 1 0 0 0 0 0 0 0 0 0 0 0 0 0 1 0 0 2 0 0 0 1 0 
1
0 0 0 0 0 0 0 0 0 
0 0 0 0 0 0 0 0 1 2 0 1 2 0 2 0 0 0 0 0 0 0 0 0 0 0 2 0 1 2 0 0 0 1 0 0 0 0 0 0 1 0 1 0 2 0 1 0 0 2 0 0 0 0 2 0 0 0 1 0 0 0 0 0 0 0 0 0 0 0 0 0 1 0 0 2 0 0 0 1 0 
0 0 0 0 0 0 0 0 1 2 0 1 2 0 2 0 0 0 0 0 0 0 0 0 0 0 2 0 1 2 0 0 0 1 0 0 0 0 0 0 1 0 1 0 2 0 1 0 0 2 0 0 0 0 2 0 0 0 1 0 0 0 0 0 0 0 0 0 0 0 0 0 1 0 0 2 0 0 0 1 0 
1
0 0 0 0 0 0 0 0 0 
0 0 0 0 0 0 0 0 1 2 0 1 2 0 2 0 0 0 0 0 0 0 0 0 0 0 2 0 1 2 0 0 0 1 0 0 0 0 0 0 1 0 1 0 2 0 1 0 0 2 0 0 0 0 2 0 0 0 1 0 0 0 0 0 0 0 0 0 0 0 0 0 1 0 0 2 0 2 0 1 0 
0 0 0 0 0 0 0 0 1 2 0 1 2 0 2 0 0 0 0 0 0 0 0 0 0 0 2 0 1 2 0 0 0 1 0 0 0 0 0 0 1 0 1 0 2 0 1 0 0 2 0 0 0 0 2 0 0 0 1 0 0 0 0 0 0 0 0 0 0 0 0 0 1 0 0 2 0 2 0 1 0 
1
0 0 0 0 0 0 0 0 0 
0 0 0 0 0 0 0 0 1 2 0 1 2 0 2 0 0 0 0 0 0 0 0 0 0 0 2 0 1 2 0 0 0 1 0 0 0 0 0 0 1 0 1 0 2 0 1 0 0 2 0 0 0 0 2 0 0 0 1 0 0 1 0 0 0 0 0 0 0 0 0 0 1 0 0 2 0 2 0 1 0 
0 0 0 0 0 0 0 0 1 2 0 1 2 0 2 0 0 0 0 0 0 0 0 0 0 0 2 0 1 2 0 0 0 1 0 0 0 0 0 0 1 0 1 0 2 0 1 0 0 2 0 0 0 0 2 0 0 0 1 0 0 1 0 0 0 0 0 0 0 0 0 0 1 0 0 2 0 2 0 1 0 
1
0 2 0 0 0 0 0 0 0 
0 0 0 0 0 0 0 0 1 2 0 1 2 2 2 0 0 0 0 0 0 0 0 0 0 0 2 0 1 2 0 0 0 1 0 0 0 0 0 0 1 0 1 0 2 0 1 0 0 2 0 0 0 0 2 0 0 0 1 0 0 1 0 0 0 0 0 0 0 0 0 0 1 0 0 2 0 2 0 1 0 
0 0 0 32 32 32 0 0 1 2 0 1 34 34 34 0 0 0 0 0 0 32 32 32 0 0 2 0 1 2 0 0 0 1 0 0 0 0 0 0 1 0 1 0 2 0 1 0 0 2 0 0 0 0 2 0 0 0 1 0 0 1 0 0 0 0 0 0 0 0 0 0 1 0 0 2 0 2 0 1 0 
1
0 2 0 0 0 0 0 0 0 
0 0 0 0 0 0 0 0 1 2 0 1 2 2 2 0 0 0 0 0 0 0 0 0 0 0 2 0 1 2 0 0 0 1 0 0 0 0 0 0 1 1 1 0 2 0 1 0 0 2 0 0 0 0 2 0 0 0 1 0 0 1 0 0 0 0 0 0 0 0 0 0 1 0 0 2 0 2 0 1 0 
0 0 0 32 32 32 0 0 1 2 0 1 34 34 34 0 0 0 0 0 0 32 32 32 0 0 2 0 1 2 0 0 0 1 0 0 0 0 0 0 1 1 1 0 2 0 1 0 0 2 0 0 0 0 2 0 0 0 1 0 0 1 0 0 0 0 0 0 0 0 0 0 1 0 0 2 0 2 0 1 0 
1
0 2 0 0 0 0 0 0 0 
0 0 0 0 0 0 0 0 1 2 0 1 2 2 2 0 0 0 0 0 0 0 0 0 0 0 2 0 1 2 0 0 0 1 0 2 0 0 0 0 1 1 1 0 2 0 1 0 0 2 0 0 0 0 2 0 0 0 1 0 0 1 0 0 0 0 0 0 0 0 0 0 1 0 0 2 0 2 0 1 0 
0 0 0 32 32 32 0 0 1 2 0 1 34 34 34 0 0 0 0 0 0 32 32 32 0 0 2 0 1 2 0 0 0 1 0 2 0 0 0 0 1 1 1 0 2 0 1 0 0 2 0 0 0 0 2 0 0 0 1 0 0 1 0 0 0 0 0 0 0 0 0 0 1 0 0 2 0 2 0 1 0 
1
0 2 0 0 0 0 0 0 0 
0 0 0 0 0 0 0 0 1 2 0 1 2 2 2 0 0 0 0 0 0 0 0 0 0 1 2 0 1 2 0 0 0 1 0 2 0 0 0 0 1 1 1 0 2 0 1 0 0 2 0 0 0 0 2 0 0 0 1 0 0 1 0 0 0 0 0 0 0 0 0 0 1 0 0 2 0 2 0 1 0 
0 0 0 32 32 32 0 0 1 2 0 1 34 34 34 0 0 0 0 0 0 32 32 32 0 1 2 0 1 2 0 0 0 1 0 2 0 0 0 0 1 1 1 0 2 0 1 0 0 2 0 0 0 0 2 0 0 0 1 0 0 1 0 0 0 0 0 0 0 0 0 0 1 0 0 2 0 2 0 1 0 
1
0 2 0 0 0 0 0 0 0 
0 0 0 0 0 0 0 0 1 2 0 1 2 2 2 0 0 0 0 0 0 0 0 0 0 1 2 0 1 2 0 0 0 1 0 2 0 0 0 0 1 1 1 0 2 0 1 0 0 2 0 0 0 0 2 0 0 0 1 2 0 1 0 0 0 0 0 0 0 0 0 0 1 0 0 2 0 2 0 1 0 
0 0 0 32 32 32 0 0 1 2 0 1 34 34 34 0 0 0 0 0 0 32 32 32 0 1 2 0 1 2 0 0 0 1 0 2 0 0 0 0 1 1 1 0 2 0 1 0 0 2 0 0 0 0 2 0 0 0 1 2 0 1 0 0 0 0 0 0 0 0 0 0 1 0 0 2 0 2 0 1 0 
1
0 2 0 0 0 0 0 0 0 
0 0 0 0 0 0 0 0 1 2 0 1 2 2 2 0 1 0 0 0 0 0 0 0 0 1 2 0 1 2 0 0 0 1 0 2 0 0 0 0 1 1 1 0 2 0 1 0 0 2 0 0 0 0 2 0 0 0 1 2 0 1 0 0 0 0 0 0 0 0 0 0 1 0 0 2 0 2 0 1 0 
0 0 0 32 32 32 0 0 1 2 0 1 34 34 34 0 1 0 0 0 0 32 32 32 0 1 2 0 1 2 0 0 0 1 0 2 0 0 0 0 1 1 1 0 2 0 1 0 0 2 0 0 0 0 2 0 0 0 1 2 0 1 0 0 0 0 0 0 0 0 0 0 1 0 0 2 0 2 0 1 0 
1
0 2 0 0 0 0 0 0 0 
0 0 0 0 0 0 0 0 1 2 0 1 2 2 2 0 1 0 0 0 0 0 0 0 0 1 2 0 1 2 0 0 0 1 0 2 0 0 0 0 1 1 1 0 2 0 1 0 0 2 2 0 0 0 2 0 0 0 1 2 0 1 0 0 0 0 0 0 0 0 0 0 1 0 0 2 0 2 0 1 0 
0 0 0 32 32 32 0 0 1 2 0 1 34 34 34 0 1 0 0 0 0 32 32 32 0 1 2 0 1 2 0 0 0 1 0 2 0 0 0 0 1 1 1 0 2 0 1 0 0 2 2 0 0 0 2 0 0 0 1 2 0 1 0 0 0 0 0 0 0 0 0 0 1 0 0 2 0 2 0 1 0 
1
0 2 0 0 0 0 0 0 0 
0 0 0 0 0 0 0 0 1 2 0 1 2 2 2 0 1 0 0 0 0 0 0 0 0 1 2 0 1 2 0 0 0 1 0 2 0 0 0 0 1 1 1 0 2 0 1 0 0 2 2 0 0 0 2 0 0 0 1 2 0 1 0 0 0 0 0 0 0 1 0 0 1 0 0 2 0 2 0 1 0 
0 0 0 32 32 32 0 0 1 2 0 1 34 34 34 0 1 0 0 0 0 32 32 32 0 1 2 0 1 2 0 0 0 1 0 2 0 0 0 0 1 1 1 0 2 0 1 0 0 2 2 0 0 0 2 0 0 0 1 2 0 1 0 0 0 0 0 0 0 1 0 0 1 0 0 2 0 2 0 1 0 
1
0 2 0 0 0 0 0 0 0 
0 0 0 0 0 0 0 0 1 2 0 1 2 2 2 0 1 0 0 0 0 0 0 0 0 1 2 0 1 2 0 0 0 1 0 2 0 0 0 0 1 1 1 0 2 2 1 0 0 2 2 0 0 0 2 0 0 0 1 2 0 1 0 0 0 0 0 0 0 1 0 0 1 0 0 2 0 2 0 1 0 
0 0 0 32 32 32 0 0 1 2 0 1 34 34 34 0 1 0 0 0 0 32 32 32 0 1 2 0 1 2 0 0 0 1 0 2 0 0 0 0 1 1 1 0 2 2 1 0 0 2 2 0 0 0 2 0 0 0 1 2 0 1 0 0 0 0 0 0 0 1 0 0 1 0 0 2 0 2 0 1 0 
1
0 2 0 0 0 0 0 0 0 
0 0 0 0 0 0 0 0 1 2 0 1 2 2 2 0 1 0 0 0 0 0 0 0 0 1 2 0 1 2 0 0 0 1 0 2 0 0 0 0 1 1 1 0 2 2 1 0 0 2 2 0 0 0 2 0 1 0 1 2 0 1 0 0 0 0 0 0 0 1 0 0 1 0 0 2 0 2 0 1 0 
0 0 0 32 32 32 0 0 1 2 0 1 34 34 34 0 1 0 0 0 0 32 32 32 0 1 2 0 1 2 0 0 0 1 0 2 0 0 0 0 1 1 1 0 2 2 1 0 0 2 2 0 0 0 2 0 1 0 1 2 0 1 0 0 0 0 0 0 0 1 0 0 1 0 0 2 0 2 0 1 0 
1
0 2 0 0 0 0 0 0 0 
0 0 0 0 0 0 0 0 1 2 0 1 2 2 2 0 1 0 0 0 0 0 0 0 2 1 2 0 1 2 0 0 0 1 0 2 0 0 0 0 1 1 1 0 2 2 1 0 0 2 2 0 0 0 2 0 1 0 1 2 0 1 0 0 0 0 0 0 0 1 0 0 1 0 0 2 0 2 0 1 0 
0 0 0 32 32 32 0 0 1 2 0 1 34 34 34 0 1 0 0 0 0 32 32 32 2 1 2 0 1 2 0 0 0 1 0 2 0 0 0 0 1 1 1 0 2 2 1 0 0 2 2 0 0 0 2 0 1 0 1 2 0 1 0 0 0 0 0 0 0 1 0 0 1 0 0 2 0 2 0 1 0 
1
0 2 0 0 0 0 0 0 0 
0 0 0 0 0 0 0 0 1 2 0 1 2 2 2 0 1 0 0 0 0 0 0 0 2 1 2 0 1 2 0 0 0 1 0 2 0 0 0 0 1 1 1 0 2 2 1 0 0 2 2 0 0 0 2 0 1 0 1 2 0 1 0 0 0 0 0 0 0 1 0 0 1 0 1 2 0 2 0 1 0 
0 0 0 32 32 32 0 0 1 2 0 1 34 34 34 0 1 0 0 0 0 32 32 32 2 1 2 0 1 2 0 0 0 1 0 2 0 0 0 0 1 1 1 0 2 2 1 0 0 2 2 0 0 0 2 0 1 0 1 2 0 1 0 0 0 0 0 0 0 1 0 0 1 0 1 2 0 2 0 1 0 
1
0 2 0 0 0 0 0 0 0 
0 0 0 0 0 0 0 0 1 2 0 1 2 2 2 0 1 0 0 0 0 0 0 0 2 1 2 0 1 2 0 0 0 1 0 2 0 0 0 0 1 1 1 0 2 2 1 0 0 2 2 0 0 0 2 0 1 0 1 2 2 1 0 0 0 0 0 0 0 1 0 0 1 0 1 2 0 2 0 1 0 
0 0 0 32 32 32 0 0 1 2 0 1 34 34 34 0 1 0 0 0 0 32 32 32 2 1 2 0 1 2 0 0 0 1 0 2 0 0 0 0 1 1 1 0 2 2 1 0 0 2 2 0 0 0 2 0 1 0 1 2 2 1 0 0 0 0 0 0 0 1 0 0 1 0 1 2 0 2 0 1 0 
1
0 2 0 0 0 0 0 0 0 
0 0 1 0 0 0 0 0 1 2 0 1 2 2 2 0 1 0 0 0 0 0 0 0 2 1 2 0 1 2 0 0 0 1 0 2 0 0 0 0 1 1 1 0 2 2 1 0 0 2 2 0 0 0 2 0 1 0 1 2 2 1 0 0 0 0 0 0 0 1 0 0 1 0 1 2 0 2 0 1 0 
0 0 1 32 32 32 0 0 1 2 0 1 34 34 34 0 1 0 0 0 0 32 32 32 2 1 2 0 1 2 0 0 0 1 0 2 0 0 0 0 1 1 1 0 2 2 1 0 0 2 2 0 0 0 2 0 1 0 1 2 2 1 0 0 0 0 0 0 0 1 0 0 1 0 1 2 0 2 0 1 0 
1
0 2 0 0 0 0 0 0 0 
0 0 1 0 0 0 0 0 1 2 0 1 2 2 2 2 1 0 0 0 0 0 0 0 2 1 2 0 1 2 0 0 0 1 0 2 0 0 0 0 1 1 1 0 2 2 1 0 0 2 2 0 0 0 2 0 1 0 1 2 2 1 0 0 0 0 0 0 0 1 0 0 1 0 1 2 0 2 0 1 0 
0 0 1 32 32 32 0 0 1 2 0 1 34 34 34 2 1 0 0 0 0 32 32 32 2 1 2 0 1 2 0 0 0 1 0 2 0 0 0 0 1 1 1 0 2 2 1 0 0 2 2 0 0 0 2 0 1 0 1 2 2 1 0 0 0 0 0 0 0 1 0 0 1 0 1 2 0 2 0 1 0 
1
0 2 0 1 0 0 0 0 0 
0 0 1 0 0 0 0 0 1 2 0 1 2 2 2 2 1 0 0 0 0 0 0 0 2 1 2 0 1 2 0 0 0 1 0 2 0 1 0 0 1 1 1 0 2 2 1 0 0 2 2 0 0 0 2 0 1 0 1 2 2 1 0 0 0 0 0 0 0 1 0 0 1 0 1 2 0 2 0 1 0 
0 0 1 32 32 32 0 0 1 2 0 1 34 34 34 2 1 0 0 0 0 32 32 32 2 1 2 16 17 18 0 0 0 1 0 2 16 17 16 0 1 1 1 0 2 18 17 16 0 2 2 0 0 0 2 0 1 0 1 2 2 1 0 0 0 0 0 0 0 1 0 0 1 0 1 2 0 2 0 1 0 
1
0 2 0 1 2 0 0 0 0 
0 0 1 0 0 0 0 0 1 2 0 1 2 2 2 2 1 0 0 0 0 0 0 0 2 1 2 0 1 2 0 0 0 1 0 2 0 1 0 0 1 1 1 0 2 2 1 0 2 2 2 0 0 0 2 0 1 0 1 2 2 1 0 0 0 0 0 0 0 1 0 0 1 0 1 2 0 2 0 1 0 
0 0 1 32 32 32 0 0 1 2 0 1 34 34 34 2 1 0 0 0 0 32 32 32 2 1 2 16 17 18 32 32 32 1 0 2 16 17 16 32 33 33 1 0 2 18 17 16 34 34 34 0 0 0 2 0 1 0 1 2 2 1 0 0 0 0 0 0 0 1 0 0 1 0 1 2 0 2 0 1 0 
1
0 2 0 1 2 0 1 0 0 
0 0 1 0 0 0 0 0 1 2 0 1 2 2 2 2 1 0 0 0 0 0 0 0 2 1 2 0 1 2 0 0 0 1 0 2 0 1 0 0 1 1 1 0 2 2 1 0 2 2 2 0 0 0 2 0 1 0 1 2 2 1 0 0 0 1 0 0 0 1 0 0 1 0 1 2 0 2 0 1 0 
0 0 1 32 32 32 0 0 1 2 0 1 34 34 34 2 1 0 0 0 0 32 32 32 2 1 2 16 17 18 32 32 32 1 0 2 16 17 16 32 33 33 1 0 2 18 17 16 34 34 34 0 0 0 18 16 17 0 1 2 2 1 0 16 16 17 0 0 0 1 0 0 17 16 17 2 0 2 0 1 0 
1
0 2 0 1 2 2 1 0 0 
0 0 1 0 0 0 0 0 1 2 0 1 2 2 2 2 1 0 0 0 0 0 0 0 2 1 2 0 1 2 0 0 0 1 0 2 0 1 0 0 1 1 1 0 2 2 1 0 2 2 2 0 0 2 2 0 1 0 1 2 2 1 0 0 0 1 0 0 0 1 0 0 1 0 1 2 0 2 0 1 0 
0 0 1 32 32 32 0 0 1 2 0 1 34 34 34 2 1 0 0 0 0 32 32 32 2 1 2 16 17 18 32 32 32 33 32 34 16 17 16 32 33 33 33 32 34 18 17 16 34 34 34 32 32 34 18 16 17 0 1 2 2 1 0 16 16 17 0 0 0 1 0 0 17 16 17 2 0 2 0 1 0 
1
0 2 0 1 2 2 1 0 0 
0 0 1 0 0 0 0 0 1 2 0 1 2 2 2 2 1 0 0 0 0 0 0 0 2 1 2 0 1 2 0 0 0 1 0 2 0 1 0 0 1 1 1 0 2 2 1 0 2 2 2 0 0 2 2 0 1 0 1 2 2 1 1 0 0 1 0 0 0 1 0 0 1 0 1 2 0 2 0 1 0 
0 0 1 32 32 32 0 0 1 2 0 1 34 34 34 2 1 0 0 0 0 32 32 32 2 1 2 16 17 18 32 32 32 33 32 34 16 17 16 32 33 33 33 32 34 18 17 16 34 34 34 32 32 34 18 16 17 0 1 2 2 1 1 16 16 17 0 0 0 1 0 0 17 16 17 2 0 2 0 1 0 
1
0 2 2 1 2 2 1 0 0 
0 0 1 0 0 0 2 0 1 2 0 1 2 2 2 2 1 0 0 0 0 0 0 0 2 1 2 0 1 2 0 0 0 1 0 2 0 1 0 0 1 1 1 0 2 2 1 0 2 2 2 0 0 2 2 0 1 0 1 2 2 1 1 0 0 1 0 0 0 1 0 0 1 0 1 2 0 2 0 1 0 
0 0 1 32 32 32 34 32 33 2 0 1 34 34 34 34 33 32 0 0 0 32 32 32 34 33 34 16 17 18 32 32 32 33 32 34 16 17 16 32 33 33 33 32 34 18 17 16 34 34 34 32 32 34 18 16 17 0 1 2 2 1 1 16 16 17 0 0 0 1 0 0 17 16 17 2 0 2 0 1 0 
1
1 2 2 1 2 2 1 0 0 
0 0 1 0 0 0 2 0 1 2 0 1 2 2 2 2 1 0 0 0 1 0 0 0 2 1 2 0 1 2 0 0 0 1 0 2 0 1 0 0 1 1 1 0 2 2 1 0 2 2 2 0 0 2 2 0 1 0 1 2 2 1 1 0 0 1 0 0 0 1 0 0 1 0 1 2 0 2 0 1 0 
16 16 17 32 32 32 34 32 33 18 16 17 34 34 34 34 33 32 16 16 17 32 32 32 34 33 34 16 17 18 32 32 32 33 32 34 16 17 16 32 33 33 33 32 34 18 17 16 34 34 34 32 32 34 18 16 17 0 1 2 2 1 1 16 16 17 0 0 0 1 0 0 17 16 17 2 0 2 0 1 0 
1
1 2 2 1 2 2 1 0 0 
0 0 1 0 0 0 2 0 1 2 0 1 2 2 2 2 1 0 0 0 1 0 0 0 2 1 2 0 1 2 0 0 0 1 0 2 0 1 0 0 1 1 1 0 2 2 1 0 2 2 2 0 0 2 2 0 1 0 1 2 2 1 1 0 0 1 0 0 0 1 0 0 1 0 1 2 0 2 0 1 0 
16 16 17 32 32 32 34 32 33 18 16 17 34 34 34 34 33 32 16 16 17 32 32 32 34 33 34 16 17 18 32 32 32 33 32 34 16 17 16 32 33 33 33 32 34 18 17 16 34 34 34 32 32 34 18 16 17 0 1 2 2 1 1 16 16 17 0 0 0 1 0 0 17 16 17 2 0 2 0 1 0 
1
