0 0 0 0 0 0 0 0 0 
0 0 0 0 0 0 0 0 0 0 0 0 0 0 0 0 0 0 0 0 0 0 0 0 0 0 0 0 0 0 1 0 0 0 0 0 0 0 0 0 0 0 0 0 0 0 0 0 0 0 0 0 0 0 0 0 0 0 0 0 0 0 0 0 0 0 0 0 0 0 0 0 0 0 0 0 0 0 0 0 0 
0 0 0 0 0 0 0 0 0 0 0 0 0 0 0 0 0 0 0 0 0 0 0 0 0 0 0 0 0 0 1 0 0 0 0 0 0 0 0 0 0 0 0 0 0 0 0 0 0 0 0 0 0 0 0 0 0 0 0 0 0 0 0 0 0 0 0 0 0 0 0 0 0 0 0 0 0 0 0 0 0 
1
0 0 0 0 0 0 0 0 0 
2 0 0 0 0 0 0 0 0 0 0 0 0 0 0 0 0 0 0 0 0 0 0 0 0 0 0 0 0 0 1 0 0 0 0 0 0 0 0 0 0 0 0 0 0 0 0 0 0 0 0 0 0 0 0 0 0 0 0 0 0 0 0 0 0 0 0 0 0 0 0 0 0 0 0 0 0 0 0 0 0 
2 0 0 0 0 0 0 0 0 0 0 0 0 0 0 0 0 0 0 0 0 0 0 0 0 0 0 0 0 0 1 0 0 0 0 0 0 0 0 0 0 0 0 0 0 0 0 0 0 0 0 0 0 0 0 0 0 0 0 0 0 0 0 0 0 0 0 0 0 0 0 0 0 0 0 0 0 0 0 0 0 
1
0 0 0 0 0 0 0 0 0 
2 0 1 0 0 0 0 0 0 0 0 0 0 0 0 0 0 0 0 0 0 0 0 0 0 0 0 0 0 0 1 0 0 0 0 0 0 0 0 0 0 0 0 0 0 0 0 0 0 0 0 0 0 0 0 0 0 0 0 0 0 0 0 0 0 0 0 0 0 0 0 0 0 0 0 0 0 0 0 0 0 
2 0 1 0 0 0 0 0 0 0 0 0 0 0 0 0 0 0 0 0 0 0 0 0 0 0 0 0 0 0 1 0 0 0 0 0 0 0 0 0 0 0 0 0 0 0 0 0 0 0 0 0 0 0 0 0 0 0 0 0 0 0 0 0 0 0 0 0 0 0 0 0 0 0 0 0 0 0 0 0 0 
1
0 0 0 0 0 0 0 0 0 
2 0 1 0 0 0 0 2 0 0 0 0 0 0 0 0 0 0 0 0 0 0 0 0 0 0 0 0 0 0 1 0 0 0 0 0 0 0 0 0 0 0 0 0 0 0 0 0 0 0 0 0 0 0 0 0 0 0 0 0 0 0 0 0 0 0 0 0 0 0 0 0 0 0 0 0 0 0 0 0 0 
2 0 1 0 0 0 0 2 0 0 0 0 0 0 0 0 0 0 0 0 0 0 0 0 0 0 0 0 0 0 1 0 0 0 0 0 0 0 0 0 0 0 0 0 0 0 0 0 0 0 0 0 0 0 0 0 0 0 0 0 0 0 0 0 0 0 0 0 0 0 0 0 0 0 0 0 0 0 0 0 0 
1
0 0 0 0 0 0 0 0 0 
2 0 1 0 0 0 0 2 0 0 0 0 0 1 0 0 0 0 0 0 0 0 0 0 0 0 0 0 0 0 1 0 0 0 0 0 0 0 0 0 0 0 0 0 0 0 0 0 0 0 0 0 0 0 0 0 0 0 0 0 0 0 0 0 0 0 0 0 0 0 0 0 0 0 0 0 0 0 0 0 0 
2 0 1 0 0 0 0 2 0 0 0 0 0 1 0 0 0 0 0 0 0 0 0 0 0 0 0 0 0 0 1 0 0 0 0 0 0 0 0 0 0 0 0 0 0 0 0 0 0 0 0 0 0 0 0 0 0 0 0 0 0 0 0 0 0 0 0 0 0 0 0 0 0 0 0 0 0 0 0 0 0 
1
0 0 0 0 0 0 0 0 0 
2 0 1 0 0 0 0 2 0 0 0 0 0 1 0 0 0 0 0 0 0 0 0 0 0 0 0 0 0 0 1 0 0 0 0 0 0 0 0 0 0 0 0 0 0 0 0 0 2 0 0 0 0 0 0 0 0 0 0 0 0 0 0 0 0 0 0 0 0 0 0 0 0 0 0 0 0 0 0 0 0 
2 0 1 0 0 0 0 2 0 0 0 0 0 1 0 0 0 0 0 0 0 0 0 0 0 0 0 0 0 0 1 0 0 0 0 0 0 0 0 0 0 0 0 0 0 0 0 0 2 0 0 0 0 0 0 0 0 0 0 0 0 0 0 0 0 0 0 0 0 0 0 0 0 0 0 0 0 0 0 0 0 
1
0 0 0 0 0 0 0 0 0 
2 0 1 0 0 0 0 2 0 0 0 0 0 1 0 0 0 0 0 0 0 0 0 0 0 0 0 0 0 0 1 0 0 0 0 0 0 0 0 0 0 0 0 0 0 0 0 0 2 0 0 0 0 0 0 0 0 0 0 0 0 0 0 0 0 0 0 0 0 0 0 0 1 0 0 0 0 0 0 0 0 
2 0 1 0 0 0 0 2 0 0 0 0 0 1 0 0 0 0 0 0 0 0 0 0 0 0 0 0 0 0 1 0 0 0 0 0 0 0 0 0 0 0 0 0 0 0 0 0 2 0 0 0 0 0 0 0 0 0 0 0 0 0 0 0 0 0 0 0 0 0 0 0 1 0 0 0 0 0 0 0 0 
1
0 0 0 0 0 0 0 0 0 
2 0 1 0 0 0 0 2 0 0 0 0 0 1 0 0 0 0 0 0 0 0 0 0 0 0 0 0 0 0 1 0 0 0 0 0 0 0 0 0 0 0 0 0 0 0 0 0 2 0 0 0 0 0 0 0 2 0 0 0 0 0 0 0 0 0 0 0 0 0 0 0 1 0 0 0 0 0 0 0 0 
2 0 1 0 0 0 0 2 0 0 0 0 0 1 0 0 0 0 0 0 0 0 0 0 0 0 0 0 0 0 1 0 0 0 0 0 0 0 0 0 0 0 0 0 0 0 0 0 2 0 0 0 0 0 0 0 2 0 0 0 0 0 0 0 0 0 0 0 0 0 0 0 1 0 0 0 0 0 0 0 0 
1
0 0 0 0 0 0 0 0 0 
2 0 1 0 0 0 0 2 0 0 0 0 0 1 0 1 0 0 0 0 0 0 0 0 0 0 0 0 0 0 1 0 0 0 0 0 0 0 0 0 0 0 0 0 0 0 0 0 2 0 0 0 0 0 0 0 2 0 0 0 0 0 0 0 0 0 0 0 0 0 0 0 1 0 0 0 0 0 0 0 0 
2 0 1 0 0 0 0 2 0 0 0 0 0 1 0 1 0 0 0 0 0 0 0 0 0 0 0 0 0 0 1 0 0 0 0 0 0 0 0 0 0 0 0 0 0 0 0 0 2 0 0 0 0 0 0 0 2 0 0 0 0 0 0 0 0 0 0 0 0 0 0 0 1 0 0 0 0 0 0 0 0 
1
0 0 0 0 0 0 0 0 0 
2 0 1 0 0 0 0 2 0 0 0 0 0 1 0 1 0 0 0 0 0 0 0 0 0 0 0 0 0 0 1 0 0 0 0 0 2 0 0 0 0 0 0 0 0 0 0 0 2 0 0 0 0 0 0 0 2 0 0 0 0 0 0 0 0 0 0 0 0 0 0 0 1 0 0 0 0 0 0 0 0 
2 0 1 0 0 0 0 2 0 0 0 0 0 1 0 1 0 0 0 0 0 0 0 0 0 0 0 0 0 0 1 0 0 0 0 0 2 0 0 0 0 0 0 0 0 0 0 0 2 0 0 0 0 0 0 0 2 0 0 0 0 0 0 0 0 0 0 0 0 0 0 0 1 0 0 0 0 0 0 0 0 
1
0 0 0 0 0 0 0 0 0 
2 0 1 0 0 0 0 2 0 0 0 0 0 1 0 1 0 0 0 0 0 0 0 0 0 0 0 0 1 0 1 0 0 0 0 0 2 0 0 0 0 0 0 0 0 0 0 0 2 0 0 0 0 0 0 0 2 0 0 0 0 0 0 0 0 0 0 0 0 0 0 0 1 0 0 0 0 0 0 0 0 
2 0 1 0 0 0 0 2 0 0 0 0 0 1 0 1 0 0 0 0 0 0 0 0 0 0 0 0 1 0 1 0 0 0 0 0 2 0 0 0 0 0 0 0 0 0 0 0 2 0 0 0 0 0 0 0 2 0 0 0 0 0 0 0 0 0 0 0 0 0 0 0 1 0 0 0 0 0 0 0 0 
1
0 0 0 0 0 0 0 0 0 
2 0 1 0 0 0 0 2 0 0 0 0 0 1 2 1 0 0 0 0 0 0 0 0 0 0 0 0 1 0 1 0 0 0 0 0 2 0 0 0 0 0 0 0 0 0 0 0 2 0 0 0 0 0 0 0 2 0 0 0 0 0 0 0 0 0 0 0 0 0 0 0 1 0 0 0 0 0 0 0 0 
2 0 1 0 0 0 0 2 0 0 0 0 0 1 2 1 0 0 0 0 0 0 0 0 0 0 0 0 1 0 1 0 0 0 0 0 2 0 0 0 0 0 0 0 0 0 0 0 2 0 0 0 0 0 0 0 2 0 0 0 0 0 0 0 0 0 0 0 0 0 0 0 1 0 0 0 0 0 0 0 0 
1
0 0 0 0 0 0 0 0 0 
2 0 1 0 0 0 0 2 0 0 0 0 0 1 2 1 0 0 0 0 0 0 0 0 0 0 0 0 1 0 1 0 0 0 0 0 2 0 0 0 0 0 0 0 1 0 0 0 2 0 0 0 0 0 0 0 2 0 0 0 0 0 0 0 0 0 0 0 0 0 0 0 1 0 0 0 0 0 0 0 0 
2 0 1 0 0 0 0 2 0 0 0 0 0 1 2 1 0 0 0 0 0 0 0 0 0 0 0 0 1 0 1 0 0 0 0 0 2 0 0 0 0 0 0 0 1 0 0 0 2 0 0 0 0 0 0 0 2 0 0 0 0 0 0 0 0 0 0 0 0 0 0 0 1 0 0 0 0 0 0 0 0 
1
0 0 0 0 0 0 0 0 0 
2 0 1 0 0 0 0 2 0 0 0 0 0 1 2 1 0 0 0 0 0 0 0 0 0 0 0 0 1 0 1 0 0 0 0 0 2 0 0 0 0 0 0 0 1 0 0 0 2 0 0 0 2 0 0 0 2 0 0 0 0 0 0 0 0 0 0 0 0 0 0 0 1 0 0 0 0 0 0 0 0 
2 0 1 0 0 0 0 2 0 0 0 0 0 1 2 1 0 0 0 0 0 0 0 0 0 0 0 0 1 0 1 0 0 0 0 0 2 0 0 0 0 0 0 0 1 0 0 0 2 0 0 0 2 0 0 0 2 0 0 0 0 0 0 0 0 0 0 0 0 0 0 0 1 0 0 0 0 0 0 0 0 
1
0 0 0 0 0 0 0 0 0 
2 0 1 0 0 0 0 2 0 0 0 0 0 1 2 1 0 0 0 0 0 0 0 0 0 0 0 0 1 0 1 0 0 0 0 0 2 0 0 0 0 0 0 0 1 0 0 0 2 0 0 0 2 0 0 0 2 0 0 0 0 0 0 0 0 0 0 0 0 0 0 0 1 0 0 0 0 1 0 0 0 
2 0 1 0 0 0 0 2 0 0 0 0 0 1 2 1 0 0 0 0 0 0 0 0 0 0 0 0 1 0 1 0 0 0 0 0 2 0 0 0 0 0 0 0 1 0 0 0 2 0 0 0 2 0 0 0 2 0 0 0 0 0 0 0 0 0 0 0 0 0 0 0 1 0 0 0 0 1 0 0 0 
1
0 0 0 0 0 0 0 0 0 
2 0 1 0 0 0 0 2 0 0 0 0 0 1 2 1 0 0 0 0 0 0 0 0 0 0 0 0 1 0 1 0 0 0 0 0 2 0 0 0 0 0 0 0 1 0 0 0 2 0 0 0 2 0 0 0 2 0 0 0 2 0 0 0 0 0 0 0 0 0 0 0 1 0 0 0 0 1 0 0 0 
2 0 1 0 0 0 0 2 0 0 0 0 0 1 2 1 0 0 0 0 0 0 0 0 0 0 0 0 1 0 1 0 0 0 0 0 2 0 0 0 0 0 0 0 1 0 0 0 2 0 0 0 2 0 0 0 2 0 0 0 2 0 0 0 0 0 0 0 0 0 0 0 1 0 0 0 0 1 0 0 0 
1
0 0 0 0 0 0 0 0 0 
2 0 1 0 0 0 0 2 0 0 0 0 0 1 2 1 0 0 0 0 1 0 0 0 0 0 0 0 1 0 1 0 0 0 0 0 2 0 0 0 0 0 0 0 1 0 0 0 2 0 0 0 2 0 0 0 2 0 0 0 2 0 0 0 0 0 0 0 0 0 0 0 1 0 0 0 0 1 0 0 0 
2 0 1 0 0 0 0 2 0 0 0 0 0 1 2 1 0 0 0 0 1 0 0 0 0 0 0 0 1 0 1 0 0 0 0 0 2 0 0 0 0 0 0 0 1 0 0 0 2 0 0 0 2 0 0 0 2 0 0 0 2 0 0 0 0 0 0 0 0 0 0 0 1 0 0 0 0 1 0 0 0 
1
0 0 0 0 0 0 0 0 0 
2 0 1 0 0 0 0 2 0 0 0 0 0 1 2 1 0 0 0 0 1 0 0 0 0 0 0 0 1 0 1 0 0 0 0 0 2 0 0 0 0 0 0 0 1 0 0 0 2 0 0 0 2 0 0 0 2 0 0 0 2 0 0 0 0 0 0 0 0 0 0 0 1 0 0 0 0 1 0 0 2 
2 0 1 0 0 0 0 2 0 0 0 0 0 1 2 1 0 0 0 0 1 0 0 0 0 0 0 0 1 0 1 0 0 0 0 0 2 0 0 0 0 0 0 0 1 0 0 0 2 0 0 0 2 0 0 0 2 0 0 0 2 0 0 0 0 0 0 0 0 0 0 0 1 0 0 0 0 1 0 0 2 
1
0 0 0 0 0 0 0 0 0 
2 0 1 0 0 0 0 2 0 0 0 0 0 1 2 1 0 0 0 0 1 0 0 0 0 0 0 0 1 0 1 0 0 0 0 0 2 0 0 0 0 0 0 0 1 0 0 0 2 0 0 0 2 0 0 0 2 0 0 0 2 0 0 0 0 0 0 0 0 0 1 0 1 0 0 0 0 1 0 0 2 
2 0 1 0 0 0 0 2 0 0 0 0 0 1 2 1 0 0 0 0 1 0 0 0 0 0 0 0 1 0 1 0 0 0 0 0 2 0 0 0 0 0 0 0 1 0 0 0 2 0 0 0 2 0 0 0 2 0 0 0 2 0 0 0 0 0 0 0 0 0 1 0 1 0 0 0 0 1 0 0 2 
1
0 0 0 0 0 0 0 0 0 
2 0 1 0 0 0 0 2 0 0 0 0 0 1 2 1 0 0 0 0 1 0 0 0 0 0 0 0 1 0 1 0 2 0 0 0 2 0 0 0 0 0 0 0 1 0 0 0 2 0 0 0 2 0 0 0 2 0 0 0 2 0 0 0 0 0 0 0 0 0 1 0 1 0 0 0 0 1 0 0 2 
2 0 1 0 0 0 0 2 0 0 0 0 0 1 2 1 0 0 0 0 1 0 0 0 0 0 0 0 1 0 1 0 2 0 0 0 2 0 0 0 0 0 0 0 1 0 0 0 2 0 0 0 2 0 0 0 2 0 0 0 2 0 0 0 0 0 0 0 0 0 1 0 1 0 0 0 0 1 0 0 2 
1
0 0 0 0 0 0 0 0 0 
2 0 1 0 0 0 0 2 0 0 0 0 0 1 2 1 0 0 0 0 1 0 0 0 1 0 0 0 1 0 1 0 2 0 0 0 2 0 0 0 0 0 0 0 1 0 0 0 2 0 0 0 2 0 0 0 2 0 0 0 2 0 0 0 0 0 0 0 0 0 1 0 1 0 0 0 0 1 0 0 2 
2 0 1 0 0 0 0 2 0 0 0 0 0 1 2 1 0 0 0 0 1 0 0 0 1 0 0 0 1 0 1 0 2 0 0 0 2 0 0 0 0 0 0 0 1 0 0 0 2 0 0 0 2 0 0 0 2 0 0 0 2 0 0 0 0 0 0 0 0 0 1 0 1 0 0 0 0 1 0 0 2 
1
0 0 0 0 0 0 0 0 0 
2 0 1 0 0 0 0 2 0 0 0 0 0 1 2 1 0 0 0 0 1 0 0 0 1 0 0 0 1 0 1 0 2 0 0 0 2 0 0 0 0 0 0 0 1 0 0 0 2 0 0 0 2 0 0 2 2 0 0 0 2 0 0 0 0 0 0 0 0 0 1 0 1 0 0 0 0 1 0 0 2 
2 0 1 0 0 0 0 2 0 0 0 0 0 1 2 1 0 0 0 0 1 0 0 0 1 0 0 0 1 0 1 0 2 0 0 0 2 0 0 0 0 0 0 0 1 0 0 0 2 0 0 0 2 0 0 2 2 0 0 0 2 0 0 0 0 0 0 0 0 0 1 0 1 0 0 0 0 1 0 0 2 
1
0 0 0 0 0 0 0 0 0 
2 0 1 1 0 0 0 2 0 0 0 0 0 1 2 1 0 0 0 0 1 0 0 0 1 0 0 0 1 0 1 0 2 0 0 0 2 0 0 0 0 0 0 0 1 0 0 0 2 0 0 0 2 0 0 2 2 0 0 0 2 0 0 0 0 0 0 0 0 0 1 0 1 0 0 0 0 1 0 0 2 
2 0 1 1 0 0 0 2 0 0 0 0 0 1 2 1 0 0 0 0 1 0 0 0 1 0 0 0 1 0 1 0 2 0 0 0 2 0 0 0 0 0 0 0 1 0 0 0 2 0 0 0 2 0 0 2 2 0 0 0 2 0 0 0 0 0 0 0 0 0 1 0 1 0 0 0 0 1 0 0 2 
1
0 0 0 0 0 0 0 0 0 
2 0 1 1 0 0 0 2 0 0 0 2 0 1 2 1 0 0 0 0 1 0 0 0 1 0 0 0 1 0 1 0 2 0 0 0 2 0 0 0 0 0 0 0 1 0 0 0 2 0 0 0 2 0 0 2 2 0 0 0 2 0 0 0 0 0 0 0 0 0 1 0 1 0 0 0 0 1 0 0 2 
2 0 1 1 0 0 0 2 0 0 0 2 0 1 2 1 0 0 0 0 1 0 0 0 1 0 0 0 1 0 1 0 2 0 0 0 2 0 0 0 0 0 0 0 1 0 0 0 2 0 0 0 2 0 0 2 2 0 0 0 2 0 0 0 0 0 0 0 0 0 1 0 1 0 0 0 0 1 0 0 2 
1
0 0 0 0 0 0 0 0 0 
2 0 1 1 0 0 0 2 0 0 0 2 0 1 2 1 0 0 0 0 1 0 0 0 1 0 0 0 1 0 1 0 2 0 0 0 2 0 0 0 0 0 0 1 1 0 0 0 2 0 0 0 2 0 0 2 2 0 0 0 2 0 0 0 0 0 0 0 0 0 1 0 1 0 0 0 0 1 0 0 2 
2 0 1 1 0 0 0 2 0 0 0 2 0 1 2 1 0 0 0 0 1 0 0 0 1 0 0 0 1 0 1 0 2 0 0 0 2 0 0 0 0 0 0 1 1 0 0 0 2 0 0 0 2 0 0 2 2 0 0 0 2 0 0 0 0 0 0 0 0 0 1 0 1 0 0 0 0 1 0 0 2 
1
0 0 0 0 0 0 0 0 0 
2 0 1 1 0 0 0 2 0 0 0 2 0 1 2 1 0 0 0 0 1 0 0 0 1 0 0 0 1 0 1 0 2 0 0 0 2 0 0 0 0 0 0 1 1 0 0 0 2 2 0 0 2 0 0 2 2 0 0 0 2 0 0 0 0 0 0 0 0 0 1 0 1 0 0 0 0 1 0 0 2 
2 0 1 1 0 0 0 2 0 0 0 2 0 1 2 1 0 0 0 0 1 0 0 0 1 0 0 0 1 0 1 0 2 0 0 0 2 0 0 0 0 0 0 1 1 0 0 0 2 2 0 0 2 0 0 2 2 0 0 0 2 0 0 0 0 0 0 0 0 0 1 0 1 0 0 0 0 1 0 0 2 
1
0 0 0 0 0 0 0 0 0 
2 0 1 1 0 0 0 2 0 0 0 2 0 1 2 1 0 0 0 0 1 0 0 0 1 0 0 0 1 0 1 0 2 0 0 0 2 0 0 0 0 0 0 1 1 0 0 0 2 2 0 0 2 0 0 2 2 0 0 0 2 0 0 0 0 0 0 0 1 0 1 0 1 0 0 0 0 1 0 0 2 
2 0 1 1 0 0 0 2 0 0 0 2 0 1 2 1 0 0 0 0 1 0 0 0 1 0 0 0 1 0 1 0 2 0 0 0 2 0 0 0 0 0 0 1 1 0 0 0 2 2 0 0 2 0 0 2 2 0 0 0 2 0 0 0 0 0 0 0 1 0 1 0 1 0 0 0 0 1 0 0 2 
1
0 0 0 0 0 0 0 0 0 
2 0 1 1 0 0 0 2 0 0 0 2 0 1 2 1 0 0 0 0 1 0 0 0 1 0 0 0 1 0 1 0 2 0 0 0 2 0 0 0 0 0 2 1 1 0 0 0 2 2 0 0 2 0 0 2 2 0 0 0 2 0 0 0 0 0 0 0 1 0 1 0 1 0 0 0 0 1 0 0 2 
2 0 1 1 0 0 0 2 0 0 0 2 0 1 2 1 0 0 0 0 1 0 0 0 1 0 0 0 1 0 1 0 2 0 0 0 2 0 0 0 0 0 2 1 1 0 0 0 2 2 0 0 2 0 0 2 2 0 0 0 2 0 0 0 0 0 0 0 1 0 1 0 1 0 0 0 0 1 0 0 2 
1
0 0 0 0 0 0 0 0 0 
2 0 1 1 0 0 0 2 0 0 0 2 0 1 2 1 0 0 0 0 1 0 0 0 1 0 0 0 1 0 1 0 2 0 0 0 2 0 0 0 0 0 2 1 1 0 1 0 2 2 0 0 2 0 0 2 2 0 0 0 2 0 0 0 0 0 0 0 1 0 1 0 1 0 0 0 0 1 0 0 2 
2 0 1 1 0 0 0 2 0 0 0 2 0 1 2 1 0 0 0 0 1 0 0 0 1 0 0 0 1 0 1 0 2 0 0 0 2 0 0 0 0 0 2 1 1 0 1 0 2 2 0 0 2 0 0 2 2 0 0 0 2 0 0 0 0 0 0 0 1 0 1 0 1 0 0 0 0 1 0 0 2 
1
0 0 0 0 0 0 0 0 0 
2 0 1 1 0 0 0 2 0 0 0 2 0 1 2 1 0 0 0 0 1 0 0 0 1 0 0 0 1 0 1 0 2 0 0 0 2 0 0 0 0 0 2 1 1 0 1 0 2 2 0 0 2 0 0 2 2 2 0 0 2 0 0 0 0 0 0 0 1 0 1 0 1 0 0 0 0 1 0 0 2 
2 0 1 1 0 0 0 2 0 0 0 2 0 1 2 1 0 0 0 0 1 0 0 0 1 0 0 0 1 0 1 0 2 0 0 0 2 0 0 0 0 0 2 1 1 0 1 0 2 2 0 0 2 0 0 2 2 2 0 0 2 0 0 0 0 0 0 0 1 0 1 0 1 0 0 0 0 1 0 0 2 
1
0 0 0 0 0 0 0 0 0 
2 0 1 1 0 0 0 2 0 0 0 2 0 1 2 1 0 0 1 0 1 0 0 0 1 0 0 0 1 0 1 0 2 0 0 0 2 0 0 0 0 0 2 1 1 0 1 0 2 2 0 0 2 0 0 2 2 2 0 0 2 0 0 0 0 0 0 0 1 0 1 0 1 0 0 0 0 1 0 0 2 
2 0 1 1 0 0 0 2 0 0 0 2 0 1 2 1 0 0 1 0 1 0 0 0 1 0 0 0 1 0 1 0 2 0 0 0 2 0 0 0 0 0 2 1 1 0 1 0 2 2 0 0 2 0 0 2 2 2 0 0 2 0 0 0 0 0 0 0 1 0 1 0 1 0 0 0 0 1 0 0 2 
1
0 0 0 0 0 0 0 0 0 
2 0 1 1 0 0 0 2 0 0 0 2 0 1 2 1 0 0 1 0 1 0 0 0 1 0 0 0 1 0 1 0 2 0 0 0 2 0 0 0 0 0 2 1 1 0 1 0 2 2 0 0 2 0 0 2 2 2 0 0 2 0 0 0 0 2 0 0 1 0 1 0 1 0 0 0 0 1 0 0 2 
2 0 1 1 0 0 0 2 0 0 0 2 0 1 2 1 0 0 1 0 1 0 0 0 1 0 0 0 1 0 1 0 2 0 0 0 2 0 0 0 0 0 2 1 1 0 1 0 2 2 0 0 2 0 0 2 2 2 0 0 2 0 0 0 0 2 0 0 1 0 1 0 1 0 0 0 0 1 0 0 2 
1
0 0 0 0 0 0 0 0 0 
2 0 1 1 0 0 0 2 0 0 0 2 0 1 2 1 0 0 1 0 1 0 0 0 1 0 0 0 1 0 1 0 2 0 0 0 2 0 0 0 0 0 2 1 1 0 1 0 2 2 0 0 2 1 0 2 2 2 0 0 2 0 0 0 0 2 0 0 1 0 1 0 1 0 0 0 0 1 0 0 2 
2 0 1 1 0 0 0 2 0 0 0 2 0 1 2 1 0 0 1 0 1 0 0 0 1 0 0 0 1 0 1 0 2 0 0 0 2 0 0 0 0 0 2 1 1 0 1 0 2 2 0 0 2 1 0 2 2 2 0 0 2 0 0 0 0 2 0 0 1 0 1 0 1 0 0 0 0 1 0 0 2 
1
0 0 0 0 0 0 0 0 0 
2 0 1 1 0 0 0 2 0 0 0 2 0 1 2 1 0 0 1 0 1 0 0 0 1 0 0 0 1 0 1 0 2 0 0 0 2 0 0 0 0 0 2 1 1 0 1 0 2 2 0 0 2 1 0 2 2 2 0 0 2 0 0 0 0 2 0 0 1 0 1 0 1 0 0 0 0 1 2 0 2 
2 0 1 1 0 0 0 2 0 0 0 2 0 1 2 1 0 0 1 0 1 0 0 0 1 0 0 0 1 0 1 0 2 0 0 0 2 0 0 0 0 0 2 1 1 0 1 0 2 2 0 0 2 1 0 2 2 2 0 0 2 0 0 0 0 2 0 0 1 0 1 0 1 0 0 0 0 1 2 0 2 
1
0 0 0 0 0 0 0 0 0 
2 0 1 1 0 0 0 2 0 0 0 2 0 1 2 1 0 0 1 0 1 0 0 0 1 0 0 0 1 0 1 0 2 0 0 0 2 0 0 0 0 0 2 1 1 0 1 0 2 2 0 0 2 1 0 2 2 2 0 0 2 0 0 0 0 2 0 0 1 0 1 0 1 1 0 0 0 1 2 0 2 
2 0 1 1 0 0 0 2 0 0 0 2 0 1 2 1 0 0 1 0 1 0 0 0 1 0 0 0 1 0 1 0 2 0 0 0 2 0 0 0 0 0 2 1 1 0 1 0 2 2 0 0 2 1 0 2 2 2 0 0 2 0 0 0 0 2 0 0 1 0 1 0 1 1 0 0 0 1 2 0 2 
1
0 0 0 0 0 0 0 0 0 
2 0 1 1 0 0 0 2 0 0 0 2 0 1 2 1 0 0 1 0 1 0 0 0 1 0 0 0 1 0 1 0 2 0 0 0 2 0 0 0 0 0 2 1 1 0 1 0 2 2 0 0 2 1 0 2 2 2 0 0 2 0 0 0 0 2 0 0 1 0 1 0 1 1 0 0 2 1 2 0 2 
2 0 1 1 0 0 0 2 0 0 0 2 0 1 2 1 0 0 1 0 1 0 0 0 1 0 0 0 1 0 1 0 2 0 0 0 2 0 0 0 0 0 2 1 1 0 1 0 2 2 0 0 2 1 0 2 2 2 0 0 2 0 0 0 0 2 0 0 1 0 1 0 1 1 0 0 2 1 2 0 2 
1
0 0 0 0 0 0 0 1 0 
2 0 1 1 0 0 0 2 0 0 0 2 0 1 2 1 0 0 1 0 1 0 0 0 1 0 0 0 1 0 1 0 2 0 0 0 2 0 0 0 0 0 2 1 1 0 1 0 2 2 0 0 2 1 0 2 2 2 0 1 2 0 0 0 0 2 0 0 1 0 1 0 1 1 0 0 2 1 2 0 2 
2 0 1 1 0 0 0 2 0 0 0 2 0 1 2 1 0 0 1 0 1 0 0 0 1 0 0 0 1 0 1 0 2 0 0 0 2 0 0 0 0 0 2 1 1 0 1 0 2 2 0 0 2 1 0 2 2 18 16 17 2 0 0 0 0 2 16 16 17 0 1 0 1 1 0 16 18 17 2 0 2 
1
0 0 0 0 0 0 0 1 0 
2 0 1 1 0 0 2 2 0 0 0 2 0 1 2 1 0 0 1 0 1 0 0 0 1 0 0 0 1 0 1 0 2 0 0 0 2 0 0 0 0 0 2 1 1 0 1 0 2 2 0 0 2 1 0 2 2 2 0 1 2 0 0 0 0 2 0 0 1 0 1 0 1 1 0 0 2 1 2 0 2 
2 0 1 1 0 0 2 2 0 0 0 2 0 1 2 1 0 0 1 0 1 0 0 0 1 0 0 0 1 0 1 0 2 0 0 0 2 0 0 0 0 0 2 1 1 0 1 0 2 2 0 0 2 1 0 2 2 18 16 17 2 0 0 0 0 2 16 16 17 0 1 0 1 1 0 16 18 17 2 0 2 
1
1 0 0 0 0 0 0 1 0 
2 0 1 1 0 0 2 2 0 0 1 2 0 1 2 1 0 0 1 0 1 0 0 0 1 0 0 0 1 0 1 0 2 0 0 0 2 0 0 0 0 0 2 1 1 0 1 0 2 2 0 0 2 1 0 2 2 2 0 1 2 0 0 0 0 2 0 0 1 0 1 0 1 1 0 0 2 1 2 0 2 
18 16 17 1 0 0 2 2 0 16 17 18 0 1 2 1 0 0 17 16 17 0 0 0 1 0 0 0 1 0 1 0 2 0 0 0 2 0 0 0 0 0 2 1 1 0 1 0 2 2 0 0 2 1 0 2 2 18 16 17 2 0 0 0 0 2 16 16 17 0 1 0 1 1 0 16 18 17 2 0 2 
1
1 0 0 0 2 0 0 1 0 
2 0 1 1 0 0 2 2 0 0 1 2 0 1 2 1 0 0 1 0 1 0 0 0 1 0 0 0 1 0 1 0 2 0 0 0 2 0 0 0 0 0 2 1 1 0 1 0 2 2 2 0 2 1 0 2 2 2 0 1 2 0 0 0 0 2 0 0 1 0 1 0 1 1 0 0 2 1 2 0 2 
18 16 17 1 0 0 2 2 0 16 17 18 0 1 2 1 0 0 17 16 17 0 0 0 1 0 0 0 1 0 33 32 34 0 0 0 2 0 0 32 32 32 2 1 1 0 1 0 34 34 34 0 2 1 0 2 2 18 16 17 2 0 0 0 0 2 16 16 17 0 1 0 1 1 0 16 18 17 2 0 2 
1
1 0 0 0 2 0 0 1 0 
2 0 1 1 0 0 2 2 0 0 1 2 0 1 2 1 0 0 1 0 1 0 0 0 1 0 0 0 1 0 1 0 2 0 0 0 2 0 0 0 0 0 2 1 1 0 1 0 2 2 2 0 2 1 0 2 2 2 0 1 2 0 0 0 0 2 0 0 1 1 1 0 1 1 0 0 2 1 2 0 2 
18 16 17 1 0 0 2 2 0 16 17 18 0 1 2 1 0 0 17 16 17 0 0 0 1 0 0 0 1 0 33 32 34 0 0 0 2 0 0 32 32 32 2 1 1 0 1 0 34 34 34 0 2 1 0 2 2 18 16 17 2 0 0 0 0 2 16 16 17 1 1 0 1 1 0 16 18 17 2 0 2 
1
1 0 0 0 2 0 0 1 0 
2 0 1 1 0 0 2 2 0 0 1 2 0 1 2 1 0 0 1 0 1 0 0 0 1 0 0 0 1 2 1 0 2 0 0 0 2 0 0 0 0 0 2 1 1 0 1 0 2 2 2 0 2 1 0 2 2 2 0 1 2 0 0 0 0 2 0 0 1 1 1 0 1 1 0 0 2 1 2 0 2 
18 16 17 1 0 0 2 2 0 16 17 18 0 1 2 1 0 0 17 16 17 0 0 0 1 0 0 0 1 2 33 32 34 0 0 0 2 0 0 32 32 32 2 1 1 0 1 0 34 34 34 0 2 1 0 2 2 18 16 17 2 0 0 0 0 2 16 16 17 1 1 0 1 1 0 16 18 17 2 0 2 
1
1 0 0 0 2 0 0 1 0 
2 0 1 1 0 0 2 2 1 0 1 2 0 1 2 1 0 0 1 0 1 0 0 0 1 0 0 0 1 2 1 0 2 0 0 0 2 0 0 0 0 0 2 1 1 0 1 0 2 2 2 0 2 1 0 2 2 2 0 1 2 0 0 0 0 2 0 0 1 1 1 0 1 1 0 0 2 1 2 0 2 
18 16 17 1 0 0 2 2 1 16 17 18 0 1 2 1 0 0 17 16 17 0 0 0 1 0 0 0 1 2 33 32 34 0 0 0 2 0 0 32 32 32 2 1 1 0 1 0 34 34 34 0 2 1 0 2 2 18 16 17 2 0 0 0 0 2 16 16 17 1 1 0 1 1 0 16 18 17 2 0 2 
1
1 0 0 0 2 0 0 1 0 
2 0 1 1 0 0 2 2 1 0 1 2 0 1 2 1 2 0 1 0 1 0 0 0 1 0 0 0 1 2 1 0 2 0 0 0 2 0 0 0 0 0 2 1 1 0 1 0 2 2 2 0 2 1 0 2 2 2 0 1 2 0 0 0 0 2 0 0 1 1 1 0 1 1 0 0 2 1 2 0 2 
18 16 17 1 0 0 2 2 1 16 17 18 0 1 2 1 2 0 17 16 17 0 0 0 1 0 0 0 1 2 33 32 34 0 0 0 2 0 0 32 32 32 2 1 1 0 1 0 34 34 34 0 2 1 0 2 2 18 16 17 2 0 0 0 0 2 16 16 17 1 1 0 1 1 0 16 18 17 2 0 2 
1
1 0 0 0 2 0 0 1 1 
2 0 1 1 0 0 2 2 1 0 1 2 0 1 2 1 2 0 1 0 1 0 0 0 1 0 0 0 1 2 1 0 2 0 0 0 2 0 0 0 0 0 2 1 1 0 1 0 2 2 2 0 2 1 0 2 2 2 0 1 2 0 0 0 0 2 0 0 1 1 1 1 1 1 0 0 2 1 2 0 2 
18 16 17 1 0 0 2 2 1 16 17 18 0 1 2 1 2 0 17 16 17 0 0 0 1 0 0 0 1 2 33 32 34 0 0 0 2 0 0 32 32 32 2 1 1 0 1 0 34 34 34 0 2 1 0 2 2 18 16 17 18 16 16 0 0 2 16 16 17 17 17 17 1 1 0 16 18 17 18 16 18 
1
1 0 0 0 2 0 0 1 1 
2 0 1 1 0 0 2 2 1 0 1 2 0 1 2 1 2 0 1 0 1 0 0 0 1 0 0 0 1 2 1 0 2 0 2 0 2 0 0 0 0 0 2 1 1 0 1 0 2 2 2 0 2 1 0 2 2 2 0 1 2 0 0 0 0 2 0 0 1 1 1 1 1 1 0 0 2 1 2 0 2 
18 16 17 1 0 0 2 2 1 16 17 18 0 1 2 1 2 0 17 16 17 0 0 0 1 0 0 0 1 2 33 32 34 0 2 0 2 0 0 32 32 32 2 1 1 0 1 0 34 34 34 0 2 1 0 2 2 18 16 17 18 16 16 0 0 2 16 16 17 17 17 17 1 1 0 16 18 17 18 16 18 
1
1 0 0 0 2 0 0 1 1 
2 0 1 1 0 1 2 2 1 0 1 2 0 1 2 1 2 0 1 0 1 0 0 0 1 0 0 0 1 2 1 0 2 0 2 0 2 0 0 0 0 0 2 1 1 0 1 0 2 2 2 0 2 1 0 2 2 2 0 1 2 0 0 0 0 2 0 0 1 1 1 1 1 1 0 0 2 1 2 0 2 
18 16 17 1 0 1 2 2 1 16 17 18 0 1 2 1 2 0 17 16 17 0 0 0 1 0 0 0 1 2 33 32 34 0 2 0 2 0 0 32 32 32 2 1 1 0 1 0 34 34 34 0 2 1 0 2 2 18 16 17 18 16 16 0 0 2 16 16 17 17 17 17 1 1 0 16 18 17 18 16 18 
1
1 0 0 0 2 0 0 1 1 
2 0 1 1 0 1 2 2 1 0 1 2 0 1 2 1 2 2 1 0 1 0 0 0 1 0 0 0 1 2 1 0 2 0 2 0 2 0 0 0 0 0 2 1 1 0 1 0 2 2 2 0 2 1 0 2 2 2 0 1 2 0 0 0 0 2 0 0 1 1 1 1 1 1 0 0 2 1 2 0 2 
18 16 17 1 0 1 2 2 1 16 17 18 0 1 2 1 2 2 17 16 17 0 0 0 1 0 0 0 1 2 33 32 34 0 2 0 2 0 0 32 32 32 2 1 1 0 1 0 34 34 34 0 2 1 0 2 2 18 16 17 18 16 16 0 0 2 16 16 17 17 17 17 1 1 0 16 18 17 18 16 18 
1
1 0 0 0 2 1 0 1 1 
2 0 1 1 0 1 2 2 1 0 1 2 0 1 2 1 2 2 1 0 1 0 0 0 1 0 0 0 1 2 1 0 2 0 2 1 2 0 0 0 0 0 2 1 1 0 1 0 2 2 2 0 2 1 0 2 2 2 0 1 2 0 0 0 0 2 0 0 1 1 1 1 1 1 0 0 2 1 2 0 2 
18 16 17 1 0 1 2 2 1 16 17 18 0 1 2 1 2 2 17 16 17 0 0 0 1 0 0 0 1 2 33 32 34 16 18 17 2 0 0 32 32 32 18 17 17 0 1 0 34 34 34 16 18 17 0 2 2 18 16 17 18 16 16 0 0 2 16 16 17 17 17 17 1 1 0 16 18 17 18 16 18 
1
1 0 2 0 2 1 0 1 1 
2 0 1 1 0 1 2 2 1 0 1 2 0 1 2 1 2 2 1 0 1 0 0 0 1 2 0 0 1 2 1 0 2 0 2 1 2 0 0 0 0 0 2 1 1 0 1 0 2 2 2 0 2 1 0 2 2 2 0 1 2 0 0 0 0 2 0 0 1 1 1 1 1 1 0 0 2 1 2 0 2 
18 16 17 1 0 1 34 34 33 16 17 18 0 1 2 33 34 34 17 16 17 0 0 0 33 34 32 0 1 2 33 32 34 16 18 17 2 0 0 32 32 32 18 17 17 0 1 0 34 34 34 16 18 17 0 2 2 18 16 17 18 16 16 0 0 2 16 16 17 17 17 17 1 1 0 16 18 17 18 16 18 
1
1 0 2 0 2 1 1 1 1 
2 0 1 1 0 1 2 2 1 0 1 2 0 1 2 1 2 2 1 0 1 0 0 0 1 2 0 0 1 2 1 0 2 0 2 1 2 0 0 0 0 0 2 1 1 0 1 0 2 2 2 0 2 1 0 2 2 2 0 1 2 0 0 0 0 2 0 0 1 1 1 1 1 1 1 0 2 1 2 0 2 
18 16 17 1 0 1 34 34 33 16 17 18 0 1 2 33 34 34 17 16 17 0 0 0 33 34 32 0 1 2 33 32 34 16 18 17 2 0 0 32 32 32 18 17 17 0 1 0 34 34 34 16 18 17 16 18 18 18 16 17 18 16 16 16 16 18 16 16 17 17 17 17 17 17 17 16 18 17 18 16 18 
1
1 0 2 0 2 1 1 1 1 
2 0 1 1 0 1 2 2 1 0 1 2 0 1 2 1 2 2 1 0 1 0 0 0 1 2 0 0 1 2 1 0 2 0 2 1 2 0 0 0 0 0 2 1 1 0 1 0 2 2 2 0 2 1 0 2 2 2 0 1 2 0 0 0 0 2 0 0 1 1 1 1 1 1 1 0 2 1 2 0 2 
18 16 17 1 0 1 34 34 33 16 17 18 0 1 2 33 34 34 17 16 17 0 0 0 33 34 32 0 1 2 33 32 34 16 18 17 2 0 0 32 32 32 18 17 17 0 1 0 34 34 34 16 18 17 16 18 18 18 16 17 18 16 16 16 16 18 16 16 17 17 17 17 17 17 17 16 18 17 18 16 18 
1
