0 0 0 0 0 0 0 0 0 
0 0 0 0 0 0 0 0 0 0 0 0 0 0 0 0 0 0 0 0 0 0 0 0 0 0 1 0 0 0 0 0 0 0 0 0 0 0 0 0 0 0 0 0 0 0 0 0 0 0 0 0 0 0 0 0 0 0 0 0 0 0 0 0 0 0 0 0 0 0 0 0 0 0 0 0 0 0 0 0 0 
0 0 0 0 0 0 0 0 0 0 0 0 0 0 0 0 0 0 0 0 0 0 0 0 0 0 1 0 0 0 0 0 0 0 0 0 0 0 0 0 0 0 0 0 0 0 0 0 0 0 0 0 0 0 0 0 0 0 0 0 0 0 0 0 0 0 0 0 0 0 0 0 0 0 0 0 0 0 0 0 0 
1
0 0 0 0 0 0 0 0 0 
0 0 0 0 0 0 0 0 0 0 0 0 0 0 0 0 0 0 0 0 0 0 0 0 0 0 1 0 0 0 0 0 0 0 0 0 0 0 0 0 0 0 0 0 0 0 0 0 0 0 0 0 0 0 0 0 0 0 0 0 0 2 0 0 0 0 0 0 0 0 0 0 0 0 0 0 0 0 0 0 0 
0 0 0 0 0 0 0 0 0 0 0 0 0 0 0 0 0 0 0 0 0 0 0 0 0 0 1 0 0 0 0 0 0 0 0 0 0 0 0 0 0 0 0 0 0 0 0 0 0 0 0 0 0 0 0 0 0 0 0 0 0 2 0 0 0 0 0 0 0 0 0 0 0 0 0 0 0 0 0 0 0 
1
0 0 0 0 0 0 0 0 0 
0 0 0 0 1 0 0 0 0 0 0 0 0 0 0 0 0 0 0 0 0 0 0 0 0 0 1 0 0 0 0 0 0 0 0 0 0 0 0 0 0 0 0 0 0 0 0 0 0 0 0 0 0 0 0 0 0 0 0 0 0 2 0 0 0 0 0 0 0 0 0 0 0 0 0 0 0 0 0 0 0 
0 0 0 0 1 0 0 0 0 0 0 0 0 0 0 0 0 0 0 0 0 0 0 0 0 0 1 0 0 0 0 0 0 0 0 0 0 0 0 0 0 0 0 0 0 0 0 0 0 0 0 0 0 0 0 0 0 0 0 0 0 2 0 0 0 0 0 0 0 0 0 0 0 0 0 0 0 0 0 0 0 
1
0 0 0 0 0 0 0 0 0 
0 0 0 0 1 0 0 0 0 0 0 0 0 0 0 0 0 0 0 0 0 2 0 0 0 0 1 0 0 0 0 0 0 0 0 0 0 0 0 0 0 0 0 0 0 0 0 0 0 0 0 0 0 0 0 0 0 0 0 0 0 2 0 0 0 0 0 0 0 0 0 0 0 0 0 0 0 0 0 0 0 
0 0 0 0 1 0 0 0 0 0 0 0 0 0 0 0 0 0 0 0 0 2 0 0 0 0 1 0 0 0 0 0 0 0 0 0 0 0 0 0 0 0 0 0 0 0 0 0 0 0 0 0 0 0 0 0 0 0 0 0 0 2 0 0 0 0 0 0 0 0 0 0 0 0 0 0 0 0 0 0 0 
1
0 0 0 0 0 0 0 0 0 
0 0 0 0 1 0 0 0 0 0 0 0 0 0 0 0 0 0 0 0 0 2 0 0 0 0 1 0 0 0 0 0 0 0 0 0 0 0 0 0 0 0 0 0 0 0 0 0 0 0 0 0 0 0 0 1 0 0 0 0 0 2 0 0 0 0 0 0 0 0 0 0 0 0 0 0 0 0 0 0 0 
0 0 0 0 1 0 0 0 0 0 0 0 0 0 0 0 0 0 0 0 0 2 0 0 0 0 1 0 0 0 0 0 0 0 0 0 0 0 0 0 0 0 0 0 0 0 0 0 0 0 0 0 0 0 0 1 0 0 0 0 0 2 0 0 0 0 0 0 0 0 0 0 0 0 0 0 0 0 0 0 0 
1
0 0 0 0 0 0 0 0 0 
0 0 0 2 1 0 0 0 0 0 0 0 0 0 0 0 0 0 0 0 0 2 0 0 0 0 1 0 0 0 0 0 0 0 0 0 0 0 0 0 0 0 0 0 0 0 0 0 0 0 0 0 0 0 0 1 0 0 0 0 0 2 0 0 0 0 0 0 0 0 0 0 0 0 0 0 0 0 0 0 0 
0 0 0 2 1 0 0 0 0 0 0 0 0 0 0 0 0 0 0 0 0 2 0 0 0 0 1 0 0 0 0 0 0 0 0 0 0 0 0 0 0 0 0 0 0 0 0 0 0 0 0 0 0 0 0 1 0 0 0 0 0 2 0 0 0 0 0 0 0 0 0 0 0 0 0 0 0 0 0 0 0 
1
0 0 0 0 0 0 0 0 0 
1 0 0 2 1 0 0 0 0 0 0 0 0 0 0 0 0 0 0 0 0 2 0 0 0 0 1 0 0 0 0 0 0 0 0 0 0 0 0 0 0 0 0 0 0 0 0 0 0 0 0 0 0 0 0 1 0 0 0 0 0 2 0 0 0 0 0 0 0 0 0 0 0 0 0 0 0 0 0 0 0 
1 0 0 2 1 0 0 0 0 0 0 0 0 0 0 0 0 0 0 0 0 2 0 0 0 0 1 0 0 0 0 0 0 0 0 0 0 0 0 0 0 0 0 0 0 0 0 0 0 0 0 0 0 0 0 1 0 0 0 0 0 2 0 0 0 0 0 0 0 0 0 0 0 0 0 0 0 0 0 0 0 
1
0 0 0 0 0 0 0 0 0 
1 0 0 2 1 0 0 0 0 0 0 2 0 0 0 0 0 0 0 0 0 2 0 0 0 0 1 0 0 0 0 0 0 0 0 0 0 0 0 0 0 0 0 0 0 0 0 0 0 0 0 0 0 0 0 1 0 0 0 0 0 2 0 0 0 0 0 0 0 0 0 0 0 0 0 0 0 0 0 0 0 
1 0 0 2 1 0 0 0 0 0 0 2 0 0 0 0 0 0 0 0 0 2 0 0 0 0 1 0 0 0 0 0 0 0 0 0 0 0 0 0 0 0 0 0 0 0 0 0 0 0 0 0 0 0 0 1 0 0 0 0 0 2 0 0 0 0 0 0 0 0 0 0 0 0 0 0 0 0 0 0 0 
1
0 0 0 0 0 0 0 0 0 
1 0 0 2 1 0 0 0 0 0 0 2 0 0 0 0 0 0 0 0 0 2 0 0 0 0 1 0 0 0 0 0 0 0 0 1 0 0 0 0 0 0 0 0 0 0 0 0 0 0 0 0 0 0 0 1 0 0 0 0 0 2 0 0 0 0 0 0 0 0 0 0 0 0 0 0 0 0 0 0 0 
1 0 0 2 1 0 0 0 0 0 0 2 0 0 0 0 0 0 0 0 0 2 0 0 0 0 1 0 0 0 0 0 0 0 0 1 0 0 0 0 0 0 0 0 0 0 0 0 0 0 0 0 0 0 0 1 0 0 0 0 0 2 0 0 0 0 0 0 0 0 0 0 0 0 0 0 0 0 0 0 0 
1
0 0 0 0 0 0 0 0 0 
1 0 0 2 1 0 0 2 0 0 0 2 0 0 0 0 0 0 0 0 0 2 0 0 0 0 1 0 0 0 0 0 0 0 0 1 0 0 0 0 0 0 0 0 0 0 0 0 0 0 0 0 0 0 0 1 0 0 0 0 0 2 0 0 0 0 0 0 0 0 0 0 0 0 0 0 0 0 0 0 0 
1 0 0 2 1 0 0 2 0 0 0 2 0 0 0 0 0 0 0 0 0 2 0 0 0 0 1 0 0 0 0 0 0 0 0 1 0 0 0 0 0 0 0 0 0 0 0 0 0 0 0 0 0 0 0 1 0 0 0 0 0 2 0 0 0 0 0 0 0 0 0 0 0 0 0 0 0 0 0 0 0 
1
0 0 0 0 0 0 0 0 0 
1 0 0 2 1 0 0 2 0 0 0 2 1 0 0 0 0 0 0 0 0 2 0 0 0 0 1 0 0 0 0 0 0 0 0 1 0 0 0 0 0 0 0 0 0 0 0 0 0 0 0 0 0 0 0 1 0 0 0 0 0 2 0 0 0 0 0 0 0 0 0 0 0 0 0 0 0 0 0 0 0 
1 0 0 2 1 0 0 2 0 0 0 2 1 0 0 0 0 0 0 0 0 2 0 0 0 0 1 0 0 0 0 0 0 0 0 1 0 0 0 0 0 0 0 0 0 0 0 0 0 0 0 0 0 0 0 1 0 0 0 0 0 2 0 0 0 0 0 0 0 0 0 0 0 0 0 0 0 0 0 0 0 
1
0 0 0 0 0 0 0 0 0 
1 0 0 2 1 0 0 2 0 0 0 2 1 0 0 0 0 0 0 0 0 2 0 0 0 0 1 0 2 0 0 0 0 0 0 1 0 0 0 0 0 0 0 0 0 0 0 0 0 0 0 0 0 0 0 1 0 0 0 0 0 2 0 0 0 0 0 0 0 0 0 0 0 0 0 0 0 0 0 0 0 
1 0 0 2 1 0 0 2 0 0 0 2 1 0 0 0 0 0 0 0 0 2 0 0 0 0 1 0 2 0 0 0 0 0 0 1 0 0 0 0 0 0 0 0 0 0 0 0 0 0 0 0 0 0 0 1 0 0 0 0 0 2 0 0 0 0 0 0 0 0 0 0 0 0 0 0 0 0 0 0 0 
1
0 0 0 0 0 0 0 0 0 
1 0 0 2 1 0 0 2 0 0 0 2 1 1 0 0 0 0 0 0 0 2 0 0 0 0 1 0 2 0 0 0 0 0 0 1 0 0 0 0 0 0 0 0 0 0 0 0 0 0 0 0 0 0 0 1 0 0 0 0 0 2 0 0 0 0 0 0 0 0 0 0 0 0 0 0 0 0 0 0 0 
1 0 0 2 1 0 0 2 0 0 0 2 1 1 0 0 0 0 0 0 0 2 0 0 0 0 1 0 2 0 0 0 0 0 0 1 0 0 0 0 0 0 0 0 0 0 0 0 0 0 0 0 0 0 0 1 0 0 0 0 0 2 0 0 0 0 0 0 0 0 0 0 0 0 0 0 0 0 0 0 0 
1
0 0 0 0 0 0 0 0 0 
1 0 0 2 1 0 0 2 0 0 0 2 1 1 0 0 0 0 0 0 0 2 0 0 0 0 1 0 2 0 0 0 0 0 0 1 0 0 0 0 0 0 0 0 0 0 0 0 2 0 0 0 0 0 0 1 0 0 0 0 0 2 0 0 0 0 0 0 0 0 0 0 0 0 0 0 0 0 0 0 0 
1 0 0 2 1 0 0 2 0 0 0 2 1 1 0 0 0 0 0 0 0 2 0 0 0 0 1 0 2 0 0 0 0 0 0 1 0 0 0 0 0 0 0 0 0 0 0 0 2 0 0 0 0 0 0 1 0 0 0 0 0 2 0 0 0 0 0 0 0 0 0 0 0 0 0 0 0 0 0 0 0 
1
0 0 0 0 0 0 0 0 0 
1 0 0 2 1 0 0 2 0 0 0 2 1 1 0 0 0 0 0 0 0 2 0 0 0 0 1 0 2 0 0 0 0 0 0 1 0 0 0 0 0 0 0 0 0 0 0 0 2 0 0 0 0 0 0 1 1 0 0 0 0 2 0 0 0 0 0 0 0 0 0 0 0 0 0 0 0 0 0 0 0 
1 0 0 2 1 0 0 2 0 0 0 2 1 1 0 0 0 0 0 0 0 2 0 0 0 0 1 0 2 0 0 0 0 0 0 1 0 0 0 0 0 0 0 0 0 0 0 0 2 0 0 0 0 0 0 1 1 0 0 0 0 2 0 0 0 0 0 0 0 0 0 0 0 0 0 0 0 0 0 0 0 
1
0 0 0 0 0 0 0 0 0 
1 0 0 2 1 0 0 2 2 0 0 2 1 1 0 0 0 0 0 0 0 2 0 0 0 0 1 0 2 0 0 0 0 0 0 1 0 0 0 0 0 0 0 0 0 0 0 0 2 0 0 0 0 0 0 1 1 0 0 0 0 2 0 0 0 0 0 0 0 0 0 0 0 0 0 0 0 0 0 0 0 
1 0 0 2 1 0 0 2 2 0 0 2 1 1 0 0 0 0 0 0 0 2 0 0 0 0 1 0 2 0 0 0 0 0 0 1 0 0 0 0 0 0 0 0 0 0 0 0 2 0 0 0 0 0 0 1 1 0 0 0 0 2 0 0 0 0 0 0 0 0 0 0 0 0 0 0 0 0 0 0 0 
1
0 0 0 0 0 0 0 0 0 
1 0 0 2 1 0 1 2 2 0 0 2 1 1 0 0 0 0 0 0 0 2 0 0 0 0 1 0 2 0 0 0 0 0 0 1 0 0 0 0 0 0 0 0 0 0 0 0 2 0 0 0 0 0 0 1 1 0 0 0 0 2 0 0 0 0 0 0 0 0 0 0 0 0 0 0 0 0 0 0 0 
1 0 0 2 1 0 1 2 2 0 0 2 1 1 0 0 0 0 0 0 0 2 0 0 0 0 1 0 2 0 0 0 0 0 0 1 0 0 0 0 0 0 0 0 0 0 0 0 2 0 0 0 0 0 0 1 1 0 0 0 0 2 0 0 0 0 0 0 0 0 0 0 0 0 0 0 0 0 0 0 0 
1
0 0 0 0 0 0 0 0 0 
1 0 0 2 1 0 1 2 2 2 0 2 1 1 0 0 0 0 0 0 0 2 0 0 0 0 1 0 2 0 0 0 0 0 0 1 0 0 0 0 0 0 0 0 0 0 0 0 2 0 0 0 0 0 0 1 1 0 0 0 0 2 0 0 0 0 0 0 0 0 0 0 0 0 0 0 0 0 0 0 0 
1 0 0 2 1 0 1 2 2 2 0 2 1 1 0 0 0 0 0 0 0 2 0 0 0 0 1 0 2 0 0 0 0 0 0 1 0 0 0 0 0 0 0 0 0 0 0 0 2 0 0 0 0 0 0 1 1 0 0 0 0 2 0 0 0 0 0 0 0 0 0 0 0 0 0 0 0 0 0 0 0 
1
0 0 0 0 0 0 0 0 0 
1 0 0 2 1 0 1 2 2 2 0 2 1 1 0 0 0 0 0 0 0 2 0 0 0 0 1 0 2 0 0 0 0 0 0 1 1 0 0 0 0 0 0 0 0 0 0 0 2 0 0 0 0 0 0 1 1 0 0 0 0 2 0 0 0 0 0 0 0 0 0 0 0 0 0 0 0 0 0 0 0 
1 0 0 2 1 0 1 2 2 2 0 2 1 1 0 0 0 0 0 0 0 2 0 0 0 0 1 0 2 0 0 0 0 0 0 1 1 0 0 0 0 0 0 0 0 0 0 0 2 0 0 0 0 0 0 1 1 0 0 0 0 2 0 0 0 0 0 0 0 0 0 0 0 0 0 0 0 0 0 0 0 
1
0 0 0 0 0 0 0 0 0 
1 0 0 2 1 0 1 2 2 2 0 2 1 1 0 0 0 0 0 0 0 2 0 0 0 0 1 0 2 0 0 0 0 0 0 1 1 0 0 0 0 0 0 0 0 2 0 0 2 0 0 0 0 0 0 1 1 0 0 0 0 2 0 0 0 0 0 0 0 0 0 0 0 0 0 0 0 0 0 0 0 
1 0 0 2 1 0 1 2 2 2 0 2 1 1 0 0 0 0 0 0 0 2 0 0 0 0 1 0 2 0 0 0 0 0 0 1 1 0 0 0 0 0 0 0 0 2 0 0 2 0 0 0 0 0 0 1 1 0 0 0 0 2 0 0 0 0 0 0 0 0 0 0 0 0 0 0 0 0 0 0 0 
1
0 0 0 0 0 0 1 0 0 
1 0 0 2 1 0 1 2 2 2 0 2 1 1 0 0 0 0 0 0 0 2 0 0 0 0 1 0 2 0 0 0 0 0 0 1 1 0 0 0 0 0 0 0 0 2 0 0 2 0 0 0 0 0 1 1 1 0 0 0 0 2 0 0 0 0 0 0 0 0 0 0 0 0 0 0 0 0 0 0 0 
1 0 0 2 1 0 1 2 2 2 0 2 1 1 0 0 0 0 0 0 0 2 0 0 0 0 1 0 2 0 0 0 0 0 0 1 1 0 0 0 0 0 0 0 0 2 0 0 2 0 0 0 0 0 17 17 17 0 0 0 0 2 0 16 16 16 0 0 0 0 0 0 16 16 16 0 0 0 0 0 0 
1
0 0 0 0 0 0 1 0 0 
1 0 0 2 1 0 1 2 2 2 0 2 1 1 0 0 0 0 2 0 0 2 0 0 0 0 1 0 2 0 0 0 0 0 0 1 1 0 0 0 0 0 0 0 0 2 0 0 2 0 0 0 0 0 1 1 1 0 0 0 0 2 0 0 0 0 0 0 0 0 0 0 0 0 0 0 0 0 0 0 0 
1 0 0 2 1 0 1 2 2 2 0 2 1 1 0 0 0 0 2 0 0 2 0 0 0 0 1 0 2 0 0 0 0 0 0 1 1 0 0 0 0 0 0 0 0 2 0 0 2 0 0 0 0 0 17 17 17 0 0 0 0 2 0 16 16 16 0 0 0 0 0 0 16 16 16 0 0 0 0 0 0 
1
0 1 0 0 0 0 1 0 0 
1 0 0 2 1 0 1 2 2 2 0 2 1 1 1 0 0 0 2 0 0 2 0 0 0 0 1 0 2 0 0 0 0 0 0 1 1 0 0 0 0 0 0 0 0 2 0 0 2 0 0 0 0 0 1 1 1 0 0 0 0 2 0 0 0 0 0 0 0 0 0 0 0 0 0 0 0 0 0 0 0 
1 0 0 18 17 16 1 2 2 2 0 2 17 17 17 0 0 0 2 0 0 18 16 16 0 0 1 0 2 0 0 0 0 0 0 1 1 0 0 0 0 0 0 0 0 2 0 0 2 0 0 0 0 0 17 17 17 0 0 0 0 2 0 16 16 16 0 0 0 0 0 0 16 16 16 0 0 0 0 0 0 
1
0 1 0 0 0 0 1 0 0 
1 0 0 2 1 0 1 2 2 2 0 2 1 1 1 0 0 0 2 0 0 2 0 0 0 0 1 0 2 0 0 0 0 0 0 1 1 0 0 0 0 0 0 2 0 2 0 0 2 0 0 0 0 0 1 1 1 0 0 0 0 2 0 0 0 0 0 0 0 0 0 0 0 0 0 0 0 0 0 0 0 
1 0 0 18 17 16 1 2 2 2 0 2 17 17 17 0 0 0 2 0 0 18 16 16 0 0 1 0 2 0 0 0 0 0 0 1 1 0 0 0 0 0 0 2 0 2 0 0 2 0 0 0 0 0 17 17 17 0 0 0 0 2 0 16 16 16 0 0 0 0 0 0 16 16 16 0 0 0 0 0 0 
1
0 1 0 0 0 0 1 0 0 
1 0 0 2 1 0 1 2 2 2 0 2 1 1 1 0 0 0 2 0 0 2 0 0 0 0 1 0 2 0 0 0 0 0 0 1 1 0 0 1 0 0 0 2 0 2 0 0 2 0 0 0 0 0 1 1 1 0 0 0 0 2 0 0 0 0 0 0 0 0 0 0 0 0 0 0 0 0 0 0 0 
1 0 0 18 17 16 1 2 2 2 0 2 17 17 17 0 0 0 2 0 0 18 16 16 0 0 1 0 2 0 0 0 0 0 0 1 1 0 0 1 0 0 0 2 0 2 0 0 2 0 0 0 0 0 17 17 17 0 0 0 0 2 0 16 16 16 0 0 0 0 0 0 16 16 16 0 0 0 0 0 0 
1
0 1 0 0 0 0 1 0 0 
1 0 0 2 1 0 1 2 2 2 0 2 1 1 1 0 0 0 2 0 0 2 0 0 0 0 1 0 2 0 0 0 0 0 0 1 1 0 0 1 0 0 0 2 0 2 0 2 2 0 0 0 0 0 1 1 1 0 0 0 0 2 0 0 0 0 0 0 0 0 0 0 0 0 0 0 0 0 0 0 0 
1 0 0 18 17 16 1 2 2 2 0 2 17 17 17 0 0 0 2 0 0 18 16 16 0 0 1 0 2 0 0 0 0 0 0 1 1 0 0 1 0 0 0 2 0 2 0 2 2 0 0 0 0 0 17 17 17 0 0 0 0 2 0 16 16 16 0 0 0 0 0 0 16 16 16 0 0 0 0 0 0 
1
0 1 0 0 0 0 1 0 0 
1 0 0 2 1 0 1 2 2 2 0 2 1 1 1 0 0 0 2 0 0 2 0 0 0 0 1 0 2 0 0 0 0 0 0 1 1 0 0 1 0 0 0 2 0 2 0 2 2 0 0 0 0 0 1 1 1 0 0 0 0 2 0 0 0 0 0 0 0 0 0 1 0 0 0 0 0 0 0 0 0 
1 0 0 18 17 16 1 2 2 2 0 2 17 17 17 0 0 0 2 0 0 18 16 16 0 0 1 0 2 0 0 0 0 0 0 1 1 0 0 1 0 0 0 2 0 2 0 2 2 0 0 0 0 0 17 17 17 0 0 0 0 2 0 16 16 16 0 0 0 0 0 1 16 16 16 0 0 0 0 0 0 
1
0 1 0 0 0 0 1 0 0 
1 0 0 2 1 0 1 2 2 2 0 2 1 1 1 0 0 0 2 0 0 2 0 0 0 0 1 0 2 0 0 0 0 0 0 1 1 0 0 1 0 0 0 2 0 2 0 2 2 0 0 0 0 2 1 1 1 0 0 0 0 2 0 0 0 0 0 0 0 0 0 1 0 0 0 0 0 0 0 0 0 
1 0 0 18 17 16 1 2 2 2 0 2 17 17 17 0 0 0 2 0 0 18 16 16 0 0 1 0 2 0 0 0 0 0 0 1 1 0 0 1 0 0 0 2 0 2 0 2 2 0 0 0 0 2 17 17 17 0 0 0 0 2 0 16 16 16 0 0 0 0 0 1 16 16 16 0 0 0 0 0 0 
1
0 1 0 0 0 0 1 0 0 
1 0 0 2 1 0 1 2 2 2 0 2 1 1 1 0 0 0 2 0 0 2 0 0 0 0 1 0 2 0 0 0 0 0 0 1 1 0 0 1 0 0 0 2 0 2 0 2 2 0 0 0 0 2 1 1 1 0 0 0 0 2 0 0 0 0 0 0 0 0 0 1 0 0 0 0 0 0 0 0 1 
1 0 0 18 17 16 1 2 2 2 0 2 17 17 17 0 0 0 2 0 0 18 16 16 0 0 1 0 2 0 0 0 0 0 0 1 1 0 0 1 0 0 0 2 0 2 0 2 2 0 0 0 0 2 17 17 17 0 0 0 0 2 0 16 16 16 0 0 0 0 0 1 16 16 16 0 0 0 0 0 1 
1
0 1 0 0 0 0 1 0 0 
1 0 0 2 1 0 1 2 2 2 0 2 1 1 1 0 0 0 2 0 0 2 0 0 0 0 1 0 2 0 0 0 0 0 0 1 1 0 0 1 0 0 0 2 0 2 0 2 2 0 0 0 0 2 1 1 1 0 0 0 0 2 2 0 0 0 0 0 0 0 0 1 0 0 0 0 0 0 0 0 1 
1 0 0 18 17 16 1 2 2 2 0 2 17 17 17 0 0 0 2 0 0 18 16 16 0 0 1 0 2 0 0 0 0 0 0 1 1 0 0 1 0 0 0 2 0 2 0 2 2 0 0 0 0 2 17 17 17 0 0 0 0 2 2 16 16 16 0 0 0 0 0 1 16 16 16 0 0 0 0 0 1 
1
0 1 1 0 0 0 1 0 0 
1 0 0 2 1 0 1 2 2 2 0 2 1 1 1 0 1 0 2 0 0 2 0 0 0 0 1 0 2 0 0 0 0 0 0 1 1 0 0 1 0 0 0 2 0 2 0 2 2 0 0 0 0 2 1 1 1 0 0 0 0 2 2 0 0 0 0 0 0 0 0 1 0 0 0 0 0 0 0 0 1 
1 0 0 18 17 16 17 18 18 2 0 2 17 17 17 16 17 16 2 0 0 18 16 16 16 16 17 0 2 0 0 0 0 0 0 1 1 0 0 1 0 0 0 2 0 2 0 2 2 0 0 0 0 2 17 17 17 0 0 0 0 2 2 16 16 16 0 0 0 0 0 1 16 16 16 0 0 0 0 0 1 
1
0 1 1 0 0 0 1 0 0 
1 0 0 2 1 0 1 2 2 2 0 2 1 1 1 0 1 0 2 0 0 2 0 0 0 0 1 0 2 0 0 0 0 0 0 1 1 0 0 1 0 0 0 2 0 2 0 2 2 0 2 0 0 2 1 1 1 0 0 0 0 2 2 0 0 0 0 0 0 0 0 1 0 0 0 0 0 0 0 0 1 
1 0 0 18 17 16 17 18 18 2 0 2 17 17 17 16 17 16 2 0 0 18 16 16 16 16 17 0 2 0 0 0 0 0 0 1 1 0 0 1 0 0 0 2 0 2 0 2 2 0 2 0 0 2 17 17 17 0 0 0 0 2 2 16 16 16 0 0 0 0 0 1 16 16 16 0 0 0 0 0 1 
1
0 1 1 0 0 0 1 0 0 
1 0 0 2 1 0 1 2 2 2 0 2 1 1 1 0 1 0 2 0 0 2 0 0 0 0 1 0 2 0 0 0 0 0 0 1 1 0 0 1 0 0 0 2 0 2 0 2 2 0 2 0 0 2 1 1 1 0 0 0 1 2 2 0 0 0 0 0 0 0 0 1 0 0 0 0 0 0 0 0 1 
1 0 0 18 17 16 17 18 18 2 0 2 17 17 17 16 17 16 2 0 0 18 16 16 16 16 17 0 2 0 0 0 0 0 0 1 1 0 0 1 0 0 0 2 0 2 0 2 2 0 2 0 0 2 17 17 17 0 0 0 1 2 2 16 16 16 0 0 0 0 0 1 16 16 16 0 0 0 0 0 1 
1
0 1 1 0 0 0 1 0 0 
1 2 0 2 1 0 1 2 2 2 0 2 1 1 1 0 1 0 2 0 0 2 0 0 0 0 1 0 2 0 0 0 0 0 0 1 1 0 0 1 0 0 0 2 0 2 0 2 2 0 2 0 0 2 1 1 1 0 0 0 1 2 2 0 0 0 0 0 0 0 0 1 0 0 0 0 0 0 0 0 1 
1 2 0 18 17 16 17 18 18 2 0 2 17 17 17 16 17 16 2 0 0 18 16 16 16 16 17 0 2 0 0 0 0 0 0 1 1 0 0 1 0 0 0 2 0 2 0 2 2 0 2 0 0 2 17 17 17 0 0 0 1 2 2 16 16 16 0 0 0 0 0 1 16 16 16 0 0 0 0 0 1 
1
0 1 1 0 0 0 1 0 1 
1 2 0 2 1 0 1 2 2 2 0 2 1 1 1 0 1 0 2 0 0 2 0 0 0 0 1 0 2 0 0 0 0 0 0 1 1 0 0 1 0 0 0 2 0 2 0 2 2 0 2 0 0 2 1 1 1 0 0 0 1 2 2 0 0 0 0 0 0 0 1 1 0 0 0 0 0 0 0 0 1 
1 2 0 18 17 16 17 18 18 2 0 2 17 17 17 16 17 16 2 0 0 18 16 16 16 16 17 0 2 0 0 0 0 0 0 1 1 0 0 1 0 0 0 2 0 2 0 2 2 0 2 0 0 2 17 17 17 0 0 0 17 18 18 16 16 16 0 0 0 16 17 17 16 16 16 0 0 0 16 16 17 
1
0 1 1 0 0 0 1 0 1 
1 2 0 2 1 0 1 2 2 2 0 2 1 1 1 0 1 0 2 0 0 2 0 0 0 0 1 0 2 0 0 0 0 0 0 1 1 0 0 1 2 0 0 2 0 2 0 2 2 0 2 0 0 2 1 1 1 0 0 0 1 2 2 0 0 0 0 0 0 0 1 1 0 0 0 0 0 0 0 0 1 
1 2 0 18 17 16 17 18 18 2 0 2 17 17 17 16 17 16 2 0 0 18 16 16 16 16 17 0 2 0 0 0 0 0 0 1 1 0 0 1 2 0 0 2 0 2 0 2 2 0 2 0 0 2 17 17 17 0 0 0 17 18 18 16 16 16 0 0 0 16 17 17 16 16 16 0 0 0 16 16 17 
1
0 1 1 0 0 0 1 0 1 
1 2 0 2 1 0 1 2 2 2 0 2 1 1 1 0 1 0 2 0 0 2 0 0 0 0 1 0 2 0 0 0 0 0 0 1 1 0 0 1 2 0 0 2 0 2 0 2 2 1 2 0 0 2 1 1 1 0 0 0 1 2 2 0 0 0 0 0 0 0 1 1 0 0 0 0 0 0 0 0 1 
1 2 0 18 17 16 17 18 18 2 0 2 17 17 17 16 17 16 2 0 0 18 16 16 16 16 17 0 2 0 0 0 0 0 0 1 1 0 0 1 2 0 0 2 0 2 0 2 2 1 2 0 0 2 17 17 17 0 0 0 17 18 18 16 16 16 0 0 0 16 17 17 16 16 16 0 0 0 16 16 17 
1
0 1 1 0 0 0 1 0 1 
1 2 0 2 1 0 1 2 2 2 0 2 1 1 1 0 1 0 2 0 0 2 0 0 0 0 1 0 2 0 0 0 0 0 0 1 1 0 0 1 2 0 0 2 0 2 0 2 2 1 2 0 0 2 1 1 1 0 0 0 1 2 2 0 0 0 0 2 0 0 1 1 0 0 0 0 0 0 0 0 1 
1 2 0 18 17 16 17 18 18 2 0 2 17 17 17 16 17 16 2 0 0 18 16 16 16 16 17 0 2 0 0 0 0 0 0 1 1 0 0 1 2 0 0 2 0 2 0 2 2 1 2 0 0 2 17 17 17 0 0 0 17 18 18 16 16 16 0 2 0 16 17 17 16 16 16 0 0 0 16 16 17 
1
0 1 1 0 0 0 1 0 1 
1 2 0 2 1 0 1 2 2 2 0 2 1 1 1 0 1 0 2 0 0 2 0 0 0 0 1 0 2 0 1 0 0 0 0 1 1 0 0 1 2 0 0 2 0 2 0 2 2 1 2 0 0 2 1 1 1 0 0 0 1 2 2 0 0 0 0 2 0 0 1 1 0 0 0 0 0 0 0 0 1 
1 2 0 18 17 16 17 18 18 2 0 2 17 17 17 16 17 16 2 0 0 18 16 16 16 16 17 0 2 0 1 0 0 0 0 1 1 0 0 1 2 0 0 2 0 2 0 2 2 1 2 0 0 2 17 17 17 0 0 0 17 18 18 16 16 16 0 2 0 16 17 17 16 16 16 0 0 0 16 16 17 
1
0 1 1 0 0 0 1 0 1 
1 2 0 2 1 0 1 2 2 2 0 2 1 1 1 0 1 0 2 2 0 2 0 0 0 0 1 0 2 0 1 0 0 0 0 1 1 0 0 1 2 0 0 2 0 2 0 2 2 1 2 0 0 2 1 1 1 0 0 0 1 2 2 0 0 0 0 2 0 0 1 1 0 0 0 0 0 0 0 0 1 
1 2 0 18 17 16 17 18 18 2 0 2 17 17 17 16 17 16 2 2 0 18 16 16 16 16 17 0 2 0 1 0 0 0 0 1 1 0 0 1 2 0 0 2 0 2 0 2 2 1 2 0 0 2 17 17 17 0 0 0 17 18 18 16 16 16 0 2 0 16 17 17 16 16 16 0 0 0 16 16 17 
1
0 1 1 0 0 0 1 0 1 
1 2 0 2 1 0 1 2 2 2 0 2 1 1 1 0 1 0 2 2 0 2 0 0 0 0 1 0 2 0 1 0 0 0 0 1 1 0 0 1 2 0 0 2 0 2 0 2 2 1 2 0 0 2 1 1 1 0 0 0 1 2 2 0 0 0 0 2 0 0 1 1 0 0 0 0 1 0 0 0 1 
1 2 0 18 17 16 17 18 18 2 0 2 17 17 17 16 17 16 2 2 0 18 16 16 16 16 17 0 2 0 1 0 0 0 0 1 1 0 0 1 2 0 0 2 0 2 0 2 2 1 2 0 0 2 17 17 17 0 0 0 17 18 18 16 16 16 0 2 0 16 17 17 16 16 16 0 1 0 16 16 17 
1
0 1 1 0 0 0 1 0 1 
1 2 0 2 1 0 1 2 2 2 0 2 1 1 1 0 1 0 2 2 0 2 0 0 0 0 1 0 2 0 1 0 0 0 0 1 1 0 0 1 2 0 0 2 0 2 0 2 2 1 2 0 0 2 1 1 1 0 0 0 1 2 2 0 0 0 0 2 2 0 1 1 0 0 0 0 1 0 0 0 1 
1 2 0 18 17 16 17 18 18 2 0 2 17 17 17 16 17 16 2 2 0 18 16 16 16 16 17 0 2 0 1 0 0 0 0 1 1 0 0 1 2 0 0 2 0 2 0 2 2 1 2 0 0 2 17 17 17 0 0 0 17 18 18 16 16 16 0 2 2 16 17 17 16 16 16 0 1 0 16 16 17 
1
0 1 1 0 0 0 1 0 1 
1 2 0 2 1 0 1 2 2 2 0 2 1 1 1 0 1 0 2 2 0 2 0 0 0 0 1 0 2 0 1 0 0 1 0 1 1 0 0 1 2 0 0 2 0 2 0 2 2 1 2 0 0 2 1 1 1 0 0 0 1 2 2 0 0 0 0 2 2 0 1 1 0 0 0 0 1 0 0 0 1 
1 2 0 18 17 16 17 18 18 2 0 2 17 17 17 16 17 16 2 2 0 18 16 16 16 16 17 0 2 0 1 0 0 1 0 1 1 0 0 1 2 0 0 2 0 2 0 2 2 1 2 0 0 2 17 17 17 0 0 0 17 18 18 16 16 16 0 2 2 16 17 17 16 16 16 0 1 0 16 16 17 
1
2 1 1 0 0 0 1 0 1 
1 2 0 2 1 0 1 2 2 2 2 2 1 1 1 0 1 0 2 2 0 2 0 0 0 0 1 0 2 0 1 0 0 1 0 1 1 0 0 1 2 0 0 2 0 2 0 2 2 1 2 0 0 2 1 1 1 0 0 0 1 2 2 0 0 0 0 2 2 0 1 1 0 0 0 0 1 0 0 0 1 
33 34 32 18 17 16 17 18 18 34 34 34 17 17 17 16 17 16 34 34 32 18 16 16 16 16 17 0 2 0 1 0 0 1 0 1 1 0 0 1 2 0 0 2 0 2 0 2 2 1 2 0 0 2 17 17 17 0 0 0 17 18 18 16 16 16 0 2 2 16 17 17 16 16 16 0 1 0 16 16 17 
1
2 1 1 0 0 0 1 0 1 
1 2 0 2 1 0 1 2 2 2 2 2 1 1 1 0 1 0 2 2 0 2 0 0 0 0 1 0 2 0 1 0 1 1 0 1 1 0 0 1 2 0 0 2 0 2 0 2 2 1 2 0 0 2 1 1 1 0 0 0 1 2 2 0 0 0 0 2 2 0 1 1 0 0 0 0 1 0 0 0 1 
33 34 32 18 17 16 17 18 18 34 34 34 17 17 17 16 17 16 34 34 32 18 16 16 16 16 17 0 2 0 1 0 1 1 0 1 1 0 0 1 2 0 0 2 0 2 0 2 2 1 2 0 0 2 17 17 17 0 0 0 17 18 18 16 16 16 0 2 2 16 17 17 16 16 16 0 1 0 16 16 17 
1
2 1 1 0 0 0 1 0 1 
1 2 0 2 1 0 1 2 2 2 2 2 1 1 1 0 1 0 2 2 0 2 0 0 0 0 1 0 2 0 1 0 1 1 0 1 1 0 0 1 2 0 0 2 0 2 0 2 2 1 2 0 0 2 1 1 1 0 0 0 1 2 2 0 0 0 0 2 2 0 1 1 0 0 0 0 1 2 0 0 1 
33 34 32 18 17 16 17 18 18 34 34 34 17 17 17 16 17 16 34 34 32 18 16 16 16 16 17 0 2 0 1 0 1 1 0 1 1 0 0 1 2 0 0 2 0 2 0 2 2 1 2 0 0 2 17 17 17 0 0 0 17 18 18 16 16 16 0 2 2 16 17 17 16 16 16 0 1 2 16 16 17 
1
2 1 1 0 1 0 1 0 1 
1 2 0 2 1 0 1 2 2 2 2 2 1 1 1 0 1 0 2 2 0 2 0 0 0 0 1 0 2 0 1 1 1 1 0 1 1 0 0 1 2 0 0 2 0 2 0 2 2 1 2 0 0 2 1 1 1 0 0 0 1 2 2 0 0 0 0 2 2 0 1 1 0 0 0 0 1 2 0 0 1 
33 34 32 18 17 16 17 18 18 34 34 34 17 17 17 16 17 16 34 34 32 18 16 16 16 16 17 0 2 0 17 17 17 1 0 1 1 0 0 17 18 16 0 2 0 2 0 2 18 17 18 0 0 2 17 17 17 0 0 0 17 18 18 16 16 16 0 2 2 16 17 17 16 16 16 0 1 2 16 16 17 
1
2 1 1 0 1 0 1 0 1 
1 2 0 2 1 0 1 2 2 2 2 2 1 1 1 0 1 0 2 2 0 2 0 0 0 0 1 0 2 0 1 1 1 1 0 1 1 0 0 1 2 0 0 2 0 2 0 2 2 1 2 0 0 2 1 1 1 0 0 0 1 2 2 0 0 0 0 2 2 0 1 1 0 0 0 0 1 2 0 0 1 
33 34 32 18 17 16 17 18 18 34 34 34 17 17 17 16 17 16 34 34 32 18 16 16 16 16 17 0 2 0 17 17 17 1 0 1 1 0 0 17 18 16 0 2 0 2 0 2 18 17 18 0 0 2 17 17 17 0 0 0 17 18 18 16 16 16 0 2 2 16 17 17 16 16 16 0 1 2 16 16 17 
1
