0 0 0 0 0 0 0 0 0 
0 0 0 0 0 0 0 0 0 0 0 0 0 0 0 0 0 0 0 0 0 0 0 0 0 0 0 0 0 0 0 0 0 0 0 0 0 0 0 0 0 0 0 0 0 0 0 0 0 0 0 0 0 0 0 0 0 0 0 0 0 0 0 0 0 0 0 0 0 0 0 0 0 0 0 0 0 0 1 0 0 
0 0 0 0 0 0 0 0 0 0 0 0 0 0 0 0 0 0 0 0 0 0 0 0 0 0 0 0 0 0 0 0 0 0 0 0 0 0 0 0 0 0 0 0 0 0 0 0 0 0 0 0 0 0 0 0 0 0 0 0 0 0 0 0 0 0 0 0 0 0 0 0 0 0 0 0 0 0 1 0 0 
1
0 0 0 0 0 0 0 0 0 
0 0 0 0 0 0 0 0 0 0 0 0 0 0 0 0 0 0 0 0 0 0 0 0 0 0 0 0 0 0 0 0 0 0 0 0 0 0 0 0 0 0 0 0 0 0 0 0 0 0 0 0 0 0 0 0 2 0 0 0 0 0 0 0 0 0 0 0 0 0 0 0 0 0 0 0 0 0 1 0 0 
0 0 0 0 0 0 0 0 0 0 0 0 0 0 0 0 0 0 0 0 0 0 0 0 0 0 0 0 0 0 0 0 0 0 0 0 0 0 0 0 0 0 0 0 0 0 0 0 0 0 0 0 0 0 0 0 2 0 0 0 0 0 0 0 0 0 0 0 0 0 0 0 0 0 0 0 0 0 1 0 0 
1
0 0 0 0 0 0 0 0 0 
0 0 0 0 0 0 0 0 0 0 0 0 0 0 0 0 0 0 0 0 0 0 0 0 1 0 0 0 0 0 0 0 0 0 0 0 0 0 0 0 0 0 0 0 0 0 0 0 0 0 0 0 0 0 0 0 2 0 0 0 0 0 0 0 0 0 0 0 0 0 0 0 0 0 0 0 0 0 1 0 0 
0 0 0 0 0 0 0 0 0 0 0 0 0 0 0 0 0 0 0 0 0 0 0 0 1 0 0 0 0 0 0 0 0 0 0 0 0 0 0 0 0 0 0 0 0 0 0 0 0 0 0 0 0 0 0 0 2 0 0 0 0 0 0 0 0 0 0 0 0 0 0 0 0 0 0 0 0 0 1 0 0 
1
0 0 0 0 0 0 0 0 0 
0 0 0 0 0 0 0 0 0 0 0 0 0 0 0 0 0 0 0 0 0 0 0 0 1 0 0 0 0 0 0 0 0 0 0 0 0 0 0 0 0 0 0 0 0 0 0 0 0 0 0 0 0 0 0 0 2 0 0 0 0 0 0 0 0 0 0 0 0 0 0 0 0 2 0 0 0 0 1 0 0 
0 0 0 0 0 0 0 0 0 0 0 0 0 0 0 0 0 0 0 0 0 0 0 0 1 0 0 0 0 0 0 0 0 0 0 0 0 0 0 0 0 0 0 0 0 0 0 0 0 0 0 0 0 0 0 0 2 0 0 0 0 0 0 0 0 0 0 0 0 0 0 0 0 2 0 0 0 0 1 0 0 
1
0 0 0 0 0 0 0 0 0 
0 0 0 0 0 0 0 0 0 0 0 0 0 0 0 0 0 0 0 0 0 0 0 0 1 0 0 0 0 0 0 0 0 0 0 0 0 0 0 0 0 0 0 0 0 0 0 0 0 0 0 0 0 0 0 0 2 0 0 0 0 0 0 0 0 0 0 0 0 0 0 0 0 2 0 0 0 1 1 0 0 
0 0 0 0 0 0 0 0 0 0 0 0 0 0 0 0 0 0 0 0 0 0 0 0 1 0 0 0 0 0 0 0 0 0 0 0 0 0 0 0 0 0 0 0 0 0 0 0 0 0 0 0 0 0 0 0 2 0 0 0 0 0 0 0 0 0 0 0 0 0 0 0 0 2 0 0 0 1 1 0 0 
1
0 0 0 0 0 0 0 0 0 
0 0 0 0 0 0 0 0 0 0 0 0 0 0 0 0 0 0 0 0 0 0 0 0 1 0 0 0 0 0 0 0 0 0 0 0 0 0 0 0 0 0 0 0 0 0 0 0 0 0 0 0 0 0 0 0 2 0 0 0 0 2 0 0 0 0 0 0 0 0 0 0 0 2 0 0 0 1 1 0 0 
0 0 0 0 0 0 0 0 0 0 0 0 0 0 0 0 0 0 0 0 0 0 0 0 1 0 0 0 0 0 0 0 0 0 0 0 0 0 0 0 0 0 0 0 0 0 0 0 0 0 0 0 0 0 0 0 2 0 0 0 0 2 0 0 0 0 0 0 0 0 0 0 0 2 0 0 0 1 1 0 0 
1
0 0 0 0 0 0 0 0 0 
0 0 0 0 0 0 0 0 0 0 0 0 0 1 0 0 0 0 0 0 0 0 0 0 1 0 0 0 0 0 0 0 0 0 0 0 0 0 0 0 0 0 0 0 0 0 0 0 0 0 0 0 0 0 0 0 2 0 0 0 0 2 0 0 0 0 0 0 0 0 0 0 0 2 0 0 0 1 1 0 0 
0 0 0 0 0 0 0 0 0 0 0 0 0 1 0 0 0 0 0 0 0 0 0 0 1 0 0 0 0 0 0 0 0 0 0 0 0 0 0 0 0 0 0 0 0 0 0 0 0 0 0 0 0 0 0 0 2 0 0 0 0 2 0 0 0 0 0 0 0 0 0 0 0 2 0 0 0 1 1 0 0 
1
0 0 0 0 0 0 0 0 0 
0 0 0 0 0 0 0 0 0 0 0 0 0 1 0 0 0 0 0 0 0 0 0 0 1 0 0 0 0 0 0 0 0 0 0 0 0 0 0 0 2 0 0 0 0 0 0 0 0 0 0 0 0 0 0 0 2 0 0 0 0 2 0 0 0 0 0 0 0 0 0 0 0 2 0 0 0 1 1 0 0 
0 0 0 0 0 0 0 0 0 0 0 0 0 1 0 0 0 0 0 0 0 0 0 0 1 0 0 0 0 0 0 0 0 0 0 0 0 0 0 0 2 0 0 0 0 0 0 0 0 0 0 0 0 0 0 0 2 0 0 0 0 2 0 0 0 0 0 0 0 0 0 0 0 2 0 0 0 1 1 0 0 
1
0 0 0 0 0 0 0 0 0 
0 0 0 0 0 0 0 0 0 0 0 0 0 1 0 0 0 0 0 0 0 0 0 0 1 0 0 0 0 0 0 0 0 0 0 0 0 0 0 0 2 0 0 0 0 0 0 0 0 1 0 0 0 0 0 0 2 0 0 0 0 2 0 0 0 0 0 0 0 0 0 0 0 2 0 0 0 1 1 0 0 
0 0 0 0 0 0 0 0 0 0 0 0 0 1 0 0 0 0 0 0 0 0 0 0 1 0 0 0 0 0 0 0 0 0 0 0 0 0 0 0 2 0 0 0 0 0 0 0 0 1 0 0 0 0 0 0 2 0 0 0 0 2 0 0 0 0 0 0 0 0 0 0 0 2 0 0 0 1 1 0 0 
1
0 0 0 0 0 0 0 0 0 
0 0 0 0 0 0 0 0 0 0 0 0 0 1 0 0 0 0 0 0 0 0 0 0 1 0 0 0 0 0 0 0 0 0 0 0 0 0 0 0 2 0 0 0 0 0 0 0 0 1 0 0 0 0 0 0 2 0 0 0 0 2 0 0 0 0 2 0 0 0 0 0 0 2 0 0 0 1 1 0 0 
0 0 0 0 0 0 0 0 0 0 0 0 0 1 0 0 0 0 0 0 0 0 0 0 1 0 0 0 0 0 0 0 0 0 0 0 0 0 0 0 2 0 0 0 0 0 0 0 0 1 0 0 0 0 0 0 2 0 0 0 0 2 0 0 0 0 2 0 0 0 0 0 0 2 0 0 0 1 1 0 0 
1
0 0 0 0 0 0 0 0 0 
0 0 0 0 0 0 0 0 0 0 0 0 0 1 0 0 0 0 0 0 0 0 0 0 1 0 0 0 0 0 0 0 0 0 0 0 1 0 0 0 2 0 0 0 0 0 0 0 0 1 0 0 0 0 0 0 2 0 0 0 0 2 0 0 0 0 2 0 0 0 0 0 0 2 0 0 0 1 1 0 0 
0 0 0 0 0 0 0 0 0 0 0 0 0 1 0 0 0 0 0 0 0 0 0 0 1 0 0 0 0 0 0 0 0 0 0 0 1 0 0 0 2 0 0 0 0 0 0 0 0 1 0 0 0 0 0 0 2 0 0 0 0 2 0 0 0 0 2 0 0 0 0 0 0 2 0 0 0 1 1 0 0 
1
0 0 0 0 0 0 0 0 0 
0 0 0 0 0 0 0 0 0 0 0 0 0 1 0 0 0 0 0 0 0 0 0 0 1 0 0 0 0 0 0 0 0 0 0 0 1 0 0 0 2 0 0 0 0 2 0 0 0 1 0 0 0 0 0 0 2 0 0 0 0 2 0 0 0 0 2 0 0 0 0 0 0 2 0 0 0 1 1 0 0 
0 0 0 0 0 0 0 0 0 0 0 0 0 1 0 0 0 0 0 0 0 0 0 0 1 0 0 0 0 0 0 0 0 0 0 0 1 0 0 0 2 0 0 0 0 2 0 0 0 1 0 0 0 0 0 0 2 0 0 0 0 2 0 0 0 0 2 0 0 0 0 0 0 2 0 0 0 1 1 0 0 
1
0 0 0 0 0 0 0 0 0 
0 0 0 0 0 0 0 0 0 0 0 0 0 1 0 0 0 0 0 0 0 0 0 0 1 0 0 0 0 0 0 0 0 0 0 0 1 0 0 0 2 0 0 0 0 2 0 0 0 1 0 0 0 0 0 0 2 0 0 0 0 2 0 0 0 1 2 0 0 0 0 0 0 2 0 0 0 1 1 0 0 
0 0 0 0 0 0 0 0 0 0 0 0 0 1 0 0 0 0 0 0 0 0 0 0 1 0 0 0 0 0 0 0 0 0 0 0 1 0 0 0 2 0 0 0 0 2 0 0 0 1 0 0 0 0 0 0 2 0 0 0 0 2 0 0 0 1 2 0 0 0 0 0 0 2 0 0 0 1 1 0 0 
1
0 0 0 0 0 0 0 0 0 
0 0 0 0 0 0 0 0 0 0 0 0 0 1 0 0 0 0 0 0 0 0 0 0 1 0 0 0 0 0 0 0 0 0 0 0 1 0 0 0 2 0 0 0 2 2 0 0 0 1 0 0 0 0 0 0 2 0 0 0 0 2 0 0 0 1 2 0 0 0 0 0 0 2 0 0 0 1 1 0 0 
0 0 0 0 0 0 0 0 0 0 0 0 0 1 0 0 0 0 0 0 0 0 0 0 1 0 0 0 0 0 0 0 0 0 0 0 1 0 0 0 2 0 0 0 2 2 0 0 0 1 0 0 0 0 0 0 2 0 0 0 0 2 0 0 0 1 2 0 0 0 0 0 0 2 0 0 0 1 1 0 0 
1
0 0 0 0 0 0 0 0 0 
0 0 0 0 0 0 0 0 0 0 0 0 0 1 0 0 0 0 0 0 0 0 0 0 1 0 0 0 0 0 0 0 0 0 1 0 1 0 0 0 2 0 0 0 2 2 0 0 0 1 0 0 0 0 0 0 2 0 0 0 0 2 0 0 0 1 2 0 0 0 0 0 0 2 0 0 0 1 1 0 0 
0 0 0 0 0 0 0 0 0 0 0 0 0 1 0 0 0 0 0 0 0 0 0 0 1 0 0 0 0 0 0 0 0 0 1 0 1 0 0 0 2 0 0 0 2 2 0 0 0 1 0 0 0 0 0 0 2 0 0 0 0 2 0 0 0 1 2 0 0 0 0 0 0 2 0 0 0 1 1 0 0 
1
0 0 0 0 0 0 0 0 0 
0 0 0 0 0 0 0 0 0 0 0 0 0 1 2 0 0 0 0 0 0 0 0 0 1 0 0 0 0 0 0 0 0 0 1 0 1 0 0 0 2 0 0 0 2 2 0 0 0 1 0 0 0 0 0 0 2 0 0 0 0 2 0 0 0 1 2 0 0 0 0 0 0 2 0 0 0 1 1 0 0 
0 0 0 0 0 0 0 0 0 0 0 0 0 1 2 0 0 0 0 0 0 0 0 0 1 0 0 0 0 0 0 0 0 0 1 0 1 0 0 0 2 0 0 0 2 2 0 0 0 1 0 0 0 0 0 0 2 0 0 0 0 2 0 0 0 1 2 0 0 0 0 0 0 2 0 0 0 1 1 0 0 
1
0 0 0 0 0 0 0 0 0 
0 0 0 0 0 0 0 0 0 0 0 0 0 1 2 0 0 0 0 0 0 0 0 0 1 0 0 0 0 0 0 0 0 0 1 0 1 0 0 0 2 0 0 0 2 2 0 0 0 1 0 1 0 0 0 0 2 0 0 0 0 2 0 0 0 1 2 0 0 0 0 0 0 2 0 0 0 1 1 0 0 
0 0 0 0 0 0 0 0 0 0 0 0 0 1 2 0 0 0 0 0 0 0 0 0 1 0 0 0 0 0 0 0 0 0 1 0 1 0 0 0 2 0 0 0 2 2 0 0 0 1 0 1 0 0 0 0 2 0 0 0 0 2 0 0 0 1 2 0 0 0 0 0 0 2 0 0 0 1 1 0 0 
1
0 0 0 0 0 0 0 0 0 
0 0 0 0 0 0 0 0 0 0 0 0 0 1 2 0 0 0 0 0 0 0 0 0 1 0 0 0 0 0 0 0 0 0 1 0 1 0 0 0 2 0 0 0 2 2 0 0 0 1 0 1 0 0 0 0 2 0 0 0 0 2 0 0 0 1 2 0 0 0 0 0 0 2 2 0 0 1 1 0 0 
0 0 0 0 0 0 0 0 0 0 0 0 0 1 2 0 0 0 0 0 0 0 0 0 1 0 0 0 0 0 0 0 0 0 1 0 1 0 0 0 2 0 0 0 2 2 0 0 0 1 0 1 0 0 0 0 2 0 0 0 0 2 0 0 0 1 2 0 0 0 0 0 0 2 2 0 0 1 1 0 0 
1
0 0 0 0 0 0 0 0 0 
0 0 0 0 0 0 0 0 0 0 0 0 0 1 2 0 0 0 0 0 0 0 0 0 1 0 0 0 0 0 0 0 0 0 1 0 1 0 0 0 2 0 0 0 2 2 0 0 0 1 0 1 0 0 0 0 2 0 0 0 0 2 0 0 0 1 2 0 0 0 0 0 0 2 2 0 0 1 1 1 0 
0 0 0 0 0 0 0 0 0 0 0 0 0 1 2 0 0 0 0 0 0 0 0 0 1 0 0 0 0 0 0 0 0 0 1 0 1 0 0 0 2 0 0 0 2 2 0 0 0 1 0 1 0 0 0 0 2 0 0 0 0 2 0 0 0 1 2 0 0 0 0 0 0 2 2 0 0 1 1 1 0 
1
0 0 0 0 0 0 0 0 0 
0 0 0 0 0 0 0 0 0 0 0 0 0 1 2 0 0 0 0 0 0 0 0 0 1 0 0 0 0 0 0 0 0 0 1 0 1 0 0 0 2 0 0 0 2 2 0 0 0 1 0 1 0 0 0 0 2 0 2 0 0 2 0 0 0 1 2 0 0 0 0 0 0 2 2 0 0 1 1 1 0 
0 0 0 0 0 0 0 0 0 0 0 0 0 1 2 0 0 0 0 0 0 0 0 0 1 0 0 0 0 0 0 0 0 0 1 0 1 0 0 0 2 0 0 0 2 2 0 0 0 1 0 1 0 0 0 0 2 0 2 0 0 2 0 0 0 1 2 0 0 0 0 0 0 2 2 0 0 1 1 1 0 
1
0 0 0 0 0 0 0 0 0 
0 0 0 1 0 0 0 0 0 0 0 0 0 1 2 0 0 0 0 0 0 0 0 0 1 0 0 0 0 0 0 0 0 0 1 0 1 0 0 0 2 0 0 0 2 2 0 0 0 1 0 1 0 0 0 0 2 0 2 0 0 2 0 0 0 1 2 0 0 0 0 0 0 2 2 0 0 1 1 1 0 
0 0 0 1 0 0 0 0 0 0 0 0 0 1 2 0 0 0 0 0 0 0 0 0 1 0 0 0 0 0 0 0 0 0 1 0 1 0 0 0 2 0 0 0 2 2 0 0 0 1 0 1 0 0 0 0 2 0 2 0 0 2 0 0 0 1 2 0 0 0 0 0 0 2 2 0 0 1 1 1 0 
1
0 0 0 0 0 0 0 0 0 
2 0 0 1 0 0 0 0 0 0 0 0 0 1 2 0 0 0 0 0 0 0 0 0 1 0 0 0 0 0 0 0 0 0 1 0 1 0 0 0 2 0 0 0 2 2 0 0 0 1 0 1 0 0 0 0 2 0 2 0 0 2 0 0 0 1 2 0 0 0 0 0 0 2 2 0 0 1 1 1 0 
2 0 0 1 0 0 0 0 0 0 0 0 0 1 2 0 0 0 0 0 0 0 0 0 1 0 0 0 0 0 0 0 0 0 1 0 1 0 0 0 2 0 0 0 2 2 0 0 0 1 0 1 0 0 0 0 2 0 2 0 0 2 0 0 0 1 2 0 0 0 0 0 0 2 2 0 0 1 1 1 0 
1
0 0 0 0 0 0 0 0 0 
2 0 0 1 0 0 0 0 0 0 1 0 0 1 2 0 0 0 0 0 0 0 0 0 1 0 0 0 0 0 0 0 0 0 1 0 1 0 0 0 2 0 0 0 2 2 0 0 0 1 0 1 0 0 0 0 2 0 2 0 0 2 0 0 0 1 2 0 0 0 0 0 0 2 2 0 0 1 1 1 0 
2 0 0 1 0 0 0 0 0 0 1 0 0 1 2 0 0 0 0 0 0 0 0 0 1 0 0 0 0 0 0 0 0 0 1 0 1 0 0 0 2 0 0 0 2 2 0 0 0 1 0 1 0 0 0 0 2 0 2 0 0 2 0 0 0 1 2 0 0 0 0 0 0 2 2 0 0 1 1 1 0 
1
0 0 0 0 0 0 0 0 0 
2 0 0 1 0 0 0 0 0 0 1 0 0 1 2 0 0 0 0 0 0 0 0 0 1 0 0 0 0 0 2 0 0 0 1 0 1 0 0 0 2 0 0 0 2 2 0 0 0 1 0 1 0 0 0 0 2 0 2 0 0 2 0 0 0 1 2 0 0 0 0 0 0 2 2 0 0 1 1 1 0 
2 0 0 1 0 0 0 0 0 0 1 0 0 1 2 0 0 0 0 0 0 0 0 0 1 0 0 0 0 0 2 0 0 0 1 0 1 0 0 0 2 0 0 0 2 2 0 0 0 1 0 1 0 0 0 0 2 0 2 0 0 2 0 0 0 1 2 0 0 0 0 0 0 2 2 0 0 1 1 1 0 
1
0 0 0 0 0 0 0 0 0 
2 0 1 1 0 0 0 0 0 0 1 0 0 1 2 0 0 0 0 0 0 0 0 0 1 0 0 0 0 0 2 0 0 0 1 0 1 0 0 0 2 0 0 0 2 2 0 0 0 1 0 1 0 0 0 0 2 0 2 0 0 2 0 0 0 1 2 0 0 0 0 0 0 2 2 0 0 1 1 1 0 
2 0 1 1 0 0 0 0 0 0 1 0 0 1 2 0 0 0 0 0 0 0 0 0 1 0 0 0 0 0 2 0 0 0 1 0 1 0 0 0 2 0 0 0 2 2 0 0 0 1 0 1 0 0 0 0 2 0 2 0 0 2 0 0 0 1 2 0 0 0 0 0 0 2 2 0 0 1 1 1 0 
1
0 0 0 0 0 0 0 0 0 
2 0 1 1 0 0 0 2 0 0 1 0 0 1 2 0 0 0 0 0 0 0 0 0 1 0 0 0 0 0 2 0 0 0 1 0 1 0 0 0 2 0 0 0 2 2 0 0 0 1 0 1 0 0 0 0 2 0 2 0 0 2 0 0 0 1 2 0 0 0 0 0 0 2 2 0 0 1 1 1 0 
2 0 1 1 0 0 0 2 0 0 1 0 0 1 2 0 0 0 0 0 0 0 0 0 1 0 0 0 0 0 2 0 0 0 1 0 1 0 0 0 2 0 0 0 2 2 0 0 0 1 0 1 0 0 0 0 2 0 2 0 0 2 0 0 0 1 2 0 0 0 0 0 0 2 2 0 0 1 1 1 0 
1
0 1 0 0 0 0 0 0 0 
2 0 1 1 0 0 0 2 0 0 1 0 0 1 2 0 0 0 0 0 0 0 0 1 1 0 0 0 0 0 2 0 0 0 1 0 1 0 0 0 2 0 0 0 2 2 0 0 0 1 0 1 0 0 0 0 2 0 2 0 0 2 0 0 0 1 2 0 0 0 0 0 0 2 2 0 0 1 1 1 0 
2 0 1 17 16 16 0 2 0 0 1 0 16 17 18 0 0 0 0 0 0 16 16 17 1 0 0 0 0 0 2 0 0 0 1 0 1 0 0 0 2 0 0 0 2 2 0 0 0 1 0 1 0 0 0 0 2 0 2 0 0 2 0 0 0 1 2 0 0 0 0 0 0 2 2 0 0 1 1 1 0 
1
0 1 0 0 0 0 0 0 0 
2 0 1 1 0 0 0 2 0 0 1 0 0 1 2 0 0 0 0 0 0 0 0 1 1 0 0 0 0 0 2 0 0 0 1 0 1 0 0 0 2 0 0 0 2 2 0 0 0 1 0 1 0 0 0 0 2 0 2 0 0 2 0 0 0 1 2 0 0 0 0 2 0 2 2 0 0 1 1 1 0 
2 0 1 17 16 16 0 2 0 0 1 0 16 17 18 0 0 0 0 0 0 16 16 17 1 0 0 0 0 0 2 0 0 0 1 0 1 0 0 0 2 0 0 0 2 2 0 0 0 1 0 1 0 0 0 0 2 0 2 0 0 2 0 0 0 1 2 0 0 0 0 2 0 2 2 0 0 1 1 1 0 
1
0 1 0 0 0 0 0 0 0 
2 0 1 1 0 0 0 2 0 0 1 0 0 1 2 0 0 0 0 0 0 0 0 1 1 0 0 0 0 0 2 0 0 0 1 0 1 0 0 0 2 0 0 0 2 2 0 0 0 1 0 1 1 0 0 0 2 0 2 0 0 2 0 0 0 1 2 0 0 0 0 2 0 2 2 0 0 1 1 1 0 
2 0 1 17 16 16 0 2 0 0 1 0 16 17 18 0 0 0 0 0 0 16 16 17 1 0 0 0 0 0 2 0 0 0 1 0 1 0 0 0 2 0 0 0 2 2 0 0 0 1 0 1 1 0 0 0 2 0 2 0 0 2 0 0 0 1 2 0 0 0 0 2 0 2 2 0 0 1 1 1 0 
1
0 1 0 0 0 0 0 0 0 
2 0 1 1 0 0 0 2 0 0 1 0 0 1 2 0 0 0 0 0 0 0 0 1 1 0 0 0 0 0 2 0 0 0 1 0 1 0 0 0 2 0 0 0 2 2 0 0 0 1 0 1 1 0 0 0 2 0 2 0 0 2 0 0 0 1 2 2 0 0 0 2 0 2 2 0 0 1 1 1 0 
2 0 1 17 16 16 0 2 0 0 1 0 16 17 18 0 0 0 0 0 0 16 16 17 1 0 0 0 0 0 2 0 0 0 1 0 1 0 0 0 2 0 0 0 2 2 0 0 0 1 0 1 1 0 0 0 2 0 2 0 0 2 0 0 0 1 2 2 0 0 0 2 0 2 2 0 0 1 1 1 0 
1
0 1 0 0 0 0 0 0 0 
2 0 1 1 0 0 0 2 0 0 1 0 0 1 2 0 0 0 0 0 0 0 0 1 1 0 0 0 0 0 2 0 0 0 1 0 1 0 0 1 2 0 0 0 2 2 0 0 0 1 0 1 1 0 0 0 2 0 2 0 0 2 0 0 0 1 2 2 0 0 0 2 0 2 2 0 0 1 1 1 0 
2 0 1 17 16 16 0 2 0 0 1 0 16 17 18 0 0 0 0 0 0 16 16 17 1 0 0 0 0 0 2 0 0 0 1 0 1 0 0 1 2 0 0 0 2 2 0 0 0 1 0 1 1 0 0 0 2 0 2 0 0 2 0 0 0 1 2 2 0 0 0 2 0 2 2 0 0 1 1 1 0 
1
0 1 0 0 0 0 0 0 0 
2 0 1 1 0 0 0 2 0 0 1 0 0 1 2 0 0 0 0 0 0 0 0 1 1 0 0 0 2 0 2 0 0 0 1 0 1 0 0 1 2 0 0 0 2 2 0 0 0 1 0 1 1 0 0 0 2 0 2 0 0 2 0 0 0 1 2 2 0 0 0 2 0 2 2 0 0 1 1 1 0 
2 0 1 17 16 16 0 2 0 0 1 0 16 17 18 0 0 0 0 0 0 16 16 17 1 0 0 0 2 0 2 0 0 0 1 0 1 0 0 1 2 0 0 0 2 2 0 0 0 1 0 1 1 0 0 0 2 0 2 0 0 2 0 0 0 1 2 2 0 0 0 2 0 2 2 0 0 1 1 1 0 
1
0 1 0 0 0 0 0 0 1 
2 0 1 1 0 0 0 2 0 0 1 0 0 1 2 0 0 0 0 0 0 0 0 1 1 0 0 0 2 0 2 0 0 0 1 0 1 0 0 1 2 0 0 0 2 2 0 0 0 1 0 1 1 0 0 0 2 0 2 0 0 2 0 0 0 1 2 2 0 0 0 2 0 2 2 0 0 1 1 1 1 
2 0 1 17 16 16 0 2 0 0 1 0 16 17 18 0 0 0 0 0 0 16 16 17 1 0 0 0 2 0 2 0 0 0 1 0 1 0 0 1 2 0 0 0 2 2 0 0 0 1 0 1 1 0 0 0 2 0 2 0 16 18 16 0 0 1 2 2 0 16 16 18 0 2 2 0 0 1 17 17 17 
1
0 1 0 0 0 0 0 2 1 
2 0 1 1 0 0 0 2 0 0 1 0 0 1 2 0 0 0 0 0 0 0 0 1 1 0 0 0 2 0 2 0 0 0 1 0 1 0 0 1 2 0 0 0 2 2 0 0 0 1 0 1 1 0 0 0 2 0 2 0 0 2 0 0 0 1 2 2 0 0 0 2 0 2 2 0 2 1 1 1 1 
2 0 1 17 16 16 0 2 0 0 1 0 16 17 18 0 0 0 0 0 0 16 16 17 1 0 0 0 2 0 2 0 0 0 1 0 1 0 0 1 2 0 0 0 2 2 0 0 0 1 0 1 1 0 0 0 2 32 34 32 16 18 16 0 0 1 34 34 32 16 16 18 0 2 2 32 34 33 17 17 17 
1
0 1 0 0 0 0 0 2 1 
2 0 1 1 0 0 0 2 0 0 1 0 0 1 2 0 0 0 0 0 0 0 0 1 1 0 0 0 2 0 2 0 0 0 1 0 1 0 0 1 2 0 0 0 2 2 0 0 0 1 0 1 1 0 0 0 2 0 2 0 0 2 0 0 0 1 2 2 0 0 0 2 1 2 2 0 2 1 1 1 1 
2 0 1 17 16 16 0 2 0 0 1 0 16 17 18 0 0 0 0 0 0 16 16 17 1 0 0 0 2 0 2 0 0 0 1 0 1 0 0 1 2 0 0 0 2 2 0 0 0 1 0 1 1 0 0 0 2 32 34 32 16 18 16 0 0 1 34 34 32 16 16 18 1 2 2 32 34 33 17 17 17 
1
0 1 0 0 0 0 0 2 1 
2 0 1 1 0 0 0 2 0 0 1 0 0 1 2 0 0 0 0 0 0 0 0 1 1 0 0 0 2 0 2 0 0 0 1 0 1 0 0 1 2 0 0 0 2 2 0 0 0 1 0 1 1 0 0 2 2 0 2 0 0 2 0 0 0 1 2 2 0 0 0 2 1 2 2 0 2 1 1 1 1 
2 0 1 17 16 16 0 2 0 0 1 0 16 17 18 0 0 0 0 0 0 16 16 17 1 0 0 0 2 0 2 0 0 0 1 0 1 0 0 1 2 0 0 0 2 2 0 0 0 1 0 1 1 0 0 2 2 32 34 32 16 18 16 0 0 1 34 34 32 16 16 18 1 2 2 32 34 33 17 17 17 
1
0 1 0 0 0 0 0 2 1 
2 0 1 1 0 0 0 2 0 0 1 0 0 1 2 0 0 0 0 0 0 0 0 1 1 0 0 0 2 0 2 0 0 0 1 0 1 0 0 1 2 0 0 0 2 2 0 0 0 1 0 1 1 0 0 2 2 0 2 0 0 2 0 0 1 1 2 2 0 0 0 2 1 2 2 0 2 1 1 1 1 
2 0 1 17 16 16 0 2 0 0 1 0 16 17 18 0 0 0 0 0 0 16 16 17 1 0 0 0 2 0 2 0 0 0 1 0 1 0 0 1 2 0 0 0 2 2 0 0 0 1 0 1 1 0 0 2 2 32 34 32 16 18 16 0 1 1 34 34 32 16 16 18 1 2 2 32 34 33 17 17 17 
1
0 1 0 0 0 0 0 2 1 
2 0 1 1 0 0 0 2 0 0 1 0 0 1 2 0 0 0 0 0 0 0 0 1 1 0 0 0 2 0 2 0 2 0 1 0 1 0 0 1 2 0 0 0 2 2 0 0 0 1 0 1 1 0 0 2 2 0 2 0 0 2 0 0 1 1 2 2 0 0 0 2 1 2 2 0 2 1 1 1 1 
2 0 1 17 16 16 0 2 0 0 1 0 16 17 18 0 0 0 0 0 0 16 16 17 1 0 0 0 2 0 2 0 2 0 1 0 1 0 0 1 2 0 0 0 2 2 0 0 0 1 0 1 1 0 0 2 2 32 34 32 16 18 16 0 1 1 34 34 32 16 16 18 1 2 2 32 34 33 17 17 17 
1
0 1 0 0 0 0 0 2 1 
2 0 1 1 0 0 0 2 0 0 1 0 0 1 2 0 0 1 0 0 0 0 0 1 1 0 0 0 2 0 2 0 2 0 1 0 1 0 0 1 2 0 0 0 2 2 0 0 0 1 0 1 1 0 0 2 2 0 2 0 0 2 0 0 1 1 2 2 0 0 0 2 1 2 2 0 2 1 1 1 1 
2 0 1 17 16 16 0 2 0 0 1 0 16 17 18 0 0 1 0 0 0 16 16 17 1 0 0 0 2 0 2 0 2 0 1 0 1 0 0 1 2 0 0 0 2 2 0 0 0 1 0 1 1 0 0 2 2 32 34 32 16 18 16 0 1 1 34 34 32 16 16 18 1 2 2 32 34 33 17 17 17 
1
0 1 0 0 0 0 0 2 1 
2 0 1 1 0 0 0 2 0 0 1 0 0 1 2 0 0 1 0 0 0 0 0 1 1 0 0 0 2 0 2 0 2 0 1 0 1 0 0 1 2 0 2 0 2 2 0 0 0 1 0 1 1 0 0 2 2 0 2 0 0 2 0 0 1 1 2 2 0 0 0 2 1 2 2 0 2 1 1 1 1 
2 0 1 17 16 16 0 2 0 0 1 0 16 17 18 0 0 1 0 0 0 16 16 17 1 0 0 0 2 0 2 0 2 0 1 0 1 0 0 1 2 0 2 0 2 2 0 0 0 1 0 1 1 0 0 2 2 32 34 32 16 18 16 0 1 1 34 34 32 16 16 18 1 2 2 32 34 33 17 17 17 
1
0 1 0 0 0 0 0 2 1 
2 0 1 1 0 0 0 2 0 0 1 0 0 1 2 0 0 1 0 0 0 0 0 1 1 0 0 0 2 0 2 0 2 0 1 0 1 0 0 1 2 0 2 0 2 2 1 0 0 1 0 1 1 0 0 2 2 0 2 0 0 2 0 0 1 1 2 2 0 0 0 2 1 2 2 0 2 1 1 1 1 
2 0 1 17 16 16 0 2 0 0 1 0 16 17 18 0 0 1 0 0 0 16 16 17 1 0 0 0 2 0 2 0 2 0 1 0 1 0 0 1 2 0 2 0 2 2 1 0 0 1 0 1 1 0 0 2 2 32 34 32 16 18 16 0 1 1 34 34 32 16 16 18 1 2 2 32 34 33 17 17 17 
1
0 1 0 0 0 0 0 2 1 
2 0 1 1 0 0 0 2 0 0 1 0 0 1 2 0 0 1 0 0 0 0 0 1 1 0 0 0 2 0 2 0 2 0 1 0 1 0 0 1 2 0 2 0 2 2 1 0 0 1 0 1 1 0 0 2 2 0 2 0 0 2 0 2 1 1 2 2 0 0 0 2 1 2 2 0 2 1 1 1 1 
2 0 1 17 16 16 0 2 0 0 1 0 16 17 18 0 0 1 0 0 0 16 16 17 1 0 0 0 2 0 2 0 2 0 1 0 1 0 0 1 2 0 2 0 2 2 1 0 0 1 0 1 1 0 0 2 2 32 34 32 16 18 16 2 1 1 34 34 32 16 16 18 1 2 2 32 34 33 17 17 17 
1
0 1 0 0 0 0 0 2 1 
2 0 1 1 0 0 0 2 0 0 1 0 0 1 2 0 0 1 0 0 0 0 0 1 1 0 0 0 2 1 2 0 2 0 1 0 1 0 0 1 2 0 2 0 2 2 1 0 0 1 0 1 1 0 0 2 2 0 2 0 0 2 0 2 1 1 2 2 0 0 0 2 1 2 2 0 2 1 1 1 1 
2 0 1 17 16 16 0 2 0 0 1 0 16 17 18 0 0 1 0 0 0 16 16 17 1 0 0 0 2 1 2 0 2 0 1 0 1 0 0 1 2 0 2 0 2 2 1 0 0 1 0 1 1 0 0 2 2 32 34 32 16 18 16 2 1 1 34 34 32 16 16 18 1 2 2 32 34 33 17 17 17 
1
0 1 0 0 0 0 0 2 1 
2 0 1 1 0 0 0 2 0 0 1 0 0 1 2 2 0 1 0 0 0 0 0 1 1 0 0 0 2 1 2 0 2 0 1 0 1 0 0 1 2 0 2 0 2 2 1 0 0 1 0 1 1 0 0 2 2 0 2 0 0 2 0 2 1 1 2 2 0 0 0 2 1 2 2 0 2 1 1 1 1 
2 0 1 17 16 16 0 2 0 0 1 0 16 17 18 2 0 1 0 0 0 16 16 17 1 0 0 0 2 1 2 0 2 0 1 0 1 0 0 1 2 0 2 0 2 2 1 0 0 1 0 1 1 0 0 2 2 32 34 32 16 18 16 2 1 1 34 34 32 16 16 18 1 2 2 32 34 33 17 17 17 
1
0 1 0 0 0 0 0 2 1 
2 0 1 1 0 0 0 2 0 0 1 0 0 1 2 2 0 1 0 0 0 0 0 1 1 0 0 1 2 1 2 0 2 0 1 0 1 0 0 1 2 0 2 0 2 2 1 0 0 1 0 1 1 0 0 2 2 0 2 0 0 2 0 2 1 1 2 2 0 0 0 2 1 2 2 0 2 1 1 1 1 
2 0 1 17 16 16 0 2 0 0 1 0 16 17 18 2 0 1 0 0 0 16 16 17 1 0 0 1 2 1 2 0 2 0 1 0 1 0 0 1 2 0 2 0 2 2 1 0 0 1 0 1 1 0 0 2 2 32 34 32 16 18 16 2 1 1 34 34 32 16 16 18 1 2 2 32 34 33 17 17 17 
1
0 1 0 0 0 0 0 2 1 
2 2 1 1 0 0 0 2 0 0 1 0 0 1 2 2 0 1 0 0 0 0 0 1 1 0 0 1 2 1 2 0 2 0 1 0 1 0 0 1 2 0 2 0 2 2 1 0 0 1 0 1 1 0 0 2 2 0 2 0 0 2 0 2 1 1 2 2 0 0 0 2 1 2 2 0 2 1 1 1 1 
2 2 1 17 16 16 0 2 0 0 1 0 16 17 18 2 0 1 0 0 0 16 16 17 1 0 0 1 2 1 2 0 2 0 1 0 1 0 0 1 2 0 2 0 2 2 1 0 0 1 0 1 1 0 0 2 2 32 34 32 16 18 16 2 1 1 34 34 32 16 16 18 1 2 2 32 34 33 17 17 17 
1
0 1 0 0 0 0 0 2 1 
2 2 1 1 0 0 0 2 0 0 1 0 0 1 2 2 0 1 0 0 0 0 0 1 1 0 0 1 2 1 2 0 2 0 1 0 1 0 0 1 2 0 2 0 2 2 1 0 0 1 0 1 1 0 1 2 2 0 2 0 0 2 0 2 1 1 2 2 0 0 0 2 1 2 2 0 2 1 1 1 1 
2 2 1 17 16 16 0 2 0 0 1 0 16 17 18 2 0 1 0 0 0 16 16 17 1 0 0 1 2 1 2 0 2 0 1 0 1 0 0 1 2 0 2 0 2 2 1 0 0 1 0 1 1 0 1 2 2 32 34 32 16 18 16 2 1 1 34 34 32 16 16 18 1 2 2 32 34 33 17 17 17 
1
0 1 0 0 0 0 0 2 1 
2 2 1 1 0 0 0 2 0 2 1 0 0 1 2 2 0 1 0 0 0 0 0 1 1 0 0 1 2 1 2 0 2 0 1 0 1 0 0 1 2 0 2 0 2 2 1 0 0 1 0 1 1 0 1 2 2 0 2 0 0 2 0 2 1 1 2 2 0 0 0 2 1 2 2 0 2 1 1 1 1 
2 2 1 17 16 16 0 2 0 2 1 0 16 17 18 2 0 1 0 0 0 16 16 17 1 0 0 1 2 1 2 0 2 0 1 0 1 0 0 1 2 0 2 0 2 2 1 0 0 1 0 1 1 0 1 2 2 32 34 32 16 18 16 2 1 1 34 34 32 16 16 18 1 2 2 32 34 33 17 17 17 
1
0 1 0 0 0 0 0 2 1 
2 2 1 1 0 0 0 2 0 2 1 0 0 1 2 2 0 1 0 0 0 0 0 1 1 0 0 1 2 1 2 0 2 0 1 0 1 0 0 1 2 0 2 0 2 2 1 1 0 1 0 1 1 0 1 2 2 0 2 0 0 2 0 2 1 1 2 2 0 0 0 2 1 2 2 0 2 1 1 1 1 
2 2 1 17 16 16 0 2 0 2 1 0 16 17 18 2 0 1 0 0 0 16 16 17 1 0 0 1 2 1 2 0 2 0 1 0 1 0 0 1 2 0 2 0 2 2 1 1 0 1 0 1 1 0 1 2 2 32 34 32 16 18 16 2 1 1 34 34 32 16 16 18 1 2 2 32 34 33 17 17 17 
1
0 1 0 0 0 2 0 2 1 
2 2 1 1 0 0 0 2 0 2 1 0 0 1 2 2 0 1 0 0 0 0 0 1 1 0 0 1 2 1 2 0 2 0 1 0 1 0 0 1 2 0 2 2 2 2 1 1 0 1 0 1 1 0 1 2 2 0 2 0 0 2 0 2 1 1 2 2 0 0 0 2 1 2 2 0 2 1 1 1 1 
2 2 1 17 16 16 0 2 0 2 1 0 16 17 18 2 0 1 0 0 0 16 16 17 1 0 0 1 2 1 2 0 2 32 33 32 1 0 0 1 2 0 34 34 34 2 1 1 0 1 0 33 33 32 1 2 2 32 34 32 16 18 16 2 1 1 34 34 32 16 16 18 1 2 2 32 34 33 17 17 17 
1
0 1 0 0 0 2 0 2 1 
2 2 1 1 0 0 0 2 0 2 1 0 0 1 2 2 0 1 0 0 0 0 0 1 1 0 0 1 2 1 2 0 2 0 1 0 1 0 0 1 2 0 2 2 2 2 1 1 1 1 0 1 1 0 1 2 2 0 2 0 0 2 0 2 1 1 2 2 0 0 0 2 1 2 2 0 2 1 1 1 1 
2 2 1 17 16 16 0 2 0 2 1 0 16 17 18 2 0 1 0 0 0 16 16 17 1 0 0 1 2 1 2 0 2 32 33 32 1 0 0 1 2 0 34 34 34 2 1 1 1 1 0 33 33 32 1 2 2 32 34 32 16 18 16 2 1 1 34 34 32 16 16 18 1 2 2 32 34 33 17 17 17 
1
0 1 0 0 0 2 0 2 1 
2 2 1 1 0 0 0 2 0 2 1 0 0 1 2 2 0 1 0 0 0 0 0 1 1 0 0 1 2 1 2 0 2 0 1 0 1 0 0 1 2 2 2 2 2 2 1 1 1 1 0 1 1 0 1 2 2 0 2 0 0 2 0 2 1 1 2 2 0 0 0 2 1 2 2 0 2 1 1 1 1 
2 2 1 17 16 16 0 2 0 2 1 0 16 17 18 2 0 1 0 0 0 16 16 17 1 0 0 1 2 1 2 0 2 32 33 32 1 0 0 1 2 2 34 34 34 2 1 1 1 1 0 33 33 32 1 2 2 32 34 32 16 18 16 2 1 1 34 34 32 16 16 18 1 2 2 32 34 33 17 17 17 
1
0 1 0 0 0 2 0 2 1 
2 2 1 1 0 0 0 2 0 2 1 0 0 1 2 2 0 1 0 0 0 0 0 1 1 0 0 1 2 1 2 1 2 0 1 0 1 0 0 1 2 2 2 2 2 2 1 1 1 1 0 1 1 0 1 2 2 0 2 0 0 2 0 2 1 1 2 2 0 0 0 2 1 2 2 0 2 1 1 1 1 
2 2 1 17 16 16 0 2 0 2 1 0 16 17 18 2 0 1 0 0 0 16 16 17 1 0 0 1 2 1 2 1 2 32 33 32 1 0 0 1 2 2 34 34 34 2 1 1 1 1 0 33 33 32 1 2 2 32 34 32 16 18 16 2 1 1 34 34 32 16 16 18 1 2 2 32 34 33 17 17 17 
1
0 1 0 0 2 2 0 2 1 
2 2 1 1 0 0 0 2 0 2 1 0 0 1 2 2 0 1 0 0 0 0 0 1 1 0 0 1 2 1 2 1 2 0 1 0 1 0 0 1 2 2 2 2 2 2 1 1 1 1 2 1 1 0 1 2 2 0 2 0 0 2 0 2 1 1 2 2 0 0 0 2 1 2 2 0 2 1 1 1 1 
2 2 1 17 16 16 0 2 0 2 1 0 16 17 18 2 0 1 0 0 0 16 16 17 1 0 0 1 2 1 34 33 34 32 33 32 1 0 0 33 34 34 34 34 34 2 1 1 33 33 34 33 33 32 1 2 2 32 34 32 16 18 16 2 1 1 34 34 32 16 16 18 1 2 2 32 34 33 17 17 17 
1
0 1 0 1 2 2 0 2 1 
2 2 1 1 0 0 0 2 0 2 1 0 0 1 2 2 0 1 0 0 0 0 0 1 1 0 0 1 2 1 2 1 2 0 1 0 1 1 0 1 2 2 2 2 2 2 1 1 1 1 2 1 1 0 1 2 2 0 2 0 0 2 0 2 1 1 2 2 0 0 0 2 1 2 2 0 2 1 1 1 1 
2 2 1 17 16 16 0 2 0 2 1 0 16 17 18 2 0 1 0 0 0 16 16 17 1 0 0 17 18 17 34 33 34 32 33 32 17 17 16 33 34 34 34 34 34 18 17 17 33 33 34 33 33 32 1 2 2 32 34 32 16 18 16 2 1 1 34 34 32 16 16 18 1 2 2 32 34 33 17 17 17 
1
0 1 0 1 2 2 0 2 1 
2 2 1 1 0 0 0 2 0 2 1 0 0 1 2 2 0 1 0 0 0 0 0 1 1 2 0 1 2 1 2 1 2 0 1 0 1 1 0 1 2 2 2 2 2 2 1 1 1 1 2 1 1 0 1 2 2 0 2 0 0 2 0 2 1 1 2 2 0 0 0 2 1 2 2 0 2 1 1 1 1 
2 2 1 17 16 16 0 2 0 2 1 0 16 17 18 2 0 1 0 0 0 16 16 17 1 2 0 17 18 17 34 33 34 32 33 32 17 17 16 33 34 34 34 34 34 18 17 17 33 33 34 33 33 32 1 2 2 32 34 32 16 18 16 2 1 1 34 34 32 16 16 18 1 2 2 32 34 33 17 17 17 
1
0 1 0 1 2 2 0 2 1 
2 2 1 1 0 0 0 2 1 2 1 0 0 1 2 2 0 1 0 0 0 0 0 1 1 2 0 1 2 1 2 1 2 0 1 0 1 1 0 1 2 2 2 2 2 2 1 1 1 1 2 1 1 0 1 2 2 0 2 0 0 2 0 2 1 1 2 2 0 0 0 2 1 2 2 0 2 1 1 1 1 
2 2 1 17 16 16 0 2 1 2 1 0 16 17 18 2 0 1 0 0 0 16 16 17 1 2 0 17 18 17 34 33 34 32 33 32 17 17 16 33 34 34 34 34 34 18 17 17 33 33 34 33 33 32 1 2 2 32 34 32 16 18 16 2 1 1 34 34 32 16 16 18 1 2 2 32 34 33 17 17 17 
1
0 1 0 1 2 2 0 2 1 
2 2 1 1 0 0 0 2 1 2 1 0 0 1 2 2 0 1 0 0 0 0 0 1 1 2 2 1 2 1 2 1 2 0 1 0 1 1 0 1 2 2 2 2 2 2 1 1 1 1 2 1 1 0 1 2 2 0 2 0 0 2 0 2 1 1 2 2 0 0 0 2 1 2 2 0 2 1 1 1 1 
2 2 1 17 16 16 0 2 1 2 1 0 16 17 18 2 0 1 0 0 0 16 16 17 1 2 2 17 18 17 34 33 34 32 33 32 17 17 16 33 34 34 34 34 34 18 17 17 33 33 34 33 33 32 1 2 2 32 34 32 16 18 16 2 1 1 34 34 32 16 16 18 1 2 2 32 34 33 17 17 17 
1
0 1 0 1 2 2 0 2 1 
2 2 1 1 0 0 1 2 1 2 1 0 0 1 2 2 0 1 0 0 0 0 0 1 1 2 2 1 2 1 2 1 2 0 1 0 1 1 0 1 2 2 2 2 2 2 1 1 1 1 2 1 1 0 1 2 2 0 2 0 0 2 0 2 1 1 2 2 0 0 0 2 1 2 2 0 2 1 1 1 1 
2 2 1 17 16 16 1 2 1 2 1 0 16 17 18 2 0 1 0 0 0 16 16 17 1 2 2 17 18 17 34 33 34 32 33 32 17 17 16 33 34 34 34 34 34 18 17 17 33 33 34 33 33 32 1 2 2 32 34 32 16 18 16 2 1 1 34 34 32 16 16 18 1 2 2 32 34 33 17 17 17 
1
0 1 0 1 2 2 0 2 1 
2 2 1 1 0 0 1 2 1 2 1 2 0 1 2 2 0 1 0 0 0 0 0 1 1 2 2 1 2 1 2 1 2 0 1 0 1 1 0 1 2 2 2 2 2 2 1 1 1 1 2 1 1 0 1 2 2 0 2 0 0 2 0 2 1 1 2 2 0 0 0 2 1 2 2 0 2 1 1 1 1 
2 2 1 17 16 16 1 2 1 2 1 2 16 17 18 2 0 1 0 0 0 16 16 17 1 2 2 17 18 17 34 33 34 32 33 32 17 17 16 33 34 34 34 34 34 18 17 17 33 33 34 33 33 32 1 2 2 32 34 32 16 18 16 2 1 1 34 34 32 16 16 18 1 2 2 32 34 33 17 17 17 
1
0 1 1 1 2 2 0 2 1 
2 2 1 1 0 0 1 2 1 2 1 2 0 1 2 2 1 1 0 0 0 0 0 1 1 2 2 1 2 1 2 1 2 0 1 0 1 1 0 1 2 2 2 2 2 2 1 1 1 1 2 1 1 0 1 2 2 0 2 0 0 2 0 2 1 1 2 2 0 0 0 2 1 2 2 0 2 1 1 1 1 
2 2 1 17 16 16 17 18 17 2 1 2 16 17 18 18 17 17 0 0 0 16 16 17 17 18 18 17 18 17 34 33 34 32 33 32 17 17 16 33 34 34 34 34 34 18 17 17 33 33 34 33 33 32 1 2 2 32 34 32 16 18 16 2 1 1 34 34 32 16 16 18 1 2 2 32 34 33 17 17 17 
1
0 1 1 1 2 2 0 2 1 
2 2 1 1 0 0 1 2 1 2 1 2 0 1 2 2 1 1 0 0 2 0 0 1 1 2 2 1 2 1 2 1 2 0 1 0 1 1 0 1 2 2 2 2 2 2 1 1 1 1 2 1 1 0 1 2 2 0 2 0 0 2 0 2 1 1 2 2 0 0 0 2 1 2 2 0 2 1 1 1 1 
2 2 1 17 16 16 17 18 17 2 1 2 16 17 18 18 17 17 0 0 2 16 16 17 17 18 18 17 18 17 34 33 34 32 33 32 17 17 16 33 34 34 34 34 34 18 17 17 33 33 34 33 33 32 1 2 2 32 34 32 16 18 16 2 1 1 34 34 32 16 16 18 1 2 2 32 34 33 17 17 17 
1
1 1 1 1 2 2 0 2 1 
2 2 1 1 0 0 1 2 1 2 1 2 0 1 2 2 1 1 1 0 2 0 0 1 1 2 2 1 2 1 2 1 2 0 1 0 1 1 0 1 2 2 2 2 2 2 1 1 1 1 2 1 1 0 1 2 2 0 2 0 0 2 0 2 1 1 2 2 0 0 0 2 1 2 2 0 2 1 1 1 1 
18 18 17 17 16 16 17 18 17 18 17 18 16 17 18 18 17 17 17 16 18 16 16 17 17 18 18 17 18 17 34 33 34 32 33 32 17 17 16 33 34 34 34 34 34 18 17 17 33 33 34 33 33 32 1 2 2 32 34 32 16 18 16 2 1 1 34 34 32 16 16 18 1 2 2 32 34 33 17 17 17 
1
1 1 1 1 2 2 0 2 1 
2 2 1 1 0 0 1 2 1 2 1 2 0 1 2 2 1 1 1 0 2 0 0 1 1 2 2 1 2 1 2 1 2 0 1 0 1 1 0 1 2 2 2 2 2 2 1 1 1 1 2 1 1 0 1 2 2 0 2 0 0 2 0 2 1 1 2 2 0 0 0 2 1 2 2 0 2 1 1 1 1 
18 18 17 17 16 16 17 18 17 18 17 18 16 17 18 18 17 17 17 16 18 16 16 17 17 18 18 17 18 17 34 33 34 32 33 32 17 17 16 33 34 34 34 34 34 18 17 17 33 33 34 33 33 32 1 2 2 32 34 32 16 18 16 2 1 1 34 34 32 16 16 18 1 2 2 32 34 33 17 17 17 
1
