0 0 0 0 0 0 0 0 0 
0 0 0 0 0 0 0 0 0 0 0 0 0 0 0 0 0 0 0 0 0 0 0 0 0 0 0 0 0 0 0 0 0 0 0 0 0 0 0 0 1 0 0 0 0 0 0 0 0 0 0 0 0 0 0 0 0 0 0 0 0 0 0 0 0 0 0 0 0 0 0 0 0 0 0 0 0 0 0 0 0 
0 0 0 0 0 0 0 0 0 0 0 0 0 0 0 0 0 0 0 0 0 0 0 0 0 0 0 0 0 0 0 0 0 0 0 0 0 0 0 0 1 0 0 0 0 0 0 0 0 0 0 0 0 0 0 0 0 0 0 0 0 0 0 0 0 0 0 0 0 0 0 0 0 0 0 0 0 0 0 0 0 
1
0 0 0 0 0 0 0 0 0 
0 0 0 0 0 0 0 0 0 0 0 0 0 0 0 0 0 0 0 0 0 0 0 0 0 0 0 0 0 0 0 0 2 0 0 0 0 0 0 0 1 0 0 0 0 0 0 0 0 0 0 0 0 0 0 0 0 0 0 0 0 0 0 0 0 0 0 0 0 0 0 0 0 0 0 0 0 0 0 0 0 
0 0 0 0 0 0 0 0 0 0 0 0 0 0 0 0 0 0 0 0 0 0 0 0 0 0 0 0 0 0 0 0 2 0 0 0 0 0 0 0 1 0 0 0 0 0 0 0 0 0 0 0 0 0 0 0 0 0 0 0 0 0 0 0 0 0 0 0 0 0 0 0 0 0 0 0 0 0 0 0 0 
1
0 0 0 0 0 0 0 0 0 
0 0 0 0 0 0 1 0 0 0 0 0 0 0 0 0 0 0 0 0 0 0 0 0 0 0 0 0 0 0 0 0 2 0 0 0 0 0 0 0 1 0 0 0 0 0 0 0 0 0 0 0 0 0 0 0 0 0 0 0 0 0 0 0 0 0 0 0 0 0 0 0 0 0 0 0 0 0 0 0 0 
0 0 0 0 0 0 1 0 0 0 0 0 0 0 0 0 0 0 0 0 0 0 0 0 0 0 0 0 0 0 0 0 2 0 0 0 0 0 0 0 1 0 0 0 0 0 0 0 0 0 0 0 0 0 0 0 0 0 0 0 0 0 0 0 0 0 0 0 0 0 0 0 0 0 0 0 0 0 0 0 0 
1
0 0 0 0 0 0 0 0 0 
0 0 0 0 0 0 1 0 0 0 0 0 0 0 0 0 0 0 0 0 2 0 0 0 0 0 0 0 0 0 0 0 2 0 0 0 0 0 0 0 1 0 0 0 0 0 0 0 0 0 0 0 0 0 0 0 0 0 0 0 0 0 0 0 0 0 0 0 0 0 0 0 0 0 0 0 0 0 0 0 0 
0 0 0 0 0 0 1 0 0 0 0 0 0 0 0 0 0 0 0 0 2 0 0 0 0 0 0 0 0 0 0 0 2 0 0 0 0 0 0 0 1 0 0 0 0 0 0 0 0 0 0 0 0 0 0 0 0 0 0 0 0 0 0 0 0 0 0 0 0 0 0 0 0 0 0 0 0 0 0 0 0 
1
0 0 0 0 0 0 0 0 0 
0 0 0 0 0 0 1 0 0 0 0 0 0 0 0 0 0 0 0 0 2 0 0 0 0 0 0 0 0 0 0 0 2 0 0 0 0 0 0 0 1 0 0 0 0 0 0 0 0 0 0 0 0 0 0 0 0 0 0 0 1 0 0 0 0 0 0 0 0 0 0 0 0 0 0 0 0 0 0 0 0 
0 0 0 0 0 0 1 0 0 0 0 0 0 0 0 0 0 0 0 0 2 0 0 0 0 0 0 0 0 0 0 0 2 0 0 0 0 0 0 0 1 0 0 0 0 0 0 0 0 0 0 0 0 0 0 0 0 0 0 0 1 0 0 0 0 0 0 0 0 0 0 0 0 0 0 0 0 0 0 0 0 
1
0 0 0 0 0 0 0 0 0 
0 0 2 0 0 0 1 0 0 0 0 0 0 0 0 0 0 0 0 0 2 0 0 0 0 0 0 0 0 0 0 0 2 0 0 0 0 0 0 0 1 0 0 0 0 0 0 0 0 0 0 0 0 0 0 0 0 0 0 0 1 0 0 0 0 0 0 0 0 0 0 0 0 0 0 0 0 0 0 0 0 
0 0 2 0 0 0 1 0 0 0 0 0 0 0 0 0 0 0 0 0 2 0 0 0 0 0 0 0 0 0 0 0 2 0 0 0 0 0 0 0 1 0 0 0 0 0 0 0 0 0 0 0 0 0 0 0 0 0 0 0 1 0 0 0 0 0 0 0 0 0 0 0 0 0 0 0 0 0 0 0 0 
1
0 0 0 0 0 0 0 0 0 
0 0 2 0 0 0 1 0 0 0 0 0 0 0 0 0 0 0 0 0 2 0 0 0 0 1 0 0 0 0 0 0 2 0 0 0 0 0 0 0 1 0 0 0 0 0 0 0 0 0 0 0 0 0 0 0 0 0 0 0 1 0 0 0 0 0 0 0 0 0 0 0 0 0 0 0 0 0 0 0 0 
0 0 2 0 0 0 1 0 0 0 0 0 0 0 0 0 0 0 0 0 2 0 0 0 0 1 0 0 0 0 0 0 2 0 0 0 0 0 0 0 1 0 0 0 0 0 0 0 0 0 0 0 0 0 0 0 0 0 0 0 1 0 0 0 0 0 0 0 0 0 0 0 0 0 0 0 0 0 0 0 0 
1
0 0 0 0 0 0 0 0 0 
0 0 2 0 0 0 1 0 0 0 0 0 0 0 0 0 0 0 0 0 2 0 0 0 0 1 0 0 0 0 0 0 2 0 0 0 0 0 0 0 1 0 0 0 0 0 0 0 0 0 0 0 0 0 0 0 0 0 2 0 1 0 0 0 0 0 0 0 0 0 0 0 0 0 0 0 0 0 0 0 0 
0 0 2 0 0 0 1 0 0 0 0 0 0 0 0 0 0 0 0 0 2 0 0 0 0 1 0 0 0 0 0 0 2 0 0 0 0 0 0 0 1 0 0 0 0 0 0 0 0 0 0 0 0 0 0 0 0 0 2 0 1 0 0 0 0 0 0 0 0 0 0 0 0 0 0 0 0 0 0 0 0 
1
0 0 0 0 0 0 0 0 0 
0 0 2 0 0 0 1 0 0 0 0 0 0 0 0 0 0 0 0 0 2 0 0 1 0 1 0 0 0 0 0 0 2 0 0 0 0 0 0 0 1 0 0 0 0 0 0 0 0 0 0 0 0 0 0 0 0 0 2 0 1 0 0 0 0 0 0 0 0 0 0 0 0 0 0 0 0 0 0 0 0 
0 0 2 0 0 0 1 0 0 0 0 0 0 0 0 0 0 0 0 0 2 0 0 1 0 1 0 0 0 0 0 0 2 0 0 0 0 0 0 0 1 0 0 0 0 0 0 0 0 0 0 0 0 0 0 0 0 0 2 0 1 0 0 0 0 0 0 0 0 0 0 0 0 0 0 0 0 0 0 0 0 
1
0 0 0 0 0 0 0 0 0 
0 0 2 0 0 0 1 0 0 0 0 0 0 0 0 0 0 0 0 0 2 0 0 1 0 1 0 0 0 0 0 0 2 0 0 0 0 0 0 0 1 0 0 0 0 0 0 0 0 0 0 0 0 0 0 0 0 0 2 0 1 0 2 0 0 0 0 0 0 0 0 0 0 0 0 0 0 0 0 0 0 
0 0 2 0 0 0 1 0 0 0 0 0 0 0 0 0 0 0 0 0 2 0 0 1 0 1 0 0 0 0 0 0 2 0 0 0 0 0 0 0 1 0 0 0 0 0 0 0 0 0 0 0 0 0 0 0 0 0 2 0 1 0 2 0 0 0 0 0 0 0 0 0 0 0 0 0 0 0 0 0 0 
1
0 0 0 0 0 0 0 0 0 
0 0 2 0 0 0 1 1 0 0 0 0 0 0 0 0 0 0 0 0 2 0 0 1 0 1 0 0 0 0 0 0 2 0 0 0 0 0 0 0 1 0 0 0 0 0 0 0 0 0 0 0 0 0 0 0 0 0 2 0 1 0 2 0 0 0 0 0 0 0 0 0 0 0 0 0 0 0 0 0 0 
0 0 2 0 0 0 1 1 0 0 0 0 0 0 0 0 0 0 0 0 2 0 0 1 0 1 0 0 0 0 0 0 2 0 0 0 0 0 0 0 1 0 0 0 0 0 0 0 0 0 0 0 0 0 0 0 0 0 2 0 1 0 2 0 0 0 0 0 0 0 0 0 0 0 0 0 0 0 0 0 0 
1
0 0 0 0 0 0 0 0 0 
0 0 2 0 0 2 1 1 0 0 0 0 0 0 0 0 0 0 0 0 2 0 0 1 0 1 0 0 0 0 0 0 2 0 0 0 0 0 0 0 1 0 0 0 0 0 0 0 0 0 0 0 0 0 0 0 0 0 2 0 1 0 2 0 0 0 0 0 0 0 0 0 0 0 0 0 0 0 0 0 0 
0 0 2 0 0 2 1 1 0 0 0 0 0 0 0 0 0 0 0 0 2 0 0 1 0 1 0 0 0 0 0 0 2 0 0 0 0 0 0 0 1 0 0 0 0 0 0 0 0 0 0 0 0 0 0 0 0 0 2 0 1 0 2 0 0 0 0 0 0 0 0 0 0 0 0 0 0 0 0 0 0 
1
0 0 1 0 0 0 0 0 0 
0 0 2 0 0 2 1 1 1 0 0 0 0 0 0 0 0 0 0 0 2 0 0 1 0 1 0 0 0 0 0 0 2 0 0 0 0 0 0 0 1 0 0 0 0 0 0 0 0 0 0 0 0 0 0 0 0 0 2 0 1 0 2 0 0 0 0 0 0 0 0 0 0 0 0 0 0 0 0 0 0 
0 0 2 0 0 2 17 17 17 0 0 0 0 0 0 16 16 16 0 0 2 0 0 1 16 17 16 0 0 0 0 0 2 0 0 0 0 0 0 0 1 0 0 0 0 0 0 0 0 0 0 0 0 0 0 0 0 0 2 0 1 0 2 0 0 0 0 0 0 0 0 0 0 0 0 0 0 0 0 0 0 
1
0 0 1 0 0 0 0 0 0 
0 0 2 0 0 2 1 1 1 0 0 0 0 0 0 0 0 0 0 0 2 0 0 1 0 1 0 0 0 0 0 2 2 0 0 0 0 0 0 0 1 0 0 0 0 0 0 0 0 0 0 0 0 0 0 0 0 0 2 0 1 0 2 0 0 0 0 0 0 0 0 0 0 0 0 0 0 0 0 0 0 
0 0 2 0 0 2 17 17 17 0 0 0 0 0 0 16 16 16 0 0 2 0 0 1 16 17 16 0 0 0 0 2 2 0 0 0 0 0 0 0 1 0 0 0 0 0 0 0 0 0 0 0 0 0 0 0 0 0 2 0 1 0 2 0 0 0 0 0 0 0 0 0 0 0 0 0 0 0 0 0 0 
1
0 0 1 0 0 0 0 0 0 
0 0 2 0 0 2 1 1 1 0 0 0 0 0 0 0 0 0 0 0 2 0 1 1 0 1 0 0 0 0 0 2 2 0 0 0 0 0 0 0 1 0 0 0 0 0 0 0 0 0 0 0 0 0 0 0 0 0 2 0 1 0 2 0 0 0 0 0 0 0 0 0 0 0 0 0 0 0 0 0 0 
0 0 2 0 0 2 17 17 17 0 0 0 0 0 0 16 16 16 0 0 2 0 1 1 16 17 16 0 0 0 0 2 2 0 0 0 0 0 0 0 1 0 0 0 0 0 0 0 0 0 0 0 0 0 0 0 0 0 2 0 1 0 2 0 0 0 0 0 0 0 0 0 0 0 0 0 0 0 0 0 0 
1
0 0 1 0 0 0 0 0 0 
0 0 2 0 0 2 1 1 1 0 0 0 0 0 0 0 0 0 0 0 2 0 1 1 0 1 0 0 0 0 0 2 2 0 0 0 0 0 0 0 1 0 0 0 0 0 0 0 0 0 0 0 0 0 0 0 0 0 2 0 1 0 2 0 0 0 0 0 0 0 0 0 0 0 0 0 2 0 0 0 0 
0 0 2 0 0 2 17 17 17 0 0 0 0 0 0 16 16 16 0 0 2 0 1 1 16 17 16 0 0 0 0 2 2 0 0 0 0 0 0 0 1 0 0 0 0 0 0 0 0 0 0 0 0 0 0 0 0 0 2 0 1 0 2 0 0 0 0 0 0 0 0 0 0 0 0 0 2 0 0 0 0 
1
0 0 1 0 0 0 0 0 0 
0 0 2 0 0 2 1 1 1 0 0 0 0 0 0 0 0 0 0 0 2 0 1 1 0 1 0 0 0 0 0 2 2 0 0 0 0 0 0 0 1 0 0 0 0 0 0 0 0 0 0 0 0 0 0 0 0 0 2 0 1 0 2 0 0 0 1 0 0 0 0 0 0 0 0 0 2 0 0 0 0 
0 0 2 0 0 2 17 17 17 0 0 0 0 0 0 16 16 16 0 0 2 0 1 1 16 17 16 0 0 0 0 2 2 0 0 0 0 0 0 0 1 0 0 0 0 0 0 0 0 0 0 0 0 0 0 0 0 0 2 0 1 0 2 0 0 0 1 0 0 0 0 0 0 0 0 0 2 0 0 0 0 
1
0 0 1 0 0 0 0 0 0 
0 0 2 0 0 2 1 1 1 0 0 0 0 0 0 0 0 0 0 0 2 0 1 1 0 1 0 0 0 0 0 2 2 0 0 0 0 0 2 0 1 0 0 0 0 0 0 0 0 0 0 0 0 0 0 0 0 0 2 0 1 0 2 0 0 0 1 0 0 0 0 0 0 0 0 0 2 0 0 0 0 
0 0 2 0 0 2 17 17 17 0 0 0 0 0 0 16 16 16 0 0 2 0 1 1 16 17 16 0 0 0 0 2 2 0 0 0 0 0 2 0 1 0 0 0 0 0 0 0 0 0 0 0 0 0 0 0 0 0 2 0 1 0 2 0 0 0 1 0 0 0 0 0 0 0 0 0 2 0 0 0 0 
1
0 0 1 0 0 0 0 0 0 
0 0 2 0 0 2 1 1 1 0 0 0 0 0 0 0 0 0 0 0 2 0 1 1 0 1 0 0 0 0 0 2 2 0 0 0 0 0 2 0 1 0 0 0 0 0 0 0 0 0 0 0 1 0 0 0 0 0 2 0 1 0 2 0 0 0 1 0 0 0 0 0 0 0 0 0 2 0 0 0 0 
0 0 2 0 0 2 17 17 17 0 0 0 0 0 0 16 16 16 0 0 2 0 1 1 16 17 16 0 0 0 0 2 2 0 0 0 0 0 2 0 1 0 0 0 0 0 0 0 0 0 0 0 1 0 0 0 0 0 2 0 1 0 2 0 0 0 1 0 0 0 0 0 0 0 0 0 2 0 0 0 0 
1
0 0 1 0 0 0 0 0 0 
0 0 2 0 0 2 1 1 1 0 0 0 0 0 0 0 0 0 0 0 2 0 1 1 0 1 0 0 0 0 0 2 2 0 0 0 0 0 2 0 1 0 0 0 0 0 0 0 0 0 0 0 1 0 0 0 0 0 2 0 1 0 2 0 0 0 1 0 2 0 0 0 0 0 0 0 2 0 0 0 0 
0 0 2 0 0 2 17 17 17 0 0 0 0 0 0 16 16 16 0 0 2 0 1 1 16 17 16 0 0 0 0 2 2 0 0 0 0 0 2 0 1 0 0 0 0 0 0 0 0 0 0 0 1 0 0 0 0 0 2 0 1 0 2 0 0 0 1 0 2 0 0 0 0 0 0 0 2 0 0 0 0 
1
0 0 1 0 0 0 0 0 0 
0 0 2 0 0 2 1 1 1 0 0 0 0 0 0 0 0 0 0 0 2 0 1 1 0 1 0 0 0 0 0 2 2 0 0 0 0 0 2 0 1 0 0 0 0 0 0 0 0 0 0 1 1 0 0 0 0 0 2 0 1 0 2 0 0 0 1 0 2 0 0 0 0 0 0 0 2 0 0 0 0 
0 0 2 0 0 2 17 17 17 0 0 0 0 0 0 16 16 16 0 0 2 0 1 1 16 17 16 0 0 0 0 2 2 0 0 0 0 0 2 0 1 0 0 0 0 0 0 0 0 0 0 1 1 0 0 0 0 0 2 0 1 0 2 0 0 0 1 0 2 0 0 0 0 0 0 0 2 0 0 0 0 
1
0 0 1 0 0 0 0 0 0 
0 0 2 0 0 2 1 1 1 0 0 0 0 0 0 0 0 0 0 0 2 0 1 1 0 1 0 0 0 0 0 2 2 0 0 0 0 0 2 0 1 0 0 0 0 0 0 0 0 0 0 1 1 0 0 0 0 0 2 0 1 0 2 0 0 0 1 0 2 0 0 0 0 2 0 0 2 0 0 0 0 
0 0 2 0 0 2 17 17 17 0 0 0 0 0 0 16 16 16 0 0 2 0 1 1 16 17 16 0 0 0 0 2 2 0 0 0 0 0 2 0 1 0 0 0 0 0 0 0 0 0 0 1 1 0 0 0 0 0 2 0 1 0 2 0 0 0 1 0 2 0 0 0 0 2 0 0 2 0 0 0 0 
1
0 0 1 0 0 0 0 0 0 
0 0 2 0 0 2 1 1 1 0 0 0 0 0 0 0 0 0 0 0 2 0 1 1 0 1 0 0 0 0 0 2 2 0 0 0 0 0 2 0 1 0 0 0 0 0 0 0 0 0 0 1 1 0 0 0 0 0 2 0 1 0 2 0 0 0 1 0 2 0 0 0 0 2 0 1 2 0 0 0 0 
0 0 2 0 0 2 17 17 17 0 0 0 0 0 0 16 16 16 0 0 2 0 1 1 16 17 16 0 0 0 0 2 2 0 0 0 0 0 2 0 1 0 0 0 0 0 0 0 0 0 0 1 1 0 0 0 0 0 2 0 1 0 2 0 0 0 1 0 2 0 0 0 0 2 0 1 2 0 0 0 0 
1
0 0 1 0 0 0 0 0 0 
0 0 2 0 0 2 1 1 1 0 0 0 0 0 0 0 0 0 0 0 2 0 1 1 0 1 0 0 0 0 0 2 2 0 0 0 0 0 2 0 1 0 0 0 0 0 0 0 0 0 0 1 1 0 0 2 0 0 2 0 1 0 2 0 0 0 1 0 2 0 0 0 0 2 0 1 2 0 0 0 0 
0 0 2 0 0 2 17 17 17 0 0 0 0 0 0 16 16 16 0 0 2 0 1 1 16 17 16 0 0 0 0 2 2 0 0 0 0 0 2 0 1 0 0 0 0 0 0 0 0 0 0 1 1 0 0 2 0 0 2 0 1 0 2 0 0 0 1 0 2 0 0 0 0 2 0 1 2 0 0 0 0 
1
0 1 1 0 0 0 0 0 0 
0 0 2 0 0 2 1 1 1 0 0 0 0 0 0 0 0 0 0 0 2 1 1 1 0 1 0 0 0 0 0 2 2 0 0 0 0 0 2 0 1 0 0 0 0 0 0 0 0 0 0 1 1 0 0 2 0 0 2 0 1 0 2 0 0 0 1 0 2 0 0 0 0 2 0 1 2 0 0 0 0 
0 0 2 16 16 18 17 17 17 0 0 0 16 16 16 16 16 16 0 0 2 17 17 17 16 17 16 0 0 0 0 2 2 0 0 0 0 0 2 0 1 0 0 0 0 0 0 0 0 0 0 1 1 0 0 2 0 0 2 0 1 0 2 0 0 0 1 0 2 0 0 0 0 2 0 1 2 0 0 0 0 
1
0 1 1 0 0 0 0 0 0 
0 0 2 0 0 2 1 1 1 0 0 0 0 0 0 0 0 0 0 0 2 1 1 1 0 1 0 0 0 0 0 2 2 0 0 0 0 0 2 0 1 0 0 0 0 0 0 0 0 0 0 1 1 0 0 2 0 0 2 0 1 0 2 2 0 0 1 0 2 0 0 0 0 2 0 1 2 0 0 0 0 
0 0 2 16 16 18 17 17 17 0 0 0 16 16 16 16 16 16 0 0 2 17 17 17 16 17 16 0 0 0 0 2 2 0 0 0 0 0 2 0 1 0 0 0 0 0 0 0 0 0 0 1 1 0 0 2 0 0 2 0 1 0 2 2 0 0 1 0 2 0 0 0 0 2 0 1 2 0 0 0 0 
1
0 1 1 0 0 0 0 0 0 
0 0 2 0 0 2 1 1 1 0 0 0 0 0 0 0 0 0 0 0 2 1 1 1 0 1 0 0 0 0 0 2 2 0 0 0 0 0 2 0 1 0 0 0 0 1 0 0 0 0 0 1 1 0 0 2 0 0 2 0 1 0 2 2 0 0 1 0 2 0 0 0 0 2 0 1 2 0 0 0 0 
0 0 2 16 16 18 17 17 17 0 0 0 16 16 16 16 16 16 0 0 2 17 17 17 16 17 16 0 0 0 0 2 2 0 0 0 0 0 2 0 1 0 0 0 0 1 0 0 0 0 0 1 1 0 0 2 0 0 2 0 1 0 2 2 0 0 1 0 2 0 0 0 0 2 0 1 2 0 0 0 0 
1
0 1 1 0 0 0 0 0 0 
0 0 2 0 0 2 1 1 1 0 0 0 0 0 0 0 0 0 0 0 2 1 1 1 0 1 0 0 0 0 0 2 2 0 0 0 0 0 2 0 1 0 0 0 0 1 0 0 0 0 0 1 1 0 0 2 0 0 2 0 1 0 2 2 0 0 1 0 2 0 0 0 2 2 0 1 2 0 0 0 0 
0 0 2 16 16 18 17 17 17 0 0 0 16 16 16 16 16 16 0 0 2 17 17 17 16 17 16 0 0 0 0 2 2 0 0 0 0 0 2 0 1 0 0 0 0 1 0 0 0 0 0 1 1 0 0 2 0 0 2 0 1 0 2 2 0 0 1 0 2 0 0 0 2 2 0 1 2 0 0 0 0 
1
0 1 1 0 0 0 0 0 0 
0 0 2 0 0 2 1 1 1 0 0 0 0 0 0 0 0 0 0 0 2 1 1 1 0 1 0 0 0 0 0 2 2 0 0 0 0 0 2 0 1 0 0 0 0 1 0 0 0 0 0 1 1 0 0 2 0 0 2 0 1 0 2 2 0 1 1 0 2 0 0 0 2 2 0 1 2 0 0 0 0 
0 0 2 16 16 18 17 17 17 0 0 0 16 16 16 16 16 16 0 0 2 17 17 17 16 17 16 0 0 0 0 2 2 0 0 0 0 0 2 0 1 0 0 0 0 1 0 0 0 0 0 1 1 0 0 2 0 0 2 0 1 0 2 2 0 1 1 0 2 0 0 0 2 2 0 1 2 0 0 0 0 
1
0 1 1 0 0 0 0 0 0 
0 0 2 0 0 2 1 1 1 0 0 0 0 0 0 0 0 0 0 0 2 1 1 1 0 1 0 0 0 0 0 2 2 0 0 0 0 0 2 0 1 0 0 0 2 1 0 0 0 0 0 1 1 0 0 2 0 0 2 0 1 0 2 2 0 1 1 0 2 0 0 0 2 2 0 1 2 0 0 0 0 
0 0 2 16 16 18 17 17 17 0 0 0 16 16 16 16 16 16 0 0 2 17 17 17 16 17 16 0 0 0 0 2 2 0 0 0 0 0 2 0 1 0 0 0 2 1 0 0 0 0 0 1 1 0 0 2 0 0 2 0 1 0 2 2 0 1 1 0 2 0 0 0 2 2 0 1 2 0 0 0 0 
1
0 1 1 0 0 0 0 0 0 
0 0 2 0 0 2 1 1 1 0 0 0 0 0 0 0 0 0 0 0 2 1 1 1 0 1 0 0 0 0 0 2 2 0 0 0 0 0 2 0 1 0 1 0 2 1 0 0 0 0 0 1 1 0 0 2 0 0 2 0 1 0 2 2 0 1 1 0 2 0 0 0 2 2 0 1 2 0 0 0 0 
0 0 2 16 16 18 17 17 17 0 0 0 16 16 16 16 16 16 0 0 2 17 17 17 16 17 16 0 0 0 0 2 2 0 0 0 0 0 2 0 1 0 1 0 2 1 0 0 0 0 0 1 1 0 0 2 0 0 2 0 1 0 2 2 0 1 1 0 2 0 0 0 2 2 0 1 2 0 0 0 0 
1
0 1 1 0 0 0 0 0 0 
0 0 2 0 0 2 1 1 1 0 0 0 0 0 0 0 0 0 0 0 2 1 1 1 0 1 0 0 0 0 0 2 2 0 0 0 0 0 2 0 1 0 1 0 2 1 2 0 0 0 0 1 1 0 0 2 0 0 2 0 1 0 2 2 0 1 1 0 2 0 0 0 2 2 0 1 2 0 0 0 0 
0 0 2 16 16 18 17 17 17 0 0 0 16 16 16 16 16 16 0 0 2 17 17 17 16 17 16 0 0 0 0 2 2 0 0 0 0 0 2 0 1 0 1 0 2 1 2 0 0 0 0 1 1 0 0 2 0 0 2 0 1 0 2 2 0 1 1 0 2 0 0 0 2 2 0 1 2 0 0 0 0 
1
0 1 1 0 0 0 0 0 0 
0 0 2 0 0 2 1 1 1 0 0 0 0 0 0 0 0 0 0 0 2 1 1 1 0 1 0 0 0 0 0 2 2 0 0 0 0 0 2 0 1 0 1 0 2 1 2 0 0 0 0 1 1 0 0 2 0 0 2 0 1 0 2 2 0 1 1 1 2 0 0 0 2 2 0 1 2 0 0 0 0 
0 0 2 16 16 18 17 17 17 0 0 0 16 16 16 16 16 16 0 0 2 17 17 17 16 17 16 0 0 0 0 2 2 0 0 0 0 0 2 0 1 0 1 0 2 1 2 0 0 0 0 1 1 0 0 2 0 0 2 0 1 0 2 2 0 1 1 1 2 0 0 0 2 2 0 1 2 0 0 0 0 
1
0 1 1 0 0 0 0 0 0 
0 0 2 0 0 2 1 1 1 0 0 0 0 0 0 0 0 0 0 0 2 1 1 1 0 1 0 0 0 0 0 2 2 0 0 0 0 0 2 0 1 2 1 0 2 1 2 0 0 0 0 1 1 0 0 2 0 0 2 0 1 0 2 2 0 1 1 1 2 0 0 0 2 2 0 1 2 0 0 0 0 
0 0 2 16 16 18 17 17 17 0 0 0 16 16 16 16 16 16 0 0 2 17 17 17 16 17 16 0 0 0 0 2 2 0 0 0 0 0 2 0 1 2 1 0 2 1 2 0 0 0 0 1 1 0 0 2 0 0 2 0 1 0 2 2 0 1 1 1 2 0 0 0 2 2 0 1 2 0 0 0 0 
1
0 1 1 0 0 0 0 0 0 
0 0 2 0 0 2 1 1 1 0 0 0 0 0 0 0 0 0 0 0 2 1 1 1 0 1 0 0 0 0 0 2 2 0 0 0 0 0 2 0 1 2 1 1 2 1 2 0 0 0 0 1 1 0 0 2 0 0 2 0 1 0 2 2 0 1 1 1 2 0 0 0 2 2 0 1 2 0 0 0 0 
0 0 2 16 16 18 17 17 17 0 0 0 16 16 16 16 16 16 0 0 2 17 17 17 16 17 16 0 0 0 0 2 2 0 0 0 0 0 2 0 1 2 1 1 2 1 2 0 0 0 0 1 1 0 0 2 0 0 2 0 1 0 2 2 0 1 1 1 2 0 0 0 2 2 0 1 2 0 0 0 0 
1
0 1 1 0 0 0 0 0 0 
0 0 2 0 0 2 1 1 1 0 0 0 0 0 0 0 0 0 0 0 2 1 1 1 0 1 0 0 0 0 0 2 2 0 0 0 0 0 2 0 1 2 1 1 2 1 2 0 0 2 0 1 1 0 0 2 0 0 2 0 1 0 2 2 0 1 1 1 2 0 0 0 2 2 0 1 2 0 0 0 0 
0 0 2 16 16 18 17 17 17 0 0 0 16 16 16 16 16 16 0 0 2 17 17 17 16 17 16 0 0 0 0 2 2 0 0 0 0 0 2 0 1 2 1 1 2 1 2 0 0 2 0 1 1 0 0 2 0 0 2 0 1 0 2 2 0 1 1 1 2 0 0 0 2 2 0 1 2 0 0 0 0 
1
0 1 1 0 0 0 0 1 0 
0 0 2 0 0 2 1 1 1 0 0 0 0 0 0 0 0 0 0 0 2 1 1 1 0 1 0 0 0 0 0 2 2 0 0 0 0 0 2 0 1 2 1 1 2 1 2 0 0 2 0 1 1 0 0 2 0 0 2 1 1 0 2 2 0 1 1 1 2 0 0 0 2 2 0 1 2 0 0 0 0 
0 0 2 16 16 18 17 17 17 0 0 0 16 16 16 16 16 16 0 0 2 17 17 17 16 17 16 0 0 0 0 2 2 0 0 0 0 0 2 0 1 2 1 1 2 1 2 0 0 2 0 1 1 0 0 2 0 16 18 17 1 0 2 2 0 1 17 17 18 0 0 0 2 2 0 17 18 16 0 0 0 
1
2 1 1 0 0 0 0 1 0 
0 0 2 0 0 2 1 1 1 0 0 2 0 0 0 0 0 0 0 0 2 1 1 1 0 1 0 0 0 0 0 2 2 0 0 0 0 0 2 0 1 2 1 1 2 1 2 0 0 2 0 1 1 0 0 2 0 0 2 1 1 0 2 2 0 1 1 1 2 0 0 0 2 2 0 1 2 0 0 0 0 
32 32 34 16 16 18 17 17 17 32 32 34 16 16 16 16 16 16 32 32 34 17 17 17 16 17 16 0 0 0 0 2 2 0 0 0 0 0 2 0 1 2 1 1 2 1 2 0 0 2 0 1 1 0 0 2 0 16 18 17 1 0 2 2 0 1 17 17 18 0 0 0 2 2 0 17 18 16 0 0 0 
1
2 1 1 0 0 1 0 1 0 
0 0 2 0 0 2 1 1 1 0 0 2 0 0 0 0 0 0 0 0 2 1 1 1 0 1 0 0 0 0 0 2 2 0 1 0 0 0 2 0 1 2 1 1 2 1 2 0 0 2 0 1 1 0 0 2 0 0 2 1 1 0 2 2 0 1 1 1 2 0 0 0 2 2 0 1 2 0 0 0 0 
32 32 34 16 16 18 17 17 17 32 32 34 16 16 16 16 16 16 32 32 34 17 17 17 16 17 16 0 0 0 0 2 2 16 17 16 0 0 2 0 1 2 17 17 18 1 2 0 0 2 0 17 17 16 0 2 0 16 18 17 1 0 2 2 0 1 17 17 18 0 0 0 2 2 0 17 18 16 0 0 0 
1
2 1 1 0 2 1 0 1 0 
0 0 2 0 0 2 1 1 1 0 0 2 0 0 0 0 0 0 0 0 2 1 1 1 0 1 0 0 0 0 2 2 2 0 1 0 0 0 2 0 1 2 1 1 2 1 2 0 0 2 0 1 1 0 0 2 0 0 2 1 1 0 2 2 0 1 1 1 2 0 0 0 2 2 0 1 2 0 0 0 0 
32 32 34 16 16 18 17 17 17 32 32 34 16 16 16 16 16 16 32 32 34 17 17 17 16 17 16 0 0 0 34 34 34 16 17 16 0 0 2 32 33 34 17 17 18 1 2 0 32 34 32 17 17 16 0 2 0 16 18 17 1 0 2 2 0 1 17 17 18 0 0 0 2 2 0 17 18 16 0 0 0 
1
2 1 1 0 2 1 0 1 0 
0 0 2 0 0 2 1 1 1 0 0 2 0 0 0 0 0 0 0 0 2 1 1 1 0 1 0 0 0 0 2 2 2 0 1 0 0 0 2 0 1 2 1 1 2 1 2 0 0 2 0 1 1 0 0 2 0 0 2 1 1 0 2 2 0 1 1 1 2 0 0 0 2 2 0 1 2 0 1 0 0 
32 32 34 16 16 18 17 17 17 32 32 34 16 16 16 16 16 16 32 32 34 17 17 17 16 17 16 0 0 0 34 34 34 16 17 16 0 0 2 32 33 34 17 17 18 1 2 0 32 34 32 17 17 16 0 2 0 16 18 17 1 0 2 2 0 1 17 17 18 0 0 0 2 2 0 17 18 16 1 0 0 
1
2 1 1 0 2 1 0 1 0 
0 0 2 0 0 2 1 1 1 0 0 2 0 0 0 0 0 0 0 0 2 1 1 1 0 1 0 0 0 0 2 2 2 0 1 0 0 0 2 0 1 2 1 1 2 1 2 0 0 2 0 1 1 0 0 2 2 0 2 1 1 0 2 2 0 1 1 1 2 0 0 0 2 2 0 1 2 0 1 0 0 
32 32 34 16 16 18 17 17 17 32 32 34 16 16 16 16 16 16 32 32 34 17 17 17 16 17 16 0 0 0 34 34 34 16 17 16 0 0 2 32 33 34 17 17 18 1 2 0 32 34 32 17 17 16 0 2 2 16 18 17 1 0 2 2 0 1 17 17 18 0 0 0 2 2 0 17 18 16 1 0 0 
1
2 1 1 0 2 1 0 1 1 
0 0 2 0 0 2 1 1 1 0 0 2 0 0 0 0 0 0 0 0 2 1 1 1 0 1 0 0 0 0 2 2 2 0 1 0 0 0 2 0 1 2 1 1 2 1 2 0 0 2 0 1 1 0 0 2 2 0 2 1 1 0 2 2 0 1 1 1 2 1 0 0 2 2 0 1 2 0 1 0 0 
32 32 34 16 16 18 17 17 17 32 32 34 16 16 16 16 16 16 32 32 34 17 17 17 16 17 16 0 0 0 34 34 34 16 17 16 0 0 2 32 33 34 17 17 18 1 2 0 32 34 32 17 17 16 0 2 2 16 18 17 17 16 18 2 0 1 17 17 18 17 16 16 2 2 0 17 18 16 17 16 16 
1
2 1 1 0 2 1 0 1 1 
0 0 2 0 0 2 1 1 1 0 0 2 0 0 0 0 0 0 0 0 2 1 1 1 0 1 0 0 0 0 2 2 2 0 1 0 0 0 2 0 1 2 1 1 2 1 2 0 0 2 0 1 1 0 0 2 2 0 2 1 1 0 2 2 0 1 1 1 2 1 0 0 2 2 0 1 2 0 1 0 0 
32 32 34 16 16 18 17 17 17 32 32 34 16 16 16 16 16 16 32 32 34 17 17 17 16 17 16 0 0 0 34 34 34 16 17 16 0 0 2 32 33 34 17 17 18 1 2 0 32 34 32 17 17 16 0 2 2 16 18 17 17 16 18 2 0 1 17 17 18 17 16 16 2 2 0 17 18 16 17 16 16 
1
