0 0 0 0 0 0 0 0 0 
1 0 0 0 0 0 0 0 0 0 0 0 0 0 0 0 0 0 0 0 0 0 0 0 0 0 0 0 0 0 0 0 0 0 0 0 0 0 0 0 0 0 0 0 0 0 0 0 0 0 0 0 0 0 0 0 0 0 0 0 0 0 0 0 0 0 0 0 0 0 0 0 0 0 0 0 0 0 0 0 0 
1 0 0 0 0 0 0 0 0 0 0 0 0 0 0 0 0 0 0 0 0 0 0 0 0 0 0 0 0 0 0 0 0 0 0 0 0 0 0 0 0 0 0 0 0 0 0 0 0 0 0 0 0 0 0 0 0 0 0 0 0 0 0 0 0 0 0 0 0 0 0 0 0 0 0 0 0 0 0 0 0 
0
0 0 0 0 0 0 0 0 0 
1 0 0 0 0 0 0 0 0 0 0 0 0 0 0 0 0 0 0 0 2 0 0 0 0 0 0 0 0 0 0 0 0 0 0 0 0 0 0 0 0 0 0 0 0 0 0 0 0 0 0 0 0 0 0 0 0 0 0 0 0 0 0 0 0 0 0 0 0 0 0 0 0 0 0 0 0 0 0 0 0 
1 0 0 0 0 0 0 0 0 0 0 0 0 0 0 0 0 0 0 0 2 0 0 0 0 0 0 0 0 0 0 0 0 0 0 0 0 0 0 0 0 0 0 0 0 0 0 0 0 0 0 0 0 0 0 0 0 0 0 0 0 0 0 0 0 0 0 0 0 0 0 0 0 0 0 0 0 0 0 0 0 
0
0 0 0 0 0 0 0 0 0 
1 0 0 0 0 0 0 0 0 0 0 0 0 0 0 0 0 0 0 0 2 0 0 0 0 0 0 0 0 0 0 0 0 0 0 0 0 0 0 0 0 0 0 0 0 0 0 0 0 0 0 0 0 0 0 0 0 0 0 0 0 1 0 0 0 0 0 0 0 0 0 0 0 0 0 0 0 0 0 0 0 
1 0 0 0 0 0 0 0 0 0 0 0 0 0 0 0 0 0 0 0 2 0 0 0 0 0 0 0 0 0 0 0 0 0 0 0 0 0 0 0 0 0 0 0 0 0 0 0 0 0 0 0 0 0 0 0 0 0 0 0 0 1 0 0 0 0 0 0 0 0 0 0 0 0 0 0 0 0 0 0 0 
0
0 0 0 0 0 0 0 0 0 
1 0 0 0 0 0 0 0 0 0 0 0 0 0 0 0 0 0 0 0 2 2 0 0 0 0 0 0 0 0 0 0 0 0 0 0 0 0 0 0 0 0 0 0 0 0 0 0 0 0 0 0 0 0 0 0 0 0 0 0 0 1 0 0 0 0 0 0 0 0 0 0 0 0 0 0 0 0 0 0 0 
1 0 0 0 0 0 0 0 0 0 0 0 0 0 0 0 0 0 0 0 2 2 0 0 0 0 0 0 0 0 0 0 0 0 0 0 0 0 0 0 0 0 0 0 0 0 0 0 0 0 0 0 0 0 0 0 0 0 0 0 0 1 0 0 0 0 0 0 0 0 0 0 0 0 0 0 0 0 0 0 0 
0
0 0 0 0 0 0 0 0 0 
1 0 0 0 0 0 0 0 0 0 0 0 0 0 0 0 0 0 0 0 2 2 0 0 0 0 0 0 0 0 0 0 0 0 0 0 0 0 0 0 0 0 0 0 0 0 0 0 0 0 0 0 0 0 0 0 1 0 0 0 0 1 0 0 0 0 0 0 0 0 0 0 0 0 0 0 0 0 0 0 0 
1 0 0 0 0 0 0 0 0 0 0 0 0 0 0 0 0 0 0 0 2 2 0 0 0 0 0 0 0 0 0 0 0 0 0 0 0 0 0 0 0 0 0 0 0 0 0 0 0 0 0 0 0 0 0 0 1 0 0 0 0 1 0 0 0 0 0 0 0 0 0 0 0 0 0 0 0 0 0 0 0 
0
0 0 0 0 0 0 0 0 0 
1 0 0 0 0 0 0 0 0 0 0 0 0 0 0 0 0 0 0 0 2 2 0 0 0 2 0 0 0 0 0 0 0 0 0 0 0 0 0 0 0 0 0 0 0 0 0 0 0 0 0 0 0 0 0 0 1 0 0 0 0 1 0 0 0 0 0 0 0 0 0 0 0 0 0 0 0 0 0 0 0 
1 0 0 0 0 0 0 0 0 0 0 0 0 0 0 0 0 0 0 0 2 2 0 0 0 2 0 0 0 0 0 0 0 0 0 0 0 0 0 0 0 0 0 0 0 0 0 0 0 0 0 0 0 0 0 0 1 0 0 0 0 1 0 0 0 0 0 0 0 0 0 0 0 0 0 0 0 0 0 0 0 
0
0 0 0 0 0 0 0 0 0 
1 0 0 0 0 0 0 0 0 0 0 0 0 0 0 0 0 0 0 0 2 2 0 0 0 2 0 0 0 0 0 0 0 0 0 0 0 0 0 0 0 0 0 0 0 0 0 0 0 0 0 0 0 0 0 0 1 0 0 0 0 1 0 0 0 0 1 0 0 0 0 0 0 0 0 0 0 0 0 0 0 
1 0 0 0 0 0 0 0 0 0 0 0 0 0 0 0 0 0 0 0 2 2 0 0 0 2 0 0 0 0 0 0 0 0 0 0 0 0 0 0 0 0 0 0 0 0 0 0 0 0 0 0 0 0 0 0 1 0 0 0 0 1 0 0 0 0 1 0 0 0 0 0 0 0 0 0 0 0 0 0 0 
0
0 0 0 0 0 0 0 0 0 
1 0 0 0 0 0 0 0 0 0 0 0 0 0 0 0 0 0 0 0 2 2 0 0 0 2 0 0 0 0 0 0 0 0 0 0 2 0 0 0 0 0 0 0 0 0 0 0 0 0 0 0 0 0 0 0 1 0 0 0 0 1 0 0 0 0 1 0 0 0 0 0 0 0 0 0 0 0 0 0 0 
1 0 0 0 0 0 0 0 0 0 0 0 0 0 0 0 0 0 0 0 2 2 0 0 0 2 0 0 0 0 0 0 0 0 0 0 2 0 0 0 0 0 0 0 0 0 0 0 0 0 0 0 0 0 0 0 1 0 0 0 0 1 0 0 0 0 1 0 0 0 0 0 0 0 0 0 0 0 0 0 0 
0
0 0 0 0 0 0 0 0 0 
1 0 0 0 0 0 0 0 0 0 0 0 0 0 0 0 0 0 0 0 2 2 0 0 0 2 0 0 0 0 0 0 0 0 0 0 2 1 0 0 0 0 0 0 0 0 0 0 0 0 0 0 0 0 0 0 1 0 0 0 0 1 0 0 0 0 1 0 0 0 0 0 0 0 0 0 0 0 0 0 0 
1 0 0 0 0 0 0 0 0 0 0 0 0 0 0 0 0 0 0 0 2 2 0 0 0 2 0 0 0 0 0 0 0 0 0 0 2 1 0 0 0 0 0 0 0 0 0 0 0 0 0 0 0 0 0 0 1 0 0 0 0 1 0 0 0 0 1 0 0 0 0 0 0 0 0 0 0 0 0 0 0 
0
0 0 0 0 0 0 0 0 0 
1 0 0 0 0 0 0 0 0 0 0 0 0 0 0 0 0 0 0 0 2 2 0 0 0 2 0 0 0 0 0 0 0 0 0 0 2 1 0 0 0 0 0 0 0 0 0 0 0 0 2 0 0 0 0 0 1 0 0 0 0 1 0 0 0 0 1 0 0 0 0 0 0 0 0 0 0 0 0 0 0 
1 0 0 0 0 0 0 0 0 0 0 0 0 0 0 0 0 0 0 0 2 2 0 0 0 2 0 0 0 0 0 0 0 0 0 0 2 1 0 0 0 0 0 0 0 0 0 0 0 0 2 0 0 0 0 0 1 0 0 0 0 1 0 0 0 0 1 0 0 0 0 0 0 0 0 0 0 0 0 0 0 
0
0 0 0 0 0 0 0 0 0 
1 0 0 0 0 0 0 0 0 0 0 0 0 0 0 0 0 0 0 0 2 2 0 0 0 2 0 0 0 0 0 0 0 0 0 0 2 1 0 0 0 0 0 0 0 0 0 0 0 0 2 0 0 0 0 0 1 0 0 0 0 1 0 0 0 0 1 0 0 0 0 0 0 0 0 0 0 0 0 1 0 
1 0 0 0 0 0 0 0 0 0 0 0 0 0 0 0 0 0 0 0 2 2 0 0 0 2 0 0 0 0 0 0 0 0 0 0 2 1 0 0 0 0 0 0 0 0 0 0 0 0 2 0 0 0 0 0 1 0 0 0 0 1 0 0 0 0 1 0 0 0 0 0 0 0 0 0 0 0 0 1 0 
0
0 0 0 0 0 0 0 0 0 
1 0 0 0 0 0 0 0 0 0 0 0 0 0 0 0 0 0 0 0 2 2 0 0 0 2 0 0 0 0 0 0 0 0 0 0 2 1 0 0 0 0 0 0 0 0 0 0 0 0 2 0 0 0 0 0 1 0 2 0 0 1 0 0 0 0 1 0 0 0 0 0 0 0 0 0 0 0 0 1 0 
1 0 0 0 0 0 0 0 0 0 0 0 0 0 0 0 0 0 0 0 2 2 0 0 0 2 0 0 0 0 0 0 0 0 0 0 2 1 0 0 0 0 0 0 0 0 0 0 0 0 2 0 0 0 0 0 1 0 2 0 0 1 0 0 0 0 1 0 0 0 0 0 0 0 0 0 0 0 0 1 0 
0
0 0 0 0 0 0 0 0 0 
1 0 0 0 0 0 0 0 0 0 0 0 1 0 0 0 0 0 0 0 2 2 0 0 0 2 0 0 0 0 0 0 0 0 0 0 2 1 0 0 0 0 0 0 0 0 0 0 0 0 2 0 0 0 0 0 1 0 2 0 0 1 0 0 0 0 1 0 0 0 0 0 0 0 0 0 0 0 0 1 0 
1 0 0 0 0 0 0 0 0 0 0 0 1 0 0 0 0 0 0 0 2 2 0 0 0 2 0 0 0 0 0 0 0 0 0 0 2 1 0 0 0 0 0 0 0 0 0 0 0 0 2 0 0 0 0 0 1 0 2 0 0 1 0 0 0 0 1 0 0 0 0 0 0 0 0 0 0 0 0 1 0 
0
0 0 0 0 0 0 0 0 0 
1 0 0 0 0 0 0 0 0 0 0 0 1 0 0 0 0 0 0 0 2 2 0 0 0 2 0 2 0 0 0 0 0 0 0 0 2 1 0 0 0 0 0 0 0 0 0 0 0 0 2 0 0 0 0 0 1 0 2 0 0 1 0 0 0 0 1 0 0 0 0 0 0 0 0 0 0 0 0 1 0 
1 0 0 0 0 0 0 0 0 0 0 0 1 0 0 0 0 0 0 0 2 2 0 0 0 2 0 2 0 0 0 0 0 0 0 0 2 1 0 0 0 0 0 0 0 0 0 0 0 0 2 0 0 0 0 0 1 0 2 0 0 1 0 0 0 0 1 0 0 0 0 0 0 0 0 0 0 0 0 1 0 
0
0 0 0 0 0 0 0 0 0 
1 0 0 0 0 0 0 0 0 0 0 0 1 0 0 0 0 0 1 0 2 2 0 0 0 2 0 2 0 0 0 0 0 0 0 0 2 1 0 0 0 0 0 0 0 0 0 0 0 0 2 0 0 0 0 0 1 0 2 0 0 1 0 0 0 0 1 0 0 0 0 0 0 0 0 0 0 0 0 1 0 
1 0 0 0 0 0 0 0 0 0 0 0 1 0 0 0 0 0 1 0 2 2 0 0 0 2 0 2 0 0 0 0 0 0 0 0 2 1 0 0 0 0 0 0 0 0 0 0 0 0 2 0 0 0 0 0 1 0 2 0 0 1 0 0 0 0 1 0 0 0 0 0 0 0 0 0 0 0 0 1 0 
0
0 0 0 0 0 0 0 0 0 
1 0 0 0 0 0 0 0 0 0 0 0 1 0 0 0 0 0 1 0 2 2 0 0 0 2 0 2 0 0 0 0 0 0 0 0 2 1 0 0 0 0 0 0 0 0 0 0 0 0 2 0 0 0 0 0 1 0 2 0 0 1 0 0 0 2 1 0 0 0 0 0 0 0 0 0 0 0 0 1 0 
1 0 0 0 0 0 0 0 0 0 0 0 1 0 0 0 0 0 1 0 2 2 0 0 0 2 0 2 0 0 0 0 0 0 0 0 2 1 0 0 0 0 0 0 0 0 0 0 0 0 2 0 0 0 0 0 1 0 2 0 0 1 0 0 0 2 1 0 0 0 0 0 0 0 0 0 0 0 0 1 0 
0
0 0 0 0 0 0 0 0 0 
1 0 0 0 0 0 0 0 0 0 0 0 1 0 0 0 0 0 1 0 2 2 0 0 0 2 0 2 0 0 0 0 0 0 0 1 2 1 0 0 0 0 0 0 0 0 0 0 0 0 2 0 0 0 0 0 1 0 2 0 0 1 0 0 0 2 1 0 0 0 0 0 0 0 0 0 0 0 0 1 0 
1 0 0 0 0 0 0 0 0 0 0 0 1 0 0 0 0 0 1 0 2 2 0 0 0 2 0 2 0 0 0 0 0 0 0 1 2 1 0 0 0 0 0 0 0 0 0 0 0 0 2 0 0 0 0 0 1 0 2 0 0 1 0 0 0 2 1 0 0 0 0 0 0 0 0 0 0 0 0 1 0 
0
0 0 0 0 0 0 0 0 0 
1 0 0 0 0 0 0 0 2 0 0 0 1 0 0 0 0 0 1 0 2 2 0 0 0 2 0 2 0 0 0 0 0 0 0 1 2 1 0 0 0 0 0 0 0 0 0 0 0 0 2 0 0 0 0 0 1 0 2 0 0 1 0 0 0 2 1 0 0 0 0 0 0 0 0 0 0 0 0 1 0 
1 0 0 0 0 0 0 0 2 0 0 0 1 0 0 0 0 0 1 0 2 2 0 0 0 2 0 2 0 0 0 0 0 0 0 1 2 1 0 0 0 0 0 0 0 0 0 0 0 0 2 0 0 0 0 0 1 0 2 0 0 1 0 0 0 2 1 0 0 0 0 0 0 0 0 0 0 0 0 1 0 
0
0 0 0 0 0 0 0 0 0 
1 0 0 0 0 0 1 0 2 0 0 0 1 0 0 0 0 0 1 0 2 2 0 0 0 2 0 2 0 0 0 0 0 0 0 1 2 1 0 0 0 0 0 0 0 0 0 0 0 0 2 0 0 0 0 0 1 0 2 0 0 1 0 0 0 2 1 0 0 0 0 0 0 0 0 0 0 0 0 1 0 
1 0 0 0 0 0 1 0 2 0 0 0 1 0 0 0 0 0 1 0 2 2 0 0 0 2 0 2 0 0 0 0 0 0 0 1 2 1 0 0 0 0 0 0 0 0 0 0 0 0 2 0 0 0 0 0 1 0 2 0 0 1 0 0 0 2 1 0 0 0 0 0 0 0 0 0 0 0 0 1 0 
0
0 0 0 0 0 0 0 0 0 
1 0 0 0 0 0 1 0 2 2 0 0 1 0 0 0 0 0 1 0 2 2 0 0 0 2 0 2 0 0 0 0 0 0 0 1 2 1 0 0 0 0 0 0 0 0 0 0 0 0 2 0 0 0 0 0 1 0 2 0 0 1 0 0 0 2 1 0 0 0 0 0 0 0 0 0 0 0 0 1 0 
1 0 0 0 0 0 1 0 2 2 0 0 1 0 0 0 0 0 1 0 2 2 0 0 0 2 0 2 0 0 0 0 0 0 0 1 2 1 0 0 0 0 0 0 0 0 0 0 0 0 2 0 0 0 0 0 1 0 2 0 0 1 0 0 0 2 1 0 0 0 0 0 0 0 0 0 0 0 0 1 0 
0
0 0 0 0 0 0 0 0 0 
1 0 0 0 0 0 1 0 2 2 0 0 1 0 0 0 0 0 1 0 2 2 0 0 0 2 0 2 0 0 0 0 0 0 0 1 2 1 0 0 0 0 0 0 0 1 0 0 0 0 2 0 0 0 0 0 1 0 2 0 0 1 0 0 0 2 1 0 0 0 0 0 0 0 0 0 0 0 0 1 0 
1 0 0 0 0 0 1 0 2 2 0 0 1 0 0 0 0 0 1 0 2 2 0 0 0 2 0 2 0 0 0 0 0 0 0 1 2 1 0 0 0 0 0 0 0 1 0 0 0 0 2 0 0 0 0 0 1 0 2 0 0 1 0 0 0 2 1 0 0 0 0 0 0 0 0 0 0 0 0 1 0 
0
0 0 0 0 0 0 0 0 0 
1 0 0 0 0 0 1 0 2 2 0 0 1 0 0 0 0 0 1 0 2 2 0 0 0 2 0 2 0 0 0 0 0 0 0 1 2 1 0 0 0 0 0 0 0 1 0 0 0 0 2 0 0 0 0 0 1 0 2 0 0 1 0 0 2 2 1 0 0 0 0 0 0 0 0 0 0 0 0 1 0 
1 0 0 0 0 0 1 0 2 2 0 0 1 0 0 0 0 0 1 0 2 2 0 0 0 2 0 2 0 0 0 0 0 0 0 1 2 1 0 0 0 0 0 0 0 1 0 0 0 0 2 0 0 0 0 0 1 0 2 0 0 1 0 0 2 2 1 0 0 0 0 0 0 0 0 0 0 0 0 1 0 
0
0 0 0 0 0 0 0 0 0 
1 0 0 0 0 0 1 0 2 2 0 0 1 0 0 0 0 0 1 0 2 2 0 0 0 2 0 2 0 0 0 0 0 0 0 1 2 1 0 0 0 1 0 0 0 1 0 0 0 0 2 0 0 0 0 0 1 0 2 0 0 1 0 0 2 2 1 0 0 0 0 0 0 0 0 0 0 0 0 1 0 
1 0 0 0 0 0 1 0 2 2 0 0 1 0 0 0 0 0 1 0 2 2 0 0 0 2 0 2 0 0 0 0 0 0 0 1 2 1 0 0 0 1 0 0 0 1 0 0 0 0 2 0 0 0 0 0 1 0 2 0 0 1 0 0 2 2 1 0 0 0 0 0 0 0 0 0 0 0 0 1 0 
0
0 0 0 0 0 0 0 0 0 
1 0 0 0 0 0 1 0 2 2 0 0 1 0 0 0 0 0 1 0 2 2 0 0 0 2 0 2 0 0 0 0 0 0 2 1 2 1 0 0 0 1 0 0 0 1 0 0 0 0 2 0 0 0 0 0 1 0 2 0 0 1 0 0 2 2 1 0 0 0 0 0 0 0 0 0 0 0 0 1 0 
1 0 0 0 0 0 1 0 2 2 0 0 1 0 0 0 0 0 1 0 2 2 0 0 0 2 0 2 0 0 0 0 0 0 2 1 2 1 0 0 0 1 0 0 0 1 0 0 0 0 2 0 0 0 0 0 1 0 2 0 0 1 0 0 2 2 1 0 0 0 0 0 0 0 0 0 0 0 0 1 0 
0
0 0 0 0 0 0 0 0 0 
1 0 0 0 0 0 1 0 2 2 0 0 1 0 1 0 0 0 1 0 2 2 0 0 0 2 0 2 0 0 0 0 0 0 2 1 2 1 0 0 0 1 0 0 0 1 0 0 0 0 2 0 0 0 0 0 1 0 2 0 0 1 0 0 2 2 1 0 0 0 0 0 0 0 0 0 0 0 0 1 0 
1 0 0 0 0 0 1 0 2 2 0 0 1 0 1 0 0 0 1 0 2 2 0 0 0 2 0 2 0 0 0 0 0 0 2 1 2 1 0 0 0 1 0 0 0 1 0 0 0 0 2 0 0 0 0 0 1 0 2 0 0 1 0 0 2 2 1 0 0 0 0 0 0 0 0 0 0 0 0 1 0 
0
0 0 0 0 0 0 0 0 0 
1 0 0 0 0 0 1 0 2 2 0 0 1 0 1 0 0 0 1 0 2 2 0 0 0 2 0 2 0 0 0 0 0 0 2 1 2 1 0 0 0 1 0 0 0 1 0 0 0 0 2 0 2 0 0 0 1 0 2 0 0 1 0 0 2 2 1 0 0 0 0 0 0 0 0 0 0 0 0 1 0 
1 0 0 0 0 0 1 0 2 2 0 0 1 0 1 0 0 0 1 0 2 2 0 0 0 2 0 2 0 0 0 0 0 0 2 1 2 1 0 0 0 1 0 0 0 1 0 0 0 0 2 0 2 0 0 0 1 0 2 0 0 1 0 0 2 2 1 0 0 0 0 0 0 0 0 0 0 0 0 1 0 
0
0 0 0 0 0 0 0 0 0 
1 0 0 0 0 0 1 0 2 2 0 0 1 0 1 0 0 0 1 0 2 2 0 0 0 2 0 2 0 0 0 0 0 0 2 1 2 1 0 0 0 1 0 0 0 1 0 0 0 0 2 0 2 0 0 0 1 1 2 0 0 1 0 0 2 2 1 0 0 0 0 0 0 0 0 0 0 0 0 1 0 
1 0 0 0 0 0 1 0 2 2 0 0 1 0 1 0 0 0 1 0 2 2 0 0 0 2 0 2 0 0 0 0 0 0 2 1 2 1 0 0 0 1 0 0 0 1 0 0 0 0 2 0 2 0 0 0 1 1 2 0 0 1 0 0 2 2 1 0 0 0 0 0 0 0 0 0 0 0 0 1 0 
0
0 0 0 0 0 0 0 0 0 
1 0 0 0 0 0 1 0 2 2 0 2 1 0 1 0 0 0 1 0 2 2 0 0 0 2 0 2 0 0 0 0 0 0 2 1 2 1 0 0 0 1 0 0 0 1 0 0 0 0 2 0 2 0 0 0 1 1 2 0 0 1 0 0 2 2 1 0 0 0 0 0 0 0 0 0 0 0 0 1 0 
1 0 0 0 0 0 1 0 2 2 0 2 1 0 1 0 0 0 1 0 2 2 0 0 0 2 0 2 0 0 0 0 0 0 2 1 2 1 0 0 0 1 0 0 0 1 0 0 0 0 2 0 2 0 0 0 1 1 2 0 0 1 0 0 2 2 1 0 0 0 0 0 0 0 0 0 0 0 0 1 0 
0
0 0 0 0 0 0 0 0 0 
1 0 0 0 0 0 1 0 2 2 0 2 1 0 1 0 0 0 1 0 2 2 0 0 0 2 0 2 0 0 0 0 0 0 2 1 2 1 0 0 0 1 0 1 0 1 0 0 0 0 2 0 2 0 0 0 1 1 2 0 0 1 0 0 2 2 1 0 0 0 0 0 0 0 0 0 0 0 0 1 0 
1 0 0 0 0 0 1 0 2 2 0 2 1 0 1 0 0 0 1 0 2 2 0 0 0 2 0 2 0 0 0 0 0 0 2 1 2 1 0 0 0 1 0 1 0 1 0 0 0 0 2 0 2 0 0 0 1 1 2 0 0 1 0 0 2 2 1 0 0 0 0 0 0 0 0 0 0 0 0 1 0 
0
0 0 0 0 0 0 0 0 0 
1 0 0 0 0 0 1 0 2 2 0 2 1 0 1 0 0 0 1 0 2 2 0 0 0 2 0 2 0 0 2 0 0 0 2 1 2 1 0 0 0 1 0 1 0 1 0 0 0 0 2 0 2 0 0 0 1 1 2 0 0 1 0 0 2 2 1 0 0 0 0 0 0 0 0 0 0 0 0 1 0 
1 0 0 0 0 0 1 0 2 2 0 2 1 0 1 0 0 0 1 0 2 2 0 0 0 2 0 2 0 0 2 0 0 0 2 1 2 1 0 0 0 1 0 1 0 1 0 0 0 0 2 0 2 0 0 0 1 1 2 0 0 1 0 0 2 2 1 0 0 0 0 0 0 0 0 0 0 0 0 1 0 
0
0 0 0 0 0 0 0 0 0 
1 0 1 0 0 0 1 0 2 2 0 2 1 0 1 0 0 0 1 0 2 2 0 0 0 2 0 2 0 0 2 0 0 0 2 1 2 1 0 0 0 1 0 1 0 1 0 0 0 0 2 0 2 0 0 0 1 1 2 0 0 1 0 0 2 2 1 0 0 0 0 0 0 0 0 0 0 0 0 1 0 
1 0 1 0 0 0 1 0 2 2 0 2 1 0 1 0 0 0 1 0 2 2 0 0 0 2 0 2 0 0 2 0 0 0 2 1 2 1 0 0 0 1 0 1 0 1 0 0 0 0 2 0 2 0 0 0 1 1 2 0 0 1 0 0 2 2 1 0 0 0 0 0 0 0 0 0 0 0 0 1 0 
0
0 0 0 0 0 0 0 0 0 
1 0 1 0 0 0 1 0 2 2 0 2 1 0 1 0 0 0 1 0 2 2 0 0 0 2 2 2 0 0 2 0 0 0 2 1 2 1 0 0 0 1 0 1 0 1 0 0 0 0 2 0 2 0 0 0 1 1 2 0 0 1 0 0 2 2 1 0 0 0 0 0 0 0 0 0 0 0 0 1 0 
1 0 1 0 0 0 1 0 2 2 0 2 1 0 1 0 0 0 1 0 2 2 0 0 0 2 2 2 0 0 2 0 0 0 2 1 2 1 0 0 0 1 0 1 0 1 0 0 0 0 2 0 2 0 0 0 1 1 2 0 0 1 0 0 2 2 1 0 0 0 0 0 0 0 0 0 0 0 0 1 0 
0
0 0 0 0 0 0 0 0 1 
1 0 1 0 0 0 1 0 2 2 0 2 1 0 1 0 0 0 1 0 2 2 0 0 0 2 2 2 0 0 2 0 0 0 2 1 2 1 0 0 0 1 0 1 0 1 0 0 0 0 2 0 2 0 0 0 1 1 2 0 0 1 0 0 2 2 1 0 0 0 1 0 0 0 0 0 0 0 0 1 0 
1 0 1 0 0 0 1 0 2 2 0 2 1 0 1 0 0 0 1 0 2 2 0 0 0 2 2 2 0 0 2 0 0 0 2 1 2 1 0 0 0 1 0 1 0 1 0 0 0 0 2 0 2 0 0 0 1 1 2 0 16 17 16 0 2 2 1 0 0 16 17 16 0 0 0 0 0 0 16 17 16 
0
0 0 0 0 2 0 0 0 1 
1 0 1 0 0 0 1 0 2 2 0 2 1 0 1 0 0 0 1 0 2 2 0 0 0 2 2 2 0 0 2 0 0 0 2 1 2 1 0 0 2 1 0 1 0 1 0 0 0 0 2 0 2 0 0 0 1 1 2 0 0 1 0 0 2 2 1 0 0 0 1 0 0 0 0 0 0 0 0 1 0 
1 0 1 0 0 0 1 0 2 2 0 2 1 0 1 0 0 0 1 0 2 2 0 0 0 2 2 2 0 0 34 32 32 0 2 1 2 1 0 32 34 33 0 1 0 1 0 0 32 32 34 0 2 0 0 0 1 1 2 0 16 17 16 0 2 2 1 0 0 16 17 16 0 0 0 0 0 0 16 17 16 
0
0 0 0 0 2 0 0 0 1 
1 0 1 0 0 0 1 0 2 2 0 2 1 0 1 0 0 0 1 0 2 2 0 0 0 2 2 2 0 0 2 0 0 0 2 1 2 1 0 0 2 1 0 1 0 1 0 0 0 0 2 0 2 0 1 0 1 1 2 0 0 1 0 0 2 2 1 0 0 0 1 0 0 0 0 0 0 0 0 1 0 
1 0 1 0 0 0 1 0 2 2 0 2 1 0 1 0 0 0 1 0 2 2 0 0 0 2 2 2 0 0 34 32 32 0 2 1 2 1 0 32 34 33 0 1 0 1 0 0 32 32 34 0 2 0 1 0 1 1 2 0 16 17 16 0 2 2 1 0 0 16 17 16 0 0 0 0 0 0 16 17 16 
0
0 0 0 0 2 0 0 0 1 
1 2 1 0 0 0 1 0 2 2 0 2 1 0 1 0 0 0 1 0 2 2 0 0 0 2 2 2 0 0 2 0 0 0 2 1 2 1 0 0 2 1 0 1 0 1 0 0 0 0 2 0 2 0 1 0 1 1 2 0 0 1 0 0 2 2 1 0 0 0 1 0 0 0 0 0 0 0 0 1 0 
1 2 1 0 0 0 1 0 2 2 0 2 1 0 1 0 0 0 1 0 2 2 0 0 0 2 2 2 0 0 34 32 32 0 2 1 2 1 0 32 34 33 0 1 0 1 0 0 32 32 34 0 2 0 1 0 1 1 2 0 16 17 16 0 2 2 1 0 0 16 17 16 0 0 0 0 0 0 16 17 16 
0
0 0 0 0 2 0 0 0 1 
1 2 1 1 0 0 1 0 2 2 0 2 1 0 1 0 0 0 1 0 2 2 0 0 0 2 2 2 0 0 2 0 0 0 2 1 2 1 0 0 2 1 0 1 0 1 0 0 0 0 2 0 2 0 1 0 1 1 2 0 0 1 0 0 2 2 1 0 0 0 1 0 0 0 0 0 0 0 0 1 0 
1 2 1 1 0 0 1 0 2 2 0 2 1 0 1 0 0 0 1 0 2 2 0 0 0 2 2 2 0 0 34 32 32 0 2 1 2 1 0 32 34 33 0 1 0 1 0 0 32 32 34 0 2 0 1 0 1 1 2 0 16 17 16 0 2 2 1 0 0 16 17 16 0 0 0 0 0 0 16 17 16 
0
0 0 0 0 2 0 0 0 1 
1 2 1 1 0 0 1 0 2 2 0 2 1 0 1 0 0 0 1 2 2 2 0 0 0 2 2 2 0 0 2 0 0 0 2 1 2 1 0 0 2 1 0 1 0 1 0 0 0 0 2 0 2 0 1 0 1 1 2 0 0 1 0 0 2 2 1 0 0 0 1 0 0 0 0 0 0 0 0 1 0 
1 2 1 1 0 0 1 0 2 2 0 2 1 0 1 0 0 0 1 2 2 2 0 0 0 2 2 2 0 0 34 32 32 0 2 1 2 1 0 32 34 33 0 1 0 1 0 0 32 32 34 0 2 0 1 0 1 1 2 0 16 17 16 0 2 2 1 0 0 16 17 16 0 0 0 0 0 0 16 17 16 
0
0 0 0 0 2 0 0 0 1 
1 2 1 1 0 0 1 0 2 2 0 2 1 0 1 0 0 0 1 2 2 2 0 0 0 2 2 2 0 0 2 0 0 0 2 1 2 1 0 0 2 1 0 1 0 1 0 0 0 0 2 0 2 0 1 0 1 1 2 0 0 1 0 0 2 2 1 0 0 0 1 0 0 0 0 0 1 0 0 1 0 
1 2 1 1 0 0 1 0 2 2 0 2 1 0 1 0 0 0 1 2 2 2 0 0 0 2 2 2 0 0 34 32 32 0 2 1 2 1 0 32 34 33 0 1 0 1 0 0 32 32 34 0 2 0 1 0 1 1 2 0 16 17 16 0 2 2 1 0 0 16 17 16 0 0 0 0 1 0 16 17 16 
0
0 0 0 0 2 0 0 0 1 
1 2 1 1 0 0 1 0 2 2 0 2 1 0 1 0 0 0 1 2 2 2 0 0 0 2 2 2 0 0 2 0 0 0 2 1 2 1 0 0 2 1 0 1 0 1 0 0 0 0 2 0 2 0 1 0 1 1 2 2 0 1 0 0 2 2 1 0 0 0 1 0 0 0 0 0 1 0 0 1 0 
1 2 1 1 0 0 1 0 2 2 0 2 1 0 1 0 0 0 1 2 2 2 0 0 0 2 2 2 0 0 34 32 32 0 2 1 2 1 0 32 34 33 0 1 0 1 0 0 32 32 34 0 2 0 1 0 1 1 2 2 16 17 16 0 2 2 1 0 0 16 17 16 0 0 0 0 1 0 16 17 16 
0
0 0 0 0 2 0 0 0 1 
1 2 1 1 0 0 1 0 2 2 0 2 1 0 1 1 0 0 1 2 2 2 0 0 0 2 2 2 0 0 2 0 0 0 2 1 2 1 0 0 2 1 0 1 0 1 0 0 0 0 2 0 2 0 1 0 1 1 2 2 0 1 0 0 2 2 1 0 0 0 1 0 0 0 0 0 1 0 0 1 0 
1 2 1 1 0 0 1 0 2 2 0 2 1 0 1 1 0 0 1 2 2 2 0 0 0 2 2 2 0 0 34 32 32 0 2 1 2 1 0 32 34 33 0 1 0 1 0 0 32 32 34 0 2 0 1 0 1 1 2 2 16 17 16 0 2 2 1 0 0 16 17 16 0 0 0 0 1 0 16 17 16 
0
0 0 0 0 2 0 0 0 1 
1 2 1 1 0 0 1 0 2 2 0 2 1 0 1 1 0 0 1 2 2 2 0 0 0 2 2 2 0 0 2 0 0 0 2 1 2 1 0 0 2 1 0 1 0 1 2 0 0 0 2 0 2 0 1 0 1 1 2 2 0 1 0 0 2 2 1 0 0 0 1 0 0 0 0 0 1 0 0 1 0 
1 2 1 1 0 0 1 0 2 2 0 2 1 0 1 1 0 0 1 2 2 2 0 0 0 2 2 2 0 0 34 32 32 0 2 1 2 1 0 32 34 33 0 1 0 1 2 0 32 32 34 0 2 0 1 0 1 1 2 2 16 17 16 0 2 2 1 0 0 16 17 16 0 0 0 0 1 0 16 17 16 
0
0 0 0 0 2 0 0 0 1 
1 2 1 1 0 0 1 0 2 2 0 2 1 0 1 1 0 0 1 2 2 2 0 0 0 2 2 2 0 0 2 0 0 0 2 1 2 1 0 0 2 1 0 1 0 1 2 0 0 0 2 0 2 0 1 0 1 1 2 2 0 1 0 0 2 2 1 0 1 0 1 0 0 0 0 0 1 0 0 1 0 
1 2 1 1 0 0 1 0 2 2 0 2 1 0 1 1 0 0 1 2 2 2 0 0 0 2 2 2 0 0 34 32 32 0 2 1 2 1 0 32 34 33 0 1 0 1 2 0 32 32 34 0 2 0 1 0 1 1 2 2 16 17 16 0 2 2 1 0 1 16 17 16 0 0 0 0 1 0 16 17 16 
0
0 0 0 0 2 0 0 0 1 
1 2 1 1 0 0 1 0 2 2 0 2 1 0 1 1 0 0 1 2 2 2 0 0 0 2 2 2 0 0 2 0 0 2 2 1 2 1 0 0 2 1 0 1 0 1 2 0 0 0 2 0 2 0 1 0 1 1 2 2 0 1 0 0 2 2 1 0 1 0 1 0 0 0 0 0 1 0 0 1 0 
1 2 1 1 0 0 1 0 2 2 0 2 1 0 1 1 0 0 1 2 2 2 0 0 0 2 2 2 0 0 34 32 32 2 2 1 2 1 0 32 34 33 0 1 0 1 2 0 32 32 34 0 2 0 1 0 1 1 2 2 16 17 16 0 2 2 1 0 1 16 17 16 0 0 0 0 1 0 16 17 16 
0
1 0 0 0 2 0 0 0 1 
1 2 1 1 0 0 1 0 2 2 1 2 1 0 1 1 0 0 1 2 2 2 0 0 0 2 2 2 0 0 2 0 0 2 2 1 2 1 0 0 2 1 0 1 0 1 2 0 0 0 2 0 2 0 1 0 1 1 2 2 0 1 0 0 2 2 1 0 1 0 1 0 0 0 0 0 1 0 0 1 0 
17 18 17 1 0 0 1 0 2 18 17 18 1 0 1 1 0 0 17 18 18 2 0 0 0 2 2 2 0 0 34 32 32 2 2 1 2 1 0 32 34 33 0 1 0 1 2 0 32 32 34 0 2 0 1 0 1 1 2 2 16 17 16 0 2 2 1 0 1 16 17 16 0 0 0 0 1 0 16 17 16 
0
1 0 0 0 2 0 2 0 1 
1 2 1 1 0 0 1 0 2 2 1 2 1 0 1 1 0 0 1 2 2 2 0 0 0 2 2 2 0 0 2 0 0 2 2 1 2 1 0 0 2 1 0 1 0 1 2 0 0 0 2 0 2 0 1 0 1 1 2 2 0 1 0 2 2 2 1 0 1 0 1 0 0 0 0 0 1 0 0 1 0 
17 18 17 1 0 0 1 0 2 18 17 18 1 0 1 1 0 0 17 18 18 2 0 0 0 2 2 2 0 0 34 32 32 2 2 1 2 1 0 32 34 33 0 1 0 1 2 0 32 32 34 0 2 0 33 32 33 1 2 2 16 17 16 34 34 34 1 0 1 16 17 16 32 32 32 0 1 0 16 17 16 
0
1 0 0 0 2 0 2 0 1 
1 2 1 1 0 0 1 0 2 2 1 2 1 0 1 1 0 0 1 2 2 2 0 0 0 2 2 2 0 0 2 0 0 2 2 1 2 1 1 0 2 1 0 1 0 1 2 0 0 0 2 0 2 0 1 0 1 1 2 2 0 1 0 2 2 2 1 0 1 0 1 0 0 0 0 0 1 0 0 1 0 
17 18 17 1 0 0 1 0 2 18 17 18 1 0 1 1 0 0 17 18 18 2 0 0 0 2 2 2 0 0 34 32 32 2 2 1 2 1 1 32 34 33 0 1 0 1 2 0 32 32 34 0 2 0 33 32 33 1 2 2 16 17 16 34 34 34 1 0 1 16 17 16 32 32 32 0 1 0 16 17 16 
0
1 0 0 0 2 0 2 0 1 
1 2 1 1 0 0 1 0 2 2 1 2 1 0 1 1 0 0 1 2 2 2 0 0 0 2 2 2 0 0 2 0 0 2 2 1 2 1 1 0 2 1 2 1 0 1 2 0 0 0 2 0 2 0 1 0 1 1 2 2 0 1 0 2 2 2 1 0 1 0 1 0 0 0 0 0 1 0 0 1 0 
17 18 17 1 0 0 1 0 2 18 17 18 1 0 1 1 0 0 17 18 18 2 0 0 0 2 2 2 0 0 34 32 32 2 2 1 2 1 1 32 34 33 2 1 0 1 2 0 32 32 34 0 2 0 33 32 33 1 2 2 16 17 16 34 34 34 1 0 1 16 17 16 32 32 32 0 1 0 16 17 16 
0
1 0 0 0 2 0 2 0 1 
1 2 1 1 0 0 1 0 2 2 1 2 1 0 1 1 0 0 1 2 2 2 0 0 0 2 2 2 1 0 2 0 0 2 2 1 2 1 1 0 2 1 2 1 0 1 2 0 0 0 2 0 2 0 1 0 1 1 2 2 0 1 0 2 2 2 1 0 1 0 1 0 0 0 0 0 1 0 0 1 0 
17 18 17 1 0 0 1 0 2 18 17 18 1 0 1 1 0 0 17 18 18 2 0 0 0 2 2 2 1 0 34 32 32 2 2 1 2 1 1 32 34 33 2 1 0 1 2 0 32 32 34 0 2 0 33 32 33 1 2 2 16 17 16 34 34 34 1 0 1 16 17 16 32 32 32 0 1 0 16 17 16 
0
1 0 0 0 2 0 2 0 1 
1 2 1 1 0 0 1 0 2 2 1 2 1 0 1 1 0 0 1 2 2 2 2 0 0 2 2 2 1 0 2 0 0 2 2 1 2 1 1 0 2 1 2 1 0 1 2 0 0 0 2 0 2 0 1 0 1 1 2 2 0 1 0 2 2 2 1 0 1 0 1 0 0 0 0 0 1 0 0 1 0 
17 18 17 1 0 0 1 0 2 18 17 18 1 0 1 1 0 0 17 18 18 2 2 0 0 2 2 2 1 0 34 32 32 2 2 1 2 1 1 32 34 33 2 1 0 1 2 0 32 32 34 0 2 0 33 32 33 1 2 2 16 17 16 34 34 34 1 0 1 16 17 16 32 32 32 0 1 0 16 17 16 
0
1 0 0 0 2 0 2 1 1 
1 2 1 1 0 0 1 0 2 2 1 2 1 0 1 1 0 0 1 2 2 2 2 0 0 2 2 2 1 0 2 0 0 2 2 1 2 1 1 0 2 1 2 1 0 1 2 0 0 0 2 0 2 0 1 0 1 1 2 2 0 1 0 2 2 2 1 1 1 0 1 0 0 0 0 0 1 0 0 1 0 
17 18 17 1 0 0 1 0 2 18 17 18 1 0 1 1 0 0 17 18 18 2 2 0 0 2 2 2 1 0 34 32 32 2 2 1 2 1 1 32 34 33 2 1 0 1 2 0 32 32 34 0 2 0 33 32 33 17 18 18 16 17 16 34 34 34 17 17 17 16 17 16 32 32 32 16 17 16 16 17 16 
0
1 0 2 0 2 0 2 1 1 
1 2 1 1 0 0 1 0 2 2 1 2 1 0 1 1 0 0 1 2 2 2 2 0 2 2 2 2 1 0 2 0 0 2 2 1 2 1 1 0 2 1 2 1 0 1 2 0 0 0 2 0 2 0 1 0 1 1 2 2 0 1 0 2 2 2 1 1 1 0 1 0 0 0 0 0 1 0 0 1 0 
17 18 17 1 0 0 33 32 34 18 17 18 1 0 1 33 32 32 17 18 18 2 2 0 34 34 34 2 1 0 34 32 32 2 2 1 2 1 1 32 34 33 2 1 0 1 2 0 32 32 34 0 2 0 33 32 33 17 18 18 16 17 16 34 34 34 17 17 17 16 17 16 32 32 32 16 17 16 16 17 16 
0
1 0 2 0 2 0 2 1 1 
1 2 1 1 0 0 1 0 2 2 1 2 1 0 1 1 0 0 1 2 2 2 2 0 2 2 2 2 1 0 2 0 0 2 2 1 2 1 1 0 2 1 2 1 0 1 2 0 0 0 2 0 2 0 1 0 1 1 2 2 0 1 0 2 2 2 1 1 1 0 1 0 0 0 0 0 1 0 0 1 0 
17 18 17 1 0 0 33 32 34 18 17 18 1 0 1 33 32 32 17 18 18 2 2 0 34 34 34 2 1 0 34 32 32 2 2 1 2 1 1 32 34 33 2 1 0 1 2 0 32 32 34 0 2 0 33 32 33 17 18 18 16 17 16 34 34 34 17 17 17 16 17 16 32 32 32 16 17 16 16 17 16 
0
