0 0 0 0 0 0 0 0 0 
1 0 0 0 0 0 0 0 0 0 0 0 0 0 0 0 0 0 0 0 0 0 0 0 0 0 0 0 0 0 0 0 0 0 0 0 0 0 0 0 0 0 0 0 0 0 0 0 0 0 0 0 0 0 0 0 0 0 0 0 0 0 0 0 0 0 0 0 0 0 0 0 0 0 0 0 0 0 0 0 0 
1 0 0 0 0 0 0 0 0 0 0 0 0 0 0 0 0 0 0 0 0 0 0 0 0 0 0 0 0 0 0 0 0 0 0 0 0 0 0 0 0 0 0 0 0 0 0 0 0 0 0 0 0 0 0 0 0 0 0 0 0 0 0 0 0 0 0 0 0 0 0 0 0 0 0 0 0 0 0 0 0 
1
0 0 0 0 0 0 0 0 0 
1 0 0 0 0 0 0 0 0 0 0 0 0 0 0 0 0 0 0 0 2 0 0 0 0 0 0 0 0 0 0 0 0 0 0 0 0 0 0 0 0 0 0 0 0 0 0 0 0 0 0 0 0 0 0 0 0 0 0 0 0 0 0 0 0 0 0 0 0 0 0 0 0 0 0 0 0 0 0 0 0 
1 0 0 0 0 0 0 0 0 0 0 0 0 0 0 0 0 0 0 0 2 0 0 0 0 0 0 0 0 0 0 0 0 0 0 0 0 0 0 0 0 0 0 0 0 0 0 0 0 0 0 0 0 0 0 0 0 0 0 0 0 0 0 0 0 0 0 0 0 0 0 0 0 0 0 0 0 0 0 0 0 
1
0 0 0 0 0 0 0 0 0 
1 0 0 0 0 0 0 0 0 0 0 0 0 0 0 0 0 0 0 0 2 0 0 0 0 0 0 0 0 0 0 0 0 0 0 0 0 0 0 0 0 0 0 0 0 0 0 0 0 0 0 0 0 0 0 0 0 0 0 0 0 0 1 0 0 0 0 0 0 0 0 0 0 0 0 0 0 0 0 0 0 
1 0 0 0 0 0 0 0 0 0 0 0 0 0 0 0 0 0 0 0 2 0 0 0 0 0 0 0 0 0 0 0 0 0 0 0 0 0 0 0 0 0 0 0 0 0 0 0 0 0 0 0 0 0 0 0 0 0 0 0 0 0 1 0 0 0 0 0 0 0 0 0 0 0 0 0 0 0 0 0 0 
1
0 0 0 0 0 0 0 0 0 
1 0 0 0 0 0 0 0 2 0 0 0 0 0 0 0 0 0 0 0 2 0 0 0 0 0 0 0 0 0 0 0 0 0 0 0 0 0 0 0 0 0 0 0 0 0 0 0 0 0 0 0 0 0 0 0 0 0 0 0 0 0 1 0 0 0 0 0 0 0 0 0 0 0 0 0 0 0 0 0 0 
1 0 0 0 0 0 0 0 2 0 0 0 0 0 0 0 0 0 0 0 2 0 0 0 0 0 0 0 0 0 0 0 0 0 0 0 0 0 0 0 0 0 0 0 0 0 0 0 0 0 0 0 0 0 0 0 0 0 0 0 0 0 1 0 0 0 0 0 0 0 0 0 0 0 0 0 0 0 0 0 0 
1
0 0 0 0 0 0 0 0 0 
1 0 0 0 0 0 0 0 2 0 0 0 0 0 0 0 0 0 0 0 2 0 0 0 1 0 0 0 0 0 0 0 0 0 0 0 0 0 0 0 0 0 0 0 0 0 0 0 0 0 0 0 0 0 0 0 0 0 0 0 0 0 1 0 0 0 0 0 0 0 0 0 0 0 0 0 0 0 0 0 0 
1 0 0 0 0 0 0 0 2 0 0 0 0 0 0 0 0 0 0 0 2 0 0 0 1 0 0 0 0 0 0 0 0 0 0 0 0 0 0 0 0 0 0 0 0 0 0 0 0 0 0 0 0 0 0 0 0 0 0 0 0 0 1 0 0 0 0 0 0 0 0 0 0 0 0 0 0 0 0 0 0 
1
0 0 0 0 0 0 0 0 0 
1 0 0 0 0 0 0 0 2 0 0 0 0 0 0 0 0 0 0 0 2 0 0 0 1 0 0 0 0 0 0 0 0 0 0 0 0 0 0 0 0 0 0 0 0 0 0 0 0 0 0 0 0 0 0 0 0 0 0 0 0 0 1 0 0 0 0 0 0 0 0 0 2 0 0 0 0 0 0 0 0 
1 0 0 0 0 0 0 0 2 0 0 0 0 0 0 0 0 0 0 0 2 0 0 0 1 0 0 0 0 0 0 0 0 0 0 0 0 0 0 0 0 0 0 0 0 0 0 0 0 0 0 0 0 0 0 0 0 0 0 0 0 0 1 0 0 0 0 0 0 0 0 0 2 0 0 0 0 0 0 0 0 
1
0 0 0 0 0 0 0 0 0 
1 0 0 0 0 0 0 0 2 0 0 0 0 0 0 0 0 0 0 0 2 0 0 0 1 0 0 0 0 0 0 0 0 0 0 0 0 0 0 0 0 0 0 0 0 0 0 0 0 0 0 0 0 0 0 1 0 0 0 0 0 0 1 0 0 0 0 0 0 0 0 0 2 0 0 0 0 0 0 0 0 
1 0 0 0 0 0 0 0 2 0 0 0 0 0 0 0 0 0 0 0 2 0 0 0 1 0 0 0 0 0 0 0 0 0 0 0 0 0 0 0 0 0 0 0 0 0 0 0 0 0 0 0 0 0 0 1 0 0 0 0 0 0 1 0 0 0 0 0 0 0 0 0 2 0 0 0 0 0 0 0 0 
1
0 0 0 0 0 0 0 0 0 
1 0 0 0 2 0 0 0 2 0 0 0 0 0 0 0 0 0 0 0 2 0 0 0 1 0 0 0 0 0 0 0 0 0 0 0 0 0 0 0 0 0 0 0 0 0 0 0 0 0 0 0 0 0 0 1 0 0 0 0 0 0 1 0 0 0 0 0 0 0 0 0 2 0 0 0 0 0 0 0 0 
1 0 0 0 2 0 0 0 2 0 0 0 0 0 0 0 0 0 0 0 2 0 0 0 1 0 0 0 0 0 0 0 0 0 0 0 0 0 0 0 0 0 0 0 0 0 0 0 0 0 0 0 0 0 0 1 0 0 0 0 0 0 1 0 0 0 0 0 0 0 0 0 2 0 0 0 0 0 0 0 0 
1
0 0 0 0 0 0 0 0 0 
1 0 0 0 2 0 0 0 2 0 0 0 1 0 0 0 0 0 0 0 2 0 0 0 1 0 0 0 0 0 0 0 0 0 0 0 0 0 0 0 0 0 0 0 0 0 0 0 0 0 0 0 0 0 0 1 0 0 0 0 0 0 1 0 0 0 0 0 0 0 0 0 2 0 0 0 0 0 0 0 0 
1 0 0 0 2 0 0 0 2 0 0 0 1 0 0 0 0 0 0 0 2 0 0 0 1 0 0 0 0 0 0 0 0 0 0 0 0 0 0 0 0 0 0 0 0 0 0 0 0 0 0 0 0 0 0 1 0 0 0 0 0 0 1 0 0 0 0 0 0 0 0 0 2 0 0 0 0 0 0 0 0 
1
0 0 0 0 0 0 0 0 0 
1 0 0 0 2 0 0 0 2 0 0 0 1 0 0 0 0 0 0 0 2 0 0 0 1 0 0 0 0 0 0 0 0 0 0 0 2 0 0 0 0 0 0 0 0 0 0 0 0 0 0 0 0 0 0 1 0 0 0 0 0 0 1 0 0 0 0 0 0 0 0 0 2 0 0 0 0 0 0 0 0 
1 0 0 0 2 0 0 0 2 0 0 0 1 0 0 0 0 0 0 0 2 0 0 0 1 0 0 0 0 0 0 0 0 0 0 0 2 0 0 0 0 0 0 0 0 0 0 0 0 0 0 0 0 0 0 1 0 0 0 0 0 0 1 0 0 0 0 0 0 0 0 0 2 0 0 0 0 0 0 0 0 
1
0 0 0 0 0 0 0 0 0 
1 0 0 0 2 0 0 0 2 0 0 0 1 0 0 0 0 0 0 0 2 0 0 0 1 0 0 0 0 0 0 0 0 0 0 0 2 1 0 0 0 0 0 0 0 0 0 0 0 0 0 0 0 0 0 1 0 0 0 0 0 0 1 0 0 0 0 0 0 0 0 0 2 0 0 0 0 0 0 0 0 
1 0 0 0 2 0 0 0 2 0 0 0 1 0 0 0 0 0 0 0 2 0 0 0 1 0 0 0 0 0 0 0 0 0 0 0 2 1 0 0 0 0 0 0 0 0 0 0 0 0 0 0 0 0 0 1 0 0 0 0 0 0 1 0 0 0 0 0 0 0 0 0 2 0 0 0 0 0 0 0 0 
1
0 0 0 0 0 0 0 0 0 
1 0 0 0 2 0 0 0 2 0 0 0 1 0 0 0 0 0 0 0 2 0 0 0 1 0 0 0 0 0 0 0 0 0 0 0 2 1 0 0 2 0 0 0 0 0 0 0 0 0 0 0 0 0 0 1 0 0 0 0 0 0 1 0 0 0 0 0 0 0 0 0 2 0 0 0 0 0 0 0 0 
1 0 0 0 2 0 0 0 2 0 0 0 1 0 0 0 0 0 0 0 2 0 0 0 1 0 0 0 0 0 0 0 0 0 0 0 2 1 0 0 2 0 0 0 0 0 0 0 0 0 0 0 0 0 0 1 0 0 0 0 0 0 1 0 0 0 0 0 0 0 0 0 2 0 0 0 0 0 0 0 0 
1
0 0 0 0 0 0 0 0 0 
1 0 0 0 2 0 0 0 2 0 0 0 1 0 0 0 0 0 0 0 2 0 0 0 1 0 0 0 0 0 0 0 0 0 0 0 2 1 0 0 2 0 0 0 0 0 0 0 0 1 0 0 0 0 0 1 0 0 0 0 0 0 1 0 0 0 0 0 0 0 0 0 2 0 0 0 0 0 0 0 0 
1 0 0 0 2 0 0 0 2 0 0 0 1 0 0 0 0 0 0 0 2 0 0 0 1 0 0 0 0 0 0 0 0 0 0 0 2 1 0 0 2 0 0 0 0 0 0 0 0 1 0 0 0 0 0 1 0 0 0 0 0 0 1 0 0 0 0 0 0 0 0 0 2 0 0 0 0 0 0 0 0 
1
0 0 0 0 0 0 0 0 0 
1 0 0 0 2 0 0 0 2 0 0 0 1 0 0 0 0 0 0 0 2 0 0 0 1 0 0 0 0 0 0 0 0 0 0 0 2 1 0 0 2 0 0 0 0 0 0 0 0 1 0 0 0 0 0 1 0 0 0 0 0 0 1 0 0 0 0 0 0 0 0 0 2 0 0 0 2 0 0 0 0 
1 0 0 0 2 0 0 0 2 0 0 0 1 0 0 0 0 0 0 0 2 0 0 0 1 0 0 0 0 0 0 0 0 0 0 0 2 1 0 0 2 0 0 0 0 0 0 0 0 1 0 0 0 0 0 1 0 0 0 0 0 0 1 0 0 0 0 0 0 0 0 0 2 0 0 0 2 0 0 0 0 
1
0 0 0 0 0 0 0 0 0 
1 0 0 0 2 0 0 0 2 0 0 0 1 0 0 0 0 0 0 0 2 0 0 0 1 0 0 0 0 0 0 0 0 0 0 0 2 1 0 0 2 0 0 0 0 0 0 0 0 1 0 0 0 0 0 1 0 0 0 0 0 0 1 0 0 0 0 0 0 0 0 0 2 0 0 0 2 1 0 0 0 
1 0 0 0 2 0 0 0 2 0 0 0 1 0 0 0 0 0 0 0 2 0 0 0 1 0 0 0 0 0 0 0 0 0 0 0 2 1 0 0 2 0 0 0 0 0 0 0 0 1 0 0 0 0 0 1 0 0 0 0 0 0 1 0 0 0 0 0 0 0 0 0 2 0 0 0 2 1 0 0 0 
1
0 0 0 0 0 0 0 0 0 
1 0 0 0 2 0 0 0 2 0 0 0 1 0 0 0 0 0 0 0 2 0 0 0 1 0 0 0 0 0 0 0 0 0 0 0 2 1 0 0 2 0 0 0 0 0 0 0 0 1 0 0 0 0 0 1 0 0 0 0 0 0 1 0 0 0 0 0 0 0 0 2 2 0 0 0 2 1 0 0 0 
1 0 0 0 2 0 0 0 2 0 0 0 1 0 0 0 0 0 0 0 2 0 0 0 1 0 0 0 0 0 0 0 0 0 0 0 2 1 0 0 2 0 0 0 0 0 0 0 0 1 0 0 0 0 0 1 0 0 0 0 0 0 1 0 0 0 0 0 0 0 0 2 2 0 0 0 2 1 0 0 0 
1
0 0 0 0 0 0 0 0 0 
1 0 0 0 2 0 0 0 2 0 0 0 1 0 0 0 0 0 0 0 2 0 0 0 1 0 0 0 0 0 0 0 0 0 0 0 2 1 0 0 2 0 0 0 0 0 0 0 0 1 0 0 1 0 0 1 0 0 0 0 0 0 1 0 0 0 0 0 0 0 0 2 2 0 0 0 2 1 0 0 0 
1 0 0 0 2 0 0 0 2 0 0 0 1 0 0 0 0 0 0 0 2 0 0 0 1 0 0 0 0 0 0 0 0 0 0 0 2 1 0 0 2 0 0 0 0 0 0 0 0 1 0 0 1 0 0 1 0 0 0 0 0 0 1 0 0 0 0 0 0 0 0 2 2 0 0 0 2 1 0 0 0 
1
0 0 0 0 0 0 0 0 0 
1 0 0 0 2 0 0 0 2 0 0 0 1 0 0 0 0 0 0 0 2 0 0 0 1 0 0 0 0 0 0 0 0 0 0 0 2 1 0 0 2 0 0 0 0 0 0 0 0 1 0 0 1 0 0 1 0 0 2 0 0 0 1 0 0 0 0 0 0 0 0 2 2 0 0 0 2 1 0 0 0 
1 0 0 0 2 0 0 0 2 0 0 0 1 0 0 0 0 0 0 0 2 0 0 0 1 0 0 0 0 0 0 0 0 0 0 0 2 1 0 0 2 0 0 0 0 0 0 0 0 1 0 0 1 0 0 1 0 0 2 0 0 0 1 0 0 0 0 0 0 0 0 2 2 0 0 0 2 1 0 0 0 
1
0 0 0 0 0 0 0 0 0 
1 0 0 0 2 0 0 0 2 0 0 0 1 0 1 0 0 0 0 0 2 0 0 0 1 0 0 0 0 0 0 0 0 0 0 0 2 1 0 0 2 0 0 0 0 0 0 0 0 1 0 0 1 0 0 1 0 0 2 0 0 0 1 0 0 0 0 0 0 0 0 2 2 0 0 0 2 1 0 0 0 
1 0 0 0 2 0 0 0 2 0 0 0 1 0 1 0 0 0 0 0 2 0 0 0 1 0 0 0 0 0 0 0 0 0 0 0 2 1 0 0 2 0 0 0 0 0 0 0 0 1 0 0 1 0 0 1 0 0 2 0 0 0 1 0 0 0 0 0 0 0 0 2 2 0 0 0 2 1 0 0 0 
1
0 0 0 0 0 0 0 0 0 
1 0 0 0 2 0 0 0 2 0 0 0 1 0 1 0 0 0 0 0 2 0 0 0 1 0 0 0 0 0 0 0 0 0 0 0 2 1 0 0 2 0 0 0 0 0 0 0 0 1 0 0 1 2 0 1 0 0 2 0 0 0 1 0 0 0 0 0 0 0 0 2 2 0 0 0 2 1 0 0 0 
1 0 0 0 2 0 0 0 2 0 0 0 1 0 1 0 0 0 0 0 2 0 0 0 1 0 0 0 0 0 0 0 0 0 0 0 2 1 0 0 2 0 0 0 0 0 0 0 0 1 0 0 1 2 0 1 0 0 2 0 0 0 1 0 0 0 0 0 0 0 0 2 2 0 0 0 2 1 0 0 0 
1
0 0 0 0 0 0 0 0 0 
1 0 0 0 2 0 0 0 2 0 0 0 1 0 1 0 0 0 0 0 2 0 0 0 1 0 0 0 0 0 0 0 0 0 0 0 2 1 0 0 2 0 0 0 0 0 0 0 0 1 0 0 1 2 0 1 0 0 2 0 0 0 1 0 0 0 0 0 0 0 0 2 2 0 0 0 2 1 0 0 1 
1 0 0 0 2 0 0 0 2 0 0 0 1 0 1 0 0 0 0 0 2 0 0 0 1 0 0 0 0 0 0 0 0 0 0 0 2 1 0 0 2 0 0 0 0 0 0 0 0 1 0 0 1 2 0 1 0 0 2 0 0 0 1 0 0 0 0 0 0 0 0 2 2 0 0 0 2 1 0 0 1 
1
0 0 0 0 0 0 0 0 0 
1 0 0 0 2 0 0 0 2 0 0 0 1 0 1 0 0 0 0 0 2 0 0 0 1 0 0 0 0 0 0 0 0 0 0 0 2 1 0 0 2 0 0 0 0 0 0 0 0 1 0 0 1 2 0 1 0 0 2 0 0 0 1 0 0 0 0 0 0 2 0 2 2 0 0 0 2 1 0 0 1 
1 0 0 0 2 0 0 0 2 0 0 0 1 0 1 0 0 0 0 0 2 0 0 0 1 0 0 0 0 0 0 0 0 0 0 0 2 1 0 0 2 0 0 0 0 0 0 0 0 1 0 0 1 2 0 1 0 0 2 0 0 0 1 0 0 0 0 0 0 2 0 2 2 0 0 0 2 1 0 0 1 
1
0 0 0 0 0 0 0 0 0 
1 0 0 0 2 0 0 0 2 0 0 0 1 0 1 0 0 0 0 0 2 0 0 0 1 0 0 0 0 0 0 0 0 0 0 0 2 1 0 0 2 0 0 0 0 1 0 0 0 1 0 0 1 2 0 1 0 0 2 0 0 0 1 0 0 0 0 0 0 2 0 2 2 0 0 0 2 1 0 0 1 
1 0 0 0 2 0 0 0 2 0 0 0 1 0 1 0 0 0 0 0 2 0 0 0 1 0 0 0 0 0 0 0 0 0 0 0 2 1 0 0 2 0 0 0 0 1 0 0 0 1 0 0 1 2 0 1 0 0 2 0 0 0 1 0 0 0 0 0 0 2 0 2 2 0 0 0 2 1 0 0 1 
1
0 0 0 0 0 0 0 0 0 
1 0 0 0 2 0 0 0 2 0 0 0 1 0 1 0 0 0 0 0 2 0 0 0 1 0 0 0 0 0 0 0 0 0 0 0 2 1 0 0 2 0 0 0 0 1 0 0 0 1 0 0 1 2 0 1 2 0 2 0 0 0 1 0 0 0 0 0 0 2 0 2 2 0 0 0 2 1 0 0 1 
1 0 0 0 2 0 0 0 2 0 0 0 1 0 1 0 0 0 0 0 2 0 0 0 1 0 0 0 0 0 0 0 0 0 0 0 2 1 0 0 2 0 0 0 0 1 0 0 0 1 0 0 1 2 0 1 2 0 2 0 0 0 1 0 0 0 0 0 0 2 0 2 2 0 0 0 2 1 0 0 1 
1
0 0 0 0 0 0 0 0 0 
1 0 0 0 2 0 0 0 2 0 0 0 1 0 1 1 0 0 0 0 2 0 0 0 1 0 0 0 0 0 0 0 0 0 0 0 2 1 0 0 2 0 0 0 0 1 0 0 0 1 0 0 1 2 0 1 2 0 2 0 0 0 1 0 0 0 0 0 0 2 0 2 2 0 0 0 2 1 0 0 1 
1 0 0 0 2 0 0 0 2 0 0 0 1 0 1 1 0 0 0 0 2 0 0 0 1 0 0 0 0 0 0 0 0 0 0 0 2 1 0 0 2 0 0 0 0 1 0 0 0 1 0 0 1 2 0 1 2 0 2 0 0 0 1 0 0 0 0 0 0 2 0 2 2 0 0 0 2 1 0 0 1 
1
0 0 0 0 0 0 0 0 0 
1 0 0 0 2 0 0 0 2 0 0 0 1 0 1 1 0 0 0 0 2 0 0 0 1 0 0 2 0 0 0 0 0 0 0 0 2 1 0 0 2 0 0 0 0 1 0 0 0 1 0 0 1 2 0 1 2 0 2 0 0 0 1 0 0 0 0 0 0 2 0 2 2 0 0 0 2 1 0 0 1 
1 0 0 0 2 0 0 0 2 0 0 0 1 0 1 1 0 0 0 0 2 0 0 0 1 0 0 2 0 0 0 0 0 0 0 0 2 1 0 0 2 0 0 0 0 1 0 0 0 1 0 0 1 2 0 1 2 0 2 0 0 0 1 0 0 0 0 0 0 2 0 2 2 0 0 0 2 1 0 0 1 
1
0 0 0 0 0 0 0 0 0 
1 0 0 0 2 0 0 0 2 1 0 0 1 0 1 1 0 0 0 0 2 0 0 0 1 0 0 2 0 0 0 0 0 0 0 0 2 1 0 0 2 0 0 0 0 1 0 0 0 1 0 0 1 2 0 1 2 0 2 0 0 0 1 0 0 0 0 0 0 2 0 2 2 0 0 0 2 1 0 0 1 
1 0 0 0 2 0 0 0 2 1 0 0 1 0 1 1 0 0 0 0 2 0 0 0 1 0 0 2 0 0 0 0 0 0 0 0 2 1 0 0 2 0 0 0 0 1 0 0 0 1 0 0 1 2 0 1 2 0 2 0 0 0 1 0 0 0 0 0 0 2 0 2 2 0 0 0 2 1 0 0 1 
1
0 0 0 0 0 0 0 0 0 
1 0 0 0 2 0 0 0 2 1 0 0 1 0 1 1 0 0 0 0 2 0 0 0 1 0 0 2 0 0 0 0 0 0 0 0 2 1 2 0 2 0 0 0 0 1 0 0 0 1 0 0 1 2 0 1 2 0 2 0 0 0 1 0 0 0 0 0 0 2 0 2 2 0 0 0 2 1 0 0 1 
1 0 0 0 2 0 0 0 2 1 0 0 1 0 1 1 0 0 0 0 2 0 0 0 1 0 0 2 0 0 0 0 0 0 0 0 2 1 2 0 2 0 0 0 0 1 0 0 0 1 0 0 1 2 0 1 2 0 2 0 0 0 1 0 0 0 0 0 0 2 0 2 2 0 0 0 2 1 0 0 1 
1
0 0 0 0 0 0 0 0 0 
1 0 0 0 2 0 0 0 2 1 0 0 1 0 1 1 0 0 0 0 2 0 0 0 1 0 0 2 0 0 0 0 0 0 0 0 2 1 2 0 2 0 0 0 1 1 0 0 0 1 0 0 1 2 0 1 2 0 2 0 0 0 1 0 0 0 0 0 0 2 0 2 2 0 0 0 2 1 0 0 1 
1 0 0 0 2 0 0 0 2 1 0 0 1 0 1 1 0 0 0 0 2 0 0 0 1 0 0 2 0 0 0 0 0 0 0 0 2 1 2 0 2 0 0 0 1 1 0 0 0 1 0 0 1 2 0 1 2 0 2 0 0 0 1 0 0 0 0 0 0 2 0 2 2 0 0 0 2 1 0 0 1 
1
0 0 0 0 0 0 0 0 0 
1 0 0 0 2 0 0 0 2 1 0 0 1 0 1 1 0 0 0 0 2 0 0 0 1 0 0 2 0 0 0 0 0 0 0 0 2 1 2 0 2 0 0 0 1 1 0 0 0 1 0 2 1 2 0 1 2 0 2 0 0 0 1 0 0 0 0 0 0 2 0 2 2 0 0 0 2 1 0 0 1 
1 0 0 0 2 0 0 0 2 1 0 0 1 0 1 1 0 0 0 0 2 0 0 0 1 0 0 2 0 0 0 0 0 0 0 0 2 1 2 0 2 0 0 0 1 1 0 0 0 1 0 2 1 2 0 1 2 0 2 0 0 0 1 0 0 0 0 0 0 2 0 2 2 0 0 0 2 1 0 0 1 
1
0 0 0 0 0 0 0 0 0 
1 0 0 0 2 0 0 0 2 1 0 0 1 0 1 1 0 0 0 0 2 0 0 0 1 0 0 2 0 0 0 0 0 0 0 0 2 1 2 0 2 0 0 0 1 1 0 0 0 1 0 2 1 2 0 1 2 0 2 0 0 0 1 0 0 1 0 0 0 2 0 2 2 0 0 0 2 1 0 0 1 
1 0 0 0 2 0 0 0 2 1 0 0 1 0 1 1 0 0 0 0 2 0 0 0 1 0 0 2 0 0 0 0 0 0 0 0 2 1 2 0 2 0 0 0 1 1 0 0 0 1 0 2 1 2 0 1 2 0 2 0 0 0 1 0 0 1 0 0 0 2 0 2 2 0 0 0 2 1 0 0 1 
1
0 0 0 0 0 0 0 0 0 
1 0 0 0 2 0 0 0 2 1 0 0 1 0 1 1 0 0 0 0 2 0 0 0 1 0 0 2 0 0 0 0 0 0 0 0 2 1 2 0 2 0 0 2 1 1 0 0 0 1 0 2 1 2 0 1 2 0 2 0 0 0 1 0 0 1 0 0 0 2 0 2 2 0 0 0 2 1 0 0 1 
1 0 0 0 2 0 0 0 2 1 0 0 1 0 1 1 0 0 0 0 2 0 0 0 1 0 0 2 0 0 0 0 0 0 0 0 2 1 2 0 2 0 0 2 1 1 0 0 0 1 0 2 1 2 0 1 2 0 2 0 0 0 1 0 0 1 0 0 0 2 0 2 2 0 0 0 2 1 0 0 1 
1
0 0 0 0 0 0 0 0 0 
1 0 0 0 2 0 0 0 2 1 0 0 1 0 1 1 0 0 0 0 2 0 0 0 1 0 0 2 0 0 0 0 0 0 0 0 2 1 2 0 2 0 0 2 1 1 0 0 1 1 0 2 1 2 0 1 2 0 2 0 0 0 1 0 0 1 0 0 0 2 0 2 2 0 0 0 2 1 0 0 1 
1 0 0 0 2 0 0 0 2 1 0 0 1 0 1 1 0 0 0 0 2 0 0 0 1 0 0 2 0 0 0 0 0 0 0 0 2 1 2 0 2 0 0 2 1 1 0 0 1 1 0 2 1 2 0 1 2 0 2 0 0 0 1 0 0 1 0 0 0 2 0 2 2 0 0 0 2 1 0 0 1 
1
0 0 0 0 0 0 0 0 0 
1 0 0 0 2 0 0 0 2 1 0 0 1 0 1 1 0 0 0 0 2 0 0 0 1 0 0 2 0 0 0 0 0 0 0 0 2 1 2 0 2 0 0 2 1 1 0 0 1 1 0 2 1 2 0 1 2 0 2 0 0 0 1 0 0 1 0 0 0 2 0 2 2 0 2 0 2 1 0 0 1 
1 0 0 0 2 0 0 0 2 1 0 0 1 0 1 1 0 0 0 0 2 0 0 0 1 0 0 2 0 0 0 0 0 0 0 0 2 1 2 0 2 0 0 2 1 1 0 0 1 1 0 2 1 2 0 1 2 0 2 0 0 0 1 0 0 1 0 0 0 2 0 2 2 0 2 0 2 1 0 0 1 
1
0 0 0 0 0 0 0 0 0 
1 0 0 0 2 0 0 0 2 1 0 0 1 0 1 1 0 0 0 0 2 0 0 0 1 0 0 2 0 0 0 0 0 0 0 0 2 1 2 0 2 0 0 2 1 1 0 0 1 1 0 2 1 2 0 1 2 0 2 0 0 1 1 0 0 1 0 0 0 2 0 2 2 0 2 0 2 1 0 0 1 
1 0 0 0 2 0 0 0 2 1 0 0 1 0 1 1 0 0 0 0 2 0 0 0 1 0 0 2 0 0 0 0 0 0 0 0 2 1 2 0 2 0 0 2 1 1 0 0 1 1 0 2 1 2 0 1 2 0 2 0 0 1 1 0 0 1 0 0 0 2 0 2 2 0 2 0 2 1 0 0 1 
1
0 0 0 0 0 0 0 0 0 
1 0 0 0 2 0 0 0 2 1 0 0 1 0 1 1 0 0 0 0 2 0 2 0 1 0 0 2 0 0 0 0 0 0 0 0 2 1 2 0 2 0 0 2 1 1 0 0 1 1 0 2 1 2 0 1 2 0 2 0 0 1 1 0 0 1 0 0 0 2 0 2 2 0 2 0 2 1 0 0 1 
1 0 0 0 2 0 0 0 2 1 0 0 1 0 1 1 0 0 0 0 2 0 2 0 1 0 0 2 0 0 0 0 0 0 0 0 2 1 2 0 2 0 0 2 1 1 0 0 1 1 0 2 1 2 0 1 2 0 2 0 0 1 1 0 0 1 0 0 0 2 0 2 2 0 2 0 2 1 0 0 1 
1
0 0 0 0 0 0 0 0 0 
1 0 0 0 2 0 0 0 2 1 0 0 1 0 1 1 0 0 0 0 2 0 2 0 1 0 0 2 0 0 0 0 0 0 0 0 2 1 2 0 2 0 0 2 1 1 0 0 1 1 0 2 1 2 0 1 2 0 2 0 0 1 1 0 0 1 1 0 0 2 0 2 2 0 2 0 2 1 0 0 1 
1 0 0 0 2 0 0 0 2 1 0 0 1 0 1 1 0 0 0 0 2 0 2 0 1 0 0 2 0 0 0 0 0 0 0 0 2 1 2 0 2 0 0 2 1 1 0 0 1 1 0 2 1 2 0 1 2 0 2 0 0 1 1 0 0 1 1 0 0 2 0 2 2 0 2 0 2 1 0 0 1 
1
0 0 0 0 0 0 0 0 0 
1 0 0 0 2 0 0 0 2 1 0 0 1 0 1 1 0 0 0 0 2 0 2 0 1 0 0 2 0 0 0 0 0 0 0 0 2 1 2 0 2 0 0 2 1 1 2 0 1 1 0 2 1 2 0 1 2 0 2 0 0 1 1 0 0 1 1 0 0 2 0 2 2 0 2 0 2 1 0 0 1 
1 0 0 0 2 0 0 0 2 1 0 0 1 0 1 1 0 0 0 0 2 0 2 0 1 0 0 2 0 0 0 0 0 0 0 0 2 1 2 0 2 0 0 2 1 1 2 0 1 1 0 2 1 2 0 1 2 0 2 0 0 1 1 0 0 1 1 0 0 2 0 2 2 0 2 0 2 1 0 0 1 
1
0 0 0 0 0 0 0 0 0 
1 0 0 0 2 0 0 0 2 1 0 0 1 0 1 1 0 0 0 0 2 0 2 0 1 0 0 2 0 0 0 0 0 0 0 0 2 1 2 0 2 0 0 2 1 1 2 0 1 1 0 2 1 2 0 1 2 0 2 0 0 1 1 0 0 1 1 1 0 2 0 2 2 0 2 0 2 1 0 0 1 
1 0 0 0 2 0 0 0 2 1 0 0 1 0 1 1 0 0 0 0 2 0 2 0 1 0 0 2 0 0 0 0 0 0 0 0 2 1 2 0 2 0 0 2 1 1 2 0 1 1 0 2 1 2 0 1 2 0 2 0 0 1 1 0 0 1 1 1 0 2 0 2 2 0 2 0 2 1 0 0 1 
1
0 0 0 0 0 0 0 0 0 
1 0 0 0 2 0 0 0 2 1 0 0 1 0 1 1 0 0 0 0 2 0 2 0 1 0 0 2 0 0 0 0 0 0 0 0 2 1 2 0 2 2 0 2 1 1 2 0 1 1 0 2 1 2 0 1 2 0 2 0 0 1 1 0 0 1 1 1 0 2 0 2 2 0 2 0 2 1 0 0 1 
1 0 0 0 2 0 0 0 2 1 0 0 1 0 1 1 0 0 0 0 2 0 2 0 1 0 0 2 0 0 0 0 0 0 0 0 2 1 2 0 2 2 0 2 1 1 2 0 1 1 0 2 1 2 0 1 2 0 2 0 0 1 1 0 0 1 1 1 0 2 0 2 2 0 2 0 2 1 0 0 1 
1
0 0 0 0 0 0 0 0 0 
1 0 0 0 2 0 0 0 2 1 0 0 1 0 1 1 0 0 0 0 2 0 2 0 1 0 0 2 0 0 0 0 0 0 1 0 2 1 2 0 2 2 0 2 1 1 2 0 1 1 0 2 1 2 0 1 2 0 2 0 0 1 1 0 0 1 1 1 0 2 0 2 2 0 2 0 2 1 0 0 1 
1 0 0 0 2 0 0 0 2 1 0 0 1 0 1 1 0 0 0 0 2 0 2 0 1 0 0 2 0 0 0 0 0 0 1 0 2 1 2 0 2 2 0 2 1 1 2 0 1 1 0 2 1 2 0 1 2 0 2 0 0 1 1 0 0 1 1 1 0 2 0 2 2 0 2 0 2 1 0 0 1 
1
0 0 0 0 0 0 0 0 0 
1 0 0 0 2 0 0 0 2 1 0 0 1 0 1 1 0 0 0 0 2 2 2 0 1 0 0 2 0 0 0 0 0 0 1 0 2 1 2 0 2 2 0 2 1 1 2 0 1 1 0 2 1 2 0 1 2 0 2 0 0 1 1 0 0 1 1 1 0 2 0 2 2 0 2 0 2 1 0 0 1 
1 0 0 0 2 0 0 0 2 1 0 0 1 0 1 1 0 0 0 0 2 2 2 0 1 0 0 2 0 0 0 0 0 0 1 0 2 1 2 0 2 2 0 2 1 1 2 0 1 1 0 2 1 2 0 1 2 0 2 0 0 1 1 0 0 1 1 1 0 2 0 2 2 0 2 0 2 1 0 0 1 
1
0 0 0 0 0 0 0 0 0 
1 0 0 0 2 0 0 0 2 1 0 0 1 0 1 1 0 0 0 0 2 2 2 0 1 0 0 2 0 0 0 0 0 0 1 0 2 1 2 0 2 2 0 2 1 1 2 0 1 1 0 2 1 2 0 1 2 0 2 0 0 1 1 1 0 1 1 1 0 2 0 2 2 0 2 0 2 1 0 0 1 
1 0 0 0 2 0 0 0 2 1 0 0 1 0 1 1 0 0 0 0 2 2 2 0 1 0 0 2 0 0 0 0 0 0 1 0 2 1 2 0 2 2 0 2 1 1 2 0 1 1 0 2 1 2 0 1 2 0 2 0 0 1 1 1 0 1 1 1 0 2 0 2 2 0 2 0 2 1 0 0 1 
1
0 0 0 0 0 0 0 0 0 
1 0 0 0 2 0 0 0 2 1 0 0 1 0 1 1 0 0 0 0 2 2 2 0 1 0 0 2 0 2 0 0 0 0 1 0 2 1 2 0 2 2 0 2 1 1 2 0 1 1 0 2 1 2 0 1 2 0 2 0 0 1 1 1 0 1 1 1 0 2 0 2 2 0 2 0 2 1 0 0 1 
1 0 0 0 2 0 0 0 2 1 0 0 1 0 1 1 0 0 0 0 2 2 2 0 1 0 0 2 0 2 0 0 0 0 1 0 2 1 2 0 2 2 0 2 1 1 2 0 1 1 0 2 1 2 0 1 2 0 2 0 0 1 1 1 0 1 1 1 0 2 0 2 2 0 2 0 2 1 0 0 1 
1
0 0 1 0 0 0 0 0 0 
1 0 0 0 2 0 1 0 2 1 0 0 1 0 1 1 0 0 0 0 2 2 2 0 1 0 0 2 0 2 0 0 0 0 1 0 2 1 2 0 2 2 0 2 1 1 2 0 1 1 0 2 1 2 0 1 2 0 2 0 0 1 1 1 0 1 1 1 0 2 0 2 2 0 2 0 2 1 0 0 1 
1 0 0 0 2 0 17 16 18 1 0 0 1 0 1 17 16 16 0 0 2 2 2 0 17 16 16 2 0 2 0 0 0 0 1 0 2 1 2 0 2 2 0 2 1 1 2 0 1 1 0 2 1 2 0 1 2 0 2 0 0 1 1 1 0 1 1 1 0 2 0 2 2 0 2 0 2 1 0 0 1 
1
0 0 1 0 0 0 0 0 0 
1 0 0 0 2 0 1 0 2 1 0 2 1 0 1 1 0 0 0 0 2 2 2 0 1 0 0 2 0 2 0 0 0 0 1 0 2 1 2 0 2 2 0 2 1 1 2 0 1 1 0 2 1 2 0 1 2 0 2 0 0 1 1 1 0 1 1 1 0 2 0 2 2 0 2 0 2 1 0 0 1 
1 0 0 0 2 0 17 16 18 1 0 2 1 0 1 17 16 16 0 0 2 2 2 0 17 16 16 2 0 2 0 0 0 0 1 0 2 1 2 0 2 2 0 2 1 1 2 0 1 1 0 2 1 2 0 1 2 0 2 0 0 1 1 1 0 1 1 1 0 2 0 2 2 0 2 0 2 1 0 0 1 
1
0 0 1 0 0 0 0 0 0 
1 0 0 0 2 0 1 0 2 1 0 2 1 0 1 1 0 0 0 0 2 2 2 0 1 0 0 2 0 2 0 0 0 0 1 0 2 1 2 0 2 2 1 2 1 1 2 0 1 1 0 2 1 2 0 1 2 0 2 0 0 1 1 1 0 1 1 1 0 2 0 2 2 0 2 0 2 1 0 0 1 
1 0 0 0 2 0 17 16 18 1 0 2 1 0 1 17 16 16 0 0 2 2 2 0 17 16 16 2 0 2 0 0 0 0 1 0 2 1 2 0 2 2 1 2 1 1 2 0 1 1 0 2 1 2 0 1 2 0 2 0 0 1 1 1 0 1 1 1 0 2 0 2 2 0 2 0 2 1 0 0 1 
1
0 0 1 2 0 0 0 0 0 
1 0 0 0 2 0 1 0 2 1 0 2 1 0 1 1 0 0 0 0 2 2 2 0 1 0 0 2 0 2 0 0 0 0 1 0 2 1 2 0 2 2 1 2 1 1 2 2 1 1 0 2 1 2 0 1 2 0 2 0 0 1 1 1 0 1 1 1 0 2 0 2 2 0 2 0 2 1 0 0 1 
1 0 0 0 2 0 17 16 18 1 0 2 1 0 1 17 16 16 0 0 2 2 2 0 17 16 16 34 32 34 0 0 0 0 1 0 34 33 34 0 2 2 1 2 1 33 34 34 1 1 0 2 1 2 0 1 2 0 2 0 0 1 1 1 0 1 1 1 0 2 0 2 2 0 2 0 2 1 0 0 1 
1
0 0 1 2 0 0 0 0 1 
1 0 0 0 2 0 1 0 2 1 0 2 1 0 1 1 0 0 0 0 2 2 2 0 1 0 0 2 0 2 0 0 0 0 1 0 2 1 2 0 2 2 1 2 1 1 2 2 1 1 0 2 1 2 0 1 2 0 2 0 1 1 1 1 0 1 1 1 0 2 0 2 2 0 2 0 2 1 0 0 1 
1 0 0 0 2 0 17 16 18 1 0 2 1 0 1 17 16 16 0 0 2 2 2 0 17 16 16 34 32 34 0 0 0 0 1 0 34 33 34 0 2 2 1 2 1 33 34 34 1 1 0 2 1 2 0 1 2 0 2 0 17 17 17 1 0 1 1 1 0 18 16 18 2 0 2 0 2 1 16 16 17 
1
0 0 1 2 0 0 0 0 1 
1 0 0 0 2 0 1 0 2 1 2 2 1 0 1 1 0 0 0 0 2 2 2 0 1 0 0 2 0 2 0 0 0 0 1 0 2 1 2 0 2 2 1 2 1 1 2 2 1 1 0 2 1 2 0 1 2 0 2 0 1 1 1 1 0 1 1 1 0 2 0 2 2 0 2 0 2 1 0 0 1 
1 0 0 0 2 0 17 16 18 1 2 2 1 0 1 17 16 16 0 0 2 2 2 0 17 16 16 34 32 34 0 0 0 0 1 0 34 33 34 0 2 2 1 2 1 33 34 34 1 1 0 2 1 2 0 1 2 0 2 0 17 17 17 1 0 1 1 1 0 18 16 18 2 0 2 0 2 1 16 16 17 
1
0 0 1 2 1 0 0 0 1 
1 0 0 0 2 0 1 0 2 1 2 2 1 0 1 1 0 0 0 0 2 2 2 0 1 0 0 2 0 2 0 0 0 0 1 0 2 1 2 0 2 2 1 2 1 1 2 2 1 1 1 2 1 2 0 1 2 0 2 0 1 1 1 1 0 1 1 1 0 2 0 2 2 0 2 0 2 1 0 0 1 
1 0 0 0 2 0 17 16 18 1 2 2 1 0 1 17 16 16 0 0 2 2 2 0 17 16 16 34 32 34 16 16 16 0 1 0 34 33 34 16 18 18 1 2 1 33 34 34 17 17 17 2 1 2 0 1 2 0 2 0 17 17 17 1 0 1 1 1 0 18 16 18 2 0 2 0 2 1 16 16 17 
1
0 0 1 2 1 0 2 0 1 
1 0 0 0 2 0 1 0 2 1 2 2 1 0 1 1 0 0 0 0 2 2 2 0 1 0 0 2 0 2 0 0 0 0 1 0 2 1 2 0 2 2 1 2 1 1 2 2 1 1 1 2 1 2 0 1 2 0 2 0 1 1 1 1 0 1 1 1 0 2 0 2 2 2 2 0 2 1 0 0 1 
1 0 0 0 2 0 17 16 18 1 2 2 1 0 1 17 16 16 0 0 2 2 2 0 17 16 16 34 32 34 16 16 16 0 1 0 34 33 34 16 18 18 1 2 1 33 34 34 17 17 17 2 1 2 32 33 34 0 2 0 17 17 17 33 32 33 1 1 0 18 16 18 34 34 34 0 2 1 16 16 17 
1
0 0 1 2 1 0 2 1 1 
1 0 0 0 2 0 1 0 2 1 2 2 1 0 1 1 0 0 0 0 2 2 2 0 1 0 0 2 0 2 0 0 0 0 1 0 2 1 2 0 2 2 1 2 1 1 2 2 1 1 1 2 1 2 0 1 2 0 2 0 1 1 1 1 0 1 1 1 1 2 0 2 2 2 2 0 2 1 0 0 1 
1 0 0 0 2 0 17 16 18 1 2 2 1 0 1 17 16 16 0 0 2 2 2 0 17 16 16 34 32 34 16 16 16 0 1 0 34 33 34 16 18 18 1 2 1 33 34 34 17 17 17 2 1 2 32 33 34 16 18 16 17 17 17 33 32 33 17 17 17 18 16 18 34 34 34 16 18 17 16 16 17 
1
0 0 1 2 1 2 2 1 1 
1 0 0 0 2 0 1 0 2 1 2 2 1 0 1 1 0 0 0 0 2 2 2 0 1 0 0 2 0 2 0 0 0 0 1 2 2 1 2 0 2 2 1 2 1 1 2 2 1 1 1 2 1 2 0 1 2 0 2 0 1 1 1 1 0 1 1 1 1 2 0 2 2 2 2 0 2 1 0 0 1 
1 0 0 0 2 0 17 16 18 1 2 2 1 0 1 17 16 16 0 0 2 2 2 0 17 16 16 34 32 34 16 16 16 32 33 34 34 33 34 16 18 18 33 34 33 33 34 34 17 17 17 34 33 34 32 33 34 16 18 16 17 17 17 33 32 33 17 17 17 18 16 18 34 34 34 16 18 17 16 16 17 
1
0 0 1 2 1 2 2 1 1 
1 1 0 0 2 0 1 0 2 1 2 2 1 0 1 1 0 0 0 0 2 2 2 0 1 0 0 2 0 2 0 0 0 0 1 2 2 1 2 0 2 2 1 2 1 1 2 2 1 1 1 2 1 2 0 1 2 0 2 0 1 1 1 1 0 1 1 1 1 2 0 2 2 2 2 0 2 1 0 0 1 
1 1 0 0 2 0 17 16 18 1 2 2 1 0 1 17 16 16 0 0 2 2 2 0 17 16 16 34 32 34 16 16 16 32 33 34 34 33 34 16 18 18 33 34 33 33 34 34 17 17 17 34 33 34 32 33 34 16 18 16 17 17 17 33 32 33 17 17 17 18 16 18 34 34 34 16 18 17 16 16 17 
1
0 2 1 2 1 2 2 1 1 
1 1 0 0 2 0 1 0 2 1 2 2 1 0 1 1 0 0 0 0 2 2 2 2 1 0 0 2 0 2 0 0 0 0 1 2 2 1 2 0 2 2 1 2 1 1 2 2 1 1 1 2 1 2 0 1 2 0 2 0 1 1 1 1 0 1 1 1 1 2 0 2 2 2 2 0 2 1 0 0 1 
1 1 0 32 34 32 17 16 18 1 2 2 33 32 33 17 16 16 0 0 2 34 34 34 17 16 16 34 32 34 16 16 16 32 33 34 34 33 34 16 18 18 33 34 33 33 34 34 17 17 17 34 33 34 32 33 34 16 18 16 17 17 17 33 32 33 17 17 17 18 16 18 34 34 34 16 18 17 16 16 17 
1
1 2 1 2 1 2 2 1 1 
1 1 1 0 2 0 1 0 2 1 2 2 1 0 1 1 0 0 0 0 2 2 2 2 1 0 0 2 0 2 0 0 0 0 1 2 2 1 2 0 2 2 1 2 1 1 2 2 1 1 1 2 1 2 0 1 2 0 2 0 1 1 1 1 0 1 1 1 1 2 0 2 2 2 2 0 2 1 0 0 1 
17 17 17 32 34 32 17 16 18 17 18 18 33 32 33 17 16 16 16 16 18 34 34 34 17 16 16 34 32 34 16 16 16 32 33 34 34 33 34 16 18 18 33 34 33 33 34 34 17 17 17 34 33 34 32 33 34 16 18 16 17 17 17 33 32 33 17 17 17 18 16 18 34 34 34 16 18 17 16 16 17 
1
1 2 1 2 1 2 2 1 1 
1 1 1 0 2 0 1 0 2 1 2 2 1 0 1 1 0 0 0 0 2 2 2 2 1 0 0 2 0 2 0 0 0 0 1 2 2 1 2 0 2 2 1 2 1 1 2 2 1 1 1 2 1 2 0 1 2 0 2 0 1 1 1 1 0 1 1 1 1 2 0 2 2 2 2 0 2 1 0 0 1 
17 17 17 32 34 32 17 16 18 17 18 18 33 32 33 17 16 16 16 16 18 34 34 34 17 16 16 34 32 34 16 16 16 32 33 34 34 33 34 16 18 18 33 34 33 33 34 34 17 17 17 34 33 34 32 33 34 16 18 16 17 17 17 33 32 33 17 17 17 18 16 18 34 34 34 16 18 17 16 16 17 
1
