0 0 0 0 0 0 0 0 0 
0 0 0 0 0 0 0 0 0 0 0 0 0 0 0 0 0 0 0 0 0 0 0 0 0 0 0 0 0 0 0 0 0 0 0 0 0 0 0 0 1 0 0 0 0 0 0 0 0 0 0 0 0 0 0 0 0 0 0 0 0 0 0 0 0 0 0 0 0 0 0 0 0 0 0 0 0 0 0 0 0 
0 0 0 0 0 0 0 0 0 0 0 0 0 0 0 0 0 0 0 0 0 0 0 0 0 0 0 0 0 0 0 0 0 0 0 0 0 0 0 0 1 0 0 0 0 0 0 0 0 0 0 0 0 0 0 0 0 0 0 0 0 0 0 0 0 0 0 0 0 0 0 0 0 0 0 0 0 0 0 0 0 
0
0 0 0 0 0 0 0 0 0 
0 0 0 0 0 0 0 0 0 0 0 0 0 0 0 0 0 0 0 0 0 0 0 0 0 0 0 0 0 0 0 0 0 0 0 0 0 0 0 0 1 0 0 0 0 0 0 0 0 2 0 0 0 0 0 0 0 0 0 0 0 0 0 0 0 0 0 0 0 0 0 0 0 0 0 0 0 0 0 0 0 
0 0 0 0 0 0 0 0 0 0 0 0 0 0 0 0 0 0 0 0 0 0 0 0 0 0 0 0 0 0 0 0 0 0 0 0 0 0 0 0 1 0 0 0 0 0 0 0 0 2 0 0 0 0 0 0 0 0 0 0 0 0 0 0 0 0 0 0 0 0 0 0 0 0 0 0 0 0 0 0 0 
0
0 0 0 0 0 0 0 0 0 
0 0 0 0 0 0 0 0 0 0 0 0 0 0 0 0 0 0 0 0 0 0 0 0 0 0 0 0 0 0 0 0 0 0 0 0 0 0 0 0 1 0 0 0 0 0 0 0 0 2 0 0 0 0 0 0 0 0 0 0 0 0 0 0 0 0 0 0 1 0 0 0 0 0 0 0 0 0 0 0 0 
0 0 0 0 0 0 0 0 0 0 0 0 0 0 0 0 0 0 0 0 0 0 0 0 0 0 0 0 0 0 0 0 0 0 0 0 0 0 0 0 1 0 0 0 0 0 0 0 0 2 0 0 0 0 0 0 0 0 0 0 0 0 0 0 0 0 0 0 1 0 0 0 0 0 0 0 0 0 0 0 0 
0
0 0 0 0 0 0 0 0 0 
0 0 0 0 0 0 0 0 0 0 0 0 0 0 0 0 0 0 0 0 0 0 0 0 0 0 0 0 0 0 0 0 0 0 2 0 0 0 0 0 1 0 0 0 0 0 0 0 0 2 0 0 0 0 0 0 0 0 0 0 0 0 0 0 0 0 0 0 1 0 0 0 0 0 0 0 0 0 0 0 0 
0 0 0 0 0 0 0 0 0 0 0 0 0 0 0 0 0 0 0 0 0 0 0 0 0 0 0 0 0 0 0 0 0 0 2 0 0 0 0 0 1 0 0 0 0 0 0 0 0 2 0 0 0 0 0 0 0 0 0 0 0 0 0 0 0 0 0 0 1 0 0 0 0 0 0 0 0 0 0 0 0 
0
0 0 0 0 0 0 0 0 0 
0 0 0 0 0 0 0 0 0 0 0 0 0 0 0 0 0 0 0 0 0 1 0 0 0 0 0 0 0 0 0 0 0 0 2 0 0 0 0 0 1 0 0 0 0 0 0 0 0 2 0 0 0 0 0 0 0 0 0 0 0 0 0 0 0 0 0 0 1 0 0 0 0 0 0 0 0 0 0 0 0 
0 0 0 0 0 0 0 0 0 0 0 0 0 0 0 0 0 0 0 0 0 1 0 0 0 0 0 0 0 0 0 0 0 0 2 0 0 0 0 0 1 0 0 0 0 0 0 0 0 2 0 0 0 0 0 0 0 0 0 0 0 0 0 0 0 0 0 0 1 0 0 0 0 0 0 0 0 0 0 0 0 
0
0 0 0 0 0 0 0 0 0 
0 0 0 0 0 0 0 0 0 0 0 0 0 0 0 0 0 0 0 0 0 1 0 0 0 0 0 0 0 0 0 0 0 0 2 0 0 0 0 0 1 0 0 0 0 0 0 0 0 2 0 0 0 0 0 0 0 0 0 0 0 0 0 0 0 0 0 0 1 0 0 0 2 0 0 0 0 0 0 0 0 
0 0 0 0 0 0 0 0 0 0 0 0 0 0 0 0 0 0 0 0 0 1 0 0 0 0 0 0 0 0 0 0 0 0 2 0 0 0 0 0 1 0 0 0 0 0 0 0 0 2 0 0 0 0 0 0 0 0 0 0 0 0 0 0 0 0 0 0 1 0 0 0 2 0 0 0 0 0 0 0 0 
0
0 0 0 0 0 0 0 0 0 
0 0 0 0 0 0 0 0 0 0 0 0 0 0 0 0 0 0 0 0 0 1 0 0 0 0 0 0 0 0 0 0 0 0 2 0 0 0 0 0 1 0 0 0 0 0 0 0 0 2 0 0 0 0 0 1 0 0 0 0 0 0 0 0 0 0 0 0 1 0 0 0 2 0 0 0 0 0 0 0 0 
0 0 0 0 0 0 0 0 0 0 0 0 0 0 0 0 0 0 0 0 0 1 0 0 0 0 0 0 0 0 0 0 0 0 2 0 0 0 0 0 1 0 0 0 0 0 0 0 0 2 0 0 0 0 0 1 0 0 0 0 0 0 0 0 0 0 0 0 1 0 0 0 2 0 0 0 0 0 0 0 0 
0
0 0 0 0 0 0 0 0 0 
0 0 0 2 0 0 0 0 0 0 0 0 0 0 0 0 0 0 0 0 0 1 0 0 0 0 0 0 0 0 0 0 0 0 2 0 0 0 0 0 1 0 0 0 0 0 0 0 0 2 0 0 0 0 0 1 0 0 0 0 0 0 0 0 0 0 0 0 1 0 0 0 2 0 0 0 0 0 0 0 0 
0 0 0 2 0 0 0 0 0 0 0 0 0 0 0 0 0 0 0 0 0 1 0 0 0 0 0 0 0 0 0 0 0 0 2 0 0 0 0 0 1 0 0 0 0 0 0 0 0 2 0 0 0 0 0 1 0 0 0 0 0 0 0 0 0 0 0 0 1 0 0 0 2 0 0 0 0 0 0 0 0 
0
0 0 0 0 0 0 0 0 0 
0 0 0 2 0 0 0 0 0 0 0 0 0 0 0 0 0 0 1 0 0 1 0 0 0 0 0 0 0 0 0 0 0 0 2 0 0 0 0 0 1 0 0 0 0 0 0 0 0 2 0 0 0 0 0 1 0 0 0 0 0 0 0 0 0 0 0 0 1 0 0 0 2 0 0 0 0 0 0 0 0 
0 0 0 2 0 0 0 0 0 0 0 0 0 0 0 0 0 0 1 0 0 1 0 0 0 0 0 0 0 0 0 0 0 0 2 0 0 0 0 0 1 0 0 0 0 0 0 0 0 2 0 0 0 0 0 1 0 0 0 0 0 0 0 0 0 0 0 0 1 0 0 0 2 0 0 0 0 0 0 0 0 
0
0 0 0 0 0 0 0 0 0 
0 0 0 2 0 0 0 0 0 0 0 0 0 0 0 0 0 0 1 0 0 1 0 0 0 0 0 0 0 0 0 0 0 0 2 0 0 0 0 0 1 0 0 0 0 0 0 0 0 2 0 0 0 0 0 1 0 0 0 0 0 0 0 2 0 0 0 0 1 0 0 0 2 0 0 0 0 0 0 0 0 
0 0 0 2 0 0 0 0 0 0 0 0 0 0 0 0 0 0 1 0 0 1 0 0 0 0 0 0 0 0 0 0 0 0 2 0 0 0 0 0 1 0 0 0 0 0 0 0 0 2 0 0 0 0 0 1 0 0 0 0 0 0 0 2 0 0 0 0 1 0 0 0 2 0 0 0 0 0 0 0 0 
0
0 0 0 0 0 0 0 0 0 
0 0 0 2 0 0 0 0 0 0 0 0 0 0 0 0 0 0 1 0 0 1 0 0 0 0 0 0 0 0 0 0 0 0 2 0 0 0 0 0 1 0 0 0 0 0 0 1 0 2 0 0 0 0 0 1 0 0 0 0 0 0 0 2 0 0 0 0 1 0 0 0 2 0 0 0 0 0 0 0 0 
0 0 0 2 0 0 0 0 0 0 0 0 0 0 0 0 0 0 1 0 0 1 0 0 0 0 0 0 0 0 0 0 0 0 2 0 0 0 0 0 1 0 0 0 0 0 0 1 0 2 0 0 0 0 0 1 0 0 0 0 0 0 0 2 0 0 0 0 1 0 0 0 2 0 0 0 0 0 0 0 0 
0
0 0 0 0 0 0 0 0 0 
0 0 0 2 0 0 0 0 0 0 0 0 0 0 0 0 0 0 1 0 0 1 0 0 0 0 0 0 0 0 0 0 0 0 2 0 0 0 0 0 1 0 0 0 0 0 0 1 0 2 0 0 0 0 0 1 0 0 0 0 0 0 2 2 0 0 0 0 1 0 0 0 2 0 0 0 0 0 0 0 0 
0 0 0 2 0 0 0 0 0 0 0 0 0 0 0 0 0 0 1 0 0 1 0 0 0 0 0 0 0 0 0 0 0 0 2 0 0 0 0 0 1 0 0 0 0 0 0 1 0 2 0 0 0 0 0 1 0 0 0 0 0 0 2 2 0 0 0 0 1 0 0 0 2 0 0 0 0 0 0 0 0 
0
0 0 0 0 0 0 0 0 0 
0 0 0 2 0 0 1 0 0 0 0 0 0 0 0 0 0 0 1 0 0 1 0 0 0 0 0 0 0 0 0 0 0 0 2 0 0 0 0 0 1 0 0 0 0 0 0 1 0 2 0 0 0 0 0 1 0 0 0 0 0 0 2 2 0 0 0 0 1 0 0 0 2 0 0 0 0 0 0 0 0 
0 0 0 2 0 0 1 0 0 0 0 0 0 0 0 0 0 0 1 0 0 1 0 0 0 0 0 0 0 0 0 0 0 0 2 0 0 0 0 0 1 0 0 0 0 0 0 1 0 2 0 0 0 0 0 1 0 0 0 0 0 0 2 2 0 0 0 0 1 0 0 0 2 0 0 0 0 0 0 0 0 
0
0 0 0 0 0 0 0 0 0 
0 0 0 2 0 0 1 0 0 0 0 0 0 0 0 0 0 0 1 0 2 1 0 0 0 0 0 0 0 0 0 0 0 0 2 0 0 0 0 0 1 0 0 0 0 0 0 1 0 2 0 0 0 0 0 1 0 0 0 0 0 0 2 2 0 0 0 0 1 0 0 0 2 0 0 0 0 0 0 0 0 
0 0 0 2 0 0 1 0 0 0 0 0 0 0 0 0 0 0 1 0 2 1 0 0 0 0 0 0 0 0 0 0 0 0 2 0 0 0 0 0 1 0 0 0 0 0 0 1 0 2 0 0 0 0 0 1 0 0 0 0 0 0 2 2 0 0 0 0 1 0 0 0 2 0 0 0 0 0 0 0 0 
0
0 0 0 0 0 0 0 0 0 
0 0 0 2 0 0 1 0 0 0 0 0 0 0 0 0 0 0 1 0 2 1 0 0 0 0 0 0 0 0 0 0 0 0 2 0 0 0 0 0 1 0 0 0 0 0 0 1 0 2 0 0 0 0 0 1 0 0 0 0 0 0 2 2 0 0 0 0 1 1 0 0 2 0 0 0 0 0 0 0 0 
0 0 0 2 0 0 1 0 0 0 0 0 0 0 0 0 0 0 1 0 2 1 0 0 0 0 0 0 0 0 0 0 0 0 2 0 0 0 0 0 1 0 0 0 0 0 0 1 0 2 0 0 0 0 0 1 0 0 0 0 0 0 2 2 0 0 0 0 1 1 0 0 2 0 0 0 0 0 0 0 0 
0
0 0 0 0 0 0 0 0 0 
0 0 0 2 0 0 1 0 0 0 0 0 0 0 0 0 0 0 1 0 2 1 0 0 0 0 0 0 0 0 0 0 0 0 2 0 0 0 2 0 1 0 0 0 0 0 0 1 0 2 0 0 0 0 0 1 0 0 0 0 0 0 2 2 0 0 0 0 1 1 0 0 2 0 0 0 0 0 0 0 0 
0 0 0 2 0 0 1 0 0 0 0 0 0 0 0 0 0 0 1 0 2 1 0 0 0 0 0 0 0 0 0 0 0 0 2 0 0 0 2 0 1 0 0 0 0 0 0 1 0 2 0 0 0 0 0 1 0 0 0 0 0 0 2 2 0 0 0 0 1 1 0 0 2 0 0 0 0 0 0 0 0 
0
0 0 0 0 0 0 0 0 0 
0 0 0 2 0 0 1 0 0 0 0 0 0 0 0 0 0 0 1 0 2 1 0 0 0 0 0 0 0 0 0 0 0 0 2 0 0 0 2 0 1 0 0 0 1 0 0 1 0 2 0 0 0 0 0 1 0 0 0 0 0 0 2 2 0 0 0 0 1 1 0 0 2 0 0 0 0 0 0 0 0 
0 0 0 2 0 0 1 0 0 0 0 0 0 0 0 0 0 0 1 0 2 1 0 0 0 0 0 0 0 0 0 0 0 0 2 0 0 0 2 0 1 0 0 0 1 0 0 1 0 2 0 0 0 0 0 1 0 0 0 0 0 0 2 2 0 0 0 0 1 1 0 0 2 0 0 0 0 0 0 0 0 
0
0 0 0 0 0 0 0 0 0 
0 0 0 2 0 0 1 0 0 0 0 0 0 0 0 0 0 0 1 0 2 1 0 0 0 0 0 0 0 0 0 0 0 0 2 2 0 0 2 0 1 0 0 0 1 0 0 1 0 2 0 0 0 0 0 1 0 0 0 0 0 0 2 2 0 0 0 0 1 1 0 0 2 0 0 0 0 0 0 0 0 
0 0 0 2 0 0 1 0 0 0 0 0 0 0 0 0 0 0 1 0 2 1 0 0 0 0 0 0 0 0 0 0 0 0 2 2 0 0 2 0 1 0 0 0 1 0 0 1 0 2 0 0 0 0 0 1 0 0 0 0 0 0 2 2 0 0 0 0 1 1 0 0 2 0 0 0 0 0 0 0 0 
0
0 0 0 0 0 0 0 0 0 
0 0 0 2 0 0 1 1 0 0 0 0 0 0 0 0 0 0 1 0 2 1 0 0 0 0 0 0 0 0 0 0 0 0 2 2 0 0 2 0 1 0 0 0 1 0 0 1 0 2 0 0 0 0 0 1 0 0 0 0 0 0 2 2 0 0 0 0 1 1 0 0 2 0 0 0 0 0 0 0 0 
0 0 0 2 0 0 1 1 0 0 0 0 0 0 0 0 0 0 1 0 2 1 0 0 0 0 0 0 0 0 0 0 0 0 2 2 0 0 2 0 1 0 0 0 1 0 0 1 0 2 0 0 0 0 0 1 0 0 0 0 0 0 2 2 0 0 0 0 1 1 0 0 2 0 0 0 0 0 0 0 0 
0
0 0 0 0 0 0 0 0 0 
0 0 0 2 0 2 1 1 0 0 0 0 0 0 0 0 0 0 1 0 2 1 0 0 0 0 0 0 0 0 0 0 0 0 2 2 0 0 2 0 1 0 0 0 1 0 0 1 0 2 0 0 0 0 0 1 0 0 0 0 0 0 2 2 0 0 0 0 1 1 0 0 2 0 0 0 0 0 0 0 0 
0 0 0 2 0 2 1 1 0 0 0 0 0 0 0 0 0 0 1 0 2 1 0 0 0 0 0 0 0 0 0 0 0 0 2 2 0 0 2 0 1 0 0 0 1 0 0 1 0 2 0 0 0 0 0 1 0 0 0 0 0 0 2 2 0 0 0 0 1 1 0 0 2 0 0 0 0 0 0 0 0 
0
0 0 0 0 0 0 0 0 0 
0 0 0 2 0 2 1 1 0 0 0 0 0 0 0 0 0 0 1 0 2 1 0 0 0 1 0 0 0 0 0 0 0 0 2 2 0 0 2 0 1 0 0 0 1 0 0 1 0 2 0 0 0 0 0 1 0 0 0 0 0 0 2 2 0 0 0 0 1 1 0 0 2 0 0 0 0 0 0 0 0 
0 0 0 2 0 2 1 1 0 0 0 0 0 0 0 0 0 0 1 0 2 1 0 0 0 1 0 0 0 0 0 0 0 0 2 2 0 0 2 0 1 0 0 0 1 0 0 1 0 2 0 0 0 0 0 1 0 0 0 0 0 0 2 2 0 0 0 0 1 1 0 0 2 0 0 0 0 0 0 0 0 
0
0 0 0 0 0 0 0 0 0 
0 0 0 2 0 2 1 1 0 0 0 0 0 0 0 0 0 0 1 0 2 1 0 0 0 1 0 0 0 0 0 0 0 0 2 2 0 0 2 0 1 0 0 0 1 0 0 1 0 2 0 0 0 0 0 1 0 0 0 2 0 0 2 2 0 0 0 0 1 1 0 0 2 0 0 0 0 0 0 0 0 
0 0 0 2 0 2 1 1 0 0 0 0 0 0 0 0 0 0 1 0 2 1 0 0 0 1 0 0 0 0 0 0 0 0 2 2 0 0 2 0 1 0 0 0 1 0 0 1 0 2 0 0 0 0 0 1 0 0 0 2 0 0 2 2 0 0 0 0 1 1 0 0 2 0 0 0 0 0 0 0 0 
0
0 0 1 0 0 0 0 0 0 
0 0 0 2 0 2 1 1 0 0 0 0 0 0 0 0 1 0 1 0 2 1 0 0 0 1 0 0 0 0 0 0 0 0 2 2 0 0 2 0 1 0 0 0 1 0 0 1 0 2 0 0 0 0 0 1 0 0 0 2 0 0 2 2 0 0 0 0 1 1 0 0 2 0 0 0 0 0 0 0 0 
0 0 0 2 0 2 17 17 16 0 0 0 0 0 0 16 17 16 1 0 2 1 0 0 16 17 16 0 0 0 0 0 0 0 2 2 0 0 2 0 1 0 0 0 1 0 0 1 0 2 0 0 0 0 0 1 0 0 0 2 0 0 2 2 0 0 0 0 1 1 0 0 2 0 0 0 0 0 0 0 0 
0
0 0 1 0 0 0 0 0 0 
0 0 0 2 0 2 1 1 0 0 0 0 0 0 0 0 1 0 1 0 2 1 0 0 0 1 0 0 0 0 0 0 0 0 2 2 0 0 2 0 1 0 0 0 1 0 0 1 0 2 2 0 0 0 0 1 0 0 0 2 0 0 2 2 0 0 0 0 1 1 0 0 2 0 0 0 0 0 0 0 0 
0 0 0 2 0 2 17 17 16 0 0 0 0 0 0 16 17 16 1 0 2 1 0 0 16 17 16 0 0 0 0 0 0 0 2 2 0 0 2 0 1 0 0 0 1 0 0 1 0 2 2 0 0 0 0 1 0 0 0 2 0 0 2 2 0 0 0 0 1 1 0 0 2 0 0 0 0 0 0 0 0 
0
0 0 1 0 0 0 0 0 0 
0 0 0 2 0 2 1 1 0 0 0 0 0 0 0 0 1 0 1 0 2 1 0 0 0 1 0 0 0 0 0 0 0 0 2 2 0 0 2 0 1 0 0 0 1 0 0 1 0 2 2 0 0 0 0 1 0 0 0 2 1 0 2 2 0 0 0 0 1 1 0 0 2 0 0 0 0 0 0 0 0 
0 0 0 2 0 2 17 17 16 0 0 0 0 0 0 16 17 16 1 0 2 1 0 0 16 17 16 0 0 0 0 0 0 0 2 2 0 0 2 0 1 0 0 0 1 0 0 1 0 2 2 0 0 0 0 1 0 0 0 2 1 0 2 2 0 0 0 0 1 1 0 0 2 0 0 0 0 0 0 0 0 
0
0 0 1 0 0 0 0 0 0 
0 0 0 2 0 2 1 1 0 0 0 0 0 0 0 0 1 0 1 2 2 1 0 0 0 1 0 0 0 0 0 0 0 0 2 2 0 0 2 0 1 0 0 0 1 0 0 1 0 2 2 0 0 0 0 1 0 0 0 2 1 0 2 2 0 0 0 0 1 1 0 0 2 0 0 0 0 0 0 0 0 
0 0 0 2 0 2 17 17 16 0 0 0 0 0 0 16 17 16 1 2 2 1 0 0 16 17 16 0 0 0 0 0 0 0 2 2 0 0 2 0 1 0 0 0 1 0 0 1 0 2 2 0 0 0 0 1 0 0 0 2 1 0 2 2 0 0 0 0 1 1 0 0 2 0 0 0 0 0 0 0 0 
0
0 0 1 0 0 0 0 0 0 
0 0 0 2 0 2 1 1 0 0 0 0 0 0 0 0 1 0 1 2 2 1 0 0 0 1 0 0 0 0 0 0 0 0 2 2 0 0 2 0 1 0 0 0 1 0 0 1 0 2 2 0 0 0 0 1 0 0 0 2 1 0 2 2 0 0 1 0 1 1 0 0 2 0 0 0 0 0 0 0 0 
0 0 0 2 0 2 17 17 16 0 0 0 0 0 0 16 17 16 1 2 2 1 0 0 16 17 16 0 0 0 0 0 0 0 2 2 0 0 2 0 1 0 0 0 1 0 0 1 0 2 2 0 0 0 0 1 0 0 0 2 1 0 2 2 0 0 1 0 1 1 0 0 2 0 0 0 0 0 0 0 0 
0
0 0 1 0 0 0 0 0 0 
0 0 0 2 0 2 1 1 0 0 0 0 0 0 0 0 1 0 1 2 2 1 0 0 0 1 0 0 0 0 0 0 0 0 2 2 2 0 2 0 1 0 0 0 1 0 0 1 0 2 2 0 0 0 0 1 0 0 0 2 1 0 2 2 0 0 1 0 1 1 0 0 2 0 0 0 0 0 0 0 0 
0 0 0 2 0 2 17 17 16 0 0 0 0 0 0 16 17 16 1 2 2 1 0 0 16 17 16 0 0 0 0 0 0 0 2 2 2 0 2 0 1 0 0 0 1 0 0 1 0 2 2 0 0 0 0 1 0 0 0 2 1 0 2 2 0 0 1 0 1 1 0 0 2 0 0 0 0 0 0 0 0 
0
0 0 1 0 0 0 0 0 0 
0 0 0 2 0 2 1 1 0 0 0 0 0 0 0 0 1 0 1 2 2 1 0 0 0 1 0 0 0 0 0 0 0 0 2 2 2 0 2 0 1 0 0 0 1 0 1 1 0 2 2 0 0 0 0 1 0 0 0 2 1 0 2 2 0 0 1 0 1 1 0 0 2 0 0 0 0 0 0 0 0 
0 0 0 2 0 2 17 17 16 0 0 0 0 0 0 16 17 16 1 2 2 1 0 0 16 17 16 0 0 0 0 0 0 0 2 2 2 0 2 0 1 0 0 0 1 0 1 1 0 2 2 0 0 0 0 1 0 0 0 2 1 0 2 2 0 0 1 0 1 1 0 0 2 0 0 0 0 0 0 0 0 
0
0 0 1 0 0 0 0 0 0 
0 0 0 2 0 2 1 1 0 0 0 0 0 0 0 0 1 0 1 2 2 1 0 0 0 1 0 0 0 0 0 0 0 0 2 2 2 0 2 0 1 0 0 0 1 0 1 1 0 2 2 0 0 0 0 1 0 0 0 2 1 0 2 2 0 0 1 2 1 1 0 0 2 0 0 0 0 0 0 0 0 
0 0 0 2 0 2 17 17 16 0 0 0 0 0 0 16 17 16 1 2 2 1 0 0 16 17 16 0 0 0 0 0 0 0 2 2 2 0 2 0 1 0 0 0 1 0 1 1 0 2 2 0 0 0 0 1 0 0 0 2 1 0 2 2 0 0 1 2 1 1 0 0 2 0 0 0 0 0 0 0 0 
0
0 0 1 0 0 0 0 0 0 
0 0 0 2 0 2 1 1 0 0 0 0 0 0 0 0 1 0 1 2 2 1 0 0 0 1 0 0 0 0 0 0 0 0 2 2 2 0 2 1 1 0 0 0 1 0 1 1 0 2 2 0 0 0 0 1 0 0 0 2 1 0 2 2 0 0 1 2 1 1 0 0 2 0 0 0 0 0 0 0 0 
0 0 0 2 0 2 17 17 16 0 0 0 0 0 0 16 17 16 1 2 2 1 0 0 16 17 16 0 0 0 0 0 0 0 2 2 2 0 2 1 1 0 0 0 1 0 1 1 0 2 2 0 0 0 0 1 0 0 0 2 1 0 2 2 0 0 1 2 1 1 0 0 2 0 0 0 0 0 0 0 0 
0
0 0 1 0 0 0 0 0 0 
0 0 0 2 0 2 1 1 0 0 0 0 0 0 0 0 1 0 1 2 2 1 0 0 0 1 0 0 0 0 0 0 0 0 2 2 2 0 2 1 1 0 0 0 1 2 1 1 0 2 2 0 0 0 0 1 0 0 0 2 1 0 2 2 0 0 1 2 1 1 0 0 2 0 0 0 0 0 0 0 0 
0 0 0 2 0 2 17 17 16 0 0 0 0 0 0 16 17 16 1 2 2 1 0 0 16 17 16 0 0 0 0 0 0 0 2 2 2 0 2 1 1 0 0 0 1 2 1 1 0 2 2 0 0 0 0 1 0 0 0 2 1 0 2 2 0 0 1 2 1 1 0 0 2 0 0 0 0 0 0 0 0 
0
0 0 1 0 0 0 0 0 0 
0 0 0 2 0 2 1 1 0 0 0 0 0 0 0 0 1 0 1 2 2 1 0 0 0 1 0 0 0 0 0 0 0 0 2 2 2 0 2 1 1 0 0 0 1 2 1 1 0 2 2 0 0 0 1 1 0 0 0 2 1 0 2 2 0 0 1 2 1 1 0 0 2 0 0 0 0 0 0 0 0 
0 0 0 2 0 2 17 17 16 0 0 0 0 0 0 16 17 16 1 2 2 1 0 0 16 17 16 0 0 0 0 0 0 0 2 2 2 0 2 1 1 0 0 0 1 2 1 1 0 2 2 0 0 0 1 1 0 0 0 2 1 0 2 2 0 0 1 2 1 1 0 0 2 0 0 0 0 0 0 0 0 
0
0 0 1 0 0 0 0 0 0 
0 2 0 2 0 2 1 1 0 0 0 0 0 0 0 0 1 0 1 2 2 1 0 0 0 1 0 0 0 0 0 0 0 0 2 2 2 0 2 1 1 0 0 0 1 2 1 1 0 2 2 0 0 0 1 1 0 0 0 2 1 0 2 2 0 0 1 2 1 1 0 0 2 0 0 0 0 0 0 0 0 
0 2 0 2 0 2 17 17 16 0 0 0 0 0 0 16 17 16 1 2 2 1 0 0 16 17 16 0 0 0 0 0 0 0 2 2 2 0 2 1 1 0 0 0 1 2 1 1 0 2 2 0 0 0 1 1 0 0 0 2 1 0 2 2 0 0 1 2 1 1 0 0 2 0 0 0 0 0 0 0 0 
0
0 0 1 0 0 0 0 0 0 
0 2 0 2 1 2 1 1 0 0 0 0 0 0 0 0 1 0 1 2 2 1 0 0 0 1 0 0 0 0 0 0 0 0 2 2 2 0 2 1 1 0 0 0 1 2 1 1 0 2 2 0 0 0 1 1 0 0 0 2 1 0 2 2 0 0 1 2 1 1 0 0 2 0 0 0 0 0 0 0 0 
0 2 0 2 1 2 17 17 16 0 0 0 0 0 0 16 17 16 1 2 2 1 0 0 16 17 16 0 0 0 0 0 0 0 2 2 2 0 2 1 1 0 0 0 1 2 1 1 0 2 2 0 0 0 1 1 0 0 0 2 1 0 2 2 0 0 1 2 1 1 0 0 2 0 0 0 0 0 0 0 0 
0
0 0 1 0 0 0 0 0 0 
0 2 0 2 1 2 1 1 0 0 0 0 0 0 0 0 1 0 1 2 2 1 2 0 0 1 0 0 0 0 0 0 0 0 2 2 2 0 2 1 1 0 0 0 1 2 1 1 0 2 2 0 0 0 1 1 0 0 0 2 1 0 2 2 0 0 1 2 1 1 0 0 2 0 0 0 0 0 0 0 0 
0 2 0 2 1 2 17 17 16 0 0 0 0 0 0 16 17 16 1 2 2 1 2 0 16 17 16 0 0 0 0 0 0 0 2 2 2 0 2 1 1 0 0 0 1 2 1 1 0 2 2 0 0 0 1 1 0 0 0 2 1 0 2 2 0 0 1 2 1 1 0 0 2 0 0 0 0 0 0 0 0 
0
0 0 1 0 0 0 0 0 0 
0 2 0 2 1 2 1 1 0 0 0 0 0 0 0 0 1 0 1 2 2 1 2 0 0 1 0 0 0 0 0 0 0 0 2 2 2 0 2 1 1 0 0 0 1 2 1 1 0 2 2 0 0 0 1 1 0 0 0 2 1 0 2 2 0 0 1 2 1 1 0 0 2 0 0 1 0 0 0 0 0 
0 2 0 2 1 2 17 17 16 0 0 0 0 0 0 16 17 16 1 2 2 1 2 0 16 17 16 0 0 0 0 0 0 0 2 2 2 0 2 1 1 0 0 0 1 2 1 1 0 2 2 0 0 0 1 1 0 0 0 2 1 0 2 2 0 0 1 2 1 1 0 0 2 0 0 1 0 0 0 0 0 
0
0 0 1 0 0 0 0 0 0 
0 2 0 2 1 2 1 1 0 0 0 0 0 0 0 0 1 0 1 2 2 1 2 0 0 1 0 0 0 0 0 0 0 0 2 2 2 0 2 1 1 0 0 0 1 2 1 1 0 2 2 0 0 0 1 1 0 0 0 2 1 0 2 2 0 0 1 2 1 1 0 0 2 0 2 1 0 0 0 0 0 
0 2 0 2 1 2 17 17 16 0 0 0 0 0 0 16 17 16 1 2 2 1 2 0 16 17 16 0 0 0 0 0 0 0 2 2 2 0 2 1 1 0 0 0 1 2 1 1 0 2 2 0 0 0 1 1 0 0 0 2 1 0 2 2 0 0 1 2 1 1 0 0 2 0 2 1 0 0 0 0 0 
0
0 0 1 0 0 0 0 0 0 
0 2 0 2 1 2 1 1 0 0 0 0 0 0 0 0 1 0 1 2 2 1 2 0 0 1 0 0 0 0 0 0 0 0 2 2 2 0 2 1 1 0 0 0 1 2 1 1 0 2 2 0 0 0 1 1 0 0 0 2 1 1 2 2 0 0 1 2 1 1 0 0 2 0 2 1 0 0 0 0 0 
0 2 0 2 1 2 17 17 16 0 0 0 0 0 0 16 17 16 1 2 2 1 2 0 16 17 16 0 0 0 0 0 0 0 2 2 2 0 2 1 1 0 0 0 1 2 1 1 0 2 2 0 0 0 1 1 0 0 0 2 1 1 2 2 0 0 1 2 1 1 0 0 2 0 2 1 0 0 0 0 0 
0
0 0 1 0 0 0 0 0 0 
0 2 0 2 1 2 1 1 0 0 0 0 0 0 2 0 1 0 1 2 2 1 2 0 0 1 0 0 0 0 0 0 0 0 2 2 2 0 2 1 1 0 0 0 1 2 1 1 0 2 2 0 0 0 1 1 0 0 0 2 1 1 2 2 0 0 1 2 1 1 0 0 2 0 2 1 0 0 0 0 0 
0 2 0 2 1 2 17 17 16 0 0 0 0 0 2 16 17 16 1 2 2 1 2 0 16 17 16 0 0 0 0 0 0 0 2 2 2 0 2 1 1 0 0 0 1 2 1 1 0 2 2 0 0 0 1 1 0 0 0 2 1 1 2 2 0 0 1 2 1 1 0 0 2 0 2 1 0 0 0 0 0 
0
0 0 1 0 0 0 0 0 0 
0 2 0 2 1 2 1 1 0 0 0 0 0 0 2 0 1 0 1 2 2 1 2 0 0 1 0 0 0 0 0 0 0 1 2 2 2 0 2 1 1 0 0 0 1 2 1 1 0 2 2 0 0 0 1 1 0 0 0 2 1 1 2 2 0 0 1 2 1 1 0 0 2 0 2 1 0 0 0 0 0 
0 2 0 2 1 2 17 17 16 0 0 0 0 0 2 16 17 16 1 2 2 1 2 0 16 17 16 0 0 0 0 0 0 1 2 2 2 0 2 1 1 0 0 0 1 2 1 1 0 2 2 0 0 0 1 1 0 0 0 2 1 1 2 2 0 0 1 2 1 1 0 0 2 0 2 1 0 0 0 0 0 
0
0 0 1 0 0 0 0 0 0 
2 2 0 2 1 2 1 1 0 0 0 0 0 0 2 0 1 0 1 2 2 1 2 0 0 1 0 0 0 0 0 0 0 1 2 2 2 0 2 1 1 0 0 0 1 2 1 1 0 2 2 0 0 0 1 1 0 0 0 2 1 1 2 2 0 0 1 2 1 1 0 0 2 0 2 1 0 0 0 0 0 
2 2 0 2 1 2 17 17 16 0 0 0 0 0 2 16 17 16 1 2 2 1 2 0 16 17 16 0 0 0 0 0 0 1 2 2 2 0 2 1 1 0 0 0 1 2 1 1 0 2 2 0 0 0 1 1 0 0 0 2 1 1 2 2 0 0 1 2 1 1 0 0 2 0 2 1 0 0 0 0 0 
0
0 0 1 0 0 0 0 0 0 
2 2 0 2 1 2 1 1 0 0 0 1 0 0 2 0 1 0 1 2 2 1 2 0 0 1 0 0 0 0 0 0 0 1 2 2 2 0 2 1 1 0 0 0 1 2 1 1 0 2 2 0 0 0 1 1 0 0 0 2 1 1 2 2 0 0 1 2 1 1 0 0 2 0 2 1 0 0 0 0 0 
2 2 0 2 1 2 17 17 16 0 0 1 0 0 2 16 17 16 1 2 2 1 2 0 16 17 16 0 0 0 0 0 0 1 2 2 2 0 2 1 1 0 0 0 1 2 1 1 0 2 2 0 0 0 1 1 0 0 0 2 1 1 2 2 0 0 1 2 1 1 0 0 2 0 2 1 0 0 0 0 0 
0
0 0 1 0 0 0 0 0 0 
2 2 0 2 1 2 1 1 0 0 0 1 0 0 2 0 1 0 1 2 2 1 2 0 0 1 0 0 0 0 0 0 0 1 2 2 2 0 2 1 1 0 0 0 1 2 1 1 0 2 2 2 0 0 1 1 0 0 0 2 1 1 2 2 0 0 1 2 1 1 0 0 2 0 2 1 0 0 0 0 0 
2 2 0 2 1 2 17 17 16 0 0 1 0 0 2 16 17 16 1 2 2 1 2 0 16 17 16 0 0 0 0 0 0 1 2 2 2 0 2 1 1 0 0 0 1 2 1 1 0 2 2 2 0 0 1 1 0 0 0 2 1 1 2 2 0 0 1 2 1 1 0 0 2 0 2 1 0 0 0 0 0 
0
0 0 1 0 0 0 0 0 0 
2 2 0 2 1 2 1 1 0 0 0 1 0 0 2 0 1 0 1 2 2 1 2 0 0 1 0 0 0 0 0 0 0 1 2 2 2 0 2 1 1 0 0 0 1 2 1 1 0 2 2 2 0 0 1 1 0 0 0 2 1 1 2 2 0 1 1 2 1 1 0 0 2 0 2 1 0 0 0 0 0 
2 2 0 2 1 2 17 17 16 0 0 1 0 0 2 16 17 16 1 2 2 1 2 0 16 17 16 0 0 0 0 0 0 1 2 2 2 0 2 1 1 0 0 0 1 2 1 1 0 2 2 2 0 0 1 1 0 0 0 2 1 1 2 2 0 1 1 2 1 1 0 0 2 0 2 1 0 0 0 0 0 
0
0 0 1 0 0 2 0 0 0 
2 2 0 2 1 2 1 1 0 0 0 1 0 0 2 0 1 0 1 2 2 1 2 0 0 1 0 0 0 0 0 0 0 1 2 2 2 0 2 1 1 0 0 2 1 2 1 1 0 2 2 2 0 0 1 1 0 0 0 2 1 1 2 2 0 1 1 2 1 1 0 0 2 0 2 1 0 0 0 0 0 
2 2 0 2 1 2 17 17 16 0 0 1 0 0 2 16 17 16 1 2 2 1 2 0 16 17 16 0 0 0 0 0 0 33 34 34 2 0 2 1 1 0 32 34 33 2 1 1 0 2 2 34 32 32 1 1 0 0 0 2 1 1 2 2 0 1 1 2 1 1 0 0 2 0 2 1 0 0 0 0 0 
0
0 0 1 0 0 2 0 0 0 
2 2 0 2 1 2 1 1 0 0 0 1 0 0 2 0 1 0 1 2 2 1 2 0 0 1 0 0 0 0 0 1 0 1 2 2 2 0 2 1 1 0 0 2 1 2 1 1 0 2 2 2 0 0 1 1 0 0 0 2 1 1 2 2 0 1 1 2 1 1 0 0 2 0 2 1 0 0 0 0 0 
2 2 0 2 1 2 17 17 16 0 0 1 0 0 2 16 17 16 1 2 2 1 2 0 16 17 16 0 0 0 0 1 0 33 34 34 2 0 2 1 1 0 32 34 33 2 1 1 0 2 2 34 32 32 1 1 0 0 0 2 1 1 2 2 0 1 1 2 1 1 0 0 2 0 2 1 0 0 0 0 0 
0
0 2 1 0 0 2 0 0 0 
2 2 0 2 1 2 1 1 0 0 0 1 0 0 2 0 1 0 1 2 2 1 2 2 0 1 0 0 0 0 0 1 0 1 2 2 2 0 2 1 1 0 0 2 1 2 1 1 0 2 2 2 0 0 1 1 0 0 0 2 1 1 2 2 0 1 1 2 1 1 0 0 2 0 2 1 0 0 0 0 0 
2 2 0 34 33 34 17 17 16 0 0 1 32 32 34 16 17 16 1 2 2 33 34 34 16 17 16 0 0 0 0 1 0 33 34 34 2 0 2 1 1 0 32 34 33 2 1 1 0 2 2 34 32 32 1 1 0 0 0 2 1 1 2 2 0 1 1 2 1 1 0 0 2 0 2 1 0 0 0 0 0 
0
0 2 1 0 0 2 0 0 0 
2 2 0 2 1 2 1 1 0 0 0 1 0 0 2 0 1 0 1 2 2 1 2 2 0 1 0 0 0 0 0 1 0 1 2 2 2 0 2 1 1 0 0 2 1 2 1 1 0 2 2 2 0 0 1 1 0 0 0 2 1 1 2 2 0 1 1 2 1 1 0 0 2 0 2 1 0 0 0 0 1 
2 2 0 34 33 34 17 17 16 0 0 1 32 32 34 16 17 16 1 2 2 33 34 34 16 17 16 0 0 0 0 1 0 33 34 34 2 0 2 1 1 0 32 34 33 2 1 1 0 2 2 34 32 32 1 1 0 0 0 2 1 1 2 2 0 1 1 2 1 1 0 0 2 0 2 1 0 0 0 0 1 
0
0 2 1 0 0 2 0 0 0 
2 2 0 2 1 2 1 1 0 0 0 1 0 0 2 0 1 0 1 2 2 1 2 2 0 1 0 0 0 0 0 1 0 1 2 2 2 0 2 1 1 0 0 2 1 2 1 1 0 2 2 2 0 0 1 1 0 0 0 2 1 1 2 2 0 1 1 2 1 1 0 0 2 0 2 1 0 0 2 0 1 
2 2 0 34 33 34 17 17 16 0 0 1 32 32 34 16 17 16 1 2 2 33 34 34 16 17 16 0 0 0 0 1 0 33 34 34 2 0 2 1 1 0 32 34 33 2 1 1 0 2 2 34 32 32 1 1 0 0 0 2 1 1 2 2 0 1 1 2 1 1 0 0 2 0 2 1 0 0 2 0 1 
0
0 2 1 0 0 2 0 0 0 
2 2 0 2 1 2 1 1 0 0 0 1 0 0 2 0 1 0 1 2 2 1 2 2 0 1 0 0 0 0 0 1 0 1 2 2 2 0 2 1 1 0 0 2 1 2 1 1 0 2 2 2 0 0 1 1 0 0 0 2 1 1 2 2 1 1 1 2 1 1 0 0 2 0 2 1 0 0 2 0 1 
2 2 0 34 33 34 17 17 16 0 0 1 32 32 34 16 17 16 1 2 2 33 34 34 16 17 16 0 0 0 0 1 0 33 34 34 2 0 2 1 1 0 32 34 33 2 1 1 0 2 2 34 32 32 1 1 0 0 0 2 1 1 2 2 1 1 1 2 1 1 0 0 2 0 2 1 0 0 2 0 1 
0
0 2 1 0 2 2 0 0 0 
2 2 0 2 1 2 1 1 0 0 0 1 0 0 2 0 1 0 1 2 2 1 2 2 0 1 0 0 0 0 0 1 0 1 2 2 2 0 2 1 1 0 0 2 1 2 1 1 2 2 2 2 0 0 1 1 0 0 0 2 1 1 2 2 1 1 1 2 1 1 0 0 2 0 2 1 0 0 2 0 1 
2 2 0 34 33 34 17 17 16 0 0 1 32 32 34 16 17 16 1 2 2 33 34 34 16 17 16 0 0 0 32 33 32 33 34 34 2 0 2 33 33 32 32 34 33 2 1 1 34 34 34 34 32 32 1 1 0 0 0 2 1 1 2 2 1 1 1 2 1 1 0 0 2 0 2 1 0 0 2 0 1 
0
0 2 1 0 2 2 1 0 0 
2 2 0 2 1 2 1 1 0 0 0 1 0 0 2 0 1 0 1 2 2 1 2 2 0 1 0 0 0 0 0 1 0 1 2 2 2 0 2 1 1 0 0 2 1 2 1 1 2 2 2 2 0 0 1 1 0 0 0 2 1 1 2 2 1 1 1 2 1 1 0 0 2 1 2 1 0 0 2 0 1 
2 2 0 34 33 34 17 17 16 0 0 1 32 32 34 16 17 16 1 2 2 33 34 34 16 17 16 0 0 0 32 33 32 33 34 34 2 0 2 33 33 32 32 34 33 2 1 1 34 34 34 34 32 32 17 17 16 0 0 2 1 1 2 18 17 17 1 2 1 1 0 0 18 17 18 1 0 0 2 0 1 
0
0 2 1 0 2 2 1 0 0 
2 2 0 2 1 2 1 1 0 0 0 1 0 0 2 0 1 0 1 2 2 1 2 2 0 1 0 0 0 0 0 1 0 1 2 2 2 0 2 1 1 0 0 2 1 2 1 1 2 2 2 2 0 0 1 1 0 2 0 2 1 1 2 2 1 1 1 2 1 1 0 0 2 1 2 1 0 0 2 0 1 
2 2 0 34 33 34 17 17 16 0 0 1 32 32 34 16 17 16 1 2 2 33 34 34 16 17 16 0 0 0 32 33 32 33 34 34 2 0 2 33 33 32 32 34 33 2 1 1 34 34 34 34 32 32 17 17 16 2 0 2 1 1 2 18 17 17 1 2 1 1 0 0 18 17 18 1 0 0 2 0 1 
0
0 2 1 0 2 2 1 0 0 
2 2 0 2 1 2 1 1 0 1 0 1 0 0 2 0 1 0 1 2 2 1 2 2 0 1 0 0 0 0 0 1 0 1 2 2 2 0 2 1 1 0 0 2 1 2 1 1 2 2 2 2 0 0 1 1 0 2 0 2 1 1 2 2 1 1 1 2 1 1 0 0 2 1 2 1 0 0 2 0 1 
2 2 0 34 33 34 17 17 16 1 0 1 32 32 34 16 17 16 1 2 2 33 34 34 16 17 16 0 0 0 32 33 32 33 34 34 2 0 2 33 33 32 32 34 33 2 1 1 34 34 34 34 32 32 17 17 16 2 0 2 1 1 2 18 17 17 1 2 1 1 0 0 18 17 18 1 0 0 2 0 1 
0
0 2 1 2 2 2 1 0 0 
2 2 0 2 1 2 1 1 0 1 0 1 0 0 2 0 1 0 1 2 2 1 2 2 0 1 0 0 0 0 0 1 0 1 2 2 2 2 2 1 1 0 0 2 1 2 1 1 2 2 2 2 0 0 1 1 0 2 0 2 1 1 2 2 1 1 1 2 1 1 0 0 2 1 2 1 0 0 2 0 1 
2 2 0 34 33 34 17 17 16 1 0 1 32 32 34 16 17 16 1 2 2 33 34 34 16 17 16 32 32 32 32 33 32 33 34 34 34 34 34 33 33 32 32 34 33 34 33 33 34 34 34 34 32 32 17 17 16 2 0 2 1 1 2 18 17 17 1 2 1 1 0 0 18 17 18 1 0 0 2 0 1 
0
0 2 1 2 2 2 1 0 0 
2 2 0 2 1 2 1 1 0 1 0 1 0 0 2 0 1 0 1 2 2 1 2 2 0 1 0 0 0 0 0 1 0 1 2 2 2 2 2 1 1 0 0 2 1 2 1 1 2 2 2 2 0 0 1 1 0 2 0 2 1 1 2 2 1 1 1 2 1 1 0 0 2 1 2 1 0 0 2 0 1 
2 2 0 34 33 34 17 17 16 1 0 1 32 32 34 16 17 16 1 2 2 33 34 34 16 17 16 32 32 32 32 33 32 33 34 34 34 34 34 33 33 32 32 34 33 34 33 33 34 34 34 34 32 32 17 17 16 2 0 2 1 1 2 18 17 17 1 2 1 1 0 0 18 17 18 1 0 0 2 0 1 
0
