0 0 0 0 0 0 0 0 0 
0 0 0 0 0 0 0 0 0 0 0 0 0 0 0 0 0 0 0 0 0 0 0 0 0 0 0 0 0 0 0 0 0 0 0 0 0 0 0 0 1 0 0 0 0 0 0 0 0 0 0 0 0 0 0 0 0 0 0 0 0 0 0 0 0 0 0 0 0 0 0 0 0 0 0 0 0 0 0 0 0 
0 0 0 0 0 0 0 0 0 0 0 0 0 0 0 0 0 0 0 0 0 0 0 0 0 0 0 0 0 0 0 0 0 0 0 0 0 0 0 0 1 0 0 0 0 0 0 0 0 0 0 0 0 0 0 0 0 0 0 0 0 0 0 0 0 0 0 0 0 0 0 0 0 0 0 0 0 0 0 0 0 
1
0 0 0 0 0 0 0 0 0 
0 0 0 0 0 0 0 0 0 0 0 0 0 0 0 0 0 0 0 0 0 0 0 0 0 0 0 0 0 0 0 0 0 0 0 0 0 0 0 0 1 0 0 0 0 0 0 0 2 0 0 0 0 0 0 0 0 0 0 0 0 0 0 0 0 0 0 0 0 0 0 0 0 0 0 0 0 0 0 0 0 
0 0 0 0 0 0 0 0 0 0 0 0 0 0 0 0 0 0 0 0 0 0 0 0 0 0 0 0 0 0 0 0 0 0 0 0 0 0 0 0 1 0 0 0 0 0 0 0 2 0 0 0 0 0 0 0 0 0 0 0 0 0 0 0 0 0 0 0 0 0 0 0 0 0 0 0 0 0 0 0 0 
1
0 0 0 0 0 0 0 0 0 
0 0 0 0 0 0 0 0 0 0 0 0 0 0 0 0 0 0 0 0 0 0 0 0 0 0 0 0 0 0 0 0 0 0 0 0 0 0 0 0 1 0 0 0 0 0 0 0 2 0 0 0 0 0 0 0 0 0 0 0 0 0 0 0 0 0 0 0 0 0 0 0 0 0 1 0 0 0 0 0 0 
0 0 0 0 0 0 0 0 0 0 0 0 0 0 0 0 0 0 0 0 0 0 0 0 0 0 0 0 0 0 0 0 0 0 0 0 0 0 0 0 1 0 0 0 0 0 0 0 2 0 0 0 0 0 0 0 0 0 0 0 0 0 0 0 0 0 0 0 0 0 0 0 0 0 1 0 0 0 0 0 0 
1
0 0 0 0 0 0 0 0 0 
0 0 0 0 0 0 0 0 0 0 0 0 0 0 0 0 0 0 0 0 0 0 0 0 0 0 0 0 0 0 0 0 0 0 0 0 0 0 0 0 1 0 0 0 0 0 0 0 2 0 0 0 0 0 0 0 0 0 0 0 0 0 0 0 0 0 0 0 0 0 0 0 0 0 1 0 0 0 0 0 2 
0 0 0 0 0 0 0 0 0 0 0 0 0 0 0 0 0 0 0 0 0 0 0 0 0 0 0 0 0 0 0 0 0 0 0 0 0 0 0 0 1 0 0 0 0 0 0 0 2 0 0 0 0 0 0 0 0 0 0 0 0 0 0 0 0 0 0 0 0 0 0 0 0 0 1 0 0 0 0 0 2 
1
0 0 0 0 0 0 0 0 0 
0 0 0 0 0 0 0 0 0 0 0 0 0 0 0 0 0 0 0 0 0 0 0 0 0 0 0 0 0 0 0 0 0 0 0 0 0 0 0 0 1 0 0 0 0 0 0 0 2 0 0 0 0 0 0 0 0 0 0 0 1 0 0 0 0 0 0 0 0 0 0 0 0 0 1 0 0 0 0 0 2 
0 0 0 0 0 0 0 0 0 0 0 0 0 0 0 0 0 0 0 0 0 0 0 0 0 0 0 0 0 0 0 0 0 0 0 0 0 0 0 0 1 0 0 0 0 0 0 0 2 0 0 0 0 0 0 0 0 0 0 0 1 0 0 0 0 0 0 0 0 0 0 0 0 0 1 0 0 0 0 0 2 
1
0 0 0 0 0 0 0 0 0 
0 0 0 0 0 0 0 0 0 0 0 2 0 0 0 0 0 0 0 0 0 0 0 0 0 0 0 0 0 0 0 0 0 0 0 0 0 0 0 0 1 0 0 0 0 0 0 0 2 0 0 0 0 0 0 0 0 0 0 0 1 0 0 0 0 0 0 0 0 0 0 0 0 0 1 0 0 0 0 0 2 
0 0 0 0 0 0 0 0 0 0 0 2 0 0 0 0 0 0 0 0 0 0 0 0 0 0 0 0 0 0 0 0 0 0 0 0 0 0 0 0 1 0 0 0 0 0 0 0 2 0 0 0 0 0 0 0 0 0 0 0 1 0 0 0 0 0 0 0 0 0 0 0 0 0 1 0 0 0 0 0 2 
1
0 0 0 0 0 0 0 0 0 
0 0 0 0 0 0 0 0 0 0 0 2 0 0 0 0 0 0 0 0 0 0 0 0 0 0 0 0 0 0 0 0 0 0 1 0 0 0 0 0 1 0 0 0 0 0 0 0 2 0 0 0 0 0 0 0 0 0 0 0 1 0 0 0 0 0 0 0 0 0 0 0 0 0 1 0 0 0 0 0 2 
0 0 0 0 0 0 0 0 0 0 0 2 0 0 0 0 0 0 0 0 0 0 0 0 0 0 0 0 0 0 0 0 0 0 1 0 0 0 0 0 1 0 0 0 0 0 0 0 2 0 0 0 0 0 0 0 0 0 0 0 1 0 0 0 0 0 0 0 0 0 0 0 0 0 1 0 0 0 0 0 2 
1
0 0 0 0 0 0 0 0 0 
0 0 0 0 0 0 0 0 0 0 0 2 2 0 0 0 0 0 0 0 0 0 0 0 0 0 0 0 0 0 0 0 0 0 1 0 0 0 0 0 1 0 0 0 0 0 0 0 2 0 0 0 0 0 0 0 0 0 0 0 1 0 0 0 0 0 0 0 0 0 0 0 0 0 1 0 0 0 0 0 2 
0 0 0 0 0 0 0 0 0 0 0 2 2 0 0 0 0 0 0 0 0 0 0 0 0 0 0 0 0 0 0 0 0 0 1 0 0 0 0 0 1 0 0 0 0 0 0 0 2 0 0 0 0 0 0 0 0 0 0 0 1 0 0 0 0 0 0 0 0 0 0 0 0 0 1 0 0 0 0 0 2 
1
0 0 0 0 0 0 0 0 0 
0 0 0 0 0 0 0 0 0 0 0 2 2 0 0 0 0 0 0 0 0 0 0 0 0 0 0 0 0 0 0 0 0 0 1 0 0 0 0 0 1 0 0 0 0 0 1 0 2 0 0 0 0 0 0 0 0 0 0 0 1 0 0 0 0 0 0 0 0 0 0 0 0 0 1 0 0 0 0 0 2 
0 0 0 0 0 0 0 0 0 0 0 2 2 0 0 0 0 0 0 0 0 0 0 0 0 0 0 0 0 0 0 0 0 0 1 0 0 0 0 0 1 0 0 0 0 0 1 0 2 0 0 0 0 0 0 0 0 0 0 0 1 0 0 0 0 0 0 0 0 0 0 0 0 0 1 0 0 0 0 0 2 
1
0 0 0 0 0 0 0 0 0 
0 0 0 0 0 0 0 0 0 0 0 2 2 0 0 0 0 0 0 0 0 0 0 0 0 0 0 0 0 0 0 0 0 0 1 0 0 0 0 0 1 0 0 0 0 0 1 0 2 0 0 0 0 0 0 0 0 0 0 2 1 0 0 0 0 0 0 0 0 0 0 0 0 0 1 0 0 0 0 0 2 
0 0 0 0 0 0 0 0 0 0 0 2 2 0 0 0 0 0 0 0 0 0 0 0 0 0 0 0 0 0 0 0 0 0 1 0 0 0 0 0 1 0 0 0 0 0 1 0 2 0 0 0 0 0 0 0 0 0 0 2 1 0 0 0 0 0 0 0 0 0 0 0 0 0 1 0 0 0 0 0 2 
1
0 0 0 0 0 0 0 0 0 
0 0 0 0 0 0 1 0 0 0 0 2 2 0 0 0 0 0 0 0 0 0 0 0 0 0 0 0 0 0 0 0 0 0 1 0 0 0 0 0 1 0 0 0 0 0 1 0 2 0 0 0 0 0 0 0 0 0 0 2 1 0 0 0 0 0 0 0 0 0 0 0 0 0 1 0 0 0 0 0 2 
0 0 0 0 0 0 1 0 0 0 0 2 2 0 0 0 0 0 0 0 0 0 0 0 0 0 0 0 0 0 0 0 0 0 1 0 0 0 0 0 1 0 0 0 0 0 1 0 2 0 0 0 0 0 0 0 0 0 0 2 1 0 0 0 0 0 0 0 0 0 0 0 0 0 1 0 0 0 0 0 2 
1
0 0 0 0 0 0 0 0 0 
0 0 0 0 0 0 1 0 0 2 0 2 2 0 0 0 0 0 0 0 0 0 0 0 0 0 0 0 0 0 0 0 0 0 1 0 0 0 0 0 1 0 0 0 0 0 1 0 2 0 0 0 0 0 0 0 0 0 0 2 1 0 0 0 0 0 0 0 0 0 0 0 0 0 1 0 0 0 0 0 2 
0 0 0 0 0 0 1 0 0 2 0 2 2 0 0 0 0 0 0 0 0 0 0 0 0 0 0 0 0 0 0 0 0 0 1 0 0 0 0 0 1 0 0 0 0 0 1 0 2 0 0 0 0 0 0 0 0 0 0 2 1 0 0 0 0 0 0 0 0 0 0 0 0 0 1 0 0 0 0 0 2 
1
0 0 0 0 0 0 0 0 0 
0 0 0 0 0 0 1 0 0 2 0 2 2 0 0 0 0 0 0 0 0 0 0 0 0 0 0 0 0 0 0 0 0 0 1 0 0 0 1 0 1 0 0 0 0 0 1 0 2 0 0 0 0 0 0 0 0 0 0 2 1 0 0 0 0 0 0 0 0 0 0 0 0 0 1 0 0 0 0 0 2 
0 0 0 0 0 0 1 0 0 2 0 2 2 0 0 0 0 0 0 0 0 0 0 0 0 0 0 0 0 0 0 0 0 0 1 0 0 0 1 0 1 0 0 0 0 0 1 0 2 0 0 0 0 0 0 0 0 0 0 2 1 0 0 0 0 0 0 0 0 0 0 0 0 0 1 0 0 0 0 0 2 
1
0 0 0 0 0 0 0 0 0 
0 0 0 0 0 0 1 0 0 2 0 2 2 0 0 0 0 0 0 0 0 0 0 0 0 0 0 0 0 0 0 0 0 2 1 0 0 0 1 0 1 0 0 0 0 0 1 0 2 0 0 0 0 0 0 0 0 0 0 2 1 0 0 0 0 0 0 0 0 0 0 0 0 0 1 0 0 0 0 0 2 
0 0 0 0 0 0 1 0 0 2 0 2 2 0 0 0 0 0 0 0 0 0 0 0 0 0 0 0 0 0 0 0 0 2 1 0 0 0 1 0 1 0 0 0 0 0 1 0 2 0 0 0 0 0 0 0 0 0 0 2 1 0 0 0 0 0 0 0 0 0 0 0 0 0 1 0 0 0 0 0 2 
1
0 0 0 0 0 0 0 0 0 
0 1 0 0 0 0 1 0 0 2 0 2 2 0 0 0 0 0 0 0 0 0 0 0 0 0 0 0 0 0 0 0 0 2 1 0 0 0 1 0 1 0 0 0 0 0 1 0 2 0 0 0 0 0 0 0 0 0 0 2 1 0 0 0 0 0 0 0 0 0 0 0 0 0 1 0 0 0 0 0 2 
0 1 0 0 0 0 1 0 0 2 0 2 2 0 0 0 0 0 0 0 0 0 0 0 0 0 0 0 0 0 0 0 0 2 1 0 0 0 1 0 1 0 0 0 0 0 1 0 2 0 0 0 0 0 0 0 0 0 0 2 1 0 0 0 0 0 0 0 0 0 0 0 0 0 1 0 0 0 0 0 2 
1
0 0 0 0 0 0 0 0 0 
0 1 0 0 0 0 1 0 0 2 0 2 2 0 2 0 0 0 0 0 0 0 0 0 0 0 0 0 0 0 0 0 0 2 1 0 0 0 1 0 1 0 0 0 0 0 1 0 2 0 0 0 0 0 0 0 0 0 0 2 1 0 0 0 0 0 0 0 0 0 0 0 0 0 1 0 0 0 0 0 2 
0 1 0 0 0 0 1 0 0 2 0 2 2 0 2 0 0 0 0 0 0 0 0 0 0 0 0 0 0 0 0 0 0 2 1 0 0 0 1 0 1 0 0 0 0 0 1 0 2 0 0 0 0 0 0 0 0 0 0 2 1 0 0 0 0 0 0 0 0 0 0 0 0 0 1 0 0 0 0 0 2 
1
0 0 0 0 0 0 0 0 0 
0 1 0 0 0 0 1 0 0 2 0 2 2 0 2 0 0 0 0 0 0 0 0 0 0 0 0 0 0 0 0 0 0 2 1 0 0 0 1 0 1 0 0 0 0 0 1 0 2 0 0 0 1 0 0 0 0 0 0 2 1 0 0 0 0 0 0 0 0 0 0 0 0 0 1 0 0 0 0 0 2 
0 1 0 0 0 0 1 0 0 2 0 2 2 0 2 0 0 0 0 0 0 0 0 0 0 0 0 0 0 0 0 0 0 2 1 0 0 0 1 0 1 0 0 0 0 0 1 0 2 0 0 0 1 0 0 0 0 0 0 2 1 0 0 0 0 0 0 0 0 0 0 0 0 0 1 0 0 0 0 0 2 
1
0 0 0 0 0 0 0 0 0 
0 1 0 0 0 0 1 0 0 2 0 2 2 0 2 0 0 0 0 0 0 0 0 0 0 0 0 0 0 0 0 0 0 2 1 0 0 0 1 0 1 0 0 0 0 0 1 0 2 0 0 0 1 0 0 0 0 0 2 2 1 0 0 0 0 0 0 0 0 0 0 0 0 0 1 0 0 0 0 0 2 
0 1 0 0 0 0 1 0 0 2 0 2 2 0 2 0 0 0 0 0 0 0 0 0 0 0 0 0 0 0 0 0 0 2 1 0 0 0 1 0 1 0 0 0 0 0 1 0 2 0 0 0 1 0 0 0 0 0 2 2 1 0 0 0 0 0 0 0 0 0 0 0 0 0 1 0 0 0 0 0 2 
1
0 0 0 0 0 0 0 0 0 
0 1 0 0 1 0 1 0 0 2 0 2 2 0 2 0 0 0 0 0 0 0 0 0 0 0 0 0 0 0 0 0 0 2 1 0 0 0 1 0 1 0 0 0 0 0 1 0 2 0 0 0 1 0 0 0 0 0 2 2 1 0 0 0 0 0 0 0 0 0 0 0 0 0 1 0 0 0 0 0 2 
0 1 0 0 1 0 1 0 0 2 0 2 2 0 2 0 0 0 0 0 0 0 0 0 0 0 0 0 0 0 0 0 0 2 1 0 0 0 1 0 1 0 0 0 0 0 1 0 2 0 0 0 1 0 0 0 0 0 2 2 1 0 0 0 0 0 0 0 0 0 0 0 0 0 1 0 0 0 0 0 2 
1
0 2 0 0 0 0 0 0 0 
0 1 0 0 1 0 1 0 0 2 0 2 2 2 2 0 0 0 0 0 0 0 0 0 0 0 0 0 0 0 0 0 0 2 1 0 0 0 1 0 1 0 0 0 0 0 1 0 2 0 0 0 1 0 0 0 0 0 2 2 1 0 0 0 0 0 0 0 0 0 0 0 0 0 1 0 0 0 0 0 2 
0 1 0 32 33 32 1 0 0 2 0 2 34 34 34 0 0 0 0 0 0 32 32 32 0 0 0 0 0 0 0 0 0 2 1 0 0 0 1 0 1 0 0 0 0 0 1 0 2 0 0 0 1 0 0 0 0 0 2 2 1 0 0 0 0 0 0 0 0 0 0 0 0 0 1 0 0 0 0 0 2 
1
0 2 0 0 0 0 0 0 0 
0 1 0 0 1 0 1 0 0 2 0 2 2 2 2 0 0 0 0 0 0 0 0 0 0 0 0 0 0 0 0 0 0 2 1 0 0 0 1 0 1 0 0 0 0 0 1 0 2 0 1 0 1 0 0 0 0 0 2 2 1 0 0 0 0 0 0 0 0 0 0 0 0 0 1 0 0 0 0 0 2 
0 1 0 32 33 32 1 0 0 2 0 2 34 34 34 0 0 0 0 0 0 32 32 32 0 0 0 0 0 0 0 0 0 2 1 0 0 0 1 0 1 0 0 0 0 0 1 0 2 0 1 0 1 0 0 0 0 0 2 2 1 0 0 0 0 0 0 0 0 0 0 0 0 0 1 0 0 0 0 0 2 
1
0 2 0 0 0 0 0 0 0 
0 1 0 0 1 0 1 0 0 2 0 2 2 2 2 0 0 0 0 0 0 0 0 0 0 0 0 0 0 0 0 0 0 2 1 0 0 0 1 0 1 0 0 0 0 0 1 0 2 0 1 0 1 0 0 0 0 0 2 2 1 0 0 0 0 0 0 0 0 0 0 0 0 0 1 0 0 0 0 2 2 
0 1 0 32 33 32 1 0 0 2 0 2 34 34 34 0 0 0 0 0 0 32 32 32 0 0 0 0 0 0 0 0 0 2 1 0 0 0 1 0 1 0 0 0 0 0 1 0 2 0 1 0 1 0 0 0 0 0 2 2 1 0 0 0 0 0 0 0 0 0 0 0 0 0 1 0 0 0 0 2 2 
1
0 2 0 0 0 0 0 0 0 
0 1 0 0 1 0 1 0 0 2 0 2 2 2 2 0 0 0 0 0 0 0 0 0 0 0 0 0 0 0 0 0 0 2 1 0 0 0 1 0 1 0 0 0 0 0 1 0 2 0 1 0 1 0 0 0 0 1 2 2 1 0 0 0 0 0 0 0 0 0 0 0 0 0 1 0 0 0 0 2 2 
0 1 0 32 33 32 1 0 0 2 0 2 34 34 34 0 0 0 0 0 0 32 32 32 0 0 0 0 0 0 0 0 0 2 1 0 0 0 1 0 1 0 0 0 0 0 1 0 2 0 1 0 1 0 0 0 0 1 2 2 1 0 0 0 0 0 0 0 0 0 0 0 0 0 1 0 0 0 0 2 2 
1
2 2 0 0 0 0 0 0 0 
0 1 0 0 1 0 1 0 0 2 2 2 2 2 2 0 0 0 0 0 0 0 0 0 0 0 0 0 0 0 0 0 0 2 1 0 0 0 1 0 1 0 0 0 0 0 1 0 2 0 1 0 1 0 0 0 0 1 2 2 1 0 0 0 0 0 0 0 0 0 0 0 0 0 1 0 0 0 0 2 2 
32 33 32 32 33 32 1 0 0 34 34 34 34 34 34 0 0 0 32 32 32 32 32 32 0 0 0 0 0 0 0 0 0 2 1 0 0 0 1 0 1 0 0 0 0 0 1 0 2 0 1 0 1 0 0 0 0 1 2 2 1 0 0 0 0 0 0 0 0 0 0 0 0 0 1 0 0 0 0 2 2 
1
2 2 0 0 1 0 0 0 0 
0 1 0 0 1 0 1 0 0 2 2 2 2 2 2 0 0 0 0 0 0 0 0 0 0 0 0 0 0 0 1 0 0 2 1 0 0 0 1 0 1 0 0 0 0 0 1 0 2 0 1 0 1 0 0 0 0 1 2 2 1 0 0 0 0 0 0 0 0 0 0 0 0 0 1 0 0 0 0 2 2 
32 33 32 32 33 32 1 0 0 34 34 34 34 34 34 0 0 0 32 32 32 32 32 32 0 0 0 0 0 0 17 16 16 2 1 0 0 0 1 16 17 16 0 0 0 0 1 0 18 16 17 0 1 0 0 0 0 1 2 2 1 0 0 0 0 0 0 0 0 0 0 0 0 0 1 0 0 0 0 2 2 
1
2 2 0 0 1 0 0 0 2 
0 1 0 0 1 0 1 0 0 2 2 2 2 2 2 0 0 0 0 0 0 0 0 0 0 0 0 0 0 0 1 0 0 2 1 0 0 0 1 0 1 0 0 0 0 0 1 0 2 0 1 0 1 0 0 0 0 1 2 2 1 0 0 0 0 0 0 0 0 0 0 0 0 0 1 0 0 0 2 2 2 
32 33 32 32 33 32 1 0 0 34 34 34 34 34 34 0 0 0 32 32 32 32 32 32 0 0 0 0 0 0 17 16 16 2 1 0 0 0 1 16 17 16 0 0 0 0 1 0 18 16 17 0 1 0 0 0 0 1 2 2 33 32 32 0 0 0 0 0 0 32 32 32 0 0 1 0 0 0 34 34 34 
1
2 2 0 0 1 0 0 0 2 
0 1 0 0 1 0 1 0 0 2 2 2 2 2 2 0 0 0 0 0 0 0 0 0 0 0 0 0 0 0 1 0 0 2 1 0 0 0 1 0 1 0 0 0 0 0 1 0 2 0 1 0 1 0 0 0 0 1 2 2 1 0 0 0 0 1 0 0 0 0 0 0 0 0 1 0 0 0 2 2 2 
32 33 32 32 33 32 1 0 0 34 34 34 34 34 34 0 0 0 32 32 32 32 32 32 0 0 0 0 0 0 17 16 16 2 1 0 0 0 1 16 17 16 0 0 0 0 1 0 18 16 17 0 1 0 0 0 0 1 2 2 33 32 32 0 0 1 0 0 0 32 32 32 0 0 1 0 0 0 34 34 34 
1
2 2 0 0 1 0 0 0 2 
0 1 0 0 1 0 1 0 0 2 2 2 2 2 2 0 0 0 0 0 0 0 0 0 0 0 0 0 0 0 1 0 0 2 1 0 0 0 1 0 1 0 2 0 0 0 1 0 2 0 1 0 1 0 0 0 0 1 2 2 1 0 0 0 0 1 0 0 0 0 0 0 0 0 1 0 0 0 2 2 2 
32 33 32 32 33 32 1 0 0 34 34 34 34 34 34 0 0 0 32 32 32 32 32 32 0 0 0 0 0 0 17 16 16 2 1 0 0 0 1 16 17 16 2 0 0 0 1 0 18 16 17 0 1 0 0 0 0 1 2 2 33 32 32 0 0 1 0 0 0 32 32 32 0 0 1 0 0 0 34 34 34 
1
2 2 0 0 1 0 0 0 2 
0 1 0 0 1 0 1 0 0 2 2 2 2 2 2 0 0 0 0 0 0 0 0 0 0 0 0 0 0 0 1 0 0 2 1 0 1 0 1 0 1 0 2 0 0 0 1 0 2 0 1 0 1 0 0 0 0 1 2 2 1 0 0 0 0 1 0 0 0 0 0 0 0 0 1 0 0 0 2 2 2 
32 33 32 32 33 32 1 0 0 34 34 34 34 34 34 0 0 0 32 32 32 32 32 32 0 0 0 0 0 0 17 16 16 2 1 0 1 0 1 16 17 16 2 0 0 0 1 0 18 16 17 0 1 0 0 0 0 1 2 2 33 32 32 0 0 1 0 0 0 32 32 32 0 0 1 0 0 0 34 34 34 
1
2 2 0 0 1 0 0 0 2 
0 1 0 0 1 0 1 0 0 2 2 2 2 2 2 0 0 0 0 0 0 0 0 0 0 0 0 0 0 0 1 0 0 2 1 0 1 0 1 0 1 0 2 0 0 2 1 0 2 0 1 0 1 0 0 0 0 1 2 2 1 0 0 0 0 1 0 0 0 0 0 0 0 0 1 0 0 0 2 2 2 
32 33 32 32 33 32 1 0 0 34 34 34 34 34 34 0 0 0 32 32 32 32 32 32 0 0 0 0 0 0 17 16 16 2 1 0 1 0 1 16 17 16 2 0 0 2 1 0 18 16 17 0 1 0 0 0 0 1 2 2 33 32 32 0 0 1 0 0 0 32 32 32 0 0 1 0 0 0 34 34 34 
1
2 2 0 0 1 0 0 0 2 
0 1 0 0 1 0 1 0 0 2 2 2 2 2 2 0 0 0 0 0 0 0 0 0 0 0 0 0 0 0 1 0 0 2 1 0 1 0 1 0 1 0 2 0 0 2 1 0 2 0 1 0 1 0 0 0 0 1 2 2 1 0 0 1 0 1 0 0 0 0 0 0 0 0 1 0 0 0 2 2 2 
32 33 32 32 33 32 1 0 0 34 34 34 34 34 34 0 0 0 32 32 32 32 32 32 0 0 0 0 0 0 17 16 16 2 1 0 1 0 1 16 17 16 2 0 0 2 1 0 18 16 17 0 1 0 0 0 0 1 2 2 33 32 32 1 0 1 0 0 0 32 32 32 0 0 1 0 0 0 34 34 34 
1
2 2 0 0 1 0 0 0 2 
0 1 0 0 1 0 1 0 0 2 2 2 2 2 2 0 0 0 0 0 0 0 0 0 0 0 0 0 0 2 1 0 0 2 1 0 1 0 1 0 1 0 2 0 0 2 1 0 2 0 1 0 1 0 0 0 0 1 2 2 1 0 0 1 0 1 0 0 0 0 0 0 0 0 1 0 0 0 2 2 2 
32 33 32 32 33 32 1 0 0 34 34 34 34 34 34 0 0 0 32 32 32 32 32 32 0 0 0 0 0 2 17 16 16 2 1 0 1 0 1 16 17 16 2 0 0 2 1 0 18 16 17 0 1 0 0 0 0 1 2 2 33 32 32 1 0 1 0 0 0 32 32 32 0 0 1 0 0 0 34 34 34 
1
2 2 0 0 1 0 0 0 2 
0 1 0 0 1 0 1 0 0 2 2 2 2 2 2 1 0 0 0 0 0 0 0 0 0 0 0 0 0 2 1 0 0 2 1 0 1 0 1 0 1 0 2 0 0 2 1 0 2 0 1 0 1 0 0 0 0 1 2 2 1 0 0 1 0 1 0 0 0 0 0 0 0 0 1 0 0 0 2 2 2 
32 33 32 32 33 32 1 0 0 34 34 34 34 34 34 1 0 0 32 32 32 32 32 32 0 0 0 0 0 2 17 16 16 2 1 0 1 0 1 16 17 16 2 0 0 2 1 0 18 16 17 0 1 0 0 0 0 1 2 2 33 32 32 1 0 1 0 0 0 32 32 32 0 0 1 0 0 0 34 34 34 
1
2 2 0 2 1 0 0 0 2 
0 1 0 0 1 0 1 0 0 2 2 2 2 2 2 1 0 0 0 0 0 0 0 0 0 0 0 0 0 2 1 0 0 2 1 0 1 2 1 0 1 0 2 0 0 2 1 0 2 0 1 0 1 0 0 0 0 1 2 2 1 0 0 1 0 1 0 0 0 0 0 0 0 0 1 0 0 0 2 2 2 
32 33 32 32 33 32 1 0 0 34 34 34 34 34 34 1 0 0 32 32 32 32 32 32 0 0 0 32 32 34 17 16 16 2 1 0 33 34 33 16 17 16 2 0 0 34 33 32 18 16 17 0 1 0 0 0 0 1 2 2 33 32 32 1 0 1 0 0 0 32 32 32 0 0 1 0 0 0 34 34 34 
1
2 2 1 2 1 0 0 0 2 
0 1 0 0 1 0 1 0 0 2 2 2 2 2 2 1 0 0 0 0 0 0 0 0 1 0 0 0 0 2 1 0 0 2 1 0 1 2 1 0 1 0 2 0 0 2 1 0 2 0 1 0 1 0 0 0 0 1 2 2 1 0 0 1 0 1 0 0 0 0 0 0 0 0 1 0 0 0 2 2 2 
32 33 32 32 33 32 17 16 16 34 34 34 34 34 34 17 16 16 32 32 32 32 32 32 17 16 16 32 32 34 17 16 16 2 1 0 33 34 33 16 17 16 2 0 0 34 33 32 18 16 17 0 1 0 0 0 0 1 2 2 33 32 32 1 0 1 0 0 0 32 32 32 0 0 1 0 0 0 34 34 34 
1
2 2 1 2 1 0 0 0 2 
0 1 0 0 1 0 1 0 0 2 2 2 2 2 2 1 0 0 0 0 0 0 0 0 1 0 0 0 0 2 1 0 0 2 1 0 1 2 1 0 1 0 2 0 0 2 1 0 2 0 1 0 1 0 0 0 0 1 2 2 1 0 0 1 0 1 0 0 0 0 0 0 0 2 1 0 0 0 2 2 2 
32 33 32 32 33 32 17 16 16 34 34 34 34 34 34 17 16 16 32 32 32 32 32 32 17 16 16 32 32 34 17 16 16 2 1 0 33 34 33 16 17 16 2 0 0 34 33 32 18 16 17 0 1 0 0 0 0 1 2 2 33 32 32 1 0 1 0 0 0 32 32 32 0 2 1 0 0 0 34 34 34 
1
2 2 1 2 1 0 0 0 2 
0 1 0 0 1 0 1 0 0 2 2 2 2 2 2 1 0 0 0 0 0 0 0 0 1 0 0 0 0 2 1 0 0 2 1 0 1 2 1 0 1 0 2 0 0 2 1 0 2 0 1 0 1 0 0 0 0 1 2 2 1 0 0 1 0 1 0 0 0 0 0 0 0 2 1 1 0 0 2 2 2 
32 33 32 32 33 32 17 16 16 34 34 34 34 34 34 17 16 16 32 32 32 32 32 32 17 16 16 32 32 34 17 16 16 2 1 0 33 34 33 16 17 16 2 0 0 34 33 32 18 16 17 0 1 0 0 0 0 1 2 2 33 32 32 1 0 1 0 0 0 32 32 32 0 2 1 1 0 0 34 34 34 
1
2 2 1 2 1 0 0 0 2 
0 1 0 0 1 0 1 0 0 2 2 2 2 2 2 1 0 0 0 0 0 0 0 0 1 0 0 0 0 2 1 0 0 2 1 0 1 2 1 0 1 0 2 0 0 2 1 0 2 0 1 0 1 0 0 0 0 1 2 2 1 0 0 1 2 1 0 0 0 0 0 0 0 2 1 1 0 0 2 2 2 
32 33 32 32 33 32 17 16 16 34 34 34 34 34 34 17 16 16 32 32 32 32 32 32 17 16 16 32 32 34 17 16 16 2 1 0 33 34 33 16 17 16 2 0 0 34 33 32 18 16 17 0 1 0 0 0 0 1 2 2 33 32 32 1 2 1 0 0 0 32 32 32 0 2 1 1 0 0 34 34 34 
1
2 2 1 2 1 0 1 0 2 
0 1 0 0 1 0 1 0 0 2 2 2 2 2 2 1 0 0 0 0 0 0 0 0 1 0 0 0 0 2 1 0 0 2 1 0 1 2 1 0 1 0 2 0 0 2 1 0 2 0 1 0 1 0 0 0 1 1 2 2 1 0 0 1 2 1 0 0 0 0 0 0 0 2 1 1 0 0 2 2 2 
32 33 32 32 33 32 17 16 16 34 34 34 34 34 34 17 16 16 32 32 32 32 32 32 17 16 16 32 32 34 17 16 16 2 1 0 33 34 33 16 17 16 2 0 0 34 33 32 18 16 17 0 1 0 16 16 17 1 2 2 33 32 32 17 18 17 0 0 0 32 32 32 16 18 17 1 0 0 34 34 34 
1
2 2 1 2 1 0 1 0 2 
0 1 0 0 1 0 1 0 0 2 2 2 2 2 2 1 0 0 0 0 0 0 0 0 1 0 0 0 0 2 1 0 0 2 1 0 1 2 1 0 1 0 2 0 0 2 1 0 2 0 1 0 1 0 0 0 1 1 2 2 1 0 0 1 2 1 0 0 0 0 0 0 0 2 1 1 0 0 2 2 2 
32 33 32 32 33 32 17 16 16 34 34 34 34 34 34 17 16 16 32 32 32 32 32 32 17 16 16 32 32 34 17 16 16 2 1 0 33 34 33 16 17 16 2 0 0 34 33 32 18 16 17 0 1 0 16 16 17 1 2 2 33 32 32 17 18 17 0 0 0 32 32 32 16 18 17 1 0 0 34 34 34 
1
