0 0 0 0 0 0 0 0 0 
0 0 0 0 0 0 0 0 0 0 0 0 0 0 0 0 0 0 0 0 0 0 0 0 0 0 0 0 0 0 0 0 0 0 0 0 0 0 0 0 1 0 0 0 0 0 0 0 0 0 0 0 0 0 0 0 0 0 0 0 0 0 0 0 0 0 0 0 0 0 0 0 0 0 0 0 0 0 0 0 0 
0 0 0 0 0 0 0 0 0 0 0 0 0 0 0 0 0 0 0 0 0 0 0 0 0 0 0 0 0 0 0 0 0 0 0 0 0 0 0 0 1 0 0 0 0 0 0 0 0 0 0 0 0 0 0 0 0 0 0 0 0 0 0 0 0 0 0 0 0 0 0 0 0 0 0 0 0 0 0 0 0 
0
0 0 0 0 0 0 0 0 0 
0 0 0 0 0 0 0 0 0 0 0 0 0 0 0 0 0 0 0 0 0 0 0 0 0 0 0 0 0 0 0 0 2 0 0 0 0 0 0 0 1 0 0 0 0 0 0 0 0 0 0 0 0 0 0 0 0 0 0 0 0 0 0 0 0 0 0 0 0 0 0 0 0 0 0 0 0 0 0 0 0 
0 0 0 0 0 0 0 0 0 0 0 0 0 0 0 0 0 0 0 0 0 0 0 0 0 0 0 0 0 0 0 0 2 0 0 0 0 0 0 0 1 0 0 0 0 0 0 0 0 0 0 0 0 0 0 0 0 0 0 0 0 0 0 0 0 0 0 0 0 0 0 0 0 0 0 0 0 0 0 0 0 
0
0 0 0 0 0 0 0 0 0 
0 0 0 0 0 0 0 0 0 0 0 0 0 0 0 0 0 0 0 0 0 0 0 0 0 1 0 0 0 0 0 0 2 0 0 0 0 0 0 0 1 0 0 0 0 0 0 0 0 0 0 0 0 0 0 0 0 0 0 0 0 0 0 0 0 0 0 0 0 0 0 0 0 0 0 0 0 0 0 0 0 
0 0 0 0 0 0 0 0 0 0 0 0 0 0 0 0 0 0 0 0 0 0 0 0 0 1 0 0 0 0 0 0 2 0 0 0 0 0 0 0 1 0 0 0 0 0 0 0 0 0 0 0 0 0 0 0 0 0 0 0 0 0 0 0 0 0 0 0 0 0 0 0 0 0 0 0 0 0 0 0 0 
0
0 0 0 0 0 0 0 0 0 
0 0 0 0 0 0 0 0 0 0 0 0 0 0 0 0 0 0 0 0 0 0 0 0 0 1 0 0 0 0 0 0 2 0 0 0 0 0 0 0 1 0 0 0 0 0 0 0 0 0 0 0 0 0 0 0 0 0 0 0 0 0 0 0 0 0 2 0 0 0 0 0 0 0 0 0 0 0 0 0 0 
0 0 0 0 0 0 0 0 0 0 0 0 0 0 0 0 0 0 0 0 0 0 0 0 0 1 0 0 0 0 0 0 2 0 0 0 0 0 0 0 1 0 0 0 0 0 0 0 0 0 0 0 0 0 0 0 0 0 0 0 0 0 0 0 0 0 2 0 0 0 0 0 0 0 0 0 0 0 0 0 0 
0
0 0 0 0 0 0 0 0 0 
0 0 0 0 0 0 0 0 0 0 0 0 0 0 0 0 0 0 0 0 0 0 0 0 0 1 0 0 1 0 0 0 2 0 0 0 0 0 0 0 1 0 0 0 0 0 0 0 0 0 0 0 0 0 0 0 0 0 0 0 0 0 0 0 0 0 2 0 0 0 0 0 0 0 0 0 0 0 0 0 0 
0 0 0 0 0 0 0 0 0 0 0 0 0 0 0 0 0 0 0 0 0 0 0 0 0 1 0 0 1 0 0 0 2 0 0 0 0 0 0 0 1 0 0 0 0 0 0 0 0 0 0 0 0 0 0 0 0 0 0 0 0 0 0 0 0 0 2 0 0 0 0 0 0 0 0 0 0 0 0 0 0 
0
0 0 0 0 0 0 0 0 0 
0 0 0 0 2 0 0 0 0 0 0 0 0 0 0 0 0 0 0 0 0 0 0 0 0 1 0 0 1 0 0 0 2 0 0 0 0 0 0 0 1 0 0 0 0 0 0 0 0 0 0 0 0 0 0 0 0 0 0 0 0 0 0 0 0 0 2 0 0 0 0 0 0 0 0 0 0 0 0 0 0 
0 0 0 0 2 0 0 0 0 0 0 0 0 0 0 0 0 0 0 0 0 0 0 0 0 1 0 0 1 0 0 0 2 0 0 0 0 0 0 0 1 0 0 0 0 0 0 0 0 0 0 0 0 0 0 0 0 0 0 0 0 0 0 0 0 0 2 0 0 0 0 0 0 0 0 0 0 0 0 0 0 
0
0 0 0 0 0 0 0 0 0 
0 0 0 1 2 0 0 0 0 0 0 0 0 0 0 0 0 0 0 0 0 0 0 0 0 1 0 0 1 0 0 0 2 0 0 0 0 0 0 0 1 0 0 0 0 0 0 0 0 0 0 0 0 0 0 0 0 0 0 0 0 0 0 0 0 0 2 0 0 0 0 0 0 0 0 0 0 0 0 0 0 
0 0 0 1 2 0 0 0 0 0 0 0 0 0 0 0 0 0 0 0 0 0 0 0 0 1 0 0 1 0 0 0 2 0 0 0 0 0 0 0 1 0 0 0 0 0 0 0 0 0 0 0 0 0 0 0 0 0 0 0 0 0 0 0 0 0 2 0 0 0 0 0 0 0 0 0 0 0 0 0 0 
0
0 0 0 0 0 0 0 0 0 
0 0 0 1 2 0 0 0 0 0 0 0 0 0 0 0 0 0 2 0 0 0 0 0 0 1 0 0 1 0 0 0 2 0 0 0 0 0 0 0 1 0 0 0 0 0 0 0 0 0 0 0 0 0 0 0 0 0 0 0 0 0 0 0 0 0 2 0 0 0 0 0 0 0 0 0 0 0 0 0 0 
0 0 0 1 2 0 0 0 0 0 0 0 0 0 0 0 0 0 2 0 0 0 0 0 0 1 0 0 1 0 0 0 2 0 0 0 0 0 0 0 1 0 0 0 0 0 0 0 0 0 0 0 0 0 0 0 0 0 0 0 0 0 0 0 0 0 2 0 0 0 0 0 0 0 0 0 0 0 0 0 0 
0
0 0 0 0 0 0 0 0 0 
0 0 0 1 2 0 0 0 0 0 0 0 0 0 0 0 0 0 2 0 0 0 0 0 0 1 0 0 1 0 0 0 2 0 0 0 0 0 0 0 1 0 0 0 0 0 0 0 0 0 0 0 0 0 0 0 0 0 0 0 0 0 0 0 0 0 2 0 0 0 0 0 0 0 1 0 0 0 0 0 0 
0 0 0 1 2 0 0 0 0 0 0 0 0 0 0 0 0 0 2 0 0 0 0 0 0 1 0 0 1 0 0 0 2 0 0 0 0 0 0 0 1 0 0 0 0 0 0 0 0 0 0 0 0 0 0 0 0 0 0 0 0 0 0 0 0 0 2 0 0 0 0 0 0 0 1 0 0 0 0 0 0 
0
0 0 0 0 0 0 0 0 0 
0 0 0 1 2 0 0 0 0 0 0 0 0 0 0 0 0 0 2 0 0 0 0 0 0 1 0 0 1 0 0 0 2 0 0 0 0 0 0 0 1 0 0 0 0 0 0 0 0 0 0 0 0 0 0 0 0 0 0 0 0 0 0 0 0 0 2 0 0 0 0 0 0 0 1 0 0 0 0 2 0 
0 0 0 1 2 0 0 0 0 0 0 0 0 0 0 0 0 0 2 0 0 0 0 0 0 1 0 0 1 0 0 0 2 0 0 0 0 0 0 0 1 0 0 0 0 0 0 0 0 0 0 0 0 0 0 0 0 0 0 0 0 0 0 0 0 0 2 0 0 0 0 0 0 0 1 0 0 0 0 2 0 
0
0 0 0 0 0 0 0 0 0 
0 0 0 1 2 0 0 0 0 0 0 0 0 0 0 0 0 0 2 0 0 0 0 0 0 1 0 0 1 0 0 0 2 0 0 0 0 0 0 0 1 0 0 0 0 0 0 0 0 0 0 0 0 0 0 0 0 0 0 1 0 0 0 0 0 0 2 0 0 0 0 0 0 0 1 0 0 0 0 2 0 
0 0 0 1 2 0 0 0 0 0 0 0 0 0 0 0 0 0 2 0 0 0 0 0 0 1 0 0 1 0 0 0 2 0 0 0 0 0 0 0 1 0 0 0 0 0 0 0 0 0 0 0 0 0 0 0 0 0 0 1 0 0 0 0 0 0 2 0 0 0 0 0 0 0 1 0 0 0 0 2 0 
0
0 0 0 0 0 0 0 0 0 
0 0 0 1 2 0 0 0 2 0 0 0 0 0 0 0 0 0 2 0 0 0 0 0 0 1 0 0 1 0 0 0 2 0 0 0 0 0 0 0 1 0 0 0 0 0 0 0 0 0 0 0 0 0 0 0 0 0 0 1 0 0 0 0 0 0 2 0 0 0 0 0 0 0 1 0 0 0 0 2 0 
0 0 0 1 2 0 0 0 2 0 0 0 0 0 0 0 0 0 2 0 0 0 0 0 0 1 0 0 1 0 0 0 2 0 0 0 0 0 0 0 1 0 0 0 0 0 0 0 0 0 0 0 0 0 0 0 0 0 0 1 0 0 0 0 0 0 2 0 0 0 0 0 0 0 1 0 0 0 0 2 0 
0
0 0 0 0 0 0 0 0 0 
0 0 0 1 2 0 0 1 2 0 0 0 0 0 0 0 0 0 2 0 0 0 0 0 0 1 0 0 1 0 0 0 2 0 0 0 0 0 0 0 1 0 0 0 0 0 0 0 0 0 0 0 0 0 0 0 0 0 0 1 0 0 0 0 0 0 2 0 0 0 0 0 0 0 1 0 0 0 0 2 0 
0 0 0 1 2 0 0 1 2 0 0 0 0 0 0 0 0 0 2 0 0 0 0 0 0 1 0 0 1 0 0 0 2 0 0 0 0 0 0 0 1 0 0 0 0 0 0 0 0 0 0 0 0 0 0 0 0 0 0 1 0 0 0 0 0 0 2 0 0 0 0 0 0 0 1 0 0 0 0 2 0 
0
0 0 0 0 0 0 0 0 0 
0 0 0 1 2 0 0 1 2 0 0 0 0 0 0 0 0 0 2 0 0 0 2 0 0 1 0 0 1 0 0 0 2 0 0 0 0 0 0 0 1 0 0 0 0 0 0 0 0 0 0 0 0 0 0 0 0 0 0 1 0 0 0 0 0 0 2 0 0 0 0 0 0 0 1 0 0 0 0 2 0 
0 0 0 1 2 0 0 1 2 0 0 0 0 0 0 0 0 0 2 0 0 0 2 0 0 1 0 0 1 0 0 0 2 0 0 0 0 0 0 0 1 0 0 0 0 0 0 0 0 0 0 0 0 0 0 0 0 0 0 1 0 0 0 0 0 0 2 0 0 0 0 0 0 0 1 0 0 0 0 2 0 
0
0 0 0 0 0 0 0 0 0 
0 0 0 1 2 0 0 1 2 0 0 0 0 0 0 0 0 0 2 0 0 0 2 0 0 1 0 0 1 0 0 0 2 0 0 0 0 0 0 0 1 0 0 0 0 0 0 0 0 0 0 0 0 0 0 0 0 0 0 1 0 0 0 0 0 0 2 0 0 0 0 0 0 0 1 1 0 0 0 2 0 
0 0 0 1 2 0 0 1 2 0 0 0 0 0 0 0 0 0 2 0 0 0 2 0 0 1 0 0 1 0 0 0 2 0 0 0 0 0 0 0 1 0 0 0 0 0 0 0 0 0 0 0 0 0 0 0 0 0 0 1 0 0 0 0 0 0 2 0 0 0 0 0 0 0 1 1 0 0 0 2 0 
0
0 0 0 0 0 0 0 0 0 
0 0 0 1 2 0 0 1 2 0 0 0 0 0 0 0 0 0 2 0 0 0 2 0 0 1 0 0 1 0 0 0 2 0 0 0 0 0 0 0 1 0 0 0 0 0 0 0 0 0 0 0 0 0 0 0 0 0 0 1 0 0 0 0 0 2 2 0 0 0 0 0 0 0 1 1 0 0 0 2 0 
0 0 0 1 2 0 0 1 2 0 0 0 0 0 0 0 0 0 2 0 0 0 2 0 0 1 0 0 1 0 0 0 2 0 0 0 0 0 0 0 1 0 0 0 0 0 0 0 0 0 0 0 0 0 0 0 0 0 0 1 0 0 0 0 0 2 2 0 0 0 0 0 0 0 1 1 0 0 0 2 0 
0
0 0 0 0 0 0 0 0 0 
0 0 0 1 2 0 0 1 2 0 0 0 0 0 0 0 0 0 2 0 0 0 2 0 0 1 0 0 1 0 0 0 2 0 0 0 0 0 0 0 1 0 0 0 1 0 0 0 0 0 0 0 0 0 0 0 0 0 0 1 0 0 0 0 0 2 2 0 0 0 0 0 0 0 1 1 0 0 0 2 0 
0 0 0 1 2 0 0 1 2 0 0 0 0 0 0 0 0 0 2 0 0 0 2 0 0 1 0 0 1 0 0 0 2 0 0 0 0 0 0 0 1 0 0 0 1 0 0 0 0 0 0 0 0 0 0 0 0 0 0 1 0 0 0 0 0 2 2 0 0 0 0 0 0 0 1 1 0 0 0 2 0 
0
0 0 0 0 0 0 0 0 0 
0 0 0 1 2 0 0 1 2 0 0 0 0 0 0 0 0 0 2 0 0 0 2 0 0 1 0 0 1 0 0 0 2 0 0 0 0 0 0 0 1 0 0 0 1 0 0 0 0 0 0 2 0 0 0 0 0 0 0 1 0 0 0 0 0 2 2 0 0 0 0 0 0 0 1 1 0 0 0 2 0 
0 0 0 1 2 0 0 1 2 0 0 0 0 0 0 0 0 0 2 0 0 0 2 0 0 1 0 0 1 0 0 0 2 0 0 0 0 0 0 0 1 0 0 0 1 0 0 0 0 0 0 2 0 0 0 0 0 0 0 1 0 0 0 0 0 2 2 0 0 0 0 0 0 0 1 1 0 0 0 2 0 
0
0 0 0 0 0 0 0 0 0 
0 0 0 1 2 0 0 1 2 0 0 0 0 0 0 0 0 0 2 0 0 0 2 0 0 1 0 0 1 0 0 0 2 0 0 0 0 0 0 0 1 0 0 0 1 0 0 0 0 0 0 2 0 0 0 0 0 0 0 1 0 0 0 0 0 2 2 0 0 0 0 0 0 1 1 1 0 0 0 2 0 
0 0 0 1 2 0 0 1 2 0 0 0 0 0 0 0 0 0 2 0 0 0 2 0 0 1 0 0 1 0 0 0 2 0 0 0 0 0 0 0 1 0 0 0 1 0 0 0 0 0 0 2 0 0 0 0 0 0 0 1 0 0 0 0 0 2 2 0 0 0 0 0 0 1 1 1 0 0 0 2 0 
0
0 0 0 0 0 0 0 0 0 
0 0 0 1 2 0 0 1 2 0 0 0 0 0 0 0 0 0 2 0 0 0 2 0 0 1 0 0 1 0 0 0 2 0 0 0 0 0 0 0 1 0 0 0 1 0 0 0 0 0 0 2 0 0 0 0 0 0 0 1 0 0 0 0 0 2 2 2 0 0 0 0 0 1 1 1 0 0 0 2 0 
0 0 0 1 2 0 0 1 2 0 0 0 0 0 0 0 0 0 2 0 0 0 2 0 0 1 0 0 1 0 0 0 2 0 0 0 0 0 0 0 1 0 0 0 1 0 0 0 0 0 0 2 0 0 0 0 0 0 0 1 0 0 0 0 0 2 2 2 0 0 0 0 0 1 1 1 0 0 0 2 0 
0
0 0 0 0 0 0 0 0 0 
0 0 0 1 2 0 0 1 2 0 0 0 0 0 0 0 0 0 2 0 0 0 2 0 0 1 0 0 1 0 0 0 2 0 0 0 0 0 0 1 1 0 0 0 1 0 0 0 0 0 0 2 0 0 0 0 0 0 0 1 0 0 0 0 0 2 2 2 0 0 0 0 0 1 1 1 0 0 0 2 0 
0 0 0 1 2 0 0 1 2 0 0 0 0 0 0 0 0 0 2 0 0 0 2 0 0 1 0 0 1 0 0 0 2 0 0 0 0 0 0 1 1 0 0 0 1 0 0 0 0 0 0 2 0 0 0 0 0 0 0 1 0 0 0 0 0 2 2 2 0 0 0 0 0 1 1 1 0 0 0 2 0 
0
0 0 0 0 0 0 0 0 0 
0 0 0 1 2 0 0 1 2 0 0 0 0 0 0 0 0 0 2 0 0 0 2 0 0 1 0 0 1 0 0 0 2 0 0 0 2 0 0 1 1 0 0 0 1 0 0 0 0 0 0 2 0 0 0 0 0 0 0 1 0 0 0 0 0 2 2 2 0 0 0 0 0 1 1 1 0 0 0 2 0 
0 0 0 1 2 0 0 1 2 0 0 0 0 0 0 0 0 0 2 0 0 0 2 0 0 1 0 0 1 0 0 0 2 0 0 0 2 0 0 1 1 0 0 0 1 0 0 0 0 0 0 2 0 0 0 0 0 0 0 1 0 0 0 0 0 2 2 2 0 0 0 0 0 1 1 1 0 0 0 2 0 
0
0 0 0 0 0 0 0 0 0 
0 0 0 1 2 0 0 1 2 0 0 0 0 0 0 0 0 0 2 0 0 0 2 0 0 1 0 1 1 0 0 0 2 0 0 0 2 0 0 1 1 0 0 0 1 0 0 0 0 0 0 2 0 0 0 0 0 0 0 1 0 0 0 0 0 2 2 2 0 0 0 0 0 1 1 1 0 0 0 2 0 
0 0 0 1 2 0 0 1 2 0 0 0 0 0 0 0 0 0 2 0 0 0 2 0 0 1 0 1 1 0 0 0 2 0 0 0 2 0 0 1 1 0 0 0 1 0 0 0 0 0 0 2 0 0 0 0 0 0 0 1 0 0 0 0 0 2 2 2 0 0 0 0 0 1 1 1 0 0 0 2 0 
0
0 0 0 0 0 0 0 0 0 
0 0 0 1 2 0 0 1 2 2 0 0 0 0 0 0 0 0 2 0 0 0 2 0 0 1 0 1 1 0 0 0 2 0 0 0 2 0 0 1 1 0 0 0 1 0 0 0 0 0 0 2 0 0 0 0 0 0 0 1 0 0 0 0 0 2 2 2 0 0 0 0 0 1 1 1 0 0 0 2 0 
0 0 0 1 2 0 0 1 2 2 0 0 0 0 0 0 0 0 2 0 0 0 2 0 0 1 0 1 1 0 0 0 2 0 0 0 2 0 0 1 1 0 0 0 1 0 0 0 0 0 0 2 0 0 0 0 0 0 0 1 0 0 0 0 0 2 2 2 0 0 0 0 0 1 1 1 0 0 0 2 0 
0
0 0 0 1 0 0 0 0 0 
0 0 0 1 2 0 0 1 2 2 0 0 0 0 0 0 0 0 2 0 0 0 2 0 0 1 0 1 1 1 0 0 2 0 0 0 2 0 0 1 1 0 0 0 1 0 0 0 0 0 0 2 0 0 0 0 0 0 0 1 0 0 0 0 0 2 2 2 0 0 0 0 0 1 1 1 0 0 0 2 0 
0 0 0 1 2 0 0 1 2 2 0 0 0 0 0 0 0 0 2 0 0 0 2 0 0 1 0 17 17 17 0 0 2 0 0 0 18 16 16 1 1 0 0 0 1 16 16 16 0 0 0 2 0 0 0 0 0 0 0 1 0 0 0 0 0 2 2 2 0 0 0 0 0 1 1 1 0 0 0 2 0 
0
0 0 0 1 0 0 0 0 0 
0 0 0 1 2 0 0 1 2 2 0 0 0 0 0 0 0 0 2 0 0 0 2 0 0 1 2 1 1 1 0 0 2 0 0 0 2 0 0 1 1 0 0 0 1 0 0 0 0 0 0 2 0 0 0 0 0 0 0 1 0 0 0 0 0 2 2 2 0 0 0 0 0 1 1 1 0 0 0 2 0 
0 0 0 1 2 0 0 1 2 2 0 0 0 0 0 0 0 0 2 0 0 0 2 0 0 1 2 17 17 17 0 0 2 0 0 0 18 16 16 1 1 0 0 0 1 16 16 16 0 0 0 2 0 0 0 0 0 0 0 1 0 0 0 0 0 2 2 2 0 0 0 0 0 1 1 1 0 0 0 2 0 
0
0 0 0 1 0 0 0 0 0 
0 0 0 1 2 0 0 1 2 2 0 0 0 0 0 0 0 0 2 0 0 0 2 0 0 1 2 1 1 1 0 0 2 0 0 0 2 0 0 1 1 0 0 0 1 0 0 0 0 0 0 2 0 0 0 0 0 0 0 1 0 1 0 0 0 2 2 2 0 0 0 0 0 1 1 1 0 0 0 2 0 
0 0 0 1 2 0 0 1 2 2 0 0 0 0 0 0 0 0 2 0 0 0 2 0 0 1 2 17 17 17 0 0 2 0 0 0 18 16 16 1 1 0 0 0 1 16 16 16 0 0 0 2 0 0 0 0 0 0 0 1 0 1 0 0 0 2 2 2 0 0 0 0 0 1 1 1 0 0 0 2 0 
0
0 2 0 1 0 0 0 0 0 
0 0 0 1 2 0 0 1 2 2 0 0 0 2 0 0 0 0 2 0 0 0 2 0 0 1 2 1 1 1 0 0 2 0 0 0 2 0 0 1 1 0 0 0 1 0 0 0 0 0 0 2 0 0 0 0 0 0 0 1 0 1 0 0 0 2 2 2 0 0 0 0 0 1 1 1 0 0 0 2 0 
0 0 0 33 34 32 0 1 2 2 0 0 32 34 32 0 0 0 2 0 0 32 34 32 0 1 2 17 17 17 0 0 2 0 0 0 18 16 16 1 1 0 0 0 1 16 16 16 0 0 0 2 0 0 0 0 0 0 0 1 0 1 0 0 0 2 2 2 0 0 0 0 0 1 1 1 0 0 0 2 0 
0
0 2 0 1 1 0 0 0 0 
0 0 0 1 2 0 0 1 2 2 0 0 0 2 0 0 0 0 2 0 0 0 2 0 0 1 2 1 1 1 0 0 2 0 0 0 2 0 0 1 1 1 0 0 1 0 0 0 0 0 0 2 0 0 0 0 0 0 0 1 0 1 0 0 0 2 2 2 0 0 0 0 0 1 1 1 0 0 0 2 0 
0 0 0 33 34 32 0 1 2 2 0 0 32 34 32 0 0 0 2 0 0 32 34 32 0 1 2 17 17 17 16 16 18 0 0 0 18 16 16 17 17 17 0 0 1 16 16 16 16 16 16 2 0 0 0 0 0 0 0 1 0 1 0 0 0 2 2 2 0 0 0 0 0 1 1 1 0 0 0 2 0 
0
0 2 0 1 1 0 0 0 0 
0 0 0 1 2 0 0 1 2 2 0 0 0 2 0 0 0 0 2 0 0 0 2 0 0 1 2 1 1 1 0 0 2 0 0 0 2 0 0 1 1 1 0 0 1 0 0 0 0 0 0 2 0 2 0 0 0 0 0 1 0 1 0 0 0 2 2 2 0 0 0 0 0 1 1 1 0 0 0 2 0 
0 0 0 33 34 32 0 1 2 2 0 0 32 34 32 0 0 0 2 0 0 32 34 32 0 1 2 17 17 17 16 16 18 0 0 0 18 16 16 17 17 17 0 0 1 16 16 16 16 16 16 2 0 2 0 0 0 0 0 1 0 1 0 0 0 2 2 2 0 0 0 0 0 1 1 1 0 0 0 2 0 
0
0 2 0 1 1 0 0 0 0 
0 0 0 1 2 0 0 1 2 2 0 0 0 2 0 0 0 0 2 0 0 0 2 0 0 1 2 1 1 1 0 0 2 0 0 0 2 0 0 1 1 1 0 0 1 0 0 0 0 0 0 2 0 2 0 0 0 0 0 1 0 1 0 0 0 2 2 2 0 0 0 0 0 1 1 1 0 0 1 2 0 
0 0 0 33 34 32 0 1 2 2 0 0 32 34 32 0 0 0 2 0 0 32 34 32 0 1 2 17 17 17 16 16 18 0 0 0 18 16 16 17 17 17 0 0 1 16 16 16 16 16 16 2 0 2 0 0 0 0 0 1 0 1 0 0 0 2 2 2 0 0 0 0 0 1 1 1 0 0 1 2 0 
0
0 2 0 1 1 0 0 0 0 
0 0 0 1 2 0 0 1 2 2 0 0 0 2 0 0 0 0 2 0 0 0 2 0 0 1 2 1 1 1 0 0 2 0 0 0 2 0 0 1 1 1 0 0 1 0 0 0 0 0 0 2 0 2 0 0 0 0 0 1 0 1 0 0 0 2 2 2 0 0 0 0 2 1 1 1 0 0 1 2 0 
0 0 0 33 34 32 0 1 2 2 0 0 32 34 32 0 0 0 2 0 0 32 34 32 0 1 2 17 17 17 16 16 18 0 0 0 18 16 16 17 17 17 0 0 1 16 16 16 16 16 16 2 0 2 0 0 0 0 0 1 0 1 0 0 0 2 2 2 0 0 0 0 2 1 1 1 0 0 1 2 0 
0
0 2 0 1 1 0 0 0 0 
0 0 0 1 2 0 0 1 2 2 0 0 0 2 0 0 0 0 2 0 0 0 2 0 0 1 2 1 1 1 0 0 2 0 0 0 2 0 0 1 1 1 0 0 1 0 0 0 0 0 0 2 0 2 1 0 0 0 0 1 0 1 0 0 0 2 2 2 0 0 0 0 2 1 1 1 0 0 1 2 0 
0 0 0 33 34 32 0 1 2 2 0 0 32 34 32 0 0 0 2 0 0 32 34 32 0 1 2 17 17 17 16 16 18 0 0 0 18 16 16 17 17 17 0 0 1 16 16 16 16 16 16 2 0 2 1 0 0 0 0 1 0 1 0 0 0 2 2 2 0 0 0 0 2 1 1 1 0 0 1 2 0 
0
2 2 0 1 1 0 0 0 0 
2 0 0 1 2 0 0 1 2 2 0 0 0 2 0 0 0 0 2 0 0 0 2 0 0 1 2 1 1 1 0 0 2 0 0 0 2 0 0 1 1 1 0 0 1 0 0 0 0 0 0 2 0 2 1 0 0 0 0 1 0 1 0 0 0 2 2 2 0 0 0 0 2 1 1 1 0 0 1 2 0 
34 32 32 33 34 32 0 1 2 34 32 32 32 34 32 0 0 0 34 32 32 32 34 32 0 1 2 17 17 17 16 16 18 0 0 0 18 16 16 17 17 17 0 0 1 16 16 16 16 16 16 2 0 2 1 0 0 0 0 1 0 1 0 0 0 2 2 2 0 0 0 0 2 1 1 1 0 0 1 2 0 
0
2 2 1 1 1 0 0 0 0 
2 0 0 1 2 0 0 1 2 2 0 0 0 2 0 0 1 0 2 0 0 0 2 0 0 1 2 1 1 1 0 0 2 0 0 0 2 0 0 1 1 1 0 0 1 0 0 0 0 0 0 2 0 2 1 0 0 0 0 1 0 1 0 0 0 2 2 2 0 0 0 0 2 1 1 1 0 0 1 2 0 
34 32 32 33 34 32 16 17 18 34 32 32 32 34 32 16 17 16 34 32 32 32 34 32 16 17 18 17 17 17 16 16 18 0 0 0 18 16 16 17 17 17 0 0 1 16 16 16 16 16 16 2 0 2 1 0 0 0 0 1 0 1 0 0 0 2 2 2 0 0 0 0 2 1 1 1 0 0 1 2 0 
0
2 2 1 1 1 0 0 0 0 
2 0 0 1 2 0 0 1 2 2 0 0 0 2 0 0 1 0 2 0 0 0 2 0 0 1 2 1 1 1 0 0 2 0 0 0 2 0 0 1 1 1 0 0 1 0 0 0 0 0 0 2 0 2 1 0 0 0 0 1 0 1 0 0 2 2 2 2 0 0 0 0 2 1 1 1 0 0 1 2 0 
34 32 32 33 34 32 16 17 18 34 32 32 32 34 32 16 17 16 34 32 32 32 34 32 16 17 18 17 17 17 16 16 18 0 0 0 18 16 16 17 17 17 0 0 1 16 16 16 16 16 16 2 0 2 1 0 0 0 0 1 0 1 0 0 2 2 2 2 0 0 0 0 2 1 1 1 0 0 1 2 0 
0
