0 0 0 0 0 0 0 0 0 
1 0 0 0 0 0 0 0 0 0 0 0 0 0 0 0 0 0 0 0 0 0 0 0 0 0 0 0 0 0 0 0 0 0 0 0 0 0 0 0 0 0 0 0 0 0 0 0 0 0 0 0 0 0 0 0 0 0 0 0 0 0 0 0 0 0 0 0 0 0 0 0 0 0 0 0 0 0 0 0 0 
1 0 0 0 0 0 0 0 0 0 0 0 0 0 0 0 0 0 0 0 0 0 0 0 0 0 0 0 0 0 0 0 0 0 0 0 0 0 0 0 0 0 0 0 0 0 0 0 0 0 0 0 0 0 0 0 0 0 0 0 0 0 0 0 0 0 0 0 0 0 0 0 0 0 0 0 0 0 0 0 0 
1
0 0 0 0 0 0 0 0 0 
1 0 0 0 0 0 0 0 0 0 0 0 0 0 0 0 0 0 2 0 0 0 0 0 0 0 0 0 0 0 0 0 0 0 0 0 0 0 0 0 0 0 0 0 0 0 0 0 0 0 0 0 0 0 0 0 0 0 0 0 0 0 0 0 0 0 0 0 0 0 0 0 0 0 0 0 0 0 0 0 0 
1 0 0 0 0 0 0 0 0 0 0 0 0 0 0 0 0 0 2 0 0 0 0 0 0 0 0 0 0 0 0 0 0 0 0 0 0 0 0 0 0 0 0 0 0 0 0 0 0 0 0 0 0 0 0 0 0 0 0 0 0 0 0 0 0 0 0 0 0 0 0 0 0 0 0 0 0 0 0 0 0 
1
0 0 0 0 0 0 0 0 0 
1 0 0 0 0 0 0 0 0 0 0 0 0 0 0 0 0 0 2 0 0 0 0 0 0 0 0 0 0 0 0 0 0 0 0 0 0 0 0 0 0 0 0 0 0 0 0 0 0 0 0 0 0 0 1 0 0 0 0 0 0 0 0 0 0 0 0 0 0 0 0 0 0 0 0 0 0 0 0 0 0 
1 0 0 0 0 0 0 0 0 0 0 0 0 0 0 0 0 0 2 0 0 0 0 0 0 0 0 0 0 0 0 0 0 0 0 0 0 0 0 0 0 0 0 0 0 0 0 0 0 0 0 0 0 0 1 0 0 0 0 0 0 0 0 0 0 0 0 0 0 0 0 0 0 0 0 0 0 0 0 0 0 
1
0 0 0 0 0 0 0 0 0 
1 0 0 0 0 0 0 0 0 0 0 0 0 0 0 0 0 0 2 2 0 0 0 0 0 0 0 0 0 0 0 0 0 0 0 0 0 0 0 0 0 0 0 0 0 0 0 0 0 0 0 0 0 0 1 0 0 0 0 0 0 0 0 0 0 0 0 0 0 0 0 0 0 0 0 0 0 0 0 0 0 
1 0 0 0 0 0 0 0 0 0 0 0 0 0 0 0 0 0 2 2 0 0 0 0 0 0 0 0 0 0 0 0 0 0 0 0 0 0 0 0 0 0 0 0 0 0 0 0 0 0 0 0 0 0 1 0 0 0 0 0 0 0 0 0 0 0 0 0 0 0 0 0 0 0 0 0 0 0 0 0 0 
1
0 0 0 0 0 0 0 0 0 
1 0 0 0 0 0 0 0 0 0 0 0 0 0 0 0 0 0 2 2 0 0 0 0 0 0 0 0 0 0 0 0 0 0 0 0 0 0 0 0 0 0 0 0 0 0 0 0 0 0 0 0 0 0 1 0 0 0 1 0 0 0 0 0 0 0 0 0 0 0 0 0 0 0 0 0 0 0 0 0 0 
1 0 0 0 0 0 0 0 0 0 0 0 0 0 0 0 0 0 2 2 0 0 0 0 0 0 0 0 0 0 0 0 0 0 0 0 0 0 0 0 0 0 0 0 0 0 0 0 0 0 0 0 0 0 1 0 0 0 1 0 0 0 0 0 0 0 0 0 0 0 0 0 0 0 0 0 0 0 0 0 0 
1
0 0 0 0 0 0 0 0 0 
1 0 0 0 0 0 0 0 0 0 0 0 0 2 0 0 0 0 2 2 0 0 0 0 0 0 0 0 0 0 0 0 0 0 0 0 0 0 0 0 0 0 0 0 0 0 0 0 0 0 0 0 0 0 1 0 0 0 1 0 0 0 0 0 0 0 0 0 0 0 0 0 0 0 0 0 0 0 0 0 0 
1 0 0 0 0 0 0 0 0 0 0 0 0 2 0 0 0 0 2 2 0 0 0 0 0 0 0 0 0 0 0 0 0 0 0 0 0 0 0 0 0 0 0 0 0 0 0 0 0 0 0 0 0 0 1 0 0 0 1 0 0 0 0 0 0 0 0 0 0 0 0 0 0 0 0 0 0 0 0 0 0 
1
0 0 0 0 0 0 0 0 0 
1 0 0 0 0 0 0 0 0 0 0 0 0 2 0 0 0 0 2 2 0 0 0 0 0 0 0 0 0 0 0 1 0 0 0 0 0 0 0 0 0 0 0 0 0 0 0 0 0 0 0 0 0 0 1 0 0 0 1 0 0 0 0 0 0 0 0 0 0 0 0 0 0 0 0 0 0 0 0 0 0 
1 0 0 0 0 0 0 0 0 0 0 0 0 2 0 0 0 0 2 2 0 0 0 0 0 0 0 0 0 0 0 1 0 0 0 0 0 0 0 0 0 0 0 0 0 0 0 0 0 0 0 0 0 0 1 0 0 0 1 0 0 0 0 0 0 0 0 0 0 0 0 0 0 0 0 0 0 0 0 0 0 
1
0 0 0 0 0 0 0 0 0 
1 0 0 0 0 0 0 0 0 0 0 0 0 2 0 0 0 0 2 2 0 2 0 0 0 0 0 0 0 0 0 1 0 0 0 0 0 0 0 0 0 0 0 0 0 0 0 0 0 0 0 0 0 0 1 0 0 0 1 0 0 0 0 0 0 0 0 0 0 0 0 0 0 0 0 0 0 0 0 0 0 
1 0 0 0 0 0 0 0 0 0 0 0 0 2 0 0 0 0 2 2 0 2 0 0 0 0 0 0 0 0 0 1 0 0 0 0 0 0 0 0 0 0 0 0 0 0 0 0 0 0 0 0 0 0 1 0 0 0 1 0 0 0 0 0 0 0 0 0 0 0 0 0 0 0 0 0 0 0 0 0 0 
1
0 0 0 0 0 0 0 0 0 
1 0 0 0 0 0 0 0 0 0 0 0 0 2 0 0 0 0 2 2 0 2 0 0 0 0 0 0 0 0 0 1 0 0 0 0 0 0 0 0 0 0 0 0 0 0 0 0 0 0 0 0 0 0 1 0 1 0 1 0 0 0 0 0 0 0 0 0 0 0 0 0 0 0 0 0 0 0 0 0 0 
1 0 0 0 0 0 0 0 0 0 0 0 0 2 0 0 0 0 2 2 0 2 0 0 0 0 0 0 0 0 0 1 0 0 0 0 0 0 0 0 0 0 0 0 0 0 0 0 0 0 0 0 0 0 1 0 1 0 1 0 0 0 0 0 0 0 0 0 0 0 0 0 0 0 0 0 0 0 0 0 0 
1
0 0 0 0 0 0 0 0 0 
1 0 0 0 0 0 0 0 0 0 0 0 0 2 0 0 2 0 2 2 0 2 0 0 0 0 0 0 0 0 0 1 0 0 0 0 0 0 0 0 0 0 0 0 0 0 0 0 0 0 0 0 0 0 1 0 1 0 1 0 0 0 0 0 0 0 0 0 0 0 0 0 0 0 0 0 0 0 0 0 0 
1 0 0 0 0 0 0 0 0 0 0 0 0 2 0 0 2 0 2 2 0 2 0 0 0 0 0 0 0 0 0 1 0 0 0 0 0 0 0 0 0 0 0 0 0 0 0 0 0 0 0 0 0 0 1 0 1 0 1 0 0 0 0 0 0 0 0 0 0 0 0 0 0 0 0 0 0 0 0 0 0 
1
0 0 0 0 0 0 0 0 0 
1 0 0 0 0 0 0 0 0 0 0 0 0 2 0 0 2 0 2 2 0 2 0 0 0 0 0 0 0 0 0 1 1 0 0 0 0 0 0 0 0 0 0 0 0 0 0 0 0 0 0 0 0 0 1 0 1 0 1 0 0 0 0 0 0 0 0 0 0 0 0 0 0 0 0 0 0 0 0 0 0 
1 0 0 0 0 0 0 0 0 0 0 0 0 2 0 0 2 0 2 2 0 2 0 0 0 0 0 0 0 0 0 1 1 0 0 0 0 0 0 0 0 0 0 0 0 0 0 0 0 0 0 0 0 0 1 0 1 0 1 0 0 0 0 0 0 0 0 0 0 0 0 0 0 0 0 0 0 0 0 0 0 
1
0 0 0 0 0 0 0 0 0 
1 0 0 0 0 0 0 0 0 0 0 0 0 2 0 0 2 0 2 2 0 2 0 0 0 2 0 0 0 0 0 1 1 0 0 0 0 0 0 0 0 0 0 0 0 0 0 0 0 0 0 0 0 0 1 0 1 0 1 0 0 0 0 0 0 0 0 0 0 0 0 0 0 0 0 0 0 0 0 0 0 
1 0 0 0 0 0 0 0 0 0 0 0 0 2 0 0 2 0 2 2 0 2 0 0 0 2 0 0 0 0 0 1 1 0 0 0 0 0 0 0 0 0 0 0 0 0 0 0 0 0 0 0 0 0 1 0 1 0 1 0 0 0 0 0 0 0 0 0 0 0 0 0 0 0 0 0 0 0 0 0 0 
1
0 0 0 0 0 0 0 0 0 
1 0 0 0 0 0 0 0 0 0 0 0 0 2 0 0 2 0 2 2 0 2 0 0 0 2 0 0 0 0 0 1 1 0 0 0 0 0 0 0 0 0 0 0 0 0 0 0 0 0 0 0 0 0 1 0 1 0 1 0 0 0 0 0 0 0 0 1 0 0 0 0 0 0 0 0 0 0 0 0 0 
1 0 0 0 0 0 0 0 0 0 0 0 0 2 0 0 2 0 2 2 0 2 0 0 0 2 0 0 0 0 0 1 1 0 0 0 0 0 0 0 0 0 0 0 0 0 0 0 0 0 0 0 0 0 1 0 1 0 1 0 0 0 0 0 0 0 0 1 0 0 0 0 0 0 0 0 0 0 0 0 0 
1
0 0 0 0 0 0 0 0 0 
1 0 0 0 0 0 0 0 0 0 0 0 0 2 0 0 2 0 2 2 0 2 0 0 0 2 0 0 0 0 2 1 1 0 0 0 0 0 0 0 0 0 0 0 0 0 0 0 0 0 0 0 0 0 1 0 1 0 1 0 0 0 0 0 0 0 0 1 0 0 0 0 0 0 0 0 0 0 0 0 0 
1 0 0 0 0 0 0 0 0 0 0 0 0 2 0 0 2 0 2 2 0 2 0 0 0 2 0 0 0 0 2 1 1 0 0 0 0 0 0 0 0 0 0 0 0 0 0 0 0 0 0 0 0 0 1 0 1 0 1 0 0 0 0 0 0 0 0 1 0 0 0 0 0 0 0 0 0 0 0 0 0 
1
0 0 0 0 0 0 0 0 0 
1 0 0 0 0 0 0 0 0 0 0 0 0 2 0 0 2 0 2 2 1 2 0 0 0 2 0 0 0 0 2 1 1 0 0 0 0 0 0 0 0 0 0 0 0 0 0 0 0 0 0 0 0 0 1 0 1 0 1 0 0 0 0 0 0 0 0 1 0 0 0 0 0 0 0 0 0 0 0 0 0 
1 0 0 0 0 0 0 0 0 0 0 0 0 2 0 0 2 0 2 2 1 2 0 0 0 2 0 0 0 0 2 1 1 0 0 0 0 0 0 0 0 0 0 0 0 0 0 0 0 0 0 0 0 0 1 0 1 0 1 0 0 0 0 0 0 0 0 1 0 0 0 0 0 0 0 0 0 0 0 0 0 
1
0 0 0 0 0 0 0 0 0 
1 0 0 0 0 0 0 0 0 0 0 0 0 2 0 0 2 0 2 2 1 2 0 0 0 2 0 0 0 0 2 1 1 0 0 0 0 0 0 0 0 0 0 0 0 0 0 0 0 0 0 0 0 0 1 0 1 0 1 0 0 0 2 0 0 0 0 1 0 0 0 0 0 0 0 0 0 0 0 0 0 
1 0 0 0 0 0 0 0 0 0 0 0 0 2 0 0 2 0 2 2 1 2 0 0 0 2 0 0 0 0 2 1 1 0 0 0 0 0 0 0 0 0 0 0 0 0 0 0 0 0 0 0 0 0 1 0 1 0 1 0 0 0 2 0 0 0 0 1 0 0 0 0 0 0 0 0 0 0 0 0 0 
1
0 0 0 0 0 0 0 0 0 
1 0 0 0 0 0 0 1 0 0 0 0 0 2 0 0 2 0 2 2 1 2 0 0 0 2 0 0 0 0 2 1 1 0 0 0 0 0 0 0 0 0 0 0 0 0 0 0 0 0 0 0 0 0 1 0 1 0 1 0 0 0 2 0 0 0 0 1 0 0 0 0 0 0 0 0 0 0 0 0 0 
1 0 0 0 0 0 0 1 0 0 0 0 0 2 0 0 2 0 2 2 1 2 0 0 0 2 0 0 0 0 2 1 1 0 0 0 0 0 0 0 0 0 0 0 0 0 0 0 0 0 0 0 0 0 1 0 1 0 1 0 0 0 2 0 0 0 0 1 0 0 0 0 0 0 0 0 0 0 0 0 0 
1
0 2 0 0 0 0 0 0 0 
1 0 0 0 0 2 0 1 0 0 0 0 0 2 0 0 2 0 2 2 1 2 0 0 0 2 0 0 0 0 2 1 1 0 0 0 0 0 0 0 0 0 0 0 0 0 0 0 0 0 0 0 0 0 1 0 1 0 1 0 0 0 2 0 0 0 0 1 0 0 0 0 0 0 0 0 0 0 0 0 0 
1 0 0 32 32 34 0 1 0 0 0 0 32 34 32 0 2 0 2 2 1 34 32 32 0 2 0 0 0 0 2 1 1 0 0 0 0 0 0 0 0 0 0 0 0 0 0 0 0 0 0 0 0 0 1 0 1 0 1 0 0 0 2 0 0 0 0 1 0 0 0 0 0 0 0 0 0 0 0 0 0 
1
0 2 0 0 0 0 0 0 0 
1 0 0 0 0 2 1 1 0 0 0 0 0 2 0 0 2 0 2 2 1 2 0 0 0 2 0 0 0 0 2 1 1 0 0 0 0 0 0 0 0 0 0 0 0 0 0 0 0 0 0 0 0 0 1 0 1 0 1 0 0 0 2 0 0 0 0 1 0 0 0 0 0 0 0 0 0 0 0 0 0 
1 0 0 32 32 34 1 1 0 0 0 0 32 34 32 0 2 0 2 2 1 34 32 32 0 2 0 0 0 0 2 1 1 0 0 0 0 0 0 0 0 0 0 0 0 0 0 0 0 0 0 0 0 0 1 0 1 0 1 0 0 0 2 0 0 0 0 1 0 0 0 0 0 0 0 0 0 0 0 0 0 
1
0 2 0 0 0 0 0 0 0 
1 0 0 0 0 2 1 1 0 0 0 2 0 2 0 0 2 0 2 2 1 2 0 0 0 2 0 0 0 0 2 1 1 0 0 0 0 0 0 0 0 0 0 0 0 0 0 0 0 0 0 0 0 0 1 0 1 0 1 0 0 0 2 0 0 0 0 1 0 0 0 0 0 0 0 0 0 0 0 0 0 
1 0 0 32 32 34 1 1 0 0 0 2 32 34 32 0 2 0 2 2 1 34 32 32 0 2 0 0 0 0 2 1 1 0 0 0 0 0 0 0 0 0 0 0 0 0 0 0 0 0 0 0 0 0 1 0 1 0 1 0 0 0 2 0 0 0 0 1 0 0 0 0 0 0 0 0 0 0 0 0 0 
1
0 2 0 0 0 0 0 0 0 
1 0 0 0 0 2 1 1 0 0 0 2 0 2 0 0 2 0 2 2 1 2 0 0 0 2 0 0 0 0 2 1 1 1 0 0 0 0 0 0 0 0 0 0 0 0 0 0 0 0 0 0 0 0 1 0 1 0 1 0 0 0 2 0 0 0 0 1 0 0 0 0 0 0 0 0 0 0 0 0 0 
1 0 0 32 32 34 1 1 0 0 0 2 32 34 32 0 2 0 2 2 1 34 32 32 0 2 0 0 0 0 2 1 1 1 0 0 0 0 0 0 0 0 0 0 0 0 0 0 0 0 0 0 0 0 1 0 1 0 1 0 0 0 2 0 0 0 0 1 0 0 0 0 0 0 0 0 0 0 0 0 0 
1
0 2 0 0 0 0 0 0 0 
1 0 0 0 0 2 1 1 0 2 0 2 0 2 0 0 2 0 2 2 1 2 0 0 0 2 0 0 0 0 2 1 1 1 0 0 0 0 0 0 0 0 0 0 0 0 0 0 0 0 0 0 0 0 1 0 1 0 1 0 0 0 2 0 0 0 0 1 0 0 0 0 0 0 0 0 0 0 0 0 0 
1 0 0 32 32 34 1 1 0 2 0 2 32 34 32 0 2 0 2 2 1 34 32 32 0 2 0 0 0 0 2 1 1 1 0 0 0 0 0 0 0 0 0 0 0 0 0 0 0 0 0 0 0 0 1 0 1 0 1 0 0 0 2 0 0 0 0 1 0 0 0 0 0 0 0 0 0 0 0 0 0 
1
0 2 0 0 0 0 0 0 0 
1 0 0 0 0 2 1 1 0 2 0 2 0 2 0 0 2 0 2 2 1 2 0 0 0 2 0 0 1 0 2 1 1 1 0 0 0 0 0 0 0 0 0 0 0 0 0 0 0 0 0 0 0 0 1 0 1 0 1 0 0 0 2 0 0 0 0 1 0 0 0 0 0 0 0 0 0 0 0 0 0 
1 0 0 32 32 34 1 1 0 2 0 2 32 34 32 0 2 0 2 2 1 34 32 32 0 2 0 0 1 0 2 1 1 1 0 0 0 0 0 0 0 0 0 0 0 0 0 0 0 0 0 0 0 0 1 0 1 0 1 0 0 0 2 0 0 0 0 1 0 0 0 0 0 0 0 0 0 0 0 0 0 
1
0 2 0 0 0 0 0 0 0 
1 0 0 0 0 2 1 1 0 2 0 2 0 2 0 0 2 0 2 2 1 2 0 0 0 2 0 0 1 0 2 1 1 1 0 0 0 0 0 0 0 0 0 0 0 0 0 0 0 0 0 0 0 0 1 0 1 0 1 0 0 0 2 0 0 0 0 1 0 0 0 0 0 0 0 0 0 0 0 0 2 
1 0 0 32 32 34 1 1 0 2 0 2 32 34 32 0 2 0 2 2 1 34 32 32 0 2 0 0 1 0 2 1 1 1 0 0 0 0 0 0 0 0 0 0 0 0 0 0 0 0 0 0 0 0 1 0 1 0 1 0 0 0 2 0 0 0 0 1 0 0 0 0 0 0 0 0 0 0 0 0 2 
1
0 2 0 0 0 0 0 0 0 
1 0 0 0 0 2 1 1 0 2 0 2 0 2 0 0 2 0 2 2 1 2 0 0 0 2 0 0 1 0 2 1 1 1 0 0 0 0 0 0 0 0 0 0 0 0 0 0 0 0 0 0 0 0 1 0 1 0 1 0 0 0 2 0 0 0 0 1 0 0 0 1 0 0 0 0 0 0 0 0 2 
1 0 0 32 32 34 1 1 0 2 0 2 32 34 32 0 2 0 2 2 1 34 32 32 0 2 0 0 1 0 2 1 1 1 0 0 0 0 0 0 0 0 0 0 0 0 0 0 0 0 0 0 0 0 1 0 1 0 1 0 0 0 2 0 0 0 0 1 0 0 0 1 0 0 0 0 0 0 0 0 2 
1
0 2 0 0 0 0 0 0 0 
1 0 0 0 0 2 1 1 0 2 0 2 0 2 0 0 2 0 2 2 1 2 0 0 0 2 0 0 1 0 2 1 1 1 0 0 0 0 0 0 0 0 0 0 0 0 0 0 0 0 0 0 0 2 1 0 1 0 1 0 0 0 2 0 0 0 0 1 0 0 0 1 0 0 0 0 0 0 0 0 2 
1 0 0 32 32 34 1 1 0 2 0 2 32 34 32 0 2 0 2 2 1 34 32 32 0 2 0 0 1 0 2 1 1 1 0 0 0 0 0 0 0 0 0 0 0 0 0 0 0 0 0 0 0 2 1 0 1 0 1 0 0 0 2 0 0 0 0 1 0 0 0 1 0 0 0 0 0 0 0 0 2 
1
0 2 0 0 0 0 0 0 0 
1 0 0 0 0 2 1 1 0 2 0 2 0 2 0 0 2 0 2 2 1 2 0 0 0 2 0 0 1 0 2 1 1 1 0 0 0 0 0 0 0 0 0 0 0 0 0 0 0 0 0 0 0 2 1 0 1 0 1 0 0 0 2 0 0 0 0 1 0 1 0 1 0 0 0 0 0 0 0 0 2 
1 0 0 32 32 34 1 1 0 2 0 2 32 34 32 0 2 0 2 2 1 34 32 32 0 2 0 0 1 0 2 1 1 1 0 0 0 0 0 0 0 0 0 0 0 0 0 0 0 0 0 0 0 2 1 0 1 0 1 0 0 0 2 0 0 0 0 1 0 1 0 1 0 0 0 0 0 0 0 0 2 
1
0 2 0 0 0 0 0 0 0 
1 0 0 0 0 2 1 1 0 2 0 2 0 2 0 0 2 0 2 2 1 2 0 0 0 2 0 0 1 0 2 1 1 1 0 0 2 0 0 0 0 0 0 0 0 0 0 0 0 0 0 0 0 2 1 0 1 0 1 0 0 0 2 0 0 0 0 1 0 1 0 1 0 0 0 0 0 0 0 0 2 
1 0 0 32 32 34 1 1 0 2 0 2 32 34 32 0 2 0 2 2 1 34 32 32 0 2 0 0 1 0 2 1 1 1 0 0 2 0 0 0 0 0 0 0 0 0 0 0 0 0 0 0 0 2 1 0 1 0 1 0 0 0 2 0 0 0 0 1 0 1 0 1 0 0 0 0 0 0 0 0 2 
1
0 2 0 0 0 0 0 0 0 
1 0 0 0 0 2 1 1 0 2 0 2 0 2 0 0 2 0 2 2 1 2 0 0 0 2 0 0 1 1 2 1 1 1 0 0 2 0 0 0 0 0 0 0 0 0 0 0 0 0 0 0 0 2 1 0 1 0 1 0 0 0 2 0 0 0 0 1 0 1 0 1 0 0 0 0 0 0 0 0 2 
1 0 0 32 32 34 1 1 0 2 0 2 32 34 32 0 2 0 2 2 1 34 32 32 0 2 0 0 1 1 2 1 1 1 0 0 2 0 0 0 0 0 0 0 0 0 0 0 0 0 0 0 0 2 1 0 1 0 1 0 0 0 2 0 0 0 0 1 0 1 0 1 0 0 0 0 0 0 0 0 2 
1
0 2 0 0 0 0 0 0 0 
1 0 0 0 0 2 1 1 0 2 0 2 0 2 0 0 2 2 2 2 1 2 0 0 0 2 0 0 1 1 2 1 1 1 0 0 2 0 0 0 0 0 0 0 0 0 0 0 0 0 0 0 0 2 1 0 1 0 1 0 0 0 2 0 0 0 0 1 0 1 0 1 0 0 0 0 0 0 0 0 2 
1 0 0 32 32 34 1 1 0 2 0 2 32 34 32 0 2 2 2 2 1 34 32 32 0 2 0 0 1 1 2 1 1 1 0 0 2 0 0 0 0 0 0 0 0 0 0 0 0 0 0 0 0 2 1 0 1 0 1 0 0 0 2 0 0 0 0 1 0 1 0 1 0 0 0 0 0 0 0 0 2 
1
0 2 0 0 0 0 0 0 0 
1 0 0 0 0 2 1 1 0 2 0 2 0 2 0 0 2 2 2 2 1 2 0 0 0 2 0 0 1 1 2 1 1 1 1 0 2 0 0 0 0 0 0 0 0 0 0 0 0 0 0 0 0 2 1 0 1 0 1 0 0 0 2 0 0 0 0 1 0 1 0 1 0 0 0 0 0 0 0 0 2 
1 0 0 32 32 34 1 1 0 2 0 2 32 34 32 0 2 2 2 2 1 34 32 32 0 2 0 0 1 1 2 1 1 1 1 0 2 0 0 0 0 0 0 0 0 0 0 0 0 0 0 0 0 2 1 0 1 0 1 0 0 0 2 0 0 0 0 1 0 1 0 1 0 0 0 0 0 0 0 0 2 
1
0 2 0 0 0 0 0 0 0 
1 0 0 0 0 2 1 1 0 2 0 2 0 2 0 0 2 2 2 2 1 2 0 0 0 2 0 0 1 1 2 1 1 1 1 0 2 0 0 0 0 0 0 0 0 0 0 0 0 0 0 0 0 2 1 0 1 0 1 0 0 0 2 0 0 0 0 1 0 1 2 1 0 0 0 0 0 0 0 0 2 
1 0 0 32 32 34 1 1 0 2 0 2 32 34 32 0 2 2 2 2 1 34 32 32 0 2 0 0 1 1 2 1 1 1 1 0 2 0 0 0 0 0 0 0 0 0 0 0 0 0 0 0 0 2 1 0 1 0 1 0 0 0 2 0 0 0 0 1 0 1 2 1 0 0 0 0 0 0 0 0 2 
1
0 2 0 0 0 0 0 0 0 
1 0 0 0 0 2 1 1 0 2 0 2 0 2 0 0 2 2 2 2 1 2 0 0 0 2 0 0 1 1 2 1 1 1 1 0 2 0 0 0 1 0 0 0 0 0 0 0 0 0 0 0 0 2 1 0 1 0 1 0 0 0 2 0 0 0 0 1 0 1 2 1 0 0 0 0 0 0 0 0 2 
1 0 0 32 32 34 1 1 0 2 0 2 32 34 32 0 2 2 2 2 1 34 32 32 0 2 0 0 1 1 2 1 1 1 1 0 2 0 0 0 1 0 0 0 0 0 0 0 0 0 0 0 0 2 1 0 1 0 1 0 0 0 2 0 0 0 0 1 0 1 2 1 0 0 0 0 0 0 0 0 2 
1
0 2 0 0 0 0 0 0 0 
1 0 0 0 0 2 1 1 0 2 0 2 0 2 0 0 2 2 2 2 1 2 0 0 0 2 0 0 1 1 2 1 1 1 1 0 2 0 0 0 1 0 0 0 0 0 0 0 0 0 2 0 0 2 1 0 1 0 1 0 0 0 2 0 0 0 0 1 0 1 2 1 0 0 0 0 0 0 0 0 2 
1 0 0 32 32 34 1 1 0 2 0 2 32 34 32 0 2 2 2 2 1 34 32 32 0 2 0 0 1 1 2 1 1 1 1 0 2 0 0 0 1 0 0 0 0 0 0 0 0 0 2 0 0 2 1 0 1 0 1 0 0 0 2 0 0 0 0 1 0 1 2 1 0 0 0 0 0 0 0 0 2 
1
0 2 0 0 0 0 0 0 0 
1 0 0 0 0 2 1 1 0 2 0 2 0 2 0 0 2 2 2 2 1 2 0 0 0 2 0 0 1 1 2 1 1 1 1 0 2 0 0 0 1 0 0 0 0 0 0 0 0 0 2 0 0 2 1 0 1 0 1 0 0 0 2 0 0 0 0 1 0 1 2 1 0 0 0 0 0 0 1 0 2 
1 0 0 32 32 34 1 1 0 2 0 2 32 34 32 0 2 2 2 2 1 34 32 32 0 2 0 0 1 1 2 1 1 1 1 0 2 0 0 0 1 0 0 0 0 0 0 0 0 0 2 0 0 2 1 0 1 0 1 0 0 0 2 0 0 0 0 1 0 1 2 1 0 0 0 0 0 0 1 0 2 
1
0 2 0 0 0 0 0 0 0 
1 0 0 0 0 2 1 1 0 2 0 2 0 2 0 0 2 2 2 2 1 2 0 0 0 2 0 0 1 1 2 1 1 1 1 0 2 0 0 0 1 0 0 0 0 0 0 0 0 0 2 0 0 2 1 2 1 0 1 0 0 0 2 0 0 0 0 1 0 1 2 1 0 0 0 0 0 0 1 0 2 
1 0 0 32 32 34 1 1 0 2 0 2 32 34 32 0 2 2 2 2 1 34 32 32 0 2 0 0 1 1 2 1 1 1 1 0 2 0 0 0 1 0 0 0 0 0 0 0 0 0 2 0 0 2 1 2 1 0 1 0 0 0 2 0 0 0 0 1 0 1 2 1 0 0 0 0 0 0 1 0 2 
1
0 2 0 0 1 0 0 0 0 
1 0 0 0 0 2 1 1 0 2 0 2 0 2 0 0 2 2 2 2 1 2 0 0 0 2 0 0 1 1 2 1 1 1 1 0 2 0 0 0 1 0 0 0 0 0 0 0 0 1 2 0 0 2 1 2 1 0 1 0 0 0 2 0 0 0 0 1 0 1 2 1 0 0 0 0 0 0 1 0 2 
1 0 0 32 32 34 1 1 0 2 0 2 32 34 32 0 2 2 2 2 1 34 32 32 0 2 0 0 1 1 18 17 17 1 1 0 2 0 0 16 17 16 0 0 0 0 0 0 16 17 18 0 0 2 1 2 1 0 1 0 0 0 2 0 0 0 0 1 0 1 2 1 0 0 0 0 0 0 1 0 2 
1
0 2 0 0 1 0 0 0 0 
1 0 0 0 0 2 1 1 0 2 0 2 0 2 0 0 2 2 2 2 1 2 0 0 0 2 0 0 1 1 2 1 1 1 1 0 2 0 0 0 1 0 0 0 0 0 0 0 0 1 2 0 0 2 1 2 1 0 1 0 0 0 2 0 0 0 0 1 0 1 2 1 0 0 0 2 0 0 1 0 2 
1 0 0 32 32 34 1 1 0 2 0 2 32 34 32 0 2 2 2 2 1 34 32 32 0 2 0 0 1 1 18 17 17 1 1 0 2 0 0 16 17 16 0 0 0 0 0 0 16 17 18 0 0 2 1 2 1 0 1 0 0 0 2 0 0 0 0 1 0 1 2 1 0 0 0 2 0 0 1 0 2 
1
0 2 0 0 1 0 0 0 0 
1 0 0 0 0 2 1 1 0 2 0 2 0 2 0 0 2 2 2 2 1 2 0 0 0 2 0 0 1 1 2 1 1 1 1 0 2 0 0 0 1 0 0 0 0 0 0 0 0 1 2 0 0 2 1 2 1 0 1 0 0 0 2 1 0 0 0 1 0 1 2 1 0 0 0 2 0 0 1 0 2 
1 0 0 32 32 34 1 1 0 2 0 2 32 34 32 0 2 2 2 2 1 34 32 32 0 2 0 0 1 1 18 17 17 1 1 0 2 0 0 16 17 16 0 0 0 0 0 0 16 17 18 0 0 2 1 2 1 0 1 0 0 0 2 1 0 0 0 1 0 1 2 1 0 0 0 2 0 0 1 0 2 
1
0 2 0 0 1 0 0 0 0 
1 0 0 0 0 2 1 1 0 2 0 2 0 2 0 0 2 2 2 2 1 2 0 0 0 2 0 2 1 1 2 1 1 1 1 0 2 0 0 0 1 0 0 0 0 0 0 0 0 1 2 0 0 2 1 2 1 0 1 0 0 0 2 1 0 0 0 1 0 1 2 1 0 0 0 2 0 0 1 0 2 
1 0 0 32 32 34 1 1 0 2 0 2 32 34 32 0 2 2 2 2 1 34 32 32 0 2 0 2 1 1 18 17 17 1 1 0 2 0 0 16 17 16 0 0 0 0 0 0 16 17 18 0 0 2 1 2 1 0 1 0 0 0 2 1 0 0 0 1 0 1 2 1 0 0 0 2 0 0 1 0 2 
1
1 2 0 0 1 0 0 0 0 
1 0 0 0 0 2 1 1 0 2 1 2 0 2 0 0 2 2 2 2 1 2 0 0 0 2 0 2 1 1 2 1 1 1 1 0 2 0 0 0 1 0 0 0 0 0 0 0 0 1 2 0 0 2 1 2 1 0 1 0 0 0 2 1 0 0 0 1 0 1 2 1 0 0 0 2 0 0 1 0 2 
17 16 16 32 32 34 1 1 0 18 17 18 32 34 32 0 2 2 18 18 17 34 32 32 0 2 0 2 1 1 18 17 17 1 1 0 2 0 0 16 17 16 0 0 0 0 0 0 16 17 18 0 0 2 1 2 1 0 1 0 0 0 2 1 0 0 0 1 0 1 2 1 0 0 0 2 0 0 1 0 2 
1
1 2 0 0 1 0 0 0 2 
1 0 0 0 0 2 1 1 0 2 1 2 0 2 0 0 2 2 2 2 1 2 0 0 0 2 0 2 1 1 2 1 1 1 1 0 2 0 0 0 1 0 0 0 0 0 0 0 0 1 2 0 0 2 1 2 1 0 1 0 2 0 2 1 0 0 0 1 0 1 2 1 0 0 0 2 0 0 1 0 2 
17 16 16 32 32 34 1 1 0 18 17 18 32 34 32 0 2 2 18 18 17 34 32 32 0 2 0 2 1 1 18 17 17 1 1 0 2 0 0 16 17 16 0 0 0 0 0 0 16 17 18 0 0 2 1 2 1 0 1 0 34 32 34 1 0 0 0 1 0 33 34 33 0 0 0 2 0 0 33 32 34 
1
1 2 1 0 1 0 0 0 2 
1 0 0 0 0 2 1 1 1 2 1 2 0 2 0 0 2 2 2 2 1 2 0 0 0 2 0 2 1 1 2 1 1 1 1 0 2 0 0 0 1 0 0 0 0 0 0 0 0 1 2 0 0 2 1 2 1 0 1 0 2 0 2 1 0 0 0 1 0 1 2 1 0 0 0 2 0 0 1 0 2 
17 16 16 32 32 34 17 17 17 18 17 18 32 34 32 16 18 18 18 18 17 34 32 32 16 18 16 2 1 1 18 17 17 1 1 0 2 0 0 16 17 16 0 0 0 0 0 0 16 17 18 0 0 2 1 2 1 0 1 0 34 32 34 1 0 0 0 1 0 33 34 33 0 0 0 2 0 0 33 32 34 
1
1 2 1 0 1 0 0 0 2 
1 0 0 0 0 2 1 1 1 2 1 2 0 2 0 0 2 2 2 2 1 2 0 0 0 2 0 2 1 1 2 1 1 1 1 0 2 0 0 0 1 0 0 0 0 0 0 0 0 1 2 0 0 2 1 2 1 0 1 0 2 0 2 1 0 0 0 1 0 1 2 1 0 0 0 2 2 0 1 0 2 
17 16 16 32 32 34 17 17 17 18 17 18 32 34 32 16 18 18 18 18 17 34 32 32 16 18 16 2 1 1 18 17 17 1 1 0 2 0 0 16 17 16 0 0 0 0 0 0 16 17 18 0 0 2 1 2 1 0 1 0 34 32 34 1 0 0 0 1 0 33 34 33 0 0 0 2 2 0 33 32 34 
1
1 2 1 0 1 0 0 0 2 
1 0 0 0 0 2 1 1 1 2 1 2 0 2 0 0 2 2 2 2 1 2 0 0 0 2 0 2 1 1 2 1 1 1 1 0 2 0 0 0 1 0 0 0 0 0 0 0 0 1 2 0 0 2 1 2 1 0 1 0 2 0 2 1 0 0 0 1 0 1 2 1 0 0 0 2 2 1 1 0 2 
17 16 16 32 32 34 17 17 17 18 17 18 32 34 32 16 18 18 18 18 17 34 32 32 16 18 16 2 1 1 18 17 17 1 1 0 2 0 0 16 17 16 0 0 0 0 0 0 16 17 18 0 0 2 1 2 1 0 1 0 34 32 34 1 0 0 0 1 0 33 34 33 0 0 0 2 2 1 33 32 34 
1
1 2 1 0 1 0 0 0 2 
1 0 0 0 0 2 1 1 1 2 1 2 0 2 0 0 2 2 2 2 1 2 0 0 0 2 0 2 1 1 2 1 1 1 1 0 2 0 0 0 1 0 0 0 0 0 0 0 0 1 2 0 0 2 1 2 1 2 1 0 2 0 2 1 0 0 0 1 0 1 2 1 0 0 0 2 2 1 1 0 2 
17 16 16 32 32 34 17 17 17 18 17 18 32 34 32 16 18 18 18 18 17 34 32 32 16 18 16 2 1 1 18 17 17 1 1 0 2 0 0 16 17 16 0 0 0 0 0 0 16 17 18 0 0 2 1 2 1 2 1 0 34 32 34 1 0 0 0 1 0 33 34 33 0 0 0 2 2 1 33 32 34 
1
1 2 1 0 1 1 0 0 2 
1 0 0 0 0 2 1 1 1 2 1 2 0 2 0 0 2 2 2 2 1 2 0 0 0 2 0 2 1 1 2 1 1 1 1 1 2 0 0 0 1 0 0 0 0 0 0 0 0 1 2 0 0 2 1 2 1 2 1 0 2 0 2 1 0 0 0 1 0 1 2 1 0 0 0 2 2 1 1 0 2 
17 16 16 32 32 34 17 17 17 18 17 18 32 34 32 16 18 18 18 18 17 34 32 32 16 18 16 2 1 1 18 17 17 17 17 17 2 0 0 16 17 16 16 16 16 0 0 0 16 17 18 16 16 18 1 2 1 2 1 0 34 32 34 1 0 0 0 1 0 33 34 33 0 0 0 2 2 1 33 32 34 
1
1 2 1 0 1 1 0 2 2 
1 0 0 0 0 2 1 1 1 2 1 2 0 2 0 0 2 2 2 2 1 2 0 0 0 2 0 2 1 1 2 1 1 1 1 1 2 0 0 0 1 0 0 0 0 0 0 0 0 1 2 0 0 2 1 2 1 2 1 0 2 0 2 1 0 0 2 1 0 1 2 1 0 0 0 2 2 1 1 0 2 
17 16 16 32 32 34 17 17 17 18 17 18 32 34 32 16 18 18 18 18 17 34 32 32 16 18 16 2 1 1 18 17 17 17 17 17 2 0 0 16 17 16 16 16 16 0 0 0 16 17 18 16 16 18 1 2 1 34 33 32 34 32 34 1 0 0 34 33 32 33 34 33 0 0 0 34 34 33 33 32 34 
1
1 2 1 0 1 1 0 2 2 
1 0 0 0 0 2 1 1 1 2 1 2 0 2 0 0 2 2 2 2 1 2 0 0 0 2 0 2 1 1 2 1 1 1 1 1 2 0 0 0 1 0 0 0 0 1 0 0 0 1 2 0 0 2 1 2 1 2 1 0 2 0 2 1 0 0 2 1 0 1 2 1 0 0 0 2 2 1 1 0 2 
17 16 16 32 32 34 17 17 17 18 17 18 32 34 32 16 18 18 18 18 17 34 32 32 16 18 16 2 1 1 18 17 17 17 17 17 2 0 0 16 17 16 16 16 16 1 0 0 16 17 18 16 16 18 1 2 1 34 33 32 34 32 34 1 0 0 34 33 32 33 34 33 0 0 0 34 34 33 33 32 34 
1
1 2 1 0 1 1 0 2 2 
1 0 0 0 0 2 1 1 1 2 1 2 0 2 0 0 2 2 2 2 1 2 0 0 0 2 0 2 1 1 2 1 1 1 1 1 2 0 0 0 1 0 0 0 0 1 0 0 0 1 2 0 0 2 1 2 1 2 1 0 2 0 2 1 0 0 2 1 0 1 2 1 2 0 0 2 2 1 1 0 2 
17 16 16 32 32 34 17 17 17 18 17 18 32 34 32 16 18 18 18 18 17 34 32 32 16 18 16 2 1 1 18 17 17 17 17 17 2 0 0 16 17 16 16 16 16 1 0 0 16 17 18 16 16 18 1 2 1 34 33 32 34 32 34 1 0 0 34 33 32 33 34 33 2 0 0 34 34 33 33 32 34 
1
1 2 1 0 1 1 0 2 2 
1 0 0 0 0 2 1 1 1 2 1 2 0 2 0 0 2 2 2 2 1 2 0 0 0 2 0 2 1 1 2 1 1 1 1 1 2 0 0 0 1 0 0 0 0 1 0 0 0 1 2 0 0 2 1 2 1 2 1 0 2 0 2 1 1 0 2 1 0 1 2 1 2 0 0 2 2 1 1 0 2 
17 16 16 32 32 34 17 17 17 18 17 18 32 34 32 16 18 18 18 18 17 34 32 32 16 18 16 2 1 1 18 17 17 17 17 17 2 0 0 16 17 16 16 16 16 1 0 0 16 17 18 16 16 18 1 2 1 34 33 32 34 32 34 1 1 0 34 33 32 33 34 33 2 0 0 34 34 33 33 32 34 
1
1 2 1 0 1 1 0 2 2 
1 0 0 0 0 2 1 1 1 2 1 2 0 2 0 0 2 2 2 2 1 2 0 0 0 2 0 2 1 1 2 1 1 1 1 1 2 0 0 0 1 0 0 0 0 1 0 0 0 1 2 0 0 2 1 2 1 2 1 0 2 0 2 1 1 2 2 1 0 1 2 1 2 0 0 2 2 1 1 0 2 
17 16 16 32 32 34 17 17 17 18 17 18 32 34 32 16 18 18 18 18 17 34 32 32 16 18 16 2 1 1 18 17 17 17 17 17 2 0 0 16 17 16 16 16 16 1 0 0 16 17 18 16 16 18 1 2 1 34 33 32 34 32 34 1 1 2 34 33 32 33 34 33 2 0 0 34 34 33 33 32 34 
1
1 2 1 1 1 1 0 2 2 
1 0 0 0 0 2 1 1 1 2 1 2 0 2 0 0 2 2 2 2 1 2 0 0 0 2 0 2 1 1 2 1 1 1 1 1 2 1 0 0 1 0 0 0 0 1 0 0 0 1 2 0 0 2 1 2 1 2 1 0 2 0 2 1 1 2 2 1 0 1 2 1 2 0 0 2 2 1 1 0 2 
17 16 16 32 32 34 17 17 17 18 17 18 32 34 32 16 18 18 18 18 17 34 32 32 16 18 16 18 17 17 18 17 17 17 17 17 18 17 16 16 17 16 16 16 16 17 16 16 16 17 18 16 16 18 1 2 1 34 33 32 34 32 34 1 1 2 34 33 32 33 34 33 2 0 0 34 34 33 33 32 34 
1
1 2 1 1 1 1 0 2 2 
1 0 0 0 0 2 1 1 1 2 1 2 0 2 0 0 2 2 2 2 1 2 0 0 0 2 0 2 1 1 2 1 1 1 1 1 2 1 0 0 1 0 0 0 0 1 0 0 0 1 2 0 0 2 1 2 1 2 1 0 2 0 2 1 1 2 2 1 0 1 2 1 2 0 0 2 2 1 1 0 2 
17 16 16 32 32 34 17 17 17 18 17 18 32 34 32 16 18 18 18 18 17 34 32 32 16 18 16 18 17 17 18 17 17 17 17 17 18 17 16 16 17 16 16 16 16 17 16 16 16 17 18 16 16 18 1 2 1 34 33 32 34 32 34 1 1 2 34 33 32 33 34 33 2 0 0 34 34 33 33 32 34 
1
