0 0 0 0 0 0 0 0 0 
1 0 0 0 0 0 0 0 0 0 0 0 0 0 0 0 0 0 0 0 0 0 0 0 0 0 0 0 0 0 0 0 0 0 0 0 0 0 0 0 0 0 0 0 0 0 0 0 0 0 0 0 0 0 0 0 0 0 0 0 0 0 0 0 0 0 0 0 0 0 0 0 0 0 0 0 0 0 0 0 0 
1 0 0 0 0 0 0 0 0 0 0 0 0 0 0 0 0 0 0 0 0 0 0 0 0 0 0 0 0 0 0 0 0 0 0 0 0 0 0 0 0 0 0 0 0 0 0 0 0 0 0 0 0 0 0 0 0 0 0 0 0 0 0 0 0 0 0 0 0 0 0 0 0 0 0 0 0 0 0 0 0 
1
0 0 0 0 0 0 0 0 0 
1 2 0 0 0 0 0 0 0 0 0 0 0 0 0 0 0 0 0 0 0 0 0 0 0 0 0 0 0 0 0 0 0 0 0 0 0 0 0 0 0 0 0 0 0 0 0 0 0 0 0 0 0 0 0 0 0 0 0 0 0 0 0 0 0 0 0 0 0 0 0 0 0 0 0 0 0 0 0 0 0 
1 2 0 0 0 0 0 0 0 0 0 0 0 0 0 0 0 0 0 0 0 0 0 0 0 0 0 0 0 0 0 0 0 0 0 0 0 0 0 0 0 0 0 0 0 0 0 0 0 0 0 0 0 0 0 0 0 0 0 0 0 0 0 0 0 0 0 0 0 0 0 0 0 0 0 0 0 0 0 0 0 
1
0 0 0 0 0 0 0 0 0 
1 2 0 1 0 0 0 0 0 0 0 0 0 0 0 0 0 0 0 0 0 0 0 0 0 0 0 0 0 0 0 0 0 0 0 0 0 0 0 0 0 0 0 0 0 0 0 0 0 0 0 0 0 0 0 0 0 0 0 0 0 0 0 0 0 0 0 0 0 0 0 0 0 0 0 0 0 0 0 0 0 
1 2 0 1 0 0 0 0 0 0 0 0 0 0 0 0 0 0 0 0 0 0 0 0 0 0 0 0 0 0 0 0 0 0 0 0 0 0 0 0 0 0 0 0 0 0 0 0 0 0 0 0 0 0 0 0 0 0 0 0 0 0 0 0 0 0 0 0 0 0 0 0 0 0 0 0 0 0 0 0 0 
1
0 0 0 0 0 0 0 0 0 
1 2 0 1 0 0 0 0 0 2 0 0 0 0 0 0 0 0 0 0 0 0 0 0 0 0 0 0 0 0 0 0 0 0 0 0 0 0 0 0 0 0 0 0 0 0 0 0 0 0 0 0 0 0 0 0 0 0 0 0 0 0 0 0 0 0 0 0 0 0 0 0 0 0 0 0 0 0 0 0 0 
1 2 0 1 0 0 0 0 0 2 0 0 0 0 0 0 0 0 0 0 0 0 0 0 0 0 0 0 0 0 0 0 0 0 0 0 0 0 0 0 0 0 0 0 0 0 0 0 0 0 0 0 0 0 0 0 0 0 0 0 0 0 0 0 0 0 0 0 0 0 0 0 0 0 0 0 0 0 0 0 0 
1
0 0 0 0 0 0 0 0 0 
1 2 0 1 0 0 0 0 0 2 0 0 0 0 0 0 0 0 0 0 0 0 0 0 0 0 0 1 0 0 0 0 0 0 0 0 0 0 0 0 0 0 0 0 0 0 0 0 0 0 0 0 0 0 0 0 0 0 0 0 0 0 0 0 0 0 0 0 0 0 0 0 0 0 0 0 0 0 0 0 0 
1 2 0 1 0 0 0 0 0 2 0 0 0 0 0 0 0 0 0 0 0 0 0 0 0 0 0 1 0 0 0 0 0 0 0 0 0 0 0 0 0 0 0 0 0 0 0 0 0 0 0 0 0 0 0 0 0 0 0 0 0 0 0 0 0 0 0 0 0 0 0 0 0 0 0 0 0 0 0 0 0 
1
0 0 0 0 0 0 0 0 0 
1 2 2 1 0 0 0 0 0 2 0 0 0 0 0 0 0 0 0 0 0 0 0 0 0 0 0 1 0 0 0 0 0 0 0 0 0 0 0 0 0 0 0 0 0 0 0 0 0 0 0 0 0 0 0 0 0 0 0 0 0 0 0 0 0 0 0 0 0 0 0 0 0 0 0 0 0 0 0 0 0 
1 2 2 1 0 0 0 0 0 2 0 0 0 0 0 0 0 0 0 0 0 0 0 0 0 0 0 1 0 0 0 0 0 0 0 0 0 0 0 0 0 0 0 0 0 0 0 0 0 0 0 0 0 0 0 0 0 0 0 0 0 0 0 0 0 0 0 0 0 0 0 0 0 0 0 0 0 0 0 0 0 
1
0 0 0 0 0 0 0 0 0 
1 2 2 1 0 0 1 0 0 2 0 0 0 0 0 0 0 0 0 0 0 0 0 0 0 0 0 1 0 0 0 0 0 0 0 0 0 0 0 0 0 0 0 0 0 0 0 0 0 0 0 0 0 0 0 0 0 0 0 0 0 0 0 0 0 0 0 0 0 0 0 0 0 0 0 0 0 0 0 0 0 
1 2 2 1 0 0 1 0 0 2 0 0 0 0 0 0 0 0 0 0 0 0 0 0 0 0 0 1 0 0 0 0 0 0 0 0 0 0 0 0 0 0 0 0 0 0 0 0 0 0 0 0 0 0 0 0 0 0 0 0 0 0 0 0 0 0 0 0 0 0 0 0 0 0 0 0 0 0 0 0 0 
1
0 0 0 0 0 0 0 0 0 
1 2 2 1 0 0 1 0 0 2 0 2 0 0 0 0 0 0 0 0 0 0 0 0 0 0 0 1 0 0 0 0 0 0 0 0 0 0 0 0 0 0 0 0 0 0 0 0 0 0 0 0 0 0 0 0 0 0 0 0 0 0 0 0 0 0 0 0 0 0 0 0 0 0 0 0 0 0 0 0 0 
1 2 2 1 0 0 1 0 0 2 0 2 0 0 0 0 0 0 0 0 0 0 0 0 0 0 0 1 0 0 0 0 0 0 0 0 0 0 0 0 0 0 0 0 0 0 0 0 0 0 0 0 0 0 0 0 0 0 0 0 0 0 0 0 0 0 0 0 0 0 0 0 0 0 0 0 0 0 0 0 0 
1
0 0 0 0 0 0 0 0 0 
1 2 2 1 0 0 1 0 0 2 0 2 0 0 0 0 0 0 0 0 0 0 0 0 0 0 0 1 0 0 0 0 0 1 0 0 0 0 0 0 0 0 0 0 0 0 0 0 0 0 0 0 0 0 0 0 0 0 0 0 0 0 0 0 0 0 0 0 0 0 0 0 0 0 0 0 0 0 0 0 0 
1 2 2 1 0 0 1 0 0 2 0 2 0 0 0 0 0 0 0 0 0 0 0 0 0 0 0 1 0 0 0 0 0 1 0 0 0 0 0 0 0 0 0 0 0 0 0 0 0 0 0 0 0 0 0 0 0 0 0 0 0 0 0 0 0 0 0 0 0 0 0 0 0 0 0 0 0 0 0 0 0 
1
0 0 0 0 0 0 0 0 0 
1 2 2 1 0 0 1 0 0 2 0 2 0 0 0 0 0 0 0 2 0 0 0 0 0 0 0 1 0 0 0 0 0 1 0 0 0 0 0 0 0 0 0 0 0 0 0 0 0 0 0 0 0 0 0 0 0 0 0 0 0 0 0 0 0 0 0 0 0 0 0 0 0 0 0 0 0 0 0 0 0 
1 2 2 1 0 0 1 0 0 2 0 2 0 0 0 0 0 0 0 2 0 0 0 0 0 0 0 1 0 0 0 0 0 1 0 0 0 0 0 0 0 0 0 0 0 0 0 0 0 0 0 0 0 0 0 0 0 0 0 0 0 0 0 0 0 0 0 0 0 0 0 0 0 0 0 0 0 0 0 0 0 
1
0 0 0 0 0 0 0 0 0 
1 2 2 1 0 0 1 0 0 2 0 2 0 0 0 0 0 0 0 2 0 0 0 0 0 0 0 1 0 0 0 0 0 1 0 0 0 0 0 0 0 0 0 0 0 0 0 0 0 0 0 0 0 0 0 0 0 1 0 0 0 0 0 0 0 0 0 0 0 0 0 0 0 0 0 0 0 0 0 0 0 
1 2 2 1 0 0 1 0 0 2 0 2 0 0 0 0 0 0 0 2 0 0 0 0 0 0 0 1 0 0 0 0 0 1 0 0 0 0 0 0 0 0 0 0 0 0 0 0 0 0 0 0 0 0 0 0 0 1 0 0 0 0 0 0 0 0 0 0 0 0 0 0 0 0 0 0 0 0 0 0 0 
1
2 0 0 0 0 0 0 0 0 
1 2 2 1 0 0 1 0 0 2 0 2 0 0 0 0 0 0 0 2 2 0 0 0 0 0 0 1 0 0 0 0 0 1 0 0 0 0 0 0 0 0 0 0 0 0 0 0 0 0 0 0 0 0 0 0 0 1 0 0 0 0 0 0 0 0 0 0 0 0 0 0 0 0 0 0 0 0 0 0 0 
33 34 34 1 0 0 1 0 0 34 32 34 0 0 0 0 0 0 32 34 34 0 0 0 0 0 0 1 0 0 0 0 0 1 0 0 0 0 0 0 0 0 0 0 0 0 0 0 0 0 0 0 0 0 0 0 0 1 0 0 0 0 0 0 0 0 0 0 0 0 0 0 0 0 0 0 0 0 0 0 0 
1
2 0 0 0 0 0 0 0 0 
1 2 2 1 0 0 1 0 0 2 0 2 0 0 0 0 0 0 0 2 2 0 0 0 0 0 0 1 0 0 0 0 0 1 0 0 0 0 0 0 0 0 0 0 0 0 0 0 0 0 0 0 0 0 0 0 0 1 0 0 1 0 0 0 0 0 0 0 0 0 0 0 0 0 0 0 0 0 0 0 0 
33 34 34 1 0 0 1 0 0 34 32 34 0 0 0 0 0 0 32 34 34 0 0 0 0 0 0 1 0 0 0 0 0 1 0 0 0 0 0 0 0 0 0 0 0 0 0 0 0 0 0 0 0 0 0 0 0 1 0 0 1 0 0 0 0 0 0 0 0 0 0 0 0 0 0 0 0 0 0 0 0 
1
2 0 0 0 0 0 0 0 0 
1 2 2 1 0 2 1 0 0 2 0 2 0 0 0 0 0 0 0 2 2 0 0 0 0 0 0 1 0 0 0 0 0 1 0 0 0 0 0 0 0 0 0 0 0 0 0 0 0 0 0 0 0 0 0 0 0 1 0 0 1 0 0 0 0 0 0 0 0 0 0 0 0 0 0 0 0 0 0 0 0 
33 34 34 1 0 2 1 0 0 34 32 34 0 0 0 0 0 0 32 34 34 0 0 0 0 0 0 1 0 0 0 0 0 1 0 0 0 0 0 0 0 0 0 0 0 0 0 0 0 0 0 0 0 0 0 0 0 1 0 0 1 0 0 0 0 0 0 0 0 0 0 0 0 0 0 0 0 0 0 0 0 
1
2 0 0 0 0 0 0 0 0 
1 2 2 1 0 2 1 1 0 2 0 2 0 0 0 0 0 0 0 2 2 0 0 0 0 0 0 1 0 0 0 0 0 1 0 0 0 0 0 0 0 0 0 0 0 0 0 0 0 0 0 0 0 0 0 0 0 1 0 0 1 0 0 0 0 0 0 0 0 0 0 0 0 0 0 0 0 0 0 0 0 
33 34 34 1 0 2 1 1 0 34 32 34 0 0 0 0 0 0 32 34 34 0 0 0 0 0 0 1 0 0 0 0 0 1 0 0 0 0 0 0 0 0 0 0 0 0 0 0 0 0 0 0 0 0 0 0 0 1 0 0 1 0 0 0 0 0 0 0 0 0 0 0 0 0 0 0 0 0 0 0 0 
1
2 0 0 0 0 0 0 0 0 
1 2 2 1 0 2 1 1 0 2 0 2 0 0 2 0 0 0 0 2 2 0 0 0 0 0 0 1 0 0 0 0 0 1 0 0 0 0 0 0 0 0 0 0 0 0 0 0 0 0 0 0 0 0 0 0 0 1 0 0 1 0 0 0 0 0 0 0 0 0 0 0 0 0 0 0 0 0 0 0 0 
33 34 34 1 0 2 1 1 0 34 32 34 0 0 2 0 0 0 32 34 34 0 0 0 0 0 0 1 0 0 0 0 0 1 0 0 0 0 0 0 0 0 0 0 0 0 0 0 0 0 0 0 0 0 0 0 0 1 0 0 1 0 0 0 0 0 0 0 0 0 0 0 0 0 0 0 0 0 0 0 0 
1
2 0 0 0 0 0 0 0 0 
1 2 2 1 0 2 1 1 0 2 0 2 0 0 2 0 0 0 0 2 2 0 0 0 0 0 0 1 0 0 0 0 0 1 1 0 0 0 0 0 0 0 0 0 0 0 0 0 0 0 0 0 0 0 0 0 0 1 0 0 1 0 0 0 0 0 0 0 0 0 0 0 0 0 0 0 0 0 0 0 0 
33 34 34 1 0 2 1 1 0 34 32 34 0 0 2 0 0 0 32 34 34 0 0 0 0 0 0 1 0 0 0 0 0 1 1 0 0 0 0 0 0 0 0 0 0 0 0 0 0 0 0 0 0 0 0 0 0 1 0 0 1 0 0 0 0 0 0 0 0 0 0 0 0 0 0 0 0 0 0 0 0 
1
2 2 0 0 0 0 0 0 0 
1 2 2 1 0 2 1 1 0 2 0 2 0 0 2 0 0 0 0 2 2 0 0 2 0 0 0 1 0 0 0 0 0 1 1 0 0 0 0 0 0 0 0 0 0 0 0 0 0 0 0 0 0 0 0 0 0 1 0 0 1 0 0 0 0 0 0 0 0 0 0 0 0 0 0 0 0 0 0 0 0 
33 34 34 33 32 34 1 1 0 34 32 34 32 32 34 0 0 0 32 34 34 32 32 34 0 0 0 1 0 0 0 0 0 1 1 0 0 0 0 0 0 0 0 0 0 0 0 0 0 0 0 0 0 0 0 0 0 1 0 0 1 0 0 0 0 0 0 0 0 0 0 0 0 0 0 0 0 0 0 0 0 
1
2 2 0 0 0 0 0 0 0 
1 2 2 1 0 2 1 1 0 2 0 2 0 0 2 0 0 0 0 2 2 0 0 2 0 0 0 1 0 0 0 0 0 1 1 0 0 0 0 0 0 0 0 0 0 0 0 0 0 0 0 0 0 0 0 0 0 1 0 0 1 1 0 0 0 0 0 0 0 0 0 0 0 0 0 0 0 0 0 0 0 
33 34 34 33 32 34 1 1 0 34 32 34 32 32 34 0 0 0 32 34 34 32 32 34 0 0 0 1 0 0 0 0 0 1 1 0 0 0 0 0 0 0 0 0 0 0 0 0 0 0 0 0 0 0 0 0 0 1 0 0 1 1 0 0 0 0 0 0 0 0 0 0 0 0 0 0 0 0 0 0 0 
1
2 2 0 0 0 0 0 0 0 
1 2 2 1 0 2 1 1 0 2 0 2 0 0 2 0 0 0 0 2 2 0 0 2 0 0 0 1 0 0 0 0 0 1 1 0 0 0 0 0 0 0 0 0 0 0 0 0 0 0 0 0 0 0 0 0 0 1 0 0 1 1 0 0 0 2 0 0 0 0 0 0 0 0 0 0 0 0 0 0 0 
33 34 34 33 32 34 1 1 0 34 32 34 32 32 34 0 0 0 32 34 34 32 32 34 0 0 0 1 0 0 0 0 0 1 1 0 0 0 0 0 0 0 0 0 0 0 0 0 0 0 0 0 0 0 0 0 0 1 0 0 1 1 0 0 0 2 0 0 0 0 0 0 0 0 0 0 0 0 0 0 0 
1
2 2 0 0 0 1 0 0 0 
1 2 2 1 0 2 1 1 0 2 0 2 0 0 2 0 0 0 0 2 2 0 0 2 0 0 0 1 0 0 0 0 0 1 1 1 0 0 0 0 0 0 0 0 0 0 0 0 0 0 0 0 0 0 0 0 0 1 0 0 1 1 0 0 0 2 0 0 0 0 0 0 0 0 0 0 0 0 0 0 0 
33 34 34 33 32 34 1 1 0 34 32 34 32 32 34 0 0 0 32 34 34 32 32 34 0 0 0 1 0 0 0 0 0 17 17 17 0 0 0 0 0 0 16 16 16 0 0 0 0 0 0 16 16 16 0 0 0 1 0 0 1 1 0 0 0 2 0 0 0 0 0 0 0 0 0 0 0 0 0 0 0 
1
2 2 0 0 0 1 0 0 0 
1 2 2 1 0 2 1 1 0 2 0 2 0 0 2 0 2 0 0 2 2 0 0 2 0 0 0 1 0 0 0 0 0 1 1 1 0 0 0 0 0 0 0 0 0 0 0 0 0 0 0 0 0 0 0 0 0 1 0 0 1 1 0 0 0 2 0 0 0 0 0 0 0 0 0 0 0 0 0 0 0 
33 34 34 33 32 34 1 1 0 34 32 34 32 32 34 0 2 0 32 34 34 32 32 34 0 0 0 1 0 0 0 0 0 17 17 17 0 0 0 0 0 0 16 16 16 0 0 0 0 0 0 16 16 16 0 0 0 1 0 0 1 1 0 0 0 2 0 0 0 0 0 0 0 0 0 0 0 0 0 0 0 
1
2 2 0 0 0 1 0 0 0 
1 2 2 1 0 2 1 1 0 2 0 2 0 0 2 0 2 0 0 2 2 0 0 2 0 0 0 1 0 0 1 0 0 1 1 1 0 0 0 0 0 0 0 0 0 0 0 0 0 0 0 0 0 0 0 0 0 1 0 0 1 1 0 0 0 2 0 0 0 0 0 0 0 0 0 0 0 0 0 0 0 
33 34 34 33 32 34 1 1 0 34 32 34 32 32 34 0 2 0 32 34 34 32 32 34 0 0 0 1 0 0 1 0 0 17 17 17 0 0 0 0 0 0 16 16 16 0 0 0 0 0 0 16 16 16 0 0 0 1 0 0 1 1 0 0 0 2 0 0 0 0 0 0 0 0 0 0 0 0 0 0 0 
1
2 2 0 0 0 1 0 0 0 
1 2 2 1 0 2 1 1 0 2 0 2 0 0 2 0 2 0 0 2 2 0 0 2 0 0 2 1 0 0 1 0 0 1 1 1 0 0 0 0 0 0 0 0 0 0 0 0 0 0 0 0 0 0 0 0 0 1 0 0 1 1 0 0 0 2 0 0 0 0 0 0 0 0 0 0 0 0 0 0 0 
33 34 34 33 32 34 1 1 0 34 32 34 32 32 34 0 2 0 32 34 34 32 32 34 0 0 2 1 0 0 1 0 0 17 17 17 0 0 0 0 0 0 16 16 16 0 0 0 0 0 0 16 16 16 0 0 0 1 0 0 1 1 0 0 0 2 0 0 0 0 0 0 0 0 0 0 0 0 0 0 0 
1
2 2 0 0 0 1 0 0 1 
1 2 2 1 0 2 1 1 0 2 0 2 0 0 2 0 2 0 0 2 2 0 0 2 0 0 2 1 0 0 1 0 0 1 1 1 0 0 0 0 0 0 0 0 0 0 0 0 0 0 0 0 0 0 0 0 0 1 0 0 1 1 1 0 0 2 0 0 0 0 0 0 0 0 0 0 0 0 0 0 0 
33 34 34 33 32 34 1 1 0 34 32 34 32 32 34 0 2 0 32 34 34 32 32 34 0 0 2 1 0 0 1 0 0 17 17 17 0 0 0 0 0 0 16 16 16 0 0 0 0 0 0 16 16 16 0 0 0 1 0 0 17 17 17 0 0 2 0 0 0 16 16 16 0 0 0 0 0 0 16 16 16 
1
2 2 0 0 0 1 0 0 1 
1 2 2 1 0 2 1 1 2 2 0 2 0 0 2 0 2 0 0 2 2 0 0 2 0 0 2 1 0 0 1 0 0 1 1 1 0 0 0 0 0 0 0 0 0 0 0 0 0 0 0 0 0 0 0 0 0 1 0 0 1 1 1 0 0 2 0 0 0 0 0 0 0 0 0 0 0 0 0 0 0 
33 34 34 33 32 34 1 1 2 34 32 34 32 32 34 0 2 0 32 34 34 32 32 34 0 0 2 1 0 0 1 0 0 17 17 17 0 0 0 0 0 0 16 16 16 0 0 0 0 0 0 16 16 16 0 0 0 1 0 0 17 17 17 0 0 2 0 0 0 16 16 16 0 0 0 0 0 0 16 16 16 
1
2 2 0 0 0 1 0 0 1 
1 2 2 1 0 2 1 1 2 2 0 2 0 0 2 1 2 0 0 2 2 0 0 2 0 0 2 1 0 0 1 0 0 1 1 1 0 0 0 0 0 0 0 0 0 0 0 0 0 0 0 0 0 0 0 0 0 1 0 0 1 1 1 0 0 2 0 0 0 0 0 0 0 0 0 0 0 0 0 0 0 
33 34 34 33 32 34 1 1 2 34 32 34 32 32 34 1 2 0 32 34 34 32 32 34 0 0 2 1 0 0 1 0 0 17 17 17 0 0 0 0 0 0 16 16 16 0 0 0 0 0 0 16 16 16 0 0 0 1 0 0 17 17 17 0 0 2 0 0 0 16 16 16 0 0 0 0 0 0 16 16 16 
1
2 2 0 0 0 1 0 0 1 
1 2 2 1 0 2 1 1 2 2 0 2 0 0 2 1 2 0 0 2 2 0 0 2 0 0 2 1 2 0 1 0 0 1 1 1 0 0 0 0 0 0 0 0 0 0 0 0 0 0 0 0 0 0 0 0 0 1 0 0 1 1 1 0 0 2 0 0 0 0 0 0 0 0 0 0 0 0 0 0 0 
33 34 34 33 32 34 1 1 2 34 32 34 32 32 34 1 2 0 32 34 34 32 32 34 0 0 2 1 2 0 1 0 0 17 17 17 0 0 0 0 0 0 16 16 16 0 0 0 0 0 0 16 16 16 0 0 0 1 0 0 17 17 17 0 0 2 0 0 0 16 16 16 0 0 0 0 0 0 16 16 16 
1
2 2 0 0 0 1 0 0 1 
1 2 2 1 0 2 1 1 2 2 0 2 0 0 2 1 2 1 0 2 2 0 0 2 0 0 2 1 2 0 1 0 0 1 1 1 0 0 0 0 0 0 0 0 0 0 0 0 0 0 0 0 0 0 0 0 0 1 0 0 1 1 1 0 0 2 0 0 0 0 0 0 0 0 0 0 0 0 0 0 0 
33 34 34 33 32 34 1 1 2 34 32 34 32 32 34 1 2 1 32 34 34 32 32 34 0 0 2 1 2 0 1 0 0 17 17 17 0 0 0 0 0 0 16 16 16 0 0 0 0 0 0 16 16 16 0 0 0 1 0 0 17 17 17 0 0 2 0 0 0 16 16 16 0 0 0 0 0 0 16 16 16 
1
2 2 0 0 0 1 0 0 1 
1 2 2 1 0 2 1 1 2 2 0 2 0 0 2 1 2 1 0 2 2 0 0 2 0 0 2 1 2 2 1 0 0 1 1 1 0 0 0 0 0 0 0 0 0 0 0 0 0 0 0 0 0 0 0 0 0 1 0 0 1 1 1 0 0 2 0 0 0 0 0 0 0 0 0 0 0 0 0 0 0 
33 34 34 33 32 34 1 1 2 34 32 34 32 32 34 1 2 1 32 34 34 32 32 34 0 0 2 1 2 2 1 0 0 17 17 17 0 0 0 0 0 0 16 16 16 0 0 0 0 0 0 16 16 16 0 0 0 1 0 0 17 17 17 0 0 2 0 0 0 16 16 16 0 0 0 0 0 0 16 16 16 
1
2 2 1 0 0 1 0 0 1 
1 2 2 1 0 2 1 1 2 2 0 2 0 0 2 1 2 1 0 2 2 0 0 2 1 0 2 1 2 2 1 0 0 1 1 1 0 0 0 0 0 0 0 0 0 0 0 0 0 0 0 0 0 0 0 0 0 1 0 0 1 1 1 0 0 2 0 0 0 0 0 0 0 0 0 0 0 0 0 0 0 
33 34 34 33 32 34 17 17 18 34 32 34 32 32 34 17 18 17 32 34 34 32 32 34 17 16 18 1 2 2 1 0 0 17 17 17 0 0 0 0 0 0 16 16 16 0 0 0 0 0 0 16 16 16 0 0 0 1 0 0 17 17 17 0 0 2 0 0 0 16 16 16 0 0 0 0 0 0 16 16 16 
1
2 2 1 0 0 1 0 0 1 
1 2 2 1 0 2 1 1 2 2 0 2 0 0 2 1 2 1 0 2 2 0 0 2 1 0 2 1 2 2 1 0 0 1 1 1 0 0 0 0 0 0 0 0 0 0 0 0 0 0 0 0 0 0 0 0 0 1 0 0 1 1 1 0 0 2 0 0 0 0 0 0 0 0 0 0 0 0 0 0 0 
33 34 34 33 32 34 17 17 18 34 32 34 32 32 34 17 18 17 32 34 34 32 32 34 17 16 18 1 2 2 1 0 0 17 17 17 0 0 0 0 0 0 16 16 16 0 0 0 0 0 0 16 16 16 0 0 0 1 0 0 17 17 17 0 0 2 0 0 0 16 16 16 0 0 0 0 0 0 16 16 16 
1
