0 0 0 0 0 0 0 0 0 
0 0 0 0 0 0 0 0 0 0 0 0 0 0 0 0 0 0 0 0 0 0 0 0 0 0 0 0 0 0 1 0 0 0 0 0 0 0 0 0 0 0 0 0 0 0 0 0 0 0 0 0 0 0 0 0 0 0 0 0 0 0 0 0 0 0 0 0 0 0 0 0 0 0 0 0 0 0 0 0 0 
0 0 0 0 0 0 0 0 0 0 0 0 0 0 0 0 0 0 0 0 0 0 0 0 0 0 0 0 0 0 1 0 0 0 0 0 0 0 0 0 0 0 0 0 0 0 0 0 0 0 0 0 0 0 0 0 0 0 0 0 0 0 0 0 0 0 0 0 0 0 0 0 0 0 0 0 0 0 0 0 0 
1
0 0 0 0 0 0 0 0 0 
0 2 0 0 0 0 0 0 0 0 0 0 0 0 0 0 0 0 0 0 0 0 0 0 0 0 0 0 0 0 1 0 0 0 0 0 0 0 0 0 0 0 0 0 0 0 0 0 0 0 0 0 0 0 0 0 0 0 0 0 0 0 0 0 0 0 0 0 0 0 0 0 0 0 0 0 0 0 0 0 0 
0 2 0 0 0 0 0 0 0 0 0 0 0 0 0 0 0 0 0 0 0 0 0 0 0 0 0 0 0 0 1 0 0 0 0 0 0 0 0 0 0 0 0 0 0 0 0 0 0 0 0 0 0 0 0 0 0 0 0 0 0 0 0 0 0 0 0 0 0 0 0 0 0 0 0 0 0 0 0 0 0 
1
0 0 0 0 0 0 0 0 0 
0 2 0 0 0 1 0 0 0 0 0 0 0 0 0 0 0 0 0 0 0 0 0 0 0 0 0 0 0 0 1 0 0 0 0 0 0 0 0 0 0 0 0 0 0 0 0 0 0 0 0 0 0 0 0 0 0 0 0 0 0 0 0 0 0 0 0 0 0 0 0 0 0 0 0 0 0 0 0 0 0 
0 2 0 0 0 1 0 0 0 0 0 0 0 0 0 0 0 0 0 0 0 0 0 0 0 0 0 0 0 0 1 0 0 0 0 0 0 0 0 0 0 0 0 0 0 0 0 0 0 0 0 0 0 0 0 0 0 0 0 0 0 0 0 0 0 0 0 0 0 0 0 0 0 0 0 0 0 0 0 0 0 
1
0 0 0 0 0 0 0 0 0 
0 2 0 0 0 1 0 0 0 0 0 0 0 0 0 0 0 2 0 0 0 0 0 0 0 0 0 0 0 0 1 0 0 0 0 0 0 0 0 0 0 0 0 0 0 0 0 0 0 0 0 0 0 0 0 0 0 0 0 0 0 0 0 0 0 0 0 0 0 0 0 0 0 0 0 0 0 0 0 0 0 
0 2 0 0 0 1 0 0 0 0 0 0 0 0 0 0 0 2 0 0 0 0 0 0 0 0 0 0 0 0 1 0 0 0 0 0 0 0 0 0 0 0 0 0 0 0 0 0 0 0 0 0 0 0 0 0 0 0 0 0 0 0 0 0 0 0 0 0 0 0 0 0 0 0 0 0 0 0 0 0 0 
1
0 0 0 0 0 0 0 0 0 
0 2 0 0 0 1 0 0 0 0 0 0 0 0 0 0 0 2 0 0 0 0 0 0 0 0 0 0 0 0 1 0 0 0 0 0 0 0 0 0 0 0 0 0 0 0 0 0 0 0 0 1 0 0 0 0 0 0 0 0 0 0 0 0 0 0 0 0 0 0 0 0 0 0 0 0 0 0 0 0 0 
0 2 0 0 0 1 0 0 0 0 0 0 0 0 0 0 0 2 0 0 0 0 0 0 0 0 0 0 0 0 1 0 0 0 0 0 0 0 0 0 0 0 0 0 0 0 0 0 0 0 0 1 0 0 0 0 0 0 0 0 0 0 0 0 0 0 0 0 0 0 0 0 0 0 0 0 0 0 0 0 0 
1
0 0 0 0 0 0 0 0 0 
0 2 0 0 0 1 0 0 0 0 0 0 0 0 0 0 0 2 0 0 0 0 0 0 0 0 0 0 0 0 1 0 0 0 0 0 0 0 0 0 0 0 0 0 0 0 0 0 0 0 0 1 0 0 0 0 0 0 0 0 0 0 0 0 0 0 0 0 0 0 0 0 2 0 0 0 0 0 0 0 0 
0 2 0 0 0 1 0 0 0 0 0 0 0 0 0 0 0 2 0 0 0 0 0 0 0 0 0 0 0 0 1 0 0 0 0 0 0 0 0 0 0 0 0 0 0 0 0 0 0 0 0 1 0 0 0 0 0 0 0 0 0 0 0 0 0 0 0 0 0 0 0 0 2 0 0 0 0 0 0 0 0 
1
0 0 0 0 0 0 0 0 0 
0 2 0 0 0 1 0 0 0 0 0 0 0 0 0 0 0 2 0 0 0 0 0 0 0 0 0 0 0 0 1 0 0 0 0 0 0 0 0 0 0 0 0 0 0 0 0 0 0 0 0 1 0 0 0 0 0 0 0 0 0 0 0 0 0 0 0 0 0 0 0 0 2 0 1 0 0 0 0 0 0 
0 2 0 0 0 1 0 0 0 0 0 0 0 0 0 0 0 2 0 0 0 0 0 0 0 0 0 0 0 0 1 0 0 0 0 0 0 0 0 0 0 0 0 0 0 0 0 0 0 0 0 1 0 0 0 0 0 0 0 0 0 0 0 0 0 0 0 0 0 0 0 0 2 0 1 0 0 0 0 0 0 
1
0 0 0 0 0 0 0 0 0 
0 2 0 0 0 1 0 0 0 0 0 0 0 0 0 0 0 2 0 0 0 0 0 0 0 0 0 0 0 0 1 0 0 0 0 0 0 0 0 0 0 0 0 0 0 0 0 0 0 0 0 1 0 0 0 0 0 0 0 0 2 0 0 0 0 0 0 0 0 0 0 0 2 0 1 0 0 0 0 0 0 
0 2 0 0 0 1 0 0 0 0 0 0 0 0 0 0 0 2 0 0 0 0 0 0 0 0 0 0 0 0 1 0 0 0 0 0 0 0 0 0 0 0 0 0 0 0 0 0 0 0 0 1 0 0 0 0 0 0 0 0 2 0 0 0 0 0 0 0 0 0 0 0 2 0 1 0 0 0 0 0 0 
1
0 0 0 0 0 0 0 0 0 
0 2 1 0 0 1 0 0 0 0 0 0 0 0 0 0 0 2 0 0 0 0 0 0 0 0 0 0 0 0 1 0 0 0 0 0 0 0 0 0 0 0 0 0 0 0 0 0 0 0 0 1 0 0 0 0 0 0 0 0 2 0 0 0 0 0 0 0 0 0 0 0 2 0 1 0 0 0 0 0 0 
0 2 1 0 0 1 0 0 0 0 0 0 0 0 0 0 0 2 0 0 0 0 0 0 0 0 0 0 0 0 1 0 0 0 0 0 0 0 0 0 0 0 0 0 0 0 0 0 0 0 0 1 0 0 0 0 0 0 0 0 2 0 0 0 0 0 0 0 0 0 0 0 2 0 1 0 0 0 0 0 0 
1
0 0 0 0 0 0 0 0 0 
0 2 1 0 0 1 0 0 0 0 0 0 0 0 0 0 0 2 0 0 0 0 0 0 0 0 2 0 0 0 1 0 0 0 0 0 0 0 0 0 0 0 0 0 0 0 0 0 0 0 0 1 0 0 0 0 0 0 0 0 2 0 0 0 0 0 0 0 0 0 0 0 2 0 1 0 0 0 0 0 0 
0 2 1 0 0 1 0 0 0 0 0 0 0 0 0 0 0 2 0 0 0 0 0 0 0 0 2 0 0 0 1 0 0 0 0 0 0 0 0 0 0 0 0 0 0 0 0 0 0 0 0 1 0 0 0 0 0 0 0 0 2 0 0 0 0 0 0 0 0 0 0 0 2 0 1 0 0 0 0 0 0 
1
0 0 0 0 0 0 0 0 0 
0 2 1 0 0 1 0 0 0 0 0 0 0 0 0 0 0 2 0 0 0 0 0 0 0 0 2 0 0 0 1 0 0 0 0 0 0 0 0 0 0 0 0 0 0 0 0 0 0 0 0 1 0 0 0 0 0 0 0 0 2 1 0 0 0 0 0 0 0 0 0 0 2 0 1 0 0 0 0 0 0 
0 2 1 0 0 1 0 0 0 0 0 0 0 0 0 0 0 2 0 0 0 0 0 0 0 0 2 0 0 0 1 0 0 0 0 0 0 0 0 0 0 0 0 0 0 0 0 0 0 0 0 1 0 0 0 0 0 0 0 0 2 1 0 0 0 0 0 0 0 0 0 0 2 0 1 0 0 0 0 0 0 
1
0 0 0 0 0 0 0 0 0 
0 2 1 0 0 1 0 0 0 0 0 0 2 0 0 0 0 2 0 0 0 0 0 0 0 0 2 0 0 0 1 0 0 0 0 0 0 0 0 0 0 0 0 0 0 0 0 0 0 0 0 1 0 0 0 0 0 0 0 0 2 1 0 0 0 0 0 0 0 0 0 0 2 0 1 0 0 0 0 0 0 
0 2 1 0 0 1 0 0 0 0 0 0 2 0 0 0 0 2 0 0 0 0 0 0 0 0 2 0 0 0 1 0 0 0 0 0 0 0 0 0 0 0 0 0 0 0 0 0 0 0 0 1 0 0 0 0 0 0 0 0 2 1 0 0 0 0 0 0 0 0 0 0 2 0 1 0 0 0 0 0 0 
1
0 0 0 0 0 0 0 0 0 
0 2 1 0 0 1 0 0 0 0 0 0 2 0 0 0 0 2 0 0 0 0 0 0 0 0 2 0 1 0 1 0 0 0 0 0 0 0 0 0 0 0 0 0 0 0 0 0 0 0 0 1 0 0 0 0 0 0 0 0 2 1 0 0 0 0 0 0 0 0 0 0 2 0 1 0 0 0 0 0 0 
0 2 1 0 0 1 0 0 0 0 0 0 2 0 0 0 0 2 0 0 0 0 0 0 0 0 2 0 1 0 1 0 0 0 0 0 0 0 0 0 0 0 0 0 0 0 0 0 0 0 0 1 0 0 0 0 0 0 0 0 2 1 0 0 0 0 0 0 0 0 0 0 2 0 1 0 0 0 0 0 0 
1
0 0 0 0 0 0 0 0 0 
0 2 1 0 2 1 0 0 0 0 0 0 2 0 0 0 0 2 0 0 0 0 0 0 0 0 2 0 1 0 1 0 0 0 0 0 0 0 0 0 0 0 0 0 0 0 0 0 0 0 0 1 0 0 0 0 0 0 0 0 2 1 0 0 0 0 0 0 0 0 0 0 2 0 1 0 0 0 0 0 0 
0 2 1 0 2 1 0 0 0 0 0 0 2 0 0 0 0 2 0 0 0 0 0 0 0 0 2 0 1 0 1 0 0 0 0 0 0 0 0 0 0 0 0 0 0 0 0 0 0 0 0 1 0 0 0 0 0 0 0 0 2 1 0 0 0 0 0 0 0 0 0 0 2 0 1 0 0 0 0 0 0 
1
0 0 0 0 0 0 0 0 0 
0 2 1 0 2 1 0 0 0 0 0 0 2 0 1 0 0 2 0 0 0 0 0 0 0 0 2 0 1 0 1 0 0 0 0 0 0 0 0 0 0 0 0 0 0 0 0 0 0 0 0 1 0 0 0 0 0 0 0 0 2 1 0 0 0 0 0 0 0 0 0 0 2 0 1 0 0 0 0 0 0 
0 2 1 0 2 1 0 0 0 0 0 0 2 0 1 0 0 2 0 0 0 0 0 0 0 0 2 0 1 0 1 0 0 0 0 0 0 0 0 0 0 0 0 0 0 0 0 0 0 0 0 1 0 0 0 0 0 0 0 0 2 1 0 0 0 0 0 0 0 0 0 0 2 0 1 0 0 0 0 0 0 
1
0 0 0 0 0 0 0 0 0 
0 2 1 0 2 1 0 0 0 0 0 0 2 0 1 0 0 2 0 0 0 0 0 0 0 0 2 0 1 0 1 0 0 0 0 0 0 0 0 0 0 0 2 0 0 0 0 0 0 0 0 1 0 0 0 0 0 0 0 0 2 1 0 0 0 0 0 0 0 0 0 0 2 0 1 0 0 0 0 0 0 
0 2 1 0 2 1 0 0 0 0 0 0 2 0 1 0 0 2 0 0 0 0 0 0 0 0 2 0 1 0 1 0 0 0 0 0 0 0 0 0 0 0 2 0 0 0 0 0 0 0 0 1 0 0 0 0 0 0 0 0 2 1 0 0 0 0 0 0 0 0 0 0 2 0 1 0 0 0 0 0 0 
1
0 0 0 0 0 0 0 0 0 
0 2 1 0 2 1 0 0 0 0 0 0 2 0 1 0 0 2 0 0 0 0 0 0 0 0 2 0 1 0 1 0 0 0 0 0 0 0 0 0 0 0 2 0 0 0 1 0 0 0 0 1 0 0 0 0 0 0 0 0 2 1 0 0 0 0 0 0 0 0 0 0 2 0 1 0 0 0 0 0 0 
0 2 1 0 2 1 0 0 0 0 0 0 2 0 1 0 0 2 0 0 0 0 0 0 0 0 2 0 1 0 1 0 0 0 0 0 0 0 0 0 0 0 2 0 0 0 1 0 0 0 0 1 0 0 0 0 0 0 0 0 2 1 0 0 0 0 0 0 0 0 0 0 2 0 1 0 0 0 0 0 0 
1
0 0 0 0 0 0 0 0 0 
0 2 1 0 2 1 0 0 0 0 0 0 2 0 1 0 0 2 0 0 0 0 0 0 0 0 2 0 1 0 1 0 0 0 0 0 0 0 0 0 0 0 2 0 0 0 1 0 0 0 0 1 0 0 0 0 0 0 0 0 2 1 0 0 0 0 0 2 0 0 0 0 2 0 1 0 0 0 0 0 0 
0 2 1 0 2 1 0 0 0 0 0 0 2 0 1 0 0 2 0 0 0 0 0 0 0 0 2 0 1 0 1 0 0 0 0 0 0 0 0 0 0 0 2 0 0 0 1 0 0 0 0 1 0 0 0 0 0 0 0 0 2 1 0 0 0 0 0 2 0 0 0 0 2 0 1 0 0 0 0 0 0 
1
0 0 0 0 0 0 0 0 0 
0 2 1 0 2 1 0 0 0 0 0 0 2 0 1 0 0 2 0 0 0 0 0 0 0 0 2 0 1 0 1 0 0 0 0 0 0 0 0 1 0 0 2 0 0 0 1 0 0 0 0 1 0 0 0 0 0 0 0 0 2 1 0 0 0 0 0 2 0 0 0 0 2 0 1 0 0 0 0 0 0 
0 2 1 0 2 1 0 0 0 0 0 0 2 0 1 0 0 2 0 0 0 0 0 0 0 0 2 0 1 0 1 0 0 0 0 0 0 0 0 1 0 0 2 0 0 0 1 0 0 0 0 1 0 0 0 0 0 0 0 0 2 1 0 0 0 0 0 2 0 0 0 0 2 0 1 0 0 0 0 0 0 
1
0 0 0 0 0 0 0 0 0 
0 2 1 0 2 1 0 0 0 0 0 0 2 0 1 0 0 2 0 0 0 0 0 0 0 0 2 0 1 0 1 0 0 0 0 0 0 0 0 1 0 0 2 0 0 2 1 0 0 0 0 1 0 0 0 0 0 0 0 0 2 1 0 0 0 0 0 2 0 0 0 0 2 0 1 0 0 0 0 0 0 
0 2 1 0 2 1 0 0 0 0 0 0 2 0 1 0 0 2 0 0 0 0 0 0 0 0 2 0 1 0 1 0 0 0 0 0 0 0 0 1 0 0 2 0 0 2 1 0 0 0 0 1 0 0 0 0 0 0 0 0 2 1 0 0 0 0 0 2 0 0 0 0 2 0 1 0 0 0 0 0 0 
1
0 0 0 0 0 0 0 0 0 
0 2 1 0 2 1 0 0 0 0 0 0 2 0 1 0 0 2 0 0 0 0 0 0 0 0 2 0 1 0 1 0 0 0 0 0 0 0 0 1 0 0 2 0 0 2 1 0 0 0 0 1 0 0 0 0 1 0 0 0 2 1 0 0 0 0 0 2 0 0 0 0 2 0 1 0 0 0 0 0 0 
0 2 1 0 2 1 0 0 0 0 0 0 2 0 1 0 0 2 0 0 0 0 0 0 0 0 2 0 1 0 1 0 0 0 0 0 0 0 0 1 0 0 2 0 0 2 1 0 0 0 0 1 0 0 0 0 1 0 0 0 2 1 0 0 0 0 0 2 0 0 0 0 2 0 1 0 0 0 0 0 0 
1
0 0 0 0 0 0 0 0 0 
0 2 1 0 2 1 0 0 0 0 0 0 2 0 1 0 0 2 0 0 0 0 0 0 0 2 2 0 1 0 1 0 0 0 0 0 0 0 0 1 0 0 2 0 0 2 1 0 0 0 0 1 0 0 0 0 1 0 0 0 2 1 0 0 0 0 0 2 0 0 0 0 2 0 1 0 0 0 0 0 0 
0 2 1 0 2 1 0 0 0 0 0 0 2 0 1 0 0 2 0 0 0 0 0 0 0 2 2 0 1 0 1 0 0 0 0 0 0 0 0 1 0 0 2 0 0 2 1 0 0 0 0 1 0 0 0 0 1 0 0 0 2 1 0 0 0 0 0 2 0 0 0 0 2 0 1 0 0 0 0 0 0 
1
0 0 0 0 0 0 0 0 0 
0 2 1 0 2 1 0 0 0 0 0 0 2 0 1 0 0 2 0 0 0 0 0 0 0 2 2 0 1 0 1 0 0 0 0 0 0 0 0 1 0 0 2 0 0 2 1 0 0 0 0 1 0 0 0 0 1 0 0 0 2 1 0 0 0 0 0 2 0 0 0 0 2 0 1 1 0 0 0 0 0 
0 2 1 0 2 1 0 0 0 0 0 0 2 0 1 0 0 2 0 0 0 0 0 0 0 2 2 0 1 0 1 0 0 0 0 0 0 0 0 1 0 0 2 0 0 2 1 0 0 0 0 1 0 0 0 0 1 0 0 0 2 1 0 0 0 0 0 2 0 0 0 0 2 0 1 1 0 0 0 0 0 
1
0 0 0 0 0 0 0 0 0 
0 2 1 0 2 1 0 0 0 0 0 0 2 0 1 0 0 2 0 0 0 0 0 0 0 2 2 0 1 0 1 0 0 0 0 0 0 0 0 1 0 0 2 0 0 2 1 0 0 0 0 1 0 0 0 0 1 0 0 0 2 1 0 2 0 0 0 2 0 0 0 0 2 0 1 1 0 0 0 0 0 
0 2 1 0 2 1 0 0 0 0 0 0 2 0 1 0 0 2 0 0 0 0 0 0 0 2 2 0 1 0 1 0 0 0 0 0 0 0 0 1 0 0 2 0 0 2 1 0 0 0 0 1 0 0 0 0 1 0 0 0 2 1 0 2 0 0 0 2 0 0 0 0 2 0 1 1 0 0 0 0 0 
1
0 0 0 1 0 0 0 0 0 
0 2 1 0 2 1 0 0 0 0 0 0 2 0 1 0 0 2 0 0 0 0 0 0 0 2 2 0 1 0 1 0 0 0 0 0 0 1 0 1 0 0 2 0 0 2 1 0 0 0 0 1 0 0 0 0 1 0 0 0 2 1 0 2 0 0 0 2 0 0 0 0 2 0 1 1 0 0 0 0 0 
0 2 1 0 2 1 0 0 0 0 0 0 2 0 1 0 0 2 0 0 0 0 0 0 0 2 2 16 17 16 1 0 0 0 0 0 16 17 16 1 0 0 2 0 0 18 17 16 0 0 0 1 0 0 0 0 1 0 0 0 2 1 0 2 0 0 0 2 0 0 0 0 2 0 1 1 0 0 0 0 0 
1
0 0 0 1 0 0 0 0 0 
0 2 1 0 2 1 0 0 0 0 0 0 2 0 1 0 0 2 0 0 0 0 0 0 0 2 2 0 1 0 1 0 2 0 0 0 0 1 0 1 0 0 2 0 0 2 1 0 0 0 0 1 0 0 0 0 1 0 0 0 2 1 0 2 0 0 0 2 0 0 0 0 2 0 1 1 0 0 0 0 0 
0 2 1 0 2 1 0 0 0 0 0 0 2 0 1 0 0 2 0 0 0 0 0 0 0 2 2 16 17 16 1 0 2 0 0 0 16 17 16 1 0 0 2 0 0 18 17 16 0 0 0 1 0 0 0 0 1 0 0 0 2 1 0 2 0 0 0 2 0 0 0 0 2 0 1 1 0 0 0 0 0 
1
0 0 0 1 0 0 0 0 0 
0 2 1 0 2 1 0 0 1 0 0 0 2 0 1 0 0 2 0 0 0 0 0 0 0 2 2 0 1 0 1 0 2 0 0 0 0 1 0 1 0 0 2 0 0 2 1 0 0 0 0 1 0 0 0 0 1 0 0 0 2 1 0 2 0 0 0 2 0 0 0 0 2 0 1 1 0 0 0 0 0 
0 2 1 0 2 1 0 0 1 0 0 0 2 0 1 0 0 2 0 0 0 0 0 0 0 2 2 16 17 16 1 0 2 0 0 0 16 17 16 1 0 0 2 0 0 18 17 16 0 0 0 1 0 0 0 0 1 0 0 0 2 1 0 2 0 0 0 2 0 0 0 0 2 0 1 1 0 0 0 0 0 
1
0 0 0 1 0 0 0 0 0 
0 2 1 0 2 1 0 0 1 0 0 0 2 0 1 0 2 2 0 0 0 0 0 0 0 2 2 0 1 0 1 0 2 0 0 0 0 1 0 1 0 0 2 0 0 2 1 0 0 0 0 1 0 0 0 0 1 0 0 0 2 1 0 2 0 0 0 2 0 0 0 0 2 0 1 1 0 0 0 0 0 
0 2 1 0 2 1 0 0 1 0 0 0 2 0 1 0 2 2 0 0 0 0 0 0 0 2 2 16 17 16 1 0 2 0 0 0 16 17 16 1 0 0 2 0 0 18 17 16 0 0 0 1 0 0 0 0 1 0 0 0 2 1 0 2 0 0 0 2 0 0 0 0 2 0 1 1 0 0 0 0 0 
1
0 0 0 1 1 0 0 0 0 
0 2 1 0 2 1 0 0 1 0 0 0 2 0 1 0 2 2 0 0 0 0 0 0 0 2 2 0 1 0 1 0 2 0 0 0 0 1 0 1 0 0 2 0 0 2 1 0 1 0 0 1 0 0 0 0 1 0 0 0 2 1 0 2 0 0 0 2 0 0 0 0 2 0 1 1 0 0 0 0 0 
0 2 1 0 2 1 0 0 1 0 0 0 2 0 1 0 2 2 0 0 0 0 0 0 0 2 2 16 17 16 17 16 18 0 0 0 16 17 16 17 16 16 2 0 0 18 17 16 17 16 16 1 0 0 0 0 1 0 0 0 2 1 0 2 0 0 0 2 0 0 0 0 2 0 1 1 0 0 0 0 0 
1
0 0 0 1 1 0 2 0 0 
0 2 1 0 2 1 0 0 1 0 0 0 2 0 1 0 2 2 0 0 0 0 0 0 0 2 2 0 1 0 1 0 2 0 0 0 0 1 0 1 0 0 2 0 0 2 1 0 1 0 0 1 0 0 2 0 1 0 0 0 2 1 0 2 0 0 0 2 0 0 0 0 2 0 1 1 0 0 0 0 0 
0 2 1 0 2 1 0 0 1 0 0 0 2 0 1 0 2 2 0 0 0 0 0 0 0 2 2 16 17 16 17 16 18 0 0 0 16 17 16 17 16 16 2 0 0 18 17 16 17 16 16 1 0 0 34 32 33 0 0 0 2 1 0 34 32 32 0 2 0 0 0 0 34 32 33 1 0 0 0 0 0 
1
0 0 0 1 1 0 2 0 0 
0 2 1 0 2 1 0 0 1 0 0 0 2 0 1 0 2 2 0 0 1 0 0 0 0 2 2 0 1 0 1 0 2 0 0 0 0 1 0 1 0 0 2 0 0 2 1 0 1 0 0 1 0 0 2 0 1 0 0 0 2 1 0 2 0 0 0 2 0 0 0 0 2 0 1 1 0 0 0 0 0 
0 2 1 0 2 1 0 0 1 0 0 0 2 0 1 0 2 2 0 0 1 0 0 0 0 2 2 16 17 16 17 16 18 0 0 0 16 17 16 17 16 16 2 0 0 18 17 16 17 16 16 1 0 0 34 32 33 0 0 0 2 1 0 34 32 32 0 2 0 0 0 0 34 32 33 1 0 0 0 0 0 
1
0 0 0 1 1 0 2 0 0 
0 2 1 0 2 1 0 0 1 0 0 0 2 0 1 0 2 2 0 0 1 0 0 0 0 2 2 0 1 0 1 0 2 0 0 0 0 1 0 1 0 0 2 0 0 2 1 0 1 0 0 1 0 0 2 0 1 0 0 0 2 1 0 2 0 0 0 2 0 0 2 0 2 0 1 1 0 0 0 0 0 
0 2 1 0 2 1 0 0 1 0 0 0 2 0 1 0 2 2 0 0 1 0 0 0 0 2 2 16 17 16 17 16 18 0 0 0 16 17 16 17 16 16 2 0 0 18 17 16 17 16 16 1 0 0 34 32 33 0 0 0 2 1 0 34 32 32 0 2 0 0 2 0 34 32 33 1 0 0 0 0 0 
1
0 0 0 1 1 0 2 0 0 
0 2 1 0 2 1 0 0 1 0 0 0 2 0 1 0 2 2 0 0 1 0 0 0 0 2 2 0 1 0 1 0 2 0 0 1 0 1 0 1 0 0 2 0 0 2 1 0 1 0 0 1 0 0 2 0 1 0 0 0 2 1 0 2 0 0 0 2 0 0 2 0 2 0 1 1 0 0 0 0 0 
0 2 1 0 2 1 0 0 1 0 0 0 2 0 1 0 2 2 0 0 1 0 0 0 0 2 2 16 17 16 17 16 18 0 0 1 16 17 16 17 16 16 2 0 0 18 17 16 17 16 16 1 0 0 34 32 33 0 0 0 2 1 0 34 32 32 0 2 0 0 2 0 34 32 33 1 0 0 0 0 0 
1
0 0 2 1 1 0 2 0 0 
0 2 1 0 2 1 0 2 1 0 0 0 2 0 1 0 2 2 0 0 1 0 0 0 0 2 2 0 1 0 1 0 2 0 0 1 0 1 0 1 0 0 2 0 0 2 1 0 1 0 0 1 0 0 2 0 1 0 0 0 2 1 0 2 0 0 0 2 0 0 2 0 2 0 1 1 0 0 0 0 0 
0 2 1 0 2 1 32 34 33 0 0 0 2 0 1 32 34 34 0 0 1 0 0 0 32 34 34 16 17 16 17 16 18 0 0 1 16 17 16 17 16 16 2 0 0 18 17 16 17 16 16 1 0 0 34 32 33 0 0 0 2 1 0 34 32 32 0 2 0 0 2 0 34 32 33 1 0 0 0 0 0 
1
0 1 2 1 1 0 2 0 0 
0 2 1 0 2 1 0 2 1 0 0 0 2 0 1 0 2 2 0 0 1 0 0 1 0 2 2 0 1 0 1 0 2 0 0 1 0 1 0 1 0 0 2 0 0 2 1 0 1 0 0 1 0 0 2 0 1 0 0 0 2 1 0 2 0 0 0 2 0 0 2 0 2 0 1 1 0 0 0 0 0 
0 2 1 16 18 17 32 34 33 0 0 0 18 16 17 32 34 34 0 0 1 16 16 17 32 34 34 16 17 16 17 16 18 0 0 1 16 17 16 17 16 16 2 0 0 18 17 16 17 16 16 1 0 0 34 32 33 0 0 0 2 1 0 34 32 32 0 2 0 0 2 0 34 32 33 1 0 0 0 0 0 
1
0 1 2 1 1 0 2 0 0 
0 2 1 0 2 1 0 2 1 0 0 0 2 0 1 0 2 2 0 0 1 0 0 1 0 2 2 0 1 0 1 0 2 0 0 1 0 1 0 1 0 0 2 0 0 2 1 0 1 0 0 1 0 0 2 0 1 0 0 0 2 1 0 2 0 0 0 2 0 0 2 0 2 0 1 1 0 0 0 2 0 
0 2 1 16 18 17 32 34 33 0 0 0 18 16 17 32 34 34 0 0 1 16 16 17 32 34 34 16 17 16 17 16 18 0 0 1 16 17 16 17 16 16 2 0 0 18 17 16 17 16 16 1 0 0 34 32 33 0 0 0 2 1 0 34 32 32 0 2 0 0 2 0 34 32 33 1 0 0 0 2 0 
1
0 1 2 1 1 0 2 0 0 
0 2 1 0 2 1 0 2 1 0 0 0 2 0 1 0 2 2 0 0 1 0 0 1 0 2 2 0 1 0 1 0 2 0 0 1 0 1 0 1 0 0 2 0 0 2 1 0 1 0 0 1 0 0 2 0 1 0 0 0 2 1 0 2 0 0 0 2 0 0 2 0 2 0 1 1 0 1 0 2 0 
0 2 1 16 18 17 32 34 33 0 0 0 18 16 17 32 34 34 0 0 1 16 16 17 32 34 34 16 17 16 17 16 18 0 0 1 16 17 16 17 16 16 2 0 0 18 17 16 17 16 16 1 0 0 34 32 33 0 0 0 2 1 0 34 32 32 0 2 0 0 2 0 34 32 33 1 0 1 0 2 0 
1
0 1 2 1 1 0 2 0 0 
0 2 1 0 2 1 0 2 1 0 0 0 2 0 1 0 2 2 0 0 1 0 0 1 0 2 2 0 1 0 1 0 2 0 0 1 0 1 0 1 0 0 2 0 0 2 1 0 1 0 0 1 0 0 2 0 1 0 0 0 2 1 0 2 0 0 0 2 0 0 2 0 2 0 1 1 0 1 2 2 0 
0 2 1 16 18 17 32 34 33 0 0 0 18 16 17 32 34 34 0 0 1 16 16 17 32 34 34 16 17 16 17 16 18 0 0 1 16 17 16 17 16 16 2 0 0 18 17 16 17 16 16 1 0 0 34 32 33 0 0 0 2 1 0 34 32 32 0 2 0 0 2 0 34 32 33 1 0 1 2 2 0 
1
0 1 2 1 1 1 2 0 0 
0 2 1 0 2 1 0 2 1 0 0 0 2 0 1 0 2 2 0 0 1 0 0 1 0 2 2 0 1 0 1 0 2 0 0 1 0 1 0 1 0 0 2 1 0 2 1 0 1 0 0 1 0 0 2 0 1 0 0 0 2 1 0 2 0 0 0 2 0 0 2 0 2 0 1 1 0 1 2 2 0 
0 2 1 16 18 17 32 34 33 0 0 0 18 16 17 32 34 34 0 0 1 16 16 17 32 34 34 16 17 16 17 16 18 16 16 17 16 17 16 17 16 16 18 17 16 18 17 16 17 16 16 17 16 16 34 32 33 0 0 0 2 1 0 34 32 32 0 2 0 0 2 0 34 32 33 1 0 1 2 2 0 
1
0 1 2 1 1 1 2 0 0 
0 2 1 0 2 1 0 2 1 0 0 0 2 0 1 0 2 2 0 0 1 0 0 1 0 2 2 0 1 0 1 0 2 0 0 1 0 1 0 1 0 0 2 1 0 2 1 0 1 0 0 1 0 0 2 0 1 0 0 0 2 1 0 2 0 0 0 2 0 0 2 0 2 0 1 1 0 1 2 2 0 
0 2 1 16 18 17 32 34 33 0 0 0 18 16 17 32 34 34 0 0 1 16 16 17 32 34 34 16 17 16 17 16 18 16 16 17 16 17 16 17 16 16 18 17 16 18 17 16 17 16 16 17 16 16 34 32 33 0 0 0 2 1 0 34 32 32 0 2 0 0 2 0 34 32 33 1 0 1 2 2 0 
1
