0 0 0 0 0 0 0 0 0 
0 0 0 0 0 0 0 0 0 0 0 0 0 0 0 0 0 0 0 0 0 0 0 0 0 0 0 0 0 0 0 0 0 0 0 0 0 0 0 0 0 0 0 0 0 0 0 0 0 0 0 0 0 0 0 0 0 0 0 0 0 0 0 0 0 0 0 0 0 0 0 0 0 0 0 0 0 0 0 1 0 
0 0 0 0 0 0 0 0 0 0 0 0 0 0 0 0 0 0 0 0 0 0 0 0 0 0 0 0 0 0 0 0 0 0 0 0 0 0 0 0 0 0 0 0 0 0 0 0 0 0 0 0 0 0 0 0 0 0 0 0 0 0 0 0 0 0 0 0 0 0 0 0 0 0 0 0 0 0 0 1 0 
0
0 0 0 0 0 0 0 0 0 
0 0 0 0 0 0 0 0 0 0 0 0 0 0 0 0 0 0 0 0 0 0 0 0 0 0 0 0 0 0 0 0 0 0 0 0 0 0 0 0 0 0 0 0 0 0 0 0 0 0 0 0 0 0 0 0 0 2 0 0 0 0 0 0 0 0 0 0 0 0 0 0 0 0 0 0 0 0 0 1 0 
0 0 0 0 0 0 0 0 0 0 0 0 0 0 0 0 0 0 0 0 0 0 0 0 0 0 0 0 0 0 0 0 0 0 0 0 0 0 0 0 0 0 0 0 0 0 0 0 0 0 0 0 0 0 0 0 0 2 0 0 0 0 0 0 0 0 0 0 0 0 0 0 0 0 0 0 0 0 0 1 0 
0
0 0 0 0 0 0 0 0 0 
0 0 0 0 0 0 0 0 0 0 0 0 0 0 0 0 0 0 1 0 0 0 0 0 0 0 0 0 0 0 0 0 0 0 0 0 0 0 0 0 0 0 0 0 0 0 0 0 0 0 0 0 0 0 0 0 0 2 0 0 0 0 0 0 0 0 0 0 0 0 0 0 0 0 0 0 0 0 0 1 0 
0 0 0 0 0 0 0 0 0 0 0 0 0 0 0 0 0 0 1 0 0 0 0 0 0 0 0 0 0 0 0 0 0 0 0 0 0 0 0 0 0 0 0 0 0 0 0 0 0 0 0 0 0 0 0 0 0 2 0 0 0 0 0 0 0 0 0 0 0 0 0 0 0 0 0 0 0 0 0 1 0 
0
0 0 0 0 0 0 0 0 0 
0 0 0 0 0 0 0 0 0 0 0 0 0 0 0 0 0 0 1 0 0 0 0 0 0 0 0 0 0 0 0 0 0 0 0 0 0 0 0 0 0 0 0 0 0 0 0 0 0 0 0 0 0 0 0 0 0 2 0 0 0 0 0 0 2 0 0 0 0 0 0 0 0 0 0 0 0 0 0 1 0 
0 0 0 0 0 0 0 0 0 0 0 0 0 0 0 0 0 0 1 0 0 0 0 0 0 0 0 0 0 0 0 0 0 0 0 0 0 0 0 0 0 0 0 0 0 0 0 0 0 0 0 0 0 0 0 0 0 2 0 0 0 0 0 0 2 0 0 0 0 0 0 0 0 0 0 0 0 0 0 1 0 
0
0 0 0 0 0 0 0 0 0 
0 0 0 0 0 0 0 0 0 0 0 0 0 0 0 0 0 0 1 0 0 0 0 0 0 0 0 0 0 0 0 0 0 0 0 0 0 0 0 0 1 0 0 0 0 0 0 0 0 0 0 0 0 0 0 0 0 2 0 0 0 0 0 0 2 0 0 0 0 0 0 0 0 0 0 0 0 0 0 1 0 
0 0 0 0 0 0 0 0 0 0 0 0 0 0 0 0 0 0 1 0 0 0 0 0 0 0 0 0 0 0 0 0 0 0 0 0 0 0 0 0 1 0 0 0 0 0 0 0 0 0 0 0 0 0 0 0 0 2 0 0 0 0 0 0 2 0 0 0 0 0 0 0 0 0 0 0 0 0 0 1 0 
0
0 0 0 0 0 0 0 0 0 
0 0 0 0 0 0 0 0 0 0 0 0 0 0 0 0 0 0 1 0 0 0 0 0 0 0 0 0 0 0 0 0 0 0 0 0 0 0 0 0 1 0 0 0 0 0 0 0 2 0 0 0 0 0 0 0 0 2 0 0 0 0 0 0 2 0 0 0 0 0 0 0 0 0 0 0 0 0 0 1 0 
0 0 0 0 0 0 0 0 0 0 0 0 0 0 0 0 0 0 1 0 0 0 0 0 0 0 0 0 0 0 0 0 0 0 0 0 0 0 0 0 1 0 0 0 0 0 0 0 2 0 0 0 0 0 0 0 0 2 0 0 0 0 0 0 2 0 0 0 0 0 0 0 0 0 0 0 0 0 0 1 0 
0
0 0 0 0 0 0 0 0 0 
0 0 0 0 0 0 0 0 0 0 0 0 0 0 0 0 0 0 1 0 0 0 0 0 0 0 0 0 0 0 0 0 0 0 0 0 0 0 0 0 1 0 0 0 0 0 0 0 2 0 0 0 0 0 0 1 0 2 0 0 0 0 0 0 2 0 0 0 0 0 0 0 0 0 0 0 0 0 0 1 0 
0 0 0 0 0 0 0 0 0 0 0 0 0 0 0 0 0 0 1 0 0 0 0 0 0 0 0 0 0 0 0 0 0 0 0 0 0 0 0 0 1 0 0 0 0 0 0 0 2 0 0 0 0 0 0 1 0 2 0 0 0 0 0 0 2 0 0 0 0 0 0 0 0 0 0 0 0 0 0 1 0 
0
0 0 0 0 0 0 0 0 0 
0 0 0 0 2 0 0 0 0 0 0 0 0 0 0 0 0 0 1 0 0 0 0 0 0 0 0 0 0 0 0 0 0 0 0 0 0 0 0 0 1 0 0 0 0 0 0 0 2 0 0 0 0 0 0 1 0 2 0 0 0 0 0 0 2 0 0 0 0 0 0 0 0 0 0 0 0 0 0 1 0 
0 0 0 0 2 0 0 0 0 0 0 0 0 0 0 0 0 0 1 0 0 0 0 0 0 0 0 0 0 0 0 0 0 0 0 0 0 0 0 0 1 0 0 0 0 0 0 0 2 0 0 0 0 0 0 1 0 2 0 0 0 0 0 0 2 0 0 0 0 0 0 0 0 0 0 0 0 0 0 1 0 
0
0 0 0 0 0 0 0 0 0 
0 0 0 0 2 0 0 0 0 0 0 0 0 0 0 0 0 0 1 0 0 0 1 0 0 0 0 0 0 0 0 0 0 0 0 0 0 0 0 0 1 0 0 0 0 0 0 0 2 0 0 0 0 0 0 1 0 2 0 0 0 0 0 0 2 0 0 0 0 0 0 0 0 0 0 0 0 0 0 1 0 
0 0 0 0 2 0 0 0 0 0 0 0 0 0 0 0 0 0 1 0 0 0 1 0 0 0 0 0 0 0 0 0 0 0 0 0 0 0 0 0 1 0 0 0 0 0 0 0 2 0 0 0 0 0 0 1 0 2 0 0 0 0 0 0 2 0 0 0 0 0 0 0 0 0 0 0 0 0 0 1 0 
0
0 0 0 0 0 0 0 0 0 
0 0 0 0 2 0 0 0 0 0 0 0 0 0 0 0 0 0 1 0 0 0 1 0 0 0 0 0 0 0 0 0 0 0 0 0 0 0 0 0 1 0 0 0 0 0 0 0 2 0 0 0 0 0 0 1 0 2 0 0 0 0 0 0 2 0 2 0 0 0 0 0 0 0 0 0 0 0 0 1 0 
0 0 0 0 2 0 0 0 0 0 0 0 0 0 0 0 0 0 1 0 0 0 1 0 0 0 0 0 0 0 0 0 0 0 0 0 0 0 0 0 1 0 0 0 0 0 0 0 2 0 0 0 0 0 0 1 0 2 0 0 0 0 0 0 2 0 2 0 0 0 0 0 0 0 0 0 0 0 0 1 0 
0
0 0 0 0 0 0 0 0 0 
0 0 0 0 2 0 0 0 0 0 0 0 0 0 0 0 0 0 1 0 0 0 1 0 0 0 0 0 0 1 0 0 0 0 0 0 0 0 0 0 1 0 0 0 0 0 0 0 2 0 0 0 0 0 0 1 0 2 0 0 0 0 0 0 2 0 2 0 0 0 0 0 0 0 0 0 0 0 0 1 0 
0 0 0 0 2 0 0 0 0 0 0 0 0 0 0 0 0 0 1 0 0 0 1 0 0 0 0 0 0 1 0 0 0 0 0 0 0 0 0 0 1 0 0 0 0 0 0 0 2 0 0 0 0 0 0 1 0 2 0 0 0 0 0 0 2 0 2 0 0 0 0 0 0 0 0 0 0 0 0 1 0 
0
0 0 0 0 0 0 0 0 0 
0 0 0 0 2 0 0 0 0 0 0 0 0 0 0 0 0 0 1 0 0 0 1 0 0 2 0 0 0 1 0 0 0 0 0 0 0 0 0 0 1 0 0 0 0 0 0 0 2 0 0 0 0 0 0 1 0 2 0 0 0 0 0 0 2 0 2 0 0 0 0 0 0 0 0 0 0 0 0 1 0 
0 0 0 0 2 0 0 0 0 0 0 0 0 0 0 0 0 0 1 0 0 0 1 0 0 2 0 0 0 1 0 0 0 0 0 0 0 0 0 0 1 0 0 0 0 0 0 0 2 0 0 0 0 0 0 1 0 2 0 0 0 0 0 0 2 0 2 0 0 0 0 0 0 0 0 0 0 0 0 1 0 
0
0 0 0 0 0 0 0 0 0 
0 0 0 0 2 0 0 0 0 0 0 0 0 0 0 0 0 0 1 0 0 0 1 0 0 2 0 0 0 1 0 0 0 0 0 0 0 0 0 0 1 0 0 0 0 0 0 0 2 0 0 0 0 0 0 1 0 2 1 0 0 0 0 0 2 0 2 0 0 0 0 0 0 0 0 0 0 0 0 1 0 
0 0 0 0 2 0 0 0 0 0 0 0 0 0 0 0 0 0 1 0 0 0 1 0 0 2 0 0 0 1 0 0 0 0 0 0 0 0 0 0 1 0 0 0 0 0 0 0 2 0 0 0 0 0 0 1 0 2 1 0 0 0 0 0 2 0 2 0 0 0 0 0 0 0 0 0 0 0 0 1 0 
0
0 0 0 0 0 0 0 0 0 
0 0 0 0 2 2 0 0 0 0 0 0 0 0 0 0 0 0 1 0 0 0 1 0 0 2 0 0 0 1 0 0 0 0 0 0 0 0 0 0 1 0 0 0 0 0 0 0 2 0 0 0 0 0 0 1 0 2 1 0 0 0 0 0 2 0 2 0 0 0 0 0 0 0 0 0 0 0 0 1 0 
0 0 0 0 2 2 0 0 0 0 0 0 0 0 0 0 0 0 1 0 0 0 1 0 0 2 0 0 0 1 0 0 0 0 0 0 0 0 0 0 1 0 0 0 0 0 0 0 2 0 0 0 0 0 0 1 0 2 1 0 0 0 0 0 2 0 2 0 0 0 0 0 0 0 0 0 0 0 0 1 0 
0
0 0 0 0 0 0 0 0 0 
0 0 0 0 2 2 0 0 1 0 0 0 0 0 0 0 0 0 1 0 0 0 1 0 0 2 0 0 0 1 0 0 0 0 0 0 0 0 0 0 1 0 0 0 0 0 0 0 2 0 0 0 0 0 0 1 0 2 1 0 0 0 0 0 2 0 2 0 0 0 0 0 0 0 0 0 0 0 0 1 0 
0 0 0 0 2 2 0 0 1 0 0 0 0 0 0 0 0 0 1 0 0 0 1 0 0 2 0 0 0 1 0 0 0 0 0 0 0 0 0 0 1 0 0 0 0 0 0 0 2 0 0 0 0 0 0 1 0 2 1 0 0 0 0 0 2 0 2 0 0 0 0 0 0 0 0 0 0 0 0 1 0 
0
0 0 0 0 0 0 0 0 0 
0 0 0 0 2 2 0 2 1 0 0 0 0 0 0 0 0 0 1 0 0 0 1 0 0 2 0 0 0 1 0 0 0 0 0 0 0 0 0 0 1 0 0 0 0 0 0 0 2 0 0 0 0 0 0 1 0 2 1 0 0 0 0 0 2 0 2 0 0 0 0 0 0 0 0 0 0 0 0 1 0 
0 0 0 0 2 2 0 2 1 0 0 0 0 0 0 0 0 0 1 0 0 0 1 0 0 2 0 0 0 1 0 0 0 0 0 0 0 0 0 0 1 0 0 0 0 0 0 0 2 0 0 0 0 0 0 1 0 2 1 0 0 0 0 0 2 0 2 0 0 0 0 0 0 0 0 0 0 0 0 1 0 
0
0 0 0 0 0 0 0 0 0 
0 0 0 0 2 2 0 2 1 0 0 0 0 0 1 0 0 0 1 0 0 0 1 0 0 2 0 0 0 1 0 0 0 0 0 0 0 0 0 0 1 0 0 0 0 0 0 0 2 0 0 0 0 0 0 1 0 2 1 0 0 0 0 0 2 0 2 0 0 0 0 0 0 0 0 0 0 0 0 1 0 
0 0 0 0 2 2 0 2 1 0 0 0 0 0 1 0 0 0 1 0 0 0 1 0 0 2 0 0 0 1 0 0 0 0 0 0 0 0 0 0 1 0 0 0 0 0 0 0 2 0 0 0 0 0 0 1 0 2 1 0 0 0 0 0 2 0 2 0 0 0 0 0 0 0 0 0 0 0 0 1 0 
0
0 0 0 0 0 0 0 0 0 
0 0 0 0 2 2 0 2 1 0 0 0 0 0 1 0 0 0 1 0 0 0 1 0 0 2 0 0 0 1 0 0 0 0 0 0 0 0 0 0 1 0 0 0 2 0 0 0 2 0 0 0 0 0 0 1 0 2 1 0 0 0 0 0 2 0 2 0 0 0 0 0 0 0 0 0 0 0 0 1 0 
0 0 0 0 2 2 0 2 1 0 0 0 0 0 1 0 0 0 1 0 0 0 1 0 0 2 0 0 0 1 0 0 0 0 0 0 0 0 0 0 1 0 0 0 2 0 0 0 2 0 0 0 0 0 0 1 0 2 1 0 0 0 0 0 2 0 2 0 0 0 0 0 0 0 0 0 0 0 0 1 0 
0
0 0 0 0 0 0 0 0 0 
0 0 0 0 2 2 0 2 1 0 0 0 0 0 1 0 0 0 1 0 0 0 1 0 0 2 0 0 0 1 0 0 0 1 0 0 0 0 0 0 1 0 0 0 2 0 0 0 2 0 0 0 0 0 0 1 0 2 1 0 0 0 0 0 2 0 2 0 0 0 0 0 0 0 0 0 0 0 0 1 0 
0 0 0 0 2 2 0 2 1 0 0 0 0 0 1 0 0 0 1 0 0 0 1 0 0 2 0 0 0 1 0 0 0 1 0 0 0 0 0 0 1 0 0 0 2 0 0 0 2 0 0 0 0 0 0 1 0 2 1 0 0 0 0 0 2 0 2 0 0 0 0 0 0 0 0 0 0 0 0 1 0 
0
0 0 0 0 0 0 0 0 0 
0 0 0 0 2 2 0 2 1 0 0 0 0 0 1 0 0 0 1 2 0 0 1 0 0 2 0 0 0 1 0 0 0 1 0 0 0 0 0 0 1 0 0 0 2 0 0 0 2 0 0 0 0 0 0 1 0 2 1 0 0 0 0 0 2 0 2 0 0 0 0 0 0 0 0 0 0 0 0 1 0 
0 0 0 0 2 2 0 2 1 0 0 0 0 0 1 0 0 0 1 2 0 0 1 0 0 2 0 0 0 1 0 0 0 1 0 0 0 0 0 0 1 0 0 0 2 0 0 0 2 0 0 0 0 0 0 1 0 2 1 0 0 0 0 0 2 0 2 0 0 0 0 0 0 0 0 0 0 0 0 1 0 
0
0 0 0 0 0 0 0 0 0 
0 0 0 0 2 2 0 2 1 0 0 0 0 0 1 0 0 0 1 2 0 0 1 0 0 2 0 0 0 1 0 0 0 1 0 0 0 0 0 0 1 0 0 0 2 0 0 0 2 0 0 0 0 0 0 1 0 2 1 0 0 0 0 0 2 0 2 0 0 0 0 0 0 0 0 1 0 0 0 1 0 
0 0 0 0 2 2 0 2 1 0 0 0 0 0 1 0 0 0 1 2 0 0 1 0 0 2 0 0 0 1 0 0 0 1 0 0 0 0 0 0 1 0 0 0 2 0 0 0 2 0 0 0 0 0 0 1 0 2 1 0 0 0 0 0 2 0 2 0 0 0 0 0 0 0 0 1 0 0 0 1 0 
0
0 0 0 0 0 0 0 0 0 
0 0 0 0 2 2 0 2 1 0 0 0 0 0 1 0 0 0 1 2 0 0 1 0 0 2 0 0 0 1 0 0 0 1 0 0 0 0 0 0 1 0 0 0 2 0 0 0 2 0 0 0 0 0 0 1 0 2 1 0 0 0 0 2 2 0 2 0 0 0 0 0 0 0 0 1 0 0 0 1 0 
0 0 0 0 2 2 0 2 1 0 0 0 0 0 1 0 0 0 1 2 0 0 1 0 0 2 0 0 0 1 0 0 0 1 0 0 0 0 0 0 1 0 0 0 2 0 0 0 2 0 0 0 0 0 0 1 0 2 1 0 0 0 0 2 2 0 2 0 0 0 0 0 0 0 0 1 0 0 0 1 0 
0
0 0 0 0 0 0 0 0 0 
0 0 0 0 2 2 0 2 1 0 0 0 0 0 1 0 0 0 1 2 0 0 1 0 0 2 0 0 0 1 0 0 0 1 0 0 0 0 1 0 1 0 0 0 2 0 0 0 2 0 0 0 0 0 0 1 0 2 1 0 0 0 0 2 2 0 2 0 0 0 0 0 0 0 0 1 0 0 0 1 0 
0 0 0 0 2 2 0 2 1 0 0 0 0 0 1 0 0 0 1 2 0 0 1 0 0 2 0 0 0 1 0 0 0 1 0 0 0 0 1 0 1 0 0 0 2 0 0 0 2 0 0 0 0 0 0 1 0 2 1 0 0 0 0 2 2 0 2 0 0 0 0 0 0 0 0 1 0 0 0 1 0 
0
0 0 0 0 0 0 0 0 0 
0 0 0 0 2 2 0 2 1 0 0 0 0 0 1 0 0 0 1 2 0 0 1 0 0 2 0 0 0 1 0 0 0 1 0 0 0 0 1 0 1 0 0 2 2 0 0 0 2 0 0 0 0 0 0 1 0 2 1 0 0 0 0 2 2 0 2 0 0 0 0 0 0 0 0 1 0 0 0 1 0 
0 0 0 0 2 2 0 2 1 0 0 0 0 0 1 0 0 0 1 2 0 0 1 0 0 2 0 0 0 1 0 0 0 1 0 0 0 0 1 0 1 0 0 2 2 0 0 0 2 0 0 0 0 0 0 1 0 2 1 0 0 0 0 2 2 0 2 0 0 0 0 0 0 0 0 1 0 0 0 1 0 
0
0 0 0 0 0 0 0 0 0 
0 0 0 0 2 2 0 2 1 0 0 0 0 0 1 0 0 0 1 2 0 0 1 0 0 2 0 0 0 1 0 0 0 1 0 0 0 0 1 1 1 0 0 2 2 0 0 0 2 0 0 0 0 0 0 1 0 2 1 0 0 0 0 2 2 0 2 0 0 0 0 0 0 0 0 1 0 0 0 1 0 
0 0 0 0 2 2 0 2 1 0 0 0 0 0 1 0 0 0 1 2 0 0 1 0 0 2 0 0 0 1 0 0 0 1 0 0 0 0 1 1 1 0 0 2 2 0 0 0 2 0 0 0 0 0 0 1 0 2 1 0 0 0 0 2 2 0 2 0 0 0 0 0 0 0 0 1 0 0 0 1 0 
0
0 0 0 0 0 0 0 0 0 
0 0 0 0 2 2 0 2 1 0 0 0 0 0 1 0 0 0 1 2 0 0 1 0 0 2 0 0 0 1 0 0 0 1 0 0 0 0 1 1 1 0 0 2 2 0 0 2 2 0 0 0 0 0 0 1 0 2 1 0 0 0 0 2 2 0 2 0 0 0 0 0 0 0 0 1 0 0 0 1 0 
0 0 0 0 2 2 0 2 1 0 0 0 0 0 1 0 0 0 1 2 0 0 1 0 0 2 0 0 0 1 0 0 0 1 0 0 0 0 1 1 1 0 0 2 2 0 0 2 2 0 0 0 0 0 0 1 0 2 1 0 0 0 0 2 2 0 2 0 0 0 0 0 0 0 0 1 0 0 0 1 0 
0
0 0 0 0 0 0 0 0 0 
0 0 0 0 2 2 0 2 1 0 0 0 0 0 1 0 0 0 1 2 0 0 1 0 0 2 0 0 0 1 0 0 0 1 0 0 0 0 1 1 1 0 0 2 2 0 0 2 2 0 0 0 0 0 0 1 0 2 1 0 0 0 0 2 2 0 2 0 0 0 1 0 0 0 0 1 0 0 0 1 0 
0 0 0 0 2 2 0 2 1 0 0 0 0 0 1 0 0 0 1 2 0 0 1 0 0 2 0 0 0 1 0 0 0 1 0 0 0 0 1 1 1 0 0 2 2 0 0 2 2 0 0 0 0 0 0 1 0 2 1 0 0 0 0 2 2 0 2 0 0 0 1 0 0 0 0 1 0 0 0 1 0 
0
0 0 0 0 0 0 0 0 0 
0 0 0 0 2 2 0 2 1 0 0 0 0 0 1 0 0 0 1 2 0 0 1 0 0 2 0 0 0 1 0 0 0 1 0 0 0 0 1 1 1 2 0 2 2 0 0 2 2 0 0 0 0 0 0 1 0 2 1 0 0 0 0 2 2 0 2 0 0 0 1 0 0 0 0 1 0 0 0 1 0 
0 0 0 0 2 2 0 2 1 0 0 0 0 0 1 0 0 0 1 2 0 0 1 0 0 2 0 0 0 1 0 0 0 1 0 0 0 0 1 1 1 2 0 2 2 0 0 2 2 0 0 0 0 0 0 1 0 2 1 0 0 0 0 2 2 0 2 0 0 0 1 0 0 0 0 1 0 0 0 1 0 
0
0 0 0 0 0 0 0 0 0 
0 0 0 0 2 2 0 2 1 0 0 0 0 0 1 0 0 0 1 2 0 0 1 0 0 2 0 0 0 1 0 0 0 1 0 0 0 0 1 1 1 2 1 2 2 0 0 2 2 0 0 0 0 0 0 1 0 2 1 0 0 0 0 2 2 0 2 0 0 0 1 0 0 0 0 1 0 0 0 1 0 
0 0 0 0 2 2 0 2 1 0 0 0 0 0 1 0 0 0 1 2 0 0 1 0 0 2 0 0 0 1 0 0 0 1 0 0 0 0 1 1 1 2 1 2 2 0 0 2 2 0 0 0 0 0 0 1 0 2 1 0 0 0 0 2 2 0 2 0 0 0 1 0 0 0 0 1 0 0 0 1 0 
0
0 0 0 0 0 0 0 0 0 
0 0 0 0 2 2 0 2 1 0 0 0 0 0 1 0 0 0 1 2 0 0 1 0 0 2 0 0 0 1 0 0 0 1 0 0 0 0 1 1 1 2 1 2 2 2 0 2 2 0 0 0 0 0 0 1 0 2 1 0 0 0 0 2 2 0 2 0 0 0 1 0 0 0 0 1 0 0 0 1 0 
0 0 0 0 2 2 0 2 1 0 0 0 0 0 1 0 0 0 1 2 0 0 1 0 0 2 0 0 0 1 0 0 0 1 0 0 0 0 1 1 1 2 1 2 2 2 0 2 2 0 0 0 0 0 0 1 0 2 1 0 0 0 0 2 2 0 2 0 0 0 1 0 0 0 0 1 0 0 0 1 0 
0
0 0 0 0 0 0 0 0 0 
0 0 0 0 2 2 0 2 1 0 0 0 0 0 1 0 0 0 1 2 0 0 1 0 0 2 0 0 0 1 0 0 0 1 0 0 0 0 1 1 1 2 1 2 2 2 0 2 2 0 0 0 0 0 0 1 1 2 1 0 0 0 0 2 2 0 2 0 0 0 1 0 0 0 0 1 0 0 0 1 0 
0 0 0 0 2 2 0 2 1 0 0 0 0 0 1 0 0 0 1 2 0 0 1 0 0 2 0 0 0 1 0 0 0 1 0 0 0 0 1 1 1 2 1 2 2 2 0 2 2 0 0 0 0 0 0 1 1 2 1 0 0 0 0 2 2 0 2 0 0 0 1 0 0 0 0 1 0 0 0 1 0 
0
0 0 2 0 0 0 0 0 0 
0 0 0 0 2 2 0 2 1 0 0 0 0 0 1 0 2 0 1 2 0 0 1 0 0 2 0 0 0 1 0 0 0 1 0 0 0 0 1 1 1 2 1 2 2 2 0 2 2 0 0 0 0 0 0 1 1 2 1 0 0 0 0 2 2 0 2 0 0 0 1 0 0 0 0 1 0 0 0 1 0 
0 0 0 0 2 2 32 34 33 0 0 0 0 0 1 32 34 32 1 2 0 0 1 0 32 34 32 0 0 1 0 0 0 1 0 0 0 0 1 1 1 2 1 2 2 2 0 2 2 0 0 0 0 0 0 1 1 2 1 0 0 0 0 2 2 0 2 0 0 0 1 0 0 0 0 1 0 0 0 1 0 
0
0 0 2 0 0 0 0 0 0 
0 0 0 0 2 2 0 2 1 0 0 0 0 0 1 0 2 0 1 2 0 0 1 0 0 2 0 0 0 1 0 0 0 1 0 0 0 0 1 1 1 2 1 2 2 2 0 2 2 0 1 0 0 0 0 1 1 2 1 0 0 0 0 2 2 0 2 0 0 0 1 0 0 0 0 1 0 0 0 1 0 
0 0 0 0 2 2 32 34 33 0 0 0 0 0 1 32 34 32 1 2 0 0 1 0 32 34 32 0 0 1 0 0 0 1 0 0 0 0 1 1 1 2 1 2 2 2 0 2 2 0 1 0 0 0 0 1 1 2 1 0 0 0 0 2 2 0 2 0 0 0 1 0 0 0 0 1 0 0 0 1 0 
0
0 0 2 0 0 0 0 0 0 
0 0 0 0 2 2 0 2 1 0 0 0 0 0 1 0 2 0 1 2 0 0 1 0 0 2 0 0 0 1 0 0 0 1 0 0 0 0 1 1 1 2 1 2 2 2 0 2 2 0 1 0 0 0 0 1 1 2 1 0 0 2 0 2 2 0 2 0 0 0 1 0 0 0 0 1 0 0 0 1 0 
0 0 0 0 2 2 32 34 33 0 0 0 0 0 1 32 34 32 1 2 0 0 1 0 32 34 32 0 0 1 0 0 0 1 0 0 0 0 1 1 1 2 1 2 2 2 0 2 2 0 1 0 0 0 0 1 1 2 1 0 0 2 0 2 2 0 2 0 0 0 1 0 0 0 0 1 0 0 0 1 0 
0
0 0 2 0 0 0 0 0 0 
0 0 0 1 2 2 0 2 1 0 0 0 0 0 1 0 2 0 1 2 0 0 1 0 0 2 0 0 0 1 0 0 0 1 0 0 0 0 1 1 1 2 1 2 2 2 0 2 2 0 1 0 0 0 0 1 1 2 1 0 0 2 0 2 2 0 2 0 0 0 1 0 0 0 0 1 0 0 0 1 0 
0 0 0 1 2 2 32 34 33 0 0 0 0 0 1 32 34 32 1 2 0 0 1 0 32 34 32 0 0 1 0 0 0 1 0 0 0 0 1 1 1 2 1 2 2 2 0 2 2 0 1 0 0 0 0 1 1 2 1 0 0 2 0 2 2 0 2 0 0 0 1 0 0 0 0 1 0 0 0 1 0 
0
0 0 2 0 0 0 0 0 0 
0 2 0 1 2 2 0 2 1 0 0 0 0 0 1 0 2 0 1 2 0 0 1 0 0 2 0 0 0 1 0 0 0 1 0 0 0 0 1 1 1 2 1 2 2 2 0 2 2 0 1 0 0 0 0 1 1 2 1 0 0 2 0 2 2 0 2 0 0 0 1 0 0 0 0 1 0 0 0 1 0 
0 2 0 1 2 2 32 34 33 0 0 0 0 0 1 32 34 32 1 2 0 0 1 0 32 34 32 0 0 1 0 0 0 1 0 0 0 0 1 1 1 2 1 2 2 2 0 2 2 0 1 0 0 0 0 1 1 2 1 0 0 2 0 2 2 0 2 0 0 0 1 0 0 0 0 1 0 0 0 1 0 
0
0 0 2 0 0 0 0 0 0 
0 2 0 1 2 2 0 2 1 0 0 0 0 0 1 0 2 0 1 2 0 1 1 0 0 2 0 0 0 1 0 0 0 1 0 0 0 0 1 1 1 2 1 2 2 2 0 2 2 0 1 0 0 0 0 1 1 2 1 0 0 2 0 2 2 0 2 0 0 0 1 0 0 0 0 1 0 0 0 1 0 
0 2 0 1 2 2 32 34 33 0 0 0 0 0 1 32 34 32 1 2 0 1 1 0 32 34 32 0 0 1 0 0 0 1 0 0 0 0 1 1 1 2 1 2 2 2 0 2 2 0 1 0 0 0 0 1 1 2 1 0 0 2 0 2 2 0 2 0 0 0 1 0 0 0 0 1 0 0 0 1 0 
0
0 0 2 0 0 0 2 0 0 
0 2 0 1 2 2 0 2 1 0 0 0 0 0 1 0 2 0 1 2 0 1 1 0 0 2 0 0 0 1 0 0 0 1 0 0 0 0 1 1 1 2 1 2 2 2 0 2 2 0 1 0 0 0 0 1 1 2 1 0 0 2 0 2 2 2 2 0 0 0 1 0 0 0 0 1 0 0 0 1 0 
0 2 0 1 2 2 32 34 33 0 0 0 0 0 1 32 34 32 1 2 0 1 1 0 32 34 32 0 0 1 0 0 0 1 0 0 0 0 1 1 1 2 1 2 2 2 0 2 2 0 1 0 0 0 32 33 33 2 1 0 0 2 0 34 34 34 2 0 0 0 1 0 32 32 32 1 0 0 0 1 0 
0
0 0 2 0 0 1 2 0 0 
0 2 0 1 2 2 0 2 1 0 0 0 0 0 1 0 2 0 1 2 0 1 1 0 0 2 0 0 0 1 0 0 0 1 0 0 0 0 1 1 1 2 1 2 2 2 0 2 2 0 1 1 0 0 0 1 1 2 1 0 0 2 0 2 2 2 2 0 0 0 1 0 0 0 0 1 0 0 0 1 0 
0 2 0 1 2 2 32 34 33 0 0 0 0 0 1 32 34 32 1 2 0 1 1 0 32 34 32 0 0 1 0 0 0 17 16 16 0 0 1 1 1 2 17 18 18 2 0 2 2 0 1 17 16 16 32 33 33 2 1 0 0 2 0 34 34 34 2 0 0 0 1 0 32 32 32 1 0 0 0 1 0 
0
2 0 2 0 0 1 2 0 0 
0 2 0 1 2 2 0 2 1 0 2 0 0 0 1 0 2 0 1 2 0 1 1 0 0 2 0 0 0 1 0 0 0 1 0 0 0 0 1 1 1 2 1 2 2 2 0 2 2 0 1 1 0 0 0 1 1 2 1 0 0 2 0 2 2 2 2 0 0 0 1 0 0 0 0 1 0 0 0 1 0 
32 34 32 1 2 2 32 34 33 32 34 32 0 0 1 32 34 32 33 34 32 1 1 0 32 34 32 0 0 1 0 0 0 17 16 16 0 0 1 1 1 2 17 18 18 2 0 2 2 0 1 17 16 16 32 33 33 2 1 0 0 2 0 34 34 34 2 0 0 0 1 0 32 32 32 1 0 0 0 1 0 
0
2 0 2 0 1 1 2 0 0 
0 2 0 1 2 2 0 2 1 0 2 0 0 0 1 0 2 0 1 2 0 1 1 0 0 2 0 0 0 1 1 0 0 1 0 0 0 0 1 1 1 2 1 2 2 2 0 2 2 0 1 1 0 0 0 1 1 2 1 0 0 2 0 2 2 2 2 0 0 0 1 0 0 0 0 1 0 0 0 1 0 
32 34 32 1 2 2 32 34 33 32 34 32 0 0 1 32 34 32 33 34 32 1 1 0 32 34 32 0 0 1 17 16 16 17 16 16 0 0 1 17 17 18 17 18 18 2 0 2 18 16 17 17 16 16 32 33 33 2 1 0 0 2 0 34 34 34 2 0 0 0 1 0 32 32 32 1 0 0 0 1 0 
0
2 0 2 2 1 1 2 0 0 
0 2 0 1 2 2 0 2 1 0 2 0 0 0 1 0 2 0 1 2 0 1 1 0 0 2 0 0 0 1 1 0 0 1 0 0 0 0 1 1 1 2 1 2 2 2 2 2 2 0 1 1 0 0 0 1 1 2 1 0 0 2 0 2 2 2 2 0 0 0 1 0 0 0 0 1 0 0 0 1 0 
32 34 32 1 2 2 32 34 33 32 34 32 0 0 1 32 34 32 33 34 32 1 1 0 32 34 32 32 32 33 17 16 16 17 16 16 32 32 33 17 17 18 17 18 18 34 34 34 18 16 17 17 16 16 32 33 33 2 1 0 0 2 0 34 34 34 2 0 0 0 1 0 32 32 32 1 0 0 0 1 0 
0
2 0 2 2 1 1 2 0 0 
0 2 0 1 2 2 0 2 1 0 2 0 0 0 1 0 2 0 1 2 0 1 1 0 0 2 0 0 0 1 1 0 0 1 0 0 0 0 1 1 1 2 1 2 2 2 2 2 2 0 1 1 0 0 0 1 1 2 1 0 0 2 0 2 2 2 2 0 0 0 1 0 0 0 0 1 0 0 0 1 0 
32 34 32 1 2 2 32 34 33 32 34 32 0 0 1 32 34 32 33 34 32 1 1 0 32 34 32 32 32 33 17 16 16 17 16 16 32 32 33 17 17 18 17 18 18 34 34 34 18 16 17 17 16 16 32 33 33 2 1 0 0 2 0 34 34 34 2 0 0 0 1 0 32 32 32 1 0 0 0 1 0 
0
