0 0 0 0 0 0 0 0 0 
0 0 0 0 0 0 0 0 0 0 0 0 0 0 0 0 0 0 0 0 0 0 0 0 0 0 0 0 0 0 0 0 0 0 0 0 0 0 0 0 1 0 0 0 0 0 0 0 0 0 0 0 0 0 0 0 0 0 0 0 0 0 0 0 0 0 0 0 0 0 0 0 0 0 0 0 0 0 0 0 0 
0 0 0 0 0 0 0 0 0 0 0 0 0 0 0 0 0 0 0 0 0 0 0 0 0 0 0 0 0 0 0 0 0 0 0 0 0 0 0 0 1 0 0 0 0 0 0 0 0 0 0 0 0 0 0 0 0 0 0 0 0 0 0 0 0 0 0 0 0 0 0 0 0 0 0 0 0 0 0 0 0 
1
0 0 0 0 0 0 0 0 0 
0 0 0 0 0 0 0 0 0 0 0 0 0 0 0 0 0 0 0 0 0 0 0 0 0 0 0 0 0 0 0 0 0 0 0 0 0 0 0 0 1 0 0 0 0 0 0 0 0 2 0 0 0 0 0 0 0 0 0 0 0 0 0 0 0 0 0 0 0 0 0 0 0 0 0 0 0 0 0 0 0 
0 0 0 0 0 0 0 0 0 0 0 0 0 0 0 0 0 0 0 0 0 0 0 0 0 0 0 0 0 0 0 0 0 0 0 0 0 0 0 0 1 0 0 0 0 0 0 0 0 2 0 0 0 0 0 0 0 0 0 0 0 0 0 0 0 0 0 0 0 0 0 0 0 0 0 0 0 0 0 0 0 
1
0 0 0 0 0 0 0 0 0 
0 0 0 0 0 0 0 0 0 0 0 0 0 0 0 0 0 0 0 0 0 0 0 0 0 0 0 0 0 0 0 0 0 0 0 0 0 0 0 0 1 0 0 0 0 0 0 0 0 2 0 0 0 0 0 0 0 0 0 0 0 0 0 0 0 0 1 0 0 0 0 0 0 0 0 0 0 0 0 0 0 
0 0 0 0 0 0 0 0 0 0 0 0 0 0 0 0 0 0 0 0 0 0 0 0 0 0 0 0 0 0 0 0 0 0 0 0 0 0 0 0 1 0 0 0 0 0 0 0 0 2 0 0 0 0 0 0 0 0 0 0 0 0 0 0 0 0 1 0 0 0 0 0 0 0 0 0 0 0 0 0 0 
1
0 0 0 0 0 0 0 0 0 
0 0 0 0 0 0 0 0 0 0 0 0 0 0 0 0 0 0 0 0 0 0 0 0 0 0 0 0 0 0 0 0 0 0 0 0 0 0 0 0 1 0 0 0 0 0 2 0 0 2 0 0 0 0 0 0 0 0 0 0 0 0 0 0 0 0 1 0 0 0 0 0 0 0 0 0 0 0 0 0 0 
0 0 0 0 0 0 0 0 0 0 0 0 0 0 0 0 0 0 0 0 0 0 0 0 0 0 0 0 0 0 0 0 0 0 0 0 0 0 0 0 1 0 0 0 0 0 2 0 0 2 0 0 0 0 0 0 0 0 0 0 0 0 0 0 0 0 1 0 0 0 0 0 0 0 0 0 0 0 0 0 0 
1
0 0 0 0 0 0 0 0 0 
0 0 0 0 0 0 0 0 0 0 0 0 0 0 0 0 0 0 0 0 0 0 0 0 0 0 0 0 0 0 0 0 0 0 0 0 0 0 0 0 1 0 0 0 0 0 2 0 0 2 0 0 0 0 0 0 0 0 0 0 0 0 0 0 0 0 1 0 1 0 0 0 0 0 0 0 0 0 0 0 0 
0 0 0 0 0 0 0 0 0 0 0 0 0 0 0 0 0 0 0 0 0 0 0 0 0 0 0 0 0 0 0 0 0 0 0 0 0 0 0 0 1 0 0 0 0 0 2 0 0 2 0 0 0 0 0 0 0 0 0 0 0 0 0 0 0 0 1 0 1 0 0 0 0 0 0 0 0 0 0 0 0 
1
0 0 0 0 0 0 0 0 0 
0 0 0 0 0 0 0 0 0 0 0 0 0 0 0 0 0 0 0 0 0 0 0 0 0 0 0 0 0 0 0 0 0 0 0 0 0 0 0 0 1 0 0 0 2 0 2 0 0 2 0 0 0 0 0 0 0 0 0 0 0 0 0 0 0 0 1 0 1 0 0 0 0 0 0 0 0 0 0 0 0 
0 0 0 0 0 0 0 0 0 0 0 0 0 0 0 0 0 0 0 0 0 0 0 0 0 0 0 0 0 0 0 0 0 0 0 0 0 0 0 0 1 0 0 0 2 0 2 0 0 2 0 0 0 0 0 0 0 0 0 0 0 0 0 0 0 0 1 0 1 0 0 0 0 0 0 0 0 0 0 0 0 
1
0 0 0 0 0 0 0 0 0 
0 0 0 0 0 0 0 0 0 0 0 0 0 0 0 0 0 0 0 0 0 0 0 0 0 0 0 0 0 0 0 0 0 0 0 0 0 0 0 0 1 0 0 0 2 0 2 0 0 2 0 0 1 0 0 0 0 0 0 0 0 0 0 0 0 0 1 0 1 0 0 0 0 0 0 0 0 0 0 0 0 
0 0 0 0 0 0 0 0 0 0 0 0 0 0 0 0 0 0 0 0 0 0 0 0 0 0 0 0 0 0 0 0 0 0 0 0 0 0 0 0 1 0 0 0 2 0 2 0 0 2 0 0 1 0 0 0 0 0 0 0 0 0 0 0 0 0 1 0 1 0 0 0 0 0 0 0 0 0 0 0 0 
1
0 0 0 0 0 0 0 0 0 
0 0 0 0 0 0 0 0 0 0 0 0 0 0 0 0 0 0 0 0 0 0 0 0 0 0 0 0 0 0 0 0 0 0 0 0 0 0 0 0 1 0 0 0 2 0 2 0 0 2 0 0 1 0 0 0 0 0 0 0 0 0 0 0 0 0 1 2 1 0 0 0 0 0 0 0 0 0 0 0 0 
0 0 0 0 0 0 0 0 0 0 0 0 0 0 0 0 0 0 0 0 0 0 0 0 0 0 0 0 0 0 0 0 0 0 0 0 0 0 0 0 1 0 0 0 2 0 2 0 0 2 0 0 1 0 0 0 0 0 0 0 0 0 0 0 0 0 1 2 1 0 0 0 0 0 0 0 0 0 0 0 0 
1
0 0 0 0 0 0 0 0 0 
0 0 0 0 0 0 0 0 0 0 0 0 0 0 0 0 0 0 0 0 0 0 0 0 0 0 0 0 0 0 0 0 0 0 0 0 0 0 0 0 1 0 0 0 2 0 2 0 1 2 0 0 1 0 0 0 0 0 0 0 0 0 0 0 0 0 1 2 1 0 0 0 0 0 0 0 0 0 0 0 0 
0 0 0 0 0 0 0 0 0 0 0 0 0 0 0 0 0 0 0 0 0 0 0 0 0 0 0 0 0 0 0 0 0 0 0 0 0 0 0 0 1 0 0 0 2 0 2 0 1 2 0 0 1 0 0 0 0 0 0 0 0 0 0 0 0 0 1 2 1 0 0 0 0 0 0 0 0 0 0 0 0 
1
0 0 0 0 0 0 0 0 0 
0 0 0 0 0 0 0 0 0 0 0 0 0 0 0 0 0 0 0 0 0 0 0 0 0 0 0 0 0 0 0 0 0 0 0 0 0 0 0 0 1 0 0 0 2 0 2 0 1 2 0 0 1 0 0 0 0 0 0 0 0 0 0 0 0 2 1 2 1 0 0 0 0 0 0 0 0 0 0 0 0 
0 0 0 0 0 0 0 0 0 0 0 0 0 0 0 0 0 0 0 0 0 0 0 0 0 0 0 0 0 0 0 0 0 0 0 0 0 0 0 0 1 0 0 0 2 0 2 0 1 2 0 0 1 0 0 0 0 0 0 0 0 0 0 0 0 2 1 2 1 0 0 0 0 0 0 0 0 0 0 0 0 
1
0 0 0 0 0 0 0 0 0 
0 0 0 0 0 0 0 0 0 0 0 0 0 0 0 0 0 0 0 0 0 0 0 0 0 0 0 0 0 0 0 0 0 0 1 0 0 0 0 0 1 0 0 0 2 0 2 0 1 2 0 0 1 0 0 0 0 0 0 0 0 0 0 0 0 2 1 2 1 0 0 0 0 0 0 0 0 0 0 0 0 
0 0 0 0 0 0 0 0 0 0 0 0 0 0 0 0 0 0 0 0 0 0 0 0 0 0 0 0 0 0 0 0 0 0 1 0 0 0 0 0 1 0 0 0 2 0 2 0 1 2 0 0 1 0 0 0 0 0 0 0 0 0 0 0 0 2 1 2 1 0 0 0 0 0 0 0 0 0 0 0 0 
1
0 0 0 0 0 0 0 0 0 
0 0 0 0 0 0 0 0 0 0 0 0 0 0 0 0 0 0 0 0 0 0 0 2 0 0 0 0 0 0 0 0 0 0 1 0 0 0 0 0 1 0 0 0 2 0 2 0 1 2 0 0 1 0 0 0 0 0 0 0 0 0 0 0 0 2 1 2 1 0 0 0 0 0 0 0 0 0 0 0 0 
0 0 0 0 0 0 0 0 0 0 0 0 0 0 0 0 0 0 0 0 0 0 0 2 0 0 0 0 0 0 0 0 0 0 1 0 0 0 0 0 1 0 0 0 2 0 2 0 1 2 0 0 1 0 0 0 0 0 0 0 0 0 0 0 0 2 1 2 1 0 0 0 0 0 0 0 0 0 0 0 0 
1
0 0 0 0 0 0 0 0 0 
0 0 0 0 0 0 0 0 0 0 0 0 0 0 0 0 0 0 0 0 0 0 0 2 0 0 0 0 0 0 0 0 0 0 1 0 0 0 0 0 1 0 0 0 2 0 2 0 1 2 0 0 1 0 0 0 0 0 0 0 1 0 0 0 0 2 1 2 1 0 0 0 0 0 0 0 0 0 0 0 0 
0 0 0 0 0 0 0 0 0 0 0 0 0 0 0 0 0 0 0 0 0 0 0 2 0 0 0 0 0 0 0 0 0 0 1 0 0 0 0 0 1 0 0 0 2 0 2 0 1 2 0 0 1 0 0 0 0 0 0 0 1 0 0 0 0 2 1 2 1 0 0 0 0 0 0 0 0 0 0 0 0 
1
0 0 0 0 0 0 0 0 0 
0 0 0 0 0 0 0 0 0 0 0 0 0 0 0 0 0 0 0 0 2 0 0 2 0 0 0 0 0 0 0 0 0 0 1 0 0 0 0 0 1 0 0 0 2 0 2 0 1 2 0 0 1 0 0 0 0 0 0 0 1 0 0 0 0 2 1 2 1 0 0 0 0 0 0 0 0 0 0 0 0 
0 0 0 0 0 0 0 0 0 0 0 0 0 0 0 0 0 0 0 0 2 0 0 2 0 0 0 0 0 0 0 0 0 0 1 0 0 0 0 0 1 0 0 0 2 0 2 0 1 2 0 0 1 0 0 0 0 0 0 0 1 0 0 0 0 2 1 2 1 0 0 0 0 0 0 0 0 0 0 0 0 
1
0 0 0 0 0 0 0 0 0 
0 0 0 0 0 0 0 0 0 0 0 0 0 0 0 0 0 0 0 0 2 0 0 2 0 0 0 0 0 0 0 0 0 0 1 0 0 0 0 0 1 0 0 0 2 0 2 0 1 2 0 0 1 0 0 0 0 0 0 0 1 0 0 0 0 2 1 2 1 0 0 0 0 0 0 0 0 0 0 0 1 
0 0 0 0 0 0 0 0 0 0 0 0 0 0 0 0 0 0 0 0 2 0 0 2 0 0 0 0 0 0 0 0 0 0 1 0 0 0 0 0 1 0 0 0 2 0 2 0 1 2 0 0 1 0 0 0 0 0 0 0 1 0 0 0 0 2 1 2 1 0 0 0 0 0 0 0 0 0 0 0 1 
1
0 0 0 0 0 0 0 0 0 
0 0 0 0 0 0 0 0 0 0 0 0 0 0 0 0 0 0 0 0 2 0 0 2 0 0 0 0 0 0 0 0 0 0 1 0 0 0 0 0 1 0 0 0 2 0 2 0 1 2 0 0 1 0 0 0 0 0 0 0 1 0 0 0 0 2 1 2 1 0 0 0 0 0 0 0 0 0 0 2 1 
0 0 0 0 0 0 0 0 0 0 0 0 0 0 0 0 0 0 0 0 2 0 0 2 0 0 0 0 0 0 0 0 0 0 1 0 0 0 0 0 1 0 0 0 2 0 2 0 1 2 0 0 1 0 0 0 0 0 0 0 1 0 0 0 0 2 1 2 1 0 0 0 0 0 0 0 0 0 0 2 1 
1
0 0 0 0 0 0 0 0 0 
0 0 0 0 0 0 0 0 0 0 0 0 0 0 0 0 0 0 0 0 2 0 0 2 0 0 0 0 0 0 0 0 0 0 1 0 0 0 0 0 1 0 0 0 2 0 2 0 1 2 0 0 1 0 0 0 0 0 0 1 1 0 0 0 0 2 1 2 1 0 0 0 0 0 0 0 0 0 0 2 1 
0 0 0 0 0 0 0 0 0 0 0 0 0 0 0 0 0 0 0 0 2 0 0 2 0 0 0 0 0 0 0 0 0 0 1 0 0 0 0 0 1 0 0 0 2 0 2 0 1 2 0 0 1 0 0 0 0 0 0 1 1 0 0 0 0 2 1 2 1 0 0 0 0 0 0 0 0 0 0 2 1 
1
0 0 0 0 0 0 0 0 0 
0 0 0 0 0 0 0 0 0 0 0 0 0 0 0 0 0 0 0 0 2 0 0 2 2 0 0 0 0 0 0 0 0 0 1 0 0 0 0 0 1 0 0 0 2 0 2 0 1 2 0 0 1 0 0 0 0 0 0 1 1 0 0 0 0 2 1 2 1 0 0 0 0 0 0 0 0 0 0 2 1 
0 0 0 0 0 0 0 0 0 0 0 0 0 0 0 0 0 0 0 0 2 0 0 2 2 0 0 0 0 0 0 0 0 0 1 0 0 0 0 0 1 0 0 0 2 0 2 0 1 2 0 0 1 0 0 0 0 0 0 1 1 0 0 0 0 2 1 2 1 0 0 0 0 0 0 0 0 0 0 2 1 
1
0 0 0 0 0 0 0 0 0 
0 0 0 0 0 0 0 0 0 0 0 0 0 0 0 0 0 0 0 0 2 0 0 2 2 0 0 0 0 0 0 0 0 0 1 0 0 0 0 0 1 0 0 0 2 0 2 0 1 2 0 0 1 0 0 0 0 0 0 1 1 0 0 0 0 2 1 2 1 0 0 0 0 0 1 0 0 0 0 2 1 
0 0 0 0 0 0 0 0 0 0 0 0 0 0 0 0 0 0 0 0 2 0 0 2 2 0 0 0 0 0 0 0 0 0 1 0 0 0 0 0 1 0 0 0 2 0 2 0 1 2 0 0 1 0 0 0 0 0 0 1 1 0 0 0 0 2 1 2 1 0 0 0 0 0 1 0 0 0 0 2 1 
1
0 0 0 0 0 0 0 0 0 
0 0 0 0 0 0 0 0 0 0 0 0 0 0 0 0 0 0 0 0 2 0 0 2 2 0 0 0 0 0 0 0 0 0 1 0 0 0 0 0 1 0 0 0 2 0 2 0 1 2 0 0 1 0 0 0 0 0 0 1 1 2 0 0 0 2 1 2 1 0 0 0 0 0 1 0 0 0 0 2 1 
0 0 0 0 0 0 0 0 0 0 0 0 0 0 0 0 0 0 0 0 2 0 0 2 2 0 0 0 0 0 0 0 0 0 1 0 0 0 0 0 1 0 0 0 2 0 2 0 1 2 0 0 1 0 0 0 0 0 0 1 1 2 0 0 0 2 1 2 1 0 0 0 0 0 1 0 0 0 0 2 1 
1
0 0 0 0 0 0 0 0 0 
0 0 0 0 0 0 0 0 0 0 0 0 0 0 1 0 0 0 0 0 2 0 0 2 2 0 0 0 0 0 0 0 0 0 1 0 0 0 0 0 1 0 0 0 2 0 2 0 1 2 0 0 1 0 0 0 0 0 0 1 1 2 0 0 0 2 1 2 1 0 0 0 0 0 1 0 0 0 0 2 1 
0 0 0 0 0 0 0 0 0 0 0 0 0 0 1 0 0 0 0 0 2 0 0 2 2 0 0 0 0 0 0 0 0 0 1 0 0 0 0 0 1 0 0 0 2 0 2 0 1 2 0 0 1 0 0 0 0 0 0 1 1 2 0 0 0 2 1 2 1 0 0 0 0 0 1 0 0 0 0 2 1 
1
0 0 0 0 0 0 0 0 0 
0 0 0 0 0 0 0 0 0 0 0 0 0 0 1 0 0 0 0 0 2 0 0 2 2 0 0 0 0 0 0 0 0 0 1 2 0 0 0 0 1 0 0 0 2 0 2 0 1 2 0 0 1 0 0 0 0 0 0 1 1 2 0 0 0 2 1 2 1 0 0 0 0 0 1 0 0 0 0 2 1 
0 0 0 0 0 0 0 0 0 0 0 0 0 0 1 0 0 0 0 0 2 0 0 2 2 0 0 0 0 0 0 0 0 0 1 2 0 0 0 0 1 0 0 0 2 0 2 0 1 2 0 0 1 0 0 0 0 0 0 1 1 2 0 0 0 2 1 2 1 0 0 0 0 0 1 0 0 0 0 2 1 
1
0 0 0 0 0 0 0 0 0 
0 0 0 0 0 0 0 0 0 0 0 0 0 0 1 0 0 0 0 0 2 0 0 2 2 0 1 0 0 0 0 0 0 0 1 2 0 0 0 0 1 0 0 0 2 0 2 0 1 2 0 0 1 0 0 0 0 0 0 1 1 2 0 0 0 2 1 2 1 0 0 0 0 0 1 0 0 0 0 2 1 
0 0 0 0 0 0 0 0 0 0 0 0 0 0 1 0 0 0 0 0 2 0 0 2 2 0 1 0 0 0 0 0 0 0 1 2 0 0 0 0 1 0 0 0 2 0 2 0 1 2 0 0 1 0 0 0 0 0 0 1 1 2 0 0 0 2 1 2 1 0 0 0 0 0 1 0 0 0 0 2 1 
1
0 0 0 0 0 0 0 0 2 
0 0 0 0 0 0 0 0 0 0 0 0 0 0 1 0 0 0 0 0 2 0 0 2 2 0 1 0 0 0 0 0 0 0 1 2 0 0 0 0 1 0 0 0 2 0 2 0 1 2 0 0 1 0 0 0 0 0 0 1 1 2 0 0 0 2 1 2 1 0 2 0 0 0 1 0 0 0 0 2 1 
0 0 0 0 0 0 0 0 0 0 0 0 0 0 1 0 0 0 0 0 2 0 0 2 2 0 1 0 0 0 0 0 0 0 1 2 0 0 0 0 1 0 0 0 2 0 2 0 1 2 0 0 1 0 0 0 0 0 0 1 33 34 32 0 0 2 1 2 1 32 34 32 0 0 1 0 0 0 32 34 33 
1
0 0 0 0 1 0 0 0 2 
0 0 0 0 0 0 0 0 0 0 0 0 0 0 1 0 0 0 0 0 2 0 0 2 2 0 1 0 0 0 0 0 1 0 1 2 0 0 0 0 1 0 0 0 2 0 2 0 1 2 0 0 1 0 0 0 0 0 0 1 1 2 0 0 0 2 1 2 1 0 2 0 0 0 1 0 0 0 0 2 1 
0 0 0 0 0 0 0 0 0 0 0 0 0 0 1 0 0 0 0 0 2 0 0 2 2 0 1 0 0 0 16 16 17 0 1 2 0 0 0 16 17 16 0 0 2 0 2 0 17 18 16 0 1 0 0 0 0 0 0 1 33 34 32 0 0 2 1 2 1 32 34 32 0 0 1 0 0 0 32 34 33 
1
0 0 0 0 1 0 0 0 2 
0 0 0 0 0 0 0 0 0 0 0 0 0 0 1 0 0 0 0 0 2 0 0 2 2 2 1 0 0 0 0 0 1 0 1 2 0 0 0 0 1 0 0 0 2 0 2 0 1 2 0 0 1 0 0 0 0 0 0 1 1 2 0 0 0 2 1 2 1 0 2 0 0 0 1 0 0 0 0 2 1 
0 0 0 0 0 0 0 0 0 0 0 0 0 0 1 0 0 0 0 0 2 0 0 2 2 2 1 0 0 0 16 16 17 0 1 2 0 0 0 16 17 16 0 0 2 0 2 0 17 18 16 0 1 0 0 0 0 0 0 1 33 34 32 0 0 2 1 2 1 32 34 32 0 0 1 0 0 0 32 34 33 
1
0 0 0 0 1 0 0 0 2 
0 0 0 0 0 0 0 0 0 0 0 0 0 0 1 0 0 0 0 0 2 0 0 2 2 2 1 0 0 0 0 0 1 0 1 2 0 0 0 0 1 0 0 0 2 0 2 0 1 2 0 0 1 0 0 0 0 1 0 1 1 2 0 0 0 2 1 2 1 0 2 0 0 0 1 0 0 0 0 2 1 
0 0 0 0 0 0 0 0 0 0 0 0 0 0 1 0 0 0 0 0 2 0 0 2 2 2 1 0 0 0 16 16 17 0 1 2 0 0 0 16 17 16 0 0 2 0 2 0 17 18 16 0 1 0 0 0 0 1 0 1 33 34 32 0 0 2 1 2 1 32 34 32 0 0 1 0 0 0 32 34 33 
1
0 0 0 0 1 0 0 0 2 
0 0 0 0 0 0 0 0 0 0 0 0 0 0 1 0 0 0 2 0 2 0 0 2 2 2 1 0 0 0 0 0 1 0 1 2 0 0 0 0 1 0 0 0 2 0 2 0 1 2 0 0 1 0 0 0 0 1 0 1 1 2 0 0 0 2 1 2 1 0 2 0 0 0 1 0 0 0 0 2 1 
0 0 0 0 0 0 0 0 0 0 0 0 0 0 1 0 0 0 2 0 2 0 0 2 2 2 1 0 0 0 16 16 17 0 1 2 0 0 0 16 17 16 0 0 2 0 2 0 17 18 16 0 1 0 0 0 0 1 0 1 33 34 32 0 0 2 1 2 1 32 34 32 0 0 1 0 0 0 32 34 33 
1
0 0 0 0 1 0 0 0 2 
0 0 0 0 0 0 0 0 0 0 0 0 0 0 1 0 0 0 2 0 2 0 0 2 2 2 1 0 0 0 0 0 1 0 1 2 0 0 0 0 1 0 0 0 2 0 2 0 1 2 0 0 1 0 0 0 0 1 0 1 1 2 0 0 0 2 1 2 1 0 2 0 0 1 1 0 0 0 0 2 1 
0 0 0 0 0 0 0 0 0 0 0 0 0 0 1 0 0 0 2 0 2 0 0 2 2 2 1 0 0 0 16 16 17 0 1 2 0 0 0 16 17 16 0 0 2 0 2 0 17 18 16 0 1 0 0 0 0 1 0 1 33 34 32 0 0 2 1 2 1 32 34 32 0 1 1 0 0 0 32 34 33 
1
0 0 0 0 1 0 0 0 2 
0 0 0 0 0 0 0 0 0 0 0 0 0 0 1 0 0 0 2 0 2 0 0 2 2 2 1 0 0 0 0 0 1 0 1 2 0 0 0 0 1 0 0 0 2 0 2 0 1 2 0 0 1 0 0 0 0 1 2 1 1 2 0 0 0 2 1 2 1 0 2 0 0 1 1 0 0 0 0 2 1 
0 0 0 0 0 0 0 0 0 0 0 0 0 0 1 0 0 0 2 0 2 0 0 2 2 2 1 0 0 0 16 16 17 0 1 2 0 0 0 16 17 16 0 0 2 0 2 0 17 18 16 0 1 0 0 0 0 1 2 1 33 34 32 0 0 2 1 2 1 32 34 32 0 1 1 0 0 0 32 34 33 
1
0 0 0 0 1 0 0 0 2 
0 0 0 0 0 0 0 0 0 0 0 0 1 0 1 0 0 0 2 0 2 0 0 2 2 2 1 0 0 0 0 0 1 0 1 2 0 0 0 0 1 0 0 0 2 0 2 0 1 2 0 0 1 0 0 0 0 1 2 1 1 2 0 0 0 2 1 2 1 0 2 0 0 1 1 0 0 0 0 2 1 
0 0 0 0 0 0 0 0 0 0 0 0 1 0 1 0 0 0 2 0 2 0 0 2 2 2 1 0 0 0 16 16 17 0 1 2 0 0 0 16 17 16 0 0 2 0 2 0 17 18 16 0 1 0 0 0 0 1 2 1 33 34 32 0 0 2 1 2 1 32 34 32 0 1 1 0 0 0 32 34 33 
1
0 0 0 0 1 0 0 0 2 
0 0 0 0 0 0 0 0 0 0 0 0 1 0 1 0 0 0 2 0 2 0 0 2 2 2 1 0 0 0 0 0 1 0 1 2 0 0 0 0 1 0 0 0 2 2 2 0 1 2 0 0 1 0 0 0 0 1 2 1 1 2 0 0 0 2 1 2 1 0 2 0 0 1 1 0 0 0 0 2 1 
0 0 0 0 0 0 0 0 0 0 0 0 1 0 1 0 0 0 2 0 2 0 0 2 2 2 1 0 0 0 16 16 17 0 1 2 0 0 0 16 17 16 0 0 2 2 2 0 17 18 16 0 1 0 0 0 0 1 2 1 33 34 32 0 0 2 1 2 1 32 34 32 0 1 1 0 0 0 32 34 33 
1
0 0 0 0 1 0 1 0 2 
0 0 0 0 0 0 0 0 0 0 0 0 1 0 1 0 0 0 2 0 2 0 0 2 2 2 1 0 0 0 0 0 1 0 1 2 0 0 0 0 1 0 0 0 2 2 2 0 1 2 0 0 1 0 0 0 0 1 2 1 1 2 0 0 0 2 1 2 1 0 2 0 1 1 1 0 0 0 0 2 1 
0 0 0 0 0 0 0 0 0 0 0 0 1 0 1 0 0 0 2 0 2 0 0 2 2 2 1 0 0 0 16 16 17 0 1 2 0 0 0 16 17 16 0 0 2 2 2 0 17 18 16 0 1 0 16 16 16 1 2 1 33 34 32 16 16 18 1 2 1 32 34 32 17 17 17 0 0 0 32 34 33 
1
0 0 0 0 1 0 1 0 2 
0 0 0 0 0 0 0 0 0 0 0 0 1 0 1 0 0 0 2 0 2 0 0 2 2 2 1 0 0 0 0 0 1 0 1 2 0 0 2 0 1 0 0 0 2 2 2 0 1 2 0 0 1 0 0 0 0 1 2 1 1 2 0 0 0 2 1 2 1 0 2 0 1 1 1 0 0 0 0 2 1 
0 0 0 0 0 0 0 0 0 0 0 0 1 0 1 0 0 0 2 0 2 0 0 2 2 2 1 0 0 0 16 16 17 0 1 2 0 0 2 16 17 16 0 0 2 2 2 0 17 18 16 0 1 0 16 16 16 1 2 1 33 34 32 16 16 18 1 2 1 32 34 32 17 17 17 0 0 0 32 34 33 
1
0 0 0 0 1 1 1 0 2 
0 0 0 0 0 0 0 0 0 0 0 0 1 0 1 0 0 0 2 0 2 0 0 2 2 2 1 0 0 0 0 0 1 0 1 2 0 0 2 0 1 0 0 1 2 2 2 0 1 2 0 0 1 0 0 0 0 1 2 1 1 2 0 0 0 2 1 2 1 0 2 0 1 1 1 0 0 0 0 2 1 
0 0 0 0 0 0 0 0 0 0 0 0 1 0 1 0 0 0 2 0 2 0 0 2 2 2 1 0 0 0 16 16 17 16 17 18 0 0 2 16 17 16 16 17 18 2 2 0 17 18 16 16 17 16 16 16 16 1 2 1 33 34 32 16 16 18 1 2 1 32 34 32 17 17 17 0 0 0 32 34 33 
1
0 0 0 0 1 1 1 2 2 
0 0 0 0 0 0 0 0 0 0 0 0 1 0 1 0 0 0 2 0 2 0 0 2 2 2 1 0 0 0 0 0 1 0 1 2 0 0 2 0 1 0 0 1 2 2 2 0 1 2 0 0 1 0 0 0 0 1 2 1 1 2 0 0 0 2 1 2 1 0 2 0 1 1 1 0 2 0 0 2 1 
0 0 0 0 0 0 0 0 0 0 0 0 1 0 1 0 0 0 2 0 2 0 0 2 2 2 1 0 0 0 16 16 17 16 17 18 0 0 2 16 17 16 16 17 18 2 2 0 17 18 16 16 17 16 16 16 16 33 34 33 33 34 32 16 16 18 33 34 33 32 34 32 17 17 17 32 34 32 32 34 33 
1
0 0 0 0 1 1 1 2 2 
0 0 0 0 0 0 0 0 1 0 0 0 1 0 1 0 0 0 2 0 2 0 0 2 2 2 1 0 0 0 0 0 1 0 1 2 0 0 2 0 1 0 0 1 2 2 2 0 1 2 0 0 1 0 0 0 0 1 2 1 1 2 0 0 0 2 1 2 1 0 2 0 1 1 1 0 2 0 0 2 1 
0 0 0 0 0 0 0 0 1 0 0 0 1 0 1 0 0 0 2 0 2 0 0 2 2 2 1 0 0 0 16 16 17 16 17 18 0 0 2 16 17 16 16 17 18 2 2 0 17 18 16 16 17 16 16 16 16 33 34 33 33 34 32 16 16 18 33 34 33 32 34 32 17 17 17 32 34 32 32 34 33 
1
0 0 0 0 1 1 1 2 2 
0 0 0 0 0 0 0 0 1 0 0 0 1 0 1 2 0 0 2 0 2 0 0 2 2 2 1 0 0 0 0 0 1 0 1 2 0 0 2 0 1 0 0 1 2 2 2 0 1 2 0 0 1 0 0 0 0 1 2 1 1 2 0 0 0 2 1 2 1 0 2 0 1 1 1 0 2 0 0 2 1 
0 0 0 0 0 0 0 0 1 0 0 0 1 0 1 2 0 0 2 0 2 0 0 2 2 2 1 0 0 0 16 16 17 16 17 18 0 0 2 16 17 16 16 17 18 2 2 0 17 18 16 16 17 16 16 16 16 33 34 33 33 34 32 16 16 18 33 34 33 32 34 32 17 17 17 32 34 32 32 34 33 
1
0 0 0 0 1 1 1 2 2 
0 0 0 0 0 0 0 0 1 0 0 0 1 0 1 2 0 0 2 0 2 0 0 2 2 2 1 0 0 0 0 0 1 0 1 2 1 0 2 0 1 0 0 1 2 2 2 0 1 2 0 0 1 0 0 0 0 1 2 1 1 2 0 0 0 2 1 2 1 0 2 0 1 1 1 0 2 0 0 2 1 
0 0 0 0 0 0 0 0 1 0 0 0 1 0 1 2 0 0 2 0 2 0 0 2 2 2 1 0 0 0 16 16 17 16 17 18 1 0 2 16 17 16 16 17 18 2 2 0 17 18 16 16 17 16 16 16 16 33 34 33 33 34 32 16 16 18 33 34 33 32 34 32 17 17 17 32 34 32 32 34 33 
1
0 0 0 0 1 1 1 2 2 
0 0 0 0 0 0 0 0 1 0 0 0 1 0 1 2 0 0 2 0 2 0 0 2 2 2 1 0 0 0 0 0 1 0 1 2 1 2 2 0 1 0 0 1 2 2 2 0 1 2 0 0 1 0 0 0 0 1 2 1 1 2 0 0 0 2 1 2 1 0 2 0 1 1 1 0 2 0 0 2 1 
0 0 0 0 0 0 0 0 1 0 0 0 1 0 1 2 0 0 2 0 2 0 0 2 2 2 1 0 0 0 16 16 17 16 17 18 1 2 2 16 17 16 16 17 18 2 2 0 17 18 16 16 17 16 16 16 16 33 34 33 33 34 32 16 16 18 33 34 33 32 34 32 17 17 17 32 34 32 32 34 33 
1
0 0 1 0 1 1 1 2 2 
0 0 0 0 0 0 0 0 1 0 0 0 1 0 1 2 0 1 2 0 2 0 0 2 2 2 1 0 0 0 0 0 1 0 1 2 1 2 2 0 1 0 0 1 2 2 2 0 1 2 0 0 1 0 0 0 0 1 2 1 1 2 0 0 0 2 1 2 1 0 2 0 1 1 1 0 2 0 0 2 1 
0 0 0 0 0 0 16 16 17 0 0 0 1 0 1 18 16 17 2 0 2 0 0 2 18 18 17 0 0 0 16 16 17 16 17 18 1 2 2 16 17 16 16 17 18 2 2 0 17 18 16 16 17 16 16 16 16 33 34 33 33 34 32 16 16 18 33 34 33 32 34 32 17 17 17 32 34 32 32 34 33 
1
0 0 1 0 1 1 1 2 2 
0 0 0 0 0 0 0 0 1 0 0 0 1 0 1 2 0 1 2 0 2 0 0 2 2 2 1 0 0 0 0 0 1 0 1 2 1 2 2 0 1 0 0 1 2 2 2 0 1 2 0 0 1 0 0 0 0 1 2 1 1 2 0 0 0 2 1 2 1 0 2 0 1 1 1 0 2 0 0 2 1 
0 0 0 0 0 0 16 16 17 0 0 0 1 0 1 18 16 17 2 0 2 0 0 2 18 18 17 0 0 0 16 16 17 16 17 18 1 2 2 16 17 16 16 17 18 2 2 0 17 18 16 16 17 16 16 16 16 33 34 33 33 34 32 16 16 18 33 34 33 32 34 32 17 17 17 32 34 32 32 34 33 
1
