0 0 0 0 0 0 0 0 0 
0 0 0 0 0 0 0 0 0 0 0 0 0 0 0 0 0 0 0 0 0 0 0 0 0 0 0 0 0 0 0 0 0 0 0 0 0 0 0 0 0 0 0 0 0 0 0 0 0 0 0 0 0 0 0 0 0 0 0 1 0 0 0 0 0 0 0 0 0 0 0 0 0 0 0 0 0 0 0 0 0 
0 0 0 0 0 0 0 0 0 0 0 0 0 0 0 0 0 0 0 0 0 0 0 0 0 0 0 0 0 0 0 0 0 0 0 0 0 0 0 0 0 0 0 0 0 0 0 0 0 0 0 0 0 0 0 0 0 0 0 1 0 0 0 0 0 0 0 0 0 0 0 0 0 0 0 0 0 0 0 0 0 
1
0 0 0 0 0 0 0 0 0 
0 0 0 0 0 0 2 0 0 0 0 0 0 0 0 0 0 0 0 0 0 0 0 0 0 0 0 0 0 0 0 0 0 0 0 0 0 0 0 0 0 0 0 0 0 0 0 0 0 0 0 0 0 0 0 0 0 0 0 1 0 0 0 0 0 0 0 0 0 0 0 0 0 0 0 0 0 0 0 0 0 
0 0 0 0 0 0 2 0 0 0 0 0 0 0 0 0 0 0 0 0 0 0 0 0 0 0 0 0 0 0 0 0 0 0 0 0 0 0 0 0 0 0 0 0 0 0 0 0 0 0 0 0 0 0 0 0 0 0 0 1 0 0 0 0 0 0 0 0 0 0 0 0 0 0 0 0 0 0 0 0 0 
1
0 0 0 0 0 0 0 0 0 
0 0 0 0 0 0 2 0 0 0 0 0 0 0 0 0 0 0 1 0 0 0 0 0 0 0 0 0 0 0 0 0 0 0 0 0 0 0 0 0 0 0 0 0 0 0 0 0 0 0 0 0 0 0 0 0 0 0 0 1 0 0 0 0 0 0 0 0 0 0 0 0 0 0 0 0 0 0 0 0 0 
0 0 0 0 0 0 2 0 0 0 0 0 0 0 0 0 0 0 1 0 0 0 0 0 0 0 0 0 0 0 0 0 0 0 0 0 0 0 0 0 0 0 0 0 0 0 0 0 0 0 0 0 0 0 0 0 0 0 0 1 0 0 0 0 0 0 0 0 0 0 0 0 0 0 0 0 0 0 0 0 0 
1
0 0 0 0 0 0 0 0 0 
0 0 0 0 0 0 2 0 0 0 0 0 0 0 0 0 0 0 1 0 0 0 0 0 0 0 0 0 0 0 0 0 0 0 0 0 0 0 0 0 0 0 0 0 0 0 0 0 0 0 0 0 0 0 0 0 0 0 0 1 0 0 0 0 0 0 0 0 0 0 0 0 2 0 0 0 0 0 0 0 0 
0 0 0 0 0 0 2 0 0 0 0 0 0 0 0 0 0 0 1 0 0 0 0 0 0 0 0 0 0 0 0 0 0 0 0 0 0 0 0 0 0 0 0 0 0 0 0 0 0 0 0 0 0 0 0 0 0 0 0 1 0 0 0 0 0 0 0 0 0 0 0 0 2 0 0 0 0 0 0 0 0 
1
0 0 0 0 0 0 0 0 0 
0 0 0 0 0 0 2 0 0 0 0 0 0 0 0 0 0 0 1 0 0 0 0 0 0 0 0 0 0 0 0 0 0 0 0 0 0 0 0 0 0 0 0 0 0 0 0 0 0 0 0 0 0 0 1 0 0 0 0 1 0 0 0 0 0 0 0 0 0 0 0 0 2 0 0 0 0 0 0 0 0 
0 0 0 0 0 0 2 0 0 0 0 0 0 0 0 0 0 0 1 0 0 0 0 0 0 0 0 0 0 0 0 0 0 0 0 0 0 0 0 0 0 0 0 0 0 0 0 0 0 0 0 0 0 0 1 0 0 0 0 1 0 0 0 0 0 0 0 0 0 0 0 0 2 0 0 0 0 0 0 0 0 
1
0 0 0 0 0 0 0 0 0 
0 0 0 0 0 0 2 0 0 0 2 0 0 0 0 0 0 0 1 0 0 0 0 0 0 0 0 0 0 0 0 0 0 0 0 0 0 0 0 0 0 0 0 0 0 0 0 0 0 0 0 0 0 0 1 0 0 0 0 1 0 0 0 0 0 0 0 0 0 0 0 0 2 0 0 0 0 0 0 0 0 
0 0 0 0 0 0 2 0 0 0 2 0 0 0 0 0 0 0 1 0 0 0 0 0 0 0 0 0 0 0 0 0 0 0 0 0 0 0 0 0 0 0 0 0 0 0 0 0 0 0 0 0 0 0 1 0 0 0 0 1 0 0 0 0 0 0 0 0 0 0 0 0 2 0 0 0 0 0 0 0 0 
1
0 0 0 0 0 0 0 0 0 
0 0 0 0 0 0 2 0 0 0 2 0 0 0 0 0 0 0 1 0 0 0 0 0 0 0 0 0 0 0 0 0 0 0 0 0 0 0 0 0 1 0 0 0 0 0 0 0 0 0 0 0 0 0 1 0 0 0 0 1 0 0 0 0 0 0 0 0 0 0 0 0 2 0 0 0 0 0 0 0 0 
0 0 0 0 0 0 2 0 0 0 2 0 0 0 0 0 0 0 1 0 0 0 0 0 0 0 0 0 0 0 0 0 0 0 0 0 0 0 0 0 1 0 0 0 0 0 0 0 0 0 0 0 0 0 1 0 0 0 0 1 0 0 0 0 0 0 0 0 0 0 0 0 2 0 0 0 0 0 0 0 0 
1
0 0 0 0 0 0 0 0 0 
0 0 0 0 0 0 2 0 0 0 2 0 0 0 0 0 0 0 1 0 0 0 0 0 0 0 0 0 0 0 0 0 0 0 0 0 0 0 0 0 1 0 0 0 0 0 0 0 2 0 0 0 0 0 1 0 0 0 0 1 0 0 0 0 0 0 0 0 0 0 0 0 2 0 0 0 0 0 0 0 0 
0 0 0 0 0 0 2 0 0 0 2 0 0 0 0 0 0 0 1 0 0 0 0 0 0 0 0 0 0 0 0 0 0 0 0 0 0 0 0 0 1 0 0 0 0 0 0 0 2 0 0 0 0 0 1 0 0 0 0 1 0 0 0 0 0 0 0 0 0 0 0 0 2 0 0 0 0 0 0 0 0 
1
0 0 0 0 0 0 0 0 0 
0 0 0 0 0 0 2 0 0 0 2 0 0 0 0 0 0 0 1 0 0 0 0 0 0 0 0 0 0 0 0 0 0 0 0 0 0 0 0 0 1 0 0 0 0 0 0 0 2 0 0 0 0 0 1 0 1 0 0 1 0 0 0 0 0 0 0 0 0 0 0 0 2 0 0 0 0 0 0 0 0 
0 0 0 0 0 0 2 0 0 0 2 0 0 0 0 0 0 0 1 0 0 0 0 0 0 0 0 0 0 0 0 0 0 0 0 0 0 0 0 0 1 0 0 0 0 0 0 0 2 0 0 0 0 0 1 0 1 0 0 1 0 0 0 0 0 0 0 0 0 0 0 0 2 0 0 0 0 0 0 0 0 
1
0 0 0 0 0 0 0 0 0 
0 0 0 0 0 0 2 0 0 0 2 0 0 0 0 0 0 0 1 0 0 0 0 0 2 0 0 0 0 0 0 0 0 0 0 0 0 0 0 0 1 0 0 0 0 0 0 0 2 0 0 0 0 0 1 0 1 0 0 1 0 0 0 0 0 0 0 0 0 0 0 0 2 0 0 0 0 0 0 0 0 
0 0 0 0 0 0 2 0 0 0 2 0 0 0 0 0 0 0 1 0 0 0 0 0 2 0 0 0 0 0 0 0 0 0 0 0 0 0 0 0 1 0 0 0 0 0 0 0 2 0 0 0 0 0 1 0 1 0 0 1 0 0 0 0 0 0 0 0 0 0 0 0 2 0 0 0 0 0 0 0 0 
1
0 0 0 0 0 0 1 0 0 
0 0 0 0 0 0 2 0 0 0 2 0 0 0 0 0 0 0 1 0 0 0 0 0 2 0 0 0 0 0 0 0 0 0 0 0 0 0 0 0 1 0 0 0 0 0 0 0 2 0 0 0 0 0 1 1 1 0 0 1 0 0 0 0 0 0 0 0 0 0 0 0 2 0 0 0 0 0 0 0 0 
0 0 0 0 0 0 2 0 0 0 2 0 0 0 0 0 0 0 1 0 0 0 0 0 2 0 0 0 0 0 0 0 0 0 0 0 0 0 0 0 1 0 0 0 0 0 0 0 2 0 0 0 0 0 17 17 17 0 0 1 0 0 0 16 16 16 0 0 0 0 0 0 18 16 16 0 0 0 0 0 0 
1
0 0 0 0 0 0 1 0 0 
0 0 0 0 0 0 2 0 0 0 2 0 0 0 0 0 0 0 1 0 0 0 2 0 2 0 0 0 0 0 0 0 0 0 0 0 0 0 0 0 1 0 0 0 0 0 0 0 2 0 0 0 0 0 1 1 1 0 0 1 0 0 0 0 0 0 0 0 0 0 0 0 2 0 0 0 0 0 0 0 0 
0 0 0 0 0 0 2 0 0 0 2 0 0 0 0 0 0 0 1 0 0 0 2 0 2 0 0 0 0 0 0 0 0 0 0 0 0 0 0 0 1 0 0 0 0 0 0 0 2 0 0 0 0 0 17 17 17 0 0 1 0 0 0 16 16 16 0 0 0 0 0 0 18 16 16 0 0 0 0 0 0 
1
0 0 0 0 0 0 1 0 0 
0 0 0 0 0 0 2 0 0 0 2 0 0 0 0 0 0 0 1 0 0 0 2 0 2 0 0 0 0 0 0 0 0 0 0 0 0 0 0 0 1 0 0 0 0 0 0 0 2 0 0 0 0 0 1 1 1 1 0 1 0 0 0 0 0 0 0 0 0 0 0 0 2 0 0 0 0 0 0 0 0 
0 0 0 0 0 0 2 0 0 0 2 0 0 0 0 0 0 0 1 0 0 0 2 0 2 0 0 0 0 0 0 0 0 0 0 0 0 0 0 0 1 0 0 0 0 0 0 0 2 0 0 0 0 0 17 17 17 1 0 1 0 0 0 16 16 16 0 0 0 0 0 0 18 16 16 0 0 0 0 0 0 
1
0 0 0 0 0 0 1 0 0 
0 0 0 0 0 0 2 0 0 2 2 0 0 0 0 0 0 0 1 0 0 0 2 0 2 0 0 0 0 0 0 0 0 0 0 0 0 0 0 0 1 0 0 0 0 0 0 0 2 0 0 0 0 0 1 1 1 1 0 1 0 0 0 0 0 0 0 0 0 0 0 0 2 0 0 0 0 0 0 0 0 
0 0 0 0 0 0 2 0 0 2 2 0 0 0 0 0 0 0 1 0 0 0 2 0 2 0 0 0 0 0 0 0 0 0 0 0 0 0 0 0 1 0 0 0 0 0 0 0 2 0 0 0 0 0 17 17 17 1 0 1 0 0 0 16 16 16 0 0 0 0 0 0 18 16 16 0 0 0 0 0 0 
1
0 0 0 0 0 0 1 0 0 
0 0 0 0 0 0 2 0 0 2 2 0 0 0 0 0 0 0 1 0 0 0 2 0 2 0 0 0 0 0 0 0 0 0 0 0 0 0 0 0 1 0 0 0 0 1 0 0 2 0 0 0 0 0 1 1 1 1 0 1 0 0 0 0 0 0 0 0 0 0 0 0 2 0 0 0 0 0 0 0 0 
0 0 0 0 0 0 2 0 0 2 2 0 0 0 0 0 0 0 1 0 0 0 2 0 2 0 0 0 0 0 0 0 0 0 0 0 0 0 0 0 1 0 0 0 0 1 0 0 2 0 0 0 0 0 17 17 17 1 0 1 0 0 0 16 16 16 0 0 0 0 0 0 18 16 16 0 0 0 0 0 0 
1
0 0 0 0 0 0 1 0 0 
0 0 0 0 0 0 2 0 0 2 2 0 0 0 0 0 0 0 1 0 0 0 2 0 2 0 0 2 0 0 0 0 0 0 0 0 0 0 0 0 1 0 0 0 0 1 0 0 2 0 0 0 0 0 1 1 1 1 0 1 0 0 0 0 0 0 0 0 0 0 0 0 2 0 0 0 0 0 0 0 0 
0 0 0 0 0 0 2 0 0 2 2 0 0 0 0 0 0 0 1 0 0 0 2 0 2 0 0 2 0 0 0 0 0 0 0 0 0 0 0 0 1 0 0 0 0 1 0 0 2 0 0 0 0 0 17 17 17 1 0 1 0 0 0 16 16 16 0 0 0 0 0 0 18 16 16 0 0 0 0 0 0 
1
0 0 0 0 0 0 1 0 0 
0 0 0 0 0 0 2 0 0 2 2 1 0 0 0 0 0 0 1 0 0 0 2 0 2 0 0 2 0 0 0 0 0 0 0 0 0 0 0 0 1 0 0 0 0 1 0 0 2 0 0 0 0 0 1 1 1 1 0 1 0 0 0 0 0 0 0 0 0 0 0 0 2 0 0 0 0 0 0 0 0 
0 0 0 0 0 0 2 0 0 2 2 1 0 0 0 0 0 0 1 0 0 0 2 0 2 0 0 2 0 0 0 0 0 0 0 0 0 0 0 0 1 0 0 0 0 1 0 0 2 0 0 0 0 0 17 17 17 1 0 1 0 0 0 16 16 16 0 0 0 0 0 0 18 16 16 0 0 0 0 0 0 
1
0 0 0 0 0 0 1 0 0 
0 0 0 0 0 0 2 0 0 2 2 1 0 0 0 0 0 0 1 0 0 0 2 0 2 0 0 2 0 0 0 0 0 0 0 0 0 0 0 0 1 0 0 0 0 1 0 0 2 0 0 2 0 0 1 1 1 1 0 1 0 0 0 0 0 0 0 0 0 0 0 0 2 0 0 0 0 0 0 0 0 
0 0 0 0 0 0 2 0 0 2 2 1 0 0 0 0 0 0 1 0 0 0 2 0 2 0 0 2 0 0 0 0 0 0 0 0 0 0 0 0 1 0 0 0 0 1 0 0 2 0 0 2 0 0 17 17 17 1 0 1 0 0 0 16 16 16 0 0 0 0 0 0 18 16 16 0 0 0 0 0 0 
1
0 0 0 0 0 0 1 1 0 
0 0 0 0 0 0 2 0 0 2 2 1 0 0 0 0 0 0 1 0 0 0 2 0 2 0 0 2 0 0 0 0 0 0 0 0 0 0 0 0 1 0 0 0 0 1 0 0 2 0 0 2 0 0 1 1 1 1 1 1 0 0 0 0 0 0 0 0 0 0 0 0 2 0 0 0 0 0 0 0 0 
0 0 0 0 0 0 2 0 0 2 2 1 0 0 0 0 0 0 1 0 0 0 2 0 2 0 0 2 0 0 0 0 0 0 0 0 0 0 0 0 1 0 0 0 0 1 0 0 2 0 0 2 0 0 17 17 17 17 17 17 0 0 0 16 16 16 16 16 16 0 0 0 18 16 16 16 16 16 0 0 0 
1
0 0 0 0 0 0 1 1 0 
0 0 0 2 0 0 2 0 0 2 2 1 0 0 0 0 0 0 1 0 0 0 2 0 2 0 0 2 0 0 0 0 0 0 0 0 0 0 0 0 1 0 0 0 0 1 0 0 2 0 0 2 0 0 1 1 1 1 1 1 0 0 0 0 0 0 0 0 0 0 0 0 2 0 0 0 0 0 0 0 0 
0 0 0 2 0 0 2 0 0 2 2 1 0 0 0 0 0 0 1 0 0 0 2 0 2 0 0 2 0 0 0 0 0 0 0 0 0 0 0 0 1 0 0 0 0 1 0 0 2 0 0 2 0 0 17 17 17 17 17 17 0 0 0 16 16 16 16 16 16 0 0 0 18 16 16 16 16 16 0 0 0 
1
0 0 0 0 0 0 1 1 0 
0 0 0 2 0 0 2 0 0 2 2 1 0 0 0 0 0 0 1 0 1 0 2 0 2 0 0 2 0 0 0 0 0 0 0 0 0 0 0 0 1 0 0 0 0 1 0 0 2 0 0 2 0 0 1 1 1 1 1 1 0 0 0 0 0 0 0 0 0 0 0 0 2 0 0 0 0 0 0 0 0 
0 0 0 2 0 0 2 0 0 2 2 1 0 0 0 0 0 0 1 0 1 0 2 0 2 0 0 2 0 0 0 0 0 0 0 0 0 0 0 0 1 0 0 0 0 1 0 0 2 0 0 2 0 0 17 17 17 17 17 17 0 0 0 16 16 16 16 16 16 0 0 0 18 16 16 16 16 16 0 0 0 
1
0 0 0 0 0 0 1 1 0 
0 0 0 2 0 0 2 0 0 2 2 1 0 0 0 0 0 0 1 0 1 0 2 0 2 0 0 2 0 0 0 0 0 0 0 0 0 0 0 0 1 0 0 0 0 1 0 0 2 0 0 2 0 0 1 1 1 1 1 1 0 0 0 0 0 0 0 0 0 0 0 0 2 0 0 0 0 0 2 0 0 
0 0 0 2 0 0 2 0 0 2 2 1 0 0 0 0 0 0 1 0 1 0 2 0 2 0 0 2 0 0 0 0 0 0 0 0 0 0 0 0 1 0 0 0 0 1 0 0 2 0 0 2 0 0 17 17 17 17 17 17 0 0 0 16 16 16 16 16 16 0 0 0 18 16 16 16 16 16 2 0 0 
1
1 0 0 0 0 0 1 1 0 
0 0 0 2 0 0 2 0 0 2 2 1 0 0 0 0 0 0 1 1 1 0 2 0 2 0 0 2 0 0 0 0 0 0 0 0 0 0 0 0 1 0 0 0 0 1 0 0 2 0 0 2 0 0 1 1 1 1 1 1 0 0 0 0 0 0 0 0 0 0 0 0 2 0 0 0 0 0 2 0 0 
16 16 16 2 0 0 2 0 0 18 18 17 0 0 0 0 0 0 17 17 17 0 2 0 2 0 0 2 0 0 0 0 0 0 0 0 0 0 0 0 1 0 0 0 0 1 0 0 2 0 0 2 0 0 17 17 17 17 17 17 0 0 0 16 16 16 16 16 16 0 0 0 18 16 16 16 16 16 2 0 0 
1
1 0 0 0 0 0 1 1 0 
0 0 0 2 0 0 2 0 0 2 2 1 0 0 0 0 0 0 1 1 1 0 2 2 2 0 0 2 0 0 0 0 0 0 0 0 0 0 0 0 1 0 0 0 0 1 0 0 2 0 0 2 0 0 1 1 1 1 1 1 0 0 0 0 0 0 0 0 0 0 0 0 2 0 0 0 0 0 2 0 0 
16 16 16 2 0 0 2 0 0 18 18 17 0 0 0 0 0 0 17 17 17 0 2 2 2 0 0 2 0 0 0 0 0 0 0 0 0 0 0 0 1 0 0 0 0 1 0 0 2 0 0 2 0 0 17 17 17 17 17 17 0 0 0 16 16 16 16 16 16 0 0 0 18 16 16 16 16 16 2 0 0 
1
1 0 0 0 0 0 1 1 0 
0 0 0 2 0 0 2 0 0 2 2 1 0 0 0 0 0 0 1 1 1 0 2 2 2 0 0 2 0 0 0 0 0 0 0 0 0 0 0 0 1 0 0 0 0 1 0 0 2 0 0 2 0 0 1 1 1 1 1 1 1 0 0 0 0 0 0 0 0 0 0 0 2 0 0 0 0 0 2 0 0 
16 16 16 2 0 0 2 0 0 18 18 17 0 0 0 0 0 0 17 17 17 0 2 2 2 0 0 2 0 0 0 0 0 0 0 0 0 0 0 0 1 0 0 0 0 1 0 0 2 0 0 2 0 0 17 17 17 17 17 17 1 0 0 16 16 16 16 16 16 0 0 0 18 16 16 16 16 16 2 0 0 
1
1 0 0 0 0 0 1 1 0 
0 0 0 2 0 0 2 0 0 2 2 1 0 0 0 0 0 0 1 1 1 0 2 2 2 0 0 2 0 0 0 0 0 0 0 0 0 0 2 0 1 0 0 0 0 1 0 0 2 0 0 2 0 0 1 1 1 1 1 1 1 0 0 0 0 0 0 0 0 0 0 0 2 0 0 0 0 0 2 0 0 
16 16 16 2 0 0 2 0 0 18 18 17 0 0 0 0 0 0 17 17 17 0 2 2 2 0 0 2 0 0 0 0 0 0 0 0 0 0 2 0 1 0 0 0 0 1 0 0 2 0 0 2 0 0 17 17 17 17 17 17 1 0 0 16 16 16 16 16 16 0 0 0 18 16 16 16 16 16 2 0 0 
1
1 0 0 0 0 0 1 1 0 
0 0 0 2 0 0 2 0 0 2 2 1 0 0 0 0 0 0 1 1 1 0 2 2 2 0 0 2 0 0 0 0 0 0 0 0 0 0 2 0 1 0 0 1 0 1 0 0 2 0 0 2 0 0 1 1 1 1 1 1 1 0 0 0 0 0 0 0 0 0 0 0 2 0 0 0 0 0 2 0 0 
16 16 16 2 0 0 2 0 0 18 18 17 0 0 0 0 0 0 17 17 17 0 2 2 2 0 0 2 0 0 0 0 0 0 0 0 0 0 2 0 1 0 0 1 0 1 0 0 2 0 0 2 0 0 17 17 17 17 17 17 1 0 0 16 16 16 16 16 16 0 0 0 18 16 16 16 16 16 2 0 0 
1
1 0 0 0 0 0 1 1 0 
0 0 0 2 0 0 2 0 0 2 2 1 0 0 0 0 0 0 1 1 1 0 2 2 2 0 0 2 0 0 2 0 0 0 0 0 0 0 2 0 1 0 0 1 0 1 0 0 2 0 0 2 0 0 1 1 1 1 1 1 1 0 0 0 0 0 0 0 0 0 0 0 2 0 0 0 0 0 2 0 0 
16 16 16 2 0 0 2 0 0 18 18 17 0 0 0 0 0 0 17 17 17 0 2 2 2 0 0 2 0 0 2 0 0 0 0 0 0 0 2 0 1 0 0 1 0 1 0 0 2 0 0 2 0 0 17 17 17 17 17 17 1 0 0 16 16 16 16 16 16 0 0 0 18 16 16 16 16 16 2 0 0 
1
1 0 0 0 0 0 1 1 0 
0 0 0 2 0 0 2 0 0 2 2 1 0 0 0 0 0 0 1 1 1 1 2 2 2 0 0 2 0 0 2 0 0 0 0 0 0 0 2 0 1 0 0 1 0 1 0 0 2 0 0 2 0 0 1 1 1 1 1 1 1 0 0 0 0 0 0 0 0 0 0 0 2 0 0 0 0 0 2 0 0 
16 16 16 2 0 0 2 0 0 18 18 17 0 0 0 0 0 0 17 17 17 1 2 2 2 0 0 2 0 0 2 0 0 0 0 0 0 0 2 0 1 0 0 1 0 1 0 0 2 0 0 2 0 0 17 17 17 17 17 17 1 0 0 16 16 16 16 16 16 0 0 0 18 16 16 16 16 16 2 0 0 
1
1 0 0 0 0 0 1 1 0 
0 0 0 2 0 0 2 0 0 2 2 1 0 0 0 0 0 0 1 1 1 1 2 2 2 0 0 2 0 0 2 0 0 0 0 0 0 0 2 0 1 2 0 1 0 1 0 0 2 0 0 2 0 0 1 1 1 1 1 1 1 0 0 0 0 0 0 0 0 0 0 0 2 0 0 0 0 0 2 0 0 
16 16 16 2 0 0 2 0 0 18 18 17 0 0 0 0 0 0 17 17 17 1 2 2 2 0 0 2 0 0 2 0 0 0 0 0 0 0 2 0 1 2 0 1 0 1 0 0 2 0 0 2 0 0 17 17 17 17 17 17 1 0 0 16 16 16 16 16 16 0 0 0 18 16 16 16 16 16 2 0 0 
1
1 0 0 0 0 0 1 1 0 
0 0 0 2 0 0 2 0 0 2 2 1 0 0 0 0 0 0 1 1 1 1 2 2 2 0 0 2 0 0 2 0 0 0 0 0 0 0 2 0 1 2 1 1 0 1 0 0 2 0 0 2 0 0 1 1 1 1 1 1 1 0 0 0 0 0 0 0 0 0 0 0 2 0 0 0 0 0 2 0 0 
16 16 16 2 0 0 2 0 0 18 18 17 0 0 0 0 0 0 17 17 17 1 2 2 2 0 0 2 0 0 2 0 0 0 0 0 0 0 2 0 1 2 1 1 0 1 0 0 2 0 0 2 0 0 17 17 17 17 17 17 1 0 0 16 16 16 16 16 16 0 0 0 18 16 16 16 16 16 2 0 0 
1
1 0 0 0 0 0 1 1 0 
0 0 0 2 0 0 2 0 0 2 2 1 0 0 0 0 0 0 1 1 1 1 2 2 2 0 0 2 0 0 2 0 0 0 0 0 0 0 2 0 1 2 1 1 0 1 0 2 2 0 0 2 0 0 1 1 1 1 1 1 1 0 0 0 0 0 0 0 0 0 0 0 2 0 0 0 0 0 2 0 0 
16 16 16 2 0 0 2 0 0 18 18 17 0 0 0 0 0 0 17 17 17 1 2 2 2 0 0 2 0 0 2 0 0 0 0 0 0 0 2 0 1 2 1 1 0 1 0 2 2 0 0 2 0 0 17 17 17 17 17 17 1 0 0 16 16 16 16 16 16 0 0 0 18 16 16 16 16 16 2 0 0 
1
1 0 0 0 0 0 1 1 0 
0 0 0 2 0 0 2 0 0 2 2 1 0 0 0 0 0 0 1 1 1 1 2 2 2 0 0 2 0 0 2 0 0 0 0 0 0 0 2 0 1 2 1 1 0 1 0 2 2 0 0 2 0 0 1 1 1 1 1 1 1 1 0 0 0 0 0 0 0 0 0 0 2 0 0 0 0 0 2 0 0 
16 16 16 2 0 0 2 0 0 18 18 17 0 0 0 0 0 0 17 17 17 1 2 2 2 0 0 2 0 0 2 0 0 0 0 0 0 0 2 0 1 2 1 1 0 1 0 2 2 0 0 2 0 0 17 17 17 17 17 17 1 1 0 16 16 16 16 16 16 0 0 0 18 16 16 16 16 16 2 0 0 
1
1 0 0 0 0 0 1 1 0 
0 0 0 2 0 0 2 0 0 2 2 1 2 0 0 0 0 0 1 1 1 1 2 2 2 0 0 2 0 0 2 0 0 0 0 0 0 0 2 0 1 2 1 1 0 1 0 2 2 0 0 2 0 0 1 1 1 1 1 1 1 1 0 0 0 0 0 0 0 0 0 0 2 0 0 0 0 0 2 0 0 
16 16 16 2 0 0 2 0 0 18 18 17 2 0 0 0 0 0 17 17 17 1 2 2 2 0 0 2 0 0 2 0 0 0 0 0 0 0 2 0 1 2 1 1 0 1 0 2 2 0 0 2 0 0 17 17 17 17 17 17 1 1 0 16 16 16 16 16 16 0 0 0 18 16 16 16 16 16 2 0 0 
1
1 0 0 0 0 0 1 1 0 
0 0 0 2 0 0 2 0 0 2 2 1 2 0 0 0 0 0 1 1 1 1 2 2 2 0 0 2 0 1 2 0 0 0 0 0 0 0 2 0 1 2 1 1 0 1 0 2 2 0 0 2 0 0 1 1 1 1 1 1 1 1 0 0 0 0 0 0 0 0 0 0 2 0 0 0 0 0 2 0 0 
16 16 16 2 0 0 2 0 0 18 18 17 2 0 0 0 0 0 17 17 17 1 2 2 2 0 0 2 0 1 2 0 0 0 0 0 0 0 2 0 1 2 1 1 0 1 0 2 2 0 0 2 0 0 17 17 17 17 17 17 1 1 0 16 16 16 16 16 16 0 0 0 18 16 16 16 16 16 2 0 0 
1
1 0 0 0 0 0 1 1 0 
0 0 0 2 0 0 2 0 2 2 2 1 2 0 0 0 0 0 1 1 1 1 2 2 2 0 0 2 0 1 2 0 0 0 0 0 0 0 2 0 1 2 1 1 0 1 0 2 2 0 0 2 0 0 1 1 1 1 1 1 1 1 0 0 0 0 0 0 0 0 0 0 2 0 0 0 0 0 2 0 0 
16 16 16 2 0 0 2 0 2 18 18 17 2 0 0 0 0 0 17 17 17 1 2 2 2 0 0 2 0 1 2 0 0 0 0 0 0 0 2 0 1 2 1 1 0 1 0 2 2 0 0 2 0 0 17 17 17 17 17 17 1 1 0 16 16 16 16 16 16 0 0 0 18 16 16 16 16 16 2 0 0 
1
1 0 0 0 0 0 1 1 0 
0 0 0 2 0 0 2 1 2 2 2 1 2 0 0 0 0 0 1 1 1 1 2 2 2 0 0 2 0 1 2 0 0 0 0 0 0 0 2 0 1 2 1 1 0 1 0 2 2 0 0 2 0 0 1 1 1 1 1 1 1 1 0 0 0 0 0 0 0 0 0 0 2 0 0 0 0 0 2 0 0 
16 16 16 2 0 0 2 1 2 18 18 17 2 0 0 0 0 0 17 17 17 1 2 2 2 0 0 2 0 1 2 0 0 0 0 0 0 0 2 0 1 2 1 1 0 1 0 2 2 0 0 2 0 0 17 17 17 17 17 17 1 1 0 16 16 16 16 16 16 0 0 0 18 16 16 16 16 16 2 0 0 
1
1 0 0 0 0 0 1 1 0 
0 0 0 2 0 0 2 1 2 2 2 1 2 0 2 0 0 0 1 1 1 1 2 2 2 0 0 2 0 1 2 0 0 0 0 0 0 0 2 0 1 2 1 1 0 1 0 2 2 0 0 2 0 0 1 1 1 1 1 1 1 1 0 0 0 0 0 0 0 0 0 0 2 0 0 0 0 0 2 0 0 
16 16 16 2 0 0 2 1 2 18 18 17 2 0 2 0 0 0 17 17 17 1 2 2 2 0 0 2 0 1 2 0 0 0 0 0 0 0 2 0 1 2 1 1 0 1 0 2 2 0 0 2 0 0 17 17 17 17 17 17 1 1 0 16 16 16 16 16 16 0 0 0 18 16 16 16 16 16 2 0 0 
1
1 0 0 0 0 1 1 1 0 
0 0 0 2 0 0 2 1 2 2 2 1 2 0 2 0 0 0 1 1 1 1 2 2 2 0 0 2 0 1 2 0 0 0 0 0 0 0 2 0 1 2 1 1 1 1 0 2 2 0 0 2 0 0 1 1 1 1 1 1 1 1 0 0 0 0 0 0 0 0 0 0 2 0 0 0 0 0 2 0 0 
16 16 16 2 0 0 2 1 2 18 18 17 2 0 2 0 0 0 17 17 17 1 2 2 2 0 0 2 0 1 2 0 0 16 16 16 0 0 2 0 1 2 17 17 17 1 0 2 2 0 0 18 16 16 17 17 17 17 17 17 1 1 0 16 16 16 16 16 16 0 0 0 18 16 16 16 16 16 2 0 0 
1
1 0 0 0 0 1 1 1 0 
0 0 0 2 2 0 2 1 2 2 2 1 2 0 2 0 0 0 1 1 1 1 2 2 2 0 0 2 0 1 2 0 0 0 0 0 0 0 2 0 1 2 1 1 1 1 0 2 2 0 0 2 0 0 1 1 1 1 1 1 1 1 0 0 0 0 0 0 0 0 0 0 2 0 0 0 0 0 2 0 0 
16 16 16 2 2 0 2 1 2 18 18 17 2 0 2 0 0 0 17 17 17 1 2 2 2 0 0 2 0 1 2 0 0 16 16 16 0 0 2 0 1 2 17 17 17 1 0 2 2 0 0 18 16 16 17 17 17 17 17 17 1 1 0 16 16 16 16 16 16 0 0 0 18 16 16 16 16 16 2 0 0 
1
1 0 0 0 0 1 1 1 0 
0 0 0 2 2 1 2 1 2 2 2 1 2 0 2 0 0 0 1 1 1 1 2 2 2 0 0 2 0 1 2 0 0 0 0 0 0 0 2 0 1 2 1 1 1 1 0 2 2 0 0 2 0 0 1 1 1 1 1 1 1 1 0 0 0 0 0 0 0 0 0 0 2 0 0 0 0 0 2 0 0 
16 16 16 2 2 1 2 1 2 18 18 17 2 0 2 0 0 0 17 17 17 1 2 2 2 0 0 2 0 1 2 0 0 16 16 16 0 0 2 0 1 2 17 17 17 1 0 2 2 0 0 18 16 16 17 17 17 17 17 17 1 1 0 16 16 16 16 16 16 0 0 0 18 16 16 16 16 16 2 0 0 
1
1 0 2 0 0 1 1 1 0 
0 0 0 2 2 1 2 1 2 2 2 1 2 0 2 2 0 0 1 1 1 1 2 2 2 0 0 2 0 1 2 0 0 0 0 0 0 0 2 0 1 2 1 1 1 1 0 2 2 0 0 2 0 0 1 1 1 1 1 1 1 1 0 0 0 0 0 0 0 0 0 0 2 0 0 0 0 0 2 0 0 
16 16 16 2 2 1 34 33 34 18 18 17 2 0 2 34 32 32 17 17 17 1 2 2 34 32 32 2 0 1 2 0 0 16 16 16 0 0 2 0 1 2 17 17 17 1 0 2 2 0 0 18 16 16 17 17 17 17 17 17 1 1 0 16 16 16 16 16 16 0 0 0 18 16 16 16 16 16 2 0 0 
1
1 0 2 1 0 1 1 1 0 
0 0 0 2 2 1 2 1 2 2 2 1 2 0 2 2 0 0 1 1 1 1 2 2 2 0 0 2 0 1 2 0 0 0 0 0 0 1 2 0 1 2 1 1 1 1 0 2 2 0 0 2 0 0 1 1 1 1 1 1 1 1 0 0 0 0 0 0 0 0 0 0 2 0 0 0 0 0 2 0 0 
16 16 16 2 2 1 34 33 34 18 18 17 2 0 2 34 32 32 17 17 17 1 2 2 34 32 32 18 16 17 2 0 0 16 16 16 16 17 18 0 1 2 17 17 17 17 16 18 2 0 0 18 16 16 17 17 17 17 17 17 1 1 0 16 16 16 16 16 16 0 0 0 18 16 16 16 16 16 2 0 0 
1
1 0 2 1 0 1 1 1 0 
0 0 0 2 2 1 2 1 2 2 2 1 2 0 2 2 0 0 1 1 1 1 2 2 2 0 0 2 0 1 2 0 0 0 0 0 0 1 2 0 1 2 1 1 1 1 0 2 2 0 0 2 0 0 1 1 1 1 1 1 1 1 0 0 0 0 0 0 0 0 0 0 2 0 0 0 0 0 2 0 0 
16 16 16 2 2 1 34 33 34 18 18 17 2 0 2 34 32 32 17 17 17 1 2 2 34 32 32 18 16 17 2 0 0 16 16 16 16 17 18 0 1 2 17 17 17 17 16 18 2 0 0 18 16 16 17 17 17 17 17 17 1 1 0 16 16 16 16 16 16 0 0 0 18 16 16 16 16 16 2 0 0 
1
