0 0 0 0 0 0 0 0 0 
0 0 0 0 0 0 0 0 0 0 0 0 0 0 0 0 0 0 0 0 0 0 0 0 0 0 0 0 0 0 0 0 0 0 0 0 0 0 0 0 1 0 0 0 0 0 0 0 0 0 0 0 0 0 0 0 0 0 0 0 0 0 0 0 0 0 0 0 0 0 0 0 0 0 0 0 0 0 0 0 0 
0 0 0 0 0 0 0 0 0 0 0 0 0 0 0 0 0 0 0 0 0 0 0 0 0 0 0 0 0 0 0 0 0 0 0 0 0 0 0 0 1 0 0 0 0 0 0 0 0 0 0 0 0 0 0 0 0 0 0 0 0 0 0 0 0 0 0 0 0 0 0 0 0 0 0 0 0 0 0 0 0 
0
0 0 0 0 0 0 0 0 0 
0 0 0 0 0 0 0 0 0 0 0 0 0 0 0 0 0 0 0 0 0 0 0 0 0 0 0 0 0 0 0 0 0 0 0 0 0 0 0 0 1 0 0 0 0 0 0 0 0 2 0 0 0 0 0 0 0 0 0 0 0 0 0 0 0 0 0 0 0 0 0 0 0 0 0 0 0 0 0 0 0 
0 0 0 0 0 0 0 0 0 0 0 0 0 0 0 0 0 0 0 0 0 0 0 0 0 0 0 0 0 0 0 0 0 0 0 0 0 0 0 0 1 0 0 0 0 0 0 0 0 2 0 0 0 0 0 0 0 0 0 0 0 0 0 0 0 0 0 0 0 0 0 0 0 0 0 0 0 0 0 0 0 
0
0 0 0 0 0 0 0 0 0 
0 0 0 0 0 0 0 0 0 0 0 0 0 0 0 0 0 0 0 0 0 0 0 0 0 0 0 0 0 0 0 0 0 0 0 0 0 0 0 0 1 0 0 0 0 0 0 0 0 2 0 0 0 0 0 0 0 0 0 0 0 0 0 0 0 0 0 0 0 0 0 0 0 0 0 0 1 0 0 0 0 
0 0 0 0 0 0 0 0 0 0 0 0 0 0 0 0 0 0 0 0 0 0 0 0 0 0 0 0 0 0 0 0 0 0 0 0 0 0 0 0 1 0 0 0 0 0 0 0 0 2 0 0 0 0 0 0 0 0 0 0 0 0 0 0 0 0 0 0 0 0 0 0 0 0 0 0 1 0 0 0 0 
0
0 0 0 0 0 0 0 0 0 
0 0 0 0 0 0 0 0 0 0 0 0 0 0 0 0 0 0 0 0 0 0 0 0 0 0 0 0 0 0 0 0 0 0 0 0 0 0 0 0 1 0 0 0 0 0 0 0 0 2 0 0 0 0 0 0 0 0 0 0 0 0 0 0 0 0 2 0 0 0 0 0 0 0 0 0 1 0 0 0 0 
0 0 0 0 0 0 0 0 0 0 0 0 0 0 0 0 0 0 0 0 0 0 0 0 0 0 0 0 0 0 0 0 0 0 0 0 0 0 0 0 1 0 0 0 0 0 0 0 0 2 0 0 0 0 0 0 0 0 0 0 0 0 0 0 0 0 2 0 0 0 0 0 0 0 0 0 1 0 0 0 0 
0
0 0 0 0 0 0 0 0 0 
0 0 0 0 0 0 0 0 0 0 0 0 0 0 0 0 0 0 0 0 0 0 0 0 0 0 0 0 0 0 0 0 0 0 0 0 0 0 1 0 1 0 0 0 0 0 0 0 0 2 0 0 0 0 0 0 0 0 0 0 0 0 0 0 0 0 2 0 0 0 0 0 0 0 0 0 1 0 0 0 0 
0 0 0 0 0 0 0 0 0 0 0 0 0 0 0 0 0 0 0 0 0 0 0 0 0 0 0 0 0 0 0 0 0 0 0 0 0 0 1 0 1 0 0 0 0 0 0 0 0 2 0 0 0 0 0 0 0 0 0 0 0 0 0 0 0 0 2 0 0 0 0 0 0 0 0 0 1 0 0 0 0 
0
0 0 0 0 0 0 0 0 0 
0 0 0 0 0 0 0 0 0 0 0 0 0 0 0 0 0 0 0 0 0 0 0 0 0 0 0 0 0 0 0 0 0 0 2 0 0 0 1 0 1 0 0 0 0 0 0 0 0 2 0 0 0 0 0 0 0 0 0 0 0 0 0 0 0 0 2 0 0 0 0 0 0 0 0 0 1 0 0 0 0 
0 0 0 0 0 0 0 0 0 0 0 0 0 0 0 0 0 0 0 0 0 0 0 0 0 0 0 0 0 0 0 0 0 0 2 0 0 0 1 0 1 0 0 0 0 0 0 0 0 2 0 0 0 0 0 0 0 0 0 0 0 0 0 0 0 0 2 0 0 0 0 0 0 0 0 0 1 0 0 0 0 
0
0 0 0 0 0 0 0 0 0 
0 0 0 0 0 0 0 0 0 0 0 0 1 0 0 0 0 0 0 0 0 0 0 0 0 0 0 0 0 0 0 0 0 0 2 0 0 0 1 0 1 0 0 0 0 0 0 0 0 2 0 0 0 0 0 0 0 0 0 0 0 0 0 0 0 0 2 0 0 0 0 0 0 0 0 0 1 0 0 0 0 
0 0 0 0 0 0 0 0 0 0 0 0 1 0 0 0 0 0 0 0 0 0 0 0 0 0 0 0 0 0 0 0 0 0 2 0 0 0 1 0 1 0 0 0 0 0 0 0 0 2 0 0 0 0 0 0 0 0 0 0 0 0 0 0 0 0 2 0 0 0 0 0 0 0 0 0 1 0 0 0 0 
0
0 0 0 0 0 0 0 0 0 
0 0 0 0 0 0 0 0 0 0 0 0 1 0 0 0 0 0 0 0 0 0 0 0 0 0 0 0 2 0 0 0 0 0 2 0 0 0 1 0 1 0 0 0 0 0 0 0 0 2 0 0 0 0 0 0 0 0 0 0 0 0 0 0 0 0 2 0 0 0 0 0 0 0 0 0 1 0 0 0 0 
0 0 0 0 0 0 0 0 0 0 0 0 1 0 0 0 0 0 0 0 0 0 0 0 0 0 0 0 2 0 0 0 0 0 2 0 0 0 1 0 1 0 0 0 0 0 0 0 0 2 0 0 0 0 0 0 0 0 0 0 0 0 0 0 0 0 2 0 0 0 0 0 0 0 0 0 1 0 0 0 0 
0
0 0 0 0 0 0 0 0 0 
0 0 0 0 0 0 0 0 0 0 0 0 1 0 0 0 0 0 0 0 0 1 0 0 0 0 0 0 2 0 0 0 0 0 2 0 0 0 1 0 1 0 0 0 0 0 0 0 0 2 0 0 0 0 0 0 0 0 0 0 0 0 0 0 0 0 2 0 0 0 0 0 0 0 0 0 1 0 0 0 0 
0 0 0 0 0 0 0 0 0 0 0 0 1 0 0 0 0 0 0 0 0 1 0 0 0 0 0 0 2 0 0 0 0 0 2 0 0 0 1 0 1 0 0 0 0 0 0 0 0 2 0 0 0 0 0 0 0 0 0 0 0 0 0 0 0 0 2 0 0 0 0 0 0 0 0 0 1 0 0 0 0 
0
0 0 0 0 0 0 0 0 0 
0 0 0 0 0 0 0 0 0 0 0 0 1 0 0 0 0 0 0 0 0 1 0 0 0 0 0 0 2 0 0 0 0 0 2 0 0 0 1 0 1 0 0 0 0 0 0 0 0 2 0 0 0 0 0 0 2 0 0 0 0 0 0 0 0 0 2 0 0 0 0 0 0 0 0 0 1 0 0 0 0 
0 0 0 0 0 0 0 0 0 0 0 0 1 0 0 0 0 0 0 0 0 1 0 0 0 0 0 0 2 0 0 0 0 0 2 0 0 0 1 0 1 0 0 0 0 0 0 0 0 2 0 0 0 0 0 0 2 0 0 0 0 0 0 0 0 0 2 0 0 0 0 0 0 0 0 0 1 0 0 0 0 
0
0 0 0 0 0 0 0 0 0 
0 0 0 0 0 0 0 0 0 0 0 0 1 0 0 0 0 0 0 0 0 1 0 0 1 0 0 0 2 0 0 0 0 0 2 0 0 0 1 0 1 0 0 0 0 0 0 0 0 2 0 0 0 0 0 0 2 0 0 0 0 0 0 0 0 0 2 0 0 0 0 0 0 0 0 0 1 0 0 0 0 
0 0 0 0 0 0 0 0 0 0 0 0 1 0 0 0 0 0 0 0 0 1 0 0 1 0 0 0 2 0 0 0 0 0 2 0 0 0 1 0 1 0 0 0 0 0 0 0 0 2 0 0 0 0 0 0 2 0 0 0 0 0 0 0 0 0 2 0 0 0 0 0 0 0 0 0 1 0 0 0 0 
0
0 0 0 0 0 0 0 0 0 
0 0 0 0 0 0 0 0 0 0 0 0 1 0 0 0 0 0 0 0 0 1 0 0 1 0 0 0 2 0 0 0 0 0 2 0 0 0 1 0 1 0 0 0 0 0 0 0 0 2 0 0 0 0 2 0 2 0 0 0 0 0 0 0 0 0 2 0 0 0 0 0 0 0 0 0 1 0 0 0 0 
0 0 0 0 0 0 0 0 0 0 0 0 1 0 0 0 0 0 0 0 0 1 0 0 1 0 0 0 2 0 0 0 0 0 2 0 0 0 1 0 1 0 0 0 0 0 0 0 0 2 0 0 0 0 2 0 2 0 0 0 0 0 0 0 0 0 2 0 0 0 0 0 0 0 0 0 1 0 0 0 0 
0
0 0 0 0 0 0 0 0 0 
0 0 0 0 0 0 0 0 0 0 0 1 1 0 0 0 0 0 0 0 0 1 0 0 1 0 0 0 2 0 0 0 0 0 2 0 0 0 1 0 1 0 0 0 0 0 0 0 0 2 0 0 0 0 2 0 2 0 0 0 0 0 0 0 0 0 2 0 0 0 0 0 0 0 0 0 1 0 0 0 0 
0 0 0 0 0 0 0 0 0 0 0 1 1 0 0 0 0 0 0 0 0 1 0 0 1 0 0 0 2 0 0 0 0 0 2 0 0 0 1 0 1 0 0 0 0 0 0 0 0 2 0 0 0 0 2 0 2 0 0 0 0 0 0 0 0 0 2 0 0 0 0 0 0 0 0 0 1 0 0 0 0 
0
0 0 0 0 0 0 0 0 0 
0 0 0 0 0 0 0 0 0 0 0 1 1 0 0 0 0 0 0 0 0 1 0 0 1 0 0 0 2 0 0 0 0 0 2 0 0 0 1 0 1 0 2 0 0 0 0 0 0 2 0 0 0 0 2 0 2 0 0 0 0 0 0 0 0 0 2 0 0 0 0 0 0 0 0 0 1 0 0 0 0 
0 0 0 0 0 0 0 0 0 0 0 1 1 0 0 0 0 0 0 0 0 1 0 0 1 0 0 0 2 0 0 0 0 0 2 0 0 0 1 0 1 0 2 0 0 0 0 0 0 2 0 0 0 0 2 0 2 0 0 0 0 0 0 0 0 0 2 0 0 0 0 0 0 0 0 0 1 0 0 0 0 
0
0 0 0 0 0 0 0 0 0 
0 0 0 0 0 0 0 0 0 0 0 1 1 0 0 0 0 0 0 0 0 1 0 0 1 0 0 0 2 0 0 0 0 0 2 0 0 0 1 0 1 0 2 0 0 0 0 1 0 2 0 0 0 0 2 0 2 0 0 0 0 0 0 0 0 0 2 0 0 0 0 0 0 0 0 0 1 0 0 0 0 
0 0 0 0 0 0 0 0 0 0 0 1 1 0 0 0 0 0 0 0 0 1 0 0 1 0 0 0 2 0 0 0 0 0 2 0 0 0 1 0 1 0 2 0 0 0 0 1 0 2 0 0 0 0 2 0 2 0 0 0 0 0 0 0 0 0 2 0 0 0 0 0 0 0 0 0 1 0 0 0 0 
0
0 0 0 0 0 0 0 0 0 
0 0 0 0 0 0 0 0 0 0 0 1 1 0 0 0 0 0 0 0 0 1 0 0 1 0 0 0 2 0 0 0 0 0 2 0 0 0 1 0 1 0 2 0 0 0 0 1 0 2 0 0 0 0 2 0 2 0 0 0 0 0 0 0 0 0 2 0 0 0 0 0 0 0 0 0 1 0 0 0 2 
0 0 0 0 0 0 0 0 0 0 0 1 1 0 0 0 0 0 0 0 0 1 0 0 1 0 0 0 2 0 0 0 0 0 2 0 0 0 1 0 1 0 2 0 0 0 0 1 0 2 0 0 0 0 2 0 2 0 0 0 0 0 0 0 0 0 2 0 0 0 0 0 0 0 0 0 1 0 0 0 2 
0
0 0 0 0 0 0 0 0 0 
0 0 0 0 0 0 0 0 0 0 0 1 1 0 0 0 0 0 0 0 0 1 0 0 1 0 0 0 2 0 0 0 0 0 2 0 0 0 1 0 1 0 2 0 0 0 0 1 0 2 0 0 0 0 2 0 2 0 0 0 0 0 0 0 0 0 2 0 0 0 0 1 0 0 0 0 1 0 0 0 2 
0 0 0 0 0 0 0 0 0 0 0 1 1 0 0 0 0 0 0 0 0 1 0 0 1 0 0 0 2 0 0 0 0 0 2 0 0 0 1 0 1 0 2 0 0 0 0 1 0 2 0 0 0 0 2 0 2 0 0 0 0 0 0 0 0 0 2 0 0 0 0 1 0 0 0 0 1 0 0 0 2 
0
0 0 0 0 0 0 0 0 0 
0 0 0 0 0 0 0 0 0 0 0 1 1 0 0 0 0 0 0 0 0 1 0 0 1 0 0 0 2 0 0 0 0 0 2 0 0 0 1 0 1 0 2 0 2 0 0 1 0 2 0 0 0 0 2 0 2 0 0 0 0 0 0 0 0 0 2 0 0 0 0 1 0 0 0 0 1 0 0 0 2 
0 0 0 0 0 0 0 0 0 0 0 1 1 0 0 0 0 0 0 0 0 1 0 0 1 0 0 0 2 0 0 0 0 0 2 0 0 0 1 0 1 0 2 0 2 0 0 1 0 2 0 0 0 0 2 0 2 0 0 0 0 0 0 0 0 0 2 0 0 0 0 1 0 0 0 0 1 0 0 0 2 
0
0 0 0 0 0 0 0 0 0 
0 0 0 0 0 0 0 0 0 0 0 1 1 0 0 0 0 0 0 0 0 1 0 0 1 0 0 0 2 0 0 0 0 0 2 0 0 0 1 0 1 0 2 1 2 0 0 1 0 2 0 0 0 0 2 0 2 0 0 0 0 0 0 0 0 0 2 0 0 0 0 1 0 0 0 0 1 0 0 0 2 
0 0 0 0 0 0 0 0 0 0 0 1 1 0 0 0 0 0 0 0 0 1 0 0 1 0 0 0 2 0 0 0 0 0 2 0 0 0 1 0 1 0 2 1 2 0 0 1 0 2 0 0 0 0 2 0 2 0 0 0 0 0 0 0 0 0 2 0 0 0 0 1 0 0 0 0 1 0 0 0 2 
0
0 0 0 0 0 0 0 0 0 
0 0 0 0 0 0 0 0 0 0 0 1 1 0 0 0 0 0 0 0 0 1 0 0 1 0 0 0 2 0 0 0 0 0 2 0 0 0 1 0 1 0 2 1 2 0 0 1 2 2 0 0 0 0 2 0 2 0 0 0 0 0 0 0 0 0 2 0 0 0 0 1 0 0 0 0 1 0 0 0 2 
0 0 0 0 0 0 0 0 0 0 0 1 1 0 0 0 0 0 0 0 0 1 0 0 1 0 0 0 2 0 0 0 0 0 2 0 0 0 1 0 1 0 2 1 2 0 0 1 2 2 0 0 0 0 2 0 2 0 0 0 0 0 0 0 0 0 2 0 0 0 0 1 0 0 0 0 1 0 0 0 2 
0
0 0 0 0 0 0 0 0 0 
0 0 0 0 0 0 0 0 0 0 0 1 1 0 0 0 0 0 0 0 0 1 0 0 1 0 0 0 2 0 0 0 0 0 2 0 0 0 1 0 1 0 2 1 2 0 0 1 2 2 0 0 0 0 2 0 2 0 0 0 0 0 0 0 0 1 2 0 0 0 0 1 0 0 0 0 1 0 0 0 2 
0 0 0 0 0 0 0 0 0 0 0 1 1 0 0 0 0 0 0 0 0 1 0 0 1 0 0 0 2 0 0 0 0 0 2 0 0 0 1 0 1 0 2 1 2 0 0 1 2 2 0 0 0 0 2 0 2 0 0 0 0 0 0 0 0 1 2 0 0 0 0 1 0 0 0 0 1 0 0 0 2 
0
0 0 0 0 0 0 0 0 0 
0 0 0 0 0 0 0 0 0 0 0 1 1 0 0 0 0 0 0 0 0 1 0 0 1 0 0 0 2 0 0 0 0 2 2 0 0 0 1 0 1 0 2 1 2 0 0 1 2 2 0 0 0 0 2 0 2 0 0 0 0 0 0 0 0 1 2 0 0 0 0 1 0 0 0 0 1 0 0 0 2 
0 0 0 0 0 0 0 0 0 0 0 1 1 0 0 0 0 0 0 0 0 1 0 0 1 0 0 0 2 0 0 0 0 2 2 0 0 0 1 0 1 0 2 1 2 0 0 1 2 2 0 0 0 0 2 0 2 0 0 0 0 0 0 0 0 1 2 0 0 0 0 1 0 0 0 0 1 0 0 0 2 
0
0 0 0 0 0 0 0 0 0 
0 0 0 0 0 0 0 0 0 0 0 1 1 0 0 0 0 0 0 0 1 1 0 0 1 0 0 0 2 0 0 0 0 2 2 0 0 0 1 0 1 0 2 1 2 0 0 1 2 2 0 0 0 0 2 0 2 0 0 0 0 0 0 0 0 1 2 0 0 0 0 1 0 0 0 0 1 0 0 0 2 
0 0 0 0 0 0 0 0 0 0 0 1 1 0 0 0 0 0 0 0 1 1 0 0 1 0 0 0 2 0 0 0 0 2 2 0 0 0 1 0 1 0 2 1 2 0 0 1 2 2 0 0 0 0 2 0 2 0 0 0 0 0 0 0 0 1 2 0 0 0 0 1 0 0 0 0 1 0 0 0 2 
0
0 0 0 0 0 0 0 0 0 
0 0 0 0 0 0 0 0 0 0 0 1 1 0 0 0 0 0 0 0 1 1 0 0 1 0 0 0 2 0 0 0 0 2 2 0 0 0 1 0 1 0 2 1 2 0 0 1 2 2 0 0 0 0 2 0 2 0 0 0 0 0 0 0 0 1 2 0 0 0 0 1 0 0 0 0 1 0 0 2 2 
0 0 0 0 0 0 0 0 0 0 0 1 1 0 0 0 0 0 0 0 1 1 0 0 1 0 0 0 2 0 0 0 0 2 2 0 0 0 1 0 1 0 2 1 2 0 0 1 2 2 0 0 0 0 2 0 2 0 0 0 0 0 0 0 0 1 2 0 0 0 0 1 0 0 0 0 1 0 0 2 2 
0
0 0 0 0 0 0 0 0 0 
0 0 0 0 0 0 0 0 0 0 0 1 1 0 0 0 0 0 0 0 1 1 0 0 1 0 0 0 2 0 0 0 0 2 2 0 0 0 1 0 1 0 2 1 2 0 0 1 2 2 0 0 0 0 2 0 2 1 0 0 0 0 0 0 0 1 2 0 0 0 0 1 0 0 0 0 1 0 0 2 2 
0 0 0 0 0 0 0 0 0 0 0 1 1 0 0 0 0 0 0 0 1 1 0 0 1 0 0 0 2 0 0 0 0 2 2 0 0 0 1 0 1 0 2 1 2 0 0 1 2 2 0 0 0 0 2 0 2 1 0 0 0 0 0 0 0 1 2 0 0 0 0 1 0 0 0 0 1 0 0 2 2 
0
0 0 0 0 0 0 0 0 0 
0 0 2 0 0 0 0 0 0 0 0 1 1 0 0 0 0 0 0 0 1 1 0 0 1 0 0 0 2 0 0 0 0 2 2 0 0 0 1 0 1 0 2 1 2 0 0 1 2 2 0 0 0 0 2 0 2 1 0 0 0 0 0 0 0 1 2 0 0 0 0 1 0 0 0 0 1 0 0 2 2 
0 0 2 0 0 0 0 0 0 0 0 1 1 0 0 0 0 0 0 0 1 1 0 0 1 0 0 0 2 0 0 0 0 2 2 0 0 0 1 0 1 0 2 1 2 0 0 1 2 2 0 0 0 0 2 0 2 1 0 0 0 0 0 0 0 1 2 0 0 0 0 1 0 0 0 0 1 0 0 2 2 
0
0 0 0 0 0 0 0 0 0 
0 0 2 0 0 0 0 0 0 0 0 1 1 0 0 0 1 0 0 0 1 1 0 0 1 0 0 0 2 0 0 0 0 2 2 0 0 0 1 0 1 0 2 1 2 0 0 1 2 2 0 0 0 0 2 0 2 1 0 0 0 0 0 0 0 1 2 0 0 0 0 1 0 0 0 0 1 0 0 2 2 
0 0 2 0 0 0 0 0 0 0 0 1 1 0 0 0 1 0 0 0 1 1 0 0 1 0 0 0 2 0 0 0 0 2 2 0 0 0 1 0 1 0 2 1 2 0 0 1 2 2 0 0 0 0 2 0 2 1 0 0 0 0 0 0 0 1 2 0 0 0 0 1 0 0 0 0 1 0 0 2 2 
0
0 0 0 0 2 0 0 0 0 
0 0 2 0 0 0 0 0 0 0 0 1 1 0 0 0 1 0 0 0 1 1 0 0 1 0 0 0 2 0 0 0 0 2 2 0 0 0 1 0 1 0 2 1 2 0 0 1 2 2 2 0 0 0 2 0 2 1 0 0 0 0 0 0 0 1 2 0 0 0 0 1 0 0 0 0 1 0 0 2 2 
0 0 2 0 0 0 0 0 0 0 0 1 1 0 0 0 1 0 0 0 1 1 0 0 1 0 0 0 2 0 32 32 32 2 2 0 0 0 1 32 33 32 2 1 2 0 0 1 34 34 34 0 0 0 2 0 2 1 0 0 0 0 0 0 0 1 2 0 0 0 0 1 0 0 0 0 1 0 0 2 2 
0
0 0 0 0 2 0 0 0 0 
0 0 2 0 0 0 0 0 0 0 0 1 1 0 0 0 1 0 0 0 1 1 0 0 1 0 0 0 2 0 0 0 0 2 2 0 0 0 1 0 1 0 2 1 2 0 0 1 2 2 2 0 0 0 2 0 2 1 0 0 0 0 0 0 0 1 2 0 0 0 0 1 0 0 0 0 1 0 1 2 2 
0 0 2 0 0 0 0 0 0 0 0 1 1 0 0 0 1 0 0 0 1 1 0 0 1 0 0 0 2 0 32 32 32 2 2 0 0 0 1 32 33 32 2 1 2 0 0 1 34 34 34 0 0 0 2 0 2 1 0 0 0 0 0 0 0 1 2 0 0 0 0 1 0 0 0 0 1 0 1 2 2 
0
0 0 0 0 2 0 2 0 0 
0 0 2 0 0 0 0 0 0 0 0 1 1 0 0 0 1 0 0 0 1 1 0 0 1 0 0 0 2 0 0 0 0 2 2 0 0 0 1 0 1 0 2 1 2 0 0 1 2 2 2 0 0 0 2 2 2 1 0 0 0 0 0 0 0 1 2 0 0 0 0 1 0 0 0 0 1 0 1 2 2 
0 0 2 0 0 0 0 0 0 0 0 1 1 0 0 0 1 0 0 0 1 1 0 0 1 0 0 0 2 0 32 32 32 2 2 0 0 0 1 32 33 32 2 1 2 0 0 1 34 34 34 0 0 0 34 34 34 1 0 0 0 0 0 32 32 33 2 0 0 0 0 1 32 32 32 0 1 0 1 2 2 
0
0 0 0 0 2 0 2 0 0 
0 0 2 0 1 0 0 0 0 0 0 1 1 0 0 0 1 0 0 0 1 1 0 0 1 0 0 0 2 0 0 0 0 2 2 0 0 0 1 0 1 0 2 1 2 0 0 1 2 2 2 0 0 0 2 2 2 1 0 0 0 0 0 0 0 1 2 0 0 0 0 1 0 0 0 0 1 0 1 2 2 
0 0 2 0 1 0 0 0 0 0 0 1 1 0 0 0 1 0 0 0 1 1 0 0 1 0 0 0 2 0 32 32 32 2 2 0 0 0 1 32 33 32 2 1 2 0 0 1 34 34 34 0 0 0 34 34 34 1 0 0 0 0 0 32 32 33 2 0 0 0 0 1 32 32 32 0 1 0 1 2 2 
0
0 0 0 0 2 0 2 0 0 
0 0 2 0 1 0 0 0 0 0 0 1 1 0 0 0 1 0 0 0 1 1 2 0 1 0 0 0 2 0 0 0 0 2 2 0 0 0 1 0 1 0 2 1 2 0 0 1 2 2 2 0 0 0 2 2 2 1 0 0 0 0 0 0 0 1 2 0 0 0 0 1 0 0 0 0 1 0 1 2 2 
0 0 2 0 1 0 0 0 0 0 0 1 1 0 0 0 1 0 0 0 1 1 2 0 1 0 0 0 2 0 32 32 32 2 2 0 0 0 1 32 33 32 2 1 2 0 0 1 34 34 34 0 0 0 34 34 34 1 0 0 0 0 0 32 32 33 2 0 0 0 0 1 32 32 32 0 1 0 1 2 2 
0
0 0 0 0 2 0 2 0 0 
0 0 2 0 1 0 0 0 0 0 0 1 1 0 0 0 1 0 0 0 1 1 2 0 1 0 0 0 2 0 0 0 0 2 2 0 0 0 1 0 1 0 2 1 2 0 0 1 2 2 2 0 0 0 2 2 2 1 0 0 0 0 0 0 0 1 2 0 1 0 0 1 0 0 0 0 1 0 1 2 2 
0 0 2 0 1 0 0 0 0 0 0 1 1 0 0 0 1 0 0 0 1 1 2 0 1 0 0 0 2 0 32 32 32 2 2 0 0 0 1 32 33 32 2 1 2 0 0 1 34 34 34 0 0 0 34 34 34 1 0 0 0 0 0 32 32 33 2 0 1 0 0 1 32 32 32 0 1 0 1 2 2 
0
0 0 0 0 2 2 2 0 0 
0 0 2 0 1 0 0 0 0 0 0 1 1 0 0 0 1 0 0 0 1 1 2 0 1 0 0 0 2 0 0 0 0 2 2 2 0 0 1 0 1 0 2 1 2 0 0 1 2 2 2 0 0 0 2 2 2 1 0 0 0 0 0 0 0 1 2 0 1 0 0 1 0 0 0 0 1 0 1 2 2 
0 0 2 0 1 0 0 0 0 0 0 1 1 0 0 0 1 0 0 0 1 1 2 0 1 0 0 0 2 0 32 32 32 34 34 34 0 0 1 32 33 32 34 33 34 0 0 1 34 34 34 32 32 32 34 34 34 1 0 0 0 0 0 32 32 33 2 0 1 0 0 1 32 32 32 0 1 0 1 2 2 
0
0 0 0 0 2 2 2 0 0 
0 0 2 0 1 0 0 0 0 0 0 1 1 0 0 0 1 0 0 0 1 1 2 0 1 0 1 0 2 0 0 0 0 2 2 2 0 0 1 0 1 0 2 1 2 0 0 1 2 2 2 0 0 0 2 2 2 1 0 0 0 0 0 0 0 1 2 0 1 0 0 1 0 0 0 0 1 0 1 2 2 
0 0 2 0 1 0 0 0 0 0 0 1 1 0 0 0 1 0 0 0 1 1 2 0 1 0 1 0 2 0 32 32 32 34 34 34 0 0 1 32 33 32 34 33 34 0 0 1 34 34 34 32 32 32 34 34 34 1 0 0 0 0 0 32 32 33 2 0 1 0 0 1 32 32 32 0 1 0 1 2 2 
0
0 0 0 0 2 2 2 0 0 
0 0 2 0 1 0 0 0 0 0 0 1 1 0 0 0 1 0 0 0 1 1 2 0 1 0 1 0 2 0 0 0 0 2 2 2 0 0 1 0 1 0 2 1 2 0 0 1 2 2 2 0 0 0 2 2 2 1 0 0 0 2 0 0 0 1 2 0 1 0 0 1 0 0 0 0 1 0 1 2 2 
0 0 2 0 1 0 0 0 0 0 0 1 1 0 0 0 1 0 0 0 1 1 2 0 1 0 1 0 2 0 32 32 32 34 34 34 0 0 1 32 33 32 34 33 34 0 0 1 34 34 34 32 32 32 34 34 34 1 0 0 0 2 0 32 32 33 2 0 1 0 0 1 32 32 32 0 1 0 1 2 2 
0
0 1 0 0 2 2 2 0 0 
0 0 2 1 1 0 0 0 0 0 0 1 1 0 0 0 1 0 0 0 1 1 2 0 1 0 1 0 2 0 0 0 0 2 2 2 0 0 1 0 1 0 2 1 2 0 0 1 2 2 2 0 0 0 2 2 2 1 0 0 0 2 0 0 0 1 2 0 1 0 0 1 0 0 0 0 1 0 1 2 2 
0 0 2 17 17 16 0 0 0 0 0 1 17 16 16 0 1 0 0 0 1 17 18 16 1 0 1 0 2 0 32 32 32 34 34 34 0 0 1 32 33 32 34 33 34 0 0 1 34 34 34 32 32 32 34 34 34 1 0 0 0 2 0 32 32 33 2 0 1 0 0 1 32 32 32 0 1 0 1 2 2 
0
0 1 0 0 2 2 2 0 0 
2 0 2 1 1 0 0 0 0 0 0 1 1 0 0 0 1 0 0 0 1 1 2 0 1 0 1 0 2 0 0 0 0 2 2 2 0 0 1 0 1 0 2 1 2 0 0 1 2 2 2 0 0 0 2 2 2 1 0 0 0 2 0 0 0 1 2 0 1 0 0 1 0 0 0 0 1 0 1 2 2 
2 0 2 17 17 16 0 0 0 0 0 1 17 16 16 0 1 0 0 0 1 17 18 16 1 0 1 0 2 0 32 32 32 34 34 34 0 0 1 32 33 32 34 33 34 0 0 1 34 34 34 32 32 32 34 34 34 1 0 0 0 2 0 32 32 33 2 0 1 0 0 1 32 32 32 0 1 0 1 2 2 
0
0 1 0 0 2 2 2 0 0 
2 0 2 1 1 0 0 0 0 0 0 1 1 0 0 0 1 0 0 1 1 1 2 0 1 0 1 0 2 0 0 0 0 2 2 2 0 0 1 0 1 0 2 1 2 0 0 1 2 2 2 0 0 0 2 2 2 1 0 0 0 2 0 0 0 1 2 0 1 0 0 1 0 0 0 0 1 0 1 2 2 
2 0 2 17 17 16 0 0 0 0 0 1 17 16 16 0 1 0 0 1 1 17 18 16 1 0 1 0 2 0 32 32 32 34 34 34 0 0 1 32 33 32 34 33 34 0 0 1 34 34 34 32 32 32 34 34 34 1 0 0 0 2 0 32 32 33 2 0 1 0 0 1 32 32 32 0 1 0 1 2 2 
0
0 1 0 0 2 2 2 0 0 
2 0 2 1 1 0 0 0 0 0 0 1 1 0 0 0 1 0 0 1 1 1 2 0 1 0 1 0 2 0 0 0 0 2 2 2 0 0 1 0 1 0 2 1 2 0 0 1 2 2 2 0 0 0 2 2 2 1 0 2 0 2 0 0 0 1 2 0 1 0 0 1 0 0 0 0 1 0 1 2 2 
2 0 2 17 17 16 0 0 0 0 0 1 17 16 16 0 1 0 0 1 1 17 18 16 1 0 1 0 2 0 32 32 32 34 34 34 0 0 1 32 33 32 34 33 34 0 0 1 34 34 34 32 32 32 34 34 34 1 0 2 0 2 0 32 32 33 2 0 1 0 0 1 32 32 32 0 1 0 1 2 2 
0
0 1 1 0 2 2 2 0 0 
2 0 2 1 1 0 0 0 1 0 0 1 1 0 0 0 1 0 0 1 1 1 2 0 1 0 1 0 2 0 0 0 0 2 2 2 0 0 1 0 1 0 2 1 2 0 0 1 2 2 2 0 0 0 2 2 2 1 0 2 0 2 0 0 0 1 2 0 1 0 0 1 0 0 0 0 1 0 1 2 2 
2 0 2 17 17 16 16 16 17 0 0 1 17 16 16 16 17 16 0 1 1 17 18 16 17 16 17 0 2 0 32 32 32 34 34 34 0 0 1 32 33 32 34 33 34 0 0 1 34 34 34 32 32 32 34 34 34 1 0 2 0 2 0 32 32 33 2 0 1 0 0 1 32 32 32 0 1 0 1 2 2 
0
0 1 1 0 2 2 2 0 0 
2 0 2 1 1 0 0 0 1 0 0 1 1 0 0 0 1 0 2 1 1 1 2 0 1 0 1 0 2 0 0 0 0 2 2 2 0 0 1 0 1 0 2 1 2 0 0 1 2 2 2 0 0 0 2 2 2 1 0 2 0 2 0 0 0 1 2 0 1 0 0 1 0 0 0 0 1 0 1 2 2 
2 0 2 17 17 16 16 16 17 0 0 1 17 16 16 16 17 16 2 1 1 17 18 16 17 16 17 0 2 0 32 32 32 34 34 34 0 0 1 32 33 32 34 33 34 0 0 1 34 34 34 32 32 32 34 34 34 1 0 2 0 2 0 32 32 33 2 0 1 0 0 1 32 32 32 0 1 0 1 2 2 
0
0 1 1 0 2 2 2 0 0 
2 0 2 1 1 0 0 0 1 0 0 1 1 0 0 0 1 0 2 1 1 1 2 0 1 0 1 0 2 0 0 0 0 2 2 2 0 0 1 0 1 0 2 1 2 0 0 1 2 2 2 0 0 0 2 2 2 1 0 2 1 2 0 0 0 1 2 0 1 0 0 1 0 0 0 0 1 0 1 2 2 
2 0 2 17 17 16 16 16 17 0 0 1 17 16 16 16 17 16 2 1 1 17 18 16 17 16 17 0 2 0 32 32 32 34 34 34 0 0 1 32 33 32 34 33 34 0 0 1 34 34 34 32 32 32 34 34 34 1 0 2 1 2 0 32 32 33 2 0 1 0 0 1 32 32 32 0 1 0 1 2 2 
0
2 1 1 0 2 2 2 0 0 
2 0 2 1 1 0 0 0 1 0 2 1 1 0 0 0 1 0 2 1 1 1 2 0 1 0 1 0 2 0 0 0 0 2 2 2 0 0 1 0 1 0 2 1 2 0 0 1 2 2 2 0 0 0 2 2 2 1 0 2 1 2 0 0 0 1 2 0 1 0 0 1 0 0 0 0 1 0 1 2 2 
34 32 34 17 17 16 16 16 17 32 34 33 17 16 16 16 17 16 34 33 33 17 18 16 17 16 17 0 2 0 32 32 32 34 34 34 0 0 1 32 33 32 34 33 34 0 0 1 34 34 34 32 32 32 34 34 34 1 0 2 1 2 0 32 32 33 2 0 1 0 0 1 32 32 32 0 1 0 1 2 2 
0
2 1 1 0 2 2 2 0 0 
2 0 2 1 1 0 0 0 1 0 2 1 1 0 0 0 1 0 2 1 1 1 2 0 1 0 1 0 2 0 0 0 0 2 2 2 0 0 1 0 1 0 2 1 2 0 1 1 2 2 2 0 0 0 2 2 2 1 0 2 1 2 0 0 0 1 2 0 1 0 0 1 0 0 0 0 1 0 1 2 2 
34 32 34 17 17 16 16 16 17 32 34 33 17 16 16 16 17 16 34 33 33 17 18 16 17 16 17 0 2 0 32 32 32 34 34 34 0 0 1 32 33 32 34 33 34 0 1 1 34 34 34 32 32 32 34 34 34 1 0 2 1 2 0 32 32 33 2 0 1 0 0 1 32 32 32 0 1 0 1 2 2 
0
2 1 1 0 2 2 2 0 0 
2 0 2 1 1 0 0 0 1 0 2 1 1 0 0 0 1 0 2 1 1 1 2 0 1 0 1 0 2 0 0 0 0 2 2 2 0 0 1 0 1 0 2 1 2 0 1 1 2 2 2 0 0 0 2 2 2 1 2 2 1 2 0 0 0 1 2 0 1 0 0 1 0 0 0 0 1 0 1 2 2 
34 32 34 17 17 16 16 16 17 32 34 33 17 16 16 16 17 16 34 33 33 17 18 16 17 16 17 0 2 0 32 32 32 34 34 34 0 0 1 32 33 32 34 33 34 0 1 1 34 34 34 32 32 32 34 34 34 1 2 2 1 2 0 32 32 33 2 0 1 0 0 1 32 32 32 0 1 0 1 2 2 
0
2 1 1 0 2 2 2 0 1 
2 0 2 1 1 0 0 0 1 0 2 1 1 0 0 0 1 0 2 1 1 1 2 0 1 0 1 0 2 0 0 0 0 2 2 2 0 0 1 0 1 0 2 1 2 0 1 1 2 2 2 0 0 0 2 2 2 1 2 2 1 2 0 0 0 1 2 0 1 1 0 1 0 0 0 0 1 0 1 2 2 
34 32 34 17 17 16 16 16 17 32 34 33 17 16 16 16 17 16 34 33 33 17 18 16 17 16 17 0 2 0 32 32 32 34 34 34 0 0 1 32 33 32 34 33 34 0 1 1 34 34 34 32 32 32 34 34 34 1 2 2 17 18 16 32 32 33 2 0 1 17 16 17 32 32 32 0 1 0 17 18 18 
0
2 1 1 0 2 2 2 0 1 
2 0 2 1 1 0 0 0 1 0 2 1 1 0 0 0 1 0 2 1 1 1 2 0 1 0 1 0 2 0 0 0 0 2 2 2 0 0 1 0 1 0 2 1 2 2 1 1 2 2 2 0 0 0 2 2 2 1 2 2 1 2 0 0 0 1 2 0 1 1 0 1 0 0 0 0 1 0 1 2 2 
34 32 34 17 17 16 16 16 17 32 34 33 17 16 16 16 17 16 34 33 33 17 18 16 17 16 17 0 2 0 32 32 32 34 34 34 0 0 1 32 33 32 34 33 34 2 1 1 34 34 34 32 32 32 34 34 34 1 2 2 17 18 16 32 32 33 2 0 1 17 16 17 32 32 32 0 1 0 17 18 18 
0
2 1 1 0 2 2 2 0 1 
2 0 2 1 1 0 0 0 1 0 2 1 1 0 0 0 1 0 2 1 1 1 2 0 1 0 1 0 2 0 0 0 0 2 2 2 1 0 1 0 1 0 2 1 2 2 1 1 2 2 2 0 0 0 2 2 2 1 2 2 1 2 0 0 0 1 2 0 1 1 0 1 0 0 0 0 1 0 1 2 2 
34 32 34 17 17 16 16 16 17 32 34 33 17 16 16 16 17 16 34 33 33 17 18 16 17 16 17 0 2 0 32 32 32 34 34 34 1 0 1 32 33 32 34 33 34 2 1 1 34 34 34 32 32 32 34 34 34 1 2 2 17 18 16 32 32 33 2 0 1 17 16 17 32 32 32 0 1 0 17 18 18 
0
2 1 1 0 2 2 2 0 1 
2 0 2 1 1 0 0 0 1 0 2 1 1 0 0 0 1 0 2 1 1 1 2 0 1 0 1 0 2 2 0 0 0 2 2 2 1 0 1 0 1 0 2 1 2 2 1 1 2 2 2 0 0 0 2 2 2 1 2 2 1 2 0 0 0 1 2 0 1 1 0 1 0 0 0 0 1 0 1 2 2 
34 32 34 17 17 16 16 16 17 32 34 33 17 16 16 16 17 16 34 33 33 17 18 16 17 16 17 0 2 2 32 32 32 34 34 34 1 0 1 32 33 32 34 33 34 2 1 1 34 34 34 32 32 32 34 34 34 1 2 2 17 18 16 32 32 33 2 0 1 17 16 17 32 32 32 0 1 0 17 18 18 
0
2 1 1 0 2 2 2 0 1 
2 0 2 1 1 0 0 0 1 0 2 1 1 0 0 0 1 0 2 1 1 1 2 0 1 0 1 1 2 2 0 0 0 2 2 2 1 0 1 0 1 0 2 1 2 2 1 1 2 2 2 0 0 0 2 2 2 1 2 2 1 2 0 0 0 1 2 0 1 1 0 1 0 0 0 0 1 0 1 2 2 
34 32 34 17 17 16 16 16 17 32 34 33 17 16 16 16 17 16 34 33 33 17 18 16 17 16 17 1 2 2 32 32 32 34 34 34 1 0 1 32 33 32 34 33 34 2 1 1 34 34 34 32 32 32 34 34 34 1 2 2 17 18 16 32 32 33 2 0 1 17 16 17 32 32 32 0 1 0 17 18 18 
0
2 1 1 2 2 2 2 0 1 
2 0 2 1 1 0 0 0 1 0 2 1 1 0 0 0 1 0 2 1 1 1 2 0 1 0 1 1 2 2 0 0 0 2 2 2 1 2 1 0 1 0 2 1 2 2 1 1 2 2 2 0 0 0 2 2 2 1 2 2 1 2 0 0 0 1 2 0 1 1 0 1 0 0 0 0 1 0 1 2 2 
34 32 34 17 17 16 16 16 17 32 34 33 17 16 16 16 17 16 34 33 33 17 18 16 17 16 17 33 34 34 32 32 32 34 34 34 33 34 33 32 33 32 34 33 34 34 33 33 34 34 34 32 32 32 34 34 34 1 2 2 17 18 16 32 32 33 2 0 1 17 16 17 32 32 32 0 1 0 17 18 18 
0
2 1 1 2 2 2 2 0 1 
2 0 2 1 1 0 0 0 1 0 2 1 1 0 0 0 1 0 2 1 1 1 2 0 1 0 1 1 2 2 0 0 0 2 2 2 1 2 1 0 1 0 2 1 2 2 1 1 2 2 2 0 0 0 2 2 2 1 2 2 1 2 0 0 0 1 2 0 1 1 0 1 0 0 0 0 1 0 1 2 2 
34 32 34 17 17 16 16 16 17 32 34 33 17 16 16 16 17 16 34 33 33 17 18 16 17 16 17 33 34 34 32 32 32 34 34 34 33 34 33 32 33 32 34 33 34 34 33 33 34 34 34 32 32 32 34 34 34 1 2 2 17 18 16 32 32 33 2 0 1 17 16 17 32 32 32 0 1 0 17 18 18 
0
