0 0 0 0 0 0 0 0 0 
0 0 0 0 0 0 0 0 0 0 0 0 0 0 0 0 0 0 0 0 0 0 0 0 0 0 0 0 0 0 0 0 0 0 0 0 0 0 0 0 1 0 0 0 0 0 0 0 0 0 0 0 0 0 0 0 0 0 0 0 0 0 0 0 0 0 0 0 0 0 0 0 0 0 0 0 0 0 0 0 0 
0 0 0 0 0 0 0 0 0 0 0 0 0 0 0 0 0 0 0 0 0 0 0 0 0 0 0 0 0 0 0 0 0 0 0 0 0 0 0 0 1 0 0 0 0 0 0 0 0 0 0 0 0 0 0 0 0 0 0 0 0 0 0 0 0 0 0 0 0 0 0 0 0 0 0 0 0 0 0 0 0 
0
0 0 0 0 0 0 0 0 0 
0 0 0 0 0 0 0 0 0 0 0 0 0 0 0 0 0 0 0 0 0 0 0 0 0 0 0 0 0 0 0 0 0 0 0 0 0 0 0 0 1 0 0 0 0 0 0 0 2 0 0 0 0 0 0 0 0 0 0 0 0 0 0 0 0 0 0 0 0 0 0 0 0 0 0 0 0 0 0 0 0 
0 0 0 0 0 0 0 0 0 0 0 0 0 0 0 0 0 0 0 0 0 0 0 0 0 0 0 0 0 0 0 0 0 0 0 0 0 0 0 0 1 0 0 0 0 0 0 0 2 0 0 0 0 0 0 0 0 0 0 0 0 0 0 0 0 0 0 0 0 0 0 0 0 0 0 0 0 0 0 0 0 
0
0 0 0 0 0 0 0 0 0 
0 0 0 0 0 0 0 0 0 0 0 0 0 0 0 0 0 0 0 0 0 0 0 0 0 0 0 0 0 0 0 0 0 0 0 0 0 0 0 0 1 0 0 0 0 0 0 0 2 0 0 0 0 0 0 1 0 0 0 0 0 0 0 0 0 0 0 0 0 0 0 0 0 0 0 0 0 0 0 0 0 
0 0 0 0 0 0 0 0 0 0 0 0 0 0 0 0 0 0 0 0 0 0 0 0 0 0 0 0 0 0 0 0 0 0 0 0 0 0 0 0 1 0 0 0 0 0 0 0 2 0 0 0 0 0 0 1 0 0 0 0 0 0 0 0 0 0 0 0 0 0 0 0 0 0 0 0 0 0 0 0 0 
0
0 0 0 0 0 0 0 0 0 
0 0 0 0 0 0 0 0 0 0 0 0 0 2 0 0 0 0 0 0 0 0 0 0 0 0 0 0 0 0 0 0 0 0 0 0 0 0 0 0 1 0 0 0 0 0 0 0 2 0 0 0 0 0 0 1 0 0 0 0 0 0 0 0 0 0 0 0 0 0 0 0 0 0 0 0 0 0 0 0 0 
0 0 0 0 0 0 0 0 0 0 0 0 0 2 0 0 0 0 0 0 0 0 0 0 0 0 0 0 0 0 0 0 0 0 0 0 0 0 0 0 1 0 0 0 0 0 0 0 2 0 0 0 0 0 0 1 0 0 0 0 0 0 0 0 0 0 0 0 0 0 0 0 0 0 0 0 0 0 0 0 0 
0
0 0 0 0 0 0 0 0 0 
0 0 0 0 0 0 0 0 0 0 0 0 0 2 0 0 0 0 0 0 0 0 0 0 0 0 0 0 0 0 0 0 0 0 0 0 0 0 0 0 1 0 0 0 0 0 0 0 2 0 1 0 0 0 0 1 0 0 0 0 0 0 0 0 0 0 0 0 0 0 0 0 0 0 0 0 0 0 0 0 0 
0 0 0 0 0 0 0 0 0 0 0 0 0 2 0 0 0 0 0 0 0 0 0 0 0 0 0 0 0 0 0 0 0 0 0 0 0 0 0 0 1 0 0 0 0 0 0 0 2 0 1 0 0 0 0 1 0 0 0 0 0 0 0 0 0 0 0 0 0 0 0 0 0 0 0 0 0 0 0 0 0 
0
0 0 0 0 0 0 0 0 0 
0 0 0 0 0 0 0 0 0 0 0 0 0 2 0 0 0 0 0 0 0 0 0 0 0 0 0 0 0 0 0 0 0 0 0 0 0 0 0 0 1 0 0 0 0 0 0 0 2 0 1 0 0 0 0 1 0 0 0 0 2 0 0 0 0 0 0 0 0 0 0 0 0 0 0 0 0 0 0 0 0 
0 0 0 0 0 0 0 0 0 0 0 0 0 2 0 0 0 0 0 0 0 0 0 0 0 0 0 0 0 0 0 0 0 0 0 0 0 0 0 0 1 0 0 0 0 0 0 0 2 0 1 0 0 0 0 1 0 0 0 0 2 0 0 0 0 0 0 0 0 0 0 0 0 0 0 0 0 0 0 0 0 
0
0 0 0 0 0 0 0 0 0 
0 0 0 0 0 0 0 0 0 0 0 0 0 2 0 0 0 0 0 0 1 0 0 0 0 0 0 0 0 0 0 0 0 0 0 0 0 0 0 0 1 0 0 0 0 0 0 0 2 0 1 0 0 0 0 1 0 0 0 0 2 0 0 0 0 0 0 0 0 0 0 0 0 0 0 0 0 0 0 0 0 
0 0 0 0 0 0 0 0 0 0 0 0 0 2 0 0 0 0 0 0 1 0 0 0 0 0 0 0 0 0 0 0 0 0 0 0 0 0 0 0 1 0 0 0 0 0 0 0 2 0 1 0 0 0 0 1 0 0 0 0 2 0 0 0 0 0 0 0 0 0 0 0 0 0 0 0 0 0 0 0 0 
0
0 0 0 0 0 0 0 0 0 
0 0 0 0 0 0 0 0 0 0 0 0 0 2 0 0 0 0 0 0 1 0 0 0 0 0 0 0 0 0 0 0 0 0 0 0 0 0 0 0 1 0 0 0 0 0 0 0 2 0 1 0 0 0 0 1 0 0 0 0 2 0 0 0 0 0 0 0 0 0 0 0 0 0 0 0 0 0 2 0 0 
0 0 0 0 0 0 0 0 0 0 0 0 0 2 0 0 0 0 0 0 1 0 0 0 0 0 0 0 0 0 0 0 0 0 0 0 0 0 0 0 1 0 0 0 0 0 0 0 2 0 1 0 0 0 0 1 0 0 0 0 2 0 0 0 0 0 0 0 0 0 0 0 0 0 0 0 0 0 2 0 0 
0
0 0 0 0 0 0 0 0 0 
0 0 0 0 0 0 0 0 0 0 0 0 0 2 0 0 0 0 0 0 1 0 0 0 0 0 0 0 0 0 0 0 0 0 0 0 0 0 0 0 1 0 0 0 0 0 0 0 2 0 1 0 0 0 0 1 1 0 0 0 2 0 0 0 0 0 0 0 0 0 0 0 0 0 0 0 0 0 2 0 0 
0 0 0 0 0 0 0 0 0 0 0 0 0 2 0 0 0 0 0 0 1 0 0 0 0 0 0 0 0 0 0 0 0 0 0 0 0 0 0 0 1 0 0 0 0 0 0 0 2 0 1 0 0 0 0 1 1 0 0 0 2 0 0 0 0 0 0 0 0 0 0 0 0 0 0 0 0 0 2 0 0 
0
0 0 0 0 0 0 0 0 0 
0 0 0 0 0 0 2 0 0 0 0 0 0 2 0 0 0 0 0 0 1 0 0 0 0 0 0 0 0 0 0 0 0 0 0 0 0 0 0 0 1 0 0 0 0 0 0 0 2 0 1 0 0 0 0 1 1 0 0 0 2 0 0 0 0 0 0 0 0 0 0 0 0 0 0 0 0 0 2 0 0 
0 0 0 0 0 0 2 0 0 0 0 0 0 2 0 0 0 0 0 0 1 0 0 0 0 0 0 0 0 0 0 0 0 0 0 0 0 0 0 0 1 0 0 0 0 0 0 0 2 0 1 0 0 0 0 1 1 0 0 0 2 0 0 0 0 0 0 0 0 0 0 0 0 0 0 0 0 0 2 0 0 
0
0 0 0 0 0 0 0 0 0 
0 0 0 0 0 0 2 0 0 0 1 0 0 2 0 0 0 0 0 0 1 0 0 0 0 0 0 0 0 0 0 0 0 0 0 0 0 0 0 0 1 0 0 0 0 0 0 0 2 0 1 0 0 0 0 1 1 0 0 0 2 0 0 0 0 0 0 0 0 0 0 0 0 0 0 0 0 0 2 0 0 
0 0 0 0 0 0 2 0 0 0 1 0 0 2 0 0 0 0 0 0 1 0 0 0 0 0 0 0 0 0 0 0 0 0 0 0 0 0 0 0 1 0 0 0 0 0 0 0 2 0 1 0 0 0 0 1 1 0 0 0 2 0 0 0 0 0 0 0 0 0 0 0 0 0 0 0 0 0 2 0 0 
0
0 0 0 0 0 0 0 0 0 
0 0 0 0 0 0 2 0 0 0 1 0 0 2 0 0 0 0 0 0 1 0 0 0 0 0 0 0 0 0 0 0 0 0 0 0 0 0 0 0 1 0 0 0 0 0 0 0 2 2 1 0 0 0 0 1 1 0 0 0 2 0 0 0 0 0 0 0 0 0 0 0 0 0 0 0 0 0 2 0 0 
0 0 0 0 0 0 2 0 0 0 1 0 0 2 0 0 0 0 0 0 1 0 0 0 0 0 0 0 0 0 0 0 0 0 0 0 0 0 0 0 1 0 0 0 0 0 0 0 2 2 1 0 0 0 0 1 1 0 0 0 2 0 0 0 0 0 0 0 0 0 0 0 0 0 0 0 0 0 2 0 0 
0
0 0 0 0 0 0 0 0 0 
0 0 0 0 0 0 2 0 0 0 1 0 0 2 0 0 0 0 0 0 1 0 0 0 0 0 0 0 0 0 0 0 0 0 0 0 0 0 0 0 1 0 0 0 0 0 0 0 2 2 1 0 0 0 0 1 1 0 0 0 2 0 0 0 0 0 0 0 0 0 0 0 0 0 0 0 0 1 2 0 0 
0 0 0 0 0 0 2 0 0 0 1 0 0 2 0 0 0 0 0 0 1 0 0 0 0 0 0 0 0 0 0 0 0 0 0 0 0 0 0 0 1 0 0 0 0 0 0 0 2 2 1 0 0 0 0 1 1 0 0 0 2 0 0 0 0 0 0 0 0 0 0 0 0 0 0 0 0 1 2 0 0 
0
0 0 0 0 0 0 0 0 2 
0 0 0 0 0 0 2 0 0 0 1 0 0 2 0 0 0 0 0 0 1 0 0 0 0 0 0 0 0 0 0 0 0 0 0 0 0 0 0 0 1 0 0 0 0 0 0 0 2 2 1 0 0 0 0 1 1 0 0 0 2 0 0 0 0 0 0 0 0 2 0 0 0 0 0 0 0 1 2 0 0 
0 0 0 0 0 0 2 0 0 0 1 0 0 2 0 0 0 0 0 0 1 0 0 0 0 0 0 0 0 0 0 0 0 0 0 0 0 0 0 0 1 0 0 0 0 0 0 0 2 2 1 0 0 0 0 1 1 0 0 0 34 32 32 0 0 0 0 0 0 34 32 32 0 0 0 0 0 1 34 32 32 
0
0 0 0 0 0 0 0 0 2 
0 0 0 0 0 0 2 0 0 0 1 0 0 2 0 0 0 0 0 0 1 0 0 0 0 0 0 0 0 0 0 0 0 0 0 0 1 0 0 0 1 0 0 0 0 0 0 0 2 2 1 0 0 0 0 1 1 0 0 0 2 0 0 0 0 0 0 0 0 2 0 0 0 0 0 0 0 1 2 0 0 
0 0 0 0 0 0 2 0 0 0 1 0 0 2 0 0 0 0 0 0 1 0 0 0 0 0 0 0 0 0 0 0 0 0 0 0 1 0 0 0 1 0 0 0 0 0 0 0 2 2 1 0 0 0 0 1 1 0 0 0 34 32 32 0 0 0 0 0 0 34 32 32 0 0 0 0 0 1 34 32 32 
0
0 0 0 0 0 0 0 0 2 
0 0 0 0 0 0 2 0 0 0 1 0 0 2 0 0 0 0 0 0 1 0 0 0 0 0 0 0 0 0 0 0 0 0 0 0 1 0 2 0 1 0 0 0 0 0 0 0 2 2 1 0 0 0 0 1 1 0 0 0 2 0 0 0 0 0 0 0 0 2 0 0 0 0 0 0 0 1 2 0 0 
0 0 0 0 0 0 2 0 0 0 1 0 0 2 0 0 0 0 0 0 1 0 0 0 0 0 0 0 0 0 0 0 0 0 0 0 1 0 2 0 1 0 0 0 0 0 0 0 2 2 1 0 0 0 0 1 1 0 0 0 34 32 32 0 0 0 0 0 0 34 32 32 0 0 0 0 0 1 34 32 32 
0
0 0 0 0 0 0 0 0 2 
0 0 0 0 0 0 2 0 0 0 1 0 0 2 0 0 0 0 0 0 1 0 0 0 0 0 0 0 0 0 0 0 0 0 0 0 1 0 2 0 1 0 0 0 0 0 0 0 2 2 1 0 0 1 0 1 1 0 0 0 2 0 0 0 0 0 0 0 0 2 0 0 0 0 0 0 0 1 2 0 0 
0 0 0 0 0 0 2 0 0 0 1 0 0 2 0 0 0 0 0 0 1 0 0 0 0 0 0 0 0 0 0 0 0 0 0 0 1 0 2 0 1 0 0 0 0 0 0 0 2 2 1 0 0 1 0 1 1 0 0 0 34 32 32 0 0 0 0 0 0 34 32 32 0 0 0 0 0 1 34 32 32 
0
0 0 0 0 0 0 0 0 2 
0 0 0 0 0 0 2 0 0 0 1 0 0 2 0 0 0 0 0 0 1 0 0 0 0 0 0 0 0 0 0 0 0 0 0 0 1 0 2 0 1 0 0 0 0 0 0 0 2 2 1 0 0 1 0 1 1 0 0 0 2 0 0 0 0 0 0 0 0 2 0 0 0 0 0 0 2 1 2 0 0 
0 0 0 0 0 0 2 0 0 0 1 0 0 2 0 0 0 0 0 0 1 0 0 0 0 0 0 0 0 0 0 0 0 0 0 0 1 0 2 0 1 0 0 0 0 0 0 0 2 2 1 0 0 1 0 1 1 0 0 0 34 32 32 0 0 0 0 0 0 34 32 32 0 0 0 0 2 1 34 32 32 
0
0 0 0 0 0 0 0 0 2 
0 0 0 0 0 0 2 0 0 0 1 0 0 2 0 0 0 0 0 0 1 0 0 0 0 0 0 0 0 0 0 0 0 0 0 0 1 0 2 0 1 0 0 0 0 0 0 0 2 2 1 0 0 1 0 1 1 0 0 0 2 0 0 0 0 0 0 0 0 2 0 0 0 0 0 1 2 1 2 0 0 
0 0 0 0 0 0 2 0 0 0 1 0 0 2 0 0 0 0 0 0 1 0 0 0 0 0 0 0 0 0 0 0 0 0 0 0 1 0 2 0 1 0 0 0 0 0 0 0 2 2 1 0 0 1 0 1 1 0 0 0 34 32 32 0 0 0 0 0 0 34 32 32 0 0 0 1 2 1 34 32 32 
0
0 0 0 0 0 0 0 0 2 
0 0 0 0 0 0 2 0 0 0 1 0 0 2 0 0 0 0 0 0 1 0 0 0 0 0 0 0 0 0 0 0 0 0 0 0 1 0 2 0 1 0 0 0 0 0 0 0 2 2 1 0 0 1 0 1 1 0 0 0 2 0 0 0 0 2 0 0 0 2 0 0 0 0 0 1 2 1 2 0 0 
0 0 0 0 0 0 2 0 0 0 1 0 0 2 0 0 0 0 0 0 1 0 0 0 0 0 0 0 0 0 0 0 0 0 0 0 1 0 2 0 1 0 0 0 0 0 0 0 2 2 1 0 0 1 0 1 1 0 0 0 34 32 32 0 0 2 0 0 0 34 32 32 0 0 0 1 2 1 34 32 32 
0
0 0 0 0 0 0 0 0 2 
0 0 0 0 0 0 2 0 0 0 1 0 0 2 0 0 0 0 0 0 1 0 0 0 0 0 0 0 0 0 0 0 0 0 0 0 1 0 2 0 1 0 1 0 0 0 0 0 2 2 1 0 0 1 0 1 1 0 0 0 2 0 0 0 0 2 0 0 0 2 0 0 0 0 0 1 2 1 2 0 0 
0 0 0 0 0 0 2 0 0 0 1 0 0 2 0 0 0 0 0 0 1 0 0 0 0 0 0 0 0 0 0 0 0 0 0 0 1 0 2 0 1 0 1 0 0 0 0 0 2 2 1 0 0 1 0 1 1 0 0 0 34 32 32 0 0 2 0 0 0 34 32 32 0 0 0 1 2 1 34 32 32 
0
0 0 0 0 0 0 0 0 2 
0 0 0 0 0 0 2 0 0 0 1 0 0 2 0 0 0 0 0 0 1 0 0 0 0 0 0 0 0 2 0 0 0 0 0 0 1 0 2 0 1 0 1 0 0 0 0 0 2 2 1 0 0 1 0 1 1 0 0 0 2 0 0 0 0 2 0 0 0 2 0 0 0 0 0 1 2 1 2 0 0 
0 0 0 0 0 0 2 0 0 0 1 0 0 2 0 0 0 0 0 0 1 0 0 0 0 0 0 0 0 2 0 0 0 0 0 0 1 0 2 0 1 0 1 0 0 0 0 0 2 2 1 0 0 1 0 1 1 0 0 0 34 32 32 0 0 2 0 0 0 34 32 32 0 0 0 1 2 1 34 32 32 
0
0 0 0 0 0 0 0 0 2 
0 0 0 0 0 0 2 1 0 0 1 0 0 2 0 0 0 0 0 0 1 0 0 0 0 0 0 0 0 2 0 0 0 0 0 0 1 0 2 0 1 0 1 0 0 0 0 0 2 2 1 0 0 1 0 1 1 0 0 0 2 0 0 0 0 2 0 0 0 2 0 0 0 0 0 1 2 1 2 0 0 
0 0 0 0 0 0 2 1 0 0 1 0 0 2 0 0 0 0 0 0 1 0 0 0 0 0 0 0 0 2 0 0 0 0 0 0 1 0 2 0 1 0 1 0 0 0 0 0 2 2 1 0 0 1 0 1 1 0 0 0 34 32 32 0 0 2 0 0 0 34 32 32 0 0 0 1 2 1 34 32 32 
0
0 0 0 0 0 0 0 0 2 
0 0 0 0 0 0 2 1 0 0 1 0 0 2 0 0 0 0 0 0 1 0 2 0 0 0 0 0 0 2 0 0 0 0 0 0 1 0 2 0 1 0 1 0 0 0 0 0 2 2 1 0 0 1 0 1 1 0 0 0 2 0 0 0 0 2 0 0 0 2 0 0 0 0 0 1 2 1 2 0 0 
0 0 0 0 0 0 2 1 0 0 1 0 0 2 0 0 0 0 0 0 1 0 2 0 0 0 0 0 0 2 0 0 0 0 0 0 1 0 2 0 1 0 1 0 0 0 0 0 2 2 1 0 0 1 0 1 1 0 0 0 34 32 32 0 0 2 0 0 0 34 32 32 0 0 0 1 2 1 34 32 32 
0
0 0 0 0 0 0 0 0 2 
0 0 0 0 0 0 2 1 0 0 1 0 0 2 0 0 0 0 0 0 1 0 2 0 0 0 0 0 0 2 0 0 0 0 0 0 1 0 2 0 1 0 1 0 0 0 0 0 2 2 1 0 0 1 0 1 1 1 0 0 2 0 0 0 0 2 0 0 0 2 0 0 0 0 0 1 2 1 2 0 0 
0 0 0 0 0 0 2 1 0 0 1 0 0 2 0 0 0 0 0 0 1 0 2 0 0 0 0 0 0 2 0 0 0 0 0 0 1 0 2 0 1 0 1 0 0 0 0 0 2 2 1 0 0 1 0 1 1 1 0 0 34 32 32 0 0 2 0 0 0 34 32 32 0 0 0 1 2 1 34 32 32 
0
0 0 0 0 0 0 0 0 2 
0 0 2 0 0 0 2 1 0 0 1 0 0 2 0 0 0 0 0 0 1 0 2 0 0 0 0 0 0 2 0 0 0 0 0 0 1 0 2 0 1 0 1 0 0 0 0 0 2 2 1 0 0 1 0 1 1 1 0 0 2 0 0 0 0 2 0 0 0 2 0 0 0 0 0 1 2 1 2 0 0 
0 0 2 0 0 0 2 1 0 0 1 0 0 2 0 0 0 0 0 0 1 0 2 0 0 0 0 0 0 2 0 0 0 0 0 0 1 0 2 0 1 0 1 0 0 0 0 0 2 2 1 0 0 1 0 1 1 1 0 0 34 32 32 0 0 2 0 0 0 34 32 32 0 0 0 1 2 1 34 32 32 
0
0 0 0 0 0 0 0 0 2 
0 0 2 0 0 0 2 1 0 0 1 0 0 2 0 1 0 0 0 0 1 0 2 0 0 0 0 0 0 2 0 0 0 0 0 0 1 0 2 0 1 0 1 0 0 0 0 0 2 2 1 0 0 1 0 1 1 1 0 0 2 0 0 0 0 2 0 0 0 2 0 0 0 0 0 1 2 1 2 0 0 
0 0 2 0 0 0 2 1 0 0 1 0 0 2 0 1 0 0 0 0 1 0 2 0 0 0 0 0 0 2 0 0 0 0 0 0 1 0 2 0 1 0 1 0 0 0 0 0 2 2 1 0 0 1 0 1 1 1 0 0 34 32 32 0 0 2 0 0 0 34 32 32 0 0 0 1 2 1 34 32 32 
0
0 0 0 0 0 0 0 0 2 
0 0 2 0 0 0 2 1 0 0 1 0 0 2 0 1 0 0 0 0 1 0 2 0 0 0 0 0 2 2 0 0 0 0 0 0 1 0 2 0 1 0 1 0 0 0 0 0 2 2 1 0 0 1 0 1 1 1 0 0 2 0 0 0 0 2 0 0 0 2 0 0 0 0 0 1 2 1 2 0 0 
0 0 2 0 0 0 2 1 0 0 1 0 0 2 0 1 0 0 0 0 1 0 2 0 0 0 0 0 2 2 0 0 0 0 0 0 1 0 2 0 1 0 1 0 0 0 0 0 2 2 1 0 0 1 0 1 1 1 0 0 34 32 32 0 0 2 0 0 0 34 32 32 0 0 0 1 2 1 34 32 32 
0
0 0 0 0 0 0 0 0 2 
0 0 2 1 0 0 2 1 0 0 1 0 0 2 0 1 0 0 0 0 1 0 2 0 0 0 0 0 2 2 0 0 0 0 0 0 1 0 2 0 1 0 1 0 0 0 0 0 2 2 1 0 0 1 0 1 1 1 0 0 2 0 0 0 0 2 0 0 0 2 0 0 0 0 0 1 2 1 2 0 0 
0 0 2 1 0 0 2 1 0 0 1 0 0 2 0 1 0 0 0 0 1 0 2 0 0 0 0 0 2 2 0 0 0 0 0 0 1 0 2 0 1 0 1 0 0 0 0 0 2 2 1 0 0 1 0 1 1 1 0 0 34 32 32 0 0 2 0 0 0 34 32 32 0 0 0 1 2 1 34 32 32 
0
0 0 0 0 0 0 0 0 2 
0 0 2 1 0 0 2 1 0 0 1 2 0 2 0 1 0 0 0 0 1 0 2 0 0 0 0 0 2 2 0 0 0 0 0 0 1 0 2 0 1 0 1 0 0 0 0 0 2 2 1 0 0 1 0 1 1 1 0 0 2 0 0 0 0 2 0 0 0 2 0 0 0 0 0 1 2 1 2 0 0 
0 0 2 1 0 0 2 1 0 0 1 2 0 2 0 1 0 0 0 0 1 0 2 0 0 0 0 0 2 2 0 0 0 0 0 0 1 0 2 0 1 0 1 0 0 0 0 0 2 2 1 0 0 1 0 1 1 1 0 0 34 32 32 0 0 2 0 0 0 34 32 32 0 0 0 1 2 1 34 32 32 
0
0 0 0 0 0 0 0 0 2 
0 0 2 1 0 0 2 1 0 0 1 2 0 2 0 1 0 0 0 0 1 0 2 0 0 0 0 0 2 2 0 0 0 0 0 0 1 0 2 0 1 0 1 0 1 0 0 0 2 2 1 0 0 1 0 1 1 1 0 0 2 0 0 0 0 2 0 0 0 2 0 0 0 0 0 1 2 1 2 0 0 
0 0 2 1 0 0 2 1 0 0 1 2 0 2 0 1 0 0 0 0 1 0 2 0 0 0 0 0 2 2 0 0 0 0 0 0 1 0 2 0 1 0 1 0 1 0 0 0 2 2 1 0 0 1 0 1 1 1 0 0 34 32 32 0 0 2 0 0 0 34 32 32 0 0 0 1 2 1 34 32 32 
0
0 0 0 0 0 0 0 0 2 
0 0 2 1 0 0 2 1 0 0 1 2 0 2 0 1 0 0 0 0 1 0 2 0 0 0 0 0 2 2 0 0 0 0 0 2 1 0 2 0 1 0 1 0 1 0 0 0 2 2 1 0 0 1 0 1 1 1 0 0 2 0 0 0 0 2 0 0 0 2 0 0 0 0 0 1 2 1 2 0 0 
0 0 2 1 0 0 2 1 0 0 1 2 0 2 0 1 0 0 0 0 1 0 2 0 0 0 0 0 2 2 0 0 0 0 0 2 1 0 2 0 1 0 1 0 1 0 0 0 2 2 1 0 0 1 0 1 1 1 0 0 34 32 32 0 0 2 0 0 0 34 32 32 0 0 0 1 2 1 34 32 32 
0
0 0 0 0 0 0 0 0 2 
0 0 2 1 0 0 2 1 0 0 1 2 0 2 0 1 0 1 0 0 1 0 2 0 0 0 0 0 2 2 0 0 0 0 0 2 1 0 2 0 1 0 1 0 1 0 0 0 2 2 1 0 0 1 0 1 1 1 0 0 2 0 0 0 0 2 0 0 0 2 0 0 0 0 0 1 2 1 2 0 0 
0 0 2 1 0 0 2 1 0 0 1 2 0 2 0 1 0 1 0 0 1 0 2 0 0 0 0 0 2 2 0 0 0 0 0 2 1 0 2 0 1 0 1 0 1 0 0 0 2 2 1 0 0 1 0 1 1 1 0 0 34 32 32 0 0 2 0 0 0 34 32 32 0 0 0 1 2 1 34 32 32 
0
0 0 0 0 0 0 0 0 2 
0 0 2 1 0 0 2 1 0 0 1 2 0 2 0 1 0 1 0 0 1 0 2 0 0 0 0 0 2 2 0 0 0 0 2 2 1 0 2 0 1 0 1 0 1 0 0 0 2 2 1 0 0 1 0 1 1 1 0 0 2 0 0 0 0 2 0 0 0 2 0 0 0 0 0 1 2 1 2 0 0 
0 0 2 1 0 0 2 1 0 0 1 2 0 2 0 1 0 1 0 0 1 0 2 0 0 0 0 0 2 2 0 0 0 0 2 2 1 0 2 0 1 0 1 0 1 0 0 0 2 2 1 0 0 1 0 1 1 1 0 0 34 32 32 0 0 2 0 0 0 34 32 32 0 0 0 1 2 1 34 32 32 
0
0 0 0 0 0 0 0 0 2 
0 0 2 1 0 1 2 1 0 0 1 2 0 2 0 1 0 1 0 0 1 0 2 0 0 0 0 0 2 2 0 0 0 0 2 2 1 0 2 0 1 0 1 0 1 0 0 0 2 2 1 0 0 1 0 1 1 1 0 0 2 0 0 0 0 2 0 0 0 2 0 0 0 0 0 1 2 1 2 0 0 
0 0 2 1 0 1 2 1 0 0 1 2 0 2 0 1 0 1 0 0 1 0 2 0 0 0 0 0 2 2 0 0 0 0 2 2 1 0 2 0 1 0 1 0 1 0 0 0 2 2 1 0 0 1 0 1 1 1 0 0 34 32 32 0 0 2 0 0 0 34 32 32 0 0 0 1 2 1 34 32 32 
0
0 0 0 0 0 0 0 0 2 
0 0 2 1 0 1 2 1 0 0 1 2 0 2 0 1 2 1 0 0 1 0 2 0 0 0 0 0 2 2 0 0 0 0 2 2 1 0 2 0 1 0 1 0 1 0 0 0 2 2 1 0 0 1 0 1 1 1 0 0 2 0 0 0 0 2 0 0 0 2 0 0 0 0 0 1 2 1 2 0 0 
0 0 2 1 0 1 2 1 0 0 1 2 0 2 0 1 2 1 0 0 1 0 2 0 0 0 0 0 2 2 0 0 0 0 2 2 1 0 2 0 1 0 1 0 1 0 0 0 2 2 1 0 0 1 0 1 1 1 0 0 34 32 32 0 0 2 0 0 0 34 32 32 0 0 0 1 2 1 34 32 32 
0
0 0 0 0 1 0 0 0 2 
0 0 2 1 0 1 2 1 0 0 1 2 0 2 0 1 2 1 0 0 1 0 2 0 0 0 0 0 2 2 1 0 0 0 2 2 1 0 2 0 1 0 1 0 1 0 0 0 2 2 1 0 0 1 0 1 1 1 0 0 2 0 0 0 0 2 0 0 0 2 0 0 0 0 0 1 2 1 2 0 0 
0 0 2 1 0 1 2 1 0 0 1 2 0 2 0 1 2 1 0 0 1 0 2 0 0 0 0 0 2 2 17 16 16 0 2 2 1 0 2 16 17 16 1 0 1 0 0 0 18 18 17 0 0 1 0 1 1 1 0 0 34 32 32 0 0 2 0 0 0 34 32 32 0 0 0 1 2 1 34 32 32 
0
0 0 0 0 1 0 0 0 2 
0 0 2 1 0 1 2 1 0 2 1 2 0 2 0 1 2 1 0 0 1 0 2 0 0 0 0 0 2 2 1 0 0 0 2 2 1 0 2 0 1 0 1 0 1 0 0 0 2 2 1 0 0 1 0 1 1 1 0 0 2 0 0 0 0 2 0 0 0 2 0 0 0 0 0 1 2 1 2 0 0 
0 0 2 1 0 1 2 1 0 2 1 2 0 2 0 1 2 1 0 0 1 0 2 0 0 0 0 0 2 2 17 16 16 0 2 2 1 0 2 16 17 16 1 0 1 0 0 0 18 18 17 0 0 1 0 1 1 1 0 0 34 32 32 0 0 2 0 0 0 34 32 32 0 0 0 1 2 1 34 32 32 
0
0 0 0 0 1 0 0 0 2 
0 0 2 1 0 1 2 1 0 2 1 2 0 2 0 1 2 1 0 0 1 0 2 0 0 0 0 0 2 2 1 0 0 0 2 2 1 0 2 0 1 0 1 0 1 0 1 0 2 2 1 0 0 1 0 1 1 1 0 0 2 0 0 0 0 2 0 0 0 2 0 0 0 0 0 1 2 1 2 0 0 
0 0 2 1 0 1 2 1 0 2 1 2 0 2 0 1 2 1 0 0 1 0 2 0 0 0 0 0 2 2 17 16 16 0 2 2 1 0 2 16 17 16 1 0 1 0 1 0 18 18 17 0 0 1 0 1 1 1 0 0 34 32 32 0 0 2 0 0 0 34 32 32 0 0 0 1 2 1 34 32 32 
0
0 0 0 0 1 0 0 0 2 
0 0 2 1 0 1 2 1 0 2 1 2 0 2 0 1 2 1 0 0 1 0 2 0 0 0 0 0 2 2 1 0 0 0 2 2 1 0 2 0 1 0 1 0 1 0 1 0 2 2 1 0 0 1 0 1 1 1 0 0 2 0 0 0 0 2 2 0 0 2 0 0 0 0 0 1 2 1 2 0 0 
0 0 2 1 0 1 2 1 0 2 1 2 0 2 0 1 2 1 0 0 1 0 2 0 0 0 0 0 2 2 17 16 16 0 2 2 1 0 2 16 17 16 1 0 1 0 1 0 18 18 17 0 0 1 0 1 1 1 0 0 34 32 32 0 0 2 2 0 0 34 32 32 0 0 0 1 2 1 34 32 32 
0
