0 0 0 0 0 0 0 0 0 
0 0 0 0 0 0 0 0 0 0 0 1 0 0 0 0 0 0 0 0 0 0 0 0 0 0 0 0 0 0 0 0 0 0 0 0 0 0 0 0 0 0 0 0 0 0 0 0 0 0 0 0 0 0 0 0 0 0 0 0 0 0 0 0 0 0 0 0 0 0 0 0 0 0 0 0 0 0 0 0 0 
0 0 0 0 0 0 0 0 0 0 0 1 0 0 0 0 0 0 0 0 0 0 0 0 0 0 0 0 0 0 0 0 0 0 0 0 0 0 0 0 0 0 0 0 0 0 0 0 0 0 0 0 0 0 0 0 0 0 0 0 0 0 0 0 0 0 0 0 0 0 0 0 0 0 0 0 0 0 0 0 0 
1
0 0 0 0 0 0 0 0 0 
0 0 0 0 0 0 0 0 0 0 0 1 0 0 0 0 0 0 0 0 0 0 0 0 0 0 0 0 0 0 0 0 0 0 0 2 0 0 0 0 0 0 0 0 0 0 0 0 0 0 0 0 0 0 0 0 0 0 0 0 0 0 0 0 0 0 0 0 0 0 0 0 0 0 0 0 0 0 0 0 0 
0 0 0 0 0 0 0 0 0 0 0 1 0 0 0 0 0 0 0 0 0 0 0 0 0 0 0 0 0 0 0 0 0 0 0 2 0 0 0 0 0 0 0 0 0 0 0 0 0 0 0 0 0 0 0 0 0 0 0 0 0 0 0 0 0 0 0 0 0 0 0 0 0 0 0 0 0 0 0 0 0 
1
0 0 0 0 0 0 0 0 0 
0 0 0 0 0 0 0 0 1 0 0 1 0 0 0 0 0 0 0 0 0 0 0 0 0 0 0 0 0 0 0 0 0 0 0 2 0 0 0 0 0 0 0 0 0 0 0 0 0 0 0 0 0 0 0 0 0 0 0 0 0 0 0 0 0 0 0 0 0 0 0 0 0 0 0 0 0 0 0 0 0 
0 0 0 0 0 0 0 0 1 0 0 1 0 0 0 0 0 0 0 0 0 0 0 0 0 0 0 0 0 0 0 0 0 0 0 2 0 0 0 0 0 0 0 0 0 0 0 0 0 0 0 0 0 0 0 0 0 0 0 0 0 0 0 0 0 0 0 0 0 0 0 0 0 0 0 0 0 0 0 0 0 
1
0 0 0 0 0 0 0 0 0 
0 0 0 0 0 0 0 0 1 0 0 1 0 0 0 0 0 0 0 0 0 0 0 0 0 0 2 0 0 0 0 0 0 0 0 2 0 0 0 0 0 0 0 0 0 0 0 0 0 0 0 0 0 0 0 0 0 0 0 0 0 0 0 0 0 0 0 0 0 0 0 0 0 0 0 0 0 0 0 0 0 
0 0 0 0 0 0 0 0 1 0 0 1 0 0 0 0 0 0 0 0 0 0 0 0 0 0 2 0 0 0 0 0 0 0 0 2 0 0 0 0 0 0 0 0 0 0 0 0 0 0 0 0 0 0 0 0 0 0 0 0 0 0 0 0 0 0 0 0 0 0 0 0 0 0 0 0 0 0 0 0 0 
1
0 0 0 0 0 0 0 0 0 
0 0 0 0 0 0 0 0 1 0 0 1 0 0 0 0 0 0 0 0 0 0 0 0 0 0 2 0 0 0 0 0 0 0 0 2 0 0 0 0 0 0 0 0 0 0 0 0 0 0 0 0 0 0 0 0 0 0 0 0 0 0 0 0 0 0 0 0 0 0 0 0 0 0 0 0 0 0 1 0 0 
0 0 0 0 0 0 0 0 1 0 0 1 0 0 0 0 0 0 0 0 0 0 0 0 0 0 2 0 0 0 0 0 0 0 0 2 0 0 0 0 0 0 0 0 0 0 0 0 0 0 0 0 0 0 0 0 0 0 0 0 0 0 0 0 0 0 0 0 0 0 0 0 0 0 0 0 0 0 1 0 0 
1
0 0 0 0 0 0 0 0 0 
0 0 0 0 0 0 0 0 1 0 0 1 0 0 0 0 0 0 0 0 0 0 0 0 0 0 2 0 0 0 0 0 0 0 0 2 0 0 0 0 0 0 0 0 0 0 0 0 0 0 0 0 0 0 0 0 0 0 0 0 0 0 0 0 2 0 0 0 0 0 0 0 0 0 0 0 0 0 1 0 0 
0 0 0 0 0 0 0 0 1 0 0 1 0 0 0 0 0 0 0 0 0 0 0 0 0 0 2 0 0 0 0 0 0 0 0 2 0 0 0 0 0 0 0 0 0 0 0 0 0 0 0 0 0 0 0 0 0 0 0 0 0 0 0 0 2 0 0 0 0 0 0 0 0 0 0 0 0 0 1 0 0 
1
0 0 0 0 0 0 0 0 0 
0 0 0 0 0 0 0 0 1 0 0 1 0 0 0 0 0 0 0 0 0 0 0 0 0 0 2 0 0 0 0 0 0 0 0 2 0 0 0 0 0 0 0 0 0 0 0 0 0 0 1 0 0 0 0 0 0 0 0 0 0 0 0 0 2 0 0 0 0 0 0 0 0 0 0 0 0 0 1 0 0 
0 0 0 0 0 0 0 0 1 0 0 1 0 0 0 0 0 0 0 0 0 0 0 0 0 0 2 0 0 0 0 0 0 0 0 2 0 0 0 0 0 0 0 0 0 0 0 0 0 0 1 0 0 0 0 0 0 0 0 0 0 0 0 0 2 0 0 0 0 0 0 0 0 0 0 0 0 0 1 0 0 
1
0 0 0 0 0 0 0 0 0 
0 0 0 0 0 0 0 0 1 0 0 1 0 0 0 0 0 0 0 0 0 0 0 0 0 0 2 0 0 0 0 0 0 0 0 2 0 0 0 0 0 0 0 0 0 0 0 0 0 0 1 0 0 0 0 0 0 0 0 0 0 0 2 0 2 0 0 0 0 0 0 0 0 0 0 0 0 0 1 0 0 
0 0 0 0 0 0 0 0 1 0 0 1 0 0 0 0 0 0 0 0 0 0 0 0 0 0 2 0 0 0 0 0 0 0 0 2 0 0 0 0 0 0 0 0 0 0 0 0 0 0 1 0 0 0 0 0 0 0 0 0 0 0 2 0 2 0 0 0 0 0 0 0 0 0 0 0 0 0 1 0 0 
1
0 0 0 0 0 0 0 0 0 
0 0 0 0 0 0 0 1 1 0 0 1 0 0 0 0 0 0 0 0 0 0 0 0 0 0 2 0 0 0 0 0 0 0 0 2 0 0 0 0 0 0 0 0 0 0 0 0 0 0 1 0 0 0 0 0 0 0 0 0 0 0 2 0 2 0 0 0 0 0 0 0 0 0 0 0 0 0 1 0 0 
0 0 0 0 0 0 0 1 1 0 0 1 0 0 0 0 0 0 0 0 0 0 0 0 0 0 2 0 0 0 0 0 0 0 0 2 0 0 0 0 0 0 0 0 0 0 0 0 0 0 1 0 0 0 0 0 0 0 0 0 0 0 2 0 2 0 0 0 0 0 0 0 0 0 0 0 0 0 1 0 0 
1
0 0 0 0 0 0 0 0 0 
0 0 0 0 0 0 0 1 1 0 0 1 0 0 0 0 0 0 0 0 0 0 2 0 0 0 2 0 0 0 0 0 0 0 0 2 0 0 0 0 0 0 0 0 0 0 0 0 0 0 1 0 0 0 0 0 0 0 0 0 0 0 2 0 2 0 0 0 0 0 0 0 0 0 0 0 0 0 1 0 0 
0 0 0 0 0 0 0 1 1 0 0 1 0 0 0 0 0 0 0 0 0 0 2 0 0 0 2 0 0 0 0 0 0 0 0 2 0 0 0 0 0 0 0 0 0 0 0 0 0 0 1 0 0 0 0 0 0 0 0 0 0 0 2 0 2 0 0 0 0 0 0 0 0 0 0 0 0 0 1 0 0 
1
0 0 0 0 0 0 0 0 0 
0 0 0 0 0 0 0 1 1 0 0 1 0 0 0 0 0 0 0 0 0 0 2 0 0 0 2 0 0 0 0 0 0 0 0 2 0 0 0 0 0 0 0 0 0 0 0 0 0 0 1 0 0 0 0 0 0 0 0 0 0 0 2 0 2 0 0 0 0 0 0 0 0 0 0 1 0 0 1 0 0 
0 0 0 0 0 0 0 1 1 0 0 1 0 0 0 0 0 0 0 0 0 0 2 0 0 0 2 0 0 0 0 0 0 0 0 2 0 0 0 0 0 0 0 0 0 0 0 0 0 0 1 0 0 0 0 0 0 0 0 0 0 0 2 0 2 0 0 0 0 0 0 0 0 0 0 1 0 0 1 0 0 
1
0 0 0 0 0 0 0 0 0 
0 0 0 0 0 0 0 1 1 0 0 1 0 0 0 0 0 0 0 0 0 0 2 0 0 0 2 0 0 0 0 0 0 0 0 2 0 0 0 0 0 0 0 0 0 0 0 0 0 0 1 0 0 0 0 0 0 0 0 0 0 0 2 2 2 0 0 0 0 0 0 0 0 0 0 1 0 0 1 0 0 
0 0 0 0 0 0 0 1 1 0 0 1 0 0 0 0 0 0 0 0 0 0 2 0 0 0 2 0 0 0 0 0 0 0 0 2 0 0 0 0 0 0 0 0 0 0 0 0 0 0 1 0 0 0 0 0 0 0 0 0 0 0 2 2 2 0 0 0 0 0 0 0 0 0 0 1 0 0 1 0 0 
1
0 0 0 0 0 0 0 0 0 
0 0 0 0 0 0 0 1 1 0 0 1 0 0 0 0 0 0 0 0 0 0 2 0 0 0 2 0 0 0 0 0 0 0 0 2 0 0 0 0 0 0 0 0 0 0 1 0 0 0 1 0 0 0 0 0 0 0 0 0 0 0 2 2 2 0 0 0 0 0 0 0 0 0 0 1 0 0 1 0 0 
0 0 0 0 0 0 0 1 1 0 0 1 0 0 0 0 0 0 0 0 0 0 2 0 0 0 2 0 0 0 0 0 0 0 0 2 0 0 0 0 0 0 0 0 0 0 1 0 0 0 1 0 0 0 0 0 0 0 0 0 0 0 2 2 2 0 0 0 0 0 0 0 0 0 0 1 0 0 1 0 0 
1
0 0 0 0 0 0 0 0 0 
0 0 0 0 0 0 0 1 1 0 0 1 0 0 0 0 0 0 0 0 0 0 2 0 0 0 2 0 0 0 0 0 0 0 0 2 0 0 0 0 0 0 0 0 0 0 1 0 0 0 1 0 0 0 0 0 0 0 0 0 0 0 2 2 2 0 2 0 0 0 0 0 0 0 0 1 0 0 1 0 0 
0 0 0 0 0 0 0 1 1 0 0 1 0 0 0 0 0 0 0 0 0 0 2 0 0 0 2 0 0 0 0 0 0 0 0 2 0 0 0 0 0 0 0 0 0 0 1 0 0 0 1 0 0 0 0 0 0 0 0 0 0 0 2 2 2 0 2 0 0 0 0 0 0 0 0 1 0 0 1 0 0 
1
0 0 0 0 0 0 0 0 0 
0 0 0 0 0 0 0 1 1 0 0 1 0 0 0 0 0 0 0 0 0 0 2 0 0 0 2 0 0 0 0 0 0 0 0 2 1 0 0 0 0 0 0 0 0 0 1 0 0 0 1 0 0 0 0 0 0 0 0 0 0 0 2 2 2 0 2 0 0 0 0 0 0 0 0 1 0 0 1 0 0 
0 0 0 0 0 0 0 1 1 0 0 1 0 0 0 0 0 0 0 0 0 0 2 0 0 0 2 0 0 0 0 0 0 0 0 2 1 0 0 0 0 0 0 0 0 0 1 0 0 0 1 0 0 0 0 0 0 0 0 0 0 0 2 2 2 0 2 0 0 0 0 0 0 0 0 1 0 0 1 0 0 
1
0 0 0 0 0 0 0 0 0 
0 0 0 0 0 0 0 1 1 0 0 1 0 0 0 0 0 0 0 0 0 0 2 0 0 0 2 0 0 0 0 0 0 0 0 2 1 0 0 0 0 0 0 0 0 2 1 0 0 0 1 0 0 0 0 0 0 0 0 0 0 0 2 2 2 0 2 0 0 0 0 0 0 0 0 1 0 0 1 0 0 
0 0 0 0 0 0 0 1 1 0 0 1 0 0 0 0 0 0 0 0 0 0 2 0 0 0 2 0 0 0 0 0 0 0 0 2 1 0 0 0 0 0 0 0 0 2 1 0 0 0 1 0 0 0 0 0 0 0 0 0 0 0 2 2 2 0 2 0 0 0 0 0 0 0 0 1 0 0 1 0 0 
1
0 0 0 0 0 0 0 0 0 
0 0 0 0 0 0 0 1 1 0 0 1 0 0 0 0 0 0 0 0 0 0 2 0 0 0 2 0 0 0 0 0 0 0 0 2 1 0 0 0 0 0 0 0 0 2 1 0 0 0 1 0 0 0 0 0 0 0 0 0 0 0 2 2 2 1 2 0 0 0 0 0 0 0 0 1 0 0 1 0 0 
0 0 0 0 0 0 0 1 1 0 0 1 0 0 0 0 0 0 0 0 0 0 2 0 0 0 2 0 0 0 0 0 0 0 0 2 1 0 0 0 0 0 0 0 0 2 1 0 0 0 1 0 0 0 0 0 0 0 0 0 0 0 2 2 2 1 2 0 0 0 0 0 0 0 0 1 0 0 1 0 0 
1
0 0 0 0 0 0 0 0 0 
0 0 0 0 0 0 0 1 1 0 0 1 0 0 0 0 0 0 0 0 0 0 2 0 0 0 2 0 0 0 0 0 0 0 0 2 1 0 0 0 0 0 0 0 2 2 1 0 0 0 1 0 0 0 0 0 0 0 0 0 0 0 2 2 2 1 2 0 0 0 0 0 0 0 0 1 0 0 1 0 0 
0 0 0 0 0 0 0 1 1 0 0 1 0 0 0 0 0 0 0 0 0 0 2 0 0 0 2 0 0 0 0 0 0 0 0 2 1 0 0 0 0 0 0 0 2 2 1 0 0 0 1 0 0 0 0 0 0 0 0 0 0 0 2 2 2 1 2 0 0 0 0 0 0 0 0 1 0 0 1 0 0 
1
0 0 0 0 0 0 0 0 0 
0 0 0 0 0 0 0 1 1 0 0 1 0 0 0 0 0 0 0 0 0 0 2 0 0 0 2 0 0 0 0 0 0 0 0 2 1 0 0 0 0 0 0 0 2 2 1 0 0 0 1 0 0 1 0 0 0 0 0 0 0 0 2 2 2 1 2 0 0 0 0 0 0 0 0 1 0 0 1 0 0 
0 0 0 0 0 0 0 1 1 0 0 1 0 0 0 0 0 0 0 0 0 0 2 0 0 0 2 0 0 0 0 0 0 0 0 2 1 0 0 0 0 0 0 0 2 2 1 0 0 0 1 0 0 1 0 0 0 0 0 0 0 0 2 2 2 1 2 0 0 0 0 0 0 0 0 1 0 0 1 0 0 
1
0 0 0 0 0 0 0 0 0 
0 0 0 0 0 0 0 1 1 0 0 1 0 0 0 0 0 0 0 0 0 0 2 0 0 0 2 0 0 0 0 0 0 0 0 2 1 0 0 0 0 0 0 0 2 2 1 0 0 0 1 0 0 1 0 0 0 0 0 0 0 0 2 2 2 1 2 0 0 0 0 0 0 0 0 1 0 0 1 0 2 
0 0 0 0 0 0 0 1 1 0 0 1 0 0 0 0 0 0 0 0 0 0 2 0 0 0 2 0 0 0 0 0 0 0 0 2 1 0 0 0 0 0 0 0 2 2 1 0 0 0 1 0 0 1 0 0 0 0 0 0 0 0 2 2 2 1 2 0 0 0 0 0 0 0 0 1 0 0 1 0 2 
1
0 0 0 0 0 0 0 0 0 
0 0 0 0 0 0 0 1 1 0 0 1 0 0 0 0 0 0 0 0 0 0 2 0 0 0 2 0 0 0 0 0 0 0 0 2 1 0 0 0 0 0 0 0 2 2 1 0 0 0 1 0 0 1 0 0 0 0 0 0 0 0 2 2 2 1 2 0 0 0 0 1 0 0 0 1 0 0 1 0 2 
0 0 0 0 0 0 0 1 1 0 0 1 0 0 0 0 0 0 0 0 0 0 2 0 0 0 2 0 0 0 0 0 0 0 0 2 1 0 0 0 0 0 0 0 2 2 1 0 0 0 1 0 0 1 0 0 0 0 0 0 0 0 2 2 2 1 2 0 0 0 0 1 0 0 0 1 0 0 1 0 2 
1
0 0 0 0 0 0 0 0 0 
0 0 0 0 0 0 0 1 1 0 0 1 0 0 0 0 0 0 0 0 0 0 2 0 0 0 2 0 0 0 0 0 0 0 0 2 1 0 0 0 0 0 2 0 2 2 1 0 0 0 1 0 0 1 0 0 0 0 0 0 0 0 2 2 2 1 2 0 0 0 0 1 0 0 0 1 0 0 1 0 2 
0 0 0 0 0 0 0 1 1 0 0 1 0 0 0 0 0 0 0 0 0 0 2 0 0 0 2 0 0 0 0 0 0 0 0 2 1 0 0 0 0 0 2 0 2 2 1 0 0 0 1 0 0 1 0 0 0 0 0 0 0 0 2 2 2 1 2 0 0 0 0 1 0 0 0 1 0 0 1 0 2 
1
0 0 0 0 0 0 0 0 0 
0 0 0 0 0 0 0 1 1 0 0 1 0 0 0 0 0 0 0 0 0 0 2 0 0 0 2 0 0 0 0 0 0 0 0 2 1 1 0 0 0 0 2 0 2 2 1 0 0 0 1 0 0 1 0 0 0 0 0 0 0 0 2 2 2 1 2 0 0 0 0 1 0 0 0 1 0 0 1 0 2 
0 0 0 0 0 0 0 1 1 0 0 1 0 0 0 0 0 0 0 0 0 0 2 0 0 0 2 0 0 0 0 0 0 0 0 2 1 1 0 0 0 0 2 0 2 2 1 0 0 0 1 0 0 1 0 0 0 0 0 0 0 0 2 2 2 1 2 0 0 0 0 1 0 0 0 1 0 0 1 0 2 
1
0 0 0 0 0 0 0 0 0 
0 0 0 0 0 0 0 1 1 0 0 1 0 0 0 0 0 0 0 0 0 0 2 0 0 0 2 0 0 0 0 0 0 0 0 2 1 1 0 0 0 0 2 0 2 2 1 0 2 0 1 0 0 1 0 0 0 0 0 0 0 0 2 2 2 1 2 0 0 0 0 1 0 0 0 1 0 0 1 0 2 
0 0 0 0 0 0 0 1 1 0 0 1 0 0 0 0 0 0 0 0 0 0 2 0 0 0 2 0 0 0 0 0 0 0 0 2 1 1 0 0 0 0 2 0 2 2 1 0 2 0 1 0 0 1 0 0 0 0 0 0 0 0 2 2 2 1 2 0 0 0 0 1 0 0 0 1 0 0 1 0 2 
1
0 0 0 0 0 0 0 0 0 
0 0 0 0 0 0 0 1 1 0 0 1 0 0 0 0 0 0 0 0 0 0 2 0 0 0 2 0 0 0 0 0 0 0 0 2 1 1 0 0 0 0 2 0 2 2 1 0 2 0 1 0 0 1 1 0 0 0 0 0 0 0 2 2 2 1 2 0 0 0 0 1 0 0 0 1 0 0 1 0 2 
0 0 0 0 0 0 0 1 1 0 0 1 0 0 0 0 0 0 0 0 0 0 2 0 0 0 2 0 0 0 0 0 0 0 0 2 1 1 0 0 0 0 2 0 2 2 1 0 2 0 1 0 0 1 1 0 0 0 0 0 0 0 2 2 2 1 2 0 0 0 0 1 0 0 0 1 0 0 1 0 2 
1
0 0 0 0 0 0 0 0 0 
0 0 0 0 0 0 0 1 1 0 2 1 0 0 0 0 0 0 0 0 0 0 2 0 0 0 2 0 0 0 0 0 0 0 0 2 1 1 0 0 0 0 2 0 2 2 1 0 2 0 1 0 0 1 1 0 0 0 0 0 0 0 2 2 2 1 2 0 0 0 0 1 0 0 0 1 0 0 1 0 2 
0 0 0 0 0 0 0 1 1 0 2 1 0 0 0 0 0 0 0 0 0 0 2 0 0 0 2 0 0 0 0 0 0 0 0 2 1 1 0 0 0 0 2 0 2 2 1 0 2 0 1 0 0 1 1 0 0 0 0 0 0 0 2 2 2 1 2 0 0 0 0 1 0 0 0 1 0 0 1 0 2 
1
0 0 0 0 0 0 0 0 0 
0 0 0 0 0 0 0 1 1 0 2 1 0 0 0 0 0 0 0 0 0 0 2 0 0 0 2 0 0 0 0 0 0 0 0 2 1 1 0 0 0 1 2 0 2 2 1 0 2 0 1 0 0 1 1 0 0 0 0 0 0 0 2 2 2 1 2 0 0 0 0 1 0 0 0 1 0 0 1 0 2 
0 0 0 0 0 0 0 1 1 0 2 1 0 0 0 0 0 0 0 0 0 0 2 0 0 0 2 0 0 0 0 0 0 0 0 2 1 1 0 0 0 1 2 0 2 2 1 0 2 0 1 0 0 1 1 0 0 0 0 0 0 0 2 2 2 1 2 0 0 0 0 1 0 0 0 1 0 0 1 0 2 
1
0 0 0 0 0 2 0 0 0 
0 0 0 0 0 0 0 1 1 0 2 1 0 0 0 0 0 0 0 0 0 0 2 0 0 0 2 0 0 0 0 0 0 0 0 2 1 1 0 0 0 1 2 2 2 2 1 0 2 0 1 0 0 1 1 0 0 0 0 0 0 0 2 2 2 1 2 0 0 0 0 1 0 0 0 1 0 0 1 0 2 
0 0 0 0 0 0 0 1 1 0 2 1 0 0 0 0 0 0 0 0 0 0 2 0 0 0 2 0 0 0 0 0 0 32 32 34 1 1 0 0 0 1 34 34 34 2 1 0 2 0 1 32 32 33 1 0 0 0 0 0 0 0 2 2 2 1 2 0 0 0 0 1 0 0 0 1 0 0 1 0 2 
1
0 0 0 0 1 2 0 0 0 
0 0 0 0 0 0 0 1 1 0 2 1 0 0 0 0 0 0 0 0 0 0 2 0 0 0 2 0 0 0 0 0 1 0 0 2 1 1 0 0 0 1 2 2 2 2 1 0 2 0 1 0 0 1 1 0 0 0 0 0 0 0 2 2 2 1 2 0 0 0 0 1 0 0 0 1 0 0 1 0 2 
0 0 0 0 0 0 0 1 1 0 2 1 0 0 0 0 0 0 0 0 0 0 2 0 0 0 2 0 0 0 16 16 17 32 32 34 1 1 0 16 16 17 34 34 34 2 1 0 18 16 17 32 32 33 1 0 0 0 0 0 0 0 2 2 2 1 2 0 0 0 0 1 0 0 0 1 0 0 1 0 2 
1
0 0 0 0 1 2 0 0 0 
0 0 0 0 0 0 2 1 1 0 2 1 0 0 0 0 0 0 0 0 0 0 2 0 0 0 2 0 0 0 0 0 1 0 0 2 1 1 0 0 0 1 2 2 2 2 1 0 2 0 1 0 0 1 1 0 0 0 0 0 0 0 2 2 2 1 2 0 0 0 0 1 0 0 0 1 0 0 1 0 2 
0 0 0 0 0 0 2 1 1 0 2 1 0 0 0 0 0 0 0 0 0 0 2 0 0 0 2 0 0 0 16 16 17 32 32 34 1 1 0 16 16 17 34 34 34 2 1 0 18 16 17 32 32 33 1 0 0 0 0 0 0 0 2 2 2 1 2 0 0 0 0 1 0 0 0 1 0 0 1 0 2 
1
0 0 0 0 1 2 0 0 0 
0 0 0 0 0 0 2 1 1 1 2 1 0 0 0 0 0 0 0 0 0 0 2 0 0 0 2 0 0 0 0 0 1 0 0 2 1 1 0 0 0 1 2 2 2 2 1 0 2 0 1 0 0 1 1 0 0 0 0 0 0 0 2 2 2 1 2 0 0 0 0 1 0 0 0 1 0 0 1 0 2 
0 0 0 0 0 0 2 1 1 1 2 1 0 0 0 0 0 0 0 0 0 0 2 0 0 0 2 0 0 0 16 16 17 32 32 34 1 1 0 16 16 17 34 34 34 2 1 0 18 16 17 32 32 33 1 0 0 0 0 0 0 0 2 2 2 1 2 0 0 0 0 1 0 0 0 1 0 0 1 0 2 
1
0 0 0 0 1 2 0 0 0 
0 0 0 0 0 0 2 1 1 1 2 1 0 0 0 0 0 0 0 0 0 0 2 0 0 0 2 0 0 0 0 0 1 0 0 2 1 1 2 0 0 1 2 2 2 2 1 0 2 0 1 0 0 1 1 0 0 0 0 0 0 0 2 2 2 1 2 0 0 0 0 1 0 0 0 1 0 0 1 0 2 
0 0 0 0 0 0 2 1 1 1 2 1 0 0 0 0 0 0 0 0 0 0 2 0 0 0 2 0 0 0 16 16 17 32 32 34 1 1 2 16 16 17 34 34 34 2 1 0 18 16 17 32 32 33 1 0 0 0 0 0 0 0 2 2 2 1 2 0 0 0 0 1 0 0 0 1 0 0 1 0 2 
1
0 0 0 0 1 2 0 0 0 
0 0 0 0 0 0 2 1 1 1 2 1 0 0 0 0 0 0 0 0 0 0 2 0 0 0 2 0 0 0 0 0 1 0 0 2 1 1 2 0 0 1 2 2 2 2 1 0 2 0 1 0 0 1 1 0 0 0 0 0 0 0 2 2 2 1 2 0 0 1 0 1 0 0 0 1 0 0 1 0 2 
0 0 0 0 0 0 2 1 1 1 2 1 0 0 0 0 0 0 0 0 0 0 2 0 0 0 2 0 0 0 16 16 17 32 32 34 1 1 2 16 16 17 34 34 34 2 1 0 18 16 17 32 32 33 1 0 0 0 0 0 0 0 2 2 2 1 2 0 0 1 0 1 0 0 0 1 0 0 1 0 2 
1
0 0 0 0 1 2 0 0 0 
0 0 0 0 0 0 2 1 1 1 2 1 0 0 0 0 0 0 0 0 0 0 2 0 0 0 2 0 2 0 0 0 1 0 0 2 1 1 2 0 0 1 2 2 2 2 1 0 2 0 1 0 0 1 1 0 0 0 0 0 0 0 2 2 2 1 2 0 0 1 0 1 0 0 0 1 0 0 1 0 2 
0 0 0 0 0 0 2 1 1 1 2 1 0 0 0 0 0 0 0 0 0 0 2 0 0 0 2 0 2 0 16 16 17 32 32 34 1 1 2 16 16 17 34 34 34 2 1 0 18 16 17 32 32 33 1 0 0 0 0 0 0 0 2 2 2 1 2 0 0 1 0 1 0 0 0 1 0 0 1 0 2 
1
0 0 0 0 1 2 0 0 0 
0 0 0 0 0 0 2 1 1 1 2 1 1 0 0 0 0 0 0 0 0 0 2 0 0 0 2 0 2 0 0 0 1 0 0 2 1 1 2 0 0 1 2 2 2 2 1 0 2 0 1 0 0 1 1 0 0 0 0 0 0 0 2 2 2 1 2 0 0 1 0 1 0 0 0 1 0 0 1 0 2 
0 0 0 0 0 0 2 1 1 1 2 1 1 0 0 0 0 0 0 0 0 0 2 0 0 0 2 0 2 0 16 16 17 32 32 34 1 1 2 16 16 17 34 34 34 2 1 0 18 16 17 32 32 33 1 0 0 0 0 0 0 0 2 2 2 1 2 0 0 1 0 1 0 0 0 1 0 0 1 0 2 
1
0 0 0 0 1 2 0 0 0 
0 0 0 0 0 0 2 1 1 1 2 1 1 0 0 0 0 0 0 0 0 0 2 0 0 0 2 0 2 2 0 0 1 0 0 2 1 1 2 0 0 1 2 2 2 2 1 0 2 0 1 0 0 1 1 0 0 0 0 0 0 0 2 2 2 1 2 0 0 1 0 1 0 0 0 1 0 0 1 0 2 
0 0 0 0 0 0 2 1 1 1 2 1 1 0 0 0 0 0 0 0 0 0 2 0 0 0 2 0 2 2 16 16 17 32 32 34 1 1 2 16 16 17 34 34 34 2 1 0 18 16 17 32 32 33 1 0 0 0 0 0 0 0 2 2 2 1 2 0 0 1 0 1 0 0 0 1 0 0 1 0 2 
1
0 0 0 0 1 2 0 0 0 
0 0 0 0 0 0 2 1 1 1 2 1 1 0 0 1 0 0 0 0 0 0 2 0 0 0 2 0 2 2 0 0 1 0 0 2 1 1 2 0 0 1 2 2 2 2 1 0 2 0 1 0 0 1 1 0 0 0 0 0 0 0 2 2 2 1 2 0 0 1 0 1 0 0 0 1 0 0 1 0 2 
0 0 0 0 0 0 2 1 1 1 2 1 1 0 0 1 0 0 0 0 0 0 2 0 0 0 2 0 2 2 16 16 17 32 32 34 1 1 2 16 16 17 34 34 34 2 1 0 18 16 17 32 32 33 1 0 0 0 0 0 0 0 2 2 2 1 2 0 0 1 0 1 0 0 0 1 0 0 1 0 2 
1
0 0 0 2 1 2 0 0 0 
0 0 0 0 0 0 2 1 1 1 2 1 1 0 0 1 0 0 0 0 0 0 2 0 0 0 2 2 2 2 0 0 1 0 0 2 1 1 2 0 0 1 2 2 2 2 1 0 2 0 1 0 0 1 1 0 0 0 0 0 0 0 2 2 2 1 2 0 0 1 0 1 0 0 0 1 0 0 1 0 2 
0 0 0 0 0 0 2 1 1 1 2 1 1 0 0 1 0 0 0 0 0 0 2 0 0 0 2 34 34 34 16 16 17 32 32 34 33 33 34 16 16 17 34 34 34 34 33 32 18 16 17 32 32 33 1 0 0 0 0 0 0 0 2 2 2 1 2 0 0 1 0 1 0 0 0 1 0 0 1 0 2 
1
0 0 0 2 1 2 0 0 0 
0 0 1 0 0 0 2 1 1 1 2 1 1 0 0 1 0 0 0 0 0 0 2 0 0 0 2 2 2 2 0 0 1 0 0 2 1 1 2 0 0 1 2 2 2 2 1 0 2 0 1 0 0 1 1 0 0 0 0 0 0 0 2 2 2 1 2 0 0 1 0 1 0 0 0 1 0 0 1 0 2 
0 0 1 0 0 0 2 1 1 1 2 1 1 0 0 1 0 0 0 0 0 0 2 0 0 0 2 34 34 34 16 16 17 32 32 34 33 33 34 16 16 17 34 34 34 34 33 32 18 16 17 32 32 33 1 0 0 0 0 0 0 0 2 2 2 1 2 0 0 1 0 1 0 0 0 1 0 0 1 0 2 
1
0 0 2 2 1 2 0 0 0 
0 0 1 0 0 0 2 1 1 1 2 1 1 0 0 1 2 0 0 0 0 0 2 0 0 0 2 2 2 2 0 0 1 0 0 2 1 1 2 0 0 1 2 2 2 2 1 0 2 0 1 0 0 1 1 0 0 0 0 0 0 0 2 2 2 1 2 0 0 1 0 1 0 0 0 1 0 0 1 0 2 
0 0 1 0 0 0 34 33 33 1 2 1 1 0 0 33 34 32 0 0 0 0 2 0 32 32 34 34 34 34 16 16 17 32 32 34 33 33 34 16 16 17 34 34 34 34 33 32 18 16 17 32 32 33 1 0 0 0 0 0 0 0 2 2 2 1 2 0 0 1 0 1 0 0 0 1 0 0 1 0 2 
1
0 0 2 2 1 2 0 0 0 
0 1 1 0 0 0 2 1 1 1 2 1 1 0 0 1 2 0 0 0 0 0 2 0 0 0 2 2 2 2 0 0 1 0 0 2 1 1 2 0 0 1 2 2 2 2 1 0 2 0 1 0 0 1 1 0 0 0 0 0 0 0 2 2 2 1 2 0 0 1 0 1 0 0 0 1 0 0 1 0 2 
0 1 1 0 0 0 34 33 33 1 2 1 1 0 0 33 34 32 0 0 0 0 2 0 32 32 34 34 34 34 16 16 17 32 32 34 33 33 34 16 16 17 34 34 34 34 33 32 18 16 17 32 32 33 1 0 0 0 0 0 0 0 2 2 2 1 2 0 0 1 0 1 0 0 0 1 0 0 1 0 2 
1
0 0 2 2 1 2 0 0 0 
0 1 1 0 0 0 2 1 1 1 2 1 1 0 2 1 2 0 0 0 0 0 2 0 0 0 2 2 2 2 0 0 1 0 0 2 1 1 2 0 0 1 2 2 2 2 1 0 2 0 1 0 0 1 1 0 0 0 0 0 0 0 2 2 2 1 2 0 0 1 0 1 0 0 0 1 0 0 1 0 2 
0 1 1 0 0 0 34 33 33 1 2 1 1 0 2 33 34 32 0 0 0 0 2 0 32 32 34 34 34 34 16 16 17 32 32 34 33 33 34 16 16 17 34 34 34 34 33 32 18 16 17 32 32 33 1 0 0 0 0 0 0 0 2 2 2 1 2 0 0 1 0 1 0 0 0 1 0 0 1 0 2 
1
0 0 2 2 1 2 0 0 1 
0 1 1 0 0 0 2 1 1 1 2 1 1 0 2 1 2 0 0 0 0 0 2 0 0 0 2 2 2 2 0 0 1 0 0 2 1 1 2 0 0 1 2 2 2 2 1 0 2 0 1 0 0 1 1 0 0 0 0 0 1 0 2 2 2 1 2 0 0 1 0 1 0 0 0 1 0 0 1 0 2 
0 1 1 0 0 0 34 33 33 1 2 1 1 0 2 33 34 32 0 0 0 0 2 0 32 32 34 34 34 34 16 16 17 32 32 34 33 33 34 16 16 17 34 34 34 34 33 32 18 16 17 32 32 33 1 0 0 0 0 0 17 16 18 2 2 1 2 0 0 17 16 17 0 0 0 1 0 0 17 16 18 
1
0 0 2 2 1 2 0 0 1 
0 1 1 0 0 0 2 1 1 1 2 1 1 0 2 1 2 0 0 0 2 0 2 0 0 0 2 2 2 2 0 0 1 0 0 2 1 1 2 0 0 1 2 2 2 2 1 0 2 0 1 0 0 1 1 0 0 0 0 0 1 0 2 2 2 1 2 0 0 1 0 1 0 0 0 1 0 0 1 0 2 
0 1 1 0 0 0 34 33 33 1 2 1 1 0 2 33 34 32 0 0 2 0 2 0 32 32 34 34 34 34 16 16 17 32 32 34 33 33 34 16 16 17 34 34 34 34 33 32 18 16 17 32 32 33 1 0 0 0 0 0 17 16 18 2 2 1 2 0 0 17 16 17 0 0 0 1 0 0 17 16 18 
1
1 0 2 2 1 2 0 0 1 
1 1 1 0 0 0 2 1 1 1 2 1 1 0 2 1 2 0 0 0 2 0 2 0 0 0 2 2 2 2 0 0 1 0 0 2 1 1 2 0 0 1 2 2 2 2 1 0 2 0 1 0 0 1 1 0 0 0 0 0 1 0 2 2 2 1 2 0 0 1 0 1 0 0 0 1 0 0 1 0 2 
17 17 17 0 0 0 34 33 33 17 18 17 1 0 2 33 34 32 16 16 18 0 2 0 32 32 34 34 34 34 16 16 17 32 32 34 33 33 34 16 16 17 34 34 34 34 33 32 18 16 17 32 32 33 1 0 0 0 0 0 17 16 18 2 2 1 2 0 0 17 16 17 0 0 0 1 0 0 17 16 18 
1
1 0 2 2 1 2 0 0 1 
1 1 1 0 0 0 2 1 1 1 2 1 1 0 2 1 2 0 0 0 2 0 2 0 0 0 2 2 2 2 0 0 1 0 0 2 1 1 2 0 0 1 2 2 2 2 1 0 2 0 1 0 0 1 1 0 0 0 0 0 1 0 2 2 2 1 2 0 0 1 0 1 0 0 0 1 0 0 1 0 2 
17 17 17 0 0 0 34 33 33 17 18 17 1 0 2 33 34 32 16 16 18 0 2 0 32 32 34 34 34 34 16 16 17 32 32 34 33 33 34 16 16 17 34 34 34 34 33 32 18 16 17 32 32 33 1 0 0 0 0 0 17 16 18 2 2 1 2 0 0 17 16 17 0 0 0 1 0 0 17 16 18 
1
