0 0 0 0 0 0 0 0 0 
0 0 0 0 0 0 0 0 0 0 0 0 0 0 0 0 0 0 0 0 0 0 0 0 0 0 0 0 0 0 0 0 0 0 0 0 0 0 0 0 0 0 0 0 0 0 0 0 1 0 0 0 0 0 0 0 0 0 0 0 0 0 0 0 0 0 0 0 0 0 0 0 0 0 0 0 0 0 0 0 0 
0 0 0 0 0 0 0 0 0 0 0 0 0 0 0 0 0 0 0 0 0 0 0 0 0 0 0 0 0 0 0 0 0 0 0 0 0 0 0 0 0 0 0 0 0 0 0 0 1 0 0 0 0 0 0 0 0 0 0 0 0 0 0 0 0 0 0 0 0 0 0 0 0 0 0 0 0 0 0 0 0 
1
0 0 0 0 0 0 0 0 0 
0 0 0 0 0 0 0 0 0 0 0 0 0 0 0 0 0 0 0 0 0 0 0 0 0 0 0 0 0 0 0 0 0 0 0 0 0 0 0 0 0 0 0 0 0 0 0 0 1 0 0 0 0 0 0 0 0 0 0 0 0 0 0 0 0 0 0 0 0 0 0 0 2 0 0 0 0 0 0 0 0 
0 0 0 0 0 0 0 0 0 0 0 0 0 0 0 0 0 0 0 0 0 0 0 0 0 0 0 0 0 0 0 0 0 0 0 0 0 0 0 0 0 0 0 0 0 0 0 0 1 0 0 0 0 0 0 0 0 0 0 0 0 0 0 0 0 0 0 0 0 0 0 0 2 0 0 0 0 0 0 0 0 
1
0 0 0 0 0 0 0 0 0 
0 0 0 0 0 0 0 0 0 0 0 0 0 0 0 0 0 0 0 0 0 0 0 0 0 0 0 0 0 0 0 0 0 0 0 0 0 0 0 0 0 0 0 0 0 0 0 0 1 0 0 0 0 0 0 0 0 0 0 0 0 0 0 0 1 0 0 0 0 0 0 0 2 0 0 0 0 0 0 0 0 
0 0 0 0 0 0 0 0 0 0 0 0 0 0 0 0 0 0 0 0 0 0 0 0 0 0 0 0 0 0 0 0 0 0 0 0 0 0 0 0 0 0 0 0 0 0 0 0 1 0 0 0 0 0 0 0 0 0 0 0 0 0 0 0 1 0 0 0 0 0 0 0 2 0 0 0 0 0 0 0 0 
1
0 0 0 0 0 0 0 0 0 
0 0 0 0 0 0 0 0 0 0 0 0 0 0 0 0 0 0 0 0 0 0 0 0 0 0 0 0 0 0 0 0 0 0 0 0 0 0 0 0 0 0 0 0 0 0 0 0 1 0 2 0 0 0 0 0 0 0 0 0 0 0 0 0 1 0 0 0 0 0 0 0 2 0 0 0 0 0 0 0 0 
0 0 0 0 0 0 0 0 0 0 0 0 0 0 0 0 0 0 0 0 0 0 0 0 0 0 0 0 0 0 0 0 0 0 0 0 0 0 0 0 0 0 0 0 0 0 0 0 1 0 2 0 0 0 0 0 0 0 0 0 0 0 0 0 1 0 0 0 0 0 0 0 2 0 0 0 0 0 0 0 0 
1
0 0 0 0 0 0 0 0 0 
0 0 0 0 0 0 0 0 0 0 0 0 0 0 0 0 0 0 0 0 0 0 0 0 0 0 0 0 0 0 0 0 0 0 0 0 0 0 0 0 0 0 0 0 0 0 0 0 1 0 2 0 0 0 0 0 0 0 0 0 0 0 0 0 1 0 0 0 0 0 0 0 2 0 0 0 0 0 0 0 1 
0 0 0 0 0 0 0 0 0 0 0 0 0 0 0 0 0 0 0 0 0 0 0 0 0 0 0 0 0 0 0 0 0 0 0 0 0 0 0 0 0 0 0 0 0 0 0 0 1 0 2 0 0 0 0 0 0 0 0 0 0 0 0 0 1 0 0 0 0 0 0 0 2 0 0 0 0 0 0 0 1 
1
0 0 0 0 0 0 0 0 0 
0 0 0 0 0 0 0 0 0 0 0 0 0 0 0 0 0 0 0 0 0 0 0 0 0 0 0 0 0 0 0 0 0 0 0 0 0 0 0 0 0 0 0 0 0 0 0 0 1 0 2 0 0 0 0 0 0 0 0 0 2 0 0 0 1 0 0 0 0 0 0 0 2 0 0 0 0 0 0 0 1 
0 0 0 0 0 0 0 0 0 0 0 0 0 0 0 0 0 0 0 0 0 0 0 0 0 0 0 0 0 0 0 0 0 0 0 0 0 0 0 0 0 0 0 0 0 0 0 0 1 0 2 0 0 0 0 0 0 0 0 0 2 0 0 0 1 0 0 0 0 0 0 0 2 0 0 0 0 0 0 0 1 
1
0 0 0 0 0 0 0 0 0 
0 0 0 0 0 0 0 0 0 0 0 0 0 0 0 0 0 0 0 1 0 0 0 0 0 0 0 0 0 0 0 0 0 0 0 0 0 0 0 0 0 0 0 0 0 0 0 0 1 0 2 0 0 0 0 0 0 0 0 0 2 0 0 0 1 0 0 0 0 0 0 0 2 0 0 0 0 0 0 0 1 
0 0 0 0 0 0 0 0 0 0 0 0 0 0 0 0 0 0 0 1 0 0 0 0 0 0 0 0 0 0 0 0 0 0 0 0 0 0 0 0 0 0 0 0 0 0 0 0 1 0 2 0 0 0 0 0 0 0 0 0 2 0 0 0 1 0 0 0 0 0 0 0 2 0 0 0 0 0 0 0 1 
1
0 0 0 0 0 0 0 0 0 
0 0 0 0 0 0 0 0 0 0 0 0 0 0 0 0 0 0 0 1 0 0 0 0 0 0 0 0 0 0 0 0 0 0 0 0 0 0 0 0 0 0 0 0 0 0 0 0 1 0 2 0 0 0 0 0 0 0 0 0 2 0 0 0 1 0 0 0 2 0 0 0 2 0 0 0 0 0 0 0 1 
0 0 0 0 0 0 0 0 0 0 0 0 0 0 0 0 0 0 0 1 0 0 0 0 0 0 0 0 0 0 0 0 0 0 0 0 0 0 0 0 0 0 0 0 0 0 0 0 1 0 2 0 0 0 0 0 0 0 0 0 2 0 0 0 1 0 0 0 2 0 0 0 2 0 0 0 0 0 0 0 1 
1
0 0 0 0 0 0 0 0 0 
0 0 0 0 0 0 0 0 0 0 0 0 0 0 0 0 0 0 0 1 0 0 0 0 0 0 0 0 0 0 0 0 0 0 0 0 0 0 0 0 0 0 0 0 0 0 0 0 1 0 2 0 1 0 0 0 0 0 0 0 2 0 0 0 1 0 0 0 2 0 0 0 2 0 0 0 0 0 0 0 1 
0 0 0 0 0 0 0 0 0 0 0 0 0 0 0 0 0 0 0 1 0 0 0 0 0 0 0 0 0 0 0 0 0 0 0 0 0 0 0 0 0 0 0 0 0 0 0 0 1 0 2 0 1 0 0 0 0 0 0 0 2 0 0 0 1 0 0 0 2 0 0 0 2 0 0 0 0 0 0 0 1 
1
0 0 0 0 0 0 0 0 0 
0 0 0 0 0 0 0 0 0 0 0 0 0 0 0 0 0 0 0 1 0 0 0 0 0 0 0 0 0 0 0 0 0 0 0 0 0 0 0 0 0 0 0 0 0 0 0 0 1 0 2 0 1 0 0 0 0 0 0 0 2 0 0 0 1 0 2 0 2 0 0 0 2 0 0 0 0 0 0 0 1 
0 0 0 0 0 0 0 0 0 0 0 0 0 0 0 0 0 0 0 1 0 0 0 0 0 0 0 0 0 0 0 0 0 0 0 0 0 0 0 0 0 0 0 0 0 0 0 0 1 0 2 0 1 0 0 0 0 0 0 0 2 0 0 0 1 0 2 0 2 0 0 0 2 0 0 0 0 0 0 0 1 
1
0 0 0 0 0 0 0 0 0 
0 0 0 0 0 0 0 0 0 0 0 0 0 0 0 0 0 0 0 1 0 0 0 0 0 0 0 0 0 0 0 0 0 0 0 0 0 0 0 0 0 0 0 0 0 0 1 0 1 0 2 0 1 0 0 0 0 0 0 0 2 0 0 0 1 0 2 0 2 0 0 0 2 0 0 0 0 0 0 0 1 
0 0 0 0 0 0 0 0 0 0 0 0 0 0 0 0 0 0 0 1 0 0 0 0 0 0 0 0 0 0 0 0 0 0 0 0 0 0 0 0 0 0 0 0 0 0 1 0 1 0 2 0 1 0 0 0 0 0 0 0 2 0 0 0 1 0 2 0 2 0 0 0 2 0 0 0 0 0 0 0 1 
1
0 0 0 0 0 0 0 0 0 
0 0 0 0 0 0 0 0 0 0 0 0 0 0 0 0 0 0 0 1 0 0 0 0 0 0 0 0 0 0 0 0 0 0 0 0 0 0 0 0 0 0 0 0 0 0 1 0 1 0 2 0 1 0 0 0 0 0 0 0 2 0 0 0 1 0 2 0 2 0 0 0 2 0 0 0 2 0 0 0 1 
0 0 0 0 0 0 0 0 0 0 0 0 0 0 0 0 0 0 0 1 0 0 0 0 0 0 0 0 0 0 0 0 0 0 0 0 0 0 0 0 0 0 0 0 0 0 1 0 1 0 2 0 1 0 0 0 0 0 0 0 2 0 0 0 1 0 2 0 2 0 0 0 2 0 0 0 2 0 0 0 1 
1
0 0 0 0 0 0 0 0 0 
0 0 0 0 0 0 0 0 0 0 0 0 0 0 0 0 0 0 0 1 0 0 0 0 0 0 0 0 0 0 0 0 0 0 0 0 0 0 0 0 0 0 0 0 0 0 1 0 1 0 2 0 1 0 0 0 0 0 1 0 2 0 0 0 1 0 2 0 2 0 0 0 2 0 0 0 2 0 0 0 1 
0 0 0 0 0 0 0 0 0 0 0 0 0 0 0 0 0 0 0 1 0 0 0 0 0 0 0 0 0 0 0 0 0 0 0 0 0 0 0 0 0 0 0 0 0 0 1 0 1 0 2 0 1 0 0 0 0 0 1 0 2 0 0 0 1 0 2 0 2 0 0 0 2 0 0 0 2 0 0 0 1 
1
0 0 0 0 0 0 0 0 0 
0 0 0 2 0 0 0 0 0 0 0 0 0 0 0 0 0 0 0 1 0 0 0 0 0 0 0 0 0 0 0 0 0 0 0 0 0 0 0 0 0 0 0 0 0 0 1 0 1 0 2 0 1 0 0 0 0 0 1 0 2 0 0 0 1 0 2 0 2 0 0 0 2 0 0 0 2 0 0 0 1 
0 0 0 2 0 0 0 0 0 0 0 0 0 0 0 0 0 0 0 1 0 0 0 0 0 0 0 0 0 0 0 0 0 0 0 0 0 0 0 0 0 0 0 0 0 0 1 0 1 0 2 0 1 0 0 0 0 0 1 0 2 0 0 0 1 0 2 0 2 0 0 0 2 0 0 0 2 0 0 0 1 
1
0 0 0 0 0 0 0 0 0 
1 0 0 2 0 0 0 0 0 0 0 0 0 0 0 0 0 0 0 1 0 0 0 0 0 0 0 0 0 0 0 0 0 0 0 0 0 0 0 0 0 0 0 0 0 0 1 0 1 0 2 0 1 0 0 0 0 0 1 0 2 0 0 0 1 0 2 0 2 0 0 0 2 0 0 0 2 0 0 0 1 
1 0 0 2 0 0 0 0 0 0 0 0 0 0 0 0 0 0 0 1 0 0 0 0 0 0 0 0 0 0 0 0 0 0 0 0 0 0 0 0 0 0 0 0 0 0 1 0 1 0 2 0 1 0 0 0 0 0 1 0 2 0 0 0 1 0 2 0 2 0 0 0 2 0 0 0 2 0 0 0 1 
1
0 0 0 0 0 0 0 0 0 
1 0 0 2 0 0 0 0 0 0 0 2 0 0 0 0 0 0 0 1 0 0 0 0 0 0 0 0 0 0 0 0 0 0 0 0 0 0 0 0 0 0 0 0 0 0 1 0 1 0 2 0 1 0 0 0 0 0 1 0 2 0 0 0 1 0 2 0 2 0 0 0 2 0 0 0 2 0 0 0 1 
1 0 0 2 0 0 0 0 0 0 0 2 0 0 0 0 0 0 0 1 0 0 0 0 0 0 0 0 0 0 0 0 0 0 0 0 0 0 0 0 0 0 0 0 0 0 1 0 1 0 2 0 1 0 0 0 0 0 1 0 2 0 0 0 1 0 2 0 2 0 0 0 2 0 0 0 2 0 0 0 1 
1
0 0 0 0 0 0 0 0 0 
1 0 0 2 0 0 0 0 0 0 0 2 0 0 0 0 0 0 0 1 0 0 0 0 0 0 0 0 0 0 0 0 0 0 1 0 0 0 0 0 0 0 0 0 0 0 1 0 1 0 2 0 1 0 0 0 0 0 1 0 2 0 0 0 1 0 2 0 2 0 0 0 2 0 0 0 2 0 0 0 1 
1 0 0 2 0 0 0 0 0 0 0 2 0 0 0 0 0 0 0 1 0 0 0 0 0 0 0 0 0 0 0 0 0 0 1 0 0 0 0 0 0 0 0 0 0 0 1 0 1 0 2 0 1 0 0 0 0 0 1 0 2 0 0 0 1 0 2 0 2 0 0 0 2 0 0 0 2 0 0 0 1 
1
0 0 0 0 0 0 0 0 0 
1 0 0 2 0 0 0 0 0 0 0 2 2 0 0 0 0 0 0 1 0 0 0 0 0 0 0 0 0 0 0 0 0 0 1 0 0 0 0 0 0 0 0 0 0 0 1 0 1 0 2 0 1 0 0 0 0 0 1 0 2 0 0 0 1 0 2 0 2 0 0 0 2 0 0 0 2 0 0 0 1 
1 0 0 2 0 0 0 0 0 0 0 2 2 0 0 0 0 0 0 1 0 0 0 0 0 0 0 0 0 0 0 0 0 0 1 0 0 0 0 0 0 0 0 0 0 0 1 0 1 0 2 0 1 0 0 0 0 0 1 0 2 0 0 0 1 0 2 0 2 0 0 0 2 0 0 0 2 0 0 0 1 
1
0 0 0 0 0 0 0 0 0 
1 0 0 2 0 0 0 0 0 0 0 2 2 0 0 0 0 0 0 1 0 0 0 0 0 0 0 0 1 0 0 0 0 0 1 0 0 0 0 0 0 0 0 0 0 0 1 0 1 0 2 0 1 0 0 0 0 0 1 0 2 0 0 0 1 0 2 0 2 0 0 0 2 0 0 0 2 0 0 0 1 
1 0 0 2 0 0 0 0 0 0 0 2 2 0 0 0 0 0 0 1 0 0 0 0 0 0 0 0 1 0 0 0 0 0 1 0 0 0 0 0 0 0 0 0 0 0 1 0 1 0 2 0 1 0 0 0 0 0 1 0 2 0 0 0 1 0 2 0 2 0 0 0 2 0 0 0 2 0 0 0 1 
1
0 2 0 0 0 0 0 0 0 
1 0 0 2 0 0 0 0 0 0 0 2 2 0 0 0 0 0 0 1 0 2 0 0 0 0 0 0 1 0 0 0 0 0 1 0 0 0 0 0 0 0 0 0 0 0 1 0 1 0 2 0 1 0 0 0 0 0 1 0 2 0 0 0 1 0 2 0 2 0 0 0 2 0 0 0 2 0 0 0 1 
1 0 0 34 32 32 0 0 0 0 0 2 34 32 32 0 0 0 0 1 0 34 32 32 0 0 0 0 1 0 0 0 0 0 1 0 0 0 0 0 0 0 0 0 0 0 1 0 1 0 2 0 1 0 0 0 0 0 1 0 2 0 0 0 1 0 2 0 2 0 0 0 2 0 0 0 2 0 0 0 1 
1
0 2 0 0 0 0 0 0 0 
1 0 0 2 0 0 0 0 0 0 0 2 2 0 0 0 0 0 0 1 0 2 0 0 0 0 0 0 1 0 0 0 0 0 1 0 0 0 0 0 0 0 0 0 0 0 1 0 1 0 2 0 1 0 0 0 0 0 1 0 2 0 0 0 1 1 2 0 2 0 0 0 2 0 0 0 2 0 0 0 1 
1 0 0 34 32 32 0 0 0 0 0 2 34 32 32 0 0 0 0 1 0 34 32 32 0 0 0 0 1 0 0 0 0 0 1 0 0 0 0 0 0 0 0 0 0 0 1 0 1 0 2 0 1 0 0 0 0 0 1 0 2 0 0 0 1 1 2 0 2 0 0 0 2 0 0 0 2 0 0 0 1 
1
0 2 0 0 0 0 0 0 0 
1 0 0 2 0 0 0 0 0 0 0 2 2 0 0 0 0 0 0 1 0 2 0 0 0 0 0 0 1 0 0 0 0 0 1 0 0 0 0 0 0 0 2 0 0 0 1 0 1 0 2 0 1 0 0 0 0 0 1 0 2 0 0 0 1 1 2 0 2 0 0 0 2 0 0 0 2 0 0 0 1 
1 0 0 34 32 32 0 0 0 0 0 2 34 32 32 0 0 0 0 1 0 34 32 32 0 0 0 0 1 0 0 0 0 0 1 0 0 0 0 0 0 0 2 0 0 0 1 0 1 0 2 0 1 0 0 0 0 0 1 0 2 0 0 0 1 1 2 0 2 0 0 0 2 0 0 0 2 0 0 0 1 
1
0 2 0 0 0 0 0 0 0 
1 0 0 2 0 0 0 0 0 0 0 2 2 0 0 0 0 0 0 1 0 2 0 0 0 0 0 0 1 0 0 0 0 0 1 0 0 0 0 0 0 0 2 0 0 0 1 1 1 0 2 0 1 0 0 0 0 0 1 0 2 0 0 0 1 1 2 0 2 0 0 0 2 0 0 0 2 0 0 0 1 
1 0 0 34 32 32 0 0 0 0 0 2 34 32 32 0 0 0 0 1 0 34 32 32 0 0 0 0 1 0 0 0 0 0 1 0 0 0 0 0 0 0 2 0 0 0 1 1 1 0 2 0 1 0 0 0 0 0 1 0 2 0 0 0 1 1 2 0 2 0 0 0 2 0 0 0 2 0 0 0 1 
1
0 2 0 0 0 0 0 0 0 
1 0 0 2 0 0 0 0 0 0 0 2 2 0 0 0 0 0 0 1 0 2 0 0 0 0 0 0 1 0 0 0 0 0 1 0 0 0 0 0 0 0 2 0 0 0 1 1 1 0 2 0 1 0 0 0 0 0 1 0 2 0 0 0 1 1 2 0 2 2 0 0 2 0 0 0 2 0 0 0 1 
1 0 0 34 32 32 0 0 0 0 0 2 34 32 32 0 0 0 0 1 0 34 32 32 0 0 0 0 1 0 0 0 0 0 1 0 0 0 0 0 0 0 2 0 0 0 1 1 1 0 2 0 1 0 0 0 0 0 1 0 2 0 0 0 1 1 2 0 2 2 0 0 2 0 0 0 2 0 0 0 1 
1
0 2 0 0 0 0 0 0 0 
1 0 0 2 0 0 0 0 0 0 0 2 2 0 0 0 0 0 0 1 0 2 0 0 0 0 0 0 1 0 0 0 0 0 1 0 1 0 0 0 0 0 2 0 0 0 1 1 1 0 2 0 1 0 0 0 0 0 1 0 2 0 0 0 1 1 2 0 2 2 0 0 2 0 0 0 2 0 0 0 1 
1 0 0 34 32 32 0 0 0 0 0 2 34 32 32 0 0 0 0 1 0 34 32 32 0 0 0 0 1 0 0 0 0 0 1 0 1 0 0 0 0 0 2 0 0 0 1 1 1 0 2 0 1 0 0 0 0 0 1 0 2 0 0 0 1 1 2 0 2 2 0 0 2 0 0 0 2 0 0 0 1 
1
0 2 0 0 0 0 0 0 0 
1 0 0 2 0 0 0 0 0 0 0 2 2 0 0 0 0 0 0 1 0 2 0 0 0 0 0 0 1 2 0 0 0 0 1 0 1 0 0 0 0 0 2 0 0 0 1 1 1 0 2 0 1 0 0 0 0 0 1 0 2 0 0 0 1 1 2 0 2 2 0 0 2 0 0 0 2 0 0 0 1 
1 0 0 34 32 32 0 0 0 0 0 2 34 32 32 0 0 0 0 1 0 34 32 32 0 0 0 0 1 2 0 0 0 0 1 0 1 0 0 0 0 0 2 0 0 0 1 1 1 0 2 0 1 0 0 0 0 0 1 0 2 0 0 0 1 1 2 0 2 2 0 0 2 0 0 0 2 0 0 0 1 
1
0 2 0 0 0 0 0 0 0 
1 0 0 2 0 0 0 0 0 0 0 2 2 0 0 1 0 0 0 1 0 2 0 0 0 0 0 0 1 2 0 0 0 0 1 0 1 0 0 0 0 0 2 0 0 0 1 1 1 0 2 0 1 0 0 0 0 0 1 0 2 0 0 0 1 1 2 0 2 2 0 0 2 0 0 0 2 0 0 0 1 
1 0 0 34 32 32 0 0 0 0 0 2 34 32 32 1 0 0 0 1 0 34 32 32 0 0 0 0 1 2 0 0 0 0 1 0 1 0 0 0 0 0 2 0 0 0 1 1 1 0 2 0 1 0 0 0 0 0 1 0 2 0 0 0 1 1 2 0 2 2 0 0 2 0 0 0 2 0 0 0 1 
1
0 2 0 0 0 0 0 0 0 
1 0 0 2 0 0 0 0 0 0 0 2 2 0 0 1 0 0 0 1 0 2 0 0 0 0 0 0 1 2 0 0 0 0 1 0 1 0 2 0 0 0 2 0 0 0 1 1 1 0 2 0 1 0 0 0 0 0 1 0 2 0 0 0 1 1 2 0 2 2 0 0 2 0 0 0 2 0 0 0 1 
1 0 0 34 32 32 0 0 0 0 0 2 34 32 32 1 0 0 0 1 0 34 32 32 0 0 0 0 1 2 0 0 0 0 1 0 1 0 2 0 0 0 2 0 0 0 1 1 1 0 2 0 1 0 0 0 0 0 1 0 2 0 0 0 1 1 2 0 2 2 0 0 2 0 0 0 2 0 0 0 1 
1
0 2 0 0 0 0 0 0 0 
1 0 0 2 0 0 0 0 0 0 0 2 2 0 0 1 0 0 0 1 0 2 0 0 0 0 0 0 1 2 0 0 0 0 1 0 1 0 2 0 0 0 2 0 1 0 1 1 1 0 2 0 1 0 0 0 0 0 1 0 2 0 0 0 1 1 2 0 2 2 0 0 2 0 0 0 2 0 0 0 1 
1 0 0 34 32 32 0 0 0 0 0 2 34 32 32 1 0 0 0 1 0 34 32 32 0 0 0 0 1 2 0 0 0 0 1 0 1 0 2 0 0 0 2 0 1 0 1 1 1 0 2 0 1 0 0 0 0 0 1 0 2 0 0 0 1 1 2 0 2 2 0 0 2 0 0 0 2 0 0 0 1 
1
0 2 0 0 0 0 0 0 0 
1 0 0 2 0 0 0 0 0 0 0 2 2 0 0 1 0 0 0 1 0 2 0 0 0 0 0 0 1 2 0 0 0 0 1 2 1 0 2 0 0 0 2 0 1 0 1 1 1 0 2 0 1 0 0 0 0 0 1 0 2 0 0 0 1 1 2 0 2 2 0 0 2 0 0 0 2 0 0 0 1 
1 0 0 34 32 32 0 0 0 0 0 2 34 32 32 1 0 0 0 1 0 34 32 32 0 0 0 0 1 2 0 0 0 0 1 2 1 0 2 0 0 0 2 0 1 0 1 1 1 0 2 0 1 0 0 0 0 0 1 0 2 0 0 0 1 1 2 0 2 2 0 0 2 0 0 0 2 0 0 0 1 
1
0 2 0 0 0 0 0 0 0 
1 0 0 2 0 0 0 0 0 0 0 2 2 0 0 1 0 1 0 1 0 2 0 0 0 0 0 0 1 2 0 0 0 0 1 2 1 0 2 0 0 0 2 0 1 0 1 1 1 0 2 0 1 0 0 0 0 0 1 0 2 0 0 0 1 1 2 0 2 2 0 0 2 0 0 0 2 0 0 0 1 
1 0 0 34 32 32 0 0 0 0 0 2 34 32 32 1 0 1 0 1 0 34 32 32 0 0 0 0 1 2 0 0 0 0 1 2 1 0 2 0 0 0 2 0 1 0 1 1 1 0 2 0 1 0 0 0 0 0 1 0 2 0 0 0 1 1 2 0 2 2 0 0 2 0 0 0 2 0 0 0 1 
1
0 2 0 0 0 0 0 0 0 
1 0 0 2 0 0 0 0 0 0 0 2 2 0 0 1 0 1 0 1 0 2 0 0 0 0 0 0 1 2 0 0 0 0 1 2 1 0 2 0 0 0 2 2 1 0 1 1 1 0 2 0 1 0 0 0 0 0 1 0 2 0 0 0 1 1 2 0 2 2 0 0 2 0 0 0 2 0 0 0 1 
1 0 0 34 32 32 0 0 0 0 0 2 34 32 32 1 0 1 0 1 0 34 32 32 0 0 0 0 1 2 0 0 0 0 1 2 1 0 2 0 0 0 2 2 1 0 1 1 1 0 2 0 1 0 0 0 0 0 1 0 2 0 0 0 1 1 2 0 2 2 0 0 2 0 0 0 2 0 0 0 1 
1
0 2 0 0 0 0 0 0 0 
1 0 0 2 0 0 0 0 0 0 0 2 2 0 0 1 0 1 0 1 0 2 0 0 0 0 0 0 1 2 0 0 0 0 1 2 1 0 2 1 0 0 2 2 1 0 1 1 1 0 2 0 1 0 0 0 0 0 1 0 2 0 0 0 1 1 2 0 2 2 0 0 2 0 0 0 2 0 0 0 1 
1 0 0 34 32 32 0 0 0 0 0 2 34 32 32 1 0 1 0 1 0 34 32 32 0 0 0 0 1 2 0 0 0 0 1 2 1 0 2 1 0 0 2 2 1 0 1 1 1 0 2 0 1 0 0 0 0 0 1 0 2 0 0 0 1 1 2 0 2 2 0 0 2 0 0 0 2 0 0 0 1 
1
0 2 0 0 0 0 0 0 0 
1 0 0 2 0 0 0 0 0 0 0 2 2 0 0 1 0 1 0 1 0 2 0 0 0 0 0 2 1 2 0 0 0 0 1 2 1 0 2 1 0 0 2 2 1 0 1 1 1 0 2 0 1 0 0 0 0 0 1 0 2 0 0 0 1 1 2 0 2 2 0 0 2 0 0 0 2 0 0 0 1 
1 0 0 34 32 32 0 0 0 0 0 2 34 32 32 1 0 1 0 1 0 34 32 32 0 0 0 2 1 2 0 0 0 0 1 2 1 0 2 1 0 0 2 2 1 0 1 1 1 0 2 0 1 0 0 0 0 0 1 0 2 0 0 0 1 1 2 0 2 2 0 0 2 0 0 0 2 0 0 0 1 
1
0 2 0 0 0 0 0 0 0 
1 0 0 2 0 0 0 0 0 1 0 2 2 0 0 1 0 1 0 1 0 2 0 0 0 0 0 2 1 2 0 0 0 0 1 2 1 0 2 1 0 0 2 2 1 0 1 1 1 0 2 0 1 0 0 0 0 0 1 0 2 0 0 0 1 1 2 0 2 2 0 0 2 0 0 0 2 0 0 0 1 
1 0 0 34 32 32 0 0 0 1 0 2 34 32 32 1 0 1 0 1 0 34 32 32 0 0 0 2 1 2 0 0 0 0 1 2 1 0 2 1 0 0 2 2 1 0 1 1 1 0 2 0 1 0 0 0 0 0 1 0 2 0 0 0 1 1 2 0 2 2 0 0 2 0 0 0 2 0 0 0 1 
1
0 2 0 0 0 0 0 0 0 
1 0 0 2 0 0 0 0 0 1 0 2 2 0 0 1 0 1 0 1 0 2 0 0 0 0 0 2 1 2 0 0 0 0 1 2 1 2 2 1 0 0 2 2 1 0 1 1 1 0 2 0 1 0 0 0 0 0 1 0 2 0 0 0 1 1 2 0 2 2 0 0 2 0 0 0 2 0 0 0 1 
1 0 0 34 32 32 0 0 0 1 0 2 34 32 32 1 0 1 0 1 0 34 32 32 0 0 0 2 1 2 0 0 0 0 1 2 1 2 2 1 0 0 2 2 1 0 1 1 1 0 2 0 1 0 0 0 0 0 1 0 2 0 0 0 1 1 2 0 2 2 0 0 2 0 0 0 2 0 0 0 1 
1
0 2 0 0 1 0 0 0 0 
1 0 0 2 0 0 0 0 0 1 0 2 2 0 0 1 0 1 0 1 0 2 0 0 0 0 0 2 1 2 1 0 0 0 1 2 1 2 2 1 0 0 2 2 1 0 1 1 1 0 2 0 1 0 0 0 0 0 1 0 2 0 0 0 1 1 2 0 2 2 0 0 2 0 0 0 2 0 0 0 1 
1 0 0 34 32 32 0 0 0 1 0 2 34 32 32 1 0 1 0 1 0 34 32 32 0 0 0 2 1 2 17 16 16 0 1 2 1 2 2 17 16 16 2 2 1 0 1 1 17 16 18 0 1 0 0 0 0 0 1 0 2 0 0 0 1 1 2 0 2 2 0 0 2 0 0 0 2 0 0 0 1 
1
0 2 0 0 1 0 0 0 0 
1 0 2 2 0 0 0 0 0 1 0 2 2 0 0 1 0 1 0 1 0 2 0 0 0 0 0 2 1 2 1 0 0 0 1 2 1 2 2 1 0 0 2 2 1 0 1 1 1 0 2 0 1 0 0 0 0 0 1 0 2 0 0 0 1 1 2 0 2 2 0 0 2 0 0 0 2 0 0 0 1 
1 0 2 34 32 32 0 0 0 1 0 2 34 32 32 1 0 1 0 1 0 34 32 32 0 0 0 2 1 2 17 16 16 0 1 2 1 2 2 17 16 16 2 2 1 0 1 1 17 16 18 0 1 0 0 0 0 0 1 0 2 0 0 0 1 1 2 0 2 2 0 0 2 0 0 0 2 0 0 0 1 
1
0 2 0 0 1 0 0 0 0 
1 0 2 2 0 0 0 0 0 1 0 2 2 0 0 1 0 1 0 1 0 2 0 0 0 1 0 2 1 2 1 0 0 0 1 2 1 2 2 1 0 0 2 2 1 0 1 1 1 0 2 0 1 0 0 0 0 0 1 0 2 0 0 0 1 1 2 0 2 2 0 0 2 0 0 0 2 0 0 0 1 
1 0 2 34 32 32 0 0 0 1 0 2 34 32 32 1 0 1 0 1 0 34 32 32 0 1 0 2 1 2 17 16 16 0 1 2 1 2 2 17 16 16 2 2 1 0 1 1 17 16 18 0 1 0 0 0 0 0 1 0 2 0 0 0 1 1 2 0 2 2 0 0 2 0 0 0 2 0 0 0 1 
1
0 2 0 0 1 0 0 0 0 
1 0 2 2 0 0 0 0 0 1 0 2 2 0 0 1 0 1 0 1 0 2 0 0 0 1 0 2 1 2 1 0 0 0 1 2 1 2 2 1 0 0 2 2 1 0 1 1 1 0 2 0 1 0 0 0 0 0 1 2 2 0 0 0 1 1 2 0 2 2 0 0 2 0 0 0 2 0 0 0 1 
1 0 2 34 32 32 0 0 0 1 0 2 34 32 32 1 0 1 0 1 0 34 32 32 0 1 0 2 1 2 17 16 16 0 1 2 1 2 2 17 16 16 2 2 1 0 1 1 17 16 18 0 1 0 0 0 0 0 1 2 2 0 0 0 1 1 2 0 2 2 0 0 2 0 0 0 2 0 0 0 1 
1
0 2 0 0 1 0 0 0 0 
1 0 2 2 0 0 0 0 1 1 0 2 2 0 0 1 0 1 0 1 0 2 0 0 0 1 0 2 1 2 1 0 0 0 1 2 1 2 2 1 0 0 2 2 1 0 1 1 1 0 2 0 1 0 0 0 0 0 1 2 2 0 0 0 1 1 2 0 2 2 0 0 2 0 0 0 2 0 0 0 1 
1 0 2 34 32 32 0 0 1 1 0 2 34 32 32 1 0 1 0 1 0 34 32 32 0 1 0 2 1 2 17 16 16 0 1 2 1 2 2 17 16 16 2 2 1 0 1 1 17 16 18 0 1 0 0 0 0 0 1 2 2 0 0 0 1 1 2 0 2 2 0 0 2 0 0 0 2 0 0 0 1 
1
0 2 0 0 1 0 0 0 0 
1 0 2 2 0 0 2 0 1 1 0 2 2 0 0 1 0 1 0 1 0 2 0 0 0 1 0 2 1 2 1 0 0 0 1 2 1 2 2 1 0 0 2 2 1 0 1 1 1 0 2 0 1 0 0 0 0 0 1 2 2 0 0 0 1 1 2 0 2 2 0 0 2 0 0 0 2 0 0 0 1 
1 0 2 34 32 32 2 0 1 1 0 2 34 32 32 1 0 1 0 1 0 34 32 32 0 1 0 2 1 2 17 16 16 0 1 2 1 2 2 17 16 16 2 2 1 0 1 1 17 16 18 0 1 0 0 0 0 0 1 2 2 0 0 0 1 1 2 0 2 2 0 0 2 0 0 0 2 0 0 0 1 
1
0 2 0 0 1 0 0 0 0 
1 0 2 2 0 0 2 0 1 1 0 2 2 0 0 1 0 1 0 1 1 2 0 0 0 1 0 2 1 2 1 0 0 0 1 2 1 2 2 1 0 0 2 2 1 0 1 1 1 0 2 0 1 0 0 0 0 0 1 2 2 0 0 0 1 1 2 0 2 2 0 0 2 0 0 0 2 0 0 0 1 
1 0 2 34 32 32 2 0 1 1 0 2 34 32 32 1 0 1 0 1 1 34 32 32 0 1 0 2 1 2 17 16 16 0 1 2 1 2 2 17 16 16 2 2 1 0 1 1 17 16 18 0 1 0 0 0 0 0 1 2 2 0 0 0 1 1 2 0 2 2 0 0 2 0 0 0 2 0 0 0 1 
1
0 2 0 0 1 0 0 0 0 
1 0 2 2 0 0 2 0 1 1 0 2 2 0 0 1 0 1 0 1 1 2 0 0 0 1 0 2 1 2 1 0 0 0 1 2 1 2 2 1 0 0 2 2 1 0 1 1 1 0 2 0 1 0 0 0 0 0 1 2 2 0 0 0 1 1 2 0 2 2 0 0 2 0 0 0 2 0 0 2 1 
1 0 2 34 32 32 2 0 1 1 0 2 34 32 32 1 0 1 0 1 1 34 32 32 0 1 0 2 1 2 17 16 16 0 1 2 1 2 2 17 16 16 2 2 1 0 1 1 17 16 18 0 1 0 0 0 0 0 1 2 2 0 0 0 1 1 2 0 2 2 0 0 2 0 0 0 2 0 0 2 1 
1
0 2 0 0 1 0 0 0 0 
1 0 2 2 0 0 2 0 1 1 0 2 2 0 0 1 0 1 0 1 1 2 0 0 0 1 0 2 1 2 1 0 0 0 1 2 1 2 2 1 0 0 2 2 1 0 1 1 1 0 2 0 1 0 0 0 0 1 1 2 2 0 0 0 1 1 2 0 2 2 0 0 2 0 0 0 2 0 0 2 1 
1 0 2 34 32 32 2 0 1 1 0 2 34 32 32 1 0 1 0 1 1 34 32 32 0 1 0 2 1 2 17 16 16 0 1 2 1 2 2 17 16 16 2 2 1 0 1 1 17 16 18 0 1 0 0 0 0 1 1 2 2 0 0 0 1 1 2 0 2 2 0 0 2 0 0 0 2 0 0 2 1 
1
0 2 0 0 1 0 0 0 0 
1 0 2 2 0 0 2 0 1 1 2 2 2 0 0 1 0 1 0 1 1 2 0 0 0 1 0 2 1 2 1 0 0 0 1 2 1 2 2 1 0 0 2 2 1 0 1 1 1 0 2 0 1 0 0 0 0 1 1 2 2 0 0 0 1 1 2 0 2 2 0 0 2 0 0 0 2 0 0 2 1 
1 0 2 34 32 32 2 0 1 1 2 2 34 32 32 1 0 1 0 1 1 34 32 32 0 1 0 2 1 2 17 16 16 0 1 2 1 2 2 17 16 16 2 2 1 0 1 1 17 16 18 0 1 0 0 0 0 1 1 2 2 0 0 0 1 1 2 0 2 2 0 0 2 0 0 0 2 0 0 2 1 
1
0 2 0 0 1 0 1 0 0 
1 0 2 2 0 0 2 0 1 1 2 2 2 0 0 1 0 1 0 1 1 2 0 0 0 1 0 2 1 2 1 0 0 0 1 2 1 2 2 1 0 0 2 2 1 0 1 1 1 0 2 0 1 0 0 0 0 1 1 2 2 0 0 1 1 1 2 0 2 2 0 0 2 0 0 0 2 0 0 2 1 
1 0 2 34 32 32 2 0 1 1 2 2 34 32 32 1 0 1 0 1 1 34 32 32 0 1 0 2 1 2 17 16 16 0 1 2 1 2 2 17 16 16 2 2 1 0 1 1 17 16 18 0 1 0 16 16 16 1 1 2 2 0 0 17 17 17 2 0 2 2 0 0 18 16 16 0 2 0 0 2 1 
1
0 2 0 2 1 0 1 0 0 
1 0 2 2 0 0 2 0 1 1 2 2 2 0 0 1 0 1 0 1 1 2 0 0 0 1 0 2 1 2 1 0 0 0 1 2 1 2 2 1 0 0 2 2 1 2 1 1 1 0 2 0 1 0 0 0 0 1 1 2 2 0 0 1 1 1 2 0 2 2 0 0 2 0 0 0 2 0 0 2 1 
1 0 2 34 32 32 2 0 1 1 2 2 34 32 32 1 0 1 0 1 1 34 32 32 0 1 0 34 33 34 17 16 16 0 1 2 33 34 34 17 16 16 2 2 1 34 33 33 17 16 18 0 1 0 16 16 16 1 1 2 2 0 0 17 17 17 2 0 2 2 0 0 18 16 16 0 2 0 0 2 1 
1
0 2 1 2 1 0 1 0 0 
1 0 2 2 0 0 2 0 1 1 2 2 2 0 0 1 0 1 0 1 1 2 0 0 0 1 1 2 1 2 1 0 0 0 1 2 1 2 2 1 0 0 2 2 1 2 1 1 1 0 2 0 1 0 0 0 0 1 1 2 2 0 0 1 1 1 2 0 2 2 0 0 2 0 0 0 2 0 0 2 1 
1 0 2 34 32 32 18 16 17 1 2 2 34 32 32 17 16 17 0 1 1 34 32 32 16 17 17 34 33 34 17 16 16 0 1 2 33 34 34 17 16 16 2 2 1 34 33 33 17 16 18 0 1 0 16 16 16 1 1 2 2 0 0 17 17 17 2 0 2 2 0 0 18 16 16 0 2 0 0 2 1 
1
0 2 1 2 1 0 1 0 0 
1 0 2 2 0 0 2 0 1 1 2 2 2 0 0 1 0 1 0 1 1 2 0 0 0 1 1 2 1 2 1 0 0 0 1 2 1 2 2 1 0 0 2 2 1 2 1 1 1 0 2 0 1 0 0 0 0 1 1 2 2 0 0 1 1 1 2 0 2 2 0 0 2 0 0 0 2 0 0 2 1 
1 0 2 34 32 32 18 16 17 1 2 2 34 32 32 17 16 17 0 1 1 34 32 32 16 17 17 34 33 34 17 16 16 0 1 2 33 34 34 17 16 16 2 2 1 34 33 33 17 16 18 0 1 0 16 16 16 1 1 2 2 0 0 17 17 17 2 0 2 2 0 0 18 16 16 0 2 0 0 2 1 
1
