0 0 0 0 0 0 0 0 0 
0 0 0 0 0 0 0 0 0 0 0 0 0 0 0 0 0 0 0 0 0 0 0 0 0 0 0 0 0 0 0 0 0 0 0 0 0 0 0 0 0 0 0 0 0 0 0 0 0 0 0 0 0 0 0 0 0 0 0 0 0 0 0 0 0 0 0 0 0 0 0 0 0 0 0 0 0 0 0 1 0 
0 0 0 0 0 0 0 0 0 0 0 0 0 0 0 0 0 0 0 0 0 0 0 0 0 0 0 0 0 0 0 0 0 0 0 0 0 0 0 0 0 0 0 0 0 0 0 0 0 0 0 0 0 0 0 0 0 0 0 0 0 0 0 0 0 0 0 0 0 0 0 0 0 0 0 0 0 0 0 1 0 
0
0 0 0 0 0 0 0 0 0 
0 0 0 0 0 0 0 0 0 0 0 0 0 0 0 0 0 0 0 0 0 0 0 0 0 0 0 0 0 0 0 0 0 0 0 0 0 0 0 0 0 0 0 0 0 0 0 0 0 0 0 0 0 0 0 0 0 2 0 0 0 0 0 0 0 0 0 0 0 0 0 0 0 0 0 0 0 0 0 1 0 
0 0 0 0 0 0 0 0 0 0 0 0 0 0 0 0 0 0 0 0 0 0 0 0 0 0 0 0 0 0 0 0 0 0 0 0 0 0 0 0 0 0 0 0 0 0 0 0 0 0 0 0 0 0 0 0 0 2 0 0 0 0 0 0 0 0 0 0 0 0 0 0 0 0 0 0 0 0 0 1 0 
0
0 0 0 0 0 0 0 0 0 
0 1 0 0 0 0 0 0 0 0 0 0 0 0 0 0 0 0 0 0 0 0 0 0 0 0 0 0 0 0 0 0 0 0 0 0 0 0 0 0 0 0 0 0 0 0 0 0 0 0 0 0 0 0 0 0 0 2 0 0 0 0 0 0 0 0 0 0 0 0 0 0 0 0 0 0 0 0 0 1 0 
0 1 0 0 0 0 0 0 0 0 0 0 0 0 0 0 0 0 0 0 0 0 0 0 0 0 0 0 0 0 0 0 0 0 0 0 0 0 0 0 0 0 0 0 0 0 0 0 0 0 0 0 0 0 0 0 0 2 0 0 0 0 0 0 0 0 0 0 0 0 0 0 0 0 0 0 0 0 0 1 0 
0
0 0 0 0 0 0 0 0 0 
0 1 0 0 0 0 0 0 0 0 0 0 0 0 2 0 0 0 0 0 0 0 0 0 0 0 0 0 0 0 0 0 0 0 0 0 0 0 0 0 0 0 0 0 0 0 0 0 0 0 0 0 0 0 0 0 0 2 0 0 0 0 0 0 0 0 0 0 0 0 0 0 0 0 0 0 0 0 0 1 0 
0 1 0 0 0 0 0 0 0 0 0 0 0 0 2 0 0 0 0 0 0 0 0 0 0 0 0 0 0 0 0 0 0 0 0 0 0 0 0 0 0 0 0 0 0 0 0 0 0 0 0 0 0 0 0 0 0 2 0 0 0 0 0 0 0 0 0 0 0 0 0 0 0 0 0 0 0 0 0 1 0 
0
0 0 0 0 0 0 0 0 0 
0 1 0 0 0 0 0 0 0 0 0 0 0 0 2 0 0 0 0 0 0 0 0 0 0 0 0 0 0 0 0 0 0 0 0 1 0 0 0 0 0 0 0 0 0 0 0 0 0 0 0 0 0 0 0 0 0 2 0 0 0 0 0 0 0 0 0 0 0 0 0 0 0 0 0 0 0 0 0 1 0 
0 1 0 0 0 0 0 0 0 0 0 0 0 0 2 0 0 0 0 0 0 0 0 0 0 0 0 0 0 0 0 0 0 0 0 1 0 0 0 0 0 0 0 0 0 0 0 0 0 0 0 0 0 0 0 0 0 2 0 0 0 0 0 0 0 0 0 0 0 0 0 0 0 0 0 0 0 0 0 1 0 
0
0 0 0 0 0 0 0 0 0 
0 1 0 0 0 0 0 0 0 0 0 0 0 0 2 0 2 0 0 0 0 0 0 0 0 0 0 0 0 0 0 0 0 0 0 1 0 0 0 0 0 0 0 0 0 0 0 0 0 0 0 0 0 0 0 0 0 2 0 0 0 0 0 0 0 0 0 0 0 0 0 0 0 0 0 0 0 0 0 1 0 
0 1 0 0 0 0 0 0 0 0 0 0 0 0 2 0 2 0 0 0 0 0 0 0 0 0 0 0 0 0 0 0 0 0 0 1 0 0 0 0 0 0 0 0 0 0 0 0 0 0 0 0 0 0 0 0 0 2 0 0 0 0 0 0 0 0 0 0 0 0 0 0 0 0 0 0 0 0 0 1 0 
0
0 0 0 0 0 0 0 0 0 
0 1 0 0 0 0 0 0 0 0 0 0 0 0 2 0 2 0 0 0 0 0 0 0 0 0 0 0 0 0 0 0 0 0 0 1 0 0 0 0 1 0 0 0 0 0 0 0 0 0 0 0 0 0 0 0 0 2 0 0 0 0 0 0 0 0 0 0 0 0 0 0 0 0 0 0 0 0 0 1 0 
0 1 0 0 0 0 0 0 0 0 0 0 0 0 2 0 2 0 0 0 0 0 0 0 0 0 0 0 0 0 0 0 0 0 0 1 0 0 0 0 1 0 0 0 0 0 0 0 0 0 0 0 0 0 0 0 0 2 0 0 0 0 0 0 0 0 0 0 0 0 0 0 0 0 0 0 0 0 0 1 0 
0
0 0 0 0 0 0 0 0 0 
0 1 0 0 0 0 0 0 0 0 0 0 0 0 2 0 2 0 0 0 0 0 0 0 0 0 0 0 0 0 2 0 0 0 0 1 0 0 0 0 1 0 0 0 0 0 0 0 0 0 0 0 0 0 0 0 0 2 0 0 0 0 0 0 0 0 0 0 0 0 0 0 0 0 0 0 0 0 0 1 0 
0 1 0 0 0 0 0 0 0 0 0 0 0 0 2 0 2 0 0 0 0 0 0 0 0 0 0 0 0 0 2 0 0 0 0 1 0 0 0 0 1 0 0 0 0 0 0 0 0 0 0 0 0 0 0 0 0 2 0 0 0 0 0 0 0 0 0 0 0 0 0 0 0 0 0 0 0 0 0 1 0 
0
0 0 0 0 0 0 0 0 0 
0 1 1 0 0 0 0 0 0 0 0 0 0 0 2 0 2 0 0 0 0 0 0 0 0 0 0 0 0 0 2 0 0 0 0 1 0 0 0 0 1 0 0 0 0 0 0 0 0 0 0 0 0 0 0 0 0 2 0 0 0 0 0 0 0 0 0 0 0 0 0 0 0 0 0 0 0 0 0 1 0 
0 1 1 0 0 0 0 0 0 0 0 0 0 0 2 0 2 0 0 0 0 0 0 0 0 0 0 0 0 0 2 0 0 0 0 1 0 0 0 0 1 0 0 0 0 0 0 0 0 0 0 0 0 0 0 0 0 2 0 0 0 0 0 0 0 0 0 0 0 0 0 0 0 0 0 0 0 0 0 1 0 
0
0 0 0 0 0 0 0 0 0 
0 1 1 0 0 0 0 0 0 0 0 0 0 0 2 0 2 2 0 0 0 0 0 0 0 0 0 0 0 0 2 0 0 0 0 1 0 0 0 0 1 0 0 0 0 0 0 0 0 0 0 0 0 0 0 0 0 2 0 0 0 0 0 0 0 0 0 0 0 0 0 0 0 0 0 0 0 0 0 1 0 
0 1 1 0 0 0 0 0 0 0 0 0 0 0 2 0 2 2 0 0 0 0 0 0 0 0 0 0 0 0 2 0 0 0 0 1 0 0 0 0 1 0 0 0 0 0 0 0 0 0 0 0 0 0 0 0 0 2 0 0 0 0 0 0 0 0 0 0 0 0 0 0 0 0 0 0 0 0 0 1 0 
0
0 0 0 0 0 0 0 0 0 
0 1 1 0 0 0 0 0 0 0 0 0 0 0 2 0 2 2 0 0 0 0 0 0 0 0 0 0 0 0 2 0 0 0 0 1 0 0 0 0 1 0 0 0 0 0 0 0 0 0 0 1 0 0 0 0 0 2 0 0 0 0 0 0 0 0 0 0 0 0 0 0 0 0 0 0 0 0 0 1 0 
0 1 1 0 0 0 0 0 0 0 0 0 0 0 2 0 2 2 0 0 0 0 0 0 0 0 0 0 0 0 2 0 0 0 0 1 0 0 0 0 1 0 0 0 0 0 0 0 0 0 0 1 0 0 0 0 0 2 0 0 0 0 0 0 0 0 0 0 0 0 0 0 0 0 0 0 0 0 0 1 0 
0
0 0 0 0 0 0 0 0 0 
0 1 1 0 0 0 0 0 0 0 0 0 0 0 2 0 2 2 0 0 0 0 0 0 0 0 0 0 0 0 2 0 0 0 0 1 0 0 0 0 1 0 0 0 0 0 0 0 0 0 0 1 0 0 0 0 0 2 0 0 0 0 0 0 0 0 0 0 0 0 0 0 0 2 0 0 0 0 0 1 0 
0 1 1 0 0 0 0 0 0 0 0 0 0 0 2 0 2 2 0 0 0 0 0 0 0 0 0 0 0 0 2 0 0 0 0 1 0 0 0 0 1 0 0 0 0 0 0 0 0 0 0 1 0 0 0 0 0 2 0 0 0 0 0 0 0 0 0 0 0 0 0 0 0 2 0 0 0 0 0 1 0 
0
0 0 0 0 0 0 0 0 0 
0 1 1 0 0 0 0 0 0 0 0 0 0 0 2 0 2 2 0 0 0 0 0 0 0 0 0 0 0 0 2 0 0 0 0 1 0 0 0 0 1 0 0 0 0 0 0 0 0 0 0 1 0 0 0 0 0 2 0 0 0 0 0 0 0 0 0 0 0 0 0 0 0 2 0 1 0 0 0 1 0 
0 1 1 0 0 0 0 0 0 0 0 0 0 0 2 0 2 2 0 0 0 0 0 0 0 0 0 0 0 0 2 0 0 0 0 1 0 0 0 0 1 0 0 0 0 0 0 0 0 0 0 1 0 0 0 0 0 2 0 0 0 0 0 0 0 0 0 0 0 0 0 0 0 2 0 1 0 0 0 1 0 
0
0 0 0 0 0 0 0 0 0 
0 1 1 0 0 0 0 0 0 0 0 0 0 0 2 0 2 2 0 0 0 0 0 0 0 0 0 0 0 0 2 0 0 0 0 1 0 0 0 0 1 0 0 0 0 0 0 0 0 0 0 1 0 0 0 0 0 2 0 0 0 0 0 0 0 0 0 0 0 0 0 0 0 2 2 1 0 0 0 1 0 
0 1 1 0 0 0 0 0 0 0 0 0 0 0 2 0 2 2 0 0 0 0 0 0 0 0 0 0 0 0 2 0 0 0 0 1 0 0 0 0 1 0 0 0 0 0 0 0 0 0 0 1 0 0 0 0 0 2 0 0 0 0 0 0 0 0 0 0 0 0 0 0 0 2 2 1 0 0 0 1 0 
0
0 0 0 0 0 0 0 0 0 
0 1 1 0 0 0 0 0 0 0 0 0 0 0 2 0 2 2 0 0 0 0 0 0 0 0 0 0 0 0 2 0 0 0 0 1 0 0 0 0 1 0 0 0 0 0 0 0 0 0 0 1 0 0 0 0 0 2 0 0 0 1 0 0 0 0 0 0 0 0 0 0 0 2 2 1 0 0 0 1 0 
0 1 1 0 0 0 0 0 0 0 0 0 0 0 2 0 2 2 0 0 0 0 0 0 0 0 0 0 0 0 2 0 0 0 0 1 0 0 0 0 1 0 0 0 0 0 0 0 0 0 0 1 0 0 0 0 0 2 0 0 0 1 0 0 0 0 0 0 0 0 0 0 0 2 2 1 0 0 0 1 0 
0
0 0 0 0 0 0 0 0 0 
0 1 1 0 0 0 0 0 0 0 0 0 0 2 2 0 2 2 0 0 0 0 0 0 0 0 0 0 0 0 2 0 0 0 0 1 0 0 0 0 1 0 0 0 0 0 0 0 0 0 0 1 0 0 0 0 0 2 0 0 0 1 0 0 0 0 0 0 0 0 0 0 0 2 2 1 0 0 0 1 0 
0 1 1 0 0 0 0 0 0 0 0 0 0 2 2 0 2 2 0 0 0 0 0 0 0 0 0 0 0 0 2 0 0 0 0 1 0 0 0 0 1 0 0 0 0 0 0 0 0 0 0 1 0 0 0 0 0 2 0 0 0 1 0 0 0 0 0 0 0 0 0 0 0 2 2 1 0 0 0 1 0 
0
0 0 0 0 0 0 0 0 0 
0 1 1 0 0 0 0 0 0 0 0 0 0 2 2 0 2 2 0 0 0 0 0 0 0 0 0 0 0 0 2 0 0 0 0 1 0 0 0 0 1 1 0 0 0 0 0 0 0 0 0 1 0 0 0 0 0 2 0 0 0 1 0 0 0 0 0 0 0 0 0 0 0 2 2 1 0 0 0 1 0 
0 1 1 0 0 0 0 0 0 0 0 0 0 2 2 0 2 2 0 0 0 0 0 0 0 0 0 0 0 0 2 0 0 0 0 1 0 0 0 0 1 1 0 0 0 0 0 0 0 0 0 1 0 0 0 0 0 2 0 0 0 1 0 0 0 0 0 0 0 0 0 0 0 2 2 1 0 0 0 1 0 
0
0 0 0 0 0 0 0 0 0 
0 1 1 0 0 0 0 0 0 0 0 0 0 2 2 0 2 2 0 0 0 0 0 0 0 0 0 0 0 0 2 0 0 0 2 1 0 0 0 0 1 1 0 0 0 0 0 0 0 0 0 1 0 0 0 0 0 2 0 0 0 1 0 0 0 0 0 0 0 0 0 0 0 2 2 1 0 0 0 1 0 
0 1 1 0 0 0 0 0 0 0 0 0 0 2 2 0 2 2 0 0 0 0 0 0 0 0 0 0 0 0 2 0 0 0 2 1 0 0 0 0 1 1 0 0 0 0 0 0 0 0 0 1 0 0 0 0 0 2 0 0 0 1 0 0 0 0 0 0 0 0 0 0 0 2 2 1 0 0 0 1 0 
0
0 0 0 0 0 0 0 0 0 
0 1 1 0 0 0 0 0 0 0 0 0 0 2 2 0 2 2 0 0 0 0 0 1 0 0 0 0 0 0 2 0 0 0 2 1 0 0 0 0 1 1 0 0 0 0 0 0 0 0 0 1 0 0 0 0 0 2 0 0 0 1 0 0 0 0 0 0 0 0 0 0 0 2 2 1 0 0 0 1 0 
0 1 1 0 0 0 0 0 0 0 0 0 0 2 2 0 2 2 0 0 0 0 0 1 0 0 0 0 0 0 2 0 0 0 2 1 0 0 0 0 1 1 0 0 0 0 0 0 0 0 0 1 0 0 0 0 0 2 0 0 0 1 0 0 0 0 0 0 0 0 0 0 0 2 2 1 0 0 0 1 0 
0
0 0 0 0 0 0 0 0 0 
0 1 1 0 0 0 0 0 0 0 0 0 0 2 2 0 2 2 0 0 0 0 0 1 0 0 0 0 0 0 2 0 0 0 2 1 0 0 0 0 1 1 0 0 0 0 0 0 0 0 0 1 0 0 0 0 0 2 0 0 0 1 2 0 0 0 0 0 0 0 0 0 0 2 2 1 0 0 0 1 0 
0 1 1 0 0 0 0 0 0 0 0 0 0 2 2 0 2 2 0 0 0 0 0 1 0 0 0 0 0 0 2 0 0 0 2 1 0 0 0 0 1 1 0 0 0 0 0 0 0 0 0 1 0 0 0 0 0 2 0 0 0 1 2 0 0 0 0 0 0 0 0 0 0 2 2 1 0 0 0 1 0 
0
0 0 0 0 0 0 0 0 0 
0 1 1 0 0 0 0 0 1 0 0 0 0 2 2 0 2 2 0 0 0 0 0 1 0 0 0 0 0 0 2 0 0 0 2 1 0 0 0 0 1 1 0 0 0 0 0 0 0 0 0 1 0 0 0 0 0 2 0 0 0 1 2 0 0 0 0 0 0 0 0 0 0 2 2 1 0 0 0 1 0 
0 1 1 0 0 0 0 0 1 0 0 0 0 2 2 0 2 2 0 0 0 0 0 1 0 0 0 0 0 0 2 0 0 0 2 1 0 0 0 0 1 1 0 0 0 0 0 0 0 0 0 1 0 0 0 0 0 2 0 0 0 1 2 0 0 0 0 0 0 0 0 0 0 2 2 1 0 0 0 1 0 
0
0 0 0 0 0 0 0 0 0 
0 1 1 0 0 0 0 0 1 0 0 0 0 2 2 0 2 2 0 0 0 0 0 1 2 0 0 0 0 0 2 0 0 0 2 1 0 0 0 0 1 1 0 0 0 0 0 0 0 0 0 1 0 0 0 0 0 2 0 0 0 1 2 0 0 0 0 0 0 0 0 0 0 2 2 1 0 0 0 1 0 
0 1 1 0 0 0 0 0 1 0 0 0 0 2 2 0 2 2 0 0 0 0 0 1 2 0 0 0 0 0 2 0 0 0 2 1 0 0 0 0 1 1 0 0 0 0 0 0 0 0 0 1 0 0 0 0 0 2 0 0 0 1 2 0 0 0 0 0 0 0 0 0 0 2 2 1 0 0 0 1 0 
0
0 0 0 0 0 0 0 0 0 
0 1 1 0 0 0 0 0 1 0 0 0 0 2 2 0 2 2 0 0 0 0 0 1 2 0 0 0 0 0 2 0 0 0 2 1 0 0 0 0 1 1 0 0 0 0 0 0 0 0 0 1 0 0 0 0 0 2 0 0 0 1 2 0 0 1 0 0 0 0 0 0 0 2 2 1 0 0 0 1 0 
0 1 1 0 0 0 0 0 1 0 0 0 0 2 2 0 2 2 0 0 0 0 0 1 2 0 0 0 0 0 2 0 0 0 2 1 0 0 0 0 1 1 0 0 0 0 0 0 0 0 0 1 0 0 0 0 0 2 0 0 0 1 2 0 0 1 0 0 0 0 0 0 0 2 2 1 0 0 0 1 0 
0
0 0 0 0 0 0 0 0 0 
0 1 1 0 0 0 0 0 1 0 0 0 0 2 2 0 2 2 0 0 0 0 0 1 2 0 0 0 0 0 2 0 0 0 2 1 0 0 0 0 1 1 2 0 0 0 0 0 0 0 0 1 0 0 0 0 0 2 0 0 0 1 2 0 0 1 0 0 0 0 0 0 0 2 2 1 0 0 0 1 0 
0 1 1 0 0 0 0 0 1 0 0 0 0 2 2 0 2 2 0 0 0 0 0 1 2 0 0 0 0 0 2 0 0 0 2 1 0 0 0 0 1 1 2 0 0 0 0 0 0 0 0 1 0 0 0 0 0 2 0 0 0 1 2 0 0 1 0 0 0 0 0 0 0 2 2 1 0 0 0 1 0 
0
0 0 0 0 0 0 0 0 0 
0 1 1 0 0 0 0 0 1 0 0 0 0 2 2 0 2 2 0 0 0 0 0 1 2 0 0 0 0 0 2 0 0 0 2 1 0 0 0 0 1 1 2 0 0 1 0 0 0 0 0 1 0 0 0 0 0 2 0 0 0 1 2 0 0 1 0 0 0 0 0 0 0 2 2 1 0 0 0 1 0 
0 1 1 0 0 0 0 0 1 0 0 0 0 2 2 0 2 2 0 0 0 0 0 1 2 0 0 0 0 0 2 0 0 0 2 1 0 0 0 0 1 1 2 0 0 1 0 0 0 0 0 1 0 0 0 0 0 2 0 0 0 1 2 0 0 1 0 0 0 0 0 0 0 2 2 1 0 0 0 1 0 
0
0 0 0 0 0 0 0 0 0 
0 1 1 0 0 0 0 0 1 0 0 0 0 2 2 0 2 2 0 0 0 0 0 1 2 0 0 0 0 0 2 0 0 0 2 1 0 0 0 0 1 1 2 0 0 1 0 0 0 0 0 1 0 0 2 0 0 2 0 0 0 1 2 0 0 1 0 0 0 0 0 0 0 2 2 1 0 0 0 1 0 
0 1 1 0 0 0 0 0 1 0 0 0 0 2 2 0 2 2 0 0 0 0 0 1 2 0 0 0 0 0 2 0 0 0 2 1 0 0 0 0 1 1 2 0 0 1 0 0 0 0 0 1 0 0 2 0 0 2 0 0 0 1 2 0 0 1 0 0 0 0 0 0 0 2 2 1 0 0 0 1 0 
0
0 0 0 0 0 0 0 0 0 
0 1 1 0 0 0 0 0 1 1 0 0 0 2 2 0 2 2 0 0 0 0 0 1 2 0 0 0 0 0 2 0 0 0 2 1 0 0 0 0 1 1 2 0 0 1 0 0 0 0 0 1 0 0 2 0 0 2 0 0 0 1 2 0 0 1 0 0 0 0 0 0 0 2 2 1 0 0 0 1 0 
0 1 1 0 0 0 0 0 1 1 0 0 0 2 2 0 2 2 0 0 0 0 0 1 2 0 0 0 0 0 2 0 0 0 2 1 0 0 0 0 1 1 2 0 0 1 0 0 0 0 0 1 0 0 2 0 0 2 0 0 0 1 2 0 0 1 0 0 0 0 0 0 0 2 2 1 0 0 0 1 0 
0
0 0 0 0 0 0 0 0 0 
0 1 1 0 0 0 0 0 1 1 0 0 0 2 2 0 2 2 0 0 0 0 0 1 2 0 0 2 0 0 2 0 0 0 2 1 0 0 0 0 1 1 2 0 0 1 0 0 0 0 0 1 0 0 2 0 0 2 0 0 0 1 2 0 0 1 0 0 0 0 0 0 0 2 2 1 0 0 0 1 0 
0 1 1 0 0 0 0 0 1 1 0 0 0 2 2 0 2 2 0 0 0 0 0 1 2 0 0 2 0 0 2 0 0 0 2 1 0 0 0 0 1 1 2 0 0 1 0 0 0 0 0 1 0 0 2 0 0 2 0 0 0 1 2 0 0 1 0 0 0 0 0 0 0 2 2 1 0 0 0 1 0 
0
0 0 0 0 0 0 0 0 0 
0 1 1 0 0 0 0 0 1 1 1 0 0 2 2 0 2 2 0 0 0 0 0 1 2 0 0 2 0 0 2 0 0 0 2 1 0 0 0 0 1 1 2 0 0 1 0 0 0 0 0 1 0 0 2 0 0 2 0 0 0 1 2 0 0 1 0 0 0 0 0 0 0 2 2 1 0 0 0 1 0 
0 1 1 0 0 0 0 0 1 1 1 0 0 2 2 0 2 2 0 0 0 0 0 1 2 0 0 2 0 0 2 0 0 0 2 1 0 0 0 0 1 1 2 0 0 1 0 0 0 0 0 1 0 0 2 0 0 2 0 0 0 1 2 0 0 1 0 0 0 0 0 0 0 2 2 1 0 0 0 1 0 
0
0 0 0 0 0 0 0 0 0 
0 1 1 0 0 0 0 0 1 1 1 0 0 2 2 0 2 2 0 0 0 0 0 1 2 0 0 2 0 0 2 0 0 0 2 1 0 0 0 0 1 1 2 0 0 1 0 0 2 0 0 1 0 0 2 0 0 2 0 0 0 1 2 0 0 1 0 0 0 0 0 0 0 2 2 1 0 0 0 1 0 
0 1 1 0 0 0 0 0 1 1 1 0 0 2 2 0 2 2 0 0 0 0 0 1 2 0 0 2 0 0 2 0 0 0 2 1 0 0 0 0 1 1 2 0 0 1 0 0 2 0 0 1 0 0 2 0 0 2 0 0 0 1 2 0 0 1 0 0 0 0 0 0 0 2 2 1 0 0 0 1 0 
0
0 0 0 0 0 0 0 0 0 
0 1 1 0 0 0 0 0 1 1 1 0 0 2 2 0 2 2 0 0 0 0 0 1 2 0 0 2 0 0 2 0 0 0 2 1 0 0 0 0 1 1 2 0 0 1 0 0 2 0 0 1 0 0 2 0 0 2 0 0 0 1 2 0 0 1 0 0 0 0 0 0 1 2 2 1 0 0 0 1 0 
0 1 1 0 0 0 0 0 1 1 1 0 0 2 2 0 2 2 0 0 0 0 0 1 2 0 0 2 0 0 2 0 0 0 2 1 0 0 0 0 1 1 2 0 0 1 0 0 2 0 0 1 0 0 2 0 0 2 0 0 0 1 2 0 0 1 0 0 0 0 0 0 1 2 2 1 0 0 0 1 0 
0
0 0 0 0 0 0 0 0 0 
0 1 1 0 0 0 0 0 1 1 1 0 0 2 2 0 2 2 0 0 0 0 0 1 2 0 0 2 0 0 2 0 0 0 2 1 0 0 0 0 1 1 2 0 0 1 0 0 2 0 0 1 0 0 2 0 2 2 0 0 0 1 2 0 0 1 0 0 0 0 0 0 1 2 2 1 0 0 0 1 0 
0 1 1 0 0 0 0 0 1 1 1 0 0 2 2 0 2 2 0 0 0 0 0 1 2 0 0 2 0 0 2 0 0 0 2 1 0 0 0 0 1 1 2 0 0 1 0 0 2 0 0 1 0 0 2 0 2 2 0 0 0 1 2 0 0 1 0 0 0 0 0 0 1 2 2 1 0 0 0 1 0 
0
0 0 0 0 0 0 0 0 0 
0 1 1 0 0 0 0 1 1 1 1 0 0 2 2 0 2 2 0 0 0 0 0 1 2 0 0 2 0 0 2 0 0 0 2 1 0 0 0 0 1 1 2 0 0 1 0 0 2 0 0 1 0 0 2 0 2 2 0 0 0 1 2 0 0 1 0 0 0 0 0 0 1 2 2 1 0 0 0 1 0 
0 1 1 0 0 0 0 1 1 1 1 0 0 2 2 0 2 2 0 0 0 0 0 1 2 0 0 2 0 0 2 0 0 0 2 1 0 0 0 0 1 1 2 0 0 1 0 0 2 0 0 1 0 0 2 0 2 2 0 0 0 1 2 0 0 1 0 0 0 0 0 0 1 2 2 1 0 0 0 1 0 
0
0 0 0 0 0 0 0 0 0 
0 1 1 0 0 0 0 1 1 1 1 0 0 2 2 0 2 2 0 0 0 0 2 1 2 0 0 2 0 0 2 0 0 0 2 1 0 0 0 0 1 1 2 0 0 1 0 0 2 0 0 1 0 0 2 0 2 2 0 0 0 1 2 0 0 1 0 0 0 0 0 0 1 2 2 1 0 0 0 1 0 
0 1 1 0 0 0 0 1 1 1 1 0 0 2 2 0 2 2 0 0 0 0 2 1 2 0 0 2 0 0 2 0 0 0 2 1 0 0 0 0 1 1 2 0 0 1 0 0 2 0 0 1 0 0 2 0 2 2 0 0 0 1 2 0 0 1 0 0 0 0 0 0 1 2 2 1 0 0 0 1 0 
0
0 0 0 0 0 0 0 0 0 
0 1 1 0 0 0 0 1 1 1 1 0 0 2 2 0 2 2 0 0 0 0 2 1 2 0 0 2 0 0 2 0 0 0 2 1 0 0 0 0 1 1 2 0 0 1 0 0 2 0 0 1 0 0 2 0 2 2 0 0 0 1 2 0 0 1 0 1 0 0 0 0 1 2 2 1 0 0 0 1 0 
0 1 1 0 0 0 0 1 1 1 1 0 0 2 2 0 2 2 0 0 0 0 2 1 2 0 0 2 0 0 2 0 0 0 2 1 0 0 0 0 1 1 2 0 0 1 0 0 2 0 0 1 0 0 2 0 2 2 0 0 0 1 2 0 0 1 0 1 0 0 0 0 1 2 2 1 0 0 0 1 0 
0
0 0 0 0 0 0 0 0 0 
0 1 1 0 0 0 0 1 1 1 1 0 0 2 2 0 2 2 0 0 0 0 2 1 2 0 0 2 0 0 2 2 0 0 2 1 0 0 0 0 1 1 2 0 0 1 0 0 2 0 0 1 0 0 2 0 2 2 0 0 0 1 2 0 0 1 0 1 0 0 0 0 1 2 2 1 0 0 0 1 0 
0 1 1 0 0 0 0 1 1 1 1 0 0 2 2 0 2 2 0 0 0 0 2 1 2 0 0 2 0 0 2 2 0 0 2 1 0 0 0 0 1 1 2 0 0 1 0 0 2 0 0 1 0 0 2 0 2 2 0 0 0 1 2 0 0 1 0 1 0 0 0 0 1 2 2 1 0 0 0 1 0 
0
0 0 0 0 0 0 0 0 0 
0 1 1 0 1 0 0 1 1 1 1 0 0 2 2 0 2 2 0 0 0 0 2 1 2 0 0 2 0 0 2 2 0 0 2 1 0 0 0 0 1 1 2 0 0 1 0 0 2 0 0 1 0 0 2 0 2 2 0 0 0 1 2 0 0 1 0 1 0 0 0 0 1 2 2 1 0 0 0 1 0 
0 1 1 0 1 0 0 1 1 1 1 0 0 2 2 0 2 2 0 0 0 0 2 1 2 0 0 2 0 0 2 2 0 0 2 1 0 0 0 0 1 1 2 0 0 1 0 0 2 0 0 1 0 0 2 0 2 2 0 0 0 1 2 0 0 1 0 1 0 0 0 0 1 2 2 1 0 0 0 1 0 
0
0 0 0 0 0 0 0 0 0 
0 1 1 0 1 2 0 1 1 1 1 0 0 2 2 0 2 2 0 0 0 0 2 1 2 0 0 2 0 0 2 2 0 0 2 1 0 0 0 0 1 1 2 0 0 1 0 0 2 0 0 1 0 0 2 0 2 2 0 0 0 1 2 0 0 1 0 1 0 0 0 0 1 2 2 1 0 0 0 1 0 
0 1 1 0 1 2 0 1 1 1 1 0 0 2 2 0 2 2 0 0 0 0 2 1 2 0 0 2 0 0 2 2 0 0 2 1 0 0 0 0 1 1 2 0 0 1 0 0 2 0 0 1 0 0 2 0 2 2 0 0 0 1 2 0 0 1 0 1 0 0 0 0 1 2 2 1 0 0 0 1 0 
0
0 0 0 0 0 0 0 0 0 
0 1 1 0 1 2 0 1 1 1 1 0 0 2 2 0 2 2 0 0 0 0 2 1 2 1 0 2 0 0 2 2 0 0 2 1 0 0 0 0 1 1 2 0 0 1 0 0 2 0 0 1 0 0 2 0 2 2 0 0 0 1 2 0 0 1 0 1 0 0 0 0 1 2 2 1 0 0 0 1 0 
0 1 1 0 1 2 0 1 1 1 1 0 0 2 2 0 2 2 0 0 0 0 2 1 2 1 0 2 0 0 2 2 0 0 2 1 0 0 0 0 1 1 2 0 0 1 0 0 2 0 0 1 0 0 2 0 2 2 0 0 0 1 2 0 0 1 0 1 0 0 0 0 1 2 2 1 0 0 0 1 0 
0
0 0 0 0 0 0 0 0 0 
0 1 1 0 1 2 0 1 1 1 1 0 0 2 2 0 2 2 0 0 0 0 2 1 2 1 0 2 0 0 2 2 0 0 2 1 0 0 0 0 1 1 2 0 0 1 0 0 2 0 0 1 0 0 2 0 2 2 2 0 0 1 2 0 0 1 0 1 0 0 0 0 1 2 2 1 0 0 0 1 0 
0 1 1 0 1 2 0 1 1 1 1 0 0 2 2 0 2 2 0 0 0 0 2 1 2 1 0 2 0 0 2 2 0 0 2 1 0 0 0 0 1 1 2 0 0 1 0 0 2 0 0 1 0 0 2 0 2 2 2 0 0 1 2 0 0 1 0 1 0 0 0 0 1 2 2 1 0 0 0 1 0 
0
0 0 0 0 0 0 0 0 0 
0 1 1 1 1 2 0 1 1 1 1 0 0 2 2 0 2 2 0 0 0 0 2 1 2 1 0 2 0 0 2 2 0 0 2 1 0 0 0 0 1 1 2 0 0 1 0 0 2 0 0 1 0 0 2 0 2 2 2 0 0 1 2 0 0 1 0 1 0 0 0 0 1 2 2 1 0 0 0 1 0 
0 1 1 1 1 2 0 1 1 1 1 0 0 2 2 0 2 2 0 0 0 0 2 1 2 1 0 2 0 0 2 2 0 0 2 1 0 0 0 0 1 1 2 0 0 1 0 0 2 0 0 1 0 0 2 0 2 2 2 0 0 1 2 0 0 1 0 1 0 0 0 0 1 2 2 1 0 0 0 1 0 
0
0 0 0 0 0 0 0 0 0 
2 1 1 1 1 2 0 1 1 1 1 0 0 2 2 0 2 2 0 0 0 0 2 1 2 1 0 2 0 0 2 2 0 0 2 1 0 0 0 0 1 1 2 0 0 1 0 0 2 0 0 1 0 0 2 0 2 2 2 0 0 1 2 0 0 1 0 1 0 0 0 0 1 2 2 1 0 0 0 1 0 
2 1 1 1 1 2 0 1 1 1 1 0 0 2 2 0 2 2 0 0 0 0 2 1 2 1 0 2 0 0 2 2 0 0 2 1 0 0 0 0 1 1 2 0 0 1 0 0 2 0 0 1 0 0 2 0 2 2 2 0 0 1 2 0 0 1 0 1 0 0 0 0 1 2 2 1 0 0 0 1 0 
0
1 0 0 0 0 0 0 0 0 
2 1 1 1 1 2 0 1 1 1 1 1 0 2 2 0 2 2 0 0 0 0 2 1 2 1 0 2 0 0 2 2 0 0 2 1 0 0 0 0 1 1 2 0 0 1 0 0 2 0 0 1 0 0 2 0 2 2 2 0 0 1 2 0 0 1 0 1 0 0 0 0 1 2 2 1 0 0 0 1 0 
18 17 17 1 1 2 0 1 1 17 17 17 0 2 2 0 2 2 16 16 16 0 2 1 2 1 0 2 0 0 2 2 0 0 2 1 0 0 0 0 1 1 2 0 0 1 0 0 2 0 0 1 0 0 2 0 2 2 2 0 0 1 2 0 0 1 0 1 0 0 0 0 1 2 2 1 0 0 0 1 0 
0
1 0 0 0 0 0 0 0 0 
2 1 1 1 1 2 0 1 1 1 1 1 0 2 2 0 2 2 0 0 0 0 2 1 2 1 0 2 0 0 2 2 0 2 2 1 0 0 0 0 1 1 2 0 0 1 0 0 2 0 0 1 0 0 2 0 2 2 2 0 0 1 2 0 0 1 0 1 0 0 0 0 1 2 2 1 0 0 0 1 0 
18 17 17 1 1 2 0 1 1 17 17 17 0 2 2 0 2 2 16 16 16 0 2 1 2 1 0 2 0 0 2 2 0 2 2 1 0 0 0 0 1 1 2 0 0 1 0 0 2 0 0 1 0 0 2 0 2 2 2 0 0 1 2 0 0 1 0 1 0 0 0 0 1 2 2 1 0 0 0 1 0 
0
1 0 0 0 0 0 0 0 1 
2 1 1 1 1 2 0 1 1 1 1 1 0 2 2 0 2 2 0 0 0 0 2 1 2 1 0 2 0 0 2 2 0 2 2 1 0 0 0 0 1 1 2 0 0 1 0 0 2 0 0 1 0 0 2 0 2 2 2 0 0 1 2 0 0 1 0 1 0 0 1 0 1 2 2 1 0 0 0 1 0 
18 17 17 1 1 2 0 1 1 17 17 17 0 2 2 0 2 2 16 16 16 0 2 1 2 1 0 2 0 0 2 2 0 2 2 1 0 0 0 0 1 1 2 0 0 1 0 0 2 0 0 1 0 0 2 0 2 2 2 0 16 17 18 0 0 1 0 1 0 16 17 16 1 2 2 1 0 0 16 17 16 
0
1 0 0 0 2 0 0 0 1 
2 1 1 1 1 2 0 1 1 1 1 1 0 2 2 0 2 2 0 0 0 0 2 1 2 1 0 2 0 0 2 2 2 2 2 1 0 0 0 0 1 1 2 0 0 1 0 0 2 0 0 1 0 0 2 0 2 2 2 0 0 1 2 0 0 1 0 1 0 0 1 0 1 2 2 1 0 0 0 1 0 
18 17 17 1 1 2 0 1 1 17 17 17 0 2 2 0 2 2 16 16 16 0 2 1 2 1 0 2 0 0 34 34 34 2 2 1 0 0 0 32 33 33 2 0 0 1 0 0 34 32 32 1 0 0 2 0 2 2 2 0 16 17 18 0 0 1 0 1 0 16 17 16 1 2 2 1 0 0 16 17 16 
0
1 0 0 0 2 0 0 0 1 
2 1 1 1 1 2 0 1 1 1 1 1 0 2 2 0 2 2 0 0 0 0 2 1 2 1 1 2 0 0 2 2 2 2 2 1 0 0 0 0 1 1 2 0 0 1 0 0 2 0 0 1 0 0 2 0 2 2 2 0 0 1 2 0 0 1 0 1 0 0 1 0 1 2 2 1 0 0 0 1 0 
18 17 17 1 1 2 0 1 1 17 17 17 0 2 2 0 2 2 16 16 16 0 2 1 2 1 1 2 0 0 34 34 34 2 2 1 0 0 0 32 33 33 2 0 0 1 0 0 34 32 32 1 0 0 2 0 2 2 2 0 16 17 18 0 0 1 0 1 0 16 17 16 1 2 2 1 0 0 16 17 16 
0
1 0 0 0 2 0 0 0 1 
2 1 1 1 1 2 0 1 1 1 1 1 0 2 2 0 2 2 0 0 0 0 2 1 2 1 1 2 2 0 2 2 2 2 2 1 0 0 0 0 1 1 2 0 0 1 0 0 2 0 0 1 0 0 2 0 2 2 2 0 0 1 2 0 0 1 0 1 0 0 1 0 1 2 2 1 0 0 0 1 0 
18 17 17 1 1 2 0 1 1 17 17 17 0 2 2 0 2 2 16 16 16 0 2 1 2 1 1 2 2 0 34 34 34 2 2 1 0 0 0 32 33 33 2 0 0 1 0 0 34 32 32 1 0 0 2 0 2 2 2 0 16 17 18 0 0 1 0 1 0 16 17 16 1 2 2 1 0 0 16 17 16 
0
1 0 0 0 2 0 0 0 1 
2 1 1 1 1 2 0 1 1 1 1 1 0 2 2 0 2 2 0 0 0 1 2 1 2 1 1 2 2 0 2 2 2 2 2 1 0 0 0 0 1 1 2 0 0 1 0 0 2 0 0 1 0 0 2 0 2 2 2 0 0 1 2 0 0 1 0 1 0 0 1 0 1 2 2 1 0 0 0 1 0 
18 17 17 1 1 2 0 1 1 17 17 17 0 2 2 0 2 2 16 16 16 1 2 1 2 1 1 2 2 0 34 34 34 2 2 1 0 0 0 32 33 33 2 0 0 1 0 0 34 32 32 1 0 0 2 0 2 2 2 0 16 17 18 0 0 1 0 1 0 16 17 16 1 2 2 1 0 0 16 17 16 
0
1 0 0 0 2 0 2 0 1 
2 1 1 1 1 2 0 1 1 1 1 1 0 2 2 0 2 2 0 0 0 1 2 1 2 1 1 2 2 0 2 2 2 2 2 1 0 0 0 0 1 1 2 0 0 1 0 0 2 0 0 1 0 0 2 2 2 2 2 0 0 1 2 0 0 1 0 1 0 0 1 0 1 2 2 1 0 0 0 1 0 
18 17 17 1 1 2 0 1 1 17 17 17 0 2 2 0 2 2 16 16 16 1 2 1 2 1 1 2 2 0 34 34 34 2 2 1 0 0 0 32 33 33 2 0 0 1 0 0 34 32 32 1 0 0 34 34 34 2 2 0 16 17 18 32 32 33 0 1 0 16 17 16 33 34 34 1 0 0 16 17 16 
0
1 1 0 0 2 0 2 0 1 
2 1 1 1 1 2 0 1 1 1 1 1 1 2 2 0 2 2 0 0 0 1 2 1 2 1 1 2 2 0 2 2 2 2 2 1 0 0 0 0 1 1 2 0 0 1 0 0 2 0 0 1 0 0 2 2 2 2 2 0 0 1 2 0 0 1 0 1 0 0 1 0 1 2 2 1 0 0 0 1 0 
18 17 17 17 17 18 0 1 1 17 17 17 17 18 18 0 2 2 16 16 16 17 18 17 2 1 1 2 2 0 34 34 34 2 2 1 0 0 0 32 33 33 2 0 0 1 0 0 34 32 32 1 0 0 34 34 34 2 2 0 16 17 18 32 32 33 0 1 0 16 17 16 33 34 34 1 0 0 16 17 16 
0
1 1 0 0 2 0 2 0 1 
2 1 1 1 1 2 0 1 1 1 1 1 1 2 2 0 2 2 0 0 0 1 2 1 2 1 1 2 2 0 2 2 2 2 2 1 2 0 0 0 1 1 2 0 0 1 0 0 2 0 0 1 0 0 2 2 2 2 2 0 0 1 2 0 0 1 0 1 0 0 1 0 1 2 2 1 0 0 0 1 0 
18 17 17 17 17 18 0 1 1 17 17 17 17 18 18 0 2 2 16 16 16 17 18 17 2 1 1 2 2 0 34 34 34 2 2 1 2 0 0 32 33 33 2 0 0 1 0 0 34 32 32 1 0 0 34 34 34 2 2 0 16 17 18 32 32 33 0 1 0 16 17 16 33 34 34 1 0 0 16 17 16 
0
1 1 0 0 2 0 2 0 1 
2 1 1 1 1 2 0 1 1 1 1 1 1 2 2 0 2 2 0 0 0 1 2 1 2 1 1 2 2 0 2 2 2 2 2 1 2 1 0 0 1 1 2 0 0 1 0 0 2 0 0 1 0 0 2 2 2 2 2 0 0 1 2 0 0 1 0 1 0 0 1 0 1 2 2 1 0 0 0 1 0 
18 17 17 17 17 18 0 1 1 17 17 17 17 18 18 0 2 2 16 16 16 17 18 17 2 1 1 2 2 0 34 34 34 2 2 1 2 1 0 32 33 33 2 0 0 1 0 0 34 32 32 1 0 0 34 34 34 2 2 0 16 17 18 32 32 33 0 1 0 16 17 16 33 34 34 1 0 0 16 17 16 
0
1 1 2 0 2 0 2 0 1 
2 1 1 1 1 2 0 1 1 1 1 1 1 2 2 2 2 2 0 0 0 1 2 1 2 1 1 2 2 0 2 2 2 2 2 1 2 1 0 0 1 1 2 0 0 1 0 0 2 0 0 1 0 0 2 2 2 2 2 0 0 1 2 0 0 1 0 1 0 0 1 0 1 2 2 1 0 0 0 1 0 
18 17 17 17 17 18 32 33 33 17 17 17 17 18 18 34 34 34 16 16 16 17 18 17 34 33 33 2 2 0 34 34 34 2 2 1 2 1 0 32 33 33 2 0 0 1 0 0 34 32 32 1 0 0 34 34 34 2 2 0 16 17 18 32 32 33 0 1 0 16 17 16 33 34 34 1 0 0 16 17 16 
0
1 1 2 0 2 0 2 0 1 
2 1 1 1 1 2 0 1 1 1 1 1 1 2 2 2 2 2 0 0 0 1 2 1 2 1 1 2 2 0 2 2 2 2 2 1 2 1 0 0 1 1 2 0 0 1 0 0 2 0 0 1 0 0 2 2 2 2 2 0 0 1 2 0 0 1 0 1 0 0 1 0 1 2 2 1 0 0 0 1 0 
18 17 17 17 17 18 32 33 33 17 17 17 17 18 18 34 34 34 16 16 16 17 18 17 34 33 33 2 2 0 34 34 34 2 2 1 2 1 0 32 33 33 2 0 0 1 0 0 34 32 32 1 0 0 34 34 34 2 2 0 16 17 18 32 32 33 0 1 0 16 17 16 33 34 34 1 0 0 16 17 16 
0
