0 0 0 0 0 0 0 0 0 
0 0 0 0 0 0 0 0 0 0 0 0 0 0 0 0 0 0 0 0 0 0 0 0 0 0 0 0 0 0 0 0 0 0 0 0 0 0 0 0 1 0 0 0 0 0 0 0 0 0 0 0 0 0 0 0 0 0 0 0 0 0 0 0 0 0 0 0 0 0 0 0 0 0 0 0 0 0 0 0 0 
0 0 0 0 0 0 0 0 0 0 0 0 0 0 0 0 0 0 0 0 0 0 0 0 0 0 0 0 0 0 0 0 0 0 0 0 0 0 0 0 1 0 0 0 0 0 0 0 0 0 0 0 0 0 0 0 0 0 0 0 0 0 0 0 0 0 0 0 0 0 0 0 0 0 0 0 0 0 0 0 0 
0
0 0 0 0 0 0 0 0 0 
0 0 0 0 0 0 0 0 0 0 0 0 0 0 0 0 0 0 0 0 0 0 0 0 0 0 0 0 0 0 0 0 0 0 0 0 0 0 0 0 1 0 0 0 0 0 0 0 0 0 2 0 0 0 0 0 0 0 0 0 0 0 0 0 0 0 0 0 0 0 0 0 0 0 0 0 0 0 0 0 0 
0 0 0 0 0 0 0 0 0 0 0 0 0 0 0 0 0 0 0 0 0 0 0 0 0 0 0 0 0 0 0 0 0 0 0 0 0 0 0 0 1 0 0 0 0 0 0 0 0 0 2 0 0 0 0 0 0 0 0 0 0 0 0 0 0 0 0 0 0 0 0 0 0 0 0 0 0 0 0 0 0 
0
0 0 0 0 0 0 0 0 0 
0 0 0 0 0 0 0 0 0 0 0 0 0 0 0 0 0 0 0 0 0 0 0 0 0 0 0 0 0 0 0 0 0 0 0 0 0 0 0 0 1 0 0 0 0 0 0 0 0 0 2 0 0 0 0 0 0 0 0 0 0 0 0 0 0 0 0 0 0 0 0 0 0 0 0 0 0 0 0 0 1 
0 0 0 0 0 0 0 0 0 0 0 0 0 0 0 0 0 0 0 0 0 0 0 0 0 0 0 0 0 0 0 0 0 0 0 0 0 0 0 0 1 0 0 0 0 0 0 0 0 0 2 0 0 0 0 0 0 0 0 0 0 0 0 0 0 0 0 0 0 0 0 0 0 0 0 0 0 0 0 0 1 
0
0 0 0 0 0 0 0 0 0 
0 0 0 0 0 0 0 0 0 0 0 0 0 0 0 0 0 0 0 0 0 0 0 0 0 0 0 0 0 0 0 0 0 0 0 0 0 0 0 0 1 0 0 0 0 0 0 0 0 0 2 0 0 0 0 0 0 0 0 0 0 0 2 0 0 0 0 0 0 0 0 0 0 0 0 0 0 0 0 0 1 
0 0 0 0 0 0 0 0 0 0 0 0 0 0 0 0 0 0 0 0 0 0 0 0 0 0 0 0 0 0 0 0 0 0 0 0 0 0 0 0 1 0 0 0 0 0 0 0 0 0 2 0 0 0 0 0 0 0 0 0 0 0 2 0 0 0 0 0 0 0 0 0 0 0 0 0 0 0 0 0 1 
0
0 0 0 0 0 0 0 0 0 
0 0 0 0 0 0 0 0 0 0 0 0 0 0 0 0 0 0 0 0 0 0 0 0 0 1 0 0 0 0 0 0 0 0 0 0 0 0 0 0 1 0 0 0 0 0 0 0 0 0 2 0 0 0 0 0 0 0 0 0 0 0 2 0 0 0 0 0 0 0 0 0 0 0 0 0 0 0 0 0 1 
0 0 0 0 0 0 0 0 0 0 0 0 0 0 0 0 0 0 0 0 0 0 0 0 0 1 0 0 0 0 0 0 0 0 0 0 0 0 0 0 1 0 0 0 0 0 0 0 0 0 2 0 0 0 0 0 0 0 0 0 0 0 2 0 0 0 0 0 0 0 0 0 0 0 0 0 0 0 0 0 1 
0
0 0 0 0 0 0 0 0 0 
0 0 0 0 0 0 0 0 0 0 0 0 0 0 0 0 0 0 0 0 0 0 0 0 0 1 0 0 0 0 0 0 0 0 0 0 0 0 0 0 1 0 0 0 0 0 0 0 0 0 2 0 0 0 0 0 0 0 0 0 0 0 2 0 0 0 2 0 0 0 0 0 0 0 0 0 0 0 0 0 1 
0 0 0 0 0 0 0 0 0 0 0 0 0 0 0 0 0 0 0 0 0 0 0 0 0 1 0 0 0 0 0 0 0 0 0 0 0 0 0 0 1 0 0 0 0 0 0 0 0 0 2 0 0 0 0 0 0 0 0 0 0 0 2 0 0 0 2 0 0 0 0 0 0 0 0 0 0 0 0 0 1 
0
0 0 0 0 0 0 0 0 0 
0 0 0 0 0 0 0 0 0 0 0 0 0 0 0 0 0 0 0 0 0 0 0 0 0 1 0 0 0 0 0 0 0 0 0 0 0 0 0 0 1 0 0 0 0 1 0 0 0 0 2 0 0 0 0 0 0 0 0 0 0 0 2 0 0 0 2 0 0 0 0 0 0 0 0 0 0 0 0 0 1 
0 0 0 0 0 0 0 0 0 0 0 0 0 0 0 0 0 0 0 0 0 0 0 0 0 1 0 0 0 0 0 0 0 0 0 0 0 0 0 0 1 0 0 0 0 1 0 0 0 0 2 0 0 0 0 0 0 0 0 0 0 0 2 0 0 0 2 0 0 0 0 0 0 0 0 0 0 0 0 0 1 
0
0 0 0 0 0 0 0 0 0 
0 0 0 0 0 0 0 0 0 0 0 0 0 0 0 0 0 0 0 0 0 0 0 0 0 1 0 0 0 0 0 0 0 0 0 0 0 0 0 0 1 0 0 0 0 1 0 0 0 0 2 0 0 0 0 0 2 0 0 0 0 0 2 0 0 0 2 0 0 0 0 0 0 0 0 0 0 0 0 0 1 
0 0 0 0 0 0 0 0 0 0 0 0 0 0 0 0 0 0 0 0 0 0 0 0 0 1 0 0 0 0 0 0 0 0 0 0 0 0 0 0 1 0 0 0 0 1 0 0 0 0 2 0 0 0 0 0 2 0 0 0 0 0 2 0 0 0 2 0 0 0 0 0 0 0 0 0 0 0 0 0 1 
0
0 0 0 0 0 0 0 0 0 
0 0 0 0 0 0 0 1 0 0 0 0 0 0 0 0 0 0 0 0 0 0 0 0 0 1 0 0 0 0 0 0 0 0 0 0 0 0 0 0 1 0 0 0 0 1 0 0 0 0 2 0 0 0 0 0 2 0 0 0 0 0 2 0 0 0 2 0 0 0 0 0 0 0 0 0 0 0 0 0 1 
0 0 0 0 0 0 0 1 0 0 0 0 0 0 0 0 0 0 0 0 0 0 0 0 0 1 0 0 0 0 0 0 0 0 0 0 0 0 0 0 1 0 0 0 0 1 0 0 0 0 2 0 0 0 0 0 2 0 0 0 0 0 2 0 0 0 2 0 0 0 0 0 0 0 0 0 0 0 0 0 1 
0
0 0 0 0 0 0 0 0 0 
0 0 0 0 0 0 0 1 0 0 0 0 2 0 0 0 0 0 0 0 0 0 0 0 0 1 0 0 0 0 0 0 0 0 0 0 0 0 0 0 1 0 0 0 0 1 0 0 0 0 2 0 0 0 0 0 2 0 0 0 0 0 2 0 0 0 2 0 0 0 0 0 0 0 0 0 0 0 0 0 1 
0 0 0 0 0 0 0 1 0 0 0 0 2 0 0 0 0 0 0 0 0 0 0 0 0 1 0 0 0 0 0 0 0 0 0 0 0 0 0 0 1 0 0 0 0 1 0 0 0 0 2 0 0 0 0 0 2 0 0 0 0 0 2 0 0 0 2 0 0 0 0 0 0 0 0 0 0 0 0 0 1 
0
0 0 0 0 0 0 0 0 0 
0 0 0 0 0 0 0 1 0 0 0 0 2 0 0 0 0 0 0 0 0 0 0 0 0 1 0 1 0 0 0 0 0 0 0 0 0 0 0 0 1 0 0 0 0 1 0 0 0 0 2 0 0 0 0 0 2 0 0 0 0 0 2 0 0 0 2 0 0 0 0 0 0 0 0 0 0 0 0 0 1 
0 0 0 0 0 0 0 1 0 0 0 0 2 0 0 0 0 0 0 0 0 0 0 0 0 1 0 1 0 0 0 0 0 0 0 0 0 0 0 0 1 0 0 0 0 1 0 0 0 0 2 0 0 0 0 0 2 0 0 0 0 0 2 0 0 0 2 0 0 0 0 0 0 0 0 0 0 0 0 0 1 
0
0 0 0 0 0 0 0 0 0 
0 0 0 0 0 0 0 1 0 0 0 0 2 0 0 0 0 0 2 0 0 0 0 0 0 1 0 1 0 0 0 0 0 0 0 0 0 0 0 0 1 0 0 0 0 1 0 0 0 0 2 0 0 0 0 0 2 0 0 0 0 0 2 0 0 0 2 0 0 0 0 0 0 0 0 0 0 0 0 0 1 
0 0 0 0 0 0 0 1 0 0 0 0 2 0 0 0 0 0 2 0 0 0 0 0 0 1 0 1 0 0 0 0 0 0 0 0 0 0 0 0 1 0 0 0 0 1 0 0 0 0 2 0 0 0 0 0 2 0 0 0 0 0 2 0 0 0 2 0 0 0 0 0 0 0 0 0 0 0 0 0 1 
0
0 0 0 0 0 0 0 0 0 
0 0 0 0 0 0 0 1 0 0 0 0 2 0 0 0 0 0 2 0 0 0 0 0 0 1 0 1 0 0 0 0 0 0 0 0 0 0 0 0 1 0 0 0 0 1 0 0 0 0 2 0 0 0 0 0 2 0 0 0 0 0 2 0 0 1 2 0 0 0 0 0 0 0 0 0 0 0 0 0 1 
0 0 0 0 0 0 0 1 0 0 0 0 2 0 0 0 0 0 2 0 0 0 0 0 0 1 0 1 0 0 0 0 0 0 0 0 0 0 0 0 1 0 0 0 0 1 0 0 0 0 2 0 0 0 0 0 2 0 0 0 0 0 2 0 0 1 2 0 0 0 0 0 0 0 0 0 0 0 0 0 1 
0
0 0 0 0 0 0 0 0 0 
0 0 0 0 0 0 0 1 0 0 0 0 2 0 0 0 0 0 2 0 0 0 0 0 0 1 0 1 0 0 0 0 0 0 0 0 0 0 0 0 1 0 0 0 0 1 0 0 0 0 2 0 2 0 0 0 2 0 0 0 0 0 2 0 0 1 2 0 0 0 0 0 0 0 0 0 0 0 0 0 1 
0 0 0 0 0 0 0 1 0 0 0 0 2 0 0 0 0 0 2 0 0 0 0 0 0 1 0 1 0 0 0 0 0 0 0 0 0 0 0 0 1 0 0 0 0 1 0 0 0 0 2 0 2 0 0 0 2 0 0 0 0 0 2 0 0 1 2 0 0 0 0 0 0 0 0 0 0 0 0 0 1 
0
0 0 0 0 0 0 0 0 0 
0 0 0 0 0 0 0 1 0 0 0 0 2 0 0 0 0 0 2 0 0 0 0 0 0 1 0 1 0 0 0 0 0 0 0 0 0 0 0 0 1 0 0 0 0 1 0 0 0 0 2 0 2 0 0 0 2 0 1 0 0 0 2 0 0 1 2 0 0 0 0 0 0 0 0 0 0 0 0 0 1 
0 0 0 0 0 0 0 1 0 0 0 0 2 0 0 0 0 0 2 0 0 0 0 0 0 1 0 1 0 0 0 0 0 0 0 0 0 0 0 0 1 0 0 0 0 1 0 0 0 0 2 0 2 0 0 0 2 0 1 0 0 0 2 0 0 1 2 0 0 0 0 0 0 0 0 0 0 0 0 0 1 
0
0 0 0 0 0 0 0 0 0 
0 0 0 2 0 0 0 1 0 0 0 0 2 0 0 0 0 0 2 0 0 0 0 0 0 1 0 1 0 0 0 0 0 0 0 0 0 0 0 0 1 0 0 0 0 1 0 0 0 0 2 0 2 0 0 0 2 0 1 0 0 0 2 0 0 1 2 0 0 0 0 0 0 0 0 0 0 0 0 0 1 
0 0 0 2 0 0 0 1 0 0 0 0 2 0 0 0 0 0 2 0 0 0 0 0 0 1 0 1 0 0 0 0 0 0 0 0 0 0 0 0 1 0 0 0 0 1 0 0 0 0 2 0 2 0 0 0 2 0 1 0 0 0 2 0 0 1 2 0 0 0 0 0 0 0 0 0 0 0 0 0 1 
0
0 0 0 0 0 0 0 0 0 
0 0 0 2 0 0 0 1 0 0 0 0 2 0 0 0 0 0 2 0 1 0 0 0 0 1 0 1 0 0 0 0 0 0 0 0 0 0 0 0 1 0 0 0 0 1 0 0 0 0 2 0 2 0 0 0 2 0 1 0 0 0 2 0 0 1 2 0 0 0 0 0 0 0 0 0 0 0 0 0 1 
0 0 0 2 0 0 0 1 0 0 0 0 2 0 0 0 0 0 2 0 1 0 0 0 0 1 0 1 0 0 0 0 0 0 0 0 0 0 0 0 1 0 0 0 0 1 0 0 0 0 2 0 2 0 0 0 2 0 1 0 0 0 2 0 0 1 2 0 0 0 0 0 0 0 0 0 0 0 0 0 1 
0
0 0 0 0 0 0 0 0 0 
0 0 0 2 0 0 0 1 0 0 0 0 2 0 0 0 0 0 2 0 1 0 0 0 0 1 0 1 0 0 0 0 0 0 0 0 0 0 0 0 1 0 0 0 0 1 0 0 0 0 2 0 2 0 0 0 2 0 1 0 0 2 2 0 0 1 2 0 0 0 0 0 0 0 0 0 0 0 0 0 1 
0 0 0 2 0 0 0 1 0 0 0 0 2 0 0 0 0 0 2 0 1 0 0 0 0 1 0 1 0 0 0 0 0 0 0 0 0 0 0 0 1 0 0 0 0 1 0 0 0 0 2 0 2 0 0 0 2 0 1 0 0 2 2 0 0 1 2 0 0 0 0 0 0 0 0 0 0 0 0 0 1 
0
0 0 0 0 0 0 0 0 0 
0 0 0 2 0 0 0 1 0 0 0 0 2 0 0 0 0 0 2 0 1 1 0 0 0 1 0 1 0 0 0 0 0 0 0 0 0 0 0 0 1 0 0 0 0 1 0 0 0 0 2 0 2 0 0 0 2 0 1 0 0 2 2 0 0 1 2 0 0 0 0 0 0 0 0 0 0 0 0 0 1 
0 0 0 2 0 0 0 1 0 0 0 0 2 0 0 0 0 0 2 0 1 1 0 0 0 1 0 1 0 0 0 0 0 0 0 0 0 0 0 0 1 0 0 0 0 1 0 0 0 0 2 0 2 0 0 0 2 0 1 0 0 2 2 0 0 1 2 0 0 0 0 0 0 0 0 0 0 0 0 0 1 
0
0 0 0 0 0 0 0 0 0 
0 0 0 2 0 0 0 1 0 0 0 0 2 0 0 0 0 0 2 0 1 1 0 0 0 1 0 1 0 0 0 0 0 0 0 0 0 0 0 0 1 0 0 0 0 1 0 0 0 0 2 0 2 0 0 0 2 0 1 0 0 2 2 2 0 1 2 0 0 0 0 0 0 0 0 0 0 0 0 0 1 
0 0 0 2 0 0 0 1 0 0 0 0 2 0 0 0 0 0 2 0 1 1 0 0 0 1 0 1 0 0 0 0 0 0 0 0 0 0 0 0 1 0 0 0 0 1 0 0 0 0 2 0 2 0 0 0 2 0 1 0 0 2 2 2 0 1 2 0 0 0 0 0 0 0 0 0 0 0 0 0 1 
0
0 0 0 0 0 0 0 0 0 
0 0 0 2 0 0 0 1 0 0 0 0 2 0 0 0 0 0 2 0 1 1 0 0 0 1 0 1 0 0 0 0 0 0 0 0 0 1 0 0 1 0 0 0 0 1 0 0 0 0 2 0 2 0 0 0 2 0 1 0 0 2 2 2 0 1 2 0 0 0 0 0 0 0 0 0 0 0 0 0 1 
0 0 0 2 0 0 0 1 0 0 0 0 2 0 0 0 0 0 2 0 1 1 0 0 0 1 0 1 0 0 0 0 0 0 0 0 0 1 0 0 1 0 0 0 0 1 0 0 0 0 2 0 2 0 0 0 2 0 1 0 0 2 2 2 0 1 2 0 0 0 0 0 0 0 0 0 0 0 0 0 1 
0
0 0 0 0 0 0 0 0 0 
0 0 0 2 0 0 0 1 0 0 0 0 2 0 0 0 0 0 2 0 1 1 0 0 0 1 0 1 0 0 0 0 2 0 0 0 0 1 0 0 1 0 0 0 0 1 0 0 0 0 2 0 2 0 0 0 2 0 1 0 0 2 2 2 0 1 2 0 0 0 0 0 0 0 0 0 0 0 0 0 1 
0 0 0 2 0 0 0 1 0 0 0 0 2 0 0 0 0 0 2 0 1 1 0 0 0 1 0 1 0 0 0 0 2 0 0 0 0 1 0 0 1 0 0 0 0 1 0 0 0 0 2 0 2 0 0 0 2 0 1 0 0 2 2 2 0 1 2 0 0 0 0 0 0 0 0 0 0 0 0 0 1 
0
0 0 0 0 0 0 0 0 0 
0 0 0 2 0 0 0 1 1 0 0 0 2 0 0 0 0 0 2 0 1 1 0 0 0 1 0 1 0 0 0 0 2 0 0 0 0 1 0 0 1 0 0 0 0 1 0 0 0 0 2 0 2 0 0 0 2 0 1 0 0 2 2 2 0 1 2 0 0 0 0 0 0 0 0 0 0 0 0 0 1 
0 0 0 2 0 0 0 1 1 0 0 0 2 0 0 0 0 0 2 0 1 1 0 0 0 1 0 1 0 0 0 0 2 0 0 0 0 1 0 0 1 0 0 0 0 1 0 0 0 0 2 0 2 0 0 0 2 0 1 0 0 2 2 2 0 1 2 0 0 0 0 0 0 0 0 0 0 0 0 0 1 
0
0 0 0 0 0 0 0 0 0 
0 0 0 2 0 0 0 1 1 0 0 0 2 0 0 2 0 0 2 0 1 1 0 0 0 1 0 1 0 0 0 0 2 0 0 0 0 1 0 0 1 0 0 0 0 1 0 0 0 0 2 0 2 0 0 0 2 0 1 0 0 2 2 2 0 1 2 0 0 0 0 0 0 0 0 0 0 0 0 0 1 
0 0 0 2 0 0 0 1 1 0 0 0 2 0 0 2 0 0 2 0 1 1 0 0 0 1 0 1 0 0 0 0 2 0 0 0 0 1 0 0 1 0 0 0 0 1 0 0 0 0 2 0 2 0 0 0 2 0 1 0 0 2 2 2 0 1 2 0 0 0 0 0 0 0 0 0 0 0 0 0 1 
0
0 0 0 1 0 0 0 0 0 
0 0 0 2 0 0 0 1 1 0 0 0 2 0 0 2 0 0 2 0 1 1 0 0 0 1 0 1 0 1 0 0 2 0 0 0 0 1 0 0 1 0 0 0 0 1 0 0 0 0 2 0 2 0 0 0 2 0 1 0 0 2 2 2 0 1 2 0 0 0 0 0 0 0 0 0 0 0 0 0 1 
0 0 0 2 0 0 0 1 1 0 0 0 2 0 0 2 0 0 2 0 1 1 0 0 0 1 0 17 16 17 0 0 2 0 0 0 16 17 16 0 1 0 0 0 0 17 16 16 0 0 2 0 2 0 0 0 2 0 1 0 0 2 2 2 0 1 2 0 0 0 0 0 0 0 0 0 0 0 0 0 1 
0
0 0 0 1 0 0 0 0 0 
0 0 0 2 0 0 2 1 1 0 0 0 2 0 0 2 0 0 2 0 1 1 0 0 0 1 0 1 0 1 0 0 2 0 0 0 0 1 0 0 1 0 0 0 0 1 0 0 0 0 2 0 2 0 0 0 2 0 1 0 0 2 2 2 0 1 2 0 0 0 0 0 0 0 0 0 0 0 0 0 1 
0 0 0 2 0 0 2 1 1 0 0 0 2 0 0 2 0 0 2 0 1 1 0 0 0 1 0 17 16 17 0 0 2 0 0 0 16 17 16 0 1 0 0 0 0 17 16 16 0 0 2 0 2 0 0 0 2 0 1 0 0 2 2 2 0 1 2 0 0 0 0 0 0 0 0 0 0 0 0 0 1 
0
0 0 0 1 0 0 0 0 0 
1 0 0 2 0 0 2 1 1 0 0 0 2 0 0 2 0 0 2 0 1 1 0 0 0 1 0 1 0 1 0 0 2 0 0 0 0 1 0 0 1 0 0 0 0 1 0 0 0 0 2 0 2 0 0 0 2 0 1 0 0 2 2 2 0 1 2 0 0 0 0 0 0 0 0 0 0 0 0 0 1 
1 0 0 2 0 0 2 1 1 0 0 0 2 0 0 2 0 0 2 0 1 1 0 0 0 1 0 17 16 17 0 0 2 0 0 0 16 17 16 0 1 0 0 0 0 17 16 16 0 0 2 0 2 0 0 0 2 0 1 0 0 2 2 2 0 1 2 0 0 0 0 0 0 0 0 0 0 0 0 0 1 
0
0 0 0 1 0 0 0 0 0 
1 0 0 2 0 0 2 1 1 0 2 0 2 0 0 2 0 0 2 0 1 1 0 0 0 1 0 1 0 1 0 0 2 0 0 0 0 1 0 0 1 0 0 0 0 1 0 0 0 0 2 0 2 0 0 0 2 0 1 0 0 2 2 2 0 1 2 0 0 0 0 0 0 0 0 0 0 0 0 0 1 
1 0 0 2 0 0 2 1 1 0 2 0 2 0 0 2 0 0 2 0 1 1 0 0 0 1 0 17 16 17 0 0 2 0 0 0 16 17 16 0 1 0 0 0 0 17 16 16 0 0 2 0 2 0 0 0 2 0 1 0 0 2 2 2 0 1 2 0 0 0 0 0 0 0 0 0 0 0 0 0 1 
0
0 0 0 1 0 0 0 0 0 
1 0 0 2 0 0 2 1 1 0 2 0 2 0 0 2 0 0 2 0 1 1 0 0 0 1 0 1 0 1 0 0 2 0 0 0 0 1 0 0 1 1 0 0 0 1 0 0 0 0 2 0 2 0 0 0 2 0 1 0 0 2 2 2 0 1 2 0 0 0 0 0 0 0 0 0 0 0 0 0 1 
1 0 0 2 0 0 2 1 1 0 2 0 2 0 0 2 0 0 2 0 1 1 0 0 0 1 0 17 16 17 0 0 2 0 0 0 16 17 16 0 1 1 0 0 0 17 16 16 0 0 2 0 2 0 0 0 2 0 1 0 0 2 2 2 0 1 2 0 0 0 0 0 0 0 0 0 0 0 0 0 1 
0
0 0 0 1 0 0 0 0 0 
1 0 0 2 0 0 2 1 1 0 2 0 2 0 0 2 0 0 2 0 1 1 0 0 0 1 0 1 0 1 0 0 2 0 0 0 0 1 0 0 1 1 0 0 0 1 0 0 0 0 2 2 2 0 0 0 2 0 1 0 0 2 2 2 0 1 2 0 0 0 0 0 0 0 0 0 0 0 0 0 1 
1 0 0 2 0 0 2 1 1 0 2 0 2 0 0 2 0 0 2 0 1 1 0 0 0 1 0 17 16 17 0 0 2 0 0 0 16 17 16 0 1 1 0 0 0 17 16 16 0 0 2 2 2 0 0 0 2 0 1 0 0 2 2 2 0 1 2 0 0 0 0 0 0 0 0 0 0 0 0 0 1 
0
0 0 0 1 0 0 0 0 0 
1 0 0 2 0 0 2 1 1 0 2 0 2 0 0 2 0 0 2 0 1 1 0 0 0 1 0 1 0 1 0 0 2 0 0 0 0 1 0 0 1 1 0 0 0 1 0 0 0 0 2 2 2 0 0 0 2 0 1 0 0 2 2 2 0 1 2 0 0 0 0 0 1 0 0 0 0 0 0 0 1 
1 0 0 2 0 0 2 1 1 0 2 0 2 0 0 2 0 0 2 0 1 1 0 0 0 1 0 17 16 17 0 0 2 0 0 0 16 17 16 0 1 1 0 0 0 17 16 16 0 0 2 2 2 0 0 0 2 0 1 0 0 2 2 2 0 1 2 0 0 0 0 0 1 0 0 0 0 0 0 0 1 
0
0 0 0 1 0 0 0 0 0 
1 0 0 2 0 0 2 1 1 0 2 0 2 0 0 2 0 0 2 0 1 1 0 0 0 1 0 1 0 1 0 0 2 0 0 0 0 1 0 0 1 1 0 0 0 1 0 0 0 0 2 2 2 0 0 0 2 0 1 0 0 2 2 2 0 1 2 0 0 0 0 0 1 2 0 0 0 0 0 0 1 
1 0 0 2 0 0 2 1 1 0 2 0 2 0 0 2 0 0 2 0 1 1 0 0 0 1 0 17 16 17 0 0 2 0 0 0 16 17 16 0 1 1 0 0 0 17 16 16 0 0 2 2 2 0 0 0 2 0 1 0 0 2 2 2 0 1 2 0 0 0 0 0 1 2 0 0 0 0 0 0 1 
0
0 0 0 1 0 0 0 0 0 
1 0 0 2 0 0 2 1 1 0 2 0 2 0 0 2 0 0 2 0 1 1 0 0 0 1 0 1 0 1 0 0 2 0 0 0 0 1 0 0 1 1 0 0 0 1 0 0 0 0 2 2 2 0 0 0 2 1 1 0 0 2 2 2 0 1 2 0 0 0 0 0 1 2 0 0 0 0 0 0 1 
1 0 0 2 0 0 2 1 1 0 2 0 2 0 0 2 0 0 2 0 1 1 0 0 0 1 0 17 16 17 0 0 2 0 0 0 16 17 16 0 1 1 0 0 0 17 16 16 0 0 2 2 2 0 0 0 2 1 1 0 0 2 2 2 0 1 2 0 0 0 0 0 1 2 0 0 0 0 0 0 1 
0
0 0 0 1 0 0 0 0 0 
1 2 0 2 0 0 2 1 1 0 2 0 2 0 0 2 0 0 2 0 1 1 0 0 0 1 0 1 0 1 0 0 2 0 0 0 0 1 0 0 1 1 0 0 0 1 0 0 0 0 2 2 2 0 0 0 2 1 1 0 0 2 2 2 0 1 2 0 0 0 0 0 1 2 0 0 0 0 0 0 1 
1 2 0 2 0 0 2 1 1 0 2 0 2 0 0 2 0 0 2 0 1 1 0 0 0 1 0 17 16 17 0 0 2 0 0 0 16 17 16 0 1 1 0 0 0 17 16 16 0 0 2 2 2 0 0 0 2 1 1 0 0 2 2 2 0 1 2 0 0 0 0 0 1 2 0 0 0 0 0 0 1 
0
0 0 0 1 0 0 0 0 0 
1 2 0 2 0 0 2 1 1 0 2 0 2 0 0 2 0 0 2 0 1 1 1 0 0 1 0 1 0 1 0 0 2 0 0 0 0 1 0 0 1 1 0 0 0 1 0 0 0 0 2 2 2 0 0 0 2 1 1 0 0 2 2 2 0 1 2 0 0 0 0 0 1 2 0 0 0 0 0 0 1 
1 2 0 2 0 0 2 1 1 0 2 0 2 0 0 2 0 0 2 0 1 1 1 0 0 1 0 17 16 17 0 0 2 0 0 0 16 17 16 0 1 1 0 0 0 17 16 16 0 0 2 2 2 0 0 0 2 1 1 0 0 2 2 2 0 1 2 0 0 0 0 0 1 2 0 0 0 0 0 0 1 
0
0 0 0 1 0 0 0 0 0 
1 2 0 2 0 0 2 1 1 0 2 0 2 0 0 2 0 0 2 0 1 1 1 0 0 1 0 1 0 1 0 0 2 0 0 0 0 1 0 0 1 1 0 0 0 1 0 0 0 0 2 2 2 0 0 0 2 1 1 0 0 2 2 2 0 1 2 0 2 0 0 0 1 2 0 0 0 0 0 0 1 
1 2 0 2 0 0 2 1 1 0 2 0 2 0 0 2 0 0 2 0 1 1 1 0 0 1 0 17 16 17 0 0 2 0 0 0 16 17 16 0 1 1 0 0 0 17 16 16 0 0 2 2 2 0 0 0 2 1 1 0 0 2 2 2 0 1 2 0 2 0 0 0 1 2 0 0 0 0 0 0 1 
0
0 0 0 1 0 0 0 0 0 
1 2 0 2 0 0 2 1 1 0 2 0 2 0 0 2 0 0 2 0 1 1 1 0 0 1 0 1 0 1 0 0 2 0 1 0 0 1 0 0 1 1 0 0 0 1 0 0 0 0 2 2 2 0 0 0 2 1 1 0 0 2 2 2 0 1 2 0 2 0 0 0 1 2 0 0 0 0 0 0 1 
1 2 0 2 0 0 2 1 1 0 2 0 2 0 0 2 0 0 2 0 1 1 1 0 0 1 0 17 16 17 0 0 2 0 1 0 16 17 16 0 1 1 0 0 0 17 16 16 0 0 2 2 2 0 0 0 2 1 1 0 0 2 2 2 0 1 2 0 2 0 0 0 1 2 0 0 0 0 0 0 1 
0
0 0 0 1 0 0 0 0 0 
1 2 0 2 2 0 2 1 1 0 2 0 2 0 0 2 0 0 2 0 1 1 1 0 0 1 0 1 0 1 0 0 2 0 1 0 0 1 0 0 1 1 0 0 0 1 0 0 0 0 2 2 2 0 0 0 2 1 1 0 0 2 2 2 0 1 2 0 2 0 0 0 1 2 0 0 0 0 0 0 1 
1 2 0 2 2 0 2 1 1 0 2 0 2 0 0 2 0 0 2 0 1 1 1 0 0 1 0 17 16 17 0 0 2 0 1 0 16 17 16 0 1 1 0 0 0 17 16 16 0 0 2 2 2 0 0 0 2 1 1 0 0 2 2 2 0 1 2 0 2 0 0 0 1 2 0 0 0 0 0 0 1 
0
0 1 0 1 0 0 0 0 0 
1 2 0 2 2 0 2 1 1 0 2 0 2 0 0 2 0 0 2 0 1 1 1 1 0 1 0 1 0 1 0 0 2 0 1 0 0 1 0 0 1 1 0 0 0 1 0 0 0 0 2 2 2 0 0 0 2 1 1 0 0 2 2 2 0 1 2 0 2 0 0 0 1 2 0 0 0 0 0 0 1 
1 2 0 18 18 16 2 1 1 0 2 0 18 16 16 2 0 0 2 0 1 17 17 17 0 1 0 17 16 17 0 0 2 0 1 0 16 17 16 0 1 1 0 0 0 17 16 16 0 0 2 2 2 0 0 0 2 1 1 0 0 2 2 2 0 1 2 0 2 0 0 0 1 2 0 0 0 0 0 0 1 
0
0 1 0 1 0 0 0 0 2 
1 2 0 2 2 0 2 1 1 0 2 0 2 0 0 2 0 0 2 0 1 1 1 1 0 1 0 1 0 1 0 0 2 0 1 0 0 1 0 0 1 1 0 0 0 1 0 0 0 0 2 2 2 0 0 0 2 1 1 0 2 2 2 2 0 1 2 0 2 0 0 0 1 2 0 0 0 0 0 0 1 
1 2 0 18 18 16 2 1 1 0 2 0 18 16 16 2 0 0 2 0 1 17 17 17 0 1 0 17 16 17 0 0 2 0 1 0 16 17 16 0 1 1 0 0 0 17 16 16 0 0 2 2 2 0 0 0 2 1 1 0 34 34 34 2 0 1 2 0 2 32 32 32 1 2 0 0 0 0 32 32 33 
0
0 1 0 1 0 0 0 0 2 
1 2 0 2 2 0 2 1 1 0 2 1 2 0 0 2 0 0 2 0 1 1 1 1 0 1 0 1 0 1 0 0 2 0 1 0 0 1 0 0 1 1 0 0 0 1 0 0 0 0 2 2 2 0 0 0 2 1 1 0 2 2 2 2 0 1 2 0 2 0 0 0 1 2 0 0 0 0 0 0 1 
1 2 0 18 18 16 2 1 1 0 2 1 18 16 16 2 0 0 2 0 1 17 17 17 0 1 0 17 16 17 0 0 2 0 1 0 16 17 16 0 1 1 0 0 0 17 16 16 0 0 2 2 2 0 0 0 2 1 1 0 34 34 34 2 0 1 2 0 2 32 32 32 1 2 0 0 0 0 32 32 33 
0
0 1 0 1 0 0 0 0 2 
1 2 0 2 2 0 2 1 1 0 2 1 2 0 0 2 0 0 2 0 1 1 1 1 0 1 0 1 0 1 0 0 2 2 1 0 0 1 0 0 1 1 0 0 0 1 0 0 0 0 2 2 2 0 0 0 2 1 1 0 2 2 2 2 0 1 2 0 2 0 0 0 1 2 0 0 0 0 0 0 1 
1 2 0 18 18 16 2 1 1 0 2 1 18 16 16 2 0 0 2 0 1 17 17 17 0 1 0 17 16 17 0 0 2 2 1 0 16 17 16 0 1 1 0 0 0 17 16 16 0 0 2 2 2 0 0 0 2 1 1 0 34 34 34 2 0 1 2 0 2 32 32 32 1 2 0 0 0 0 32 32 33 
0
0 1 0 1 0 0 0 0 2 
1 2 0 2 2 0 2 1 1 0 2 1 2 0 0 2 0 0 2 1 1 1 1 1 0 1 0 1 0 1 0 0 2 2 1 0 0 1 0 0 1 1 0 0 0 1 0 0 0 0 2 2 2 0 0 0 2 1 1 0 2 2 2 2 0 1 2 0 2 0 0 0 1 2 0 0 0 0 0 0 1 
1 2 0 18 18 16 2 1 1 0 2 1 18 16 16 2 0 0 2 1 1 17 17 17 0 1 0 17 16 17 0 0 2 2 1 0 16 17 16 0 1 1 0 0 0 17 16 16 0 0 2 2 2 0 0 0 2 1 1 0 34 34 34 2 0 1 2 0 2 32 32 32 1 2 0 0 0 0 32 32 33 
0
0 1 0 1 0 0 0 2 2 
1 2 0 2 2 0 2 1 1 0 2 1 2 0 0 2 0 0 2 1 1 1 1 1 0 1 0 1 0 1 0 0 2 2 1 0 0 1 0 0 1 1 0 0 0 1 0 0 0 0 2 2 2 0 0 0 2 1 1 0 2 2 2 2 0 1 2 2 2 0 0 0 1 2 0 0 0 0 0 0 1 
1 2 0 18 18 16 2 1 1 0 2 1 18 16 16 2 0 0 2 1 1 17 17 17 0 1 0 17 16 17 0 0 2 2 1 0 16 17 16 0 1 1 0 0 0 17 16 16 0 0 2 2 2 0 0 0 2 33 33 32 34 34 34 2 0 1 34 34 34 32 32 32 1 2 0 32 32 32 32 32 33 
0
0 1 0 1 0 0 0 2 2 
1 2 0 2 2 0 2 1 1 0 2 1 2 0 0 2 0 0 2 1 1 1 1 1 0 1 0 1 0 1 1 0 2 2 1 0 0 1 0 0 1 1 0 0 0 1 0 0 0 0 2 2 2 0 0 0 2 1 1 0 2 2 2 2 0 1 2 2 2 0 0 0 1 2 0 0 0 0 0 0 1 
1 2 0 18 18 16 2 1 1 0 2 1 18 16 16 2 0 0 2 1 1 17 17 17 0 1 0 17 16 17 1 0 2 2 1 0 16 17 16 0 1 1 0 0 0 17 16 16 0 0 2 2 2 0 0 0 2 33 33 32 34 34 34 2 0 1 34 34 34 32 32 32 1 2 0 32 32 32 32 32 33 
0
2 1 0 1 0 0 0 2 2 
1 2 2 2 2 0 2 1 1 0 2 1 2 0 0 2 0 0 2 1 1 1 1 1 0 1 0 1 0 1 1 0 2 2 1 0 0 1 0 0 1 1 0 0 0 1 0 0 0 0 2 2 2 0 0 0 2 1 1 0 2 2 2 2 0 1 2 2 2 0 0 0 1 2 0 0 0 0 0 0 1 
33 34 34 18 18 16 2 1 1 32 34 33 18 16 16 2 0 0 34 33 33 17 17 17 0 1 0 17 16 17 1 0 2 2 1 0 16 17 16 0 1 1 0 0 0 17 16 16 0 0 2 2 2 0 0 0 2 33 33 32 34 34 34 2 0 1 34 34 34 32 32 32 1 2 0 32 32 32 32 32 33 
0
2 1 0 1 0 0 0 2 2 
1 2 2 2 2 0 2 1 1 0 2 1 2 0 0 2 0 0 2 1 1 1 1 1 1 1 0 1 0 1 1 0 2 2 1 0 0 1 0 0 1 1 0 0 0 1 0 0 0 0 2 2 2 0 0 0 2 1 1 0 2 2 2 2 0 1 2 2 2 0 0 0 1 2 0 0 0 0 0 0 1 
33 34 34 18 18 16 2 1 1 32 34 33 18 16 16 2 0 0 34 33 33 17 17 17 1 1 0 17 16 17 1 0 2 2 1 0 16 17 16 0 1 1 0 0 0 17 16 16 0 0 2 2 2 0 0 0 2 33 33 32 34 34 34 2 0 1 34 34 34 32 32 32 1 2 0 32 32 32 32 32 33 
0
2 1 0 1 0 0 0 2 2 
1 2 2 2 2 0 2 1 1 0 2 1 2 0 0 2 0 0 2 1 1 1 1 1 1 1 0 1 0 1 1 0 2 2 1 0 0 1 0 0 1 1 0 0 0 1 0 0 0 0 2 2 2 0 0 2 2 1 1 0 2 2 2 2 0 1 2 2 2 0 0 0 1 2 0 0 0 0 0 0 1 
33 34 34 18 18 16 2 1 1 32 34 33 18 16 16 2 0 0 34 33 33 17 17 17 1 1 0 17 16 17 1 0 2 2 1 0 16 17 16 0 1 1 0 0 0 17 16 16 0 0 2 2 2 0 0 2 2 33 33 32 34 34 34 2 0 1 34 34 34 32 32 32 1 2 0 32 32 32 32 32 33 
0
2 1 1 1 0 0 0 2 2 
1 2 2 2 2 0 2 1 1 0 2 1 2 0 0 2 1 0 2 1 1 1 1 1 1 1 0 1 0 1 1 0 2 2 1 0 0 1 0 0 1 1 0 0 0 1 0 0 0 0 2 2 2 0 0 2 2 1 1 0 2 2 2 2 0 1 2 2 2 0 0 0 1 2 0 0 0 0 0 0 1 
33 34 34 18 18 16 18 17 17 32 34 33 18 16 16 18 17 16 34 33 33 17 17 17 17 17 16 17 16 17 1 0 2 2 1 0 16 17 16 0 1 1 0 0 0 17 16 16 0 0 2 2 2 0 0 2 2 33 33 32 34 34 34 2 0 1 34 34 34 32 32 32 1 2 0 32 32 32 32 32 33 
0
2 1 1 1 0 0 0 2 2 
1 2 2 2 2 0 2 1 1 0 2 1 2 0 0 2 1 0 2 1 1 1 1 1 1 1 0 1 0 1 1 0 2 2 1 0 0 1 0 0 1 1 0 0 0 1 0 0 0 2 2 2 2 0 0 2 2 1 1 0 2 2 2 2 0 1 2 2 2 0 0 0 1 2 0 0 0 0 0 0 1 
33 34 34 18 18 16 18 17 17 32 34 33 18 16 16 18 17 16 34 33 33 17 17 17 17 17 16 17 16 17 1 0 2 2 1 0 16 17 16 0 1 1 0 0 0 17 16 16 0 2 2 2 2 0 0 2 2 33 33 32 34 34 34 2 0 1 34 34 34 32 32 32 1 2 0 32 32 32 32 32 33 
0
2 1 1 1 1 0 0 2 2 
1 2 2 2 2 0 2 1 1 0 2 1 2 0 0 2 1 0 2 1 1 1 1 1 1 1 0 1 0 1 1 0 2 2 1 0 0 1 0 1 1 1 0 0 0 1 0 0 0 2 2 2 2 0 0 2 2 1 1 0 2 2 2 2 0 1 2 2 2 0 0 0 1 2 0 0 0 0 0 0 1 
33 34 34 18 18 16 18 17 17 32 34 33 18 16 16 18 17 16 34 33 33 17 17 17 17 17 16 17 16 17 17 16 18 2 1 0 16 17 16 17 17 17 0 0 0 17 16 16 16 18 18 2 2 0 0 2 2 33 33 32 34 34 34 2 0 1 34 34 34 32 32 32 1 2 0 32 32 32 32 32 33 
0
2 1 1 1 1 0 2 2 2 
1 2 2 2 2 0 2 1 1 0 2 1 2 0 0 2 1 0 2 1 1 1 1 1 1 1 0 1 0 1 1 0 2 2 1 0 0 1 0 1 1 1 0 0 0 1 0 0 0 2 2 2 2 0 0 2 2 1 1 0 2 2 2 2 2 1 2 2 2 0 0 0 1 2 0 0 0 0 0 0 1 
33 34 34 18 18 16 18 17 17 32 34 33 18 16 16 18 17 16 34 33 33 17 17 17 17 17 16 17 16 17 17 16 18 2 1 0 16 17 16 17 17 17 0 0 0 17 16 16 16 18 18 2 2 0 32 34 34 33 33 32 34 34 34 34 34 33 34 34 34 32 32 32 33 34 32 32 32 32 32 32 33 
0
2 1 1 1 1 0 2 2 2 
1 2 2 2 2 0 2 1 1 0 2 1 2 0 0 2 1 0 2 1 1 1 1 1 1 1 0 1 0 1 1 0 2 2 1 0 0 1 0 1 1 1 0 0 0 1 0 0 0 2 2 2 2 0 0 2 2 1 1 0 2 2 2 2 2 1 2 2 2 0 0 0 1 2 0 0 0 0 0 0 1 
33 34 34 18 18 16 18 17 17 32 34 33 18 16 16 18 17 16 34 33 33 17 17 17 17 17 16 17 16 17 17 16 18 2 1 0 16 17 16 17 17 17 0 0 0 17 16 16 16 18 18 2 2 0 32 34 34 33 33 32 34 34 34 34 34 33 34 34 34 32 32 32 33 34 32 32 32 32 32 32 33 
0
