0 0 0 0 0 0 0 0 0 
0 0 0 0 0 0 0 0 0 0 0 0 0 0 0 0 0 0 0 0 0 0 0 0 0 0 0 0 0 0 0 0 0 0 0 0 0 0 0 0 1 0 0 0 0 0 0 0 0 0 0 0 0 0 0 0 0 0 0 0 0 0 0 0 0 0 0 0 0 0 0 0 0 0 0 0 0 0 0 0 0 
0 0 0 0 0 0 0 0 0 0 0 0 0 0 0 0 0 0 0 0 0 0 0 0 0 0 0 0 0 0 0 0 0 0 0 0 0 0 0 0 1 0 0 0 0 0 0 0 0 0 0 0 0 0 0 0 0 0 0 0 0 0 0 0 0 0 0 0 0 0 0 0 0 0 0 0 0 0 0 0 0 
1
0 0 0 0 0 0 0 0 0 
0 0 0 0 0 0 0 0 0 0 0 0 0 0 0 0 0 0 0 0 0 0 0 0 0 0 0 0 0 0 2 0 0 0 0 0 0 0 0 0 1 0 0 0 0 0 0 0 0 0 0 0 0 0 0 0 0 0 0 0 0 0 0 0 0 0 0 0 0 0 0 0 0 0 0 0 0 0 0 0 0 
0 0 0 0 0 0 0 0 0 0 0 0 0 0 0 0 0 0 0 0 0 0 0 0 0 0 0 0 0 0 2 0 0 0 0 0 0 0 0 0 1 0 0 0 0 0 0 0 0 0 0 0 0 0 0 0 0 0 0 0 0 0 0 0 0 0 0 0 0 0 0 0 0 0 0 0 0 0 0 0 0 
1
0 0 0 0 0 0 0 0 0 
1 0 0 0 0 0 0 0 0 0 0 0 0 0 0 0 0 0 0 0 0 0 0 0 0 0 0 0 0 0 2 0 0 0 0 0 0 0 0 0 1 0 0 0 0 0 0 0 0 0 0 0 0 0 0 0 0 0 0 0 0 0 0 0 0 0 0 0 0 0 0 0 0 0 0 0 0 0 0 0 0 
1 0 0 0 0 0 0 0 0 0 0 0 0 0 0 0 0 0 0 0 0 0 0 0 0 0 0 0 0 0 2 0 0 0 0 0 0 0 0 0 1 0 0 0 0 0 0 0 0 0 0 0 0 0 0 0 0 0 0 0 0 0 0 0 0 0 0 0 0 0 0 0 0 0 0 0 0 0 0 0 0 
1
0 0 0 0 0 0 0 0 0 
1 0 2 0 0 0 0 0 0 0 0 0 0 0 0 0 0 0 0 0 0 0 0 0 0 0 0 0 0 0 2 0 0 0 0 0 0 0 0 0 1 0 0 0 0 0 0 0 0 0 0 0 0 0 0 0 0 0 0 0 0 0 0 0 0 0 0 0 0 0 0 0 0 0 0 0 0 0 0 0 0 
1 0 2 0 0 0 0 0 0 0 0 0 0 0 0 0 0 0 0 0 0 0 0 0 0 0 0 0 0 0 2 0 0 0 0 0 0 0 0 0 1 0 0 0 0 0 0 0 0 0 0 0 0 0 0 0 0 0 0 0 0 0 0 0 0 0 0 0 0 0 0 0 0 0 0 0 0 0 0 0 0 
1
0 0 0 0 0 0 0 0 0 
1 0 2 0 0 0 0 0 1 0 0 0 0 0 0 0 0 0 0 0 0 0 0 0 0 0 0 0 0 0 2 0 0 0 0 0 0 0 0 0 1 0 0 0 0 0 0 0 0 0 0 0 0 0 0 0 0 0 0 0 0 0 0 0 0 0 0 0 0 0 0 0 0 0 0 0 0 0 0 0 0 
1 0 2 0 0 0 0 0 1 0 0 0 0 0 0 0 0 0 0 0 0 0 0 0 0 0 0 0 0 0 2 0 0 0 0 0 0 0 0 0 1 0 0 0 0 0 0 0 0 0 0 0 0 0 0 0 0 0 0 0 0 0 0 0 0 0 0 0 0 0 0 0 0 0 0 0 0 0 0 0 0 
1
0 0 0 0 0 0 0 0 0 
1 0 2 0 0 0 0 2 1 0 0 0 0 0 0 0 0 0 0 0 0 0 0 0 0 0 0 0 0 0 2 0 0 0 0 0 0 0 0 0 1 0 0 0 0 0 0 0 0 0 0 0 0 0 0 0 0 0 0 0 0 0 0 0 0 0 0 0 0 0 0 0 0 0 0 0 0 0 0 0 0 
1 0 2 0 0 0 0 2 1 0 0 0 0 0 0 0 0 0 0 0 0 0 0 0 0 0 0 0 0 0 2 0 0 0 0 0 0 0 0 0 1 0 0 0 0 0 0 0 0 0 0 0 0 0 0 0 0 0 0 0 0 0 0 0 0 0 0 0 0 0 0 0 0 0 0 0 0 0 0 0 0 
1
0 0 0 0 0 0 0 0 0 
1 0 2 0 1 0 0 2 1 0 0 0 0 0 0 0 0 0 0 0 0 0 0 0 0 0 0 0 0 0 2 0 0 0 0 0 0 0 0 0 1 0 0 0 0 0 0 0 0 0 0 0 0 0 0 0 0 0 0 0 0 0 0 0 0 0 0 0 0 0 0 0 0 0 0 0 0 0 0 0 0 
1 0 2 0 1 0 0 2 1 0 0 0 0 0 0 0 0 0 0 0 0 0 0 0 0 0 0 0 0 0 2 0 0 0 0 0 0 0 0 0 1 0 0 0 0 0 0 0 0 0 0 0 0 0 0 0 0 0 0 0 0 0 0 0 0 0 0 0 0 0 0 0 0 0 0 0 0 0 0 0 0 
1
0 0 0 0 0 0 0 0 0 
1 0 2 0 1 0 0 2 1 0 0 0 0 0 0 0 0 0 0 0 0 0 2 0 0 0 0 0 0 0 2 0 0 0 0 0 0 0 0 0 1 0 0 0 0 0 0 0 0 0 0 0 0 0 0 0 0 0 0 0 0 0 0 0 0 0 0 0 0 0 0 0 0 0 0 0 0 0 0 0 0 
1 0 2 0 1 0 0 2 1 0 0 0 0 0 0 0 0 0 0 0 0 0 2 0 0 0 0 0 0 0 2 0 0 0 0 0 0 0 0 0 1 0 0 0 0 0 0 0 0 0 0 0 0 0 0 0 0 0 0 0 0 0 0 0 0 0 0 0 0 0 0 0 0 0 0 0 0 0 0 0 0 
1
0 0 0 0 0 0 0 0 0 
1 0 2 0 1 0 0 2 1 0 0 0 0 0 0 0 0 0 0 0 0 0 2 0 0 0 0 0 0 0 2 0 0 0 0 0 0 0 0 0 1 0 0 0 0 0 0 0 0 0 0 0 0 0 0 0 0 0 0 0 0 0 0 0 0 0 1 0 0 0 0 0 0 0 0 0 0 0 0 0 0 
1 0 2 0 1 0 0 2 1 0 0 0 0 0 0 0 0 0 0 0 0 0 2 0 0 0 0 0 0 0 2 0 0 0 0 0 0 0 0 0 1 0 0 0 0 0 0 0 0 0 0 0 0 0 0 0 0 0 0 0 0 0 0 0 0 0 1 0 0 0 0 0 0 0 0 0 0 0 0 0 0 
1
0 0 0 0 0 0 0 0 0 
1 0 2 0 1 0 0 2 1 0 0 0 0 0 0 0 0 0 0 0 0 0 2 0 0 0 0 0 0 0 2 0 0 0 0 0 0 0 0 0 1 0 0 0 0 0 0 2 0 0 0 0 0 0 0 0 0 0 0 0 0 0 0 0 0 0 1 0 0 0 0 0 0 0 0 0 0 0 0 0 0 
1 0 2 0 1 0 0 2 1 0 0 0 0 0 0 0 0 0 0 0 0 0 2 0 0 0 0 0 0 0 2 0 0 0 0 0 0 0 0 0 1 0 0 0 0 0 0 2 0 0 0 0 0 0 0 0 0 0 0 0 0 0 0 0 0 0 1 0 0 0 0 0 0 0 0 0 0 0 0 0 0 
1
0 0 0 0 0 0 0 0 0 
1 0 2 0 1 0 0 2 1 0 0 0 0 0 0 0 0 0 0 0 0 0 2 0 0 0 0 0 0 0 2 0 0 0 0 0 0 0 0 0 1 0 0 0 0 0 0 2 0 0 0 0 0 0 0 0 0 0 0 0 0 0 0 0 0 0 1 0 0 0 0 1 0 0 0 0 0 0 0 0 0 
1 0 2 0 1 0 0 2 1 0 0 0 0 0 0 0 0 0 0 0 0 0 2 0 0 0 0 0 0 0 2 0 0 0 0 0 0 0 0 0 1 0 0 0 0 0 0 2 0 0 0 0 0 0 0 0 0 0 0 0 0 0 0 0 0 0 1 0 0 0 0 1 0 0 0 0 0 0 0 0 0 
1
0 0 0 0 0 0 0 0 0 
1 0 2 0 1 0 0 2 1 0 0 0 0 0 0 0 0 0 0 0 0 0 2 0 0 0 0 0 0 0 2 0 0 0 0 0 0 0 0 0 1 0 0 0 2 0 0 2 0 0 0 0 0 0 0 0 0 0 0 0 0 0 0 0 0 0 1 0 0 0 0 1 0 0 0 0 0 0 0 0 0 
1 0 2 0 1 0 0 2 1 0 0 0 0 0 0 0 0 0 0 0 0 0 2 0 0 0 0 0 0 0 2 0 0 0 0 0 0 0 0 0 1 0 0 0 2 0 0 2 0 0 0 0 0 0 0 0 0 0 0 0 0 0 0 0 0 0 1 0 0 0 0 1 0 0 0 0 0 0 0 0 0 
1
0 0 0 0 0 0 0 0 0 
1 0 2 0 1 0 0 2 1 0 0 0 0 0 0 0 0 0 0 0 0 0 2 0 0 0 0 0 0 0 2 0 0 0 0 0 0 0 0 0 1 0 0 0 2 0 0 2 0 0 0 0 1 0 0 0 0 0 0 0 0 0 0 0 0 0 1 0 0 0 0 1 0 0 0 0 0 0 0 0 0 
1 0 2 0 1 0 0 2 1 0 0 0 0 0 0 0 0 0 0 0 0 0 2 0 0 0 0 0 0 0 2 0 0 0 0 0 0 0 0 0 1 0 0 0 2 0 0 2 0 0 0 0 1 0 0 0 0 0 0 0 0 0 0 0 0 0 1 0 0 0 0 1 0 0 0 0 0 0 0 0 0 
1
0 0 0 0 0 0 0 0 0 
1 0 2 0 1 0 0 2 1 0 0 0 0 0 0 0 0 0 0 0 0 0 2 0 0 0 0 0 0 0 2 0 0 0 0 0 0 0 0 0 1 0 0 0 2 0 0 2 0 0 0 0 1 0 0 0 0 0 0 0 0 0 0 0 0 0 1 0 0 0 0 1 0 0 0 2 0 0 0 0 0 
1 0 2 0 1 0 0 2 1 0 0 0 0 0 0 0 0 0 0 0 0 0 2 0 0 0 0 0 0 0 2 0 0 0 0 0 0 0 0 0 1 0 0 0 2 0 0 2 0 0 0 0 1 0 0 0 0 0 0 0 0 0 0 0 0 0 1 0 0 0 0 1 0 0 0 2 0 0 0 0 0 
1
0 0 0 0 0 0 0 0 0 
1 0 2 0 1 0 0 2 1 0 0 0 0 0 0 0 0 0 0 0 0 0 2 0 0 0 0 0 0 0 2 0 0 0 0 0 0 0 0 0 1 0 0 0 2 0 0 2 0 0 0 0 1 0 0 0 0 0 0 0 0 0 0 1 0 0 1 0 0 0 0 1 0 0 0 2 0 0 0 0 0 
1 0 2 0 1 0 0 2 1 0 0 0 0 0 0 0 0 0 0 0 0 0 2 0 0 0 0 0 0 0 2 0 0 0 0 0 0 0 0 0 1 0 0 0 2 0 0 2 0 0 0 0 1 0 0 0 0 0 0 0 0 0 0 1 0 0 1 0 0 0 0 1 0 0 0 2 0 0 0 0 0 
1
0 0 0 0 0 0 0 0 0 
1 0 2 0 1 0 0 2 1 0 0 0 0 0 0 0 0 0 0 0 0 0 2 0 0 0 0 0 0 0 2 0 0 0 0 0 0 0 0 0 1 0 0 0 2 0 2 2 0 0 0 0 1 0 0 0 0 0 0 0 0 0 0 1 0 0 1 0 0 0 0 1 0 0 0 2 0 0 0 0 0 
1 0 2 0 1 0 0 2 1 0 0 0 0 0 0 0 0 0 0 0 0 0 2 0 0 0 0 0 0 0 2 0 0 0 0 0 0 0 0 0 1 0 0 0 2 0 2 2 0 0 0 0 1 0 0 0 0 0 0 0 0 0 0 1 0 0 1 0 0 0 0 1 0 0 0 2 0 0 0 0 0 
1
0 0 0 0 0 0 0 0 0 
1 0 2 0 1 0 0 2 1 0 0 0 0 0 0 0 0 0 0 0 0 0 2 0 0 0 0 0 0 0 2 0 0 0 0 0 0 0 0 0 1 0 0 0 2 0 2 2 0 0 0 0 1 0 0 0 0 0 0 0 0 0 0 1 0 0 1 0 1 0 0 1 0 0 0 2 0 0 0 0 0 
1 0 2 0 1 0 0 2 1 0 0 0 0 0 0 0 0 0 0 0 0 0 2 0 0 0 0 0 0 0 2 0 0 0 0 0 0 0 0 0 1 0 0 0 2 0 2 2 0 0 0 0 1 0 0 0 0 0 0 0 0 0 0 1 0 0 1 0 1 0 0 1 0 0 0 2 0 0 0 0 0 
1
0 0 0 0 0 0 0 0 0 
1 0 2 0 1 0 0 2 1 0 0 0 0 0 0 0 0 0 0 0 0 0 2 0 0 0 0 0 0 0 2 0 0 0 0 0 0 0 0 0 1 0 0 0 2 0 2 2 0 0 0 0 1 2 0 0 0 0 0 0 0 0 0 1 0 0 1 0 1 0 0 1 0 0 0 2 0 0 0 0 0 
1 0 2 0 1 0 0 2 1 0 0 0 0 0 0 0 0 0 0 0 0 0 2 0 0 0 0 0 0 0 2 0 0 0 0 0 0 0 0 0 1 0 0 0 2 0 2 2 0 0 0 0 1 2 0 0 0 0 0 0 0 0 0 1 0 0 1 0 1 0 0 1 0 0 0 2 0 0 0 0 0 
1
0 0 0 0 0 0 0 0 0 
1 0 2 0 1 0 0 2 1 0 0 0 0 0 0 0 0 0 0 0 0 0 2 0 0 0 0 0 0 0 2 0 0 0 0 0 0 0 0 0 1 0 0 0 2 0 2 2 0 0 0 0 1 2 0 0 0 0 0 0 0 0 1 1 0 0 1 0 1 0 0 1 0 0 0 2 0 0 0 0 0 
1 0 2 0 1 0 0 2 1 0 0 0 0 0 0 0 0 0 0 0 0 0 2 0 0 0 0 0 0 0 2 0 0 0 0 0 0 0 0 0 1 0 0 0 2 0 2 2 0 0 0 0 1 2 0 0 0 0 0 0 0 0 1 1 0 0 1 0 1 0 0 1 0 0 0 2 0 0 0 0 0 
1
0 0 0 0 0 0 0 0 0 
1 0 2 0 1 0 0 2 1 0 0 0 0 0 0 0 2 0 0 0 0 0 2 0 0 0 0 0 0 0 2 0 0 0 0 0 0 0 0 0 1 0 0 0 2 0 2 2 0 0 0 0 1 2 0 0 0 0 0 0 0 0 1 1 0 0 1 0 1 0 0 1 0 0 0 2 0 0 0 0 0 
1 0 2 0 1 0 0 2 1 0 0 0 0 0 0 0 2 0 0 0 0 0 2 0 0 0 0 0 0 0 2 0 0 0 0 0 0 0 0 0 1 0 0 0 2 0 2 2 0 0 0 0 1 2 0 0 0 0 0 0 0 0 1 1 0 0 1 0 1 0 0 1 0 0 0 2 0 0 0 0 0 
1
0 0 0 0 0 0 0 0 0 
1 0 2 0 1 0 0 2 1 0 0 0 0 0 0 0 2 0 0 0 0 0 2 0 0 0 0 0 0 0 2 1 0 0 0 0 0 0 0 0 1 0 0 0 2 0 2 2 0 0 0 0 1 2 0 0 0 0 0 0 0 0 1 1 0 0 1 0 1 0 0 1 0 0 0 2 0 0 0 0 0 
1 0 2 0 1 0 0 2 1 0 0 0 0 0 0 0 2 0 0 0 0 0 2 0 0 0 0 0 0 0 2 1 0 0 0 0 0 0 0 0 1 0 0 0 2 0 2 2 0 0 0 0 1 2 0 0 0 0 0 0 0 0 1 1 0 0 1 0 1 0 0 1 0 0 0 2 0 0 0 0 0 
1
0 0 0 0 0 0 0 0 0 
1 0 2 0 1 0 0 2 1 0 0 0 0 0 0 0 2 0 0 0 0 2 2 0 0 0 0 0 0 0 2 1 0 0 0 0 0 0 0 0 1 0 0 0 2 0 2 2 0 0 0 0 1 2 0 0 0 0 0 0 0 0 1 1 0 0 1 0 1 0 0 1 0 0 0 2 0 0 0 0 0 
1 0 2 0 1 0 0 2 1 0 0 0 0 0 0 0 2 0 0 0 0 2 2 0 0 0 0 0 0 0 2 1 0 0 0 0 0 0 0 0 1 0 0 0 2 0 2 2 0 0 0 0 1 2 0 0 0 0 0 0 0 0 1 1 0 0 1 0 1 0 0 1 0 0 0 2 0 0 0 0 0 
1
0 0 0 0 0 0 0 0 0 
1 0 2 0 1 0 0 2 1 0 0 0 0 0 0 0 2 0 0 0 0 2 2 0 0 0 0 0 0 0 2 1 0 0 0 0 0 0 0 0 1 0 0 0 2 0 2 2 0 0 0 0 1 2 0 0 0 0 0 0 0 0 1 1 0 0 1 0 1 0 0 1 1 0 0 2 0 0 0 0 0 
1 0 2 0 1 0 0 2 1 0 0 0 0 0 0 0 2 0 0 0 0 2 2 0 0 0 0 0 0 0 2 1 0 0 0 0 0 0 0 0 1 0 0 0 2 0 2 2 0 0 0 0 1 2 0 0 0 0 0 0 0 0 1 1 0 0 1 0 1 0 0 1 1 0 0 2 0 0 0 0 0 
1
0 0 0 0 0 0 0 0 0 
1 0 2 0 1 0 0 2 1 0 0 0 0 0 0 0 2 0 0 0 0 2 2 0 0 0 0 0 0 0 2 1 0 0 0 0 0 0 0 0 1 0 0 0 2 0 2 2 0 0 0 0 1 2 2 0 0 0 0 0 0 0 1 1 0 0 1 0 1 0 0 1 1 0 0 2 0 0 0 0 0 
1 0 2 0 1 0 0 2 1 0 0 0 0 0 0 0 2 0 0 0 0 2 2 0 0 0 0 0 0 0 2 1 0 0 0 0 0 0 0 0 1 0 0 0 2 0 2 2 0 0 0 0 1 2 2 0 0 0 0 0 0 0 1 1 0 0 1 0 1 0 0 1 1 0 0 2 0 0 0 0 0 
1
0 0 0 0 0 0 0 0 0 
1 0 2 0 1 0 0 2 1 0 0 0 0 0 0 0 2 0 0 0 1 2 2 0 0 0 0 0 0 0 2 1 0 0 0 0 0 0 0 0 1 0 0 0 2 0 2 2 0 0 0 0 1 2 2 0 0 0 0 0 0 0 1 1 0 0 1 0 1 0 0 1 1 0 0 2 0 0 0 0 0 
1 0 2 0 1 0 0 2 1 0 0 0 0 0 0 0 2 0 0 0 1 2 2 0 0 0 0 0 0 0 2 1 0 0 0 0 0 0 0 0 1 0 0 0 2 0 2 2 0 0 0 0 1 2 2 0 0 0 0 0 0 0 1 1 0 0 1 0 1 0 0 1 1 0 0 2 0 0 0 0 0 
1
0 0 0 0 0 0 0 0 0 
1 0 2 0 1 0 0 2 1 0 0 0 0 0 0 0 2 0 0 0 1 2 2 0 0 0 0 0 0 0 2 1 0 0 0 0 0 0 0 0 1 0 0 0 2 0 2 2 0 0 0 0 1 2 2 0 0 0 0 0 0 0 1 1 0 0 1 0 1 0 0 1 1 0 0 2 0 0 0 0 2 
1 0 2 0 1 0 0 2 1 0 0 0 0 0 0 0 2 0 0 0 1 2 2 0 0 0 0 0 0 0 2 1 0 0 0 0 0 0 0 0 1 0 0 0 2 0 2 2 0 0 0 0 1 2 2 0 0 0 0 0 0 0 1 1 0 0 1 0 1 0 0 1 1 0 0 2 0 0 0 0 2 
1
0 0 0 0 0 0 0 0 0 
1 0 2 0 1 0 0 2 1 0 0 0 0 0 0 0 2 0 0 0 1 2 2 0 0 0 0 0 0 0 2 1 0 0 0 0 0 0 0 0 1 0 0 0 2 0 2 2 0 0 0 0 1 2 2 0 0 0 0 0 0 0 1 1 0 0 1 0 1 0 1 1 1 0 0 2 0 0 0 0 2 
1 0 2 0 1 0 0 2 1 0 0 0 0 0 0 0 2 0 0 0 1 2 2 0 0 0 0 0 0 0 2 1 0 0 0 0 0 0 0 0 1 0 0 0 2 0 2 2 0 0 0 0 1 2 2 0 0 0 0 0 0 0 1 1 0 0 1 0 1 0 1 1 1 0 0 2 0 0 0 0 2 
1
0 0 0 0 0 0 0 0 0 
1 0 2 0 1 0 0 2 1 0 0 0 0 0 0 0 2 0 0 0 1 2 2 0 0 0 0 0 0 0 2 1 0 0 0 0 0 0 0 0 1 0 0 0 2 0 2 2 2 0 0 0 1 2 2 0 0 0 0 0 0 0 1 1 0 0 1 0 1 0 1 1 1 0 0 2 0 0 0 0 2 
1 0 2 0 1 0 0 2 1 0 0 0 0 0 0 0 2 0 0 0 1 2 2 0 0 0 0 0 0 0 2 1 0 0 0 0 0 0 0 0 1 0 0 0 2 0 2 2 2 0 0 0 1 2 2 0 0 0 0 0 0 0 1 1 0 0 1 0 1 0 1 1 1 0 0 2 0 0 0 0 2 
1
0 0 0 0 0 0 0 0 0 
1 0 2 0 1 0 0 2 1 0 0 0 0 0 0 0 2 0 0 0 1 2 2 0 0 0 0 0 0 0 2 1 0 0 0 0 0 0 0 0 1 0 0 0 2 0 2 2 2 0 0 0 1 2 2 0 0 0 0 0 0 0 1 1 0 0 1 0 1 0 1 1 1 1 0 2 0 0 0 0 2 
1 0 2 0 1 0 0 2 1 0 0 0 0 0 0 0 2 0 0 0 1 2 2 0 0 0 0 0 0 0 2 1 0 0 0 0 0 0 0 0 1 0 0 0 2 0 2 2 2 0 0 0 1 2 2 0 0 0 0 0 0 0 1 1 0 0 1 0 1 0 1 1 1 1 0 2 0 0 0 0 2 
1
0 0 0 0 0 0 0 0 0 
1 0 2 0 1 0 0 2 1 0 0 0 0 0 0 0 2 0 0 0 1 2 2 0 0 0 0 0 0 0 2 1 0 0 0 0 0 0 0 0 1 0 0 0 2 0 2 2 2 0 0 0 1 2 2 0 0 0 0 2 0 0 1 1 0 0 1 0 1 0 1 1 1 1 0 2 0 0 0 0 2 
1 0 2 0 1 0 0 2 1 0 0 0 0 0 0 0 2 0 0 0 1 2 2 0 0 0 0 0 0 0 2 1 0 0 0 0 0 0 0 0 1 0 0 0 2 0 2 2 2 0 0 0 1 2 2 0 0 0 0 2 0 0 1 1 0 0 1 0 1 0 1 1 1 1 0 2 0 0 0 0 2 
1
0 0 0 0 0 0 0 0 0 
1 0 2 0 1 0 0 2 1 0 0 0 0 0 0 0 2 1 0 0 1 2 2 0 0 0 0 0 0 0 2 1 0 0 0 0 0 0 0 0 1 0 0 0 2 0 2 2 2 0 0 0 1 2 2 0 0 0 0 2 0 0 1 1 0 0 1 0 1 0 1 1 1 1 0 2 0 0 0 0 2 
1 0 2 0 1 0 0 2 1 0 0 0 0 0 0 0 2 1 0 0 1 2 2 0 0 0 0 0 0 0 2 1 0 0 0 0 0 0 0 0 1 0 0 0 2 0 2 2 2 0 0 0 1 2 2 0 0 0 0 2 0 0 1 1 0 0 1 0 1 0 1 1 1 1 0 2 0 0 0 0 2 
1
0 0 0 0 0 2 0 0 0 
1 0 2 0 1 0 0 2 1 0 0 0 0 0 0 0 2 1 0 0 1 2 2 0 0 0 0 0 0 0 2 1 0 0 0 2 0 0 0 0 1 0 0 0 2 0 2 2 2 0 0 0 1 2 2 0 0 0 0 2 0 0 1 1 0 0 1 0 1 0 1 1 1 1 0 2 0 0 0 0 2 
1 0 2 0 1 0 0 2 1 0 0 0 0 0 0 0 2 1 0 0 1 2 2 0 0 0 0 0 0 0 2 1 0 32 32 34 0 0 0 0 1 0 32 32 34 0 2 2 2 0 0 32 33 34 2 0 0 0 0 2 0 0 1 1 0 0 1 0 1 0 1 1 1 1 0 2 0 0 0 0 2 
1
0 0 1 0 0 2 0 0 0 
1 0 2 0 1 0 0 2 1 0 0 0 0 0 0 0 2 1 0 0 1 2 2 0 0 0 1 0 0 0 2 1 0 0 0 2 0 0 0 0 1 0 0 0 2 0 2 2 2 0 0 0 1 2 2 0 0 0 0 2 0 0 1 1 0 0 1 0 1 0 1 1 1 1 0 2 0 0 0 0 2 
1 0 2 0 1 0 16 18 17 0 0 0 0 0 0 16 18 17 0 0 1 2 2 0 16 16 17 0 0 0 2 1 0 32 32 34 0 0 0 0 1 0 32 32 34 0 2 2 2 0 0 32 33 34 2 0 0 0 0 2 0 0 1 1 0 0 1 0 1 0 1 1 1 1 0 2 0 0 0 0 2 
1
0 0 1 0 0 2 0 0 0 
1 0 2 0 1 0 0 2 1 0 0 0 0 0 0 0 2 1 0 0 1 2 2 0 0 0 1 0 0 0 2 1 0 0 0 2 0 0 0 0 1 0 0 0 2 0 2 2 2 0 0 0 1 2 2 0 0 0 0 2 0 0 1 1 0 0 1 0 1 0 1 1 1 1 0 2 0 0 2 0 2 
1 0 2 0 1 0 16 18 17 0 0 0 0 0 0 16 18 17 0 0 1 2 2 0 16 16 17 0 0 0 2 1 0 32 32 34 0 0 0 0 1 0 32 32 34 0 2 2 2 0 0 32 33 34 2 0 0 0 0 2 0 0 1 1 0 0 1 0 1 0 1 1 1 1 0 2 0 0 2 0 2 
1
0 0 1 0 0 2 1 0 0 
1 0 2 0 1 0 0 2 1 0 0 0 0 0 0 0 2 1 0 0 1 2 2 0 0 0 1 0 0 0 2 1 0 0 0 2 0 0 0 0 1 0 0 0 2 0 2 2 2 0 0 0 1 2 2 0 0 0 0 2 0 0 1 1 0 0 1 0 1 0 1 1 1 1 1 2 0 0 2 0 2 
1 0 2 0 1 0 16 18 17 0 0 0 0 0 0 16 18 17 0 0 1 2 2 0 16 16 17 0 0 0 2 1 0 32 32 34 0 0 0 0 1 0 32 32 34 0 2 2 2 0 0 32 33 34 18 16 16 0 0 2 0 0 1 17 16 16 1 0 1 0 1 1 17 17 17 2 0 0 2 0 2 
1
0 0 1 0 0 2 1 0 2 
1 0 2 0 1 0 0 2 1 0 0 0 0 0 0 0 2 1 0 0 1 2 2 0 0 0 1 0 0 0 2 1 0 0 0 2 0 0 0 0 1 0 0 0 2 0 2 2 2 0 0 0 1 2 2 0 0 0 0 2 0 0 1 1 0 0 1 0 1 0 1 1 1 1 1 2 0 0 2 2 2 
1 0 2 0 1 0 16 18 17 0 0 0 0 0 0 16 18 17 0 0 1 2 2 0 16 16 17 0 0 0 2 1 0 32 32 34 0 0 0 0 1 0 32 32 34 0 2 2 2 0 0 32 33 34 18 16 16 0 0 2 32 32 33 17 16 16 1 0 1 32 33 33 17 17 17 2 0 0 34 34 34 
1
0 0 1 0 0 2 1 0 2 
1 0 2 0 1 0 0 2 1 0 0 0 0 0 0 0 2 1 0 0 1 2 2 0 0 0 1 0 0 0 2 1 0 0 0 2 0 0 0 0 1 0 0 0 2 0 2 2 2 0 0 0 1 2 2 0 0 0 1 2 0 0 1 1 0 0 1 0 1 0 1 1 1 1 1 2 0 0 2 2 2 
1 0 2 0 1 0 16 18 17 0 0 0 0 0 0 16 18 17 0 0 1 2 2 0 16 16 17 0 0 0 2 1 0 32 32 34 0 0 0 0 1 0 32 32 34 0 2 2 2 0 0 32 33 34 18 16 16 0 1 2 32 32 33 17 16 16 1 0 1 32 33 33 17 17 17 2 0 0 34 34 34 
1
0 0 1 0 0 2 1 0 2 
1 0 2 2 1 0 0 2 1 0 0 0 0 0 0 0 2 1 0 0 1 2 2 0 0 0 1 0 0 0 2 1 0 0 0 2 0 0 0 0 1 0 0 0 2 0 2 2 2 0 0 0 1 2 2 0 0 0 1 2 0 0 1 1 0 0 1 0 1 0 1 1 1 1 1 2 0 0 2 2 2 
1 0 2 2 1 0 16 18 17 0 0 0 0 0 0 16 18 17 0 0 1 2 2 0 16 16 17 0 0 0 2 1 0 32 32 34 0 0 0 0 1 0 32 32 34 0 2 2 2 0 0 32 33 34 18 16 16 0 1 2 32 32 33 17 16 16 1 0 1 32 33 33 17 17 17 2 0 0 34 34 34 
1
0 0 1 0 0 2 1 0 2 
1 1 2 2 1 0 0 2 1 0 0 0 0 0 0 0 2 1 0 0 1 2 2 0 0 0 1 0 0 0 2 1 0 0 0 2 0 0 0 0 1 0 0 0 2 0 2 2 2 0 0 0 1 2 2 0 0 0 1 2 0 0 1 1 0 0 1 0 1 0 1 1 1 1 1 2 0 0 2 2 2 
1 1 2 2 1 0 16 18 17 0 0 0 0 0 0 16 18 17 0 0 1 2 2 0 16 16 17 0 0 0 2 1 0 32 32 34 0 0 0 0 1 0 32 32 34 0 2 2 2 0 0 32 33 34 18 16 16 0 1 2 32 32 33 17 16 16 1 0 1 32 33 33 17 17 17 2 0 0 34 34 34 
1
0 2 1 0 0 2 1 0 2 
1 1 2 2 1 0 0 2 1 0 0 0 2 0 0 0 2 1 0 0 1 2 2 0 0 0 1 0 0 0 2 1 0 0 0 2 0 0 0 0 1 0 0 0 2 0 2 2 2 0 0 0 1 2 2 0 0 0 1 2 0 0 1 1 0 0 1 0 1 0 1 1 1 1 1 2 0 0 2 2 2 
1 1 2 34 33 32 16 18 17 0 0 0 34 32 32 16 18 17 0 0 1 34 34 32 16 16 17 0 0 0 2 1 0 32 32 34 0 0 0 0 1 0 32 32 34 0 2 2 2 0 0 32 33 34 18 16 16 0 1 2 32 32 33 17 16 16 1 0 1 32 33 33 17 17 17 2 0 0 34 34 34 
1
0 2 1 0 0 2 1 0 2 
1 1 2 2 1 0 0 2 1 0 0 0 2 0 0 0 2 1 0 0 1 2 2 0 0 0 1 1 0 0 2 1 0 0 0 2 0 0 0 0 1 0 0 0 2 0 2 2 2 0 0 0 1 2 2 0 0 0 1 2 0 0 1 1 0 0 1 0 1 0 1 1 1 1 1 2 0 0 2 2 2 
1 1 2 34 33 32 16 18 17 0 0 0 34 32 32 16 18 17 0 0 1 34 34 32 16 16 17 1 0 0 2 1 0 32 32 34 0 0 0 0 1 0 32 32 34 0 2 2 2 0 0 32 33 34 18 16 16 0 1 2 32 32 33 17 16 16 1 0 1 32 33 33 17 17 17 2 0 0 34 34 34 
1
0 2 1 0 0 2 1 0 2 
1 1 2 2 1 0 0 2 1 0 0 0 2 0 0 0 2 1 0 2 1 2 2 0 0 0 1 1 0 0 2 1 0 0 0 2 0 0 0 0 1 0 0 0 2 0 2 2 2 0 0 0 1 2 2 0 0 0 1 2 0 0 1 1 0 0 1 0 1 0 1 1 1 1 1 2 0 0 2 2 2 
1 1 2 34 33 32 16 18 17 0 0 0 34 32 32 16 18 17 0 2 1 34 34 32 16 16 17 1 0 0 2 1 0 32 32 34 0 0 0 0 1 0 32 32 34 0 2 2 2 0 0 32 33 34 18 16 16 0 1 2 32 32 33 17 16 16 1 0 1 32 33 33 17 17 17 2 0 0 34 34 34 
1
0 2 1 0 0 2 1 0 2 
1 1 2 2 1 0 0 2 1 0 0 0 2 0 0 0 2 1 0 2 1 2 2 0 0 0 1 1 0 0 2 1 0 0 0 2 0 0 0 0 1 0 0 0 2 0 2 2 2 0 0 0 1 2 2 0 0 1 1 2 0 0 1 1 0 0 1 0 1 0 1 1 1 1 1 2 0 0 2 2 2 
1 1 2 34 33 32 16 18 17 0 0 0 34 32 32 16 18 17 0 2 1 34 34 32 16 16 17 1 0 0 2 1 0 32 32 34 0 0 0 0 1 0 32 32 34 0 2 2 2 0 0 32 33 34 18 16 16 1 1 2 32 32 33 17 16 16 1 0 1 32 33 33 17 17 17 2 0 0 34 34 34 
1
0 2 1 0 0 2 1 0 2 
1 1 2 2 1 0 0 2 1 2 0 0 2 0 0 0 2 1 0 2 1 2 2 0 0 0 1 1 0 0 2 1 0 0 0 2 0 0 0 0 1 0 0 0 2 0 2 2 2 0 0 0 1 2 2 0 0 1 1 2 0 0 1 1 0 0 1 0 1 0 1 1 1 1 1 2 0 0 2 2 2 
1 1 2 34 33 32 16 18 17 2 0 0 34 32 32 16 18 17 0 2 1 34 34 32 16 16 17 1 0 0 2 1 0 32 32 34 0 0 0 0 1 0 32 32 34 0 2 2 2 0 0 32 33 34 18 16 16 1 1 2 32 32 33 17 16 16 1 0 1 32 33 33 17 17 17 2 0 0 34 34 34 
1
0 2 1 0 0 2 1 0 2 
1 1 2 2 1 0 0 2 1 2 0 0 2 0 0 0 2 1 0 2 1 2 2 0 0 0 1 1 0 0 2 1 0 0 0 2 1 0 0 0 1 0 0 0 2 0 2 2 2 0 0 0 1 2 2 0 0 1 1 2 0 0 1 1 0 0 1 0 1 0 1 1 1 1 1 2 0 0 2 2 2 
1 1 2 34 33 32 16 18 17 2 0 0 34 32 32 16 18 17 0 2 1 34 34 32 16 16 17 1 0 0 2 1 0 32 32 34 1 0 0 0 1 0 32 32 34 0 2 2 2 0 0 32 33 34 18 16 16 1 1 2 32 32 33 17 16 16 1 0 1 32 33 33 17 17 17 2 0 0 34 34 34 
1
0 2 1 2 0 2 1 0 2 
1 1 2 2 1 0 0 2 1 2 0 0 2 0 0 0 2 1 0 2 1 2 2 0 0 0 1 1 0 0 2 1 0 0 0 2 1 0 0 0 1 0 0 0 2 2 2 2 2 0 0 0 1 2 2 0 0 1 1 2 0 0 1 1 0 0 1 0 1 0 1 1 1 1 1 2 0 0 2 2 2 
1 1 2 34 33 32 16 18 17 2 0 0 34 32 32 16 18 17 0 2 1 34 34 32 16 16 17 33 32 32 2 1 0 32 32 34 33 32 32 0 1 0 32 32 34 34 34 34 2 0 0 32 33 34 18 16 16 1 1 2 32 32 33 17 16 16 1 0 1 32 33 33 17 17 17 2 0 0 34 34 34 
1
0 2 1 2 0 2 1 0 2 
1 1 2 2 1 0 0 2 1 2 0 0 2 0 0 0 2 1 0 2 1 2 2 0 0 0 1 1 0 0 2 1 0 0 0 2 1 0 0 1 1 0 0 0 2 2 2 2 2 0 0 0 1 2 2 0 0 1 1 2 0 0 1 1 0 0 1 0 1 0 1 1 1 1 1 2 0 0 2 2 2 
1 1 2 34 33 32 16 18 17 2 0 0 34 32 32 16 18 17 0 2 1 34 34 32 16 16 17 33 32 32 2 1 0 32 32 34 33 32 32 1 1 0 32 32 34 34 34 34 2 0 0 32 33 34 18 16 16 1 1 2 32 32 33 17 16 16 1 0 1 32 33 33 17 17 17 2 0 0 34 34 34 
1
0 2 1 2 0 2 1 0 2 
1 1 2 2 1 0 0 2 1 2 0 0 2 0 0 0 2 1 0 2 1 2 2 0 0 0 1 1 0 0 2 1 0 0 0 2 1 0 0 1 1 0 0 0 2 2 2 2 2 2 0 0 1 2 2 0 0 1 1 2 0 0 1 1 0 0 1 0 1 0 1 1 1 1 1 2 0 0 2 2 2 
1 1 2 34 33 32 16 18 17 2 0 0 34 32 32 16 18 17 0 2 1 34 34 32 16 16 17 33 32 32 2 1 0 32 32 34 33 32 32 1 1 0 32 32 34 34 34 34 2 2 0 32 33 34 18 16 16 1 1 2 32 32 33 17 16 16 1 0 1 32 33 33 17 17 17 2 0 0 34 34 34 
1
0 2 1 2 0 2 1 0 2 
1 1 2 2 1 0 0 2 1 2 0 0 2 0 0 0 2 1 0 2 1 2 2 0 0 0 1 1 0 0 2 1 0 0 0 2 1 0 0 1 1 0 0 0 2 2 2 2 2 2 0 0 1 2 2 0 0 1 1 2 0 0 1 1 0 0 1 0 1 0 1 1 1 1 1 2 1 0 2 2 2 
1 1 2 34 33 32 16 18 17 2 0 0 34 32 32 16 18 17 0 2 1 34 34 32 16 16 17 33 32 32 2 1 0 32 32 34 33 32 32 1 1 0 32 32 34 34 34 34 2 2 0 32 33 34 18 16 16 1 1 2 32 32 33 17 16 16 1 0 1 32 33 33 17 17 17 2 1 0 34 34 34 
1
0 2 1 2 0 2 1 2 2 
1 1 2 2 1 0 0 2 1 2 0 0 2 0 0 0 2 1 0 2 1 2 2 0 0 0 1 1 0 0 2 1 0 0 0 2 1 0 0 1 1 0 0 0 2 2 2 2 2 2 0 0 1 2 2 0 0 1 1 2 0 0 1 1 0 0 1 2 1 0 1 1 1 1 1 2 1 0 2 2 2 
1 1 2 34 33 32 16 18 17 2 0 0 34 32 32 16 18 17 0 2 1 34 34 32 16 16 17 33 32 32 2 1 0 32 32 34 33 32 32 1 1 0 32 32 34 34 34 34 2 2 0 32 33 34 18 16 16 33 33 34 32 32 33 17 16 16 33 34 33 32 33 33 17 17 17 34 33 32 34 34 34 
1
0 2 1 2 1 2 1 2 2 
1 1 2 2 1 0 0 2 1 2 0 0 2 0 0 0 2 1 0 2 1 2 2 0 0 0 1 1 0 0 2 1 0 0 0 2 1 0 0 1 1 1 0 0 2 2 2 2 2 2 0 0 1 2 2 0 0 1 1 2 0 0 1 1 0 0 1 2 1 0 1 1 1 1 1 2 1 0 2 2 2 
1 1 2 34 33 32 16 18 17 2 0 0 34 32 32 16 18 17 0 2 1 34 34 32 16 16 17 33 32 32 18 17 16 32 32 34 33 32 32 17 17 17 32 32 34 34 34 34 18 18 16 32 33 34 18 16 16 33 33 34 32 32 33 17 16 16 33 34 33 32 33 33 17 17 17 34 33 32 34 34 34 
1
0 2 1 2 1 2 1 2 2 
1 1 2 2 1 0 0 2 1 2 0 0 2 0 0 0 2 1 0 2 1 2 2 0 0 0 1 1 0 0 2 1 0 0 0 2 1 0 0 1 1 1 0 0 2 2 2 2 2 2 0 0 1 2 2 0 0 1 1 2 0 0 1 1 0 0 1 2 1 0 1 1 1 1 1 2 1 0 2 2 2 
1 1 2 34 33 32 16 18 17 2 0 0 34 32 32 16 18 17 0 2 1 34 34 32 16 16 17 33 32 32 18 17 16 32 32 34 33 32 32 17 17 17 32 32 34 34 34 34 18 18 16 32 33 34 18 16 16 33 33 34 32 32 33 17 16 16 33 34 33 32 33 33 17 17 17 34 33 32 34 34 34 
1
