0 0 0 0 0 0 0 0 0 
0 0 0 0 0 0 0 0 0 0 0 0 0 0 0 0 0 0 0 0 0 0 0 0 0 0 0 0 0 0 0 0 0 0 0 0 0 0 0 0 1 0 0 0 0 0 0 0 0 0 0 0 0 0 0 0 0 0 0 0 0 0 0 0 0 0 0 0 0 0 0 0 0 0 0 0 0 0 0 0 0 
0 0 0 0 0 0 0 0 0 0 0 0 0 0 0 0 0 0 0 0 0 0 0 0 0 0 0 0 0 0 0 0 0 0 0 0 0 0 0 0 1 0 0 0 0 0 0 0 0 0 0 0 0 0 0 0 0 0 0 0 0 0 0 0 0 0 0 0 0 0 0 0 0 0 0 0 0 0 0 0 0 
1
0 0 0 0 0 0 0 0 0 
0 0 0 0 0 0 0 0 0 0 0 0 0 0 0 0 0 0 0 0 0 0 0 0 0 0 0 0 0 0 0 0 0 0 0 0 0 0 0 0 1 0 0 0 0 0 0 0 0 0 2 0 0 0 0 0 0 0 0 0 0 0 0 0 0 0 0 0 0 0 0 0 0 0 0 0 0 0 0 0 0 
0 0 0 0 0 0 0 0 0 0 0 0 0 0 0 0 0 0 0 0 0 0 0 0 0 0 0 0 0 0 0 0 0 0 0 0 0 0 0 0 1 0 0 0 0 0 0 0 0 0 2 0 0 0 0 0 0 0 0 0 0 0 0 0 0 0 0 0 0 0 0 0 0 0 0 0 0 0 0 0 0 
1
0 0 0 0 0 0 0 0 0 
0 0 0 0 0 0 0 0 0 0 0 0 0 0 0 0 0 0 0 0 0 0 0 0 0 0 0 0 0 0 0 0 0 0 0 0 0 0 0 0 1 0 0 0 0 0 0 0 0 0 2 0 0 0 0 0 0 0 0 0 0 0 1 0 0 0 0 0 0 0 0 0 0 0 0 0 0 0 0 0 0 
0 0 0 0 0 0 0 0 0 0 0 0 0 0 0 0 0 0 0 0 0 0 0 0 0 0 0 0 0 0 0 0 0 0 0 0 0 0 0 0 1 0 0 0 0 0 0 0 0 0 2 0 0 0 0 0 0 0 0 0 0 0 1 0 0 0 0 0 0 0 0 0 0 0 0 0 0 0 0 0 0 
1
0 0 0 0 0 0 0 0 0 
0 0 0 0 0 0 0 0 2 0 0 0 0 0 0 0 0 0 0 0 0 0 0 0 0 0 0 0 0 0 0 0 0 0 0 0 0 0 0 0 1 0 0 0 0 0 0 0 0 0 2 0 0 0 0 0 0 0 0 0 0 0 1 0 0 0 0 0 0 0 0 0 0 0 0 0 0 0 0 0 0 
0 0 0 0 0 0 0 0 2 0 0 0 0 0 0 0 0 0 0 0 0 0 0 0 0 0 0 0 0 0 0 0 0 0 0 0 0 0 0 0 1 0 0 0 0 0 0 0 0 0 2 0 0 0 0 0 0 0 0 0 0 0 1 0 0 0 0 0 0 0 0 0 0 0 0 0 0 0 0 0 0 
1
0 0 0 0 0 0 0 0 0 
0 0 0 0 0 0 0 0 2 0 0 0 0 0 0 1 0 0 0 0 0 0 0 0 0 0 0 0 0 0 0 0 0 0 0 0 0 0 0 0 1 0 0 0 0 0 0 0 0 0 2 0 0 0 0 0 0 0 0 0 0 0 1 0 0 0 0 0 0 0 0 0 0 0 0 0 0 0 0 0 0 
0 0 0 0 0 0 0 0 2 0 0 0 0 0 0 1 0 0 0 0 0 0 0 0 0 0 0 0 0 0 0 0 0 0 0 0 0 0 0 0 1 0 0 0 0 0 0 0 0 0 2 0 0 0 0 0 0 0 0 0 0 0 1 0 0 0 0 0 0 0 0 0 0 0 0 0 0 0 0 0 0 
1
0 0 0 0 0 0 0 0 0 
0 0 0 0 0 0 0 0 2 0 0 0 0 0 0 1 0 0 0 0 0 0 0 0 0 0 0 0 0 0 0 0 0 0 0 0 0 0 0 0 1 0 0 0 0 2 0 0 0 0 2 0 0 0 0 0 0 0 0 0 0 0 1 0 0 0 0 0 0 0 0 0 0 0 0 0 0 0 0 0 0 
0 0 0 0 0 0 0 0 2 0 0 0 0 0 0 1 0 0 0 0 0 0 0 0 0 0 0 0 0 0 0 0 0 0 0 0 0 0 0 0 1 0 0 0 0 2 0 0 0 0 2 0 0 0 0 0 0 0 0 0 0 0 1 0 0 0 0 0 0 0 0 0 0 0 0 0 0 0 0 0 0 
1
0 0 0 0 0 0 0 0 0 
0 0 0 0 0 0 0 0 2 0 0 0 0 0 0 1 0 0 0 0 0 0 0 0 0 0 0 0 0 0 0 0 0 0 0 0 0 0 0 0 1 0 0 0 0 2 0 0 0 0 2 0 0 0 0 0 0 0 0 0 0 0 1 0 0 0 0 0 0 0 0 0 0 1 0 0 0 0 0 0 0 
0 0 0 0 0 0 0 0 2 0 0 0 0 0 0 1 0 0 0 0 0 0 0 0 0 0 0 0 0 0 0 0 0 0 0 0 0 0 0 0 1 0 0 0 0 2 0 0 0 0 2 0 0 0 0 0 0 0 0 0 0 0 1 0 0 0 0 0 0 0 0 0 0 1 0 0 0 0 0 0 0 
1
0 0 0 0 0 0 0 0 0 
0 0 0 0 0 0 0 0 2 0 0 0 0 0 0 1 0 0 0 0 0 0 0 0 0 0 0 0 0 0 0 0 0 0 0 0 0 0 0 0 1 0 0 0 0 2 0 0 0 0 2 0 0 0 0 0 0 2 0 0 0 0 1 0 0 0 0 0 0 0 0 0 0 1 0 0 0 0 0 0 0 
0 0 0 0 0 0 0 0 2 0 0 0 0 0 0 1 0 0 0 0 0 0 0 0 0 0 0 0 0 0 0 0 0 0 0 0 0 0 0 0 1 0 0 0 0 2 0 0 0 0 2 0 0 0 0 0 0 2 0 0 0 0 1 0 0 0 0 0 0 0 0 0 0 1 0 0 0 0 0 0 0 
1
0 0 0 0 0 0 0 0 0 
0 0 0 0 0 0 0 0 2 0 0 0 0 0 0 1 0 0 0 1 0 0 0 0 0 0 0 0 0 0 0 0 0 0 0 0 0 0 0 0 1 0 0 0 0 2 0 0 0 0 2 0 0 0 0 0 0 2 0 0 0 0 1 0 0 0 0 0 0 0 0 0 0 1 0 0 0 0 0 0 0 
0 0 0 0 0 0 0 0 2 0 0 0 0 0 0 1 0 0 0 1 0 0 0 0 0 0 0 0 0 0 0 0 0 0 0 0 0 0 0 0 1 0 0 0 0 2 0 0 0 0 2 0 0 0 0 0 0 2 0 0 0 0 1 0 0 0 0 0 0 0 0 0 0 1 0 0 0 0 0 0 0 
1
0 0 0 0 0 0 0 0 0 
0 0 0 0 0 0 0 0 2 0 0 0 0 0 0 1 0 0 0 1 0 0 0 0 0 0 0 0 0 0 0 0 0 0 0 0 0 0 0 0 1 0 0 0 0 2 0 0 0 0 2 0 0 0 0 0 0 2 0 0 0 0 1 0 0 0 2 0 0 0 0 0 0 1 0 0 0 0 0 0 0 
0 0 0 0 0 0 0 0 2 0 0 0 0 0 0 1 0 0 0 1 0 0 0 0 0 0 0 0 0 0 0 0 0 0 0 0 0 0 0 0 1 0 0 0 0 2 0 0 0 0 2 0 0 0 0 0 0 2 0 0 0 0 1 0 0 0 2 0 0 0 0 0 0 1 0 0 0 0 0 0 0 
1
0 0 0 0 0 0 0 0 0 
0 0 0 0 0 0 0 0 2 0 0 0 0 0 0 1 0 0 0 1 0 0 0 0 0 0 0 1 0 0 0 0 0 0 0 0 0 0 0 0 1 0 0 0 0 2 0 0 0 0 2 0 0 0 0 0 0 2 0 0 0 0 1 0 0 0 2 0 0 0 0 0 0 1 0 0 0 0 0 0 0 
0 0 0 0 0 0 0 0 2 0 0 0 0 0 0 1 0 0 0 1 0 0 0 0 0 0 0 1 0 0 0 0 0 0 0 0 0 0 0 0 1 0 0 0 0 2 0 0 0 0 2 0 0 0 0 0 0 2 0 0 0 0 1 0 0 0 2 0 0 0 0 0 0 1 0 0 0 0 0 0 0 
1
0 0 0 0 0 0 0 0 0 
0 0 0 0 0 0 0 0 2 0 0 2 0 0 0 1 0 0 0 1 0 0 0 0 0 0 0 1 0 0 0 0 0 0 0 0 0 0 0 0 1 0 0 0 0 2 0 0 0 0 2 0 0 0 0 0 0 2 0 0 0 0 1 0 0 0 2 0 0 0 0 0 0 1 0 0 0 0 0 0 0 
0 0 0 0 0 0 0 0 2 0 0 2 0 0 0 1 0 0 0 1 0 0 0 0 0 0 0 1 0 0 0 0 0 0 0 0 0 0 0 0 1 0 0 0 0 2 0 0 0 0 2 0 0 0 0 0 0 2 0 0 0 0 1 0 0 0 2 0 0 0 0 0 0 1 0 0 0 0 0 0 0 
1
0 0 0 0 0 0 0 0 0 
0 0 0 0 0 0 0 0 2 0 0 2 0 0 0 1 0 0 0 1 0 0 0 0 0 0 0 1 0 0 0 0 0 0 0 0 0 0 0 0 1 0 0 0 1 2 0 0 0 0 2 0 0 0 0 0 0 2 0 0 0 0 1 0 0 0 2 0 0 0 0 0 0 1 0 0 0 0 0 0 0 
0 0 0 0 0 0 0 0 2 0 0 2 0 0 0 1 0 0 0 1 0 0 0 0 0 0 0 1 0 0 0 0 0 0 0 0 0 0 0 0 1 0 0 0 1 2 0 0 0 0 2 0 0 0 0 0 0 2 0 0 0 0 1 0 0 0 2 0 0 0 0 0 0 1 0 0 0 0 0 0 0 
1
0 0 0 0 0 0 0 0 0 
0 0 0 0 0 0 0 0 2 0 0 2 0 0 0 1 0 0 0 1 0 0 0 0 0 0 0 1 0 0 0 0 0 0 2 0 0 0 0 0 1 0 0 0 1 2 0 0 0 0 2 0 0 0 0 0 0 2 0 0 0 0 1 0 0 0 2 0 0 0 0 0 0 1 0 0 0 0 0 0 0 
0 0 0 0 0 0 0 0 2 0 0 2 0 0 0 1 0 0 0 1 0 0 0 0 0 0 0 1 0 0 0 0 0 0 2 0 0 0 0 0 1 0 0 0 1 2 0 0 0 0 2 0 0 0 0 0 0 2 0 0 0 0 1 0 0 0 2 0 0 0 0 0 0 1 0 0 0 0 0 0 0 
1
0 0 0 0 0 0 0 0 0 
0 0 0 0 0 0 0 0 2 0 0 2 0 0 1 1 0 0 0 1 0 0 0 0 0 0 0 1 0 0 0 0 0 0 2 0 0 0 0 0 1 0 0 0 1 2 0 0 0 0 2 0 0 0 0 0 0 2 0 0 0 0 1 0 0 0 2 0 0 0 0 0 0 1 0 0 0 0 0 0 0 
0 0 0 0 0 0 0 0 2 0 0 2 0 0 1 1 0 0 0 1 0 0 0 0 0 0 0 1 0 0 0 0 0 0 2 0 0 0 0 0 1 0 0 0 1 2 0 0 0 0 2 0 0 0 0 0 0 2 0 0 0 0 1 0 0 0 2 0 0 0 0 0 0 1 0 0 0 0 0 0 0 
1
0 0 0 0 0 0 0 0 0 
0 0 0 0 0 0 0 0 2 0 0 2 0 0 1 1 0 0 0 1 0 0 0 0 0 0 0 1 0 0 0 0 0 0 2 0 0 0 0 0 1 0 0 0 1 2 0 0 0 0 2 0 2 0 0 0 0 2 0 0 0 0 1 0 0 0 2 0 0 0 0 0 0 1 0 0 0 0 0 0 0 
0 0 0 0 0 0 0 0 2 0 0 2 0 0 1 1 0 0 0 1 0 0 0 0 0 0 0 1 0 0 0 0 0 0 2 0 0 0 0 0 1 0 0 0 1 2 0 0 0 0 2 0 2 0 0 0 0 2 0 0 0 0 1 0 0 0 2 0 0 0 0 0 0 1 0 0 0 0 0 0 0 
1
0 0 0 0 0 0 0 0 0 
0 0 0 0 0 0 0 0 2 0 0 2 0 0 1 1 0 0 0 1 0 0 0 0 0 0 0 1 0 0 0 0 0 0 2 0 0 0 0 0 1 0 0 0 1 2 0 0 0 0 2 0 2 0 0 0 0 2 0 0 0 0 1 0 0 0 2 0 0 0 0 0 0 1 0 1 0 0 0 0 0 
0 0 0 0 0 0 0 0 2 0 0 2 0 0 1 1 0 0 0 1 0 0 0 0 0 0 0 1 0 0 0 0 0 0 2 0 0 0 0 0 1 0 0 0 1 2 0 0 0 0 2 0 2 0 0 0 0 2 0 0 0 0 1 0 0 0 2 0 0 0 0 0 0 1 0 1 0 0 0 0 0 
1
0 0 0 0 0 0 0 0 0 
0 0 0 0 0 0 0 0 2 0 0 2 0 0 1 1 0 0 0 1 0 0 0 0 0 0 0 1 0 0 0 0 0 0 2 0 0 0 0 0 1 0 0 0 1 2 0 0 0 0 2 0 2 0 0 0 0 2 0 0 0 0 1 0 0 0 2 0 0 0 0 0 0 1 2 1 0 0 0 0 0 
0 0 0 0 0 0 0 0 2 0 0 2 0 0 1 1 0 0 0 1 0 0 0 0 0 0 0 1 0 0 0 0 0 0 2 0 0 0 0 0 1 0 0 0 1 2 0 0 0 0 2 0 2 0 0 0 0 2 0 0 0 0 1 0 0 0 2 0 0 0 0 0 0 1 2 1 0 0 0 0 0 
1
0 0 0 0 0 0 0 0 0 
0 0 0 0 0 0 0 0 2 0 0 2 0 0 1 1 0 0 0 1 0 0 0 0 0 0 0 1 0 0 0 0 0 0 2 0 0 0 0 0 1 0 0 0 1 2 0 0 0 0 2 0 2 0 0 0 0 2 0 0 1 0 1 0 0 0 2 0 0 0 0 0 0 1 2 1 0 0 0 0 0 
0 0 0 0 0 0 0 0 2 0 0 2 0 0 1 1 0 0 0 1 0 0 0 0 0 0 0 1 0 0 0 0 0 0 2 0 0 0 0 0 1 0 0 0 1 2 0 0 0 0 2 0 2 0 0 0 0 2 0 0 1 0 1 0 0 0 2 0 0 0 0 0 0 1 2 1 0 0 0 0 0 
1
0 0 0 0 0 0 0 0 0 
0 0 2 0 0 0 0 0 2 0 0 2 0 0 1 1 0 0 0 1 0 0 0 0 0 0 0 1 0 0 0 0 0 0 2 0 0 0 0 0 1 0 0 0 1 2 0 0 0 0 2 0 2 0 0 0 0 2 0 0 1 0 1 0 0 0 2 0 0 0 0 0 0 1 2 1 0 0 0 0 0 
0 0 2 0 0 0 0 0 2 0 0 2 0 0 1 1 0 0 0 1 0 0 0 0 0 0 0 1 0 0 0 0 0 0 2 0 0 0 0 0 1 0 0 0 1 2 0 0 0 0 2 0 2 0 0 0 0 2 0 0 1 0 1 0 0 0 2 0 0 0 0 0 0 1 2 1 0 0 0 0 0 
1
0 0 0 0 0 0 0 0 0 
0 0 2 0 0 0 0 1 2 0 0 2 0 0 1 1 0 0 0 1 0 0 0 0 0 0 0 1 0 0 0 0 0 0 2 0 0 0 0 0 1 0 0 0 1 2 0 0 0 0 2 0 2 0 0 0 0 2 0 0 1 0 1 0 0 0 2 0 0 0 0 0 0 1 2 1 0 0 0 0 0 
0 0 2 0 0 0 0 1 2 0 0 2 0 0 1 1 0 0 0 1 0 0 0 0 0 0 0 1 0 0 0 0 0 0 2 0 0 0 0 0 1 0 0 0 1 2 0 0 0 0 2 0 2 0 0 0 0 2 0 0 1 0 1 0 0 0 2 0 0 0 0 0 0 1 2 1 0 0 0 0 0 
1
0 0 0 0 0 0 0 0 0 
0 0 2 0 0 0 0 1 2 0 0 2 0 0 1 1 0 0 0 1 0 2 0 0 0 0 0 1 0 0 0 0 0 0 2 0 0 0 0 0 1 0 0 0 1 2 0 0 0 0 2 0 2 0 0 0 0 2 0 0 1 0 1 0 0 0 2 0 0 0 0 0 0 1 2 1 0 0 0 0 0 
0 0 2 0 0 0 0 1 2 0 0 2 0 0 1 1 0 0 0 1 0 2 0 0 0 0 0 1 0 0 0 0 0 0 2 0 0 0 0 0 1 0 0 0 1 2 0 0 0 0 2 0 2 0 0 0 0 2 0 0 1 0 1 0 0 0 2 0 0 0 0 0 0 1 2 1 0 0 0 0 0 
1
0 0 0 0 0 0 0 0 0 
0 0 2 0 0 0 0 1 2 0 0 2 0 0 1 1 0 0 0 1 0 2 0 0 0 0 0 1 0 0 0 0 0 0 2 0 0 0 0 0 1 0 0 0 1 2 0 0 0 0 2 0 2 0 0 0 0 2 0 0 1 0 1 1 0 0 2 0 0 0 0 0 0 1 2 1 0 0 0 0 0 
0 0 2 0 0 0 0 1 2 0 0 2 0 0 1 1 0 0 0 1 0 2 0 0 0 0 0 1 0 0 0 0 0 0 2 0 0 0 0 0 1 0 0 0 1 2 0 0 0 0 2 0 2 0 0 0 0 2 0 0 1 0 1 1 0 0 2 0 0 0 0 0 0 1 2 1 0 0 0 0 0 
1
0 0 0 0 0 0 0 0 0 
0 0 2 0 0 0 0 1 2 0 0 2 0 0 1 1 0 0 0 1 0 2 0 0 0 0 0 1 0 2 0 0 0 0 2 0 0 0 0 0 1 0 0 0 1 2 0 0 0 0 2 0 2 0 0 0 0 2 0 0 1 0 1 1 0 0 2 0 0 0 0 0 0 1 2 1 0 0 0 0 0 
0 0 2 0 0 0 0 1 2 0 0 2 0 0 1 1 0 0 0 1 0 2 0 0 0 0 0 1 0 2 0 0 0 0 2 0 0 0 0 0 1 0 0 0 1 2 0 0 0 0 2 0 2 0 0 0 0 2 0 0 1 0 1 1 0 0 2 0 0 0 0 0 0 1 2 1 0 0 0 0 0 
1
0 0 0 0 0 0 0 0 0 
0 0 2 0 0 0 0 1 2 0 0 2 0 0 1 1 0 0 0 1 0 2 0 0 1 0 0 1 0 2 0 0 0 0 2 0 0 0 0 0 1 0 0 0 1 2 0 0 0 0 2 0 2 0 0 0 0 2 0 0 1 0 1 1 0 0 2 0 0 0 0 0 0 1 2 1 0 0 0 0 0 
0 0 2 0 0 0 0 1 2 0 0 2 0 0 1 1 0 0 0 1 0 2 0 0 1 0 0 1 0 2 0 0 0 0 2 0 0 0 0 0 1 0 0 0 1 2 0 0 0 0 2 0 2 0 0 0 0 2 0 0 1 0 1 1 0 0 2 0 0 0 0 0 0 1 2 1 0 0 0 0 0 
1
0 0 0 0 0 0 0 0 0 
0 0 2 0 0 0 0 1 2 0 0 2 0 0 1 1 0 0 0 1 0 2 0 0 1 0 0 1 0 2 0 0 0 0 2 0 0 0 0 0 1 0 0 0 1 2 0 0 0 0 2 0 2 0 2 0 0 2 0 0 1 0 1 1 0 0 2 0 0 0 0 0 0 1 2 1 0 0 0 0 0 
0 0 2 0 0 0 0 1 2 0 0 2 0 0 1 1 0 0 0 1 0 2 0 0 1 0 0 1 0 2 0 0 0 0 2 0 0 0 0 0 1 0 0 0 1 2 0 0 0 0 2 0 2 0 2 0 0 2 0 0 1 0 1 1 0 0 2 0 0 0 0 0 0 1 2 1 0 0 0 0 0 
1
0 0 0 0 0 0 0 0 0 
0 0 2 0 0 0 0 1 2 0 0 2 0 0 1 1 0 0 0 1 1 2 0 0 1 0 0 1 0 2 0 0 0 0 2 0 0 0 0 0 1 0 0 0 1 2 0 0 0 0 2 0 2 0 2 0 0 2 0 0 1 0 1 1 0 0 2 0 0 0 0 0 0 1 2 1 0 0 0 0 0 
0 0 2 0 0 0 0 1 2 0 0 2 0 0 1 1 0 0 0 1 1 2 0 0 1 0 0 1 0 2 0 0 0 0 2 0 0 0 0 0 1 0 0 0 1 2 0 0 0 0 2 0 2 0 2 0 0 2 0 0 1 0 1 1 0 0 2 0 0 0 0 0 0 1 2 1 0 0 0 0 0 
1
0 0 0 0 0 0 0 0 0 
0 0 2 0 0 0 0 1 2 0 0 2 0 0 1 1 0 0 0 1 1 2 0 0 1 0 0 1 0 2 0 0 0 0 2 0 0 0 0 0 1 0 0 0 1 2 0 0 0 0 2 0 2 0 2 0 0 2 0 0 1 2 1 1 0 0 2 0 0 0 0 0 0 1 2 1 0 0 0 0 0 
0 0 2 0 0 0 0 1 2 0 0 2 0 0 1 1 0 0 0 1 1 2 0 0 1 0 0 1 0 2 0 0 0 0 2 0 0 0 0 0 1 0 0 0 1 2 0 0 0 0 2 0 2 0 2 0 0 2 0 0 1 2 1 1 0 0 2 0 0 0 0 0 0 1 2 1 0 0 0 0 0 
1
0 0 0 0 0 0 0 0 0 
0 0 2 0 0 0 0 1 2 0 0 2 1 0 1 1 0 0 0 1 1 2 0 0 1 0 0 1 0 2 0 0 0 0 2 0 0 0 0 0 1 0 0 0 1 2 0 0 0 0 2 0 2 0 2 0 0 2 0 0 1 2 1 1 0 0 2 0 0 0 0 0 0 1 2 1 0 0 0 0 0 
0 0 2 0 0 0 0 1 2 0 0 2 1 0 1 1 0 0 0 1 1 2 0 0 1 0 0 1 0 2 0 0 0 0 2 0 0 0 0 0 1 0 0 0 1 2 0 0 0 0 2 0 2 0 2 0 0 2 0 0 1 2 1 1 0 0 2 0 0 0 0 0 0 1 2 1 0 0 0 0 0 
1
0 0 0 2 0 0 0 0 0 
0 0 2 0 0 0 0 1 2 0 0 2 1 0 1 1 0 0 0 1 1 2 0 0 1 0 0 1 0 2 0 0 0 0 2 0 0 2 0 0 1 0 0 0 1 2 0 0 0 0 2 0 2 0 2 0 0 2 0 0 1 2 1 1 0 0 2 0 0 0 0 0 0 1 2 1 0 0 0 0 0 
0 0 2 0 0 0 0 1 2 0 0 2 1 0 1 1 0 0 0 1 1 2 0 0 1 0 0 33 32 34 0 0 0 0 2 0 32 34 32 0 1 0 0 0 1 34 32 32 0 0 2 0 2 0 2 0 0 2 0 0 1 2 1 1 0 0 2 0 0 0 0 0 0 1 2 1 0 0 0 0 0 
1
0 0 0 2 0 0 0 0 0 
0 0 2 0 0 0 0 1 2 0 0 2 1 0 1 1 0 0 0 1 1 2 0 0 1 0 0 1 0 2 0 0 0 0 2 0 0 2 0 0 1 1 0 0 1 2 0 0 0 0 2 0 2 0 2 0 0 2 0 0 1 2 1 1 0 0 2 0 0 0 0 0 0 1 2 1 0 0 0 0 0 
0 0 2 0 0 0 0 1 2 0 0 2 1 0 1 1 0 0 0 1 1 2 0 0 1 0 0 33 32 34 0 0 0 0 2 0 32 34 32 0 1 1 0 0 1 34 32 32 0 0 2 0 2 0 2 0 0 2 0 0 1 2 1 1 0 0 2 0 0 0 0 0 0 1 2 1 0 0 0 0 0 
1
0 0 0 2 0 2 0 0 0 
0 0 2 0 0 0 0 1 2 0 0 2 1 0 1 1 0 0 0 1 1 2 0 0 1 0 0 1 0 2 0 0 0 0 2 0 0 2 0 0 1 1 0 2 1 2 0 0 0 0 2 0 2 0 2 0 0 2 0 0 1 2 1 1 0 0 2 0 0 0 0 0 0 1 2 1 0 0 0 0 0 
0 0 2 0 0 0 0 1 2 0 0 2 1 0 1 1 0 0 0 1 1 2 0 0 1 0 0 33 32 34 0 0 0 32 34 32 32 34 32 0 1 1 32 34 33 34 32 32 0 0 2 32 34 32 2 0 0 2 0 0 1 2 1 1 0 0 2 0 0 0 0 0 0 1 2 1 0 0 0 0 0 
1
0 0 0 2 1 2 0 0 0 
0 0 2 0 0 0 0 1 2 0 0 2 1 0 1 1 0 0 0 1 1 2 0 0 1 0 0 1 0 2 0 0 0 0 2 0 0 2 0 1 1 1 0 2 1 2 0 0 0 0 2 0 2 0 2 0 0 2 0 0 1 2 1 1 0 0 2 0 0 0 0 0 0 1 2 1 0 0 0 0 0 
0 0 2 0 0 0 0 1 2 0 0 2 1 0 1 1 0 0 0 1 1 2 0 0 1 0 0 33 32 34 16 16 16 32 34 32 32 34 32 17 17 17 32 34 33 34 32 32 16 16 18 32 34 32 2 0 0 2 0 0 1 2 1 1 0 0 2 0 0 0 0 0 0 1 2 1 0 0 0 0 0 
1
0 0 0 2 1 2 0 0 0 
0 0 2 0 0 0 0 1 2 0 0 2 1 0 1 1 0 0 0 1 1 2 0 2 1 0 0 1 0 2 0 0 0 0 2 0 0 2 0 1 1 1 0 2 1 2 0 0 0 0 2 0 2 0 2 0 0 2 0 0 1 2 1 1 0 0 2 0 0 0 0 0 0 1 2 1 0 0 0 0 0 
0 0 2 0 0 0 0 1 2 0 0 2 1 0 1 1 0 0 0 1 1 2 0 2 1 0 0 33 32 34 16 16 16 32 34 32 32 34 32 17 17 17 32 34 33 34 32 32 16 16 18 32 34 32 2 0 0 2 0 0 1 2 1 1 0 0 2 0 0 0 0 0 0 1 2 1 0 0 0 0 0 
1
0 0 0 2 1 2 0 0 0 
0 0 2 0 0 0 0 1 2 0 0 2 1 0 1 1 0 0 0 1 1 2 0 2 1 0 0 1 0 2 0 0 0 0 2 0 0 2 0 1 1 1 0 2 1 2 0 0 0 0 2 0 2 0 2 0 0 2 0 0 1 2 1 1 0 0 2 0 0 0 0 0 0 1 2 1 0 0 0 0 1 
0 0 2 0 0 0 0 1 2 0 0 2 1 0 1 1 0 0 0 1 1 2 0 2 1 0 0 33 32 34 16 16 16 32 34 32 32 34 32 17 17 17 32 34 33 34 32 32 16 16 18 32 34 32 2 0 0 2 0 0 1 2 1 1 0 0 2 0 0 0 0 0 0 1 2 1 0 0 0 0 1 
1
0 0 0 2 1 2 0 0 0 
0 0 2 0 0 0 0 1 2 0 0 2 1 0 1 1 0 0 0 1 1 2 0 2 1 0 0 1 0 2 0 0 0 0 2 0 0 2 0 1 1 1 0 2 1 2 0 0 0 0 2 0 2 0 2 0 0 2 0 0 1 2 1 1 0 0 2 0 0 0 0 0 0 1 2 1 0 0 0 2 1 
0 0 2 0 0 0 0 1 2 0 0 2 1 0 1 1 0 0 0 1 1 2 0 2 1 0 0 33 32 34 16 16 16 32 34 32 32 34 32 17 17 17 32 34 33 34 32 32 16 16 18 32 34 32 2 0 0 2 0 0 1 2 1 1 0 0 2 0 0 0 0 0 0 1 2 1 0 0 0 2 1 
1
0 0 0 2 1 2 0 0 0 
0 0 2 0 0 0 0 1 2 0 0 2 1 0 1 1 0 0 0 1 1 2 0 2 1 0 0 1 0 2 0 0 0 0 2 0 0 2 0 1 1 1 0 2 1 2 0 0 0 0 2 0 2 0 2 0 0 2 1 0 1 2 1 1 0 0 2 0 0 0 0 0 0 1 2 1 0 0 0 2 1 
0 0 2 0 0 0 0 1 2 0 0 2 1 0 1 1 0 0 0 1 1 2 0 2 1 0 0 33 32 34 16 16 16 32 34 32 32 34 32 17 17 17 32 34 33 34 32 32 16 16 18 32 34 32 2 0 0 2 1 0 1 2 1 1 0 0 2 0 0 0 0 0 0 1 2 1 0 0 0 2 1 
1
0 2 0 2 1 2 0 0 0 
0 0 2 0 0 0 0 1 2 0 0 2 1 0 1 1 0 0 0 1 1 2 2 2 1 0 0 1 0 2 0 0 0 0 2 0 0 2 0 1 1 1 0 2 1 2 0 0 0 0 2 0 2 0 2 0 0 2 1 0 1 2 1 1 0 0 2 0 0 0 0 0 0 1 2 1 0 0 0 2 1 
0 0 2 32 32 32 0 1 2 0 0 2 33 32 33 1 0 0 0 1 1 34 34 34 1 0 0 33 32 34 16 16 16 32 34 32 32 34 32 17 17 17 32 34 33 34 32 32 16 16 18 32 34 32 2 0 0 2 1 0 1 2 1 1 0 0 2 0 0 0 0 0 0 1 2 1 0 0 0 2 1 
1
0 2 0 2 1 2 0 0 0 
0 0 2 0 0 0 0 1 2 0 0 2 1 0 1 1 0 0 0 1 1 2 2 2 1 0 0 1 0 2 0 0 0 0 2 0 0 2 0 1 1 1 0 2 1 2 0 0 0 0 2 0 2 0 2 0 0 2 1 0 1 2 1 1 0 0 2 0 0 0 0 0 0 1 2 1 1 0 0 2 1 
0 0 2 32 32 32 0 1 2 0 0 2 33 32 33 1 0 0 0 1 1 34 34 34 1 0 0 33 32 34 16 16 16 32 34 32 32 34 32 17 17 17 32 34 33 34 32 32 16 16 18 32 34 32 2 0 0 2 1 0 1 2 1 1 0 0 2 0 0 0 0 0 0 1 2 1 1 0 0 2 1 
1
0 2 0 2 1 2 0 0 0 
0 0 2 0 0 0 0 1 2 0 0 2 1 0 1 1 0 0 0 1 1 2 2 2 1 0 0 1 0 2 0 0 0 0 2 0 0 2 0 1 1 1 0 2 1 2 0 0 0 0 2 0 2 0 2 0 0 2 1 2 1 2 1 1 0 0 2 0 0 0 0 0 0 1 2 1 1 0 0 2 1 
0 0 2 32 32 32 0 1 2 0 0 2 33 32 33 1 0 0 0 1 1 34 34 34 1 0 0 33 32 34 16 16 16 32 34 32 32 34 32 17 17 17 32 34 33 34 32 32 16 16 18 32 34 32 2 0 0 2 1 2 1 2 1 1 0 0 2 0 0 0 0 0 0 1 2 1 1 0 0 2 1 
1
0 2 1 2 1 2 0 0 0 
0 0 2 0 0 0 1 1 2 0 0 2 1 0 1 1 0 0 0 1 1 2 2 2 1 0 0 1 0 2 0 0 0 0 2 0 0 2 0 1 1 1 0 2 1 2 0 0 0 0 2 0 2 0 2 0 0 2 1 2 1 2 1 1 0 0 2 0 0 0 0 0 0 1 2 1 1 0 0 2 1 
0 0 2 32 32 32 17 17 18 0 0 2 33 32 33 17 16 16 0 1 1 34 34 34 17 16 16 33 32 34 16 16 16 32 34 32 32 34 32 17 17 17 32 34 33 34 32 32 16 16 18 32 34 32 2 0 0 2 1 2 1 2 1 1 0 0 2 0 0 0 0 0 0 1 2 1 1 0 0 2 1 
1
0 2 1 2 1 2 0 0 0 
0 0 2 0 0 0 1 1 2 0 0 2 1 0 1 1 0 0 2 1 1 2 2 2 1 0 0 1 0 2 0 0 0 0 2 0 0 2 0 1 1 1 0 2 1 2 0 0 0 0 2 0 2 0 2 0 0 2 1 2 1 2 1 1 0 0 2 0 0 0 0 0 0 1 2 1 1 0 0 2 1 
0 0 2 32 32 32 17 17 18 0 0 2 33 32 33 17 16 16 2 1 1 34 34 34 17 16 16 33 32 34 16 16 16 32 34 32 32 34 32 17 17 17 32 34 33 34 32 32 16 16 18 32 34 32 2 0 0 2 1 2 1 2 1 1 0 0 2 0 0 0 0 0 0 1 2 1 1 0 0 2 1 
1
0 2 1 2 1 2 0 0 0 
0 0 2 0 0 0 1 1 2 0 0 2 1 0 1 1 0 0 2 1 1 2 2 2 1 0 0 1 0 2 0 0 0 0 2 0 0 2 0 1 1 1 0 2 1 2 0 0 0 0 2 0 2 0 2 0 0 2 1 2 1 2 1 1 1 0 2 0 0 0 0 0 0 1 2 1 1 0 0 2 1 
0 0 2 32 32 32 17 17 18 0 0 2 33 32 33 17 16 16 2 1 1 34 34 34 17 16 16 33 32 34 16 16 16 32 34 32 32 34 32 17 17 17 32 34 33 34 32 32 16 16 18 32 34 32 2 0 0 2 1 2 1 2 1 1 1 0 2 0 0 0 0 0 0 1 2 1 1 0 0 2 1 
1
0 2 1 2 1 2 0 0 0 
2 0 2 0 0 0 1 1 2 0 0 2 1 0 1 1 0 0 2 1 1 2 2 2 1 0 0 1 0 2 0 0 0 0 2 0 0 2 0 1 1 1 0 2 1 2 0 0 0 0 2 0 2 0 2 0 0 2 1 2 1 2 1 1 1 0 2 0 0 0 0 0 0 1 2 1 1 0 0 2 1 
2 0 2 32 32 32 17 17 18 0 0 2 33 32 33 17 16 16 2 1 1 34 34 34 17 16 16 33 32 34 16 16 16 32 34 32 32 34 32 17 17 17 32 34 33 34 32 32 16 16 18 32 34 32 2 0 0 2 1 2 1 2 1 1 1 0 2 0 0 0 0 0 0 1 2 1 1 0 0 2 1 
1
0 2 1 2 1 2 0 0 0 
2 0 2 0 0 0 1 1 2 0 1 2 1 0 1 1 0 0 2 1 1 2 2 2 1 0 0 1 0 2 0 0 0 0 2 0 0 2 0 1 1 1 0 2 1 2 0 0 0 0 2 0 2 0 2 0 0 2 1 2 1 2 1 1 1 0 2 0 0 0 0 0 0 1 2 1 1 0 0 2 1 
2 0 2 32 32 32 17 17 18 0 1 2 33 32 33 17 16 16 2 1 1 34 34 34 17 16 16 33 32 34 16 16 16 32 34 32 32 34 32 17 17 17 32 34 33 34 32 32 16 16 18 32 34 32 2 0 0 2 1 2 1 2 1 1 1 0 2 0 0 0 0 0 0 1 2 1 1 0 0 2 1 
1
0 2 1 2 1 2 0 0 0 
2 0 2 0 0 0 1 1 2 0 1 2 1 0 1 1 0 0 2 1 1 2 2 2 1 0 0 1 0 2 0 0 0 0 2 0 0 2 0 1 1 1 0 2 1 2 0 0 0 0 2 0 2 0 2 0 0 2 1 2 1 2 1 1 1 0 2 0 0 0 0 0 0 1 2 1 1 2 0 2 1 
2 0 2 32 32 32 17 17 18 0 1 2 33 32 33 17 16 16 2 1 1 34 34 34 17 16 16 33 32 34 16 16 16 32 34 32 32 34 32 17 17 17 32 34 33 34 32 32 16 16 18 32 34 32 2 0 0 2 1 2 1 2 1 1 1 0 2 0 0 0 0 0 0 1 2 1 1 2 0 2 1 
1
0 2 1 2 1 2 0 0 1 
2 0 2 0 0 0 1 1 2 0 1 2 1 0 1 1 0 0 2 1 1 2 2 2 1 0 0 1 0 2 0 0 0 0 2 0 0 2 0 1 1 1 0 2 1 2 0 0 0 0 2 0 2 0 2 0 0 2 1 2 1 2 1 1 1 0 2 0 0 0 1 0 0 1 2 1 1 2 0 2 1 
2 0 2 32 32 32 17 17 18 0 1 2 33 32 33 17 16 16 2 1 1 34 34 34 17 16 16 33 32 34 16 16 16 32 34 32 32 34 32 17 17 17 32 34 33 34 32 32 16 16 18 32 34 32 2 0 0 2 1 2 17 18 17 1 1 0 2 0 0 16 17 16 0 1 2 1 1 2 16 18 17 
1
0 2 1 2 1 2 0 0 1 
2 0 2 0 0 0 1 1 2 0 1 2 1 0 1 1 0 0 2 1 1 2 2 2 1 0 0 1 0 2 0 0 0 0 2 0 0 2 0 1 1 1 0 2 1 2 0 0 0 0 2 0 2 0 2 0 0 2 1 2 1 2 1 1 1 0 2 0 0 0 1 0 2 1 2 1 1 2 0 2 1 
2 0 2 32 32 32 17 17 18 0 1 2 33 32 33 17 16 16 2 1 1 34 34 34 17 16 16 33 32 34 16 16 16 32 34 32 32 34 32 17 17 17 32 34 33 34 32 32 16 16 18 32 34 32 2 0 0 2 1 2 17 18 17 1 1 0 2 0 0 16 17 16 2 1 2 1 1 2 16 18 17 
1
0 2 1 2 1 2 1 0 1 
2 0 2 0 0 0 1 1 2 0 1 2 1 0 1 1 0 0 2 1 1 2 2 2 1 0 0 1 0 2 0 0 0 0 2 0 0 2 0 1 1 1 0 2 1 2 0 0 0 0 2 0 2 0 2 1 0 2 1 2 1 2 1 1 1 0 2 0 0 0 1 0 2 1 2 1 1 2 0 2 1 
2 0 2 32 32 32 17 17 18 0 1 2 33 32 33 17 16 16 2 1 1 34 34 34 17 16 16 33 32 34 16 16 16 32 34 32 32 34 32 17 17 17 32 34 33 34 32 32 16 16 18 32 34 32 18 17 16 2 1 2 17 18 17 17 17 16 2 0 0 16 17 16 18 17 18 1 1 2 16 18 17 
1
0 2 1 2 1 2 1 0 1 
2 0 2 0 0 0 1 1 2 0 1 2 1 0 1 1 0 0 2 1 1 2 2 2 1 0 0 1 0 2 0 0 0 0 2 0 0 2 0 1 1 1 0 2 1 2 0 0 0 0 2 0 2 0 2 1 0 2 1 2 1 2 1 1 1 0 2 0 0 0 1 0 2 1 2 1 1 2 0 2 1 
2 0 2 32 32 32 17 17 18 0 1 2 33 32 33 17 16 16 2 1 1 34 34 34 17 16 16 33 32 34 16 16 16 32 34 32 32 34 32 17 17 17 32 34 33 34 32 32 16 16 18 32 34 32 18 17 16 2 1 2 17 18 17 17 17 16 2 0 0 16 17 16 18 17 18 1 1 2 16 18 17 
1
