0 0 0 0 0 0 0 0 0 
1 0 0 0 0 0 0 0 0 0 0 0 0 0 0 0 0 0 0 0 0 0 0 0 0 0 0 0 0 0 0 0 0 0 0 0 0 0 0 0 0 0 0 0 0 0 0 0 0 0 0 0 0 0 0 0 0 0 0 0 0 0 0 0 0 0 0 0 0 0 0 0 0 0 0 0 0 0 0 0 0 
1 0 0 0 0 0 0 0 0 0 0 0 0 0 0 0 0 0 0 0 0 0 0 0 0 0 0 0 0 0 0 0 0 0 0 0 0 0 0 0 0 0 0 0 0 0 0 0 0 0 0 0 0 0 0 0 0 0 0 0 0 0 0 0 0 0 0 0 0 0 0 0 0 0 0 0 0 0 0 0 0 
0
0 0 0 0 0 0 0 0 0 
1 0 0 0 0 0 0 0 0 0 2 0 0 0 0 0 0 0 0 0 0 0 0 0 0 0 0 0 0 0 0 0 0 0 0 0 0 0 0 0 0 0 0 0 0 0 0 0 0 0 0 0 0 0 0 0 0 0 0 0 0 0 0 0 0 0 0 0 0 0 0 0 0 0 0 0 0 0 0 0 0 
1 0 0 0 0 0 0 0 0 0 2 0 0 0 0 0 0 0 0 0 0 0 0 0 0 0 0 0 0 0 0 0 0 0 0 0 0 0 0 0 0 0 0 0 0 0 0 0 0 0 0 0 0 0 0 0 0 0 0 0 0 0 0 0 0 0 0 0 0 0 0 0 0 0 0 0 0 0 0 0 0 
0
0 0 0 0 0 0 0 0 0 
1 0 0 0 0 0 0 0 0 0 2 0 0 0 0 0 0 0 0 0 0 0 0 0 0 0 0 0 0 0 0 0 0 0 0 0 0 0 0 1 0 0 0 0 0 0 0 0 0 0 0 0 0 0 0 0 0 0 0 0 0 0 0 0 0 0 0 0 0 0 0 0 0 0 0 0 0 0 0 0 0 
1 0 0 0 0 0 0 0 0 0 2 0 0 0 0 0 0 0 0 0 0 0 0 0 0 0 0 0 0 0 0 0 0 0 0 0 0 0 0 1 0 0 0 0 0 0 0 0 0 0 0 0 0 0 0 0 0 0 0 0 0 0 0 0 0 0 0 0 0 0 0 0 0 0 0 0 0 0 0 0 0 
0
0 0 0 0 0 0 0 0 0 
1 0 0 0 0 0 0 0 0 0 2 0 0 0 0 0 0 0 0 0 0 0 0 0 0 0 0 0 0 0 0 0 0 0 0 0 0 0 0 1 0 0 0 0 0 0 2 0 0 0 0 0 0 0 0 0 0 0 0 0 0 0 0 0 0 0 0 0 0 0 0 0 0 0 0 0 0 0 0 0 0 
1 0 0 0 0 0 0 0 0 0 2 0 0 0 0 0 0 0 0 0 0 0 0 0 0 0 0 0 0 0 0 0 0 0 0 0 0 0 0 1 0 0 0 0 0 0 2 0 0 0 0 0 0 0 0 0 0 0 0 0 0 0 0 0 0 0 0 0 0 0 0 0 0 0 0 0 0 0 0 0 0 
0
0 0 0 0 0 0 0 0 0 
1 0 0 0 0 0 0 0 0 0 2 0 0 0 0 0 0 0 0 0 0 0 0 0 0 0 0 0 0 0 0 0 0 0 0 0 0 0 0 1 0 0 0 0 0 0 2 0 0 0 0 0 0 0 0 0 0 0 0 0 0 0 0 0 0 0 0 0 0 0 0 0 0 0 0 1 0 0 0 0 0 
1 0 0 0 0 0 0 0 0 0 2 0 0 0 0 0 0 0 0 0 0 0 0 0 0 0 0 0 0 0 0 0 0 0 0 0 0 0 0 1 0 0 0 0 0 0 2 0 0 0 0 0 0 0 0 0 0 0 0 0 0 0 0 0 0 0 0 0 0 0 0 0 0 0 0 1 0 0 0 0 0 
0
0 0 0 0 0 0 0 0 0 
1 0 0 0 0 0 0 0 0 0 2 0 0 0 0 0 0 0 0 0 0 0 0 0 0 0 0 0 0 0 0 0 0 0 0 0 0 0 0 1 0 0 0 0 0 0 2 0 0 0 0 0 0 0 0 0 0 0 0 0 0 0 0 0 2 0 0 0 0 0 0 0 0 0 0 1 0 0 0 0 0 
1 0 0 0 0 0 0 0 0 0 2 0 0 0 0 0 0 0 0 0 0 0 0 0 0 0 0 0 0 0 0 0 0 0 0 0 0 0 0 1 0 0 0 0 0 0 2 0 0 0 0 0 0 0 0 0 0 0 0 0 0 0 0 0 2 0 0 0 0 0 0 0 0 0 0 1 0 0 0 0 0 
0
0 0 0 0 0 0 0 0 0 
1 0 0 0 0 0 0 0 0 0 2 0 0 0 0 0 0 0 0 0 0 0 0 0 0 0 0 0 0 0 0 0 0 0 0 0 0 0 0 1 0 1 0 0 0 0 2 0 0 0 0 0 0 0 0 0 0 0 0 0 0 0 0 0 2 0 0 0 0 0 0 0 0 0 0 1 0 0 0 0 0 
1 0 0 0 0 0 0 0 0 0 2 0 0 0 0 0 0 0 0 0 0 0 0 0 0 0 0 0 0 0 0 0 0 0 0 0 0 0 0 1 0 1 0 0 0 0 2 0 0 0 0 0 0 0 0 0 0 0 0 0 0 0 0 0 2 0 0 0 0 0 0 0 0 0 0 1 0 0 0 0 0 
0
0 0 0 0 0 0 0 0 0 
1 0 0 0 0 0 0 0 0 0 2 0 0 0 0 0 0 0 0 0 0 0 0 0 0 0 0 0 0 0 0 0 0 0 0 0 0 0 0 1 0 1 2 0 0 0 2 0 0 0 0 0 0 0 0 0 0 0 0 0 0 0 0 0 2 0 0 0 0 0 0 0 0 0 0 1 0 0 0 0 0 
1 0 0 0 0 0 0 0 0 0 2 0 0 0 0 0 0 0 0 0 0 0 0 0 0 0 0 0 0 0 0 0 0 0 0 0 0 0 0 1 0 1 2 0 0 0 2 0 0 0 0 0 0 0 0 0 0 0 0 0 0 0 0 0 2 0 0 0 0 0 0 0 0 0 0 1 0 0 0 0 0 
0
0 0 0 0 0 0 0 0 0 
1 0 0 0 0 0 0 0 0 0 2 0 0 0 0 0 0 0 0 0 0 0 0 0 0 0 0 0 1 0 0 0 0 0 0 0 0 0 0 1 0 1 2 0 0 0 2 0 0 0 0 0 0 0 0 0 0 0 0 0 0 0 0 0 2 0 0 0 0 0 0 0 0 0 0 1 0 0 0 0 0 
1 0 0 0 0 0 0 0 0 0 2 0 0 0 0 0 0 0 0 0 0 0 0 0 0 0 0 0 1 0 0 0 0 0 0 0 0 0 0 1 0 1 2 0 0 0 2 0 0 0 0 0 0 0 0 0 0 0 0 0 0 0 0 0 2 0 0 0 0 0 0 0 0 0 0 1 0 0 0 0 0 
0
0 0 0 0 0 0 0 0 0 
1 0 0 0 2 0 0 0 0 0 2 0 0 0 0 0 0 0 0 0 0 0 0 0 0 0 0 0 1 0 0 0 0 0 0 0 0 0 0 1 0 1 2 0 0 0 2 0 0 0 0 0 0 0 0 0 0 0 0 0 0 0 0 0 2 0 0 0 0 0 0 0 0 0 0 1 0 0 0 0 0 
1 0 0 0 2 0 0 0 0 0 2 0 0 0 0 0 0 0 0 0 0 0 0 0 0 0 0 0 1 0 0 0 0 0 0 0 0 0 0 1 0 1 2 0 0 0 2 0 0 0 0 0 0 0 0 0 0 0 0 0 0 0 0 0 2 0 0 0 0 0 0 0 0 0 0 1 0 0 0 0 0 
0
0 0 0 0 0 0 0 0 0 
1 0 0 0 2 0 0 0 0 0 2 0 0 1 0 0 0 0 0 0 0 0 0 0 0 0 0 0 1 0 0 0 0 0 0 0 0 0 0 1 0 1 2 0 0 0 2 0 0 0 0 0 0 0 0 0 0 0 0 0 0 0 0 0 2 0 0 0 0 0 0 0 0 0 0 1 0 0 0 0 0 
1 0 0 0 2 0 0 0 0 0 2 0 0 1 0 0 0 0 0 0 0 0 0 0 0 0 0 0 1 0 0 0 0 0 0 0 0 0 0 1 0 1 2 0 0 0 2 0 0 0 0 0 0 0 0 0 0 0 0 0 0 0 0 0 2 0 0 0 0 0 0 0 0 0 0 1 0 0 0 0 0 
0
0 0 0 0 0 0 0 0 0 
1 0 0 0 2 0 0 0 0 0 2 0 0 1 0 0 0 0 0 0 0 0 0 0 0 0 0 0 1 0 0 0 0 0 0 0 0 0 0 1 2 1 2 0 0 0 2 0 0 0 0 0 0 0 0 0 0 0 0 0 0 0 0 0 2 0 0 0 0 0 0 0 0 0 0 1 0 0 0 0 0 
1 0 0 0 2 0 0 0 0 0 2 0 0 1 0 0 0 0 0 0 0 0 0 0 0 0 0 0 1 0 0 0 0 0 0 0 0 0 0 1 2 1 2 0 0 0 2 0 0 0 0 0 0 0 0 0 0 0 0 0 0 0 0 0 2 0 0 0 0 0 0 0 0 0 0 1 0 0 0 0 0 
0
0 0 0 0 0 0 0 0 0 
1 0 0 0 2 0 0 0 0 0 2 0 0 1 0 0 0 0 0 0 0 0 0 0 0 0 0 0 1 0 0 0 1 0 0 0 0 0 0 1 2 1 2 0 0 0 2 0 0 0 0 0 0 0 0 0 0 0 0 0 0 0 0 0 2 0 0 0 0 0 0 0 0 0 0 1 0 0 0 0 0 
1 0 0 0 2 0 0 0 0 0 2 0 0 1 0 0 0 0 0 0 0 0 0 0 0 0 0 0 1 0 0 0 1 0 0 0 0 0 0 1 2 1 2 0 0 0 2 0 0 0 0 0 0 0 0 0 0 0 0 0 0 0 0 0 2 0 0 0 0 0 0 0 0 0 0 1 0 0 0 0 0 
0
0 0 0 0 0 0 0 0 0 
1 0 0 0 2 0 0 0 0 0 2 0 0 1 0 0 0 0 0 0 0 0 0 0 0 0 2 0 1 0 0 0 1 0 0 0 0 0 0 1 2 1 2 0 0 0 2 0 0 0 0 0 0 0 0 0 0 0 0 0 0 0 0 0 2 0 0 0 0 0 0 0 0 0 0 1 0 0 0 0 0 
1 0 0 0 2 0 0 0 0 0 2 0 0 1 0 0 0 0 0 0 0 0 0 0 0 0 2 0 1 0 0 0 1 0 0 0 0 0 0 1 2 1 2 0 0 0 2 0 0 0 0 0 0 0 0 0 0 0 0 0 0 0 0 0 2 0 0 0 0 0 0 0 0 0 0 1 0 0 0 0 0 
0
0 0 0 0 0 0 0 0 0 
1 0 0 0 2 0 0 0 0 0 2 0 0 1 0 0 0 0 0 0 0 0 0 0 0 0 2 0 1 0 0 0 1 0 0 0 0 0 0 1 2 1 2 0 0 0 2 0 0 0 0 0 0 0 0 0 0 0 0 0 0 0 0 0 2 0 0 0 0 0 0 0 0 0 0 1 0 0 0 1 0 
1 0 0 0 2 0 0 0 0 0 2 0 0 1 0 0 0 0 0 0 0 0 0 0 0 0 2 0 1 0 0 0 1 0 0 0 0 0 0 1 2 1 2 0 0 0 2 0 0 0 0 0 0 0 0 0 0 0 0 0 0 0 0 0 2 0 0 0 0 0 0 0 0 0 0 1 0 0 0 1 0 
0
0 0 0 0 0 0 0 0 0 
1 0 0 0 2 0 0 0 0 0 2 0 0 1 0 0 0 0 0 0 0 0 0 0 0 0 2 0 1 0 0 0 1 0 0 0 0 0 0 1 2 1 2 0 0 0 2 0 0 0 0 0 0 0 0 0 0 0 0 0 0 0 0 0 2 0 0 0 2 0 0 0 0 0 0 1 0 0 0 1 0 
1 0 0 0 2 0 0 0 0 0 2 0 0 1 0 0 0 0 0 0 0 0 0 0 0 0 2 0 1 0 0 0 1 0 0 0 0 0 0 1 2 1 2 0 0 0 2 0 0 0 0 0 0 0 0 0 0 0 0 0 0 0 0 0 2 0 0 0 2 0 0 0 0 0 0 1 0 0 0 1 0 
0
0 0 0 0 0 0 0 0 0 
1 0 0 0 2 0 0 0 0 0 2 0 0 1 0 0 0 0 0 0 0 0 0 0 0 0 2 0 1 0 0 0 1 0 0 0 0 0 0 1 2 1 2 0 0 0 2 0 0 0 0 0 0 1 0 0 0 0 0 0 0 0 0 0 2 0 0 0 2 0 0 0 0 0 0 1 0 0 0 1 0 
1 0 0 0 2 0 0 0 0 0 2 0 0 1 0 0 0 0 0 0 0 0 0 0 0 0 2 0 1 0 0 0 1 0 0 0 0 0 0 1 2 1 2 0 0 0 2 0 0 0 0 0 0 1 0 0 0 0 0 0 0 0 0 0 2 0 0 0 2 0 0 0 0 0 0 1 0 0 0 1 0 
0
0 0 0 0 0 0 0 0 0 
1 0 0 0 2 0 0 0 0 0 2 0 0 1 0 0 0 0 0 0 0 0 0 0 0 0 2 0 1 0 0 0 1 0 0 0 0 0 0 1 2 1 2 0 0 0 2 0 0 0 0 0 0 1 0 0 0 0 0 0 0 0 0 0 2 0 0 0 2 2 0 0 0 0 0 1 0 0 0 1 0 
1 0 0 0 2 0 0 0 0 0 2 0 0 1 0 0 0 0 0 0 0 0 0 0 0 0 2 0 1 0 0 0 1 0 0 0 0 0 0 1 2 1 2 0 0 0 2 0 0 0 0 0 0 1 0 0 0 0 0 0 0 0 0 0 2 0 0 0 2 2 0 0 0 0 0 1 0 0 0 1 0 
0
0 0 0 0 0 0 0 0 0 
1 0 0 0 2 0 0 0 0 0 2 0 0 1 0 0 0 0 0 0 0 0 0 0 0 0 2 1 1 0 0 0 1 0 0 0 0 0 0 1 2 1 2 0 0 0 2 0 0 0 0 0 0 1 0 0 0 0 0 0 0 0 0 0 2 0 0 0 2 2 0 0 0 0 0 1 0 0 0 1 0 
1 0 0 0 2 0 0 0 0 0 2 0 0 1 0 0 0 0 0 0 0 0 0 0 0 0 2 1 1 0 0 0 1 0 0 0 0 0 0 1 2 1 2 0 0 0 2 0 0 0 0 0 0 1 0 0 0 0 0 0 0 0 0 0 2 0 0 0 2 2 0 0 0 0 0 1 0 0 0 1 0 
0
0 0 0 0 0 0 0 0 0 
1 0 0 0 2 0 0 0 0 0 2 0 0 1 0 0 0 0 2 0 0 0 0 0 0 0 2 1 1 0 0 0 1 0 0 0 0 0 0 1 2 1 2 0 0 0 2 0 0 0 0 0 0 1 0 0 0 0 0 0 0 0 0 0 2 0 0 0 2 2 0 0 0 0 0 1 0 0 0 1 0 
1 0 0 0 2 0 0 0 0 0 2 0 0 1 0 0 0 0 2 0 0 0 0 0 0 0 2 1 1 0 0 0 1 0 0 0 0 0 0 1 2 1 2 0 0 0 2 0 0 0 0 0 0 1 0 0 0 0 0 0 0 0 0 0 2 0 0 0 2 2 0 0 0 0 0 1 0 0 0 1 0 
0
0 0 0 0 0 0 0 0 0 
1 0 0 0 2 0 0 0 0 0 2 0 0 1 0 0 0 0 2 0 0 0 0 0 0 0 2 1 1 0 0 0 1 0 0 0 0 0 0 1 2 1 2 0 0 0 2 0 0 0 0 0 0 1 0 0 0 0 0 0 0 0 0 1 2 0 0 0 2 2 0 0 0 0 0 1 0 0 0 1 0 
1 0 0 0 2 0 0 0 0 0 2 0 0 1 0 0 0 0 2 0 0 0 0 0 0 0 2 1 1 0 0 0 1 0 0 0 0 0 0 1 2 1 2 0 0 0 2 0 0 0 0 0 0 1 0 0 0 0 0 0 0 0 0 1 2 0 0 0 2 2 0 0 0 0 0 1 0 0 0 1 0 
0
0 0 0 0 0 0 0 0 0 
1 0 0 0 2 0 0 0 0 0 2 0 0 1 0 0 0 0 2 0 0 0 0 0 0 0 2 1 1 2 0 0 1 0 0 0 0 0 0 1 2 1 2 0 0 0 2 0 0 0 0 0 0 1 0 0 0 0 0 0 0 0 0 1 2 0 0 0 2 2 0 0 0 0 0 1 0 0 0 1 0 
1 0 0 0 2 0 0 0 0 0 2 0 0 1 0 0 0 0 2 0 0 0 0 0 0 0 2 1 1 2 0 0 1 0 0 0 0 0 0 1 2 1 2 0 0 0 2 0 0 0 0 0 0 1 0 0 0 0 0 0 0 0 0 1 2 0 0 0 2 2 0 0 0 0 0 1 0 0 0 1 0 
0
0 0 0 0 0 0 0 0 0 
1 0 0 0 2 0 0 0 0 0 2 0 0 1 0 0 0 0 2 0 0 0 0 0 1 0 2 1 1 2 0 0 1 0 0 0 0 0 0 1 2 1 2 0 0 0 2 0 0 0 0 0 0 1 0 0 0 0 0 0 0 0 0 1 2 0 0 0 2 2 0 0 0 0 0 1 0 0 0 1 0 
1 0 0 0 2 0 0 0 0 0 2 0 0 1 0 0 0 0 2 0 0 0 0 0 1 0 2 1 1 2 0 0 1 0 0 0 0 0 0 1 2 1 2 0 0 0 2 0 0 0 0 0 0 1 0 0 0 0 0 0 0 0 0 1 2 0 0 0 2 2 0 0 0 0 0 1 0 0 0 1 0 
0
0 0 0 0 0 0 0 0 0 
1 0 0 0 2 0 0 0 0 0 2 0 0 1 0 0 0 0 2 0 0 0 0 0 1 0 2 1 1 2 0 0 1 0 0 0 0 0 0 1 2 1 2 0 0 0 2 0 0 0 0 0 0 1 0 0 0 0 0 0 0 0 0 1 2 0 0 0 2 2 0 0 0 2 0 1 0 0 0 1 0 
1 0 0 0 2 0 0 0 0 0 2 0 0 1 0 0 0 0 2 0 0 0 0 0 1 0 2 1 1 2 0 0 1 0 0 0 0 0 0 1 2 1 2 0 0 0 2 0 0 0 0 0 0 1 0 0 0 0 0 0 0 0 0 1 2 0 0 0 2 2 0 0 0 2 0 1 0 0 0 1 0 
0
0 0 0 0 0 0 0 0 0 
1 0 0 0 2 0 0 0 0 0 2 0 0 1 0 0 0 0 2 0 0 0 0 0 1 0 2 1 1 2 0 0 1 0 0 0 0 0 0 1 2 1 2 0 0 0 2 0 0 0 0 0 0 1 0 0 0 0 0 0 0 0 0 1 2 0 0 1 2 2 0 0 0 2 0 1 0 0 0 1 0 
1 0 0 0 2 0 0 0 0 0 2 0 0 1 0 0 0 0 2 0 0 0 0 0 1 0 2 1 1 2 0 0 1 0 0 0 0 0 0 1 2 1 2 0 0 0 2 0 0 0 0 0 0 1 0 0 0 0 0 0 0 0 0 1 2 0 0 1 2 2 0 0 0 2 0 1 0 0 0 1 0 
0
0 0 0 0 0 0 0 0 0 
1 0 0 0 2 0 0 0 0 0 2 0 0 1 0 0 0 0 2 0 0 0 0 0 1 0 2 1 1 2 0 0 1 0 0 0 0 0 0 1 2 1 2 0 0 0 2 0 0 0 2 0 0 1 0 0 0 0 0 0 0 0 0 1 2 0 0 1 2 2 0 0 0 2 0 1 0 0 0 1 0 
1 0 0 0 2 0 0 0 0 0 2 0 0 1 0 0 0 0 2 0 0 0 0 0 1 0 2 1 1 2 0 0 1 0 0 0 0 0 0 1 2 1 2 0 0 0 2 0 0 0 2 0 0 1 0 0 0 0 0 0 0 0 0 1 2 0 0 1 2 2 0 0 0 2 0 1 0 0 0 1 0 
0
0 0 0 0 0 0 0 0 0 
1 0 0 0 2 0 0 0 0 0 2 0 0 1 0 0 0 0 2 0 0 0 0 0 1 0 2 1 1 2 0 0 1 0 0 0 0 0 0 1 2 1 2 0 0 0 2 0 0 0 2 0 0 1 0 0 0 0 0 0 0 1 0 1 2 0 0 1 2 2 0 0 0 2 0 1 0 0 0 1 0 
1 0 0 0 2 0 0 0 0 0 2 0 0 1 0 0 0 0 2 0 0 0 0 0 1 0 2 1 1 2 0 0 1 0 0 0 0 0 0 1 2 1 2 0 0 0 2 0 0 0 2 0 0 1 0 0 0 0 0 0 0 1 0 1 2 0 0 1 2 2 0 0 0 2 0 1 0 0 0 1 0 
0
0 0 0 0 0 0 0 0 0 
1 0 0 0 2 0 0 0 0 0 2 0 0 1 0 0 0 0 2 0 0 0 0 2 1 0 2 1 1 2 0 0 1 0 0 0 0 0 0 1 2 1 2 0 0 0 2 0 0 0 2 0 0 1 0 0 0 0 0 0 0 1 0 1 2 0 0 1 2 2 0 0 0 2 0 1 0 0 0 1 0 
1 0 0 0 2 0 0 0 0 0 2 0 0 1 0 0 0 0 2 0 0 0 0 2 1 0 2 1 1 2 0 0 1 0 0 0 0 0 0 1 2 1 2 0 0 0 2 0 0 0 2 0 0 1 0 0 0 0 0 0 0 1 0 1 2 0 0 1 2 2 0 0 0 2 0 1 0 0 0 1 0 
0
0 0 0 0 0 0 0 0 1 
1 0 0 0 2 0 0 0 0 0 2 0 0 1 0 0 0 0 2 0 0 0 0 2 1 0 2 1 1 2 0 0 1 0 0 0 0 0 0 1 2 1 2 0 0 0 2 0 0 0 2 0 0 1 0 0 0 0 0 0 0 1 0 1 2 0 0 1 2 2 1 0 0 2 0 1 0 0 0 1 0 
1 0 0 0 2 0 0 0 0 0 2 0 0 1 0 0 0 0 2 0 0 0 0 2 1 0 2 1 1 2 0 0 1 0 0 0 0 0 0 1 2 1 2 0 0 0 2 0 0 0 2 0 0 1 0 0 0 0 0 0 16 17 16 1 2 0 0 1 2 18 17 16 0 2 0 1 0 0 16 17 16 
0
0 0 0 0 2 0 0 0 1 
1 0 0 0 2 0 0 0 0 0 2 0 0 1 0 0 0 0 2 0 0 0 0 2 1 0 2 1 1 2 2 0 1 0 0 0 0 0 0 1 2 1 2 0 0 0 2 0 0 0 2 0 0 1 0 0 0 0 0 0 0 1 0 1 2 0 0 1 2 2 1 0 0 2 0 1 0 0 0 1 0 
1 0 0 0 2 0 0 0 0 0 2 0 0 1 0 0 0 0 2 0 0 0 0 2 1 0 2 1 1 2 34 32 33 0 0 0 0 0 0 33 34 33 2 0 0 0 2 0 32 32 34 0 0 1 0 0 0 0 0 0 16 17 16 1 2 0 0 1 2 18 17 16 0 2 0 1 0 0 16 17 16 
0
0 0 0 0 2 0 0 0 1 
1 0 1 0 2 0 0 0 0 0 2 0 0 1 0 0 0 0 2 0 0 0 0 2 1 0 2 1 1 2 2 0 1 0 0 0 0 0 0 1 2 1 2 0 0 0 2 0 0 0 2 0 0 1 0 0 0 0 0 0 0 1 0 1 2 0 0 1 2 2 1 0 0 2 0 1 0 0 0 1 0 
1 0 1 0 2 0 0 0 0 0 2 0 0 1 0 0 0 0 2 0 0 0 0 2 1 0 2 1 1 2 34 32 33 0 0 0 0 0 0 33 34 33 2 0 0 0 2 0 32 32 34 0 0 1 0 0 0 0 0 0 16 17 16 1 2 0 0 1 2 18 17 16 0 2 0 1 0 0 16 17 16 
0
0 0 0 0 2 0 0 0 1 
1 0 1 0 2 0 0 0 0 0 2 0 0 1 0 0 0 2 2 0 0 0 0 2 1 0 2 1 1 2 2 0 1 0 0 0 0 0 0 1 2 1 2 0 0 0 2 0 0 0 2 0 0 1 0 0 0 0 0 0 0 1 0 1 2 0 0 1 2 2 1 0 0 2 0 1 0 0 0 1 0 
1 0 1 0 2 0 0 0 0 0 2 0 0 1 0 0 0 2 2 0 0 0 0 2 1 0 2 1 1 2 34 32 33 0 0 0 0 0 0 33 34 33 2 0 0 0 2 0 32 32 34 0 0 1 0 0 0 0 0 0 16 17 16 1 2 0 0 1 2 18 17 16 0 2 0 1 0 0 16 17 16 
0
0 0 0 0 2 0 0 0 1 
1 0 1 0 2 0 0 0 0 0 2 0 0 1 0 0 0 2 2 0 0 0 0 2 1 0 2 1 1 2 2 0 1 0 0 0 0 0 0 1 2 1 2 0 0 0 2 0 0 0 2 0 1 1 0 0 0 0 0 0 0 1 0 1 2 0 0 1 2 2 1 0 0 2 0 1 0 0 0 1 0 
1 0 1 0 2 0 0 0 0 0 2 0 0 1 0 0 0 2 2 0 0 0 0 2 1 0 2 1 1 2 34 32 33 0 0 0 0 0 0 33 34 33 2 0 0 0 2 0 32 32 34 0 1 1 0 0 0 0 0 0 16 17 16 1 2 0 0 1 2 18 17 16 0 2 0 1 0 0 16 17 16 
0
0 0 0 0 2 0 0 0 1 
1 0 1 0 2 0 0 0 0 0 2 0 0 1 0 0 0 2 2 0 0 0 0 2 1 0 2 1 1 2 2 0 1 0 0 0 0 0 0 1 2 1 2 0 0 0 2 0 0 0 2 0 1 1 0 0 0 0 2 0 0 1 0 1 2 0 0 1 2 2 1 0 0 2 0 1 0 0 0 1 0 
1 0 1 0 2 0 0 0 0 0 2 0 0 1 0 0 0 2 2 0 0 0 0 2 1 0 2 1 1 2 34 32 33 0 0 0 0 0 0 33 34 33 2 0 0 0 2 0 32 32 34 0 1 1 0 0 0 0 2 0 16 17 16 1 2 0 0 1 2 18 17 16 0 2 0 1 0 0 16 17 16 
0
0 0 0 0 2 0 0 0 1 
1 0 1 0 2 0 0 0 0 0 2 0 0 1 1 0 0 2 2 0 0 0 0 2 1 0 2 1 1 2 2 0 1 0 0 0 0 0 0 1 2 1 2 0 0 0 2 0 0 0 2 0 1 1 0 0 0 0 2 0 0 1 0 1 2 0 0 1 2 2 1 0 0 2 0 1 0 0 0 1 0 
1 0 1 0 2 0 0 0 0 0 2 0 0 1 1 0 0 2 2 0 0 0 0 2 1 0 2 1 1 2 34 32 33 0 0 0 0 0 0 33 34 33 2 0 0 0 2 0 32 32 34 0 1 1 0 0 0 0 2 0 16 17 16 1 2 0 0 1 2 18 17 16 0 2 0 1 0 0 16 17 16 
0
0 0 0 0 2 0 0 0 1 
1 0 1 0 2 0 0 0 0 0 2 0 0 1 1 0 0 2 2 0 0 0 0 2 1 0 2 1 1 2 2 0 1 0 0 0 0 0 0 1 2 1 2 0 2 0 2 0 0 0 2 0 1 1 0 0 0 0 2 0 0 1 0 1 2 0 0 1 2 2 1 0 0 2 0 1 0 0 0 1 0 
1 0 1 0 2 0 0 0 0 0 2 0 0 1 1 0 0 2 2 0 0 0 0 2 1 0 2 1 1 2 34 32 33 0 0 0 0 0 0 33 34 33 2 0 2 0 2 0 32 32 34 0 1 1 0 0 0 0 2 0 16 17 16 1 2 0 0 1 2 18 17 16 0 2 0 1 0 0 16 17 16 
0
0 0 0 0 2 1 0 0 1 
1 0 1 0 2 0 0 0 0 0 2 0 0 1 1 0 0 2 2 0 0 0 0 2 1 0 2 1 1 2 2 0 1 0 0 0 0 0 0 1 2 1 2 0 2 0 2 0 0 0 2 1 1 1 0 0 0 0 2 0 0 1 0 1 2 0 0 1 2 2 1 0 0 2 0 1 0 0 0 1 0 
1 0 1 0 2 0 0 0 0 0 2 0 0 1 1 0 0 2 2 0 0 0 0 2 1 0 2 1 1 2 34 32 33 16 16 16 0 0 0 33 34 33 18 16 18 0 2 0 32 32 34 17 17 17 0 0 0 0 2 0 16 17 16 1 2 0 0 1 2 18 17 16 0 2 0 1 0 0 16 17 16 
0
0 0 0 0 2 1 2 0 1 
1 0 1 0 2 0 0 0 0 0 2 0 0 1 1 0 0 2 2 0 0 0 0 2 1 0 2 1 1 2 2 0 1 0 0 0 0 0 0 1 2 1 2 0 2 0 2 0 0 0 2 1 1 1 0 2 0 0 2 0 0 1 0 1 2 0 0 1 2 2 1 0 0 2 0 1 0 0 0 1 0 
1 0 1 0 2 0 0 0 0 0 2 0 0 1 1 0 0 2 2 0 0 0 0 2 1 0 2 1 1 2 34 32 33 16 16 16 0 0 0 33 34 33 18 16 18 0 2 0 32 32 34 17 17 17 32 34 32 0 2 0 16 17 16 33 34 32 0 1 2 18 17 16 32 34 32 1 0 0 16 17 16 
0
0 1 0 0 2 1 2 0 1 
1 0 1 0 2 0 0 0 0 0 2 0 1 1 1 0 0 2 2 0 0 0 0 2 1 0 2 1 1 2 2 0 1 0 0 0 0 0 0 1 2 1 2 0 2 0 2 0 0 0 2 1 1 1 0 2 0 0 2 0 0 1 0 1 2 0 0 1 2 2 1 0 0 2 0 1 0 0 0 1 0 
1 0 1 16 18 16 0 0 0 0 2 0 17 17 17 0 0 2 2 0 0 16 16 18 1 0 2 1 1 2 34 32 33 16 16 16 0 0 0 33 34 33 18 16 18 0 2 0 32 32 34 17 17 17 32 34 32 0 2 0 16 17 16 33 34 32 0 1 2 18 17 16 32 34 32 1 0 0 16 17 16 
0
0 1 0 0 2 1 2 0 1 
1 0 1 0 2 0 0 0 0 0 2 0 1 1 1 0 0 2 2 0 0 0 0 2 1 0 2 1 1 2 2 0 1 0 0 0 2 0 0 1 2 1 2 0 2 0 2 0 0 0 2 1 1 1 0 2 0 0 2 0 0 1 0 1 2 0 0 1 2 2 1 0 0 2 0 1 0 0 0 1 0 
1 0 1 16 18 16 0 0 0 0 2 0 17 17 17 0 0 2 2 0 0 16 16 18 1 0 2 1 1 2 34 32 33 16 16 16 2 0 0 33 34 33 18 16 18 0 2 0 32 32 34 17 17 17 32 34 32 0 2 0 16 17 16 33 34 32 0 1 2 18 17 16 32 34 32 1 0 0 16 17 16 
0
0 1 0 0 2 1 2 0 1 
1 0 1 0 2 0 0 0 0 0 2 0 1 1 1 0 0 2 2 0 0 0 0 2 1 0 2 1 1 2 2 0 1 0 0 0 2 1 0 1 2 1 2 0 2 0 2 0 0 0 2 1 1 1 0 2 0 0 2 0 0 1 0 1 2 0 0 1 2 2 1 0 0 2 0 1 0 0 0 1 0 
1 0 1 16 18 16 0 0 0 0 2 0 17 17 17 0 0 2 2 0 0 16 16 18 1 0 2 1 1 2 34 32 33 16 16 16 2 1 0 33 34 33 18 16 18 0 2 0 32 32 34 17 17 17 32 34 32 0 2 0 16 17 16 33 34 32 0 1 2 18 17 16 32 34 32 1 0 0 16 17 16 
0
0 1 2 0 2 1 2 0 1 
1 0 1 0 2 0 0 0 2 0 2 0 1 1 1 0 0 2 2 0 0 0 0 2 1 0 2 1 1 2 2 0 1 0 0 0 2 1 0 1 2 1 2 0 2 0 2 0 0 0 2 1 1 1 0 2 0 0 2 0 0 1 0 1 2 0 0 1 2 2 1 0 0 2 0 1 0 0 0 1 0 
1 0 1 16 18 16 32 32 34 0 2 0 17 17 17 32 32 34 2 0 0 16 16 18 33 32 34 1 1 2 34 32 33 16 16 16 2 1 0 33 34 33 18 16 18 0 2 0 32 32 34 17 17 17 32 34 32 0 2 0 16 17 16 33 34 32 0 1 2 18 17 16 32 34 32 1 0 0 16 17 16 
0
0 1 2 0 2 1 2 0 1 
1 0 1 0 2 0 0 0 2 0 2 0 1 1 1 0 0 2 2 0 0 0 0 2 1 0 2 1 1 2 2 0 1 0 0 0 2 1 0 1 2 1 2 0 2 0 2 0 0 0 2 1 1 1 0 2 0 0 2 0 0 1 0 1 2 0 0 1 2 2 1 0 0 2 0 1 0 0 0 1 0 
1 0 1 16 18 16 32 32 34 0 2 0 17 17 17 32 32 34 2 0 0 16 16 18 33 32 34 1 1 2 34 32 33 16 16 16 2 1 0 33 34 33 18 16 18 0 2 0 32 32 34 17 17 17 32 34 32 0 2 0 16 17 16 33 34 32 0 1 2 18 17 16 32 34 32 1 0 0 16 17 16 
0
