0 0 0 0 0 0 0 0 0 
0 0 0 0 0 0 0 0 0 0 0 0 0 0 0 0 0 0 0 0 0 0 0 0 0 0 0 0 0 0 0 0 0 0 0 0 0 0 0 0 0 0 0 0 0 0 0 0 0 0 1 0 0 0 0 0 0 0 0 0 0 0 0 0 0 0 0 0 0 0 0 0 0 0 0 0 0 0 0 0 0 
0 0 0 0 0 0 0 0 0 0 0 0 0 0 0 0 0 0 0 0 0 0 0 0 0 0 0 0 0 0 0 0 0 0 0 0 0 0 0 0 0 0 0 0 0 0 0 0 0 0 1 0 0 0 0 0 0 0 0 0 0 0 0 0 0 0 0 0 0 0 0 0 0 0 0 0 0 0 0 0 0 
0
0 0 0 0 0 0 0 0 0 
0 0 0 0 0 0 0 0 0 0 0 0 0 0 0 0 0 0 0 0 0 0 0 0 0 0 0 0 0 0 0 0 0 0 0 0 0 0 0 0 0 0 0 0 0 0 0 0 0 0 1 0 0 0 0 0 0 0 0 0 0 0 0 0 0 0 0 0 0 2 0 0 0 0 0 0 0 0 0 0 0 
0 0 0 0 0 0 0 0 0 0 0 0 0 0 0 0 0 0 0 0 0 0 0 0 0 0 0 0 0 0 0 0 0 0 0 0 0 0 0 0 0 0 0 0 0 0 0 0 0 0 1 0 0 0 0 0 0 0 0 0 0 0 0 0 0 0 0 0 0 2 0 0 0 0 0 0 0 0 0 0 0 
0
0 0 0 0 0 0 0 0 0 
0 0 0 0 0 0 0 0 0 0 0 0 0 0 0 0 0 0 0 0 0 0 0 0 0 0 0 0 0 0 0 0 0 0 0 0 0 0 0 0 0 0 0 0 0 0 1 0 0 0 1 0 0 0 0 0 0 0 0 0 0 0 0 0 0 0 0 0 0 2 0 0 0 0 0 0 0 0 0 0 0 
0 0 0 0 0 0 0 0 0 0 0 0 0 0 0 0 0 0 0 0 0 0 0 0 0 0 0 0 0 0 0 0 0 0 0 0 0 0 0 0 0 0 0 0 0 0 1 0 0 0 1 0 0 0 0 0 0 0 0 0 0 0 0 0 0 0 0 0 0 2 0 0 0 0 0 0 0 0 0 0 0 
0
0 0 0 0 0 0 0 0 0 
0 0 0 0 0 0 0 0 0 0 0 0 0 0 0 0 0 0 0 0 0 0 0 0 0 0 0 0 0 0 0 0 0 0 0 0 0 0 0 0 0 0 0 0 0 0 1 0 0 0 1 0 0 0 0 0 0 0 0 0 0 0 0 0 0 0 0 0 2 2 0 0 0 0 0 0 0 0 0 0 0 
0 0 0 0 0 0 0 0 0 0 0 0 0 0 0 0 0 0 0 0 0 0 0 0 0 0 0 0 0 0 0 0 0 0 0 0 0 0 0 0 0 0 0 0 0 0 1 0 0 0 1 0 0 0 0 0 0 0 0 0 0 0 0 0 0 0 0 0 2 2 0 0 0 0 0 0 0 0 0 0 0 
0
0 0 0 0 0 0 0 0 0 
0 0 0 0 0 0 0 0 0 0 0 0 0 0 0 0 0 0 0 0 0 0 0 0 0 0 0 0 0 0 0 0 0 1 0 0 0 0 0 0 0 0 0 0 0 0 1 0 0 0 1 0 0 0 0 0 0 0 0 0 0 0 0 0 0 0 0 0 2 2 0 0 0 0 0 0 0 0 0 0 0 
0 0 0 0 0 0 0 0 0 0 0 0 0 0 0 0 0 0 0 0 0 0 0 0 0 0 0 0 0 0 0 0 0 1 0 0 0 0 0 0 0 0 0 0 0 0 1 0 0 0 1 0 0 0 0 0 0 0 0 0 0 0 0 0 0 0 0 0 2 2 0 0 0 0 0 0 0 0 0 0 0 
0
0 0 0 0 0 0 0 0 0 
2 0 0 0 0 0 0 0 0 0 0 0 0 0 0 0 0 0 0 0 0 0 0 0 0 0 0 0 0 0 0 0 0 1 0 0 0 0 0 0 0 0 0 0 0 0 1 0 0 0 1 0 0 0 0 0 0 0 0 0 0 0 0 0 0 0 0 0 2 2 0 0 0 0 0 0 0 0 0 0 0 
2 0 0 0 0 0 0 0 0 0 0 0 0 0 0 0 0 0 0 0 0 0 0 0 0 0 0 0 0 0 0 0 0 1 0 0 0 0 0 0 0 0 0 0 0 0 1 0 0 0 1 0 0 0 0 0 0 0 0 0 0 0 0 0 0 0 0 0 2 2 0 0 0 0 0 0 0 0 0 0 0 
0
0 0 0 0 0 0 0 0 0 
2 0 0 0 0 0 0 0 0 0 0 1 0 0 0 0 0 0 0 0 0 0 0 0 0 0 0 0 0 0 0 0 0 1 0 0 0 0 0 0 0 0 0 0 0 0 1 0 0 0 1 0 0 0 0 0 0 0 0 0 0 0 0 0 0 0 0 0 2 2 0 0 0 0 0 0 0 0 0 0 0 
2 0 0 0 0 0 0 0 0 0 0 1 0 0 0 0 0 0 0 0 0 0 0 0 0 0 0 0 0 0 0 0 0 1 0 0 0 0 0 0 0 0 0 0 0 0 1 0 0 0 1 0 0 0 0 0 0 0 0 0 0 0 0 0 0 0 0 0 2 2 0 0 0 0 0 0 0 0 0 0 0 
0
0 0 0 0 0 0 0 0 0 
2 0 0 0 0 0 0 0 0 0 0 1 0 0 0 0 0 0 0 0 0 0 0 0 0 0 0 0 0 0 0 0 0 1 0 0 0 0 0 0 0 0 0 0 0 0 1 0 0 0 1 2 0 0 0 0 0 0 0 0 0 0 0 0 0 0 0 0 2 2 0 0 0 0 0 0 0 0 0 0 0 
2 0 0 0 0 0 0 0 0 0 0 1 0 0 0 0 0 0 0 0 0 0 0 0 0 0 0 0 0 0 0 0 0 1 0 0 0 0 0 0 0 0 0 0 0 0 1 0 0 0 1 2 0 0 0 0 0 0 0 0 0 0 0 0 0 0 0 0 2 2 0 0 0 0 0 0 0 0 0 0 0 
0
0 0 0 0 0 0 0 0 0 
2 0 0 0 0 0 0 0 0 0 0 1 0 0 0 0 0 0 0 0 0 0 0 0 0 0 0 0 0 0 0 0 0 1 0 0 0 0 0 0 0 0 0 0 0 0 1 0 0 0 1 2 0 0 0 0 0 0 0 0 0 0 0 0 0 0 0 0 2 2 0 0 1 0 0 0 0 0 0 0 0 
2 0 0 0 0 0 0 0 0 0 0 1 0 0 0 0 0 0 0 0 0 0 0 0 0 0 0 0 0 0 0 0 0 1 0 0 0 0 0 0 0 0 0 0 0 0 1 0 0 0 1 2 0 0 0 0 0 0 0 0 0 0 0 0 0 0 0 0 2 2 0 0 1 0 0 0 0 0 0 0 0 
0
0 0 0 0 0 0 0 0 0 
2 0 0 0 0 0 0 0 0 0 0 1 0 0 0 0 0 0 0 0 0 0 0 0 0 0 0 0 0 0 0 0 0 1 0 0 0 0 0 0 0 0 0 0 0 0 1 0 0 0 1 2 0 0 0 0 0 0 0 0 0 0 0 0 0 0 0 0 2 2 0 0 1 0 2 0 0 0 0 0 0 
2 0 0 0 0 0 0 0 0 0 0 1 0 0 0 0 0 0 0 0 0 0 0 0 0 0 0 0 0 0 0 0 0 1 0 0 0 0 0 0 0 0 0 0 0 0 1 0 0 0 1 2 0 0 0 0 0 0 0 0 0 0 0 0 0 0 0 0 2 2 0 0 1 0 2 0 0 0 0 0 0 
0
0 0 0 0 0 0 0 0 0 
2 0 0 0 0 0 0 0 0 0 0 1 0 0 0 0 0 0 0 0 0 0 0 0 0 0 0 0 0 0 0 0 0 1 0 0 0 0 0 0 0 0 0 0 0 0 1 0 0 0 1 2 0 0 0 0 0 0 0 0 0 0 1 0 0 0 0 0 2 2 0 0 1 0 2 0 0 0 0 0 0 
2 0 0 0 0 0 0 0 0 0 0 1 0 0 0 0 0 0 0 0 0 0 0 0 0 0 0 0 0 0 0 0 0 1 0 0 0 0 0 0 0 0 0 0 0 0 1 0 0 0 1 2 0 0 0 0 0 0 0 0 0 0 1 0 0 0 0 0 2 2 0 0 1 0 2 0 0 0 0 0 0 
0
0 0 0 0 0 0 0 0 0 
2 0 0 0 0 0 0 2 0 0 0 1 0 0 0 0 0 0 0 0 0 0 0 0 0 0 0 0 0 0 0 0 0 1 0 0 0 0 0 0 0 0 0 0 0 0 1 0 0 0 1 2 0 0 0 0 0 0 0 0 0 0 1 0 0 0 0 0 2 2 0 0 1 0 2 0 0 0 0 0 0 
2 0 0 0 0 0 0 2 0 0 0 1 0 0 0 0 0 0 0 0 0 0 0 0 0 0 0 0 0 0 0 0 0 1 0 0 0 0 0 0 0 0 0 0 0 0 1 0 0 0 1 2 0 0 0 0 0 0 0 0 0 0 1 0 0 0 0 0 2 2 0 0 1 0 2 0 0 0 0 0 0 
0
0 0 0 0 0 0 0 0 0 
2 0 0 0 0 0 0 2 0 0 0 1 0 0 0 0 0 0 0 0 0 0 1 0 0 0 0 0 0 0 0 0 0 1 0 0 0 0 0 0 0 0 0 0 0 0 1 0 0 0 1 2 0 0 0 0 0 0 0 0 0 0 1 0 0 0 0 0 2 2 0 0 1 0 2 0 0 0 0 0 0 
2 0 0 0 0 0 0 2 0 0 0 1 0 0 0 0 0 0 0 0 0 0 1 0 0 0 0 0 0 0 0 0 0 1 0 0 0 0 0 0 0 0 0 0 0 0 1 0 0 0 1 2 0 0 0 0 0 0 0 0 0 0 1 0 0 0 0 0 2 2 0 0 1 0 2 0 0 0 0 0 0 
0
0 0 0 0 0 0 0 0 0 
2 0 0 0 0 0 0 2 0 0 0 1 0 0 0 0 0 0 0 0 0 0 1 0 0 0 0 0 0 0 0 0 0 1 0 0 0 0 0 0 0 0 0 0 0 0 1 0 0 0 1 2 0 0 0 0 0 0 0 0 0 0 1 0 0 0 2 0 2 2 0 0 1 0 2 0 0 0 0 0 0 
2 0 0 0 0 0 0 2 0 0 0 1 0 0 0 0 0 0 0 0 0 0 1 0 0 0 0 0 0 0 0 0 0 1 0 0 0 0 0 0 0 0 0 0 0 0 1 0 0 0 1 2 0 0 0 0 0 0 0 0 0 0 1 0 0 0 2 0 2 2 0 0 1 0 2 0 0 0 0 0 0 
0
0 0 0 0 0 0 0 0 0 
2 0 0 0 0 0 0 2 0 0 0 1 0 0 0 0 0 0 0 0 0 0 1 0 0 0 0 0 0 0 0 0 0 1 0 0 0 0 0 0 0 0 0 0 0 1 1 0 0 0 1 2 0 0 0 0 0 0 0 0 0 0 1 0 0 0 2 0 2 2 0 0 1 0 2 0 0 0 0 0 0 
2 0 0 0 0 0 0 2 0 0 0 1 0 0 0 0 0 0 0 0 0 0 1 0 0 0 0 0 0 0 0 0 0 1 0 0 0 0 0 0 0 0 0 0 0 1 1 0 0 0 1 2 0 0 0 0 0 0 0 0 0 0 1 0 0 0 2 0 2 2 0 0 1 0 2 0 0 0 0 0 0 
0
0 0 0 0 0 0 0 0 0 
2 0 0 0 0 0 0 2 0 0 0 1 0 0 0 0 0 0 0 0 0 0 1 0 0 0 0 0 0 0 0 0 0 1 0 0 0 0 0 0 0 0 0 0 0 1 1 0 0 0 1 2 0 0 0 0 2 0 0 0 0 0 1 0 0 0 2 0 2 2 0 0 1 0 2 0 0 0 0 0 0 
2 0 0 0 0 0 0 2 0 0 0 1 0 0 0 0 0 0 0 0 0 0 1 0 0 0 0 0 0 0 0 0 0 1 0 0 0 0 0 0 0 0 0 0 0 1 1 0 0 0 1 2 0 0 0 0 2 0 0 0 0 0 1 0 0 0 2 0 2 2 0 0 1 0 2 0 0 0 0 0 0 
0
0 0 0 0 0 0 0 0 0 
2 0 0 0 0 0 0 2 0 0 0 1 0 0 0 1 0 0 0 0 0 0 1 0 0 0 0 0 0 0 0 0 0 1 0 0 0 0 0 0 0 0 0 0 0 1 1 0 0 0 1 2 0 0 0 0 2 0 0 0 0 0 1 0 0 0 2 0 2 2 0 0 1 0 2 0 0 0 0 0 0 
2 0 0 0 0 0 0 2 0 0 0 1 0 0 0 1 0 0 0 0 0 0 1 0 0 0 0 0 0 0 0 0 0 1 0 0 0 0 0 0 0 0 0 0 0 1 1 0 0 0 1 2 0 0 0 0 2 0 0 0 0 0 1 0 0 0 2 0 2 2 0 0 1 0 2 0 0 0 0 0 0 
0
0 0 0 0 0 0 0 0 0 
2 0 0 0 0 0 0 2 0 0 0 1 0 0 0 1 0 0 0 0 0 0 1 0 0 0 0 0 0 0 0 0 0 1 0 0 0 0 0 0 0 0 0 0 0 1 1 2 0 0 1 2 0 0 0 0 2 0 0 0 0 0 1 0 0 0 2 0 2 2 0 0 1 0 2 0 0 0 0 0 0 
2 0 0 0 0 0 0 2 0 0 0 1 0 0 0 1 0 0 0 0 0 0 1 0 0 0 0 0 0 0 0 0 0 1 0 0 0 0 0 0 0 0 0 0 0 1 1 2 0 0 1 2 0 0 0 0 2 0 0 0 0 0 1 0 0 0 2 0 2 2 0 0 1 0 2 0 0 0 0 0 0 
0
0 0 0 0 0 0 0 0 0 
2 0 0 0 0 0 0 2 0 0 0 1 0 0 0 1 0 0 0 0 0 0 1 0 0 0 0 0 0 0 0 0 0 1 0 0 0 0 0 0 0 0 0 0 0 1 1 2 0 0 1 2 0 0 0 0 2 0 0 0 0 0 1 0 0 0 2 0 2 2 1 0 1 0 2 0 0 0 0 0 0 
2 0 0 0 0 0 0 2 0 0 0 1 0 0 0 1 0 0 0 0 0 0 1 0 0 0 0 0 0 0 0 0 0 1 0 0 0 0 0 0 0 0 0 0 0 1 1 2 0 0 1 2 0 0 0 0 2 0 0 0 0 0 1 0 0 0 2 0 2 2 1 0 1 0 2 0 0 0 0 0 0 
0
0 0 0 0 0 0 0 0 0 
2 0 0 0 0 0 0 2 0 0 0 1 0 0 0 1 0 0 0 0 0 0 1 0 0 0 0 0 0 0 0 0 2 1 0 0 0 0 0 0 0 0 0 0 0 1 1 2 0 0 1 2 0 0 0 0 2 0 0 0 0 0 1 0 0 0 2 0 2 2 1 0 1 0 2 0 0 0 0 0 0 
2 0 0 0 0 0 0 2 0 0 0 1 0 0 0 1 0 0 0 0 0 0 1 0 0 0 0 0 0 0 0 0 2 1 0 0 0 0 0 0 0 0 0 0 0 1 1 2 0 0 1 2 0 0 0 0 2 0 0 0 0 0 1 0 0 0 2 0 2 2 1 0 1 0 2 0 0 0 0 0 0 
0
0 0 0 0 0 0 0 0 0 
2 0 0 0 0 0 0 2 0 0 0 1 0 0 0 1 1 0 0 0 0 0 1 0 0 0 0 0 0 0 0 0 2 1 0 0 0 0 0 0 0 0 0 0 0 1 1 2 0 0 1 2 0 0 0 0 2 0 0 0 0 0 1 0 0 0 2 0 2 2 1 0 1 0 2 0 0 0 0 0 0 
2 0 0 0 0 0 0 2 0 0 0 1 0 0 0 1 1 0 0 0 0 0 1 0 0 0 0 0 0 0 0 0 2 1 0 0 0 0 0 0 0 0 0 0 0 1 1 2 0 0 1 2 0 0 0 0 2 0 0 0 0 0 1 0 0 0 2 0 2 2 1 0 1 0 2 0 0 0 0 0 0 
0
0 0 0 0 0 0 0 0 0 
2 0 0 0 0 0 0 2 0 0 0 1 0 0 0 1 1 0 0 0 0 0 1 0 0 0 0 0 0 0 0 0 2 1 0 0 0 0 0 0 2 0 0 0 0 1 1 2 0 0 1 2 0 0 0 0 2 0 0 0 0 0 1 0 0 0 2 0 2 2 1 0 1 0 2 0 0 0 0 0 0 
2 0 0 0 0 0 0 2 0 0 0 1 0 0 0 1 1 0 0 0 0 0 1 0 0 0 0 0 0 0 0 0 2 1 0 0 0 0 0 0 2 0 0 0 0 1 1 2 0 0 1 2 0 0 0 0 2 0 0 0 0 0 1 0 0 0 2 0 2 2 1 0 1 0 2 0 0 0 0 0 0 
0
0 0 0 0 0 0 0 0 0 
2 0 0 0 0 0 0 2 0 0 0 1 0 0 0 1 1 0 0 0 0 0 1 0 0 0 0 0 0 0 1 0 2 1 0 0 0 0 0 0 2 0 0 0 0 1 1 2 0 0 1 2 0 0 0 0 2 0 0 0 0 0 1 0 0 0 2 0 2 2 1 0 1 0 2 0 0 0 0 0 0 
2 0 0 0 0 0 0 2 0 0 0 1 0 0 0 1 1 0 0 0 0 0 1 0 0 0 0 0 0 0 1 0 2 1 0 0 0 0 0 0 2 0 0 0 0 1 1 2 0 0 1 2 0 0 0 0 2 0 0 0 0 0 1 0 0 0 2 0 2 2 1 0 1 0 2 0 0 0 0 0 0 
0
0 0 0 0 0 0 0 0 0 
2 0 0 0 0 0 0 2 0 2 0 1 0 0 0 1 1 0 0 0 0 0 1 0 0 0 0 0 0 0 1 0 2 1 0 0 0 0 0 0 2 0 0 0 0 1 1 2 0 0 1 2 0 0 0 0 2 0 0 0 0 0 1 0 0 0 2 0 2 2 1 0 1 0 2 0 0 0 0 0 0 
2 0 0 0 0 0 0 2 0 2 0 1 0 0 0 1 1 0 0 0 0 0 1 0 0 0 0 0 0 0 1 0 2 1 0 0 0 0 0 0 2 0 0 0 0 1 1 2 0 0 1 2 0 0 0 0 2 0 0 0 0 0 1 0 0 0 2 0 2 2 1 0 1 0 2 0 0 0 0 0 0 
0
0 0 0 0 0 0 0 0 0 
2 0 0 0 0 0 0 2 0 2 0 1 0 0 0 1 1 0 0 0 0 0 1 0 0 0 0 0 0 0 1 0 2 1 0 0 1 0 0 0 2 0 0 0 0 1 1 2 0 0 1 2 0 0 0 0 2 0 0 0 0 0 1 0 0 0 2 0 2 2 1 0 1 0 2 0 0 0 0 0 0 
2 0 0 0 0 0 0 2 0 2 0 1 0 0 0 1 1 0 0 0 0 0 1 0 0 0 0 0 0 0 1 0 2 1 0 0 1 0 0 0 2 0 0 0 0 1 1 2 0 0 1 2 0 0 0 0 2 0 0 0 0 0 1 0 0 0 2 0 2 2 1 0 1 0 2 0 0 0 0 0 0 
0
0 0 0 0 0 0 0 0 0 
2 0 0 0 0 0 0 2 0 2 0 1 0 0 0 1 1 0 0 0 0 0 1 0 0 0 0 0 0 0 1 0 2 1 0 0 1 2 0 0 2 0 0 0 0 1 1 2 0 0 1 2 0 0 0 0 2 0 0 0 0 0 1 0 0 0 2 0 2 2 1 0 1 0 2 0 0 0 0 0 0 
2 0 0 0 0 0 0 2 0 2 0 1 0 0 0 1 1 0 0 0 0 0 1 0 0 0 0 0 0 0 1 0 2 1 0 0 1 2 0 0 2 0 0 0 0 1 1 2 0 0 1 2 0 0 0 0 2 0 0 0 0 0 1 0 0 0 2 0 2 2 1 0 1 0 2 0 0 0 0 0 0 
0
0 0 0 0 0 0 0 0 0 
2 0 0 0 0 0 0 2 0 2 0 1 0 0 0 1 1 0 0 0 0 0 1 0 0 0 0 0 0 0 1 1 2 1 0 0 1 2 0 0 2 0 0 0 0 1 1 2 0 0 1 2 0 0 0 0 2 0 0 0 0 0 1 0 0 0 2 0 2 2 1 0 1 0 2 0 0 0 0 0 0 
2 0 0 0 0 0 0 2 0 2 0 1 0 0 0 1 1 0 0 0 0 0 1 0 0 0 0 0 0 0 1 1 2 1 0 0 1 2 0 0 2 0 0 0 0 1 1 2 0 0 1 2 0 0 0 0 2 0 0 0 0 0 1 0 0 0 2 0 2 2 1 0 1 0 2 0 0 0 0 0 0 
0
0 0 0 0 0 0 0 0 0 
2 0 0 0 0 0 0 2 0 2 0 1 0 2 0 1 1 0 0 0 0 0 1 0 0 0 0 0 0 0 1 1 2 1 0 0 1 2 0 0 2 0 0 0 0 1 1 2 0 0 1 2 0 0 0 0 2 0 0 0 0 0 1 0 0 0 2 0 2 2 1 0 1 0 2 0 0 0 0 0 0 
2 0 0 0 0 0 0 2 0 2 0 1 0 2 0 1 1 0 0 0 0 0 1 0 0 0 0 0 0 0 1 1 2 1 0 0 1 2 0 0 2 0 0 0 0 1 1 2 0 0 1 2 0 0 0 0 2 0 0 0 0 0 1 0 0 0 2 0 2 2 1 0 1 0 2 0 0 0 0 0 0 
0
0 0 0 0 0 0 0 0 0 
2 0 0 0 0 0 0 2 0 2 0 1 0 2 0 1 1 0 0 0 0 0 1 0 0 0 0 0 0 0 1 1 2 1 0 0 1 2 0 0 2 1 0 0 0 1 1 2 0 0 1 2 0 0 0 0 2 0 0 0 0 0 1 0 0 0 2 0 2 2 1 0 1 0 2 0 0 0 0 0 0 
2 0 0 0 0 0 0 2 0 2 0 1 0 2 0 1 1 0 0 0 0 0 1 0 0 0 0 0 0 0 1 1 2 1 0 0 1 2 0 0 2 1 0 0 0 1 1 2 0 0 1 2 0 0 0 0 2 0 0 0 0 0 1 0 0 0 2 0 2 2 1 0 1 0 2 0 0 0 0 0 0 
0
0 0 0 0 0 0 0 0 0 
2 0 0 0 0 0 0 2 0 2 0 1 0 2 0 1 1 0 0 0 0 0 1 0 0 0 0 0 0 0 1 1 2 1 0 0 1 2 0 0 2 1 0 2 0 1 1 2 0 0 1 2 0 0 0 0 2 0 0 0 0 0 1 0 0 0 2 0 2 2 1 0 1 0 2 0 0 0 0 0 0 
2 0 0 0 0 0 0 2 0 2 0 1 0 2 0 1 1 0 0 0 0 0 1 0 0 0 0 0 0 0 1 1 2 1 0 0 1 2 0 0 2 1 0 2 0 1 1 2 0 0 1 2 0 0 0 0 2 0 0 0 0 0 1 0 0 0 2 0 2 2 1 0 1 0 2 0 0 0 0 0 0 
0
0 0 0 0 0 0 0 0 0 
2 0 0 0 0 0 0 2 0 2 0 1 0 2 0 1 1 0 0 0 0 0 1 0 0 0 0 0 0 0 1 1 2 1 0 0 1 2 0 1 2 1 0 2 0 1 1 2 0 0 1 2 0 0 0 0 2 0 0 0 0 0 1 0 0 0 2 0 2 2 1 0 1 0 2 0 0 0 0 0 0 
2 0 0 0 0 0 0 2 0 2 0 1 0 2 0 1 1 0 0 0 0 0 1 0 0 0 0 0 0 0 1 1 2 1 0 0 1 2 0 1 2 1 0 2 0 1 1 2 0 0 1 2 0 0 0 0 2 0 0 0 0 0 1 0 0 0 2 0 2 2 1 0 1 0 2 0 0 0 0 0 0 
0
0 0 0 2 0 0 0 0 0 
2 0 0 0 0 0 0 2 0 2 0 1 0 2 0 1 1 0 0 0 0 0 1 0 0 0 0 2 0 0 1 1 2 1 0 0 1 2 0 1 2 1 0 2 0 1 1 2 0 0 1 2 0 0 0 0 2 0 0 0 0 0 1 0 0 0 2 0 2 2 1 0 1 0 2 0 0 0 0 0 0 
2 0 0 0 0 0 0 2 0 2 0 1 0 2 0 1 1 0 0 0 0 0 1 0 0 0 0 34 32 32 1 1 2 1 0 0 33 34 32 1 2 1 0 2 0 33 33 34 0 0 1 2 0 0 0 0 2 0 0 0 0 0 1 0 0 0 2 0 2 2 1 0 1 0 2 0 0 0 0 0 0 
0
0 0 0 2 0 0 0 0 0 
2 0 1 0 0 0 0 2 0 2 0 1 0 2 0 1 1 0 0 0 0 0 1 0 0 0 0 2 0 0 1 1 2 1 0 0 1 2 0 1 2 1 0 2 0 1 1 2 0 0 1 2 0 0 0 0 2 0 0 0 0 0 1 0 0 0 2 0 2 2 1 0 1 0 2 0 0 0 0 0 0 
2 0 1 0 0 0 0 2 0 2 0 1 0 2 0 1 1 0 0 0 0 0 1 0 0 0 0 34 32 32 1 1 2 1 0 0 33 34 32 1 2 1 0 2 0 33 33 34 0 0 1 2 0 0 0 0 2 0 0 0 0 0 1 0 0 0 2 0 2 2 1 0 1 0 2 0 0 0 0 0 0 
0
0 0 0 2 0 0 0 0 0 
2 0 1 0 0 0 0 2 0 2 0 1 0 2 0 1 1 0 0 0 0 0 1 0 2 0 0 2 0 0 1 1 2 1 0 0 1 2 0 1 2 1 0 2 0 1 1 2 0 0 1 2 0 0 0 0 2 0 0 0 0 0 1 0 0 0 2 0 2 2 1 0 1 0 2 0 0 0 0 0 0 
2 0 1 0 0 0 0 2 0 2 0 1 0 2 0 1 1 0 0 0 0 0 1 0 2 0 0 34 32 32 1 1 2 1 0 0 33 34 32 1 2 1 0 2 0 33 33 34 0 0 1 2 0 0 0 0 2 0 0 0 0 0 1 0 0 0 2 0 2 2 1 0 1 0 2 0 0 0 0 0 0 
0
0 0 0 2 0 0 0 0 0 
2 0 1 0 0 0 0 2 0 2 0 1 0 2 0 1 1 0 0 0 0 0 1 0 2 0 0 2 0 0 1 1 2 1 0 0 1 2 0 1 2 1 0 2 0 1 1 2 0 0 1 2 0 0 0 1 2 0 0 0 0 0 1 0 0 0 2 0 2 2 1 0 1 0 2 0 0 0 0 0 0 
2 0 1 0 0 0 0 2 0 2 0 1 0 2 0 1 1 0 0 0 0 0 1 0 2 0 0 34 32 32 1 1 2 1 0 0 33 34 32 1 2 1 0 2 0 33 33 34 0 0 1 2 0 0 0 1 2 0 0 0 0 0 1 0 0 0 2 0 2 2 1 0 1 0 2 0 0 0 0 0 0 
0
0 0 0 2 0 0 0 0 0 
2 0 1 0 0 0 0 2 0 2 0 1 0 2 0 1 1 0 0 0 0 2 1 0 2 0 0 2 0 0 1 1 2 1 0 0 1 2 0 1 2 1 0 2 0 1 1 2 0 0 1 2 0 0 0 1 2 0 0 0 0 0 1 0 0 0 2 0 2 2 1 0 1 0 2 0 0 0 0 0 0 
2 0 1 0 0 0 0 2 0 2 0 1 0 2 0 1 1 0 0 0 0 2 1 0 2 0 0 34 32 32 1 1 2 1 0 0 33 34 32 1 2 1 0 2 0 33 33 34 0 0 1 2 0 0 0 1 2 0 0 0 0 0 1 0 0 0 2 0 2 2 1 0 1 0 2 0 0 0 0 0 0 
0
0 0 0 2 0 0 0 0 0 
2 0 1 0 0 0 0 2 0 2 0 1 0 2 0 1 1 0 0 0 0 2 1 0 2 0 0 2 0 0 1 1 2 1 0 0 1 2 0 1 2 1 0 2 0 1 1 2 0 0 1 2 0 0 0 1 2 0 0 0 0 0 1 0 1 0 2 0 2 2 1 0 1 0 2 0 0 0 0 0 0 
2 0 1 0 0 0 0 2 0 2 0 1 0 2 0 1 1 0 0 0 0 2 1 0 2 0 0 34 32 32 1 1 2 1 0 0 33 34 32 1 2 1 0 2 0 33 33 34 0 0 1 2 0 0 0 1 2 0 0 0 0 0 1 0 1 0 2 0 2 2 1 0 1 0 2 0 0 0 0 0 0 
0
0 0 0 2 2 0 0 0 0 
2 0 1 0 0 0 0 2 0 2 0 1 0 2 0 1 1 0 0 0 0 2 1 0 2 0 0 2 0 0 1 1 2 1 0 0 1 2 0 1 2 1 0 2 0 1 1 2 2 0 1 2 0 0 0 1 2 0 0 0 0 0 1 0 1 0 2 0 2 2 1 0 1 0 2 0 0 0 0 0 0 
2 0 1 0 0 0 0 2 0 2 0 1 0 2 0 1 1 0 0 0 0 2 1 0 2 0 0 34 32 32 33 33 34 1 0 0 33 34 32 33 34 33 0 2 0 33 33 34 34 32 33 2 0 0 0 1 2 0 0 0 0 0 1 0 1 0 2 0 2 2 1 0 1 0 2 0 0 0 0 0 0 
0
0 0 0 2 2 0 1 0 0 
2 0 1 0 0 0 0 2 0 2 0 1 0 2 0 1 1 0 0 0 0 2 1 0 2 0 0 2 0 0 1 1 2 1 0 0 1 2 0 1 2 1 0 2 0 1 1 2 2 0 1 2 0 0 0 1 2 0 0 0 0 0 1 0 1 0 2 0 2 2 1 0 1 1 2 0 0 0 0 0 0 
2 0 1 0 0 0 0 2 0 2 0 1 0 2 0 1 1 0 0 0 0 2 1 0 2 0 0 34 32 32 33 33 34 1 0 0 33 34 32 33 34 33 0 2 0 33 33 34 34 32 33 2 0 0 16 17 18 0 0 0 0 0 1 16 17 16 2 0 2 2 1 0 17 17 18 0 0 0 0 0 0 
0
0 0 0 2 2 0 1 0 0 
2 0 1 0 0 0 0 2 0 2 0 1 0 2 0 1 1 0 0 0 0 2 1 0 2 0 0 2 0 0 1 1 2 1 0 0 1 2 0 1 2 1 0 2 0 1 1 2 2 0 1 2 0 0 0 1 2 0 0 0 0 0 1 0 1 0 2 0 2 2 1 0 1 1 2 0 2 0 0 0 0 
2 0 1 0 0 0 0 2 0 2 0 1 0 2 0 1 1 0 0 0 0 2 1 0 2 0 0 34 32 32 33 33 34 1 0 0 33 34 32 33 34 33 0 2 0 33 33 34 34 32 33 2 0 0 16 17 18 0 0 0 0 0 1 16 17 16 2 0 2 2 1 0 17 17 18 0 2 0 0 0 0 
0
0 0 0 2 2 0 1 0 0 
2 0 1 0 0 0 0 2 0 2 0 1 0 2 0 1 1 0 0 0 0 2 1 0 2 0 0 2 0 0 1 1 2 1 0 0 1 2 0 1 2 1 0 2 0 1 1 2 2 0 1 2 0 0 0 1 2 0 0 1 0 0 1 0 1 0 2 0 2 2 1 0 1 1 2 0 2 0 0 0 0 
2 0 1 0 0 0 0 2 0 2 0 1 0 2 0 1 1 0 0 0 0 2 1 0 2 0 0 34 32 32 33 33 34 1 0 0 33 34 32 33 34 33 0 2 0 33 33 34 34 32 33 2 0 0 16 17 18 0 0 1 0 0 1 16 17 16 2 0 2 2 1 0 17 17 18 0 2 0 0 0 0 
0
0 0 0 2 2 0 1 0 0 
2 0 1 0 0 0 0 2 0 2 0 1 0 2 0 1 1 0 0 0 0 2 1 0 2 2 0 2 0 0 1 1 2 1 0 0 1 2 0 1 2 1 0 2 0 1 1 2 2 0 1 2 0 0 0 1 2 0 0 1 0 0 1 0 1 0 2 0 2 2 1 0 1 1 2 0 2 0 0 0 0 
2 0 1 0 0 0 0 2 0 2 0 1 0 2 0 1 1 0 0 0 0 2 1 0 2 2 0 34 32 32 33 33 34 1 0 0 33 34 32 33 34 33 0 2 0 33 33 34 34 32 33 2 0 0 16 17 18 0 0 1 0 0 1 16 17 16 2 0 2 2 1 0 17 17 18 0 2 0 0 0 0 
0
0 0 0 2 2 0 1 0 0 
2 0 1 0 0 0 0 2 0 2 0 1 0 2 0 1 1 0 0 0 0 2 1 0 2 2 0 2 0 0 1 1 2 1 0 0 1 2 0 1 2 1 0 2 0 1 1 2 2 0 1 2 0 0 0 1 2 0 0 1 0 0 1 0 1 0 2 0 2 2 1 0 1 1 2 0 2 1 0 0 0 
2 0 1 0 0 0 0 2 0 2 0 1 0 2 0 1 1 0 0 0 0 2 1 0 2 2 0 34 32 32 33 33 34 1 0 0 33 34 32 33 34 33 0 2 0 33 33 34 34 32 33 2 0 0 16 17 18 0 0 1 0 0 1 16 17 16 2 0 2 2 1 0 17 17 18 0 2 1 0 0 0 
0
0 0 0 2 2 0 1 0 0 
2 0 1 0 0 0 0 2 0 2 0 1 0 2 0 1 1 0 0 0 0 2 1 0 2 2 0 2 0 0 1 1 2 1 0 0 1 2 0 1 2 1 0 2 0 1 1 2 2 0 1 2 0 0 0 1 2 0 0 1 0 0 1 0 1 0 2 0 2 2 1 0 1 1 2 0 2 1 0 2 0 
2 0 1 0 0 0 0 2 0 2 0 1 0 2 0 1 1 0 0 0 0 2 1 0 2 2 0 34 32 32 33 33 34 1 0 0 33 34 32 33 34 33 0 2 0 33 33 34 34 32 33 2 0 0 16 17 18 0 0 1 0 0 1 16 17 16 2 0 2 2 1 0 17 17 18 0 2 1 0 2 0 
0
0 0 0 2 2 0 1 0 0 
2 0 1 0 0 0 0 2 0 2 0 1 0 2 0 1 1 0 0 0 0 2 1 0 2 2 0 2 0 0 1 1 2 1 0 0 1 2 0 1 2 1 0 2 0 1 1 2 2 0 1 2 0 0 0 1 2 1 0 1 0 0 1 0 1 0 2 0 2 2 1 0 1 1 2 0 2 1 0 2 0 
2 0 1 0 0 0 0 2 0 2 0 1 0 2 0 1 1 0 0 0 0 2 1 0 2 2 0 34 32 32 33 33 34 1 0 0 33 34 32 33 34 33 0 2 0 33 33 34 34 32 33 2 0 0 16 17 18 1 0 1 0 0 1 16 17 16 2 0 2 2 1 0 17 17 18 0 2 1 0 2 0 
0
2 0 0 2 2 0 1 0 0 
2 0 1 0 0 0 0 2 0 2 0 1 0 2 0 1 1 0 2 0 0 2 1 0 2 2 0 2 0 0 1 1 2 1 0 0 1 2 0 1 2 1 0 2 0 1 1 2 2 0 1 2 0 0 0 1 2 1 0 1 0 0 1 0 1 0 2 0 2 2 1 0 1 1 2 0 2 1 0 2 0 
34 32 33 0 0 0 0 2 0 34 32 33 0 2 0 1 1 0 34 32 32 2 1 0 2 2 0 34 32 32 33 33 34 1 0 0 33 34 32 33 34 33 0 2 0 33 33 34 34 32 33 2 0 0 16 17 18 1 0 1 0 0 1 16 17 16 2 0 2 2 1 0 17 17 18 0 2 1 0 2 0 
0
2 0 0 2 2 0 1 1 0 
2 0 1 0 0 0 0 2 0 2 0 1 0 2 0 1 1 0 2 0 0 2 1 0 2 2 0 2 0 0 1 1 2 1 0 0 1 2 0 1 2 1 0 2 0 1 1 2 2 0 1 2 0 0 0 1 2 1 1 1 0 0 1 0 1 0 2 0 2 2 1 0 1 1 2 0 2 1 0 2 0 
34 32 33 0 0 0 0 2 0 34 32 33 0 2 0 1 1 0 34 32 32 2 1 0 2 2 0 34 32 32 33 33 34 1 0 0 33 34 32 33 34 33 0 2 0 33 33 34 34 32 33 2 0 0 16 17 18 17 17 17 0 0 1 16 17 16 18 16 18 2 1 0 17 17 18 16 18 17 0 2 0 
0
2 2 0 2 2 0 1 1 0 
2 0 1 0 0 2 0 2 0 2 0 1 0 2 0 1 1 0 2 0 0 2 1 0 2 2 0 2 0 0 1 1 2 1 0 0 1 2 0 1 2 1 0 2 0 1 1 2 2 0 1 2 0 0 0 1 2 1 1 1 0 0 1 0 1 0 2 0 2 2 1 0 1 1 2 0 2 1 0 2 0 
34 32 33 32 32 34 0 2 0 34 32 33 32 34 32 1 1 0 34 32 32 34 33 32 2 2 0 34 32 32 33 33 34 1 0 0 33 34 32 33 34 33 0 2 0 33 33 34 34 32 33 2 0 0 16 17 18 17 17 17 0 0 1 16 17 16 18 16 18 2 1 0 17 17 18 16 18 17 0 2 0 
0
2 2 0 2 2 0 1 1 0 
2 0 1 0 0 2 0 2 0 2 0 1 0 2 0 1 1 0 2 0 0 2 1 0 2 2 1 2 0 0 1 1 2 1 0 0 1 2 0 1 2 1 0 2 0 1 1 2 2 0 1 2 0 0 0 1 2 1 1 1 0 0 1 0 1 0 2 0 2 2 1 0 1 1 2 0 2 1 0 2 0 
34 32 33 32 32 34 0 2 0 34 32 33 32 34 32 1 1 0 34 32 32 34 33 32 2 2 1 34 32 32 33 33 34 1 0 0 33 34 32 33 34 33 0 2 0 33 33 34 34 32 33 2 0 0 16 17 18 17 17 17 0 0 1 16 17 16 18 16 18 2 1 0 17 17 18 16 18 17 0 2 0 
0
2 2 0 2 2 0 1 1 0 
2 0 1 0 0 2 0 2 0 2 0 1 0 2 0 1 1 0 2 0 0 2 1 0 2 2 1 2 0 0 1 1 2 1 0 0 1 2 0 1 2 1 0 2 0 1 1 2 2 0 1 2 0 0 0 1 2 1 1 1 0 0 1 0 1 0 2 0 2 2 1 0 1 1 2 0 2 1 2 2 0 
34 32 33 32 32 34 0 2 0 34 32 33 32 34 32 1 1 0 34 32 32 34 33 32 2 2 1 34 32 32 33 33 34 1 0 0 33 34 32 33 34 33 0 2 0 33 33 34 34 32 33 2 0 0 16 17 18 17 17 17 0 0 1 16 17 16 18 16 18 2 1 0 17 17 18 16 18 17 2 2 0 
0
2 2 0 2 2 0 1 1 0 
2 0 1 0 0 2 0 2 1 2 0 1 0 2 0 1 1 0 2 0 0 2 1 0 2 2 1 2 0 0 1 1 2 1 0 0 1 2 0 1 2 1 0 2 0 1 1 2 2 0 1 2 0 0 0 1 2 1 1 1 0 0 1 0 1 0 2 0 2 2 1 0 1 1 2 0 2 1 2 2 0 
34 32 33 32 32 34 0 2 1 34 32 33 32 34 32 1 1 0 34 32 32 34 33 32 2 2 1 34 32 32 33 33 34 1 0 0 33 34 32 33 34 33 0 2 0 33 33 34 34 32 33 2 0 0 16 17 18 17 17 17 0 0 1 16 17 16 18 16 18 2 1 0 17 17 18 16 18 17 2 2 0 
0
2 2 0 2 2 0 1 1 0 
2 0 1 0 0 2 0 2 1 2 0 1 0 2 0 1 1 2 2 0 0 2 1 0 2 2 1 2 0 0 1 1 2 1 0 0 1 2 0 1 2 1 0 2 0 1 1 2 2 0 1 2 0 0 0 1 2 1 1 1 0 0 1 0 1 0 2 0 2 2 1 0 1 1 2 0 2 1 2 2 0 
34 32 33 32 32 34 0 2 1 34 32 33 32 34 32 1 1 2 34 32 32 34 33 32 2 2 1 34 32 32 33 33 34 1 0 0 33 34 32 33 34 33 0 2 0 33 33 34 34 32 33 2 0 0 16 17 18 17 17 17 0 0 1 16 17 16 18 16 18 2 1 0 17 17 18 16 18 17 2 2 0 
0
2 2 0 2 2 0 1 1 0 
2 0 1 0 0 2 0 2 1 2 0 1 0 2 0 1 1 2 2 0 0 2 1 0 2 2 1 2 0 0 1 1 2 1 0 1 1 2 0 1 2 1 0 2 0 1 1 2 2 0 1 2 0 0 0 1 2 1 1 1 0 0 1 0 1 0 2 0 2 2 1 0 1 1 2 0 2 1 2 2 0 
34 32 33 32 32 34 0 2 1 34 32 33 32 34 32 1 1 2 34 32 32 34 33 32 2 2 1 34 32 32 33 33 34 1 0 1 33 34 32 33 34 33 0 2 0 33 33 34 34 32 33 2 0 0 16 17 18 17 17 17 0 0 1 16 17 16 18 16 18 2 1 0 17 17 18 16 18 17 2 2 0 
0
2 2 0 2 2 0 1 1 0 
2 0 1 0 0 2 2 2 1 2 0 1 0 2 0 1 1 2 2 0 0 2 1 0 2 2 1 2 0 0 1 1 2 1 0 1 1 2 0 1 2 1 0 2 0 1 1 2 2 0 1 2 0 0 0 1 2 1 1 1 0 0 1 0 1 0 2 0 2 2 1 0 1 1 2 0 2 1 2 2 0 
34 32 33 32 32 34 2 2 1 34 32 33 32 34 32 1 1 2 34 32 32 34 33 32 2 2 1 34 32 32 33 33 34 1 0 1 33 34 32 33 34 33 0 2 0 33 33 34 34 32 33 2 0 0 16 17 18 17 17 17 0 0 1 16 17 16 18 16 18 2 1 0 17 17 18 16 18 17 2 2 0 
0
2 2 0 2 2 1 1 1 0 
2 0 1 0 0 2 2 2 1 2 0 1 0 2 0 1 1 2 2 0 0 2 1 0 2 2 1 2 0 0 1 1 2 1 1 1 1 2 0 1 2 1 0 2 0 1 1 2 2 0 1 2 0 0 0 1 2 1 1 1 0 0 1 0 1 0 2 0 2 2 1 0 1 1 2 0 2 1 2 2 0 
34 32 33 32 32 34 2 2 1 34 32 33 32 34 32 1 1 2 34 32 32 34 33 32 2 2 1 34 32 32 33 33 34 17 17 17 33 34 32 33 34 33 16 18 16 33 33 34 34 32 33 18 16 16 16 17 18 17 17 17 0 0 1 16 17 16 18 16 18 2 1 0 17 17 18 16 18 17 2 2 0 
0
2 2 0 2 2 1 1 1 2 
2 0 1 0 0 2 2 2 1 2 0 1 0 2 0 1 1 2 2 0 0 2 1 0 2 2 1 2 0 0 1 1 2 1 1 1 1 2 0 1 2 1 0 2 0 1 1 2 2 0 1 2 0 0 0 1 2 1 1 1 2 0 1 0 1 0 2 0 2 2 1 0 1 1 2 0 2 1 2 2 0 
34 32 33 32 32 34 2 2 1 34 32 33 32 34 32 1 1 2 34 32 32 34 33 32 2 2 1 34 32 32 33 33 34 17 17 17 33 34 32 33 34 33 16 18 16 33 33 34 34 32 33 18 16 16 16 17 18 17 17 17 34 32 33 16 17 16 18 16 18 34 33 32 17 17 18 16 18 17 34 34 32 
0
2 2 0 2 2 1 1 1 2 
2 0 1 0 0 2 2 2 1 2 0 1 0 2 0 1 1 2 2 0 0 2 1 0 2 2 1 2 0 0 1 1 2 1 1 1 1 2 0 1 2 1 0 2 0 1 1 2 2 0 1 2 0 0 0 1 2 1 1 1 2 0 1 0 1 0 2 0 2 2 1 0 1 1 2 0 2 1 2 2 0 
34 32 33 32 32 34 2 2 1 34 32 33 32 34 32 1 1 2 34 32 32 34 33 32 2 2 1 34 32 32 33 33 34 17 17 17 33 34 32 33 34 33 16 18 16 33 33 34 34 32 33 18 16 16 16 17 18 17 17 17 34 32 33 16 17 16 18 16 18 34 33 32 17 17 18 16 18 17 34 34 32 
0
