0 0 0 0 0 0 0 0 0 
0 0 0 0 0 0 0 0 0 0 0 0 0 0 0 0 0 0 0 0 0 0 0 0 0 0 0 0 0 0 0 0 0 0 0 0 0 0 0 0 1 0 0 0 0 0 0 0 0 0 0 0 0 0 0 0 0 0 0 0 0 0 0 0 0 0 0 0 0 0 0 0 0 0 0 0 0 0 0 0 0 
0 0 0 0 0 0 0 0 0 0 0 0 0 0 0 0 0 0 0 0 0 0 0 0 0 0 0 0 0 0 0 0 0 0 0 0 0 0 0 0 1 0 0 0 0 0 0 0 0 0 0 0 0 0 0 0 0 0 0 0 0 0 0 0 0 0 0 0 0 0 0 0 0 0 0 0 0 0 0 0 0 
1
0 0 0 0 0 0 0 0 0 
0 0 0 0 0 0 0 0 0 0 0 0 0 0 0 0 0 0 0 0 0 0 0 0 0 0 0 0 0 0 0 0 0 0 0 0 0 0 0 0 1 0 0 0 0 0 0 0 0 0 2 0 0 0 0 0 0 0 0 0 0 0 0 0 0 0 0 0 0 0 0 0 0 0 0 0 0 0 0 0 0 
0 0 0 0 0 0 0 0 0 0 0 0 0 0 0 0 0 0 0 0 0 0 0 0 0 0 0 0 0 0 0 0 0 0 0 0 0 0 0 0 1 0 0 0 0 0 0 0 0 0 2 0 0 0 0 0 0 0 0 0 0 0 0 0 0 0 0 0 0 0 0 0 0 0 0 0 0 0 0 0 0 
1
0 0 0 0 0 0 0 0 0 
0 0 0 0 0 0 0 0 0 0 0 0 0 0 0 0 0 0 0 0 0 0 0 0 0 0 0 0 0 0 0 0 0 0 0 0 0 0 0 0 1 0 0 0 0 0 0 0 0 0 2 0 0 0 0 0 0 0 0 0 0 0 0 0 0 0 0 0 0 0 0 0 0 0 0 0 0 0 0 1 0 
0 0 0 0 0 0 0 0 0 0 0 0 0 0 0 0 0 0 0 0 0 0 0 0 0 0 0 0 0 0 0 0 0 0 0 0 0 0 0 0 1 0 0 0 0 0 0 0 0 0 2 0 0 0 0 0 0 0 0 0 0 0 0 0 0 0 0 0 0 0 0 0 0 0 0 0 0 0 0 1 0 
1
0 0 0 0 0 0 0 0 0 
0 0 0 0 0 0 0 0 0 0 0 0 0 0 0 0 0 0 0 0 0 0 0 0 0 0 0 0 0 0 0 0 0 0 0 0 0 0 0 0 1 0 0 0 0 0 0 0 0 0 2 0 0 0 0 0 0 0 0 0 0 0 0 0 0 0 2 0 0 0 0 0 0 0 0 0 0 0 0 1 0 
0 0 0 0 0 0 0 0 0 0 0 0 0 0 0 0 0 0 0 0 0 0 0 0 0 0 0 0 0 0 0 0 0 0 0 0 0 0 0 0 1 0 0 0 0 0 0 0 0 0 2 0 0 0 0 0 0 0 0 0 0 0 0 0 0 0 2 0 0 0 0 0 0 0 0 0 0 0 0 1 0 
1
0 0 0 0 0 0 0 0 0 
0 0 0 0 0 0 0 0 0 0 0 0 0 0 0 0 0 0 0 0 0 0 0 0 0 0 0 0 0 0 0 0 0 0 0 0 0 0 0 0 1 0 0 0 0 0 1 0 0 0 2 0 0 0 0 0 0 0 0 0 0 0 0 0 0 0 2 0 0 0 0 0 0 0 0 0 0 0 0 1 0 
0 0 0 0 0 0 0 0 0 0 0 0 0 0 0 0 0 0 0 0 0 0 0 0 0 0 0 0 0 0 0 0 0 0 0 0 0 0 0 0 1 0 0 0 0 0 1 0 0 0 2 0 0 0 0 0 0 0 0 0 0 0 0 0 0 0 2 0 0 0 0 0 0 0 0 0 0 0 0 1 0 
1
0 0 0 0 0 0 0 0 0 
0 0 0 0 0 0 0 0 0 0 0 0 0 0 0 0 0 0 0 0 0 0 0 0 0 0 0 0 0 0 0 0 0 0 0 0 0 0 0 0 1 0 0 0 0 0 1 0 0 0 2 0 0 0 0 0 0 2 0 0 0 0 0 0 0 0 2 0 0 0 0 0 0 0 0 0 0 0 0 1 0 
0 0 0 0 0 0 0 0 0 0 0 0 0 0 0 0 0 0 0 0 0 0 0 0 0 0 0 0 0 0 0 0 0 0 0 0 0 0 0 0 1 0 0 0 0 0 1 0 0 0 2 0 0 0 0 0 0 2 0 0 0 0 0 0 0 0 2 0 0 0 0 0 0 0 0 0 0 0 0 1 0 
1
0 0 0 0 0 0 0 0 0 
0 0 0 0 0 0 0 0 0 0 0 0 0 0 0 0 0 0 0 0 1 0 0 0 0 0 0 0 0 0 0 0 0 0 0 0 0 0 0 0 1 0 0 0 0 0 1 0 0 0 2 0 0 0 0 0 0 2 0 0 0 0 0 0 0 0 2 0 0 0 0 0 0 0 0 0 0 0 0 1 0 
0 0 0 0 0 0 0 0 0 0 0 0 0 0 0 0 0 0 0 0 1 0 0 0 0 0 0 0 0 0 0 0 0 0 0 0 0 0 0 0 1 0 0 0 0 0 1 0 0 0 2 0 0 0 0 0 0 2 0 0 0 0 0 0 0 0 2 0 0 0 0 0 0 0 0 0 0 0 0 1 0 
1
0 0 0 0 0 0 0 0 0 
0 0 0 0 0 0 0 0 0 0 0 0 0 0 0 0 0 0 0 0 1 0 0 0 0 0 0 0 0 0 0 0 0 0 0 0 0 0 0 0 1 0 0 0 0 0 1 0 0 0 2 0 0 0 0 0 0 2 0 0 0 0 0 0 0 0 2 0 0 0 0 0 0 0 0 0 0 0 0 1 2 
0 0 0 0 0 0 0 0 0 0 0 0 0 0 0 0 0 0 0 0 1 0 0 0 0 0 0 0 0 0 0 0 0 0 0 0 0 0 0 0 1 0 0 0 0 0 1 0 0 0 2 0 0 0 0 0 0 2 0 0 0 0 0 0 0 0 2 0 0 0 0 0 0 0 0 0 0 0 0 1 2 
1
0 0 0 0 0 0 0 0 0 
0 0 0 0 0 0 0 0 0 0 0 0 0 0 0 0 0 0 0 0 1 0 0 0 0 0 0 0 0 0 0 0 0 0 0 0 0 0 0 0 1 0 0 0 0 0 1 0 0 0 2 0 0 0 0 0 0 2 0 0 0 1 0 0 0 0 2 0 0 0 0 0 0 0 0 0 0 0 0 1 2 
0 0 0 0 0 0 0 0 0 0 0 0 0 0 0 0 0 0 0 0 1 0 0 0 0 0 0 0 0 0 0 0 0 0 0 0 0 0 0 0 1 0 0 0 0 0 1 0 0 0 2 0 0 0 0 0 0 2 0 0 0 1 0 0 0 0 2 0 0 0 0 0 0 0 0 0 0 0 0 1 2 
1
0 0 0 0 0 0 0 0 0 
0 0 0 0 0 0 0 0 0 0 0 0 2 0 0 0 0 0 0 0 1 0 0 0 0 0 0 0 0 0 0 0 0 0 0 0 0 0 0 0 1 0 0 0 0 0 1 0 0 0 2 0 0 0 0 0 0 2 0 0 0 1 0 0 0 0 2 0 0 0 0 0 0 0 0 0 0 0 0 1 2 
0 0 0 0 0 0 0 0 0 0 0 0 2 0 0 0 0 0 0 0 1 0 0 0 0 0 0 0 0 0 0 0 0 0 0 0 0 0 0 0 1 0 0 0 0 0 1 0 0 0 2 0 0 0 0 0 0 2 0 0 0 1 0 0 0 0 2 0 0 0 0 0 0 0 0 0 0 0 0 1 2 
1
0 0 0 0 0 0 0 0 0 
0 0 0 0 0 0 0 0 0 0 0 0 2 0 0 0 0 0 0 0 1 0 0 0 0 0 0 0 1 0 0 0 0 0 0 0 0 0 0 0 1 0 0 0 0 0 1 0 0 0 2 0 0 0 0 0 0 2 0 0 0 1 0 0 0 0 2 0 0 0 0 0 0 0 0 0 0 0 0 1 2 
0 0 0 0 0 0 0 0 0 0 0 0 2 0 0 0 0 0 0 0 1 0 0 0 0 0 0 0 1 0 0 0 0 0 0 0 0 0 0 0 1 0 0 0 0 0 1 0 0 0 2 0 0 0 0 0 0 2 0 0 0 1 0 0 0 0 2 0 0 0 0 0 0 0 0 0 0 0 0 1 2 
1
0 0 0 0 0 0 0 0 0 
0 0 0 0 0 0 0 0 0 0 0 0 2 0 0 0 0 0 0 0 1 2 0 0 0 0 0 0 1 0 0 0 0 0 0 0 0 0 0 0 1 0 0 0 0 0 1 0 0 0 2 0 0 0 0 0 0 2 0 0 0 1 0 0 0 0 2 0 0 0 0 0 0 0 0 0 0 0 0 1 2 
0 0 0 0 0 0 0 0 0 0 0 0 2 0 0 0 0 0 0 0 1 2 0 0 0 0 0 0 1 0 0 0 0 0 0 0 0 0 0 0 1 0 0 0 0 0 1 0 0 0 2 0 0 0 0 0 0 2 0 0 0 1 0 0 0 0 2 0 0 0 0 0 0 0 0 0 0 0 0 1 2 
1
0 0 0 0 0 0 0 0 0 
0 0 0 0 0 0 0 0 0 0 0 0 2 0 0 0 0 0 0 0 1 2 0 0 0 0 0 0 1 0 0 0 0 0 0 0 0 0 0 0 1 0 0 0 0 0 1 0 0 0 2 0 0 0 1 0 0 2 0 0 0 1 0 0 0 0 2 0 0 0 0 0 0 0 0 0 0 0 0 1 2 
0 0 0 0 0 0 0 0 0 0 0 0 2 0 0 0 0 0 0 0 1 2 0 0 0 0 0 0 1 0 0 0 0 0 0 0 0 0 0 0 1 0 0 0 0 0 1 0 0 0 2 0 0 0 1 0 0 2 0 0 0 1 0 0 0 0 2 0 0 0 0 0 0 0 0 0 0 0 0 1 2 
1
0 0 0 0 0 0 0 0 0 
0 0 2 0 0 0 0 0 0 0 0 0 2 0 0 0 0 0 0 0 1 2 0 0 0 0 0 0 1 0 0 0 0 0 0 0 0 0 0 0 1 0 0 0 0 0 1 0 0 0 2 0 0 0 1 0 0 2 0 0 0 1 0 0 0 0 2 0 0 0 0 0 0 0 0 0 0 0 0 1 2 
0 0 2 0 0 0 0 0 0 0 0 0 2 0 0 0 0 0 0 0 1 2 0 0 0 0 0 0 1 0 0 0 0 0 0 0 0 0 0 0 1 0 0 0 0 0 1 0 0 0 2 0 0 0 1 0 0 2 0 0 0 1 0 0 0 0 2 0 0 0 0 0 0 0 0 0 0 0 0 1 2 
1
0 0 0 0 0 0 0 0 0 
0 0 2 0 0 0 0 0 0 0 0 0 2 0 0 1 0 0 0 0 1 2 0 0 0 0 0 0 1 0 0 0 0 0 0 0 0 0 0 0 1 0 0 0 0 0 1 0 0 0 2 0 0 0 1 0 0 2 0 0 0 1 0 0 0 0 2 0 0 0 0 0 0 0 0 0 0 0 0 1 2 
0 0 2 0 0 0 0 0 0 0 0 0 2 0 0 1 0 0 0 0 1 2 0 0 0 0 0 0 1 0 0 0 0 0 0 0 0 0 0 0 1 0 0 0 0 0 1 0 0 0 2 0 0 0 1 0 0 2 0 0 0 1 0 0 0 0 2 0 0 0 0 0 0 0 0 0 0 0 0 1 2 
1
0 0 0 0 0 0 0 0 0 
0 0 2 0 0 0 0 0 0 0 0 0 2 0 0 1 0 0 0 0 1 2 0 0 0 0 0 0 1 0 0 0 0 0 0 0 2 0 0 0 1 0 0 0 0 0 1 0 0 0 2 0 0 0 1 0 0 2 0 0 0 1 0 0 0 0 2 0 0 0 0 0 0 0 0 0 0 0 0 1 2 
0 0 2 0 0 0 0 0 0 0 0 0 2 0 0 1 0 0 0 0 1 2 0 0 0 0 0 0 1 0 0 0 0 0 0 0 2 0 0 0 1 0 0 0 0 0 1 0 0 0 2 0 0 0 1 0 0 2 0 0 0 1 0 0 0 0 2 0 0 0 0 0 0 0 0 0 0 0 0 1 2 
1
0 0 0 0 0 0 0 0 0 
0 0 2 0 0 0 0 0 0 0 0 0 2 0 0 1 0 0 0 0 1 2 0 0 0 0 0 0 1 0 0 0 0 0 0 0 2 0 0 0 1 0 0 0 0 1 1 0 0 0 2 0 0 0 1 0 0 2 0 0 0 1 0 0 0 0 2 0 0 0 0 0 0 0 0 0 0 0 0 1 2 
0 0 2 0 0 0 0 0 0 0 0 0 2 0 0 1 0 0 0 0 1 2 0 0 0 0 0 0 1 0 0 0 0 0 0 0 2 0 0 0 1 0 0 0 0 1 1 0 0 0 2 0 0 0 1 0 0 2 0 0 0 1 0 0 0 0 2 0 0 0 0 0 0 0 0 0 0 0 0 1 2 
1
0 0 0 0 0 0 0 0 0 
0 0 2 0 0 0 0 0 0 0 0 0 2 0 0 1 0 0 0 0 1 2 0 0 0 0 0 0 1 0 0 0 0 0 0 0 2 0 0 0 1 0 0 0 0 1 1 0 0 0 2 0 0 0 1 0 0 2 0 0 0 1 0 0 0 2 2 0 0 0 0 0 0 0 0 0 0 0 0 1 2 
0 0 2 0 0 0 0 0 0 0 0 0 2 0 0 1 0 0 0 0 1 2 0 0 0 0 0 0 1 0 0 0 0 0 0 0 2 0 0 0 1 0 0 0 0 1 1 0 0 0 2 0 0 0 1 0 0 2 0 0 0 1 0 0 0 2 2 0 0 0 0 0 0 0 0 0 0 0 0 1 2 
1
0 0 0 0 0 0 0 0 0 
0 0 2 0 0 0 0 0 0 0 0 0 2 0 0 1 0 0 0 0 1 2 0 0 0 0 0 0 1 0 0 0 0 0 0 1 2 0 0 0 1 0 0 0 0 1 1 0 0 0 2 0 0 0 1 0 0 2 0 0 0 1 0 0 0 2 2 0 0 0 0 0 0 0 0 0 0 0 0 1 2 
0 0 2 0 0 0 0 0 0 0 0 0 2 0 0 1 0 0 0 0 1 2 0 0 0 0 0 0 1 0 0 0 0 0 0 1 2 0 0 0 1 0 0 0 0 1 1 0 0 0 2 0 0 0 1 0 0 2 0 0 0 1 0 0 0 2 2 0 0 0 0 0 0 0 0 0 0 0 0 1 2 
1
0 0 0 0 0 0 0 0 0 
0 0 2 0 0 0 0 0 2 0 0 0 2 0 0 1 0 0 0 0 1 2 0 0 0 0 0 0 1 0 0 0 0 0 0 1 2 0 0 0 1 0 0 0 0 1 1 0 0 0 2 0 0 0 1 0 0 2 0 0 0 1 0 0 0 2 2 0 0 0 0 0 0 0 0 0 0 0 0 1 2 
0 0 2 0 0 0 0 0 2 0 0 0 2 0 0 1 0 0 0 0 1 2 0 0 0 0 0 0 1 0 0 0 0 0 0 1 2 0 0 0 1 0 0 0 0 1 1 0 0 0 2 0 0 0 1 0 0 2 0 0 0 1 0 0 0 2 2 0 0 0 0 0 0 0 0 0 0 0 0 1 2 
1
0 0 0 0 0 0 0 0 0 
0 0 2 0 0 0 1 0 2 0 0 0 2 0 0 1 0 0 0 0 1 2 0 0 0 0 0 0 1 0 0 0 0 0 0 1 2 0 0 0 1 0 0 0 0 1 1 0 0 0 2 0 0 0 1 0 0 2 0 0 0 1 0 0 0 2 2 0 0 0 0 0 0 0 0 0 0 0 0 1 2 
0 0 2 0 0 0 1 0 2 0 0 0 2 0 0 1 0 0 0 0 1 2 0 0 0 0 0 0 1 0 0 0 0 0 0 1 2 0 0 0 1 0 0 0 0 1 1 0 0 0 2 0 0 0 1 0 0 2 0 0 0 1 0 0 0 2 2 0 0 0 0 0 0 0 0 0 0 0 0 1 2 
1
0 0 0 0 0 0 0 0 0 
0 2 2 0 0 0 1 0 2 0 0 0 2 0 0 1 0 0 0 0 1 2 0 0 0 0 0 0 1 0 0 0 0 0 0 1 2 0 0 0 1 0 0 0 0 1 1 0 0 0 2 0 0 0 1 0 0 2 0 0 0 1 0 0 0 2 2 0 0 0 0 0 0 0 0 0 0 0 0 1 2 
0 2 2 0 0 0 1 0 2 0 0 0 2 0 0 1 0 0 0 0 1 2 0 0 0 0 0 0 1 0 0 0 0 0 0 1 2 0 0 0 1 0 0 0 0 1 1 0 0 0 2 0 0 0 1 0 0 2 0 0 0 1 0 0 0 2 2 0 0 0 0 0 0 0 0 0 0 0 0 1 2 
1
0 0 0 0 0 0 0 0 0 
0 2 2 0 0 0 1 0 2 0 0 0 2 0 0 1 0 0 0 0 1 2 1 0 0 0 0 0 1 0 0 0 0 0 0 1 2 0 0 0 1 0 0 0 0 1 1 0 0 0 2 0 0 0 1 0 0 2 0 0 0 1 0 0 0 2 2 0 0 0 0 0 0 0 0 0 0 0 0 1 2 
0 2 2 0 0 0 1 0 2 0 0 0 2 0 0 1 0 0 0 0 1 2 1 0 0 0 0 0 1 0 0 0 0 0 0 1 2 0 0 0 1 0 0 0 0 1 1 0 0 0 2 0 0 0 1 0 0 2 0 0 0 1 0 0 0 2 2 0 0 0 0 0 0 0 0 0 0 0 0 1 2 
1
0 0 0 0 0 0 0 2 0 
0 2 2 0 0 0 1 0 2 0 0 0 2 0 0 1 0 0 0 0 1 2 1 0 0 0 0 0 1 0 0 0 0 0 0 1 2 0 0 0 1 0 0 0 0 1 1 0 0 0 2 0 0 0 1 0 0 2 0 0 0 1 0 0 0 2 2 0 0 0 0 0 0 0 0 2 0 0 0 1 2 
0 2 2 0 0 0 1 0 2 0 0 0 2 0 0 1 0 0 0 0 1 2 1 0 0 0 0 0 1 0 0 0 0 0 0 1 2 0 0 0 1 0 0 0 0 1 1 0 0 0 2 0 0 0 1 0 0 34 32 32 0 1 0 0 0 2 34 32 32 0 0 0 0 0 0 34 32 32 0 1 2 
1
0 0 0 0 0 0 0 2 0 
0 2 2 0 0 0 1 0 2 0 0 0 2 0 0 1 0 0 0 0 1 2 1 0 0 0 0 0 1 0 0 0 0 0 0 1 2 0 0 0 1 0 0 0 0 1 1 0 0 0 2 0 0 0 1 0 0 2 0 0 0 1 0 0 0 2 2 0 0 0 0 0 0 0 1 2 0 0 0 1 2 
0 2 2 0 0 0 1 0 2 0 0 0 2 0 0 1 0 0 0 0 1 2 1 0 0 0 0 0 1 0 0 0 0 0 0 1 2 0 0 0 1 0 0 0 0 1 1 0 0 0 2 0 0 0 1 0 0 34 32 32 0 1 0 0 0 2 34 32 32 0 0 0 0 0 1 34 32 32 0 1 2 
1
0 0 0 0 0 0 0 2 0 
0 2 2 0 0 0 1 0 2 0 0 0 2 0 0 1 0 0 0 0 1 2 1 0 0 0 0 0 1 0 0 0 0 0 0 1 2 0 0 0 1 0 0 0 0 1 1 0 0 0 2 0 0 0 1 0 0 2 0 0 0 1 0 0 0 2 2 0 0 0 0 2 0 0 1 2 0 0 0 1 2 
0 2 2 0 0 0 1 0 2 0 0 0 2 0 0 1 0 0 0 0 1 2 1 0 0 0 0 0 1 0 0 0 0 0 0 1 2 0 0 0 1 0 0 0 0 1 1 0 0 0 2 0 0 0 1 0 0 34 32 32 0 1 0 0 0 2 34 32 32 0 0 2 0 0 1 34 32 32 0 1 2 
1
0 0 0 0 0 0 0 2 0 
0 2 2 0 0 0 1 0 2 0 0 0 2 0 0 1 0 0 0 0 1 2 1 0 0 0 0 0 1 0 0 0 0 0 0 1 2 0 0 0 1 0 1 0 0 1 1 0 0 0 2 0 0 0 1 0 0 2 0 0 0 1 0 0 0 2 2 0 0 0 0 2 0 0 1 2 0 0 0 1 2 
0 2 2 0 0 0 1 0 2 0 0 0 2 0 0 1 0 0 0 0 1 2 1 0 0 0 0 0 1 0 0 0 0 0 0 1 2 0 0 0 1 0 1 0 0 1 1 0 0 0 2 0 0 0 1 0 0 34 32 32 0 1 0 0 0 2 34 32 32 0 0 2 0 0 1 34 32 32 0 1 2 
1
0 0 0 0 0 0 0 2 0 
0 2 2 0 0 0 1 0 2 0 0 0 2 0 0 1 0 0 0 0 1 2 1 0 0 0 0 0 1 0 0 0 0 0 0 1 2 0 2 0 1 0 1 0 0 1 1 0 0 0 2 0 0 0 1 0 0 2 0 0 0 1 0 0 0 2 2 0 0 0 0 2 0 0 1 2 0 0 0 1 2 
0 2 2 0 0 0 1 0 2 0 0 0 2 0 0 1 0 0 0 0 1 2 1 0 0 0 0 0 1 0 0 0 0 0 0 1 2 0 2 0 1 0 1 0 0 1 1 0 0 0 2 0 0 0 1 0 0 34 32 32 0 1 0 0 0 2 34 32 32 0 0 2 0 0 1 34 32 32 0 1 2 
1
0 0 0 0 0 0 0 2 0 
0 2 2 0 0 0 1 0 2 0 0 0 2 0 0 1 0 0 0 0 1 2 1 0 0 0 0 0 1 0 0 0 0 0 0 1 2 0 2 0 1 0 1 0 1 1 1 0 0 0 2 0 0 0 1 0 0 2 0 0 0 1 0 0 0 2 2 0 0 0 0 2 0 0 1 2 0 0 0 1 2 
0 2 2 0 0 0 1 0 2 0 0 0 2 0 0 1 0 0 0 0 1 2 1 0 0 0 0 0 1 0 0 0 0 0 0 1 2 0 2 0 1 0 1 0 1 1 1 0 0 0 2 0 0 0 1 0 0 34 32 32 0 1 0 0 0 2 34 32 32 0 0 2 0 0 1 34 32 32 0 1 2 
1
0 0 0 0 0 0 0 2 0 
0 2 2 0 0 0 1 0 2 0 0 0 2 0 0 1 0 0 0 0 1 2 1 0 0 0 0 0 1 0 0 0 0 0 0 1 2 0 2 0 1 0 1 0 1 1 1 0 0 0 2 2 0 0 1 0 0 2 0 0 0 1 0 0 0 2 2 0 0 0 0 2 0 0 1 2 0 0 0 1 2 
0 2 2 0 0 0 1 0 2 0 0 0 2 0 0 1 0 0 0 0 1 2 1 0 0 0 0 0 1 0 0 0 0 0 0 1 2 0 2 0 1 0 1 0 1 1 1 0 0 0 2 2 0 0 1 0 0 34 32 32 0 1 0 0 0 2 34 32 32 0 0 2 0 0 1 34 32 32 0 1 2 
1
0 0 0 0 0 0 1 2 0 
0 2 2 0 0 0 1 0 2 0 0 0 2 0 0 1 0 0 0 0 1 2 1 0 0 0 0 0 1 0 0 0 0 0 0 1 2 0 2 0 1 0 1 0 1 1 1 0 0 0 2 2 0 0 1 0 0 2 0 0 0 1 0 0 1 2 2 0 0 0 0 2 0 0 1 2 0 0 0 1 2 
0 2 2 0 0 0 1 0 2 0 0 0 2 0 0 1 0 0 0 0 1 2 1 0 0 0 0 0 1 0 0 0 0 0 0 1 2 0 2 0 1 0 1 0 1 1 1 0 0 0 2 2 0 0 17 16 16 34 32 32 0 1 0 16 17 18 34 32 32 0 0 2 16 16 17 34 32 32 0 1 2 
1
0 0 0 0 0 0 1 2 0 
0 2 2 0 0 0 1 0 2 0 0 0 2 0 0 1 0 0 0 0 1 2 1 0 0 0 0 0 1 0 0 0 0 0 0 1 2 0 2 0 1 2 1 0 1 1 1 0 0 0 2 2 0 0 1 0 0 2 0 0 0 1 0 0 1 2 2 0 0 0 0 2 0 0 1 2 0 0 0 1 2 
0 2 2 0 0 0 1 0 2 0 0 0 2 0 0 1 0 0 0 0 1 2 1 0 0 0 0 0 1 0 0 0 0 0 0 1 2 0 2 0 1 2 1 0 1 1 1 0 0 0 2 2 0 0 17 16 16 34 32 32 0 1 0 16 17 18 34 32 32 0 0 2 16 16 17 34 32 32 0 1 2 
1
0 0 0 0 0 0 1 2 0 
0 2 2 0 0 0 1 0 2 0 0 0 2 0 0 1 0 0 0 0 1 2 1 0 0 0 0 0 1 0 0 0 0 1 0 1 2 0 2 0 1 2 1 0 1 1 1 0 0 0 2 2 0 0 1 0 0 2 0 0 0 1 0 0 1 2 2 0 0 0 0 2 0 0 1 2 0 0 0 1 2 
0 2 2 0 0 0 1 0 2 0 0 0 2 0 0 1 0 0 0 0 1 2 1 0 0 0 0 0 1 0 0 0 0 1 0 1 2 0 2 0 1 2 1 0 1 1 1 0 0 0 2 2 0 0 17 16 16 34 32 32 0 1 0 16 17 18 34 32 32 0 0 2 16 16 17 34 32 32 0 1 2 
1
2 0 0 0 0 0 1 2 0 
2 2 2 0 0 0 1 0 2 0 0 0 2 0 0 1 0 0 0 0 1 2 1 0 0 0 0 0 1 0 0 0 0 1 0 1 2 0 2 0 1 2 1 0 1 1 1 0 0 0 2 2 0 0 1 0 0 2 0 0 0 1 0 0 1 2 2 0 0 0 0 2 0 0 1 2 0 0 0 1 2 
34 34 34 0 0 0 1 0 2 32 32 32 2 0 0 1 0 0 32 32 33 2 1 0 0 0 0 0 1 0 0 0 0 1 0 1 2 0 2 0 1 2 1 0 1 1 1 0 0 0 2 2 0 0 17 16 16 34 32 32 0 1 0 16 17 18 34 32 32 0 0 2 16 16 17 34 32 32 0 1 2 
1
2 0 0 0 0 0 1 2 0 
2 2 2 0 0 0 1 0 2 0 0 0 2 0 0 1 0 0 0 0 1 2 1 0 0 0 0 0 1 0 0 0 1 1 0 1 2 0 2 0 1 2 1 0 1 1 1 0 0 0 2 2 0 0 1 0 0 2 0 0 0 1 0 0 1 2 2 0 0 0 0 2 0 0 1 2 0 0 0 1 2 
34 34 34 0 0 0 1 0 2 32 32 32 2 0 0 1 0 0 32 32 33 2 1 0 0 0 0 0 1 0 0 0 1 1 0 1 2 0 2 0 1 2 1 0 1 1 1 0 0 0 2 2 0 0 17 16 16 34 32 32 0 1 0 16 17 18 34 32 32 0 0 2 16 16 17 34 32 32 0 1 2 
1
2 0 0 0 0 0 1 2 0 
2 2 2 0 0 0 1 0 2 0 0 0 2 0 0 1 0 0 0 0 1 2 1 0 2 0 0 0 1 0 0 0 1 1 0 1 2 0 2 0 1 2 1 0 1 1 1 0 0 0 2 2 0 0 1 0 0 2 0 0 0 1 0 0 1 2 2 0 0 0 0 2 0 0 1 2 0 0 0 1 2 
34 34 34 0 0 0 1 0 2 32 32 32 2 0 0 1 0 0 32 32 33 2 1 0 2 0 0 0 1 0 0 0 1 1 0 1 2 0 2 0 1 2 1 0 1 1 1 0 0 0 2 2 0 0 17 16 16 34 32 32 0 1 0 16 17 18 34 32 32 0 0 2 16 16 17 34 32 32 0 1 2 
1
2 0 0 0 0 0 1 2 0 
2 2 2 0 0 0 1 0 2 0 0 0 2 0 0 1 1 0 0 0 1 2 1 0 2 0 0 0 1 0 0 0 1 1 0 1 2 0 2 0 1 2 1 0 1 1 1 0 0 0 2 2 0 0 1 0 0 2 0 0 0 1 0 0 1 2 2 0 0 0 0 2 0 0 1 2 0 0 0 1 2 
34 34 34 0 0 0 1 0 2 32 32 32 2 0 0 1 1 0 32 32 33 2 1 0 2 0 0 0 1 0 0 0 1 1 0 1 2 0 2 0 1 2 1 0 1 1 1 0 0 0 2 2 0 0 17 16 16 34 32 32 0 1 0 16 17 18 34 32 32 0 0 2 16 16 17 34 32 32 0 1 2 
1
2 0 0 0 0 0 1 2 0 
2 2 2 0 0 0 1 0 2 0 0 0 2 0 0 1 1 0 0 0 1 2 1 0 2 0 0 0 1 0 0 0 1 1 0 1 2 0 2 0 1 2 1 0 1 1 1 0 2 0 2 2 0 0 1 0 0 2 0 0 0 1 0 0 1 2 2 0 0 0 0 2 0 0 1 2 0 0 0 1 2 
34 34 34 0 0 0 1 0 2 32 32 32 2 0 0 1 1 0 32 32 33 2 1 0 2 0 0 0 1 0 0 0 1 1 0 1 2 0 2 0 1 2 1 0 1 1 1 0 2 0 2 2 0 0 17 16 16 34 32 32 0 1 0 16 17 18 34 32 32 0 0 2 16 16 17 34 32 32 0 1 2 
1
2 0 1 0 0 0 1 2 0 
2 2 2 0 0 0 1 0 2 0 0 0 2 0 0 1 1 1 0 0 1 2 1 0 2 0 0 0 1 0 0 0 1 1 0 1 2 0 2 0 1 2 1 0 1 1 1 0 2 0 2 2 0 0 1 0 0 2 0 0 0 1 0 0 1 2 2 0 0 0 0 2 0 0 1 2 0 0 0 1 2 
34 34 34 0 0 0 17 16 18 32 32 32 2 0 0 17 17 17 32 32 33 2 1 0 18 16 16 0 1 0 0 0 1 1 0 1 2 0 2 0 1 2 1 0 1 1 1 0 2 0 2 2 0 0 17 16 16 34 32 32 0 1 0 16 17 18 34 32 32 0 0 2 16 16 17 34 32 32 0 1 2 
1
2 0 1 0 0 0 1 2 0 
2 2 2 0 0 0 1 0 2 0 0 0 2 0 0 1 1 1 0 0 1 2 1 0 2 0 0 0 1 0 0 0 1 1 0 1 2 0 2 0 1 2 1 0 1 1 1 0 2 0 2 2 2 0 1 0 0 2 0 0 0 1 0 0 1 2 2 0 0 0 0 2 0 0 1 2 0 0 0 1 2 
34 34 34 0 0 0 17 16 18 32 32 32 2 0 0 17 17 17 32 32 33 2 1 0 18 16 16 0 1 0 0 0 1 1 0 1 2 0 2 0 1 2 1 0 1 1 1 0 2 0 2 2 2 0 17 16 16 34 32 32 0 1 0 16 17 18 34 32 32 0 0 2 16 16 17 34 32 32 0 1 2 
1
2 0 1 0 0 0 1 2 1 
2 2 2 0 0 0 1 0 2 0 0 0 2 0 0 1 1 1 0 0 1 2 1 0 2 0 0 0 1 0 0 0 1 1 0 1 2 0 2 0 1 2 1 0 1 1 1 0 2 0 2 2 2 0 1 0 0 2 0 0 0 1 0 0 1 2 2 0 0 0 1 2 0 0 1 2 0 0 0 1 2 
34 34 34 0 0 0 17 16 18 32 32 32 2 0 0 17 17 17 32 32 33 2 1 0 18 16 16 0 1 0 0 0 1 1 0 1 2 0 2 0 1 2 1 0 1 1 1 0 2 0 2 2 2 0 17 16 16 34 32 32 16 17 16 16 17 18 34 32 32 16 17 18 16 16 17 34 32 32 16 17 18 
1
2 0 1 0 0 0 1 2 1 
2 2 2 0 0 0 1 0 2 0 0 0 2 0 0 1 1 1 0 0 1 2 1 0 2 0 0 0 1 0 2 0 1 1 0 1 2 0 2 0 1 2 1 0 1 1 1 0 2 0 2 2 2 0 1 0 0 2 0 0 0 1 0 0 1 2 2 0 0 0 1 2 0 0 1 2 0 0 0 1 2 
34 34 34 0 0 0 17 16 18 32 32 32 2 0 0 17 17 17 32 32 33 2 1 0 18 16 16 0 1 0 2 0 1 1 0 1 2 0 2 0 1 2 1 0 1 1 1 0 2 0 2 2 2 0 17 16 16 34 32 32 16 17 16 16 17 18 34 32 32 16 17 18 16 16 17 34 32 32 16 17 18 
1
2 0 1 0 0 1 1 2 1 
2 2 2 0 0 0 1 0 2 0 0 0 2 0 0 1 1 1 0 0 1 2 1 0 2 0 0 0 1 0 2 0 1 1 0 1 2 0 2 0 1 2 1 1 1 1 1 0 2 0 2 2 2 0 1 0 0 2 0 0 0 1 0 0 1 2 2 0 0 0 1 2 0 0 1 2 0 0 0 1 2 
34 34 34 0 0 0 17 16 18 32 32 32 2 0 0 17 17 17 32 32 33 2 1 0 18 16 16 0 1 0 2 0 1 17 16 17 2 0 2 0 1 2 17 17 17 1 1 0 2 0 2 18 18 16 17 16 16 34 32 32 16 17 16 16 17 18 34 32 32 16 17 18 16 16 17 34 32 32 16 17 18 
1
2 0 1 0 0 1 1 2 1 
2 2 2 0 0 0 1 0 2 0 0 0 2 0 0 1 1 1 0 0 1 2 1 0 2 0 0 0 1 0 2 0 1 1 0 1 2 0 2 0 1 2 1 1 1 1 1 0 2 0 2 2 2 0 1 0 0 2 0 0 0 1 0 0 1 2 2 0 0 0 1 2 0 0 1 2 0 0 0 1 2 
34 34 34 0 0 0 17 16 18 32 32 32 2 0 0 17 17 17 32 32 33 2 1 0 18 16 16 0 1 0 2 0 1 17 16 17 2 0 2 0 1 2 17 17 17 1 1 0 2 0 2 18 18 16 17 16 16 34 32 32 16 17 16 16 17 18 34 32 32 16 17 18 16 16 17 34 32 32 16 17 18 
1
