0 0 0 0 0 0 0 0 0 
0 0 0 0 0 0 0 0 0 0 1 0 0 0 0 0 0 0 0 0 0 0 0 0 0 0 0 0 0 0 0 0 0 0 0 0 0 0 0 0 0 0 0 0 0 0 0 0 0 0 0 0 0 0 0 0 0 0 0 0 0 0 0 0 0 0 0 0 0 0 0 0 0 0 0 0 0 0 0 0 0 
0 0 0 0 0 0 0 0 0 0 1 0 0 0 0 0 0 0 0 0 0 0 0 0 0 0 0 0 0 0 0 0 0 0 0 0 0 0 0 0 0 0 0 0 0 0 0 0 0 0 0 0 0 0 0 0 0 0 0 0 0 0 0 0 0 0 0 0 0 0 0 0 0 0 0 0 0 0 0 0 0 
0
0 0 0 0 0 0 0 0 0 
0 0 0 0 0 0 0 0 0 0 1 0 0 0 0 0 0 0 0 0 0 0 0 0 0 0 0 0 0 0 0 0 0 0 0 0 0 0 0 0 2 0 0 0 0 0 0 0 0 0 0 0 0 0 0 0 0 0 0 0 0 0 0 0 0 0 0 0 0 0 0 0 0 0 0 0 0 0 0 0 0 
0 0 0 0 0 0 0 0 0 0 1 0 0 0 0 0 0 0 0 0 0 0 0 0 0 0 0 0 0 0 0 0 0 0 0 0 0 0 0 0 2 0 0 0 0 0 0 0 0 0 0 0 0 0 0 0 0 0 0 0 0 0 0 0 0 0 0 0 0 0 0 0 0 0 0 0 0 0 0 0 0 
0
0 0 0 0 0 0 0 0 0 
0 0 0 0 0 0 0 0 0 0 1 0 0 0 0 0 0 0 0 0 0 0 0 0 0 0 0 0 0 0 0 0 0 0 0 0 0 0 0 0 2 0 0 0 0 0 0 0 1 0 0 0 0 0 0 0 0 0 0 0 0 0 0 0 0 0 0 0 0 0 0 0 0 0 0 0 0 0 0 0 0 
0 0 0 0 0 0 0 0 0 0 1 0 0 0 0 0 0 0 0 0 0 0 0 0 0 0 0 0 0 0 0 0 0 0 0 0 0 0 0 0 2 0 0 0 0 0 0 0 1 0 0 0 0 0 0 0 0 0 0 0 0 0 0 0 0 0 0 0 0 0 0 0 0 0 0 0 0 0 0 0 0 
0
0 0 0 0 0 0 0 0 0 
0 0 0 0 0 0 0 0 0 0 1 0 0 0 0 0 0 0 0 0 0 0 0 0 0 0 0 0 0 0 0 0 0 0 0 0 0 0 0 0 2 0 0 0 0 0 0 0 1 0 0 0 0 0 0 0 0 0 0 0 0 0 0 2 0 0 0 0 0 0 0 0 0 0 0 0 0 0 0 0 0 
0 0 0 0 0 0 0 0 0 0 1 0 0 0 0 0 0 0 0 0 0 0 0 0 0 0 0 0 0 0 0 0 0 0 0 0 0 0 0 0 2 0 0 0 0 0 0 0 1 0 0 0 0 0 0 0 0 0 0 0 0 0 0 2 0 0 0 0 0 0 0 0 0 0 0 0 0 0 0 0 0 
0
0 0 0 0 0 0 0 0 0 
0 0 0 0 0 0 0 0 0 0 1 0 0 0 0 0 0 0 0 0 0 0 0 0 0 0 0 0 0 0 0 0 0 0 0 0 0 1 0 0 2 0 0 0 0 0 0 0 1 0 0 0 0 0 0 0 0 0 0 0 0 0 0 2 0 0 0 0 0 0 0 0 0 0 0 0 0 0 0 0 0 
0 0 0 0 0 0 0 0 0 0 1 0 0 0 0 0 0 0 0 0 0 0 0 0 0 0 0 0 0 0 0 0 0 0 0 0 0 1 0 0 2 0 0 0 0 0 0 0 1 0 0 0 0 0 0 0 0 0 0 0 0 0 0 2 0 0 0 0 0 0 0 0 0 0 0 0 0 0 0 0 0 
0
0 0 0 0 0 0 0 0 0 
0 0 0 0 0 0 0 0 0 0 1 0 0 0 0 0 0 0 0 0 0 0 0 0 0 0 0 0 0 0 0 0 0 0 0 0 0 1 0 0 2 2 0 0 0 0 0 0 1 0 0 0 0 0 0 0 0 0 0 0 0 0 0 2 0 0 0 0 0 0 0 0 0 0 0 0 0 0 0 0 0 
0 0 0 0 0 0 0 0 0 0 1 0 0 0 0 0 0 0 0 0 0 0 0 0 0 0 0 0 0 0 0 0 0 0 0 0 0 1 0 0 2 2 0 0 0 0 0 0 1 0 0 0 0 0 0 0 0 0 0 0 0 0 0 2 0 0 0 0 0 0 0 0 0 0 0 0 0 0 0 0 0 
0
0 0 0 0 0 0 0 0 0 
0 0 0 0 0 0 0 0 0 0 1 0 0 0 0 0 0 0 0 0 0 0 0 0 0 0 0 0 0 0 0 0 0 1 0 0 0 1 0 0 2 2 0 0 0 0 0 0 1 0 0 0 0 0 0 0 0 0 0 0 0 0 0 2 0 0 0 0 0 0 0 0 0 0 0 0 0 0 0 0 0 
0 0 0 0 0 0 0 0 0 0 1 0 0 0 0 0 0 0 0 0 0 0 0 0 0 0 0 0 0 0 0 0 0 1 0 0 0 1 0 0 2 2 0 0 0 0 0 0 1 0 0 0 0 0 0 0 0 0 0 0 0 0 0 2 0 0 0 0 0 0 0 0 0 0 0 0 0 0 0 0 0 
0
0 0 0 0 0 0 0 0 0 
2 0 0 0 0 0 0 0 0 0 1 0 0 0 0 0 0 0 0 0 0 0 0 0 0 0 0 0 0 0 0 0 0 1 0 0 0 1 0 0 2 2 0 0 0 0 0 0 1 0 0 0 0 0 0 0 0 0 0 0 0 0 0 2 0 0 0 0 0 0 0 0 0 0 0 0 0 0 0 0 0 
2 0 0 0 0 0 0 0 0 0 1 0 0 0 0 0 0 0 0 0 0 0 0 0 0 0 0 0 0 0 0 0 0 1 0 0 0 1 0 0 2 2 0 0 0 0 0 0 1 0 0 0 0 0 0 0 0 0 0 0 0 0 0 2 0 0 0 0 0 0 0 0 0 0 0 0 0 0 0 0 0 
0
0 0 0 0 0 0 0 0 0 
2 0 0 0 0 0 0 0 0 0 1 0 0 0 0 0 0 0 1 0 0 0 0 0 0 0 0 0 0 0 0 0 0 1 0 0 0 1 0 0 2 2 0 0 0 0 0 0 1 0 0 0 0 0 0 0 0 0 0 0 0 0 0 2 0 0 0 0 0 0 0 0 0 0 0 0 0 0 0 0 0 
2 0 0 0 0 0 0 0 0 0 1 0 0 0 0 0 0 0 1 0 0 0 0 0 0 0 0 0 0 0 0 0 0 1 0 0 0 1 0 0 2 2 0 0 0 0 0 0 1 0 0 0 0 0 0 0 0 0 0 0 0 0 0 2 0 0 0 0 0 0 0 0 0 0 0 0 0 0 0 0 0 
0
0 0 0 0 0 0 0 0 0 
2 0 0 0 0 0 0 0 0 0 1 0 0 0 0 0 0 0 1 0 0 0 0 0 0 0 0 0 0 0 0 0 0 1 0 0 0 1 0 0 2 2 0 0 0 0 0 0 1 0 0 0 0 0 0 0 0 0 0 0 0 0 0 2 0 0 0 0 0 0 0 0 2 0 0 0 0 0 0 0 0 
2 0 0 0 0 0 0 0 0 0 1 0 0 0 0 0 0 0 1 0 0 0 0 0 0 0 0 0 0 0 0 0 0 1 0 0 0 1 0 0 2 2 0 0 0 0 0 0 1 0 0 0 0 0 0 0 0 0 0 0 0 0 0 2 0 0 0 0 0 0 0 0 2 0 0 0 0 0 0 0 0 
0
0 0 0 0 0 0 0 0 0 
2 0 0 0 0 0 0 0 0 0 1 0 0 0 0 0 0 0 1 0 0 0 0 0 0 0 0 0 0 0 0 0 0 1 0 0 0 1 0 0 2 2 0 0 0 0 0 0 1 0 0 0 0 0 1 0 0 0 0 0 0 0 0 2 0 0 0 0 0 0 0 0 2 0 0 0 0 0 0 0 0 
2 0 0 0 0 0 0 0 0 0 1 0 0 0 0 0 0 0 1 0 0 0 0 0 0 0 0 0 0 0 0 0 0 1 0 0 0 1 0 0 2 2 0 0 0 0 0 0 1 0 0 0 0 0 1 0 0 0 0 0 0 0 0 2 0 0 0 0 0 0 0 0 2 0 0 0 0 0 0 0 0 
0
0 0 0 0 0 0 0 0 0 
2 0 2 0 0 0 0 0 0 0 1 0 0 0 0 0 0 0 1 0 0 0 0 0 0 0 0 0 0 0 0 0 0 1 0 0 0 1 0 0 2 2 0 0 0 0 0 0 1 0 0 0 0 0 1 0 0 0 0 0 0 0 0 2 0 0 0 0 0 0 0 0 2 0 0 0 0 0 0 0 0 
2 0 2 0 0 0 0 0 0 0 1 0 0 0 0 0 0 0 1 0 0 0 0 0 0 0 0 0 0 0 0 0 0 1 0 0 0 1 0 0 2 2 0 0 0 0 0 0 1 0 0 0 0 0 1 0 0 0 0 0 0 0 0 2 0 0 0 0 0 0 0 0 2 0 0 0 0 0 0 0 0 
0
0 0 0 0 0 0 0 0 0 
2 0 2 0 0 0 0 0 1 0 1 0 0 0 0 0 0 0 1 0 0 0 0 0 0 0 0 0 0 0 0 0 0 1 0 0 0 1 0 0 2 2 0 0 0 0 0 0 1 0 0 0 0 0 1 0 0 0 0 0 0 0 0 2 0 0 0 0 0 0 0 0 2 0 0 0 0 0 0 0 0 
2 0 2 0 0 0 0 0 1 0 1 0 0 0 0 0 0 0 1 0 0 0 0 0 0 0 0 0 0 0 0 0 0 1 0 0 0 1 0 0 2 2 0 0 0 0 0 0 1 0 0 0 0 0 1 0 0 0 0 0 0 0 0 2 0 0 0 0 0 0 0 0 2 0 0 0 0 0 0 0 0 
0
0 0 0 0 0 0 0 0 0 
2 0 2 0 0 0 0 0 1 0 1 0 0 0 0 2 0 0 1 0 0 0 0 0 0 0 0 0 0 0 0 0 0 1 0 0 0 1 0 0 2 2 0 0 0 0 0 0 1 0 0 0 0 0 1 0 0 0 0 0 0 0 0 2 0 0 0 0 0 0 0 0 2 0 0 0 0 0 0 0 0 
2 0 2 0 0 0 0 0 1 0 1 0 0 0 0 2 0 0 1 0 0 0 0 0 0 0 0 0 0 0 0 0 0 1 0 0 0 1 0 0 2 2 0 0 0 0 0 0 1 0 0 0 0 0 1 0 0 0 0 0 0 0 0 2 0 0 0 0 0 0 0 0 2 0 0 0 0 0 0 0 0 
0
0 0 0 0 0 0 0 0 0 
2 0 2 0 0 0 0 0 1 0 1 0 0 0 0 2 0 0 1 0 0 0 0 0 0 0 0 0 0 0 0 0 0 1 0 0 0 1 0 0 2 2 0 0 0 0 1 0 1 0 0 0 0 0 1 0 0 0 0 0 0 0 0 2 0 0 0 0 0 0 0 0 2 0 0 0 0 0 0 0 0 
2 0 2 0 0 0 0 0 1 0 1 0 0 0 0 2 0 0 1 0 0 0 0 0 0 0 0 0 0 0 0 0 0 1 0 0 0 1 0 0 2 2 0 0 0 0 1 0 1 0 0 0 0 0 1 0 0 0 0 0 0 0 0 2 0 0 0 0 0 0 0 0 2 0 0 0 0 0 0 0 0 
0
0 0 0 0 0 0 0 0 0 
2 0 2 0 0 0 0 0 1 0 1 0 0 0 0 2 0 0 1 0 0 0 0 0 0 0 0 0 0 0 0 0 0 1 0 0 0 1 0 0 2 2 0 0 0 0 1 0 1 0 0 0 0 0 1 0 0 0 2 0 0 0 0 2 0 0 0 0 0 0 0 0 2 0 0 0 0 0 0 0 0 
2 0 2 0 0 0 0 0 1 0 1 0 0 0 0 2 0 0 1 0 0 0 0 0 0 0 0 0 0 0 0 0 0 1 0 0 0 1 0 0 2 2 0 0 0 0 1 0 1 0 0 0 0 0 1 0 0 0 2 0 0 0 0 2 0 0 0 0 0 0 0 0 2 0 0 0 0 0 0 0 0 
0
0 0 0 0 0 0 0 0 0 
2 0 2 0 0 1 0 0 1 0 1 0 0 0 0 2 0 0 1 0 0 0 0 0 0 0 0 0 0 0 0 0 0 1 0 0 0 1 0 0 2 2 0 0 0 0 1 0 1 0 0 0 0 0 1 0 0 0 2 0 0 0 0 2 0 0 0 0 0 0 0 0 2 0 0 0 0 0 0 0 0 
2 0 2 0 0 1 0 0 1 0 1 0 0 0 0 2 0 0 1 0 0 0 0 0 0 0 0 0 0 0 0 0 0 1 0 0 0 1 0 0 2 2 0 0 0 0 1 0 1 0 0 0 0 0 1 0 0 0 2 0 0 0 0 2 0 0 0 0 0 0 0 0 2 0 0 0 0 0 0 0 0 
0
0 0 0 0 0 0 0 0 0 
2 0 2 0 0 1 0 0 1 0 1 0 0 0 0 2 0 2 1 0 0 0 0 0 0 0 0 0 0 0 0 0 0 1 0 0 0 1 0 0 2 2 0 0 0 0 1 0 1 0 0 0 0 0 1 0 0 0 2 0 0 0 0 2 0 0 0 0 0 0 0 0 2 0 0 0 0 0 0 0 0 
2 0 2 0 0 1 0 0 1 0 1 0 0 0 0 2 0 2 1 0 0 0 0 0 0 0 0 0 0 0 0 0 0 1 0 0 0 1 0 0 2 2 0 0 0 0 1 0 1 0 0 0 0 0 1 0 0 0 2 0 0 0 0 2 0 0 0 0 0 0 0 0 2 0 0 0 0 0 0 0 0 
0
0 0 0 0 0 0 0 0 0 
2 0 2 0 0 1 0 0 1 0 1 0 0 0 0 2 0 2 1 0 0 0 0 0 0 0 0 0 0 0 0 0 0 1 0 0 0 1 0 0 2 2 0 0 0 0 1 0 1 0 0 0 0 1 1 0 0 0 2 0 0 0 0 2 0 0 0 0 0 0 0 0 2 0 0 0 0 0 0 0 0 
2 0 2 0 0 1 0 0 1 0 1 0 0 0 0 2 0 2 1 0 0 0 0 0 0 0 0 0 0 0 0 0 0 1 0 0 0 1 0 0 2 2 0 0 0 0 1 0 1 0 0 0 0 1 1 0 0 0 2 0 0 0 0 2 0 0 0 0 0 0 0 0 2 0 0 0 0 0 0 0 0 
0
0 0 0 0 0 0 0 0 0 
2 0 2 0 0 1 0 0 1 0 1 0 0 0 0 2 0 2 1 0 0 0 0 0 0 0 0 0 0 0 0 0 0 1 0 0 0 1 0 0 2 2 0 0 0 0 1 0 1 0 0 0 0 1 1 0 0 0 2 0 0 0 0 2 0 0 0 0 0 0 0 0 2 0 0 0 0 0 0 2 0 
2 0 2 0 0 1 0 0 1 0 1 0 0 0 0 2 0 2 1 0 0 0 0 0 0 0 0 0 0 0 0 0 0 1 0 0 0 1 0 0 2 2 0 0 0 0 1 0 1 0 0 0 0 1 1 0 0 0 2 0 0 0 0 2 0 0 0 0 0 0 0 0 2 0 0 0 0 0 0 2 0 
0
0 0 0 0 0 0 0 0 0 
2 0 2 0 0 1 0 0 1 0 1 0 0 0 0 2 0 2 1 0 0 0 0 0 0 0 0 0 0 0 0 0 0 1 0 0 0 1 0 0 2 2 0 0 0 0 1 0 1 0 0 0 0 1 1 0 0 0 2 0 0 0 0 2 0 0 0 0 0 0 0 0 2 0 0 0 1 0 0 2 0 
2 0 2 0 0 1 0 0 1 0 1 0 0 0 0 2 0 2 1 0 0 0 0 0 0 0 0 0 0 0 0 0 0 1 0 0 0 1 0 0 2 2 0 0 0 0 1 0 1 0 0 0 0 1 1 0 0 0 2 0 0 0 0 2 0 0 0 0 0 0 0 0 2 0 0 0 1 0 0 2 0 
0
0 0 0 0 0 0 0 0 0 
2 0 2 0 0 1 0 0 1 0 1 0 0 0 0 2 0 2 1 0 0 0 0 0 0 0 0 0 0 0 0 0 0 1 0 0 0 1 0 0 2 2 0 0 0 0 1 0 1 0 0 0 0 1 1 0 0 0 2 0 0 0 0 2 0 0 0 0 0 0 0 0 2 0 0 0 1 2 0 2 0 
2 0 2 0 0 1 0 0 1 0 1 0 0 0 0 2 0 2 1 0 0 0 0 0 0 0 0 0 0 0 0 0 0 1 0 0 0 1 0 0 2 2 0 0 0 0 1 0 1 0 0 0 0 1 1 0 0 0 2 0 0 0 0 2 0 0 0 0 0 0 0 0 2 0 0 0 1 2 0 2 0 
0
0 0 0 0 0 0 0 0 0 
2 0 2 0 0 1 0 0 1 0 1 0 0 0 0 2 0 2 1 0 0 0 0 0 0 0 0 0 0 0 0 0 0 1 0 0 0 1 0 0 2 2 0 0 0 0 1 0 1 0 0 0 0 1 1 0 0 0 2 0 0 0 0 2 0 0 0 0 0 0 0 0 2 0 0 0 1 2 0 2 1 
2 0 2 0 0 1 0 0 1 0 1 0 0 0 0 2 0 2 1 0 0 0 0 0 0 0 0 0 0 0 0 0 0 1 0 0 0 1 0 0 2 2 0 0 0 0 1 0 1 0 0 0 0 1 1 0 0 0 2 0 0 0 0 2 0 0 0 0 0 0 0 0 2 0 0 0 1 2 0 2 1 
0
0 0 0 0 0 0 0 0 0 
2 0 2 0 0 1 0 0 1 0 1 0 0 0 0 2 0 2 1 0 0 0 0 0 0 0 0 0 0 0 0 0 0 1 0 0 0 1 0 0 2 2 0 0 0 0 1 0 1 0 0 0 0 1 1 0 0 0 2 0 0 2 0 2 0 0 0 0 0 0 0 0 2 0 0 0 1 2 0 2 1 
2 0 2 0 0 1 0 0 1 0 1 0 0 0 0 2 0 2 1 0 0 0 0 0 0 0 0 0 0 0 0 0 0 1 0 0 0 1 0 0 2 2 0 0 0 0 1 0 1 0 0 0 0 1 1 0 0 0 2 0 0 2 0 2 0 0 0 0 0 0 0 0 2 0 0 0 1 2 0 2 1 
0
0 0 0 0 0 0 0 0 0 
2 0 2 0 0 1 0 0 1 0 1 0 0 0 1 2 0 2 1 0 0 0 0 0 0 0 0 0 0 0 0 0 0 1 0 0 0 1 0 0 2 2 0 0 0 0 1 0 1 0 0 0 0 1 1 0 0 0 2 0 0 2 0 2 0 0 0 0 0 0 0 0 2 0 0 0 1 2 0 2 1 
2 0 2 0 0 1 0 0 1 0 1 0 0 0 1 2 0 2 1 0 0 0 0 0 0 0 0 0 0 0 0 0 0 1 0 0 0 1 0 0 2 2 0 0 0 0 1 0 1 0 0 0 0 1 1 0 0 0 2 0 0 2 0 2 0 0 0 0 0 0 0 0 2 0 0 0 1 2 0 2 1 
0
0 0 0 0 0 0 0 0 0 
2 0 2 0 0 1 0 0 1 0 1 0 0 0 1 2 0 2 1 0 0 0 0 0 0 0 0 0 0 0 0 0 0 1 0 0 0 1 0 0 2 2 0 2 0 0 1 0 1 0 0 0 0 1 1 0 0 0 2 0 0 2 0 2 0 0 0 0 0 0 0 0 2 0 0 0 1 2 0 2 1 
2 0 2 0 0 1 0 0 1 0 1 0 0 0 1 2 0 2 1 0 0 0 0 0 0 0 0 0 0 0 0 0 0 1 0 0 0 1 0 0 2 2 0 2 0 0 1 0 1 0 0 0 0 1 1 0 0 0 2 0 0 2 0 2 0 0 0 0 0 0 0 0 2 0 0 0 1 2 0 2 1 
0
0 0 0 0 0 0 0 0 0 
2 0 2 0 0 1 0 0 1 0 1 0 0 0 1 2 0 2 1 0 0 0 0 0 0 0 0 0 0 0 0 0 0 1 0 0 0 1 0 1 2 2 0 2 0 0 1 0 1 0 0 0 0 1 1 0 0 0 2 0 0 2 0 2 0 0 0 0 0 0 0 0 2 0 0 0 1 2 0 2 1 
2 0 2 0 0 1 0 0 1 0 1 0 0 0 1 2 0 2 1 0 0 0 0 0 0 0 0 0 0 0 0 0 0 1 0 0 0 1 0 1 2 2 0 2 0 0 1 0 1 0 0 0 0 1 1 0 0 0 2 0 0 2 0 2 0 0 0 0 0 0 0 0 2 0 0 0 1 2 0 2 1 
0
0 0 0 0 0 0 0 0 0 
2 0 2 0 0 1 0 0 1 0 1 0 0 0 1 2 0 2 1 0 0 0 0 0 0 0 0 0 2 0 0 0 0 1 0 0 0 1 0 1 2 2 0 2 0 0 1 0 1 0 0 0 0 1 1 0 0 0 2 0 0 2 0 2 0 0 0 0 0 0 0 0 2 0 0 0 1 2 0 2 1 
2 0 2 0 0 1 0 0 1 0 1 0 0 0 1 2 0 2 1 0 0 0 0 0 0 0 0 0 2 0 0 0 0 1 0 0 0 1 0 1 2 2 0 2 0 0 1 0 1 0 0 0 0 1 1 0 0 0 2 0 0 2 0 2 0 0 0 0 0 0 0 0 2 0 0 0 1 2 0 2 1 
0
0 0 0 0 0 0 0 0 0 
2 0 2 0 0 1 0 0 1 0 1 0 0 0 1 2 0 2 1 0 0 0 1 0 0 0 0 0 2 0 0 0 0 1 0 0 0 1 0 1 2 2 0 2 0 0 1 0 1 0 0 0 0 1 1 0 0 0 2 0 0 2 0 2 0 0 0 0 0 0 0 0 2 0 0 0 1 2 0 2 1 
2 0 2 0 0 1 0 0 1 0 1 0 0 0 1 2 0 2 1 0 0 0 1 0 0 0 0 0 2 0 0 0 0 1 0 0 0 1 0 1 2 2 0 2 0 0 1 0 1 0 0 0 0 1 1 0 0 0 2 0 0 2 0 2 0 0 0 0 0 0 0 0 2 0 0 0 1 2 0 2 1 
0
0 0 0 0 0 0 0 0 0 
2 0 2 0 0 1 0 0 1 0 1 0 0 0 1 2 0 2 1 0 0 0 1 0 0 0 0 0 2 0 0 0 0 1 0 0 0 1 0 1 2 2 0 2 0 0 1 0 1 0 0 0 0 1 1 0 0 0 2 2 0 2 0 2 0 0 0 0 0 0 0 0 2 0 0 0 1 2 0 2 1 
2 0 2 0 0 1 0 0 1 0 1 0 0 0 1 2 0 2 1 0 0 0 1 0 0 0 0 0 2 0 0 0 0 1 0 0 0 1 0 1 2 2 0 2 0 0 1 0 1 0 0 0 0 1 1 0 0 0 2 2 0 2 0 2 0 0 0 0 0 0 0 0 2 0 0 0 1 2 0 2 1 
0
0 0 0 0 0 0 0 0 0 
2 0 2 0 0 1 0 1 1 0 1 0 0 0 1 2 0 2 1 0 0 0 1 0 0 0 0 0 2 0 0 0 0 1 0 0 0 1 0 1 2 2 0 2 0 0 1 0 1 0 0 0 0 1 1 0 0 0 2 2 0 2 0 2 0 0 0 0 0 0 0 0 2 0 0 0 1 2 0 2 1 
2 0 2 0 0 1 0 1 1 0 1 0 0 0 1 2 0 2 1 0 0 0 1 0 0 0 0 0 2 0 0 0 0 1 0 0 0 1 0 1 2 2 0 2 0 0 1 0 1 0 0 0 0 1 1 0 0 0 2 2 0 2 0 2 0 0 0 0 0 0 0 0 2 0 0 0 1 2 0 2 1 
0
0 0 0 0 0 0 0 0 0 
2 0 2 0 0 1 0 1 1 0 1 0 0 0 1 2 0 2 1 0 0 0 1 2 0 0 0 0 2 0 0 0 0 1 0 0 0 1 0 1 2 2 0 2 0 0 1 0 1 0 0 0 0 1 1 0 0 0 2 2 0 2 0 2 0 0 0 0 0 0 0 0 2 0 0 0 1 2 0 2 1 
2 0 2 0 0 1 0 1 1 0 1 0 0 0 1 2 0 2 1 0 0 0 1 2 0 0 0 0 2 0 0 0 0 1 0 0 0 1 0 1 2 2 0 2 0 0 1 0 1 0 0 0 0 1 1 0 0 0 2 2 0 2 0 2 0 0 0 0 0 0 0 0 2 0 0 0 1 2 0 2 1 
0
0 0 0 0 0 0 0 0 0 
2 0 2 0 0 1 0 1 1 0 1 0 0 0 1 2 0 2 1 0 0 0 1 2 0 0 0 0 2 0 0 0 0 1 0 0 0 1 0 1 2 2 0 2 0 0 1 0 1 0 0 0 0 1 1 0 0 0 2 2 0 2 0 2 0 0 0 0 0 0 0 1 2 0 0 0 1 2 0 2 1 
2 0 2 0 0 1 0 1 1 0 1 0 0 0 1 2 0 2 1 0 0 0 1 2 0 0 0 0 2 0 0 0 0 1 0 0 0 1 0 1 2 2 0 2 0 0 1 0 1 0 0 0 0 1 1 0 0 0 2 2 0 2 0 2 0 0 0 0 0 0 0 1 2 0 0 0 1 2 0 2 1 
0
0 0 0 0 0 0 0 0 0 
2 0 2 0 0 1 0 1 1 0 1 0 0 0 1 2 0 2 1 0 0 0 1 2 0 0 0 0 2 0 0 0 0 1 0 0 0 1 0 1 2 2 0 2 0 0 1 0 1 0 0 2 0 1 1 0 0 0 2 2 0 2 0 2 0 0 0 0 0 0 0 1 2 0 0 0 1 2 0 2 1 
2 0 2 0 0 1 0 1 1 0 1 0 0 0 1 2 0 2 1 0 0 0 1 2 0 0 0 0 2 0 0 0 0 1 0 0 0 1 0 1 2 2 0 2 0 0 1 0 1 0 0 2 0 1 1 0 0 0 2 2 0 2 0 2 0 0 0 0 0 0 0 1 2 0 0 0 1 2 0 2 1 
0
0 0 0 0 0 0 0 0 0 
2 0 2 0 0 1 0 1 1 0 1 0 0 0 1 2 0 2 1 0 0 0 1 2 0 0 0 0 2 0 0 0 0 1 0 0 0 1 0 1 2 2 0 2 0 0 1 0 1 0 0 2 0 1 1 1 0 0 2 2 0 2 0 2 0 0 0 0 0 0 0 1 2 0 0 0 1 2 0 2 1 
2 0 2 0 0 1 0 1 1 0 1 0 0 0 1 2 0 2 1 0 0 0 1 2 0 0 0 0 2 0 0 0 0 1 0 0 0 1 0 1 2 2 0 2 0 0 1 0 1 0 0 2 0 1 1 1 0 0 2 2 0 2 0 2 0 0 0 0 0 0 0 1 2 0 0 0 1 2 0 2 1 
0
0 0 0 0 0 0 0 0 0 
2 0 2 0 2 1 0 1 1 0 1 0 0 0 1 2 0 2 1 0 0 0 1 2 0 0 0 0 2 0 0 0 0 1 0 0 0 1 0 1 2 2 0 2 0 0 1 0 1 0 0 2 0 1 1 1 0 0 2 2 0 2 0 2 0 0 0 0 0 0 0 1 2 0 0 0 1 2 0 2 1 
2 0 2 0 2 1 0 1 1 0 1 0 0 0 1 2 0 2 1 0 0 0 1 2 0 0 0 0 2 0 0 0 0 1 0 0 0 1 0 1 2 2 0 2 0 0 1 0 1 0 0 2 0 1 1 1 0 0 2 2 0 2 0 2 0 0 0 0 0 0 0 1 2 0 0 0 1 2 0 2 1 
0
0 0 0 0 0 0 0 0 0 
2 0 2 0 2 1 0 1 1 0 1 0 1 0 1 2 0 2 1 0 0 0 1 2 0 0 0 0 2 0 0 0 0 1 0 0 0 1 0 1 2 2 0 2 0 0 1 0 1 0 0 2 0 1 1 1 0 0 2 2 0 2 0 2 0 0 0 0 0 0 0 1 2 0 0 0 1 2 0 2 1 
2 0 2 0 2 1 0 1 1 0 1 0 1 0 1 2 0 2 1 0 0 0 1 2 0 0 0 0 2 0 0 0 0 1 0 0 0 1 0 1 2 2 0 2 0 0 1 0 1 0 0 2 0 1 1 1 0 0 2 2 0 2 0 2 0 0 0 0 0 0 0 1 2 0 0 0 1 2 0 2 1 
0
0 0 0 0 0 0 0 0 0 
2 0 2 0 2 1 0 1 1 0 1 0 1 0 1 2 0 2 1 0 0 0 1 2 0 0 0 0 2 0 0 0 0 1 0 0 2 1 0 1 2 2 0 2 0 0 1 0 1 0 0 2 0 1 1 1 0 0 2 2 0 2 0 2 0 0 0 0 0 0 0 1 2 0 0 0 1 2 0 2 1 
2 0 2 0 2 1 0 1 1 0 1 0 1 0 1 2 0 2 1 0 0 0 1 2 0 0 0 0 2 0 0 0 0 1 0 0 2 1 0 1 2 2 0 2 0 0 1 0 1 0 0 2 0 1 1 1 0 0 2 2 0 2 0 2 0 0 0 0 0 0 0 1 2 0 0 0 1 2 0 2 1 
0
0 0 0 0 0 0 0 0 0 
2 0 2 0 2 1 0 1 1 0 1 0 1 0 1 2 0 2 1 0 0 0 1 2 0 0 0 0 2 0 0 0 0 1 0 0 2 1 0 1 2 2 0 2 0 1 1 0 1 0 0 2 0 1 1 1 0 0 2 2 0 2 0 2 0 0 0 0 0 0 0 1 2 0 0 0 1 2 0 2 1 
2 0 2 0 2 1 0 1 1 0 1 0 1 0 1 2 0 2 1 0 0 0 1 2 0 0 0 0 2 0 0 0 0 1 0 0 2 1 0 1 2 2 0 2 0 1 1 0 1 0 0 2 0 1 1 1 0 0 2 2 0 2 0 2 0 0 0 0 0 0 0 1 2 0 0 0 1 2 0 2 1 
0
0 0 0 0 0 0 0 0 0 
2 0 2 0 2 1 0 1 1 0 1 0 1 0 1 2 0 2 1 0 0 0 1 2 0 0 0 0 2 0 0 0 0 1 0 0 2 1 0 1 2 2 0 2 0 1 1 0 1 0 0 2 0 1 1 1 2 0 2 2 0 2 0 2 0 0 0 0 0 0 0 1 2 0 0 0 1 2 0 2 1 
2 0 2 0 2 1 0 1 1 0 1 0 1 0 1 2 0 2 1 0 0 0 1 2 0 0 0 0 2 0 0 0 0 1 0 0 2 1 0 1 2 2 0 2 0 1 1 0 1 0 0 2 0 1 1 1 2 0 2 2 0 2 0 2 0 0 0 0 0 0 0 1 2 0 0 0 1 2 0 2 1 
0
0 0 1 0 0 0 0 0 0 
2 0 2 0 2 1 1 1 1 0 1 0 1 0 1 2 0 2 1 0 0 0 1 2 0 0 0 0 2 0 0 0 0 1 0 0 2 1 0 1 2 2 0 2 0 1 1 0 1 0 0 2 0 1 1 1 2 0 2 2 0 2 0 2 0 0 0 0 0 0 0 1 2 0 0 0 1 2 0 2 1 
2 0 2 0 2 1 17 17 17 0 1 0 1 0 1 18 16 18 1 0 0 0 1 2 16 16 16 0 2 0 0 0 0 1 0 0 2 1 0 1 2 2 0 2 0 1 1 0 1 0 0 2 0 1 1 1 2 0 2 2 0 2 0 2 0 0 0 0 0 0 0 1 2 0 0 0 1 2 0 2 1 
0
2 0 1 0 0 0 0 0 0 
2 2 2 0 2 1 1 1 1 0 1 0 1 0 1 2 0 2 1 0 0 0 1 2 0 0 0 0 2 0 0 0 0 1 0 0 2 1 0 1 2 2 0 2 0 1 1 0 1 0 0 2 0 1 1 1 2 0 2 2 0 2 0 2 0 0 0 0 0 0 0 1 2 0 0 0 1 2 0 2 1 
34 34 34 0 2 1 17 17 17 32 33 32 1 0 1 18 16 18 33 32 32 0 1 2 16 16 16 0 2 0 0 0 0 1 0 0 2 1 0 1 2 2 0 2 0 1 1 0 1 0 0 2 0 1 1 1 2 0 2 2 0 2 0 2 0 0 0 0 0 0 0 1 2 0 0 0 1 2 0 2 1 
0
2 1 1 0 0 0 0 0 0 
2 2 2 0 2 1 1 1 1 0 1 0 1 1 1 2 0 2 1 0 0 0 1 2 0 0 0 0 2 0 0 0 0 1 0 0 2 1 0 1 2 2 0 2 0 1 1 0 1 0 0 2 0 1 1 1 2 0 2 2 0 2 0 2 0 0 0 0 0 0 0 1 2 0 0 0 1 2 0 2 1 
34 34 34 16 18 17 17 17 17 32 33 32 17 17 17 18 16 18 33 32 32 16 17 18 16 16 16 0 2 0 0 0 0 1 0 0 2 1 0 1 2 2 0 2 0 1 1 0 1 0 0 2 0 1 1 1 2 0 2 2 0 2 0 2 0 0 0 0 0 0 0 1 2 0 0 0 1 2 0 2 1 
0
2 1 1 0 0 0 0 0 0 
2 2 2 0 2 1 1 1 1 0 1 0 1 1 1 2 0 2 1 0 0 0 1 2 0 0 0 0 2 0 0 0 0 1 0 0 2 1 0 1 2 2 0 2 0 1 1 0 1 2 0 2 0 1 1 1 2 0 2 2 0 2 0 2 0 0 0 0 0 0 0 1 2 0 0 0 1 2 0 2 1 
34 34 34 16 18 17 17 17 17 32 33 32 17 17 17 18 16 18 33 32 32 16 17 18 16 16 16 0 2 0 0 0 0 1 0 0 2 1 0 1 2 2 0 2 0 1 1 0 1 2 0 2 0 1 1 1 2 0 2 2 0 2 0 2 0 0 0 0 0 0 0 1 2 0 0 0 1 2 0 2 1 
0
2 1 1 0 0 0 0 0 0 
2 2 2 0 2 1 1 1 1 0 1 0 1 1 1 2 0 2 1 0 0 0 1 2 0 0 0 0 2 0 0 0 0 1 0 0 2 1 0 1 2 2 0 2 0 1 1 0 1 2 0 2 0 1 1 1 2 0 2 2 0 2 0 2 0 0 1 0 0 0 0 1 2 0 0 0 1 2 0 2 1 
34 34 34 16 18 17 17 17 17 32 33 32 17 17 17 18 16 18 33 32 32 16 17 18 16 16 16 0 2 0 0 0 0 1 0 0 2 1 0 1 2 2 0 2 0 1 1 0 1 2 0 2 0 1 1 1 2 0 2 2 0 2 0 2 0 0 1 0 0 0 0 1 2 0 0 0 1 2 0 2 1 
0
2 1 1 0 0 0 0 0 0 
2 2 2 0 2 1 1 1 1 0 1 0 1 1 1 2 0 2 1 0 0 0 1 2 0 0 0 0 2 0 0 0 0 1 0 0 2 1 0 1 2 2 0 2 0 1 1 2 1 2 0 2 0 1 1 1 2 0 2 2 0 2 0 2 0 0 1 0 0 0 0 1 2 0 0 0 1 2 0 2 1 
34 34 34 16 18 17 17 17 17 32 33 32 17 17 17 18 16 18 33 32 32 16 17 18 16 16 16 0 2 0 0 0 0 1 0 0 2 1 0 1 2 2 0 2 0 1 1 2 1 2 0 2 0 1 1 1 2 0 2 2 0 2 0 2 0 0 1 0 0 0 0 1 2 0 0 0 1 2 0 2 1 
0
2 1 1 0 0 0 0 0 0 
2 2 2 0 2 1 1 1 1 0 1 0 1 1 1 2 0 2 1 0 0 0 1 2 0 0 0 0 2 0 0 0 0 1 0 0 2 1 0 1 2 2 0 2 0 1 1 2 1 2 0 2 0 1 1 1 2 0 2 2 0 2 0 2 0 0 1 0 0 1 0 1 2 0 0 0 1 2 0 2 1 
34 34 34 16 18 17 17 17 17 32 33 32 17 17 17 18 16 18 33 32 32 16 17 18 16 16 16 0 2 0 0 0 0 1 0 0 2 1 0 1 2 2 0 2 0 1 1 2 1 2 0 2 0 1 1 1 2 0 2 2 0 2 0 2 0 0 1 0 0 1 0 1 2 0 0 0 1 2 0 2 1 
0
2 1 1 0 0 0 0 0 0 
2 2 2 0 2 1 1 1 1 0 1 0 1 1 1 2 0 2 1 0 0 0 1 2 0 0 0 0 2 2 0 0 0 1 0 0 2 1 0 1 2 2 0 2 0 1 1 2 1 2 0 2 0 1 1 1 2 0 2 2 0 2 0 2 0 0 1 0 0 1 0 1 2 0 0 0 1 2 0 2 1 
34 34 34 16 18 17 17 17 17 32 33 32 17 17 17 18 16 18 33 32 32 16 17 18 16 16 16 0 2 2 0 0 0 1 0 0 2 1 0 1 2 2 0 2 0 1 1 2 1 2 0 2 0 1 1 1 2 0 2 2 0 2 0 2 0 0 1 0 0 1 0 1 2 0 0 0 1 2 0 2 1 
0
2 1 1 0 0 0 0 0 1 
2 2 2 0 2 1 1 1 1 0 1 0 1 1 1 2 0 2 1 0 0 0 1 2 0 0 0 0 2 2 0 0 0 1 0 0 2 1 0 1 2 2 0 2 0 1 1 2 1 2 0 2 0 1 1 1 2 0 2 2 0 2 0 2 0 0 1 0 0 1 1 1 2 0 0 0 1 2 0 2 1 
34 34 34 16 18 17 17 17 17 32 33 32 17 17 17 18 16 18 33 32 32 16 17 18 16 16 16 0 2 2 0 0 0 1 0 0 2 1 0 1 2 2 0 2 0 1 1 2 1 2 0 2 0 1 1 1 2 0 2 2 16 18 16 2 0 0 1 0 0 17 17 17 2 0 0 0 1 2 16 18 17 
0
2 1 1 0 2 0 0 0 1 
2 2 2 0 2 1 1 1 1 0 1 0 1 1 1 2 0 2 1 0 0 0 1 2 0 0 0 0 2 2 0 2 0 1 0 0 2 1 0 1 2 2 0 2 0 1 1 2 1 2 0 2 0 1 1 1 2 0 2 2 0 2 0 2 0 0 1 0 0 1 1 1 2 0 0 0 1 2 0 2 1 
34 34 34 16 18 17 17 17 17 32 33 32 17 17 17 18 16 18 33 32 32 16 17 18 16 16 16 0 2 2 32 34 32 1 0 0 2 1 0 33 34 34 0 2 0 1 1 2 33 34 32 2 0 1 1 1 2 0 2 2 16 18 16 2 0 0 1 0 0 17 17 17 2 0 0 0 1 2 16 18 17 
0
2 1 1 0 2 0 0 0 1 
2 2 2 0 2 1 1 1 1 0 1 0 1 1 1 2 0 2 1 0 0 0 1 2 0 0 0 0 2 2 0 2 0 1 0 0 2 1 0 1 2 2 0 2 0 1 1 2 1 2 0 2 0 1 1 1 2 0 2 2 0 2 0 2 0 0 1 0 1 1 1 1 2 0 0 0 1 2 0 2 1 
34 34 34 16 18 17 17 17 17 32 33 32 17 17 17 18 16 18 33 32 32 16 17 18 16 16 16 0 2 2 32 34 32 1 0 0 2 1 0 33 34 34 0 2 0 1 1 2 33 34 32 2 0 1 1 1 2 0 2 2 16 18 16 2 0 0 1 0 1 17 17 17 2 0 0 0 1 2 16 18 17 
0
2 1 1 0 2 2 0 0 1 
2 2 2 0 2 1 1 1 1 0 1 0 1 1 1 2 0 2 1 0 0 0 1 2 0 0 0 0 2 2 0 2 0 1 0 2 2 1 0 1 2 2 0 2 0 1 1 2 1 2 0 2 0 1 1 1 2 0 2 2 0 2 0 2 0 0 1 0 1 1 1 1 2 0 0 0 1 2 0 2 1 
34 34 34 16 18 17 17 17 17 32 33 32 17 17 17 18 16 18 33 32 32 16 17 18 16 16 16 0 2 2 32 34 32 33 32 34 2 1 0 33 34 34 32 34 32 1 1 2 33 34 32 34 32 33 1 1 2 0 2 2 16 18 16 2 0 0 1 0 1 17 17 17 2 0 0 0 1 2 16 18 17 
0
2 1 1 0 2 2 0 0 1 
2 2 2 0 2 1 1 1 1 0 1 0 1 1 1 2 0 2 1 0 0 0 1 2 0 0 0 0 2 2 0 2 0 1 0 2 2 1 0 1 2 2 0 2 0 1 1 2 1 2 0 2 0 1 1 1 2 0 2 2 0 2 0 2 0 0 1 0 1 1 1 1 2 0 0 1 1 2 0 2 1 
34 34 34 16 18 17 17 17 17 32 33 32 17 17 17 18 16 18 33 32 32 16 17 18 16 16 16 0 2 2 32 34 32 33 32 34 2 1 0 33 34 34 32 34 32 1 1 2 33 34 32 34 32 33 1 1 2 0 2 2 16 18 16 2 0 0 1 0 1 17 17 17 2 0 0 1 1 2 16 18 17 
0
2 1 1 0 2 2 2 0 1 
2 2 2 0 2 1 1 1 1 0 1 0 1 1 1 2 0 2 1 0 0 0 1 2 0 0 0 0 2 2 0 2 0 1 0 2 2 1 0 1 2 2 0 2 0 1 1 2 1 2 0 2 0 1 1 1 2 0 2 2 0 2 0 2 2 0 1 0 1 1 1 1 2 0 0 1 1 2 0 2 1 
34 34 34 16 18 17 17 17 17 32 33 32 17 17 17 18 16 18 33 32 32 16 17 18 16 16 16 0 2 2 32 34 32 33 32 34 2 1 0 33 34 34 32 34 32 1 1 2 33 34 32 34 32 33 33 33 34 0 2 2 16 18 16 34 34 32 1 0 1 17 17 17 34 32 32 1 1 2 16 18 17 
0
2 1 1 0 2 2 2 1 1 
2 2 2 0 2 1 1 1 1 0 1 0 1 1 1 2 0 2 1 0 0 0 1 2 0 0 0 0 2 2 0 2 0 1 0 2 2 1 0 1 2 2 0 2 0 1 1 2 1 2 0 2 0 1 1 1 2 1 2 2 0 2 0 2 2 0 1 0 1 1 1 1 2 0 0 1 1 2 0 2 1 
34 34 34 16 18 17 17 17 17 32 33 32 17 17 17 18 16 18 33 32 32 16 17 18 16 16 16 0 2 2 32 34 32 33 32 34 2 1 0 33 34 34 32 34 32 1 1 2 33 34 32 34 32 33 33 33 34 17 18 18 16 18 16 34 34 32 17 16 17 17 17 17 34 32 32 17 17 18 16 18 17 
0
2 1 1 2 2 2 2 1 1 
2 2 2 0 2 1 1 1 1 0 1 0 1 1 1 2 0 2 1 0 0 0 1 2 0 0 0 2 2 2 0 2 0 1 0 2 2 1 0 1 2 2 0 2 0 1 1 2 1 2 0 2 0 1 1 1 2 1 2 2 0 2 0 2 2 0 1 0 1 1 1 1 2 0 0 1 1 2 0 2 1 
34 34 34 16 18 17 17 17 17 32 33 32 17 17 17 18 16 18 33 32 32 16 17 18 16 16 16 34 34 34 32 34 32 33 32 34 34 33 32 33 34 34 32 34 32 33 33 34 33 34 32 34 32 33 33 33 34 17 18 18 16 18 16 34 34 32 17 16 17 17 17 17 34 32 32 17 17 18 16 18 17 
0
2 1 1 2 2 2 2 1 1 
2 2 2 0 2 1 1 1 1 0 1 0 1 1 1 2 0 2 1 0 0 0 1 2 0 0 0 2 2 2 0 2 0 1 0 2 2 1 0 1 2 2 0 2 0 1 1 2 1 2 0 2 0 1 1 1 2 1 2 2 0 2 0 2 2 0 1 0 1 1 1 1 2 0 0 1 1 2 0 2 1 
34 34 34 16 18 17 17 17 17 32 33 32 17 17 17 18 16 18 33 32 32 16 17 18 16 16 16 34 34 34 32 34 32 33 32 34 34 33 32 33 34 34 32 34 32 33 33 34 33 34 32 34 32 33 33 33 34 17 18 18 16 18 16 34 34 32 17 16 17 17 17 17 34 32 32 17 17 18 16 18 17 
0
