0 0 0 0 0 0 0 0 0 
0 0 0 0 0 0 0 0 0 0 0 0 0 0 0 0 0 0 0 0 0 0 0 0 0 0 0 0 0 0 0 0 0 0 0 0 0 0 0 0 1 0 0 0 0 0 0 0 0 0 0 0 0 0 0 0 0 0 0 0 0 0 0 0 0 0 0 0 0 0 0 0 0 0 0 0 0 0 0 0 0 
0 0 0 0 0 0 0 0 0 0 0 0 0 0 0 0 0 0 0 0 0 0 0 0 0 0 0 0 0 0 0 0 0 0 0 0 0 0 0 0 1 0 0 0 0 0 0 0 0 0 0 0 0 0 0 0 0 0 0 0 0 0 0 0 0 0 0 0 0 0 0 0 0 0 0 0 0 0 0 0 0 
0
0 0 0 0 0 0 0 0 0 
0 0 0 0 0 0 0 0 0 0 0 0 0 0 0 0 0 0 0 0 0 0 0 0 0 0 0 0 0 0 2 0 0 0 0 0 0 0 0 0 1 0 0 0 0 0 0 0 0 0 0 0 0 0 0 0 0 0 0 0 0 0 0 0 0 0 0 0 0 0 0 0 0 0 0 0 0 0 0 0 0 
0 0 0 0 0 0 0 0 0 0 0 0 0 0 0 0 0 0 0 0 0 0 0 0 0 0 0 0 0 0 2 0 0 0 0 0 0 0 0 0 1 0 0 0 0 0 0 0 0 0 0 0 0 0 0 0 0 0 0 0 0 0 0 0 0 0 0 0 0 0 0 0 0 0 0 0 0 0 0 0 0 
0
0 0 0 0 0 0 0 0 0 
0 0 1 0 0 0 0 0 0 0 0 0 0 0 0 0 0 0 0 0 0 0 0 0 0 0 0 0 0 0 2 0 0 0 0 0 0 0 0 0 1 0 0 0 0 0 0 0 0 0 0 0 0 0 0 0 0 0 0 0 0 0 0 0 0 0 0 0 0 0 0 0 0 0 0 0 0 0 0 0 0 
0 0 1 0 0 0 0 0 0 0 0 0 0 0 0 0 0 0 0 0 0 0 0 0 0 0 0 0 0 0 2 0 0 0 0 0 0 0 0 0 1 0 0 0 0 0 0 0 0 0 0 0 0 0 0 0 0 0 0 0 0 0 0 0 0 0 0 0 0 0 0 0 0 0 0 0 0 0 0 0 0 
0
0 0 0 0 0 0 0 0 0 
0 0 1 0 0 0 0 0 0 0 0 0 0 0 0 0 0 0 0 0 0 0 0 0 2 0 0 0 0 0 2 0 0 0 0 0 0 0 0 0 1 0 0 0 0 0 0 0 0 0 0 0 0 0 0 0 0 0 0 0 0 0 0 0 0 0 0 0 0 0 0 0 0 0 0 0 0 0 0 0 0 
0 0 1 0 0 0 0 0 0 0 0 0 0 0 0 0 0 0 0 0 0 0 0 0 2 0 0 0 0 0 2 0 0 0 0 0 0 0 0 0 1 0 0 0 0 0 0 0 0 0 0 0 0 0 0 0 0 0 0 0 0 0 0 0 0 0 0 0 0 0 0 0 0 0 0 0 0 0 0 0 0 
0
0 0 0 0 0 0 0 0 0 
0 0 1 0 0 0 0 0 0 0 0 0 0 0 0 0 0 0 0 0 0 0 0 0 2 0 0 0 0 0 2 0 0 0 0 0 0 0 0 0 1 0 0 0 0 0 0 0 0 0 0 0 0 0 0 0 0 0 0 0 0 0 0 0 0 0 0 0 0 0 0 0 1 0 0 0 0 0 0 0 0 
0 0 1 0 0 0 0 0 0 0 0 0 0 0 0 0 0 0 0 0 0 0 0 0 2 0 0 0 0 0 2 0 0 0 0 0 0 0 0 0 1 0 0 0 0 0 0 0 0 0 0 0 0 0 0 0 0 0 0 0 0 0 0 0 0 0 0 0 0 0 0 0 1 0 0 0 0 0 0 0 0 
0
0 0 0 0 0 0 0 0 0 
0 0 1 0 0 0 0 0 0 0 0 0 0 0 0 0 0 0 0 0 0 0 0 0 2 0 0 0 0 0 2 0 0 0 0 0 0 0 0 0 1 0 0 0 0 0 0 0 0 0 0 0 0 0 0 0 0 0 0 0 0 0 0 0 0 2 0 0 0 0 0 0 1 0 0 0 0 0 0 0 0 
0 0 1 0 0 0 0 0 0 0 0 0 0 0 0 0 0 0 0 0 0 0 0 0 2 0 0 0 0 0 2 0 0 0 0 0 0 0 0 0 1 0 0 0 0 0 0 0 0 0 0 0 0 0 0 0 0 0 0 0 0 0 0 0 0 2 0 0 0 0 0 0 1 0 0 0 0 0 0 0 0 
0
0 0 0 0 0 0 0 0 0 
0 0 1 0 0 0 0 0 0 0 0 0 0 0 0 0 0 0 0 0 0 0 0 0 2 0 0 0 0 0 2 0 0 0 0 0 0 0 0 0 1 0 0 0 1 0 0 0 0 0 0 0 0 0 0 0 0 0 0 0 0 0 0 0 0 2 0 0 0 0 0 0 1 0 0 0 0 0 0 0 0 
0 0 1 0 0 0 0 0 0 0 0 0 0 0 0 0 0 0 0 0 0 0 0 0 2 0 0 0 0 0 2 0 0 0 0 0 0 0 0 0 1 0 0 0 1 0 0 0 0 0 0 0 0 0 0 0 0 0 0 0 0 0 0 0 0 2 0 0 0 0 0 0 1 0 0 0 0 0 0 0 0 
0
0 0 0 0 0 0 0 0 0 
0 0 1 0 0 0 0 0 0 0 0 0 0 0 0 0 0 0 0 0 0 0 0 0 2 0 0 0 0 0 2 0 0 0 0 2 0 0 0 0 1 0 0 0 1 0 0 0 0 0 0 0 0 0 0 0 0 0 0 0 0 0 0 0 0 2 0 0 0 0 0 0 1 0 0 0 0 0 0 0 0 
0 0 1 0 0 0 0 0 0 0 0 0 0 0 0 0 0 0 0 0 0 0 0 0 2 0 0 0 0 0 2 0 0 0 0 2 0 0 0 0 1 0 0 0 1 0 0 0 0 0 0 0 0 0 0 0 0 0 0 0 0 0 0 0 0 2 0 0 0 0 0 0 1 0 0 0 0 0 0 0 0 
0
0 0 0 0 0 0 0 0 0 
0 0 1 0 0 0 1 0 0 0 0 0 0 0 0 0 0 0 0 0 0 0 0 0 2 0 0 0 0 0 2 0 0 0 0 2 0 0 0 0 1 0 0 0 1 0 0 0 0 0 0 0 0 0 0 0 0 0 0 0 0 0 0 0 0 2 0 0 0 0 0 0 1 0 0 0 0 0 0 0 0 
0 0 1 0 0 0 1 0 0 0 0 0 0 0 0 0 0 0 0 0 0 0 0 0 2 0 0 0 0 0 2 0 0 0 0 2 0 0 0 0 1 0 0 0 1 0 0 0 0 0 0 0 0 0 0 0 0 0 0 0 0 0 0 0 0 2 0 0 0 0 0 0 1 0 0 0 0 0 0 0 0 
0
0 0 0 0 0 0 0 0 0 
0 2 1 0 0 0 1 0 0 0 0 0 0 0 0 0 0 0 0 0 0 0 0 0 2 0 0 0 0 0 2 0 0 0 0 2 0 0 0 0 1 0 0 0 1 0 0 0 0 0 0 0 0 0 0 0 0 0 0 0 0 0 0 0 0 2 0 0 0 0 0 0 1 0 0 0 0 0 0 0 0 
0 2 1 0 0 0 1 0 0 0 0 0 0 0 0 0 0 0 0 0 0 0 0 0 2 0 0 0 0 0 2 0 0 0 0 2 0 0 0 0 1 0 0 0 1 0 0 0 0 0 0 0 0 0 0 0 0 0 0 0 0 0 0 0 0 2 0 0 0 0 0 0 1 0 0 0 0 0 0 0 0 
0
0 0 0 0 0 0 0 0 0 
0 2 1 0 0 0 1 0 0 0 0 0 0 0 0 0 0 0 0 0 0 0 1 0 2 0 0 0 0 0 2 0 0 0 0 2 0 0 0 0 1 0 0 0 1 0 0 0 0 0 0 0 0 0 0 0 0 0 0 0 0 0 0 0 0 2 0 0 0 0 0 0 1 0 0 0 0 0 0 0 0 
0 2 1 0 0 0 1 0 0 0 0 0 0 0 0 0 0 0 0 0 0 0 1 0 2 0 0 0 0 0 2 0 0 0 0 2 0 0 0 0 1 0 0 0 1 0 0 0 0 0 0 0 0 0 0 0 0 0 0 0 0 0 0 0 0 2 0 0 0 0 0 0 1 0 0 0 0 0 0 0 0 
0
0 0 0 0 0 0 0 0 0 
0 2 1 0 0 0 1 0 0 0 0 0 0 0 0 0 0 0 0 0 0 0 1 0 2 0 0 0 0 0 2 0 0 0 0 2 0 0 0 0 1 0 0 0 1 0 0 0 0 0 0 0 0 0 0 0 0 0 0 0 0 0 0 0 0 2 2 0 0 0 0 0 1 0 0 0 0 0 0 0 0 
0 2 1 0 0 0 1 0 0 0 0 0 0 0 0 0 0 0 0 0 0 0 1 0 2 0 0 0 0 0 2 0 0 0 0 2 0 0 0 0 1 0 0 0 1 0 0 0 0 0 0 0 0 0 0 0 0 0 0 0 0 0 0 0 0 2 2 0 0 0 0 0 1 0 0 0 0 0 0 0 0 
0
0 0 0 0 0 0 0 0 0 
0 2 1 0 0 0 1 0 0 0 0 0 0 0 0 0 0 0 0 0 0 0 1 0 2 0 0 0 1 0 2 0 0 0 0 2 0 0 0 0 1 0 0 0 1 0 0 0 0 0 0 0 0 0 0 0 0 0 0 0 0 0 0 0 0 2 2 0 0 0 0 0 1 0 0 0 0 0 0 0 0 
0 2 1 0 0 0 1 0 0 0 0 0 0 0 0 0 0 0 0 0 0 0 1 0 2 0 0 0 1 0 2 0 0 0 0 2 0 0 0 0 1 0 0 0 1 0 0 0 0 0 0 0 0 0 0 0 0 0 0 0 0 0 0 0 0 2 2 0 0 0 0 0 1 0 0 0 0 0 0 0 0 
0
0 0 0 0 0 0 0 0 0 
0 2 1 0 0 0 1 0 0 0 0 0 0 0 0 0 0 0 0 0 0 0 1 2 2 0 0 0 1 0 2 0 0 0 0 2 0 0 0 0 1 0 0 0 1 0 0 0 0 0 0 0 0 0 0 0 0 0 0 0 0 0 0 0 0 2 2 0 0 0 0 0 1 0 0 0 0 0 0 0 0 
0 2 1 0 0 0 1 0 0 0 0 0 0 0 0 0 0 0 0 0 0 0 1 2 2 0 0 0 1 0 2 0 0 0 0 2 0 0 0 0 1 0 0 0 1 0 0 0 0 0 0 0 0 0 0 0 0 0 0 0 0 0 0 0 0 2 2 0 0 0 0 0 1 0 0 0 0 0 0 0 0 
0
0 0 0 0 0 0 0 0 0 
0 2 1 0 0 0 1 0 0 0 0 0 0 0 0 0 0 0 0 0 0 0 1 2 2 0 0 0 1 0 2 0 0 0 0 2 0 0 0 0 1 0 0 0 1 0 0 0 0 0 0 0 0 0 0 0 0 0 0 0 0 0 0 0 0 2 2 0 0 1 0 0 1 0 0 0 0 0 0 0 0 
0 2 1 0 0 0 1 0 0 0 0 0 0 0 0 0 0 0 0 0 0 0 1 2 2 0 0 0 1 0 2 0 0 0 0 2 0 0 0 0 1 0 0 0 1 0 0 0 0 0 0 0 0 0 0 0 0 0 0 0 0 0 0 0 0 2 2 0 0 1 0 0 1 0 0 0 0 0 0 0 0 
0
0 0 0 0 0 0 0 0 0 
0 2 1 0 0 0 1 0 0 0 0 0 0 0 0 0 0 0 0 0 0 0 1 2 2 0 0 0 1 0 2 0 0 0 0 2 0 0 0 0 1 0 0 0 1 0 2 0 0 0 0 0 0 0 0 0 0 0 0 0 0 0 0 0 0 2 2 0 0 1 0 0 1 0 0 0 0 0 0 0 0 
0 2 1 0 0 0 1 0 0 0 0 0 0 0 0 0 0 0 0 0 0 0 1 2 2 0 0 0 1 0 2 0 0 0 0 2 0 0 0 0 1 0 0 0 1 0 2 0 0 0 0 0 0 0 0 0 0 0 0 0 0 0 0 0 0 2 2 0 0 1 0 0 1 0 0 0 0 0 0 0 0 
0
0 0 0 0 0 0 0 0 0 
0 2 1 0 0 0 1 0 0 0 0 0 0 0 0 0 0 0 0 0 0 0 1 2 2 0 0 0 1 0 2 0 0 0 0 2 0 0 0 0 1 0 0 0 1 0 2 0 0 0 0 0 0 0 0 0 0 0 0 0 0 0 0 0 0 2 2 0 0 1 0 0 1 0 0 0 1 0 0 0 0 
0 2 1 0 0 0 1 0 0 0 0 0 0 0 0 0 0 0 0 0 0 0 1 2 2 0 0 0 1 0 2 0 0 0 0 2 0 0 0 0 1 0 0 0 1 0 2 0 0 0 0 0 0 0 0 0 0 0 0 0 0 0 0 0 0 2 2 0 0 1 0 0 1 0 0 0 1 0 0 0 0 
0
0 0 0 0 0 0 0 0 0 
0 2 1 0 0 0 1 0 0 0 0 0 0 0 0 0 0 0 0 0 0 0 1 2 2 0 0 0 1 0 2 0 0 0 0 2 0 0 0 0 1 0 0 0 1 0 2 0 0 0 0 0 0 0 0 0 0 2 0 0 0 0 0 0 0 2 2 0 0 1 0 0 1 0 0 0 1 0 0 0 0 
0 2 1 0 0 0 1 0 0 0 0 0 0 0 0 0 0 0 0 0 0 0 1 2 2 0 0 0 1 0 2 0 0 0 0 2 0 0 0 0 1 0 0 0 1 0 2 0 0 0 0 0 0 0 0 0 0 2 0 0 0 0 0 0 0 2 2 0 0 1 0 0 1 0 0 0 1 0 0 0 0 
0
0 0 0 0 0 0 0 0 0 
0 2 1 0 0 0 1 0 0 0 0 0 0 0 0 0 0 0 0 0 1 0 1 2 2 0 0 0 1 0 2 0 0 0 0 2 0 0 0 0 1 0 0 0 1 0 2 0 0 0 0 0 0 0 0 0 0 2 0 0 0 0 0 0 0 2 2 0 0 1 0 0 1 0 0 0 1 0 0 0 0 
0 2 1 0 0 0 1 0 0 0 0 0 0 0 0 0 0 0 0 0 1 0 1 2 2 0 0 0 1 0 2 0 0 0 0 2 0 0 0 0 1 0 0 0 1 0 2 0 0 0 0 0 0 0 0 0 0 2 0 0 0 0 0 0 0 2 2 0 0 1 0 0 1 0 0 0 1 0 0 0 0 
0
0 0 0 0 0 0 0 0 0 
0 2 1 0 0 0 1 0 0 0 0 0 0 0 0 0 0 0 0 0 1 0 1 2 2 0 0 0 1 0 2 0 0 0 0 2 0 0 0 0 1 0 0 0 1 0 2 0 0 0 0 0 0 0 0 0 0 2 0 0 0 0 0 0 0 2 2 0 0 1 0 0 1 0 0 0 1 0 2 0 0 
0 2 1 0 0 0 1 0 0 0 0 0 0 0 0 0 0 0 0 0 1 0 1 2 2 0 0 0 1 0 2 0 0 0 0 2 0 0 0 0 1 0 0 0 1 0 2 0 0 0 0 0 0 0 0 0 0 2 0 0 0 0 0 0 0 2 2 0 0 1 0 0 1 0 0 0 1 0 2 0 0 
0
0 0 0 0 0 0 0 0 0 
0 2 1 0 0 0 1 0 0 0 0 0 0 0 0 0 0 0 0 0 1 0 1 2 2 0 0 0 1 0 2 0 0 0 0 2 0 0 0 0 1 0 0 0 1 0 2 0 0 0 0 0 0 0 0 0 0 2 0 0 0 0 0 0 0 2 2 0 0 1 0 0 1 0 1 0 1 0 2 0 0 
0 2 1 0 0 0 1 0 0 0 0 0 0 0 0 0 0 0 0 0 1 0 1 2 2 0 0 0 1 0 2 0 0 0 0 2 0 0 0 0 1 0 0 0 1 0 2 0 0 0 0 0 0 0 0 0 0 2 0 0 0 0 0 0 0 2 2 0 0 1 0 0 1 0 1 0 1 0 2 0 0 
0
0 0 0 0 0 0 0 0 0 
0 2 1 0 0 0 1 0 0 0 0 0 0 0 0 0 0 0 0 0 1 0 1 2 2 0 0 0 1 0 2 0 0 0 0 2 0 0 0 0 1 0 0 0 1 0 2 0 0 0 0 0 0 0 0 0 0 2 0 0 0 0 2 0 0 2 2 0 0 1 0 0 1 0 1 0 1 0 2 0 0 
0 2 1 0 0 0 1 0 0 0 0 0 0 0 0 0 0 0 0 0 1 0 1 2 2 0 0 0 1 0 2 0 0 0 0 2 0 0 0 0 1 0 0 0 1 0 2 0 0 0 0 0 0 0 0 0 0 2 0 0 0 0 2 0 0 2 2 0 0 1 0 0 1 0 1 0 1 0 2 0 0 
0
0 0 0 0 0 0 0 0 0 
0 2 1 0 0 0 1 0 0 0 0 0 0 0 0 0 0 0 0 0 1 0 1 2 2 0 1 0 1 0 2 0 0 0 0 2 0 0 0 0 1 0 0 0 1 0 2 0 0 0 0 0 0 0 0 0 0 2 0 0 0 0 2 0 0 2 2 0 0 1 0 0 1 0 1 0 1 0 2 0 0 
0 2 1 0 0 0 1 0 0 0 0 0 0 0 0 0 0 0 0 0 1 0 1 2 2 0 1 0 1 0 2 0 0 0 0 2 0 0 0 0 1 0 0 0 1 0 2 0 0 0 0 0 0 0 0 0 0 2 0 0 0 0 2 0 0 2 2 0 0 1 0 0 1 0 1 0 1 0 2 0 0 
0
0 0 0 0 0 0 0 0 2 
0 2 1 0 0 0 1 0 0 0 0 0 0 0 0 0 0 0 0 0 1 0 1 2 2 0 1 0 1 0 2 0 0 0 0 2 0 0 0 0 1 0 0 0 1 0 2 0 0 0 0 0 0 0 0 0 0 2 0 0 0 0 2 0 0 2 2 0 0 1 2 0 1 0 1 0 1 0 2 0 0 
0 2 1 0 0 0 1 0 0 0 0 0 0 0 0 0 0 0 0 0 1 0 1 2 2 0 1 0 1 0 2 0 0 0 0 2 0 0 0 0 1 0 0 0 1 0 2 0 0 0 0 0 0 0 0 0 0 2 0 0 32 32 34 0 0 2 2 0 0 33 34 32 1 0 1 0 1 0 34 32 32 
0
0 0 0 0 0 0 0 0 2 
0 2 1 0 0 0 1 0 0 0 0 0 0 0 0 0 0 0 0 0 1 0 1 2 2 0 1 0 1 0 2 0 1 0 0 2 0 0 0 0 1 0 0 0 1 0 2 0 0 0 0 0 0 0 0 0 0 2 0 0 0 0 2 0 0 2 2 0 0 1 2 0 1 0 1 0 1 0 2 0 0 
0 2 1 0 0 0 1 0 0 0 0 0 0 0 0 0 0 0 0 0 1 0 1 2 2 0 1 0 1 0 2 0 1 0 0 2 0 0 0 0 1 0 0 0 1 0 2 0 0 0 0 0 0 0 0 0 0 2 0 0 32 32 34 0 0 2 2 0 0 33 34 32 1 0 1 0 1 0 34 32 32 
0
0 0 0 0 0 0 0 0 2 
0 2 1 0 0 0 1 0 0 0 0 0 0 0 0 0 0 0 0 0 1 0 1 2 2 2 1 0 1 0 2 0 1 0 0 2 0 0 0 0 1 0 0 0 1 0 2 0 0 0 0 0 0 0 0 0 0 2 0 0 0 0 2 0 0 2 2 0 0 1 2 0 1 0 1 0 1 0 2 0 0 
0 2 1 0 0 0 1 0 0 0 0 0 0 0 0 0 0 0 0 0 1 0 1 2 2 2 1 0 1 0 2 0 1 0 0 2 0 0 0 0 1 0 0 0 1 0 2 0 0 0 0 0 0 0 0 0 0 2 0 0 32 32 34 0 0 2 2 0 0 33 34 32 1 0 1 0 1 0 34 32 32 
0
0 0 0 0 0 0 0 0 2 
0 2 1 0 0 0 1 0 0 0 0 0 0 0 0 0 0 0 0 0 1 0 1 2 2 2 1 0 1 0 2 0 1 0 0 2 0 0 0 0 1 0 0 0 1 0 2 0 0 0 0 0 0 0 0 0 0 2 1 0 0 0 2 0 0 2 2 0 0 1 2 0 1 0 1 0 1 0 2 0 0 
0 2 1 0 0 0 1 0 0 0 0 0 0 0 0 0 0 0 0 0 1 0 1 2 2 2 1 0 1 0 2 0 1 0 0 2 0 0 0 0 1 0 0 0 1 0 2 0 0 0 0 0 0 0 0 0 0 2 1 0 32 32 34 0 0 2 2 0 0 33 34 32 1 0 1 0 1 0 34 32 32 
0
0 0 0 0 0 0 0 0 2 
0 2 1 0 0 0 1 0 0 0 0 0 0 0 2 0 0 0 0 0 1 0 1 2 2 2 1 0 1 0 2 0 1 0 0 2 0 0 0 0 1 0 0 0 1 0 2 0 0 0 0 0 0 0 0 0 0 2 1 0 0 0 2 0 0 2 2 0 0 1 2 0 1 0 1 0 1 0 2 0 0 
0 2 1 0 0 0 1 0 0 0 0 0 0 0 2 0 0 0 0 0 1 0 1 2 2 2 1 0 1 0 2 0 1 0 0 2 0 0 0 0 1 0 0 0 1 0 2 0 0 0 0 0 0 0 0 0 0 2 1 0 32 32 34 0 0 2 2 0 0 33 34 32 1 0 1 0 1 0 34 32 32 
0
0 0 0 0 0 0 0 0 2 
0 2 1 0 0 0 1 0 0 0 0 0 0 0 2 0 0 0 0 0 1 0 1 2 2 2 1 0 1 0 2 0 1 0 1 2 0 0 0 0 1 0 0 0 1 0 2 0 0 0 0 0 0 0 0 0 0 2 1 0 0 0 2 0 0 2 2 0 0 1 2 0 1 0 1 0 1 0 2 0 0 
0 2 1 0 0 0 1 0 0 0 0 0 0 0 2 0 0 0 0 0 1 0 1 2 2 2 1 0 1 0 2 0 1 0 1 2 0 0 0 0 1 0 0 0 1 0 2 0 0 0 0 0 0 0 0 0 0 2 1 0 32 32 34 0 0 2 2 0 0 33 34 32 1 0 1 0 1 0 34 32 32 
0
0 2 0 0 0 0 0 0 2 
0 2 1 0 0 2 1 0 0 0 0 0 0 0 2 0 0 0 0 0 1 0 1 2 2 2 1 0 1 0 2 0 1 0 1 2 0 0 0 0 1 0 0 0 1 0 2 0 0 0 0 0 0 0 0 0 0 2 1 0 0 0 2 0 0 2 2 0 0 1 2 0 1 0 1 0 1 0 2 0 0 
0 2 1 32 32 34 1 0 0 0 0 0 32 32 34 0 0 0 0 0 1 32 33 34 2 2 1 0 1 0 2 0 1 0 1 2 0 0 0 0 1 0 0 0 1 0 2 0 0 0 0 0 0 0 0 0 0 2 1 0 32 32 34 0 0 2 2 0 0 33 34 32 1 0 1 0 1 0 34 32 32 
0
0 2 1 0 0 0 0 0 2 
0 2 1 0 0 2 1 0 0 0 0 0 0 0 2 0 1 0 0 0 1 0 1 2 2 2 1 0 1 0 2 0 1 0 1 2 0 0 0 0 1 0 0 0 1 0 2 0 0 0 0 0 0 0 0 0 0 2 1 0 0 0 2 0 0 2 2 0 0 1 2 0 1 0 1 0 1 0 2 0 0 
0 2 1 32 32 34 17 16 16 0 0 0 32 32 34 16 17 16 0 0 1 32 33 34 18 18 17 0 1 0 2 0 1 0 1 2 0 0 0 0 1 0 0 0 1 0 2 0 0 0 0 0 0 0 0 0 0 2 1 0 32 32 34 0 0 2 2 0 0 33 34 32 1 0 1 0 1 0 34 32 32 
0
0 2 1 0 0 0 0 0 2 
0 2 1 0 0 2 1 0 0 0 0 0 0 0 2 0 1 0 0 0 1 0 1 2 2 2 1 0 1 0 2 0 1 0 1 2 0 0 0 0 1 2 0 0 1 0 2 0 0 0 0 0 0 0 0 0 0 2 1 0 0 0 2 0 0 2 2 0 0 1 2 0 1 0 1 0 1 0 2 0 0 
0 2 1 32 32 34 17 16 16 0 0 0 32 32 34 16 17 16 0 0 1 32 33 34 18 18 17 0 1 0 2 0 1 0 1 2 0 0 0 0 1 2 0 0 1 0 2 0 0 0 0 0 0 0 0 0 0 2 1 0 32 32 34 0 0 2 2 0 0 33 34 32 1 0 1 0 1 0 34 32 32 
0
0 2 1 0 0 0 0 0 2 
0 2 1 0 0 2 1 0 0 0 0 0 0 0 2 0 1 0 0 0 1 0 1 2 2 2 1 0 1 0 2 0 1 0 1 2 0 0 0 0 1 2 1 0 1 0 2 0 0 0 0 0 0 0 0 0 0 2 1 0 0 0 2 0 0 2 2 0 0 1 2 0 1 0 1 0 1 0 2 0 0 
0 2 1 32 32 34 17 16 16 0 0 0 32 32 34 16 17 16 0 0 1 32 33 34 18 18 17 0 1 0 2 0 1 0 1 2 0 0 0 0 1 2 1 0 1 0 2 0 0 0 0 0 0 0 0 0 0 2 1 0 32 32 34 0 0 2 2 0 0 33 34 32 1 0 1 0 1 0 34 32 32 
0
0 2 1 0 0 0 0 0 2 
0 2 1 0 0 2 1 0 0 0 0 0 0 0 2 0 1 0 0 0 1 0 1 2 2 2 1 0 1 0 2 0 1 0 1 2 0 0 2 0 1 2 1 0 1 0 2 0 0 0 0 0 0 0 0 0 0 2 1 0 0 0 2 0 0 2 2 0 0 1 2 0 1 0 1 0 1 0 2 0 0 
0 2 1 32 32 34 17 16 16 0 0 0 32 32 34 16 17 16 0 0 1 32 33 34 18 18 17 0 1 0 2 0 1 0 1 2 0 0 2 0 1 2 1 0 1 0 2 0 0 0 0 0 0 0 0 0 0 2 1 0 32 32 34 0 0 2 2 0 0 33 34 32 1 0 1 0 1 0 34 32 32 
0
0 2 1 0 0 0 0 0 2 
0 2 1 0 0 2 1 0 0 0 0 0 0 0 2 0 1 0 0 0 1 0 1 2 2 2 1 0 1 0 2 0 1 0 1 2 0 0 2 0 1 2 1 0 1 0 2 0 0 0 0 0 1 0 0 0 0 2 1 0 0 0 2 0 0 2 2 0 0 1 2 0 1 0 1 0 1 0 2 0 0 
0 2 1 32 32 34 17 16 16 0 0 0 32 32 34 16 17 16 0 0 1 32 33 34 18 18 17 0 1 0 2 0 1 0 1 2 0 0 2 0 1 2 1 0 1 0 2 0 0 0 0 0 1 0 0 0 0 2 1 0 32 32 34 0 0 2 2 0 0 33 34 32 1 0 1 0 1 0 34 32 32 
0
0 2 1 0 0 0 0 2 2 
0 2 1 0 0 2 1 0 0 0 0 0 0 0 2 0 1 0 0 0 1 0 1 2 2 2 1 0 1 0 2 0 1 0 1 2 0 0 2 0 1 2 1 0 1 0 2 0 0 0 0 0 1 0 0 0 0 2 1 0 0 0 2 0 0 2 2 0 0 1 2 0 1 0 1 2 1 0 2 0 0 
0 2 1 32 32 34 17 16 16 0 0 0 32 32 34 16 17 16 0 0 1 32 33 34 18 18 17 0 1 0 2 0 1 0 1 2 0 0 2 0 1 2 1 0 1 0 2 0 0 0 0 0 1 0 0 0 0 34 33 32 32 32 34 0 0 2 34 32 32 33 34 32 1 0 1 34 33 32 34 32 32 
0
0 2 1 0 0 0 0 2 2 
0 2 1 0 0 2 1 0 0 0 0 0 0 0 2 0 1 0 0 0 1 0 1 2 2 2 1 0 1 0 2 0 1 0 1 2 0 0 2 0 1 2 1 0 1 0 2 0 0 0 0 0 1 0 0 0 0 2 1 0 0 0 2 1 0 2 2 0 0 1 2 0 1 0 1 2 1 0 2 0 0 
0 2 1 32 32 34 17 16 16 0 0 0 32 32 34 16 17 16 0 0 1 32 33 34 18 18 17 0 1 0 2 0 1 0 1 2 0 0 2 0 1 2 1 0 1 0 2 0 0 0 0 0 1 0 0 0 0 34 33 32 32 32 34 1 0 2 34 32 32 33 34 32 1 0 1 34 33 32 34 32 32 
0
0 2 1 0 0 0 0 2 2 
0 2 1 0 0 2 1 0 0 0 0 0 0 0 2 0 1 0 0 0 1 0 1 2 2 2 1 0 1 0 2 0 1 0 1 2 2 0 2 0 1 2 1 0 1 0 2 0 0 0 0 0 1 0 0 0 0 2 1 0 0 0 2 1 0 2 2 0 0 1 2 0 1 0 1 2 1 0 2 0 0 
0 2 1 32 32 34 17 16 16 0 0 0 32 32 34 16 17 16 0 0 1 32 33 34 18 18 17 0 1 0 2 0 1 0 1 2 2 0 2 0 1 2 1 0 1 0 2 0 0 0 0 0 1 0 0 0 0 34 33 32 32 32 34 1 0 2 34 32 32 33 34 32 1 0 1 34 33 32 34 32 32 
0
0 2 1 0 0 0 0 2 2 
0 2 1 0 0 2 1 0 0 0 0 0 0 0 2 0 1 0 0 0 1 0 1 2 2 2 1 1 1 0 2 0 1 0 1 2 2 0 2 0 1 2 1 0 1 0 2 0 0 0 0 0 1 0 0 0 0 2 1 0 0 0 2 1 0 2 2 0 0 1 2 0 1 0 1 2 1 0 2 0 0 
0 2 1 32 32 34 17 16 16 0 0 0 32 32 34 16 17 16 0 0 1 32 33 34 18 18 17 1 1 0 2 0 1 0 1 2 2 0 2 0 1 2 1 0 1 0 2 0 0 0 0 0 1 0 0 0 0 34 33 32 32 32 34 1 0 2 34 32 32 33 34 32 1 0 1 34 33 32 34 32 32 
0
0 2 1 0 0 0 0 2 2 
0 2 1 0 0 2 1 0 0 0 0 2 0 0 2 0 1 0 0 0 1 0 1 2 2 2 1 1 1 0 2 0 1 0 1 2 2 0 2 0 1 2 1 0 1 0 2 0 0 0 0 0 1 0 0 0 0 2 1 0 0 0 2 1 0 2 2 0 0 1 2 0 1 0 1 2 1 0 2 0 0 
0 2 1 32 32 34 17 16 16 0 0 2 32 32 34 16 17 16 0 0 1 32 33 34 18 18 17 1 1 0 2 0 1 0 1 2 2 0 2 0 1 2 1 0 1 0 2 0 0 0 0 0 1 0 0 0 0 34 33 32 32 32 34 1 0 2 34 32 32 33 34 32 1 0 1 34 33 32 34 32 32 
0
0 2 1 0 0 0 0 2 2 
0 2 1 0 0 2 1 0 0 0 0 2 0 0 2 0 1 0 0 0 1 0 1 2 2 2 1 1 1 0 2 0 1 1 1 2 2 0 2 0 1 2 1 0 1 0 2 0 0 0 0 0 1 0 0 0 0 2 1 0 0 0 2 1 0 2 2 0 0 1 2 0 1 0 1 2 1 0 2 0 0 
0 2 1 32 32 34 17 16 16 0 0 2 32 32 34 16 17 16 0 0 1 32 33 34 18 18 17 1 1 0 2 0 1 1 1 2 2 0 2 0 1 2 1 0 1 0 2 0 0 0 0 0 1 0 0 0 0 34 33 32 32 32 34 1 0 2 34 32 32 33 34 32 1 0 1 34 33 32 34 32 32 
0
0 2 1 0 0 0 0 2 2 
0 2 1 0 0 2 1 0 0 2 0 2 0 0 2 0 1 0 0 0 1 0 1 2 2 2 1 1 1 0 2 0 1 1 1 2 2 0 2 0 1 2 1 0 1 0 2 0 0 0 0 0 1 0 0 0 0 2 1 0 0 0 2 1 0 2 2 0 0 1 2 0 1 0 1 2 1 0 2 0 0 
0 2 1 32 32 34 17 16 16 2 0 2 32 32 34 16 17 16 0 0 1 32 33 34 18 18 17 1 1 0 2 0 1 1 1 2 2 0 2 0 1 2 1 0 1 0 2 0 0 0 0 0 1 0 0 0 0 34 33 32 32 32 34 1 0 2 34 32 32 33 34 32 1 0 1 34 33 32 34 32 32 
0
0 2 1 0 0 0 0 2 2 
0 2 1 0 0 2 1 0 0 2 0 2 0 0 2 0 1 0 0 0 1 0 1 2 2 2 1 1 1 0 2 0 1 1 1 2 2 0 2 0 1 2 1 0 1 1 2 0 0 0 0 0 1 0 0 0 0 2 1 0 0 0 2 1 0 2 2 0 0 1 2 0 1 0 1 2 1 0 2 0 0 
0 2 1 32 32 34 17 16 16 2 0 2 32 32 34 16 17 16 0 0 1 32 33 34 18 18 17 1 1 0 2 0 1 1 1 2 2 0 2 0 1 2 1 0 1 1 2 0 0 0 0 0 1 0 0 0 0 34 33 32 32 32 34 1 0 2 34 32 32 33 34 32 1 0 1 34 33 32 34 32 32 
0
0 2 1 0 0 0 0 2 2 
0 2 1 0 0 2 1 0 0 2 0 2 0 0 2 0 1 0 0 0 1 0 1 2 2 2 1 1 1 0 2 0 1 1 1 2 2 0 2 0 1 2 1 0 1 1 2 0 0 0 0 0 1 0 2 0 0 2 1 0 0 0 2 1 0 2 2 0 0 1 2 0 1 0 1 2 1 0 2 0 0 
0 2 1 32 32 34 17 16 16 2 0 2 32 32 34 16 17 16 0 0 1 32 33 34 18 18 17 1 1 0 2 0 1 1 1 2 2 0 2 0 1 2 1 0 1 1 2 0 0 0 0 0 1 0 2 0 0 34 33 32 32 32 34 1 0 2 34 32 32 33 34 32 1 0 1 34 33 32 34 32 32 
0
0 2 1 0 0 0 0 2 2 
0 2 1 0 0 2 1 0 0 2 0 2 0 0 2 0 1 0 1 0 1 0 1 2 2 2 1 1 1 0 2 0 1 1 1 2 2 0 2 0 1 2 1 0 1 1 2 0 0 0 0 0 1 0 2 0 0 2 1 0 0 0 2 1 0 2 2 0 0 1 2 0 1 0 1 2 1 0 2 0 0 
0 2 1 32 32 34 17 16 16 2 0 2 32 32 34 16 17 16 1 0 1 32 33 34 18 18 17 1 1 0 2 0 1 1 1 2 2 0 2 0 1 2 1 0 1 1 2 0 0 0 0 0 1 0 2 0 0 34 33 32 32 32 34 1 0 2 34 32 32 33 34 32 1 0 1 34 33 32 34 32 32 
0
0 2 1 0 0 0 0 2 2 
0 2 1 0 0 2 1 0 0 2 0 2 0 0 2 0 1 0 1 0 1 0 1 2 2 2 1 1 1 0 2 0 1 1 1 2 2 0 2 0 1 2 1 0 1 1 2 0 0 0 0 0 1 0 2 0 2 2 1 0 0 0 2 1 0 2 2 0 0 1 2 0 1 0 1 2 1 0 2 0 0 
0 2 1 32 32 34 17 16 16 2 0 2 32 32 34 16 17 16 1 0 1 32 33 34 18 18 17 1 1 0 2 0 1 1 1 2 2 0 2 0 1 2 1 0 1 1 2 0 0 0 0 0 1 0 2 0 2 34 33 32 32 32 34 1 0 2 34 32 32 33 34 32 1 0 1 34 33 32 34 32 32 
0
0 2 1 0 0 0 0 2 2 
1 2 1 0 0 2 1 0 0 2 0 2 0 0 2 0 1 0 1 0 1 0 1 2 2 2 1 1 1 0 2 0 1 1 1 2 2 0 2 0 1 2 1 0 1 1 2 0 0 0 0 0 1 0 2 0 2 2 1 0 0 0 2 1 0 2 2 0 0 1 2 0 1 0 1 2 1 0 2 0 0 
1 2 1 32 32 34 17 16 16 2 0 2 32 32 34 16 17 16 1 0 1 32 33 34 18 18 17 1 1 0 2 0 1 1 1 2 2 0 2 0 1 2 1 0 1 1 2 0 0 0 0 0 1 0 2 0 2 34 33 32 32 32 34 1 0 2 34 32 32 33 34 32 1 0 1 34 33 32 34 32 32 
0
2 2 1 0 0 0 0 2 2 
1 2 1 0 0 2 1 0 0 2 2 2 0 0 2 0 1 0 1 0 1 0 1 2 2 2 1 1 1 0 2 0 1 1 1 2 2 0 2 0 1 2 1 0 1 1 2 0 0 0 0 0 1 0 2 0 2 2 1 0 0 0 2 1 0 2 2 0 0 1 2 0 1 0 1 2 1 0 2 0 0 
33 34 33 32 32 34 17 16 16 34 34 34 32 32 34 16 17 16 33 32 33 32 33 34 18 18 17 1 1 0 2 0 1 1 1 2 2 0 2 0 1 2 1 0 1 1 2 0 0 0 0 0 1 0 2 0 2 34 33 32 32 32 34 1 0 2 34 32 32 33 34 32 1 0 1 34 33 32 34 32 32 
0
2 2 1 0 0 0 0 2 2 
1 2 1 0 0 2 1 0 0 2 2 2 0 0 2 0 1 0 1 0 1 0 1 2 2 2 1 1 1 0 2 0 1 1 1 2 2 0 2 1 1 2 1 0 1 1 2 0 0 0 0 0 1 0 2 0 2 2 1 0 0 0 2 1 0 2 2 0 0 1 2 0 1 0 1 2 1 0 2 0 0 
33 34 33 32 32 34 17 16 16 34 34 34 32 32 34 16 17 16 33 32 33 32 33 34 18 18 17 1 1 0 2 0 1 1 1 2 2 0 2 1 1 2 1 0 1 1 2 0 0 0 0 0 1 0 2 0 2 34 33 32 32 32 34 1 0 2 34 32 32 33 34 32 1 0 1 34 33 32 34 32 32 
0
2 2 1 2 0 0 0 2 2 
1 2 1 0 0 2 1 0 0 2 2 2 0 0 2 0 1 0 1 0 1 0 1 2 2 2 1 1 1 0 2 0 1 1 1 2 2 2 2 1 1 2 1 0 1 1 2 0 0 0 0 0 1 0 2 0 2 2 1 0 0 0 2 1 0 2 2 0 0 1 2 0 1 0 1 2 1 0 2 0 0 
33 34 33 32 32 34 17 16 16 34 34 34 32 32 34 16 17 16 33 32 33 32 33 34 18 18 17 33 33 32 2 0 1 1 1 2 34 34 34 1 1 2 1 0 1 33 34 32 0 0 0 0 1 0 2 0 2 34 33 32 32 32 34 1 0 2 34 32 32 33 34 32 1 0 1 34 33 32 34 32 32 
0
2 2 1 2 0 0 0 2 2 
1 2 1 0 0 2 1 0 0 2 2 2 0 0 2 0 1 0 1 0 1 0 1 2 2 2 1 1 1 0 2 0 1 1 1 2 2 2 2 1 1 2 1 0 1 1 2 0 0 1 0 0 1 0 2 0 2 2 1 0 0 0 2 1 0 2 2 0 0 1 2 0 1 0 1 2 1 0 2 0 0 
33 34 33 32 32 34 17 16 16 34 34 34 32 32 34 16 17 16 33 32 33 32 33 34 18 18 17 33 33 32 2 0 1 1 1 2 34 34 34 1 1 2 1 0 1 33 34 32 0 1 0 0 1 0 2 0 2 34 33 32 32 32 34 1 0 2 34 32 32 33 34 32 1 0 1 34 33 32 34 32 32 
0
2 2 1 2 0 0 2 2 2 
1 2 1 0 0 2 1 0 0 2 2 2 0 0 2 0 1 0 1 0 1 0 1 2 2 2 1 1 1 0 2 0 1 1 1 2 2 2 2 1 1 2 1 0 1 1 2 0 0 1 0 0 1 0 2 2 2 2 1 0 0 0 2 1 0 2 2 0 0 1 2 0 1 0 1 2 1 0 2 0 0 
33 34 33 32 32 34 17 16 16 34 34 34 32 32 34 16 17 16 33 32 33 32 33 34 18 18 17 33 33 32 2 0 1 1 1 2 34 34 34 1 1 2 1 0 1 33 34 32 0 1 0 0 1 0 34 34 34 34 33 32 32 32 34 33 32 34 34 32 32 33 34 32 33 32 33 34 33 32 34 32 32 
0
2 2 1 2 0 0 2 2 2 
1 2 1 0 0 2 1 0 0 2 2 2 0 0 2 0 1 0 1 0 1 0 1 2 2 2 1 1 1 0 2 0 1 1 1 2 2 2 2 1 1 2 1 0 1 1 2 0 0 1 0 0 1 0 2 2 2 2 1 0 0 0 2 1 0 2 2 0 0 1 2 0 1 0 1 2 1 0 2 0 0 
33 34 33 32 32 34 17 16 16 34 34 34 32 32 34 16 17 16 33 32 33 32 33 34 18 18 17 33 33 32 2 0 1 1 1 2 34 34 34 1 1 2 1 0 1 33 34 32 0 1 0 0 1 0 34 34 34 34 33 32 32 32 34 33 32 34 34 32 32 33 34 32 33 32 33 34 33 32 34 32 32 
0
