0 0 0 0 0 0 0 0 0 
0 0 0 0 0 0 0 0 0 0 0 0 0 0 0 0 0 0 0 0 0 0 0 0 0 0 0 0 0 0 0 0 0 0 0 0 0 0 0 0 1 0 0 0 0 0 0 0 0 0 0 0 0 0 0 0 0 0 0 0 0 0 0 0 0 0 0 0 0 0 0 0 0 0 0 0 0 0 0 0 0 
0 0 0 0 0 0 0 0 0 0 0 0 0 0 0 0 0 0 0 0 0 0 0 0 0 0 0 0 0 0 0 0 0 0 0 0 0 0 0 0 1 0 0 0 0 0 0 0 0 0 0 0 0 0 0 0 0 0 0 0 0 0 0 0 0 0 0 0 0 0 0 0 0 0 0 0 0 0 0 0 0 
1
0 0 0 0 0 0 0 0 0 
0 0 0 0 0 0 0 0 0 0 0 0 0 0 0 0 0 0 0 0 0 0 0 0 0 0 0 0 0 0 2 0 0 0 0 0 0 0 0 0 1 0 0 0 0 0 0 0 0 0 0 0 0 0 0 0 0 0 0 0 0 0 0 0 0 0 0 0 0 0 0 0 0 0 0 0 0 0 0 0 0 
0 0 0 0 0 0 0 0 0 0 0 0 0 0 0 0 0 0 0 0 0 0 0 0 0 0 0 0 0 0 2 0 0 0 0 0 0 0 0 0 1 0 0 0 0 0 0 0 0 0 0 0 0 0 0 0 0 0 0 0 0 0 0 0 0 0 0 0 0 0 0 0 0 0 0 0 0 0 0 0 0 
1
0 0 0 0 0 0 0 0 0 
0 0 0 0 0 0 0 0 0 1 0 0 0 0 0 0 0 0 0 0 0 0 0 0 0 0 0 0 0 0 2 0 0 0 0 0 0 0 0 0 1 0 0 0 0 0 0 0 0 0 0 0 0 0 0 0 0 0 0 0 0 0 0 0 0 0 0 0 0 0 0 0 0 0 0 0 0 0 0 0 0 
0 0 0 0 0 0 0 0 0 1 0 0 0 0 0 0 0 0 0 0 0 0 0 0 0 0 0 0 0 0 2 0 0 0 0 0 0 0 0 0 1 0 0 0 0 0 0 0 0 0 0 0 0 0 0 0 0 0 0 0 0 0 0 0 0 0 0 0 0 0 0 0 0 0 0 0 0 0 0 0 0 
1
0 0 0 0 0 0 0 0 0 
0 0 0 0 0 0 0 0 0 1 0 0 0 0 0 0 0 0 0 0 0 0 0 0 0 0 0 0 0 0 2 0 0 0 0 0 0 0 0 0 1 0 0 0 0 0 2 0 0 0 0 0 0 0 0 0 0 0 0 0 0 0 0 0 0 0 0 0 0 0 0 0 0 0 0 0 0 0 0 0 0 
0 0 0 0 0 0 0 0 0 1 0 0 0 0 0 0 0 0 0 0 0 0 0 0 0 0 0 0 0 0 2 0 0 0 0 0 0 0 0 0 1 0 0 0 0 0 2 0 0 0 0 0 0 0 0 0 0 0 0 0 0 0 0 0 0 0 0 0 0 0 0 0 0 0 0 0 0 0 0 0 0 
1
0 0 0 0 0 0 0 0 0 
0 0 0 0 0 0 0 0 0 1 0 0 0 0 0 0 0 0 0 0 0 0 0 0 0 0 0 0 0 0 2 0 0 0 0 0 0 0 0 0 1 0 0 0 0 0 2 0 0 0 0 0 0 0 0 0 0 0 0 0 0 0 0 0 0 0 0 0 0 0 0 0 0 0 0 0 1 0 0 0 0 
0 0 0 0 0 0 0 0 0 1 0 0 0 0 0 0 0 0 0 0 0 0 0 0 0 0 0 0 0 0 2 0 0 0 0 0 0 0 0 0 1 0 0 0 0 0 2 0 0 0 0 0 0 0 0 0 0 0 0 0 0 0 0 0 0 0 0 0 0 0 0 0 0 0 0 0 1 0 0 0 0 
1
0 0 0 0 0 0 0 0 0 
0 0 0 0 0 0 0 0 0 1 0 0 0 0 0 0 0 0 0 0 0 0 0 0 0 0 0 0 0 0 2 0 0 0 0 0 0 0 0 0 1 0 0 0 0 0 2 0 0 0 0 0 0 0 0 0 0 0 2 0 0 0 0 0 0 0 0 0 0 0 0 0 0 0 0 0 1 0 0 0 0 
0 0 0 0 0 0 0 0 0 1 0 0 0 0 0 0 0 0 0 0 0 0 0 0 0 0 0 0 0 0 2 0 0 0 0 0 0 0 0 0 1 0 0 0 0 0 2 0 0 0 0 0 0 0 0 0 0 0 2 0 0 0 0 0 0 0 0 0 0 0 0 0 0 0 0 0 1 0 0 0 0 
1
0 0 0 0 0 0 0 0 0 
0 0 0 0 0 0 0 0 0 1 0 0 0 0 1 0 0 0 0 0 0 0 0 0 0 0 0 0 0 0 2 0 0 0 0 0 0 0 0 0 1 0 0 0 0 0 2 0 0 0 0 0 0 0 0 0 0 0 2 0 0 0 0 0 0 0 0 0 0 0 0 0 0 0 0 0 1 0 0 0 0 
0 0 0 0 0 0 0 0 0 1 0 0 0 0 1 0 0 0 0 0 0 0 0 0 0 0 0 0 0 0 2 0 0 0 0 0 0 0 0 0 1 0 0 0 0 0 2 0 0 0 0 0 0 0 0 0 0 0 2 0 0 0 0 0 0 0 0 0 0 0 0 0 0 0 0 0 1 0 0 0 0 
1
0 0 0 0 0 0 0 0 0 
0 0 0 0 0 0 0 0 0 1 0 0 0 0 1 0 0 0 0 0 0 0 0 0 0 0 0 0 0 0 2 0 0 0 0 0 0 0 0 0 1 0 0 0 0 0 2 0 0 0 0 0 2 0 0 0 0 0 2 0 0 0 0 0 0 0 0 0 0 0 0 0 0 0 0 0 1 0 0 0 0 
0 0 0 0 0 0 0 0 0 1 0 0 0 0 1 0 0 0 0 0 0 0 0 0 0 0 0 0 0 0 2 0 0 0 0 0 0 0 0 0 1 0 0 0 0 0 2 0 0 0 0 0 2 0 0 0 0 0 2 0 0 0 0 0 0 0 0 0 0 0 0 0 0 0 0 0 1 0 0 0 0 
1
0 0 0 0 0 0 0 0 0 
0 0 0 0 0 0 0 0 0 1 0 0 0 0 1 0 0 0 0 0 0 0 0 0 0 0 0 0 0 0 2 0 0 0 0 0 0 0 0 0 1 0 0 0 0 0 2 0 0 0 0 0 2 0 0 0 0 0 2 1 0 0 0 0 0 0 0 0 0 0 0 0 0 0 0 0 1 0 0 0 0 
0 0 0 0 0 0 0 0 0 1 0 0 0 0 1 0 0 0 0 0 0 0 0 0 0 0 0 0 0 0 2 0 0 0 0 0 0 0 0 0 1 0 0 0 0 0 2 0 0 0 0 0 2 0 0 0 0 0 2 1 0 0 0 0 0 0 0 0 0 0 0 0 0 0 0 0 1 0 0 0 0 
1
0 0 0 0 0 0 0 0 0 
0 0 0 0 0 0 0 0 0 1 0 0 0 0 1 0 0 0 0 0 0 0 0 0 2 0 0 0 0 0 2 0 0 0 0 0 0 0 0 0 1 0 0 0 0 0 2 0 0 0 0 0 2 0 0 0 0 0 2 1 0 0 0 0 0 0 0 0 0 0 0 0 0 0 0 0 1 0 0 0 0 
0 0 0 0 0 0 0 0 0 1 0 0 0 0 1 0 0 0 0 0 0 0 0 0 2 0 0 0 0 0 2 0 0 0 0 0 0 0 0 0 1 0 0 0 0 0 2 0 0 0 0 0 2 0 0 0 0 0 2 1 0 0 0 0 0 0 0 0 0 0 0 0 0 0 0 0 1 0 0 0 0 
1
0 0 0 0 0 0 0 0 0 
0 0 0 0 0 0 0 0 0 1 0 0 0 0 1 0 0 0 0 0 0 0 0 0 2 0 0 0 0 0 2 0 0 0 0 0 0 0 0 0 1 0 0 0 0 0 2 0 0 0 0 0 2 0 1 0 0 0 2 1 0 0 0 0 0 0 0 0 0 0 0 0 0 0 0 0 1 0 0 0 0 
0 0 0 0 0 0 0 0 0 1 0 0 0 0 1 0 0 0 0 0 0 0 0 0 2 0 0 0 0 0 2 0 0 0 0 0 0 0 0 0 1 0 0 0 0 0 2 0 0 0 0 0 2 0 1 0 0 0 2 1 0 0 0 0 0 0 0 0 0 0 0 0 0 0 0 0 1 0 0 0 0 
1
0 0 0 0 0 0 0 0 0 
0 0 0 0 0 0 0 0 0 1 0 0 0 0 1 0 0 0 0 2 0 0 0 0 2 0 0 0 0 0 2 0 0 0 0 0 0 0 0 0 1 0 0 0 0 0 2 0 0 0 0 0 2 0 1 0 0 0 2 1 0 0 0 0 0 0 0 0 0 0 0 0 0 0 0 0 1 0 0 0 0 
0 0 0 0 0 0 0 0 0 1 0 0 0 0 1 0 0 0 0 2 0 0 0 0 2 0 0 0 0 0 2 0 0 0 0 0 0 0 0 0 1 0 0 0 0 0 2 0 0 0 0 0 2 0 1 0 0 0 2 1 0 0 0 0 0 0 0 0 0 0 0 0 0 0 0 0 1 0 0 0 0 
1
0 0 0 0 0 0 0 0 0 
0 0 0 0 0 0 0 0 0 1 0 0 0 0 1 0 0 0 0 2 0 0 0 0 2 0 0 0 0 0 2 0 0 0 0 0 0 0 0 0 1 0 0 0 0 0 2 0 0 0 0 0 2 0 1 0 0 0 2 1 0 0 0 0 0 0 0 0 0 0 0 0 0 0 0 1 1 0 0 0 0 
0 0 0 0 0 0 0 0 0 1 0 0 0 0 1 0 0 0 0 2 0 0 0 0 2 0 0 0 0 0 2 0 0 0 0 0 0 0 0 0 1 0 0 0 0 0 2 0 0 0 0 0 2 0 1 0 0 0 2 1 0 0 0 0 0 0 0 0 0 0 0 0 0 0 0 1 1 0 0 0 0 
1
0 0 0 0 0 0 0 0 0 
0 0 0 0 0 0 0 0 0 1 0 0 0 0 1 0 0 0 0 2 0 0 0 0 2 0 0 0 0 0 2 0 0 0 0 0 0 0 0 0 1 0 0 0 0 0 2 0 0 0 0 0 2 0 1 0 0 0 2 1 0 0 0 0 0 0 0 0 0 0 0 0 0 2 0 1 1 0 0 0 0 
0 0 0 0 0 0 0 0 0 1 0 0 0 0 1 0 0 0 0 2 0 0 0 0 2 0 0 0 0 0 2 0 0 0 0 0 0 0 0 0 1 0 0 0 0 0 2 0 0 0 0 0 2 0 1 0 0 0 2 1 0 0 0 0 0 0 0 0 0 0 0 0 0 2 0 1 1 0 0 0 0 
1
0 0 0 0 0 0 0 1 0 
0 0 0 0 0 0 0 0 0 1 0 0 0 0 1 0 0 0 0 2 0 0 0 0 2 0 0 0 0 0 2 0 0 0 0 0 0 0 0 0 1 0 0 0 0 0 2 0 0 0 0 0 2 0 1 0 0 0 2 1 0 0 0 0 0 0 0 0 0 0 0 0 0 2 0 1 1 1 0 0 0 
0 0 0 0 0 0 0 0 0 1 0 0 0 0 1 0 0 0 0 2 0 0 0 0 2 0 0 0 0 0 2 0 0 0 0 0 0 0 0 0 1 0 0 0 0 0 2 0 0 0 0 0 2 0 1 0 0 16 18 17 0 0 0 0 0 0 16 16 16 0 0 0 0 2 0 17 17 17 0 0 0 
1
0 0 0 0 0 0 0 1 0 
0 0 0 0 0 0 0 0 0 1 0 0 0 0 1 0 0 0 0 2 0 0 0 0 2 0 0 0 0 0 2 0 0 0 0 0 0 0 0 0 1 0 0 0 0 0 2 0 0 0 0 0 2 0 1 0 0 0 2 1 0 0 2 0 0 0 0 0 0 0 0 0 0 2 0 1 1 1 0 0 0 
0 0 0 0 0 0 0 0 0 1 0 0 0 0 1 0 0 0 0 2 0 0 0 0 2 0 0 0 0 0 2 0 0 0 0 0 0 0 0 0 1 0 0 0 0 0 2 0 0 0 0 0 2 0 1 0 0 16 18 17 0 0 2 0 0 0 16 16 16 0 0 0 0 2 0 17 17 17 0 0 0 
1
0 0 0 0 0 0 0 1 0 
0 0 0 0 0 0 0 0 0 1 0 0 0 0 1 1 0 0 0 2 0 0 0 0 2 0 0 0 0 0 2 0 0 0 0 0 0 0 0 0 1 0 0 0 0 0 2 0 0 0 0 0 2 0 1 0 0 0 2 1 0 0 2 0 0 0 0 0 0 0 0 0 0 2 0 1 1 1 0 0 0 
0 0 0 0 0 0 0 0 0 1 0 0 0 0 1 1 0 0 0 2 0 0 0 0 2 0 0 0 0 0 2 0 0 0 0 0 0 0 0 0 1 0 0 0 0 0 2 0 0 0 0 0 2 0 1 0 0 16 18 17 0 0 2 0 0 0 16 16 16 0 0 0 0 2 0 17 17 17 0 0 0 
1
0 0 0 0 0 0 0 1 0 
0 0 0 0 0 0 0 0 0 1 0 0 0 0 1 1 0 0 0 2 0 0 0 0 2 0 0 0 0 0 2 0 0 0 0 0 2 0 0 0 1 0 0 0 0 0 2 0 0 0 0 0 2 0 1 0 0 0 2 1 0 0 2 0 0 0 0 0 0 0 0 0 0 2 0 1 1 1 0 0 0 
0 0 0 0 0 0 0 0 0 1 0 0 0 0 1 1 0 0 0 2 0 0 0 0 2 0 0 0 0 0 2 0 0 0 0 0 2 0 0 0 1 0 0 0 0 0 2 0 0 0 0 0 2 0 1 0 0 16 18 17 0 0 2 0 0 0 16 16 16 0 0 0 0 2 0 17 17 17 0 0 0 
1
0 0 0 0 0 0 0 1 0 
0 0 0 0 0 0 0 0 0 1 0 0 0 0 1 1 0 0 0 2 0 0 0 0 2 0 0 0 0 0 2 0 0 0 0 0 2 0 1 0 1 0 0 0 0 0 2 0 0 0 0 0 2 0 1 0 0 0 2 1 0 0 2 0 0 0 0 0 0 0 0 0 0 2 0 1 1 1 0 0 0 
0 0 0 0 0 0 0 0 0 1 0 0 0 0 1 1 0 0 0 2 0 0 0 0 2 0 0 0 0 0 2 0 0 0 0 0 2 0 1 0 1 0 0 0 0 0 2 0 0 0 0 0 2 0 1 0 0 16 18 17 0 0 2 0 0 0 16 16 16 0 0 0 0 2 0 17 17 17 0 0 0 
1
0 0 0 0 0 0 0 1 0 
0 0 0 0 0 0 0 0 0 1 0 0 0 0 1 1 0 0 0 2 0 0 0 0 2 0 0 0 0 0 2 0 0 0 0 0 2 0 1 0 1 0 0 0 0 0 2 0 0 0 0 2 2 0 1 0 0 0 2 1 0 0 2 0 0 0 0 0 0 0 0 0 0 2 0 1 1 1 0 0 0 
0 0 0 0 0 0 0 0 0 1 0 0 0 0 1 1 0 0 0 2 0 0 0 0 2 0 0 0 0 0 2 0 0 0 0 0 2 0 1 0 1 0 0 0 0 0 2 0 0 0 0 2 2 0 1 0 0 16 18 17 0 0 2 0 0 0 16 16 16 0 0 0 0 2 0 17 17 17 0 0 0 
1
0 0 0 0 0 0 0 1 0 
0 0 0 0 0 0 0 0 0 1 0 0 0 0 1 1 0 0 0 2 0 0 0 0 2 0 0 0 0 0 2 0 0 0 0 0 2 0 1 0 1 0 0 0 0 0 2 0 0 0 0 2 2 0 1 1 0 0 2 1 0 0 2 0 0 0 0 0 0 0 0 0 0 2 0 1 1 1 0 0 0 
0 0 0 0 0 0 0 0 0 1 0 0 0 0 1 1 0 0 0 2 0 0 0 0 2 0 0 0 0 0 2 0 0 0 0 0 2 0 1 0 1 0 0 0 0 0 2 0 0 0 0 2 2 0 1 1 0 16 18 17 0 0 2 0 0 0 16 16 16 0 0 0 0 2 0 17 17 17 0 0 0 
1
0 0 0 0 0 0 0 1 0 
0 0 0 0 0 0 0 0 0 1 0 0 0 0 1 1 0 0 0 2 0 2 0 0 2 0 0 0 0 0 2 0 0 0 0 0 2 0 1 0 1 0 0 0 0 0 2 0 0 0 0 2 2 0 1 1 0 0 2 1 0 0 2 0 0 0 0 0 0 0 0 0 0 2 0 1 1 1 0 0 0 
0 0 0 0 0 0 0 0 0 1 0 0 0 0 1 1 0 0 0 2 0 2 0 0 2 0 0 0 0 0 2 0 0 0 0 0 2 0 1 0 1 0 0 0 0 0 2 0 0 0 0 2 2 0 1 1 0 16 18 17 0 0 2 0 0 0 16 16 16 0 0 0 0 2 0 17 17 17 0 0 0 
1
0 0 0 0 0 0 1 1 0 
0 0 0 0 0 0 0 0 0 1 0 0 0 0 1 1 0 0 0 2 0 2 0 0 2 0 0 0 0 0 2 0 0 0 0 0 2 0 1 0 1 0 0 0 0 0 2 0 0 0 0 2 2 0 1 1 1 0 2 1 0 0 2 0 0 0 0 0 0 0 0 0 0 2 0 1 1 1 0 0 0 
0 0 0 0 0 0 0 0 0 1 0 0 0 0 1 1 0 0 0 2 0 2 0 0 2 0 0 0 0 0 2 0 0 0 0 0 2 0 1 0 1 0 0 0 0 0 2 0 0 0 0 2 2 0 17 17 17 16 18 17 0 0 2 16 16 16 16 16 16 0 0 0 16 18 16 17 17 17 0 0 0 
1
0 0 0 0 0 0 1 1 0 
0 0 0 0 0 0 0 0 0 1 0 0 0 0 1 1 2 0 0 2 0 2 0 0 2 0 0 0 0 0 2 0 0 0 0 0 2 0 1 0 1 0 0 0 0 0 2 0 0 0 0 2 2 0 1 1 1 0 2 1 0 0 2 0 0 0 0 0 0 0 0 0 0 2 0 1 1 1 0 0 0 
0 0 0 0 0 0 0 0 0 1 0 0 0 0 1 1 2 0 0 2 0 2 0 0 2 0 0 0 0 0 2 0 0 0 0 0 2 0 1 0 1 0 0 0 0 0 2 0 0 0 0 2 2 0 17 17 17 16 18 17 0 0 2 16 16 16 16 16 16 0 0 0 16 18 16 17 17 17 0 0 0 
1
0 0 0 0 0 0 1 1 0 
0 0 0 0 0 0 0 0 0 1 0 0 0 0 1 1 2 0 0 2 0 2 0 0 2 0 0 0 0 0 2 0 0 0 0 0 2 0 1 1 1 0 0 0 0 0 2 0 0 0 0 2 2 0 1 1 1 0 2 1 0 0 2 0 0 0 0 0 0 0 0 0 0 2 0 1 1 1 0 0 0 
0 0 0 0 0 0 0 0 0 1 0 0 0 0 1 1 2 0 0 2 0 2 0 0 2 0 0 0 0 0 2 0 0 0 0 0 2 0 1 1 1 0 0 0 0 0 2 0 0 0 0 2 2 0 17 17 17 16 18 17 0 0 2 16 16 16 16 16 16 0 0 0 16 18 16 17 17 17 0 0 0 
1
0 0 0 0 0 0 1 1 0 
0 0 0 0 0 0 0 0 0 1 0 0 0 0 1 1 2 0 0 2 0 2 0 0 2 0 0 2 0 0 2 0 0 0 0 0 2 0 1 1 1 0 0 0 0 0 2 0 0 0 0 2 2 0 1 1 1 0 2 1 0 0 2 0 0 0 0 0 0 0 0 0 0 2 0 1 1 1 0 0 0 
0 0 0 0 0 0 0 0 0 1 0 0 0 0 1 1 2 0 0 2 0 2 0 0 2 0 0 2 0 0 2 0 0 0 0 0 2 0 1 1 1 0 0 0 0 0 2 0 0 0 0 2 2 0 17 17 17 16 18 17 0 0 2 16 16 16 16 16 16 0 0 0 16 18 16 17 17 17 0 0 0 
1
0 0 0 0 0 0 1 1 0 
1 0 0 0 0 0 0 0 0 1 0 0 0 0 1 1 2 0 0 2 0 2 0 0 2 0 0 2 0 0 2 0 0 0 0 0 2 0 1 1 1 0 0 0 0 0 2 0 0 0 0 2 2 0 1 1 1 0 2 1 0 0 2 0 0 0 0 0 0 0 0 0 0 2 0 1 1 1 0 0 0 
1 0 0 0 0 0 0 0 0 1 0 0 0 0 1 1 2 0 0 2 0 2 0 0 2 0 0 2 0 0 2 0 0 0 0 0 2 0 1 1 1 0 0 0 0 0 2 0 0 0 0 2 2 0 17 17 17 16 18 17 0 0 2 16 16 16 16 16 16 0 0 0 16 18 16 17 17 17 0 0 0 
1
0 0 0 0 0 0 1 1 0 
1 0 0 0 0 0 0 0 0 1 2 0 0 0 1 1 2 0 0 2 0 2 0 0 2 0 0 2 0 0 2 0 0 0 0 0 2 0 1 1 1 0 0 0 0 0 2 0 0 0 0 2 2 0 1 1 1 0 2 1 0 0 2 0 0 0 0 0 0 0 0 0 0 2 0 1 1 1 0 0 0 
1 0 0 0 0 0 0 0 0 1 2 0 0 0 1 1 2 0 0 2 0 2 0 0 2 0 0 2 0 0 2 0 0 0 0 0 2 0 1 1 1 0 0 0 0 0 2 0 0 0 0 2 2 0 17 17 17 16 18 17 0 0 2 16 16 16 16 16 16 0 0 0 16 18 16 17 17 17 0 0 0 
1
0 0 0 0 1 0 1 1 0 
1 0 0 0 0 0 0 0 0 1 2 0 0 0 1 1 2 0 0 2 0 2 0 0 2 0 0 2 0 0 2 0 0 0 0 0 2 0 1 1 1 1 0 0 0 0 2 0 0 0 0 2 2 0 1 1 1 0 2 1 0 0 2 0 0 0 0 0 0 0 0 0 0 2 0 1 1 1 0 0 0 
1 0 0 0 0 0 0 0 0 1 2 0 0 0 1 1 2 0 0 2 0 2 0 0 2 0 0 2 0 0 18 16 16 0 0 0 2 0 1 17 17 17 0 0 0 0 2 0 16 16 16 2 2 0 17 17 17 16 18 17 0 0 2 16 16 16 16 16 16 0 0 0 16 18 16 17 17 17 0 0 0 
1
0 0 0 0 1 0 1 1 0 
1 0 0 0 0 0 0 0 0 1 2 0 0 0 1 1 2 0 0 2 0 2 0 0 2 0 0 2 0 0 2 0 0 0 0 0 2 0 1 1 1 1 2 0 0 0 2 0 0 0 0 2 2 0 1 1 1 0 2 1 0 0 2 0 0 0 0 0 0 0 0 0 0 2 0 1 1 1 0 0 0 
1 0 0 0 0 0 0 0 0 1 2 0 0 0 1 1 2 0 0 2 0 2 0 0 2 0 0 2 0 0 18 16 16 0 0 0 2 0 1 17 17 17 2 0 0 0 2 0 16 16 16 2 2 0 17 17 17 16 18 17 0 0 2 16 16 16 16 16 16 0 0 0 16 18 16 17 17 17 0 0 0 
1
0 0 0 0 1 0 1 1 0 
1 0 0 0 0 0 0 0 0 1 2 0 0 0 1 1 2 0 0 2 0 2 0 0 2 0 0 2 0 1 2 0 0 0 0 0 2 0 1 1 1 1 2 0 0 0 2 0 0 0 0 2 2 0 1 1 1 0 2 1 0 0 2 0 0 0 0 0 0 0 0 0 0 2 0 1 1 1 0 0 0 
1 0 0 0 0 0 0 0 0 1 2 0 0 0 1 1 2 0 0 2 0 2 0 0 2 0 0 2 0 1 18 16 16 0 0 0 2 0 1 17 17 17 2 0 0 0 2 0 16 16 16 2 2 0 17 17 17 16 18 17 0 0 2 16 16 16 16 16 16 0 0 0 16 18 16 17 17 17 0 0 0 
1
0 0 0 0 1 0 1 1 0 
1 0 0 0 0 0 0 0 0 1 2 0 0 0 1 1 2 0 0 2 0 2 0 0 2 0 2 2 0 1 2 0 0 0 0 0 2 0 1 1 1 1 2 0 0 0 2 0 0 0 0 2 2 0 1 1 1 0 2 1 0 0 2 0 0 0 0 0 0 0 0 0 0 2 0 1 1 1 0 0 0 
1 0 0 0 0 0 0 0 0 1 2 0 0 0 1 1 2 0 0 2 0 2 0 0 2 0 2 2 0 1 18 16 16 0 0 0 2 0 1 17 17 17 2 0 0 0 2 0 16 16 16 2 2 0 17 17 17 16 18 17 0 0 2 16 16 16 16 16 16 0 0 0 16 18 16 17 17 17 0 0 0 
1
0 0 0 0 1 0 1 1 0 
1 0 0 0 0 0 0 0 0 1 2 0 0 0 1 1 2 0 0 2 0 2 0 0 2 0 2 2 0 1 2 0 0 0 0 0 2 0 1 1 1 1 2 0 0 0 2 0 0 0 0 2 2 0 1 1 1 0 2 1 1 0 2 0 0 0 0 0 0 0 0 0 0 2 0 1 1 1 0 0 0 
1 0 0 0 0 0 0 0 0 1 2 0 0 0 1 1 2 0 0 2 0 2 0 0 2 0 2 2 0 1 18 16 16 0 0 0 2 0 1 17 17 17 2 0 0 0 2 0 16 16 16 2 2 0 17 17 17 16 18 17 1 0 2 16 16 16 16 16 16 0 0 0 16 18 16 17 17 17 0 0 0 
1
0 0 0 0 1 0 1 1 0 
1 0 2 0 0 0 0 0 0 1 2 0 0 0 1 1 2 0 0 2 0 2 0 0 2 0 2 2 0 1 2 0 0 0 0 0 2 0 1 1 1 1 2 0 0 0 2 0 0 0 0 2 2 0 1 1 1 0 2 1 1 0 2 0 0 0 0 0 0 0 0 0 0 2 0 1 1 1 0 0 0 
1 0 2 0 0 0 0 0 0 1 2 0 0 0 1 1 2 0 0 2 0 2 0 0 2 0 2 2 0 1 18 16 16 0 0 0 2 0 1 17 17 17 2 0 0 0 2 0 16 16 16 2 2 0 17 17 17 16 18 17 1 0 2 16 16 16 16 16 16 0 0 0 16 18 16 17 17 17 0 0 0 
1
0 0 0 0 1 0 1 1 0 
1 0 2 0 0 0 0 0 1 1 2 0 0 0 1 1 2 0 0 2 0 2 0 0 2 0 2 2 0 1 2 0 0 0 0 0 2 0 1 1 1 1 2 0 0 0 2 0 0 0 0 2 2 0 1 1 1 0 2 1 1 0 2 0 0 0 0 0 0 0 0 0 0 2 0 1 1 1 0 0 0 
1 0 2 0 0 0 0 0 1 1 2 0 0 0 1 1 2 0 0 2 0 2 0 0 2 0 2 2 0 1 18 16 16 0 0 0 2 0 1 17 17 17 2 0 0 0 2 0 16 16 16 2 2 0 17 17 17 16 18 17 1 0 2 16 16 16 16 16 16 0 0 0 16 18 16 17 17 17 0 0 0 
1
0 0 2 0 1 0 1 1 0 
1 0 2 0 0 0 2 0 1 1 2 0 0 0 1 1 2 0 0 2 0 2 0 0 2 0 2 2 0 1 2 0 0 0 0 0 2 0 1 1 1 1 2 0 0 0 2 0 0 0 0 2 2 0 1 1 1 0 2 1 1 0 2 0 0 0 0 0 0 0 0 0 0 2 0 1 1 1 0 0 0 
1 0 2 0 0 0 34 32 33 1 2 0 0 0 1 33 34 32 0 2 0 2 0 0 34 32 34 2 0 1 18 16 16 0 0 0 2 0 1 17 17 17 2 0 0 0 2 0 16 16 16 2 2 0 17 17 17 16 18 17 1 0 2 16 16 16 16 16 16 0 0 0 16 18 16 17 17 17 0 0 0 
1
1 0 2 0 1 0 1 1 0 
1 0 2 0 0 0 2 0 1 1 2 0 0 0 1 1 2 0 1 2 0 2 0 0 2 0 2 2 0 1 2 0 0 0 0 0 2 0 1 1 1 1 2 0 0 0 2 0 0 0 0 2 2 0 1 1 1 0 2 1 1 0 2 0 0 0 0 0 0 0 0 0 0 2 0 1 1 1 0 0 0 
17 16 18 0 0 0 34 32 33 17 18 16 0 0 1 33 34 32 17 18 16 2 0 0 34 32 34 2 0 1 18 16 16 0 0 0 2 0 1 17 17 17 2 0 0 0 2 0 16 16 16 2 2 0 17 17 17 16 18 17 1 0 2 16 16 16 16 16 16 0 0 0 16 18 16 17 17 17 0 0 0 
1
1 0 2 2 1 0 1 1 0 
1 0 2 0 0 0 2 0 1 1 2 0 0 0 1 1 2 0 1 2 0 2 0 0 2 0 2 2 0 1 2 0 0 0 0 0 2 0 1 1 1 1 2 0 0 2 2 0 0 0 0 2 2 0 1 1 1 0 2 1 1 0 2 0 0 0 0 0 0 0 0 0 0 2 0 1 1 1 0 0 0 
17 16 18 0 0 0 34 32 33 17 18 16 0 0 1 33 34 32 17 18 16 2 0 0 34 32 34 34 32 33 18 16 16 0 0 0 34 32 33 17 17 17 2 0 0 34 34 32 16 16 16 2 2 0 17 17 17 16 18 17 1 0 2 16 16 16 16 16 16 0 0 0 16 18 16 17 17 17 0 0 0 
1
1 0 2 2 1 0 1 1 0 
1 0 2 0 0 0 2 0 1 1 2 0 0 0 1 1 2 0 1 2 0 2 0 0 2 0 2 2 0 1 2 0 0 0 0 0 2 0 1 1 1 1 2 0 0 2 2 0 0 0 0 2 2 0 1 1 1 0 2 1 1 0 2 0 0 0 0 0 0 0 0 1 0 2 0 1 1 1 0 0 0 
17 16 18 0 0 0 34 32 33 17 18 16 0 0 1 33 34 32 17 18 16 2 0 0 34 32 34 34 32 33 18 16 16 0 0 0 34 32 33 17 17 17 2 0 0 34 34 32 16 16 16 2 2 0 17 17 17 16 18 17 1 0 2 16 16 16 16 16 16 0 0 1 16 18 16 17 17 17 0 0 0 
1
1 0 2 2 1 0 1 1 0 
1 0 2 0 0 0 2 0 1 1 2 0 0 0 1 1 2 0 1 2 0 2 0 0 2 0 2 2 0 1 2 0 0 0 0 0 2 0 1 1 1 1 2 0 2 2 2 0 0 0 0 2 2 0 1 1 1 0 2 1 1 0 2 0 0 0 0 0 0 0 0 1 0 2 0 1 1 1 0 0 0 
17 16 18 0 0 0 34 32 33 17 18 16 0 0 1 33 34 32 17 18 16 2 0 0 34 32 34 34 32 33 18 16 16 0 0 0 34 32 33 17 17 17 2 0 2 34 34 32 16 16 16 2 2 0 17 17 17 16 18 17 1 0 2 16 16 16 16 16 16 0 0 1 16 18 16 17 17 17 0 0 0 
1
1 0 2 2 1 0 1 1 0 
1 0 2 0 0 0 2 0 1 1 2 0 0 0 1 1 2 0 1 2 0 2 0 0 2 0 2 2 0 1 2 0 0 0 1 0 2 0 1 1 1 1 2 0 2 2 2 0 0 0 0 2 2 0 1 1 1 0 2 1 1 0 2 0 0 0 0 0 0 0 0 1 0 2 0 1 1 1 0 0 0 
17 16 18 0 0 0 34 32 33 17 18 16 0 0 1 33 34 32 17 18 16 2 0 0 34 32 34 34 32 33 18 16 16 0 1 0 34 32 33 17 17 17 2 0 2 34 34 32 16 16 16 2 2 0 17 17 17 16 18 17 1 0 2 16 16 16 16 16 16 0 0 1 16 18 16 17 17 17 0 0 0 
1
1 0 2 2 1 0 1 1 0 
1 0 2 0 2 0 2 0 1 1 2 0 0 0 1 1 2 0 1 2 0 2 0 0 2 0 2 2 0 1 2 0 0 0 1 0 2 0 1 1 1 1 2 0 2 2 2 0 0 0 0 2 2 0 1 1 1 0 2 1 1 0 2 0 0 0 0 0 0 0 0 1 0 2 0 1 1 1 0 0 0 
17 16 18 0 2 0 34 32 33 17 18 16 0 0 1 33 34 32 17 18 16 2 0 0 34 32 34 34 32 33 18 16 16 0 1 0 34 32 33 17 17 17 2 0 2 34 34 32 16 16 16 2 2 0 17 17 17 16 18 17 1 0 2 16 16 16 16 16 16 0 0 1 16 18 16 17 17 17 0 0 0 
1
1 0 2 2 1 0 1 1 0 
1 0 2 0 2 0 2 0 1 1 2 0 0 0 1 1 2 0 1 2 0 2 0 1 2 0 2 2 0 1 2 0 0 0 1 0 2 0 1 1 1 1 2 0 2 2 2 0 0 0 0 2 2 0 1 1 1 0 2 1 1 0 2 0 0 0 0 0 0 0 0 1 0 2 0 1 1 1 0 0 0 
17 16 18 0 2 0 34 32 33 17 18 16 0 0 1 33 34 32 17 18 16 2 0 1 34 32 34 34 32 33 18 16 16 0 1 0 34 32 33 17 17 17 2 0 2 34 34 32 16 16 16 2 2 0 17 17 17 16 18 17 1 0 2 16 16 16 16 16 16 0 0 1 16 18 16 17 17 17 0 0 0 
1
1 0 2 2 1 0 1 1 0 
1 0 2 0 2 0 2 0 1 1 2 0 0 0 1 1 2 0 1 2 0 2 0 1 2 0 2 2 0 1 2 0 0 0 1 0 2 0 1 1 1 1 2 0 2 2 2 0 0 0 0 2 2 0 1 1 1 0 2 1 1 0 2 0 0 0 0 0 0 0 0 1 0 2 0 1 1 1 0 0 2 
17 16 18 0 2 0 34 32 33 17 18 16 0 0 1 33 34 32 17 18 16 2 0 1 34 32 34 34 32 33 18 16 16 0 1 0 34 32 33 17 17 17 2 0 2 34 34 32 16 16 16 2 2 0 17 17 17 16 18 17 1 0 2 16 16 16 16 16 16 0 0 1 16 18 16 17 17 17 0 0 2 
1
1 0 2 2 1 0 1 1 0 
1 0 2 0 2 0 2 0 1 1 2 0 0 0 1 1 2 0 1 2 0 2 0 1 2 0 2 2 0 1 2 0 0 0 1 0 2 0 1 1 1 1 2 0 2 2 2 0 0 0 0 2 2 0 1 1 1 0 2 1 1 0 2 0 0 0 0 0 0 1 0 1 0 2 0 1 1 1 0 0 2 
17 16 18 0 2 0 34 32 33 17 18 16 0 0 1 33 34 32 17 18 16 2 0 1 34 32 34 34 32 33 18 16 16 0 1 0 34 32 33 17 17 17 2 0 2 34 34 32 16 16 16 2 2 0 17 17 17 16 18 17 1 0 2 16 16 16 16 16 16 1 0 1 16 18 16 17 17 17 0 0 2 
1
1 0 2 2 1 0 1 1 0 
1 0 2 0 2 0 2 0 1 1 2 0 0 0 1 1 2 0 1 2 0 2 0 1 2 0 2 2 0 1 2 0 0 0 1 2 2 0 1 1 1 1 2 0 2 2 2 0 0 0 0 2 2 0 1 1 1 0 2 1 1 0 2 0 0 0 0 0 0 1 0 1 0 2 0 1 1 1 0 0 2 
17 16 18 0 2 0 34 32 33 17 18 16 0 0 1 33 34 32 17 18 16 2 0 1 34 32 34 34 32 33 18 16 16 0 1 2 34 32 33 17 17 17 2 0 2 34 34 32 16 16 16 2 2 0 17 17 17 16 18 17 1 0 2 16 16 16 16 16 16 1 0 1 16 18 16 17 17 17 0 0 2 
1
1 0 2 2 1 0 1 1 1 
1 0 2 0 2 0 2 0 1 1 2 0 0 0 1 1 2 0 1 2 0 2 0 1 2 0 2 2 0 1 2 0 0 0 1 2 2 0 1 1 1 1 2 0 2 2 2 0 0 0 0 2 2 0 1 1 1 0 2 1 1 0 2 0 0 0 0 0 0 1 1 1 0 2 0 1 1 1 0 0 2 
17 16 18 0 2 0 34 32 33 17 18 16 0 0 1 33 34 32 17 18 16 2 0 1 34 32 34 34 32 33 18 16 16 0 1 2 34 32 33 17 17 17 2 0 2 34 34 32 16 16 16 2 2 0 17 17 17 16 18 17 17 16 18 16 16 16 16 16 16 17 17 17 16 18 16 17 17 17 16 16 18 
1
1 0 2 2 1 0 1 1 1 
1 0 2 0 2 0 2 0 1 1 2 0 0 0 1 1 2 0 1 2 0 2 0 1 2 0 2 2 0 1 2 0 0 0 1 2 2 0 1 1 1 1 2 0 2 2 2 0 0 0 0 2 2 0 1 1 1 0 2 1 1 0 2 0 0 0 0 0 0 1 1 1 0 2 0 1 1 1 0 0 2 
17 16 18 0 2 0 34 32 33 17 18 16 0 0 1 33 34 32 17 18 16 2 0 1 34 32 34 34 32 33 18 16 16 0 1 2 34 32 33 17 17 17 2 0 2 34 34 32 16 16 16 2 2 0 17 17 17 16 18 17 17 16 18 16 16 16 16 16 16 17 17 17 16 18 16 17 17 17 16 16 18 
1
