0 0 0 0 0 0 0 0 0 
0 0 0 0 0 0 0 0 0 0 0 0 0 0 0 0 0 0 0 0 0 0 0 0 0 0 0 0 0 0 0 0 0 0 0 0 0 0 0 0 1 0 0 0 0 0 0 0 0 0 0 0 0 0 0 0 0 0 0 0 0 0 0 0 0 0 0 0 0 0 0 0 0 0 0 0 0 0 0 0 0 
0 0 0 0 0 0 0 0 0 0 0 0 0 0 0 0 0 0 0 0 0 0 0 0 0 0 0 0 0 0 0 0 0 0 0 0 0 0 0 0 1 0 0 0 0 0 0 0 0 0 0 0 0 0 0 0 0 0 0 0 0 0 0 0 0 0 0 0 0 0 0 0 0 0 0 0 0 0 0 0 0 
1
0 0 0 0 0 0 0 0 0 
0 0 0 0 0 0 0 0 0 0 0 0 0 0 0 0 0 0 0 0 0 0 0 0 0 0 0 0 0 0 0 2 0 0 0 0 0 0 0 0 1 0 0 0 0 0 0 0 0 0 0 0 0 0 0 0 0 0 0 0 0 0 0 0 0 0 0 0 0 0 0 0 0 0 0 0 0 0 0 0 0 
0 0 0 0 0 0 0 0 0 0 0 0 0 0 0 0 0 0 0 0 0 0 0 0 0 0 0 0 0 0 0 2 0 0 0 0 0 0 0 0 1 0 0 0 0 0 0 0 0 0 0 0 0 0 0 0 0 0 0 0 0 0 0 0 0 0 0 0 0 0 0 0 0 0 0 0 0 0 0 0 0 
1
0 0 0 0 0 0 0 0 0 
0 0 0 0 0 0 0 0 0 0 0 0 1 0 0 0 0 0 0 0 0 0 0 0 0 0 0 0 0 0 0 2 0 0 0 0 0 0 0 0 1 0 0 0 0 0 0 0 0 0 0 0 0 0 0 0 0 0 0 0 0 0 0 0 0 0 0 0 0 0 0 0 0 0 0 0 0 0 0 0 0 
0 0 0 0 0 0 0 0 0 0 0 0 1 0 0 0 0 0 0 0 0 0 0 0 0 0 0 0 0 0 0 2 0 0 0 0 0 0 0 0 1 0 0 0 0 0 0 0 0 0 0 0 0 0 0 0 0 0 0 0 0 0 0 0 0 0 0 0 0 0 0 0 0 0 0 0 0 0 0 0 0 
1
0 0 0 0 0 0 0 0 0 
0 0 0 0 0 0 0 0 0 0 0 0 1 0 0 0 0 0 0 0 0 0 0 0 0 0 0 2 0 0 0 2 0 0 0 0 0 0 0 0 1 0 0 0 0 0 0 0 0 0 0 0 0 0 0 0 0 0 0 0 0 0 0 0 0 0 0 0 0 0 0 0 0 0 0 0 0 0 0 0 0 
0 0 0 0 0 0 0 0 0 0 0 0 1 0 0 0 0 0 0 0 0 0 0 0 0 0 0 2 0 0 0 2 0 0 0 0 0 0 0 0 1 0 0 0 0 0 0 0 0 0 0 0 0 0 0 0 0 0 0 0 0 0 0 0 0 0 0 0 0 0 0 0 0 0 0 0 0 0 0 0 0 
1
0 0 0 0 0 0 0 0 0 
0 0 0 0 0 0 0 0 0 0 1 0 1 0 0 0 0 0 0 0 0 0 0 0 0 0 0 2 0 0 0 2 0 0 0 0 0 0 0 0 1 0 0 0 0 0 0 0 0 0 0 0 0 0 0 0 0 0 0 0 0 0 0 0 0 0 0 0 0 0 0 0 0 0 0 0 0 0 0 0 0 
0 0 0 0 0 0 0 0 0 0 1 0 1 0 0 0 0 0 0 0 0 0 0 0 0 0 0 2 0 0 0 2 0 0 0 0 0 0 0 0 1 0 0 0 0 0 0 0 0 0 0 0 0 0 0 0 0 0 0 0 0 0 0 0 0 0 0 0 0 0 0 0 0 0 0 0 0 0 0 0 0 
1
0 0 0 0 0 0 0 0 0 
0 0 0 0 0 0 0 0 0 0 1 0 1 0 0 0 0 0 0 0 0 0 0 0 0 0 0 2 0 0 0 2 0 0 0 0 0 0 0 0 1 0 0 0 0 0 0 0 0 2 0 0 0 0 0 0 0 0 0 0 0 0 0 0 0 0 0 0 0 0 0 0 0 0 0 0 0 0 0 0 0 
0 0 0 0 0 0 0 0 0 0 1 0 1 0 0 0 0 0 0 0 0 0 0 0 0 0 0 2 0 0 0 2 0 0 0 0 0 0 0 0 1 0 0 0 0 0 0 0 0 2 0 0 0 0 0 0 0 0 0 0 0 0 0 0 0 0 0 0 0 0 0 0 0 0 0 0 0 0 0 0 0 
1
0 0 0 0 0 0 0 0 0 
0 0 0 0 0 0 0 0 0 0 1 0 1 0 0 0 0 0 0 0 0 0 0 0 0 0 0 2 0 0 0 2 0 0 0 0 0 0 0 0 1 0 0 0 0 0 0 0 0 2 0 0 0 0 0 0 0 0 1 0 0 0 0 0 0 0 0 0 0 0 0 0 0 0 0 0 0 0 0 0 0 
0 0 0 0 0 0 0 0 0 0 1 0 1 0 0 0 0 0 0 0 0 0 0 0 0 0 0 2 0 0 0 2 0 0 0 0 0 0 0 0 1 0 0 0 0 0 0 0 0 2 0 0 0 0 0 0 0 0 1 0 0 0 0 0 0 0 0 0 0 0 0 0 0 0 0 0 0 0 0 0 0 
1
0 0 0 0 0 0 0 0 0 
0 0 0 0 0 0 0 0 0 0 1 0 1 2 0 0 0 0 0 0 0 0 0 0 0 0 0 2 0 0 0 2 0 0 0 0 0 0 0 0 1 0 0 0 0 0 0 0 0 2 0 0 0 0 0 0 0 0 1 0 0 0 0 0 0 0 0 0 0 0 0 0 0 0 0 0 0 0 0 0 0 
0 0 0 0 0 0 0 0 0 0 1 0 1 2 0 0 0 0 0 0 0 0 0 0 0 0 0 2 0 0 0 2 0 0 0 0 0 0 0 0 1 0 0 0 0 0 0 0 0 2 0 0 0 0 0 0 0 0 1 0 0 0 0 0 0 0 0 0 0 0 0 0 0 0 0 0 0 0 0 0 0 
1
0 0 0 0 0 0 0 0 0 
0 0 0 0 0 0 0 0 0 0 1 0 1 2 0 0 0 0 0 0 0 0 0 0 0 0 0 2 0 0 1 2 0 0 0 0 0 0 0 0 1 0 0 0 0 0 0 0 0 2 0 0 0 0 0 0 0 0 1 0 0 0 0 0 0 0 0 0 0 0 0 0 0 0 0 0 0 0 0 0 0 
0 0 0 0 0 0 0 0 0 0 1 0 1 2 0 0 0 0 0 0 0 0 0 0 0 0 0 2 0 0 1 2 0 0 0 0 0 0 0 0 1 0 0 0 0 0 0 0 0 2 0 0 0 0 0 0 0 0 1 0 0 0 0 0 0 0 0 0 0 0 0 0 0 0 0 0 0 0 0 0 0 
1
0 0 0 0 0 0 0 0 0 
0 0 2 0 0 0 0 0 0 0 1 0 1 2 0 0 0 0 0 0 0 0 0 0 0 0 0 2 0 0 1 2 0 0 0 0 0 0 0 0 1 0 0 0 0 0 0 0 0 2 0 0 0 0 0 0 0 0 1 0 0 0 0 0 0 0 0 0 0 0 0 0 0 0 0 0 0 0 0 0 0 
0 0 2 0 0 0 0 0 0 0 1 0 1 2 0 0 0 0 0 0 0 0 0 0 0 0 0 2 0 0 1 2 0 0 0 0 0 0 0 0 1 0 0 0 0 0 0 0 0 2 0 0 0 0 0 0 0 0 1 0 0 0 0 0 0 0 0 0 0 0 0 0 0 0 0 0 0 0 0 0 0 
1
0 0 0 0 0 0 0 0 0 
0 0 2 0 0 0 0 0 0 0 1 0 1 2 0 0 1 0 0 0 0 0 0 0 0 0 0 2 0 0 1 2 0 0 0 0 0 0 0 0 1 0 0 0 0 0 0 0 0 2 0 0 0 0 0 0 0 0 1 0 0 0 0 0 0 0 0 0 0 0 0 0 0 0 0 0 0 0 0 0 0 
0 0 2 0 0 0 0 0 0 0 1 0 1 2 0 0 1 0 0 0 0 0 0 0 0 0 0 2 0 0 1 2 0 0 0 0 0 0 0 0 1 0 0 0 0 0 0 0 0 2 0 0 0 0 0 0 0 0 1 0 0 0 0 0 0 0 0 0 0 0 0 0 0 0 0 0 0 0 0 0 0 
1
0 0 0 0 0 0 0 0 0 
0 0 2 0 0 0 0 0 0 0 1 0 1 2 0 0 1 0 0 0 0 0 0 0 0 0 0 2 0 0 1 2 0 0 0 0 0 0 0 2 1 0 0 0 0 0 0 0 0 2 0 0 0 0 0 0 0 0 1 0 0 0 0 0 0 0 0 0 0 0 0 0 0 0 0 0 0 0 0 0 0 
0 0 2 0 0 0 0 0 0 0 1 0 1 2 0 0 1 0 0 0 0 0 0 0 0 0 0 2 0 0 1 2 0 0 0 0 0 0 0 2 1 0 0 0 0 0 0 0 0 2 0 0 0 0 0 0 0 0 1 0 0 0 0 0 0 0 0 0 0 0 0 0 0 0 0 0 0 0 0 0 0 
1
0 0 0 0 0 0 0 0 0 
0 0 2 0 0 0 0 0 0 0 1 0 1 2 0 0 1 0 0 0 0 0 0 0 0 0 0 2 0 0 1 2 0 0 0 0 0 1 0 2 1 0 0 0 0 0 0 0 0 2 0 0 0 0 0 0 0 0 1 0 0 0 0 0 0 0 0 0 0 0 0 0 0 0 0 0 0 0 0 0 0 
0 0 2 0 0 0 0 0 0 0 1 0 1 2 0 0 1 0 0 0 0 0 0 0 0 0 0 2 0 0 1 2 0 0 0 0 0 1 0 2 1 0 0 0 0 0 0 0 0 2 0 0 0 0 0 0 0 0 1 0 0 0 0 0 0 0 0 0 0 0 0 0 0 0 0 0 0 0 0 0 0 
1
0 0 0 0 0 0 0 0 0 
0 0 2 0 0 0 0 0 0 0 1 0 1 2 0 0 1 0 0 0 0 0 0 0 0 0 0 2 0 0 1 2 2 0 0 0 0 1 0 2 1 0 0 0 0 0 0 0 0 2 0 0 0 0 0 0 0 0 1 0 0 0 0 0 0 0 0 0 0 0 0 0 0 0 0 0 0 0 0 0 0 
0 0 2 0 0 0 0 0 0 0 1 0 1 2 0 0 1 0 0 0 0 0 0 0 0 0 0 2 0 0 1 2 2 0 0 0 0 1 0 2 1 0 0 0 0 0 0 0 0 2 0 0 0 0 0 0 0 0 1 0 0 0 0 0 0 0 0 0 0 0 0 0 0 0 0 0 0 0 0 0 0 
1
0 0 0 0 0 0 0 0 0 
0 0 2 0 0 0 0 0 1 0 1 0 1 2 0 0 1 0 0 0 0 0 0 0 0 0 0 2 0 0 1 2 2 0 0 0 0 1 0 2 1 0 0 0 0 0 0 0 0 2 0 0 0 0 0 0 0 0 1 0 0 0 0 0 0 0 0 0 0 0 0 0 0 0 0 0 0 0 0 0 0 
0 0 2 0 0 0 0 0 1 0 1 0 1 2 0 0 1 0 0 0 0 0 0 0 0 0 0 2 0 0 1 2 2 0 0 0 0 1 0 2 1 0 0 0 0 0 0 0 0 2 0 0 0 0 0 0 0 0 1 0 0 0 0 0 0 0 0 0 0 0 0 0 0 0 0 0 0 0 0 0 0 
1
0 0 0 0 0 0 0 0 0 
0 0 2 0 0 0 0 0 1 0 1 0 1 2 0 0 1 2 0 0 0 0 0 0 0 0 0 2 0 0 1 2 2 0 0 0 0 1 0 2 1 0 0 0 0 0 0 0 0 2 0 0 0 0 0 0 0 0 1 0 0 0 0 0 0 0 0 0 0 0 0 0 0 0 0 0 0 0 0 0 0 
0 0 2 0 0 0 0 0 1 0 1 0 1 2 0 0 1 2 0 0 0 0 0 0 0 0 0 2 0 0 1 2 2 0 0 0 0 1 0 2 1 0 0 0 0 0 0 0 0 2 0 0 0 0 0 0 0 0 1 0 0 0 0 0 0 0 0 0 0 0 0 0 0 0 0 0 0 0 0 0 0 
1
0 0 0 0 0 0 0 0 0 
0 0 2 0 0 0 0 0 1 0 1 0 1 2 0 0 1 2 0 0 0 0 0 0 0 0 0 2 0 0 1 2 2 0 0 0 0 1 0 2 1 0 0 0 0 0 0 0 0 2 0 1 0 0 0 0 0 0 1 0 0 0 0 0 0 0 0 0 0 0 0 0 0 0 0 0 0 0 0 0 0 
0 0 2 0 0 0 0 0 1 0 1 0 1 2 0 0 1 2 0 0 0 0 0 0 0 0 0 2 0 0 1 2 2 0 0 0 0 1 0 2 1 0 0 0 0 0 0 0 0 2 0 1 0 0 0 0 0 0 1 0 0 0 0 0 0 0 0 0 0 0 0 0 0 0 0 0 0 0 0 0 0 
1
0 0 0 0 0 0 0 0 0 
0 0 2 0 0 0 0 0 1 0 1 0 1 2 0 0 1 2 0 0 0 0 0 0 0 0 0 2 0 0 1 2 2 0 0 0 0 1 0 2 1 0 0 0 0 0 0 0 0 2 0 1 0 0 0 2 0 0 1 0 0 0 0 0 0 0 0 0 0 0 0 0 0 0 0 0 0 0 0 0 0 
0 0 2 0 0 0 0 0 1 0 1 0 1 2 0 0 1 2 0 0 0 0 0 0 0 0 0 2 0 0 1 2 2 0 0 0 0 1 0 2 1 0 0 0 0 0 0 0 0 2 0 1 0 0 0 2 0 0 1 0 0 0 0 0 0 0 0 0 0 0 0 0 0 0 0 0 0 0 0 0 0 
1
0 0 0 0 0 0 0 0 0 
0 0 2 1 0 0 0 0 1 0 1 0 1 2 0 0 1 2 0 0 0 0 0 0 0 0 0 2 0 0 1 2 2 0 0 0 0 1 0 2 1 0 0 0 0 0 0 0 0 2 0 1 0 0 0 2 0 0 1 0 0 0 0 0 0 0 0 0 0 0 0 0 0 0 0 0 0 0 0 0 0 
0 0 2 1 0 0 0 0 1 0 1 0 1 2 0 0 1 2 0 0 0 0 0 0 0 0 0 2 0 0 1 2 2 0 0 0 0 1 0 2 1 0 0 0 0 0 0 0 0 2 0 1 0 0 0 2 0 0 1 0 0 0 0 0 0 0 0 0 0 0 0 0 0 0 0 0 0 0 0 0 0 
1
0 0 0 0 0 0 0 0 0 
0 2 2 1 0 0 0 0 1 0 1 0 1 2 0 0 1 2 0 0 0 0 0 0 0 0 0 2 0 0 1 2 2 0 0 0 0 1 0 2 1 0 0 0 0 0 0 0 0 2 0 1 0 0 0 2 0 0 1 0 0 0 0 0 0 0 0 0 0 0 0 0 0 0 0 0 0 0 0 0 0 
0 2 2 1 0 0 0 0 1 0 1 0 1 2 0 0 1 2 0 0 0 0 0 0 0 0 0 2 0 0 1 2 2 0 0 0 0 1 0 2 1 0 0 0 0 0 0 0 0 2 0 1 0 0 0 2 0 0 1 0 0 0 0 0 0 0 0 0 0 0 0 0 0 0 0 0 0 0 0 0 0 
1
0 1 0 0 0 0 0 0 0 
0 2 2 1 0 0 0 0 1 0 1 0 1 2 0 0 1 2 0 0 0 1 0 0 0 0 0 2 0 0 1 2 2 0 0 0 0 1 0 2 1 0 0 0 0 0 0 0 0 2 0 1 0 0 0 2 0 0 1 0 0 0 0 0 0 0 0 0 0 0 0 0 0 0 0 0 0 0 0 0 0 
0 2 2 17 16 16 0 0 1 0 1 0 17 18 16 0 1 2 0 0 0 17 16 16 0 0 0 2 0 0 1 2 2 0 0 0 0 1 0 2 1 0 0 0 0 0 0 0 0 2 0 1 0 0 0 2 0 0 1 0 0 0 0 0 0 0 0 0 0 0 0 0 0 0 0 0 0 0 0 0 0 
1
0 1 0 0 0 0 0 0 0 
0 2 2 1 0 0 0 0 1 0 1 0 1 2 0 0 1 2 0 0 0 1 0 0 0 0 0 2 0 0 1 2 2 0 0 0 0 1 0 2 1 0 0 0 0 0 0 0 0 2 0 1 0 0 0 2 0 0 1 0 0 0 0 0 0 0 0 0 0 0 0 0 0 2 0 0 0 0 0 0 0 
0 2 2 17 16 16 0 0 1 0 1 0 17 18 16 0 1 2 0 0 0 17 16 16 0 0 0 2 0 0 1 2 2 0 0 0 0 1 0 2 1 0 0 0 0 0 0 0 0 2 0 1 0 0 0 2 0 0 1 0 0 0 0 0 0 0 0 0 0 0 0 0 0 2 0 0 0 0 0 0 0 
1
0 1 0 0 0 0 0 0 0 
0 2 2 1 0 0 0 0 1 0 1 0 1 2 0 0 1 2 0 0 0 1 0 0 0 0 0 2 0 0 1 2 2 0 0 0 0 1 0 2 1 0 0 0 0 0 0 0 0 2 0 1 0 0 0 2 0 0 1 1 0 0 0 0 0 0 0 0 0 0 0 0 0 2 0 0 0 0 0 0 0 
0 2 2 17 16 16 0 0 1 0 1 0 17 18 16 0 1 2 0 0 0 17 16 16 0 0 0 2 0 0 1 2 2 0 0 0 0 1 0 2 1 0 0 0 0 0 0 0 0 2 0 1 0 0 0 2 0 0 1 1 0 0 0 0 0 0 0 0 0 0 0 0 0 2 0 0 0 0 0 0 0 
1
0 1 0 0 0 0 0 0 0 
0 2 2 1 0 0 0 2 1 0 1 0 1 2 0 0 1 2 0 0 0 1 0 0 0 0 0 2 0 0 1 2 2 0 0 0 0 1 0 2 1 0 0 0 0 0 0 0 0 2 0 1 0 0 0 2 0 0 1 1 0 0 0 0 0 0 0 0 0 0 0 0 0 2 0 0 0 0 0 0 0 
0 2 2 17 16 16 0 2 1 0 1 0 17 18 16 0 1 2 0 0 0 17 16 16 0 0 0 2 0 0 1 2 2 0 0 0 0 1 0 2 1 0 0 0 0 0 0 0 0 2 0 1 0 0 0 2 0 0 1 1 0 0 0 0 0 0 0 0 0 0 0 0 0 2 0 0 0 0 0 0 0 
1
0 1 0 0 1 0 0 0 0 
0 2 2 1 0 0 0 2 1 0 1 0 1 2 0 0 1 2 0 0 0 1 0 0 0 0 0 2 0 0 1 2 2 0 0 0 0 1 0 2 1 0 0 0 0 0 0 0 0 2 1 1 0 0 0 2 0 0 1 1 0 0 0 0 0 0 0 0 0 0 0 0 0 2 0 0 0 0 0 0 0 
0 2 2 17 16 16 0 2 1 0 1 0 17 18 16 0 1 2 0 0 0 17 16 16 0 0 0 2 0 0 17 18 18 0 0 0 0 1 0 18 17 16 0 0 0 0 0 0 16 18 17 1 0 0 0 2 0 0 1 1 0 0 0 0 0 0 0 0 0 0 0 0 0 2 0 0 0 0 0 0 0 
1
0 1 0 0 1 0 0 0 0 
0 2 2 1 0 0 0 2 1 0 1 0 1 2 0 0 1 2 0 0 0 1 0 0 0 0 0 2 0 0 1 2 2 0 0 0 0 1 0 2 1 0 0 0 0 0 0 0 0 2 1 1 0 0 0 2 0 0 1 1 0 2 0 0 0 0 0 0 0 0 0 0 0 2 0 0 0 0 0 0 0 
0 2 2 17 16 16 0 2 1 0 1 0 17 18 16 0 1 2 0 0 0 17 16 16 0 0 0 2 0 0 17 18 18 0 0 0 0 1 0 18 17 16 0 0 0 0 0 0 16 18 17 1 0 0 0 2 0 0 1 1 0 2 0 0 0 0 0 0 0 0 0 0 0 2 0 0 0 0 0 0 0 
1
0 1 0 0 1 0 0 0 0 
0 2 2 1 0 0 1 2 1 0 1 0 1 2 0 0 1 2 0 0 0 1 0 0 0 0 0 2 0 0 1 2 2 0 0 0 0 1 0 2 1 0 0 0 0 0 0 0 0 2 1 1 0 0 0 2 0 0 1 1 0 2 0 0 0 0 0 0 0 0 0 0 0 2 0 0 0 0 0 0 0 
0 2 2 17 16 16 1 2 1 0 1 0 17 18 16 0 1 2 0 0 0 17 16 16 0 0 0 2 0 0 17 18 18 0 0 0 0 1 0 18 17 16 0 0 0 0 0 0 16 18 17 1 0 0 0 2 0 0 1 1 0 2 0 0 0 0 0 0 0 0 0 0 0 2 0 0 0 0 0 0 0 
1
0 1 0 0 1 0 0 0 0 
0 2 2 1 0 0 1 2 1 0 1 2 1 2 0 0 1 2 0 0 0 1 0 0 0 0 0 2 0 0 1 2 2 0 0 0 0 1 0 2 1 0 0 0 0 0 0 0 0 2 1 1 0 0 0 2 0 0 1 1 0 2 0 0 0 0 0 0 0 0 0 0 0 2 0 0 0 0 0 0 0 
0 2 2 17 16 16 1 2 1 0 1 2 17 18 16 0 1 2 0 0 0 17 16 16 0 0 0 2 0 0 17 18 18 0 0 0 0 1 0 18 17 16 0 0 0 0 0 0 16 18 17 1 0 0 0 2 0 0 1 1 0 2 0 0 0 0 0 0 0 0 0 0 0 2 0 0 0 0 0 0 0 
1
0 1 0 0 1 0 0 0 0 
0 2 2 1 0 0 1 2 1 0 1 2 1 2 0 0 1 2 0 0 0 1 0 0 0 0 0 2 0 0 1 2 2 0 0 0 0 1 0 2 1 0 0 0 1 0 0 0 0 2 1 1 0 0 0 2 0 0 1 1 0 2 0 0 0 0 0 0 0 0 0 0 0 2 0 0 0 0 0 0 0 
0 2 2 17 16 16 1 2 1 0 1 2 17 18 16 0 1 2 0 0 0 17 16 16 0 0 0 2 0 0 17 18 18 0 0 0 0 1 0 18 17 16 0 0 1 0 0 0 16 18 17 1 0 0 0 2 0 0 1 1 0 2 0 0 0 0 0 0 0 0 0 0 0 2 0 0 0 0 0 0 0 
1
0 1 0 0 1 0 0 0 0 
0 2 2 1 0 0 1 2 1 0 1 2 1 2 0 0 1 2 0 0 0 1 0 0 0 0 0 2 0 0 1 2 2 2 0 0 0 1 0 2 1 0 0 0 1 0 0 0 0 2 1 1 0 0 0 2 0 0 1 1 0 2 0 0 0 0 0 0 0 0 0 0 0 2 0 0 0 0 0 0 0 
0 2 2 17 16 16 1 2 1 0 1 2 17 18 16 0 1 2 0 0 0 17 16 16 0 0 0 2 0 0 17 18 18 2 0 0 0 1 0 18 17 16 0 0 1 0 0 0 16 18 17 1 0 0 0 2 0 0 1 1 0 2 0 0 0 0 0 0 0 0 0 0 0 2 0 0 0 0 0 0 0 
1
0 1 0 0 1 0 0 0 0 
0 2 2 1 0 0 1 2 1 0 1 2 1 2 0 0 1 2 0 0 1 1 0 0 0 0 0 2 0 0 1 2 2 2 0 0 0 1 0 2 1 0 0 0 1 0 0 0 0 2 1 1 0 0 0 2 0 0 1 1 0 2 0 0 0 0 0 0 0 0 0 0 0 2 0 0 0 0 0 0 0 
0 2 2 17 16 16 1 2 1 0 1 2 17 18 16 0 1 2 0 0 1 17 16 16 0 0 0 2 0 0 17 18 18 2 0 0 0 1 0 18 17 16 0 0 1 0 0 0 16 18 17 1 0 0 0 2 0 0 1 1 0 2 0 0 0 0 0 0 0 0 0 0 0 2 0 0 0 0 0 0 0 
1
0 1 0 0 1 0 0 0 0 
0 2 2 1 0 0 1 2 1 0 1 2 1 2 0 0 1 2 0 0 1 1 0 0 0 0 0 2 0 0 1 2 2 2 0 0 0 1 0 2 1 0 0 0 1 0 0 0 0 2 1 1 0 0 0 2 0 0 1 1 0 2 0 0 0 0 0 0 0 0 0 0 0 2 0 0 0 0 0 0 2 
0 2 2 17 16 16 1 2 1 0 1 2 17 18 16 0 1 2 0 0 1 17 16 16 0 0 0 2 0 0 17 18 18 2 0 0 0 1 0 18 17 16 0 0 1 0 0 0 16 18 17 1 0 0 0 2 0 0 1 1 0 2 0 0 0 0 0 0 0 0 0 0 0 2 0 0 0 0 0 0 2 
1
0 1 0 0 1 0 0 0 0 
0 2 2 1 0 0 1 2 1 0 1 2 1 2 0 0 1 2 0 0 1 1 0 0 0 0 0 2 0 0 1 2 2 2 0 0 0 1 0 2 1 0 0 0 1 0 0 0 0 2 1 1 0 0 0 2 0 0 1 1 0 2 0 0 0 0 0 0 0 0 0 1 0 2 0 0 0 0 0 0 2 
0 2 2 17 16 16 1 2 1 0 1 2 17 18 16 0 1 2 0 0 1 17 16 16 0 0 0 2 0 0 17 18 18 2 0 0 0 1 0 18 17 16 0 0 1 0 0 0 16 18 17 1 0 0 0 2 0 0 1 1 0 2 0 0 0 0 0 0 0 0 0 1 0 2 0 0 0 0 0 0 2 
1
0 1 0 0 1 0 0 0 0 
0 2 2 1 0 0 1 2 1 0 1 2 1 2 0 0 1 2 0 0 1 1 0 0 0 0 0 2 0 0 1 2 2 2 2 0 0 1 0 2 1 0 0 0 1 0 0 0 0 2 1 1 0 0 0 2 0 0 1 1 0 2 0 0 0 0 0 0 0 0 0 1 0 2 0 0 0 0 0 0 2 
0 2 2 17 16 16 1 2 1 0 1 2 17 18 16 0 1 2 0 0 1 17 16 16 0 0 0 2 0 0 17 18 18 2 2 0 0 1 0 18 17 16 0 0 1 0 0 0 16 18 17 1 0 0 0 2 0 0 1 1 0 2 0 0 0 0 0 0 0 0 0 1 0 2 0 0 0 0 0 0 2 
1
0 1 0 0 1 0 0 0 0 
0 2 2 1 0 0 1 2 1 1 1 2 1 2 0 0 1 2 0 0 1 1 0 0 0 0 0 2 0 0 1 2 2 2 2 0 0 1 0 2 1 0 0 0 1 0 0 0 0 2 1 1 0 0 0 2 0 0 1 1 0 2 0 0 0 0 0 0 0 0 0 1 0 2 0 0 0 0 0 0 2 
0 2 2 17 16 16 1 2 1 1 1 2 17 18 16 0 1 2 0 0 1 17 16 16 0 0 0 2 0 0 17 18 18 2 2 0 0 1 0 18 17 16 0 0 1 0 0 0 16 18 17 1 0 0 0 2 0 0 1 1 0 2 0 0 0 0 0 0 0 0 0 1 0 2 0 0 0 0 0 0 2 
1
0 1 0 0 1 0 0 0 0 
0 2 2 1 0 0 1 2 1 1 1 2 1 2 0 0 1 2 0 0 1 1 0 0 0 0 0 2 0 0 1 2 2 2 2 0 0 1 2 2 1 0 0 0 1 0 0 0 0 2 1 1 0 0 0 2 0 0 1 1 0 2 0 0 0 0 0 0 0 0 0 1 0 2 0 0 0 0 0 0 2 
0 2 2 17 16 16 1 2 1 1 1 2 17 18 16 0 1 2 0 0 1 17 16 16 0 0 0 2 0 0 17 18 18 2 2 0 0 1 2 18 17 16 0 0 1 0 0 0 16 18 17 1 0 0 0 2 0 0 1 1 0 2 0 0 0 0 0 0 0 0 0 1 0 2 0 0 0 0 0 0 2 
1
0 1 0 0 1 0 0 0 0 
0 2 2 1 0 0 1 2 1 1 1 2 1 2 0 0 1 2 0 0 1 1 0 0 0 0 0 2 0 0 1 2 2 2 2 0 0 1 2 2 1 0 1 0 1 0 0 0 0 2 1 1 0 0 0 2 0 0 1 1 0 2 0 0 0 0 0 0 0 0 0 1 0 2 0 0 0 0 0 0 2 
0 2 2 17 16 16 1 2 1 1 1 2 17 18 16 0 1 2 0 0 1 17 16 16 0 0 0 2 0 0 17 18 18 2 2 0 0 1 2 18 17 16 1 0 1 0 0 0 16 18 17 1 0 0 0 2 0 0 1 1 0 2 0 0 0 0 0 0 0 0 0 1 0 2 0 0 0 0 0 0 2 
1
0 1 0 0 1 0 0 0 0 
0 2 2 1 0 0 1 2 1 1 1 2 1 2 0 0 1 2 0 0 1 1 0 0 0 0 0 2 0 0 1 2 2 2 2 0 2 1 2 2 1 0 1 0 1 0 0 0 0 2 1 1 0 0 0 2 0 0 1 1 0 2 0 0 0 0 0 0 0 0 0 1 0 2 0 0 0 0 0 0 2 
0 2 2 17 16 16 1 2 1 1 1 2 17 18 16 0 1 2 0 0 1 17 16 16 0 0 0 2 0 0 17 18 18 2 2 0 2 1 2 18 17 16 1 0 1 0 0 0 16 18 17 1 0 0 0 2 0 0 1 1 0 2 0 0 0 0 0 0 0 0 0 1 0 2 0 0 0 0 0 0 2 
1
0 1 0 0 1 0 0 0 0 
0 2 2 1 0 0 1 2 1 1 1 2 1 2 0 0 1 2 0 0 1 1 0 0 0 0 0 2 0 0 1 2 2 2 2 0 2 1 2 2 1 0 1 0 1 0 0 1 0 2 1 1 0 0 0 2 0 0 1 1 0 2 0 0 0 0 0 0 0 0 0 1 0 2 0 0 0 0 0 0 2 
0 2 2 17 16 16 1 2 1 1 1 2 17 18 16 0 1 2 0 0 1 17 16 16 0 0 0 2 0 0 17 18 18 2 2 0 2 1 2 18 17 16 1 0 1 0 0 1 16 18 17 1 0 0 0 2 0 0 1 1 0 2 0 0 0 0 0 0 0 0 0 1 0 2 0 0 0 0 0 0 2 
1
0 1 0 0 1 0 0 0 0 
0 2 2 1 0 0 1 2 1 1 1 2 1 2 0 0 1 2 0 0 1 1 0 0 0 0 0 2 0 0 1 2 2 2 2 0 2 1 2 2 1 0 1 0 1 0 0 1 0 2 1 1 0 0 0 2 0 0 1 1 0 2 0 0 0 0 0 0 0 0 0 1 0 2 0 0 0 0 2 0 2 
0 2 2 17 16 16 1 2 1 1 1 2 17 18 16 0 1 2 0 0 1 17 16 16 0 0 0 2 0 0 17 18 18 2 2 0 2 1 2 18 17 16 1 0 1 0 0 1 16 18 17 1 0 0 0 2 0 0 1 1 0 2 0 0 0 0 0 0 0 0 0 1 0 2 0 0 0 0 2 0 2 
1
0 1 0 0 1 0 0 0 0 
0 2 2 1 0 0 1 2 1 1 1 2 1 2 0 0 1 2 0 0 1 1 0 0 0 0 0 2 0 0 1 2 2 2 2 0 2 1 2 2 1 0 1 0 1 0 0 1 0 2 1 1 0 0 0 2 0 0 1 1 0 2 0 0 0 0 0 0 0 0 0 1 1 2 0 0 0 0 2 0 2 
0 2 2 17 16 16 1 2 1 1 1 2 17 18 16 0 1 2 0 0 1 17 16 16 0 0 0 2 0 0 17 18 18 2 2 0 2 1 2 18 17 16 1 0 1 0 0 1 16 18 17 1 0 0 0 2 0 0 1 1 0 2 0 0 0 0 0 0 0 0 0 1 1 2 0 0 0 0 2 0 2 
1
0 1 0 0 1 0 0 0 0 
0 2 2 1 0 0 1 2 1 1 1 2 1 2 0 0 1 2 0 0 1 1 0 0 0 0 0 2 0 0 1 2 2 2 2 0 2 1 2 2 1 0 1 0 1 0 0 1 0 2 1 1 0 0 0 2 2 0 1 1 0 2 0 0 0 0 0 0 0 0 0 1 1 2 0 0 0 0 2 0 2 
0 2 2 17 16 16 1 2 1 1 1 2 17 18 16 0 1 2 0 0 1 17 16 16 0 0 0 2 0 0 17 18 18 2 2 0 2 1 2 18 17 16 1 0 1 0 0 1 16 18 17 1 0 0 0 2 2 0 1 1 0 2 0 0 0 0 0 0 0 0 0 1 1 2 0 0 0 0 2 0 2 
1
0 1 1 0 1 0 0 0 0 
0 2 2 1 0 0 1 2 1 1 1 2 1 2 0 0 1 2 0 0 1 1 0 0 0 0 1 2 0 0 1 2 2 2 2 0 2 1 2 2 1 0 1 0 1 0 0 1 0 2 1 1 0 0 0 2 2 0 1 1 0 2 0 0 0 0 0 0 0 0 0 1 1 2 0 0 0 0 2 0 2 
0 2 2 17 16 16 17 18 17 1 1 2 17 18 16 16 17 18 0 0 1 17 16 16 16 16 17 2 0 0 17 18 18 2 2 0 2 1 2 18 17 16 1 0 1 0 0 1 16 18 17 1 0 0 0 2 2 0 1 1 0 2 0 0 0 0 0 0 0 0 0 1 1 2 0 0 0 0 2 0 2 
1
0 1 1 0 1 0 0 0 0 
0 2 2 1 0 0 1 2 1 1 1 2 1 2 0 0 1 2 0 0 1 1 0 0 0 0 1 2 0 0 1 2 2 2 2 0 2 1 2 2 1 0 1 0 1 0 0 1 0 2 1 1 0 0 0 2 2 0 1 1 2 2 0 0 0 0 0 0 0 0 0 1 1 2 0 0 0 0 2 0 2 
0 2 2 17 16 16 17 18 17 1 1 2 17 18 16 16 17 18 0 0 1 17 16 16 16 16 17 2 0 0 17 18 18 2 2 0 2 1 2 18 17 16 1 0 1 0 0 1 16 18 17 1 0 0 0 2 2 0 1 1 2 2 0 0 0 0 0 0 0 0 0 1 1 2 0 0 0 0 2 0 2 
1
0 1 1 0 1 0 0 0 0 
0 2 2 1 0 0 1 2 1 1 1 2 1 2 0 0 1 2 0 1 1 1 0 0 0 0 1 2 0 0 1 2 2 2 2 0 2 1 2 2 1 0 1 0 1 0 0 1 0 2 1 1 0 0 0 2 2 0 1 1 2 2 0 0 0 0 0 0 0 0 0 1 1 2 0 0 0 0 2 0 2 
0 2 2 17 16 16 17 18 17 1 1 2 17 18 16 16 17 18 0 1 1 17 16 16 16 16 17 2 0 0 17 18 18 2 2 0 2 1 2 18 17 16 1 0 1 0 0 1 16 18 17 1 0 0 0 2 2 0 1 1 2 2 0 0 0 0 0 0 0 0 0 1 1 2 0 0 0 0 2 0 2 
1
0 1 1 0 1 0 0 0 0 
0 2 2 1 0 0 1 2 1 1 1 2 1 2 0 0 1 2 0 1 1 1 0 0 0 0 1 2 0 0 1 2 2 2 2 0 2 1 2 2 1 0 1 0 1 0 0 1 0 2 1 1 0 0 0 2 2 0 1 1 2 2 0 0 0 0 2 0 0 0 0 1 1 2 0 0 0 0 2 0 2 
0 2 2 17 16 16 17 18 17 1 1 2 17 18 16 16 17 18 0 1 1 17 16 16 16 16 17 2 0 0 17 18 18 2 2 0 2 1 2 18 17 16 1 0 1 0 0 1 16 18 17 1 0 0 0 2 2 0 1 1 2 2 0 0 0 0 2 0 0 0 0 1 1 2 0 0 0 0 2 0 2 
1
0 1 1 0 1 0 0 0 0 
0 2 2 1 0 0 1 2 1 1 1 2 1 2 0 0 1 2 0 1 1 1 0 0 0 0 1 2 0 0 1 2 2 2 2 0 2 1 2 2 1 0 1 0 1 1 0 1 0 2 1 1 0 0 0 2 2 0 1 1 2 2 0 0 0 0 2 0 0 0 0 1 1 2 0 0 0 0 2 0 2 
0 2 2 17 16 16 17 18 17 1 1 2 17 18 16 16 17 18 0 1 1 17 16 16 16 16 17 2 0 0 17 18 18 2 2 0 2 1 2 18 17 16 1 0 1 1 0 1 16 18 17 1 0 0 0 2 2 0 1 1 2 2 0 0 0 0 2 0 0 0 0 1 1 2 0 0 0 0 2 0 2 
1
0 1 1 0 1 0 2 0 0 
0 2 2 1 0 0 1 2 1 1 1 2 1 2 0 0 1 2 0 1 1 1 0 0 0 0 1 2 0 0 1 2 2 2 2 0 2 1 2 2 1 0 1 0 1 1 0 1 0 2 1 1 0 0 2 2 2 0 1 1 2 2 0 0 0 0 2 0 0 0 0 1 1 2 0 0 0 0 2 0 2 
0 2 2 17 16 16 17 18 17 1 1 2 17 18 16 16 17 18 0 1 1 17 16 16 16 16 17 2 0 0 17 18 18 2 2 0 2 1 2 18 17 16 1 0 1 1 0 1 16 18 17 1 0 0 34 34 34 0 1 1 2 2 0 32 32 32 2 0 0 0 0 1 33 34 32 0 0 0 2 0 2 
1
1 1 1 0 1 0 2 0 0 
1 2 2 1 0 0 1 2 1 1 1 2 1 2 0 0 1 2 0 1 1 1 0 0 0 0 1 2 0 0 1 2 2 2 2 0 2 1 2 2 1 0 1 0 1 1 0 1 0 2 1 1 0 0 2 2 2 0 1 1 2 2 0 0 0 0 2 0 0 0 0 1 1 2 0 0 0 0 2 0 2 
17 18 18 17 16 16 17 18 17 17 17 18 17 18 16 16 17 18 16 17 17 17 16 16 16 16 17 2 0 0 17 18 18 2 2 0 2 1 2 18 17 16 1 0 1 1 0 1 16 18 17 1 0 0 34 34 34 0 1 1 2 2 0 32 32 32 2 0 0 0 0 1 33 34 32 0 0 0 2 0 2 
1
1 1 1 0 1 0 2 0 0 
1 2 2 1 0 0 1 2 1 1 1 2 1 2 0 0 1 2 0 1 1 1 0 0 0 0 1 2 0 0 1 2 2 2 2 0 2 1 2 2 1 0 1 0 1 1 0 1 0 2 1 1 0 0 2 2 2 0 1 1 2 2 0 0 0 0 2 0 0 0 0 1 1 2 0 0 0 0 2 0 2 
17 18 18 17 16 16 17 18 17 17 17 18 17 18 16 16 17 18 16 17 17 17 16 16 16 16 17 2 0 0 17 18 18 2 2 0 2 1 2 18 17 16 1 0 1 1 0 1 16 18 17 1 0 0 34 34 34 0 1 1 2 2 0 32 32 32 2 0 0 0 0 1 33 34 32 0 0 0 2 0 2 
1
