0 0 0 0 0 0 0 0 0 
0 0 0 0 0 0 0 0 0 0 0 0 0 0 0 0 0 0 0 0 0 0 0 0 0 0 0 0 0 0 0 0 0 0 0 0 0 0 0 0 0 0 0 0 0 0 0 0 0 0 1 0 0 0 0 0 0 0 0 0 0 0 0 0 0 0 0 0 0 0 0 0 0 0 0 0 0 0 0 0 0 
0 0 0 0 0 0 0 0 0 0 0 0 0 0 0 0 0 0 0 0 0 0 0 0 0 0 0 0 0 0 0 0 0 0 0 0 0 0 0 0 0 0 0 0 0 0 0 0 0 0 1 0 0 0 0 0 0 0 0 0 0 0 0 0 0 0 0 0 0 0 0 0 0 0 0 0 0 0 0 0 0 
1
0 0 0 0 0 0 0 0 0 
0 0 0 0 0 0 0 0 0 0 0 0 0 0 0 0 0 0 0 0 0 0 0 0 0 0 0 0 0 0 0 0 0 0 0 0 0 0 0 0 0 0 0 0 0 0 0 0 0 0 1 0 0 0 0 0 0 0 0 0 0 0 0 0 0 0 0 0 0 0 0 0 0 0 0 0 0 0 0 0 2 
0 0 0 0 0 0 0 0 0 0 0 0 0 0 0 0 0 0 0 0 0 0 0 0 0 0 0 0 0 0 0 0 0 0 0 0 0 0 0 0 0 0 0 0 0 0 0 0 0 0 1 0 0 0 0 0 0 0 0 0 0 0 0 0 0 0 0 0 0 0 0 0 0 0 0 0 0 0 0 0 2 
1
0 0 0 0 0 0 0 0 0 
0 0 0 0 0 0 0 0 0 0 0 0 0 0 0 0 0 0 0 0 0 0 0 0 0 0 0 0 0 0 0 0 0 0 0 0 0 0 0 0 0 0 0 0 0 0 0 0 0 0 1 0 0 0 0 0 0 0 0 0 0 0 0 0 0 0 0 0 0 0 0 0 0 0 0 0 0 0 0 1 2 
0 0 0 0 0 0 0 0 0 0 0 0 0 0 0 0 0 0 0 0 0 0 0 0 0 0 0 0 0 0 0 0 0 0 0 0 0 0 0 0 0 0 0 0 0 0 0 0 0 0 1 0 0 0 0 0 0 0 0 0 0 0 0 0 0 0 0 0 0 0 0 0 0 0 0 0 0 0 0 1 2 
1
0 0 0 0 0 0 0 0 0 
0 0 0 0 0 0 0 0 0 0 0 0 0 0 0 0 0 0 0 0 0 0 0 0 0 0 0 0 0 0 0 0 0 0 0 0 0 0 0 0 0 0 0 0 0 0 0 0 0 0 1 0 0 0 0 0 0 0 0 0 0 0 0 0 0 0 0 0 0 0 0 0 0 0 0 0 2 0 0 1 2 
0 0 0 0 0 0 0 0 0 0 0 0 0 0 0 0 0 0 0 0 0 0 0 0 0 0 0 0 0 0 0 0 0 0 0 0 0 0 0 0 0 0 0 0 0 0 0 0 0 0 1 0 0 0 0 0 0 0 0 0 0 0 0 0 0 0 0 0 0 0 0 0 0 0 0 0 2 0 0 1 2 
1
0 0 0 0 0 0 0 0 0 
0 0 0 0 0 0 0 0 0 0 0 0 0 0 0 0 0 0 0 0 0 0 0 0 0 0 0 0 0 0 0 0 0 0 0 0 0 0 0 0 0 0 0 0 0 0 0 0 0 0 1 0 0 0 0 0 0 1 0 0 0 0 0 0 0 0 0 0 0 0 0 0 0 0 0 0 2 0 0 1 2 
0 0 0 0 0 0 0 0 0 0 0 0 0 0 0 0 0 0 0 0 0 0 0 0 0 0 0 0 0 0 0 0 0 0 0 0 0 0 0 0 0 0 0 0 0 0 0 0 0 0 1 0 0 0 0 0 0 1 0 0 0 0 0 0 0 0 0 0 0 0 0 0 0 0 0 0 2 0 0 1 2 
1
0 0 0 0 0 0 0 0 0 
0 0 0 0 0 0 0 0 0 0 0 0 0 0 0 0 0 0 2 0 0 0 0 0 0 0 0 0 0 0 0 0 0 0 0 0 0 0 0 0 0 0 0 0 0 0 0 0 0 0 1 0 0 0 0 0 0 1 0 0 0 0 0 0 0 0 0 0 0 0 0 0 0 0 0 0 2 0 0 1 2 
0 0 0 0 0 0 0 0 0 0 0 0 0 0 0 0 0 0 2 0 0 0 0 0 0 0 0 0 0 0 0 0 0 0 0 0 0 0 0 0 0 0 0 0 0 0 0 0 0 0 1 0 0 0 0 0 0 1 0 0 0 0 0 0 0 0 0 0 0 0 0 0 0 0 0 0 2 0 0 1 2 
1
0 0 0 0 0 0 0 0 0 
0 0 0 0 0 0 0 0 0 0 0 0 0 0 0 0 0 0 2 0 0 0 0 0 0 0 0 0 0 0 0 0 0 0 0 0 0 0 0 0 0 0 0 0 0 0 0 0 0 0 1 0 0 0 1 0 0 1 0 0 0 0 0 0 0 0 0 0 0 0 0 0 0 0 0 0 2 0 0 1 2 
0 0 0 0 0 0 0 0 0 0 0 0 0 0 0 0 0 0 2 0 0 0 0 0 0 0 0 0 0 0 0 0 0 0 0 0 0 0 0 0 0 0 0 0 0 0 0 0 0 0 1 0 0 0 1 0 0 1 0 0 0 0 0 0 0 0 0 0 0 0 0 0 0 0 0 0 2 0 0 1 2 
1
0 0 0 0 0 0 0 0 0 
0 0 0 0 0 0 0 0 0 2 0 0 0 0 0 0 0 0 2 0 0 0 0 0 0 0 0 0 0 0 0 0 0 0 0 0 0 0 0 0 0 0 0 0 0 0 0 0 0 0 1 0 0 0 1 0 0 1 0 0 0 0 0 0 0 0 0 0 0 0 0 0 0 0 0 0 2 0 0 1 2 
0 0 0 0 0 0 0 0 0 2 0 0 0 0 0 0 0 0 2 0 0 0 0 0 0 0 0 0 0 0 0 0 0 0 0 0 0 0 0 0 0 0 0 0 0 0 0 0 0 0 1 0 0 0 1 0 0 1 0 0 0 0 0 0 0 0 0 0 0 0 0 0 0 0 0 0 2 0 0 1 2 
1
0 0 0 0 0 0 0 0 0 
0 0 0 0 0 0 0 0 0 2 0 0 0 0 0 0 0 0 2 0 0 0 0 0 0 0 0 0 0 0 0 0 0 0 0 0 1 0 0 0 0 0 0 0 0 0 0 0 0 0 1 0 0 0 1 0 0 1 0 0 0 0 0 0 0 0 0 0 0 0 0 0 0 0 0 0 2 0 0 1 2 
0 0 0 0 0 0 0 0 0 2 0 0 0 0 0 0 0 0 2 0 0 0 0 0 0 0 0 0 0 0 0 0 0 0 0 0 1 0 0 0 0 0 0 0 0 0 0 0 0 0 1 0 0 0 1 0 0 1 0 0 0 0 0 0 0 0 0 0 0 0 0 0 0 0 0 0 2 0 0 1 2 
1
0 0 0 0 0 0 0 0 0 
0 0 0 0 0 0 0 0 0 2 0 0 0 0 0 0 0 0 2 0 0 0 0 0 0 0 0 0 0 0 0 0 0 0 0 0 1 0 2 0 0 0 0 0 0 0 0 0 0 0 1 0 0 0 1 0 0 1 0 0 0 0 0 0 0 0 0 0 0 0 0 0 0 0 0 0 2 0 0 1 2 
0 0 0 0 0 0 0 0 0 2 0 0 0 0 0 0 0 0 2 0 0 0 0 0 0 0 0 0 0 0 0 0 0 0 0 0 1 0 2 0 0 0 0 0 0 0 0 0 0 0 1 0 0 0 1 0 0 1 0 0 0 0 0 0 0 0 0 0 0 0 0 0 0 0 0 0 2 0 0 1 2 
1
0 0 0 0 0 0 0 0 0 
0 0 0 0 0 0 0 0 0 2 0 0 0 0 0 0 0 0 2 0 0 0 0 0 0 0 0 0 0 0 0 0 0 0 1 0 1 0 2 0 0 0 0 0 0 0 0 0 0 0 1 0 0 0 1 0 0 1 0 0 0 0 0 0 0 0 0 0 0 0 0 0 0 0 0 0 2 0 0 1 2 
0 0 0 0 0 0 0 0 0 2 0 0 0 0 0 0 0 0 2 0 0 0 0 0 0 0 0 0 0 0 0 0 0 0 1 0 1 0 2 0 0 0 0 0 0 0 0 0 0 0 1 0 0 0 1 0 0 1 0 0 0 0 0 0 0 0 0 0 0 0 0 0 0 0 0 0 2 0 0 1 2 
1
0 0 0 0 0 0 0 0 0 
0 0 0 0 0 0 0 0 0 2 0 0 0 0 0 0 0 0 2 0 0 2 0 0 0 0 0 0 0 0 0 0 0 0 1 0 1 0 2 0 0 0 0 0 0 0 0 0 0 0 1 0 0 0 1 0 0 1 0 0 0 0 0 0 0 0 0 0 0 0 0 0 0 0 0 0 2 0 0 1 2 
0 0 0 0 0 0 0 0 0 2 0 0 0 0 0 0 0 0 2 0 0 2 0 0 0 0 0 0 0 0 0 0 0 0 1 0 1 0 2 0 0 0 0 0 0 0 0 0 0 0 1 0 0 0 1 0 0 1 0 0 0 0 0 0 0 0 0 0 0 0 0 0 0 0 0 0 2 0 0 1 2 
1
0 0 0 0 0 0 0 0 0 
0 0 0 0 0 0 0 0 0 2 0 0 0 0 0 0 0 0 2 0 0 2 0 0 0 0 0 0 0 0 0 0 0 0 1 0 1 0 2 0 0 0 0 0 0 0 0 0 0 0 1 0 0 0 1 0 0 1 0 0 0 0 0 1 0 0 0 0 0 0 0 0 0 0 0 0 2 0 0 1 2 
0 0 0 0 0 0 0 0 0 2 0 0 0 0 0 0 0 0 2 0 0 2 0 0 0 0 0 0 0 0 0 0 0 0 1 0 1 0 2 0 0 0 0 0 0 0 0 0 0 0 1 0 0 0 1 0 0 1 0 0 0 0 0 1 0 0 0 0 0 0 0 0 0 0 0 0 2 0 0 1 2 
1
0 0 0 0 0 0 0 0 0 
0 0 0 0 0 0 0 0 0 2 0 0 0 0 0 0 0 0 2 0 0 2 0 0 0 0 0 0 0 2 0 0 0 0 1 0 1 0 2 0 0 0 0 0 0 0 0 0 0 0 1 0 0 0 1 0 0 1 0 0 0 0 0 1 0 0 0 0 0 0 0 0 0 0 0 0 2 0 0 1 2 
0 0 0 0 0 0 0 0 0 2 0 0 0 0 0 0 0 0 2 0 0 2 0 0 0 0 0 0 0 2 0 0 0 0 1 0 1 0 2 0 0 0 0 0 0 0 0 0 0 0 1 0 0 0 1 0 0 1 0 0 0 0 0 1 0 0 0 0 0 0 0 0 0 0 0 0 2 0 0 1 2 
1
0 0 0 0 0 0 0 0 0 
0 0 0 0 0 0 1 0 0 2 0 0 0 0 0 0 0 0 2 0 0 2 0 0 0 0 0 0 0 2 0 0 0 0 1 0 1 0 2 0 0 0 0 0 0 0 0 0 0 0 1 0 0 0 1 0 0 1 0 0 0 0 0 1 0 0 0 0 0 0 0 0 0 0 0 0 2 0 0 1 2 
0 0 0 0 0 0 1 0 0 2 0 0 0 0 0 0 0 0 2 0 0 2 0 0 0 0 0 0 0 2 0 0 0 0 1 0 1 0 2 0 0 0 0 0 0 0 0 0 0 0 1 0 0 0 1 0 0 1 0 0 0 0 0 1 0 0 0 0 0 0 0 0 0 0 0 0 2 0 0 1 2 
1
2 0 0 0 0 0 0 0 0 
2 0 0 0 0 0 1 0 0 2 0 0 0 0 0 0 0 0 2 0 0 2 0 0 0 0 0 0 0 2 0 0 0 0 1 0 1 0 2 0 0 0 0 0 0 0 0 0 0 0 1 0 0 0 1 0 0 1 0 0 0 0 0 1 0 0 0 0 0 0 0 0 0 0 0 0 2 0 0 1 2 
34 32 32 0 0 0 1 0 0 34 32 32 0 0 0 0 0 0 34 32 32 2 0 0 0 0 0 0 0 2 0 0 0 0 1 0 1 0 2 0 0 0 0 0 0 0 0 0 0 0 1 0 0 0 1 0 0 1 0 0 0 0 0 1 0 0 0 0 0 0 0 0 0 0 0 0 2 0 0 1 2 
1
2 0 0 0 0 0 0 0 0 
2 0 0 0 0 0 1 0 0 2 0 0 0 0 0 0 0 0 2 0 0 2 0 0 0 0 0 0 0 2 0 0 0 0 1 0 1 0 2 0 1 0 0 0 0 0 0 0 0 0 1 0 0 0 1 0 0 1 0 0 0 0 0 1 0 0 0 0 0 0 0 0 0 0 0 0 2 0 0 1 2 
34 32 32 0 0 0 1 0 0 34 32 32 0 0 0 0 0 0 34 32 32 2 0 0 0 0 0 0 0 2 0 0 0 0 1 0 1 0 2 0 1 0 0 0 0 0 0 0 0 0 1 0 0 0 1 0 0 1 0 0 0 0 0 1 0 0 0 0 0 0 0 0 0 0 0 0 2 0 0 1 2 
1
2 0 0 0 0 0 0 0 0 
2 0 0 0 0 0 1 0 0 2 0 0 0 0 0 0 0 0 2 0 0 2 0 0 0 0 0 0 0 2 0 0 2 0 1 0 1 0 2 0 1 0 0 0 0 0 0 0 0 0 1 0 0 0 1 0 0 1 0 0 0 0 0 1 0 0 0 0 0 0 0 0 0 0 0 0 2 0 0 1 2 
34 32 32 0 0 0 1 0 0 34 32 32 0 0 0 0 0 0 34 32 32 2 0 0 0 0 0 0 0 2 0 0 2 0 1 0 1 0 2 0 1 0 0 0 0 0 0 0 0 0 1 0 0 0 1 0 0 1 0 0 0 0 0 1 0 0 0 0 0 0 0 0 0 0 0 0 2 0 0 1 2 
1
2 0 0 0 0 0 0 0 0 
2 0 0 0 0 0 1 0 0 2 0 0 0 0 0 1 0 0 2 0 0 2 0 0 0 0 0 0 0 2 0 0 2 0 1 0 1 0 2 0 1 0 0 0 0 0 0 0 0 0 1 0 0 0 1 0 0 1 0 0 0 0 0 1 0 0 0 0 0 0 0 0 0 0 0 0 2 0 0 1 2 
34 32 32 0 0 0 1 0 0 34 32 32 0 0 0 1 0 0 34 32 32 2 0 0 0 0 0 0 0 2 0 0 2 0 1 0 1 0 2 0 1 0 0 0 0 0 0 0 0 0 1 0 0 0 1 0 0 1 0 0 0 0 0 1 0 0 0 0 0 0 0 0 0 0 0 0 2 0 0 1 2 
1
2 0 0 2 0 0 0 0 0 
2 0 0 0 0 0 1 0 0 2 0 0 0 0 0 1 0 0 2 0 0 2 0 0 0 0 0 0 0 2 0 0 2 0 1 0 1 0 2 0 1 0 0 0 0 0 0 2 0 0 1 0 0 0 1 0 0 1 0 0 0 0 0 1 0 0 0 0 0 0 0 0 0 0 0 0 2 0 0 1 2 
34 32 32 0 0 0 1 0 0 34 32 32 0 0 0 1 0 0 34 32 32 2 0 0 0 0 0 32 32 34 0 0 2 0 1 0 33 32 34 0 1 0 0 0 0 32 32 34 0 0 1 0 0 0 1 0 0 1 0 0 0 0 0 1 0 0 0 0 0 0 0 0 0 0 0 0 2 0 0 1 2 
1
2 0 0 2 0 0 0 0 0 
2 0 0 0 0 0 1 0 0 2 0 0 0 0 0 1 0 0 2 0 0 2 0 0 0 0 0 0 0 2 0 0 2 0 1 0 1 0 2 0 1 0 0 0 0 0 0 2 0 0 1 0 0 0 1 0 0 1 0 0 0 0 1 1 0 0 0 0 0 0 0 0 0 0 0 0 2 0 0 1 2 
34 32 32 0 0 0 1 0 0 34 32 32 0 0 0 1 0 0 34 32 32 2 0 0 0 0 0 32 32 34 0 0 2 0 1 0 33 32 34 0 1 0 0 0 0 32 32 34 0 0 1 0 0 0 1 0 0 1 0 0 0 0 1 1 0 0 0 0 0 0 0 0 0 0 0 0 2 0 0 1 2 
1
2 0 0 2 0 0 0 0 0 
2 0 0 0 0 0 1 0 0 2 0 0 0 0 0 1 0 0 2 0 0 2 0 0 0 2 0 0 0 2 0 0 2 0 1 0 1 0 2 0 1 0 0 0 0 0 0 2 0 0 1 0 0 0 1 0 0 1 0 0 0 0 1 1 0 0 0 0 0 0 0 0 0 0 0 0 2 0 0 1 2 
34 32 32 0 0 0 1 0 0 34 32 32 0 0 0 1 0 0 34 32 32 2 0 0 0 2 0 32 32 34 0 0 2 0 1 0 33 32 34 0 1 0 0 0 0 32 32 34 0 0 1 0 0 0 1 0 0 1 0 0 0 0 1 1 0 0 0 0 0 0 0 0 0 0 0 0 2 0 0 1 2 
1
2 0 0 2 0 0 0 0 0 
2 0 0 0 0 0 1 0 0 2 0 0 0 0 0 1 0 0 2 0 0 2 0 0 0 2 0 0 0 2 0 0 2 0 1 0 1 0 2 0 1 0 0 0 0 0 0 2 0 0 1 0 0 0 1 0 0 1 0 0 0 0 1 1 0 0 0 0 1 0 0 0 0 0 0 0 2 0 0 1 2 
34 32 32 0 0 0 1 0 0 34 32 32 0 0 0 1 0 0 34 32 32 2 0 0 0 2 0 32 32 34 0 0 2 0 1 0 33 32 34 0 1 0 0 0 0 32 32 34 0 0 1 0 0 0 1 0 0 1 0 0 0 0 1 1 0 0 0 0 1 0 0 0 0 0 0 0 2 0 0 1 2 
1
2 0 0 2 0 0 0 0 0 
2 0 0 0 0 0 1 0 0 2 0 0 0 0 0 1 0 0 2 0 0 2 0 0 0 2 0 0 0 2 0 0 2 0 1 0 1 0 2 0 1 0 0 0 2 0 0 2 0 0 1 0 0 0 1 0 0 1 0 0 0 0 1 1 0 0 0 0 1 0 0 0 0 0 0 0 2 0 0 1 2 
34 32 32 0 0 0 1 0 0 34 32 32 0 0 0 1 0 0 34 32 32 2 0 0 0 2 0 32 32 34 0 0 2 0 1 0 33 32 34 0 1 0 0 0 2 32 32 34 0 0 1 0 0 0 1 0 0 1 0 0 0 0 1 1 0 0 0 0 1 0 0 0 0 0 0 0 2 0 0 1 2 
1
2 0 0 2 0 0 0 0 0 
2 0 0 0 0 0 1 0 0 2 0 0 0 0 0 1 0 0 2 0 0 2 0 0 0 2 0 0 0 2 0 0 2 0 1 0 1 0 2 0 1 0 0 0 2 0 0 2 0 0 1 0 1 0 1 0 0 1 0 0 0 0 1 1 0 0 0 0 1 0 0 0 0 0 0 0 2 0 0 1 2 
34 32 32 0 0 0 1 0 0 34 32 32 0 0 0 1 0 0 34 32 32 2 0 0 0 2 0 32 32 34 0 0 2 0 1 0 33 32 34 0 1 0 0 0 2 32 32 34 0 0 1 0 1 0 1 0 0 1 0 0 0 0 1 1 0 0 0 0 1 0 0 0 0 0 0 0 2 0 0 1 2 
1
2 0 0 2 0 0 0 0 0 
2 0 0 0 0 0 1 0 0 2 0 0 0 0 0 1 0 0 2 0 0 2 0 0 0 2 0 0 0 2 0 0 2 0 1 0 1 0 2 0 1 0 0 0 2 0 0 2 0 0 1 0 1 0 1 0 0 1 2 0 0 0 1 1 0 0 0 0 1 0 0 0 0 0 0 0 2 0 0 1 2 
34 32 32 0 0 0 1 0 0 34 32 32 0 0 0 1 0 0 34 32 32 2 0 0 0 2 0 32 32 34 0 0 2 0 1 0 33 32 34 0 1 0 0 0 2 32 32 34 0 0 1 0 1 0 1 0 0 1 2 0 0 0 1 1 0 0 0 0 1 0 0 0 0 0 0 0 2 0 0 1 2 
1
2 0 0 2 0 0 0 0 0 
2 0 0 0 0 0 1 0 0 2 0 0 0 0 1 1 0 0 2 0 0 2 0 0 0 2 0 0 0 2 0 0 2 0 1 0 1 0 2 0 1 0 0 0 2 0 0 2 0 0 1 0 1 0 1 0 0 1 2 0 0 0 1 1 0 0 0 0 1 0 0 0 0 0 0 0 2 0 0 1 2 
34 32 32 0 0 0 1 0 0 34 32 32 0 0 1 1 0 0 34 32 32 2 0 0 0 2 0 32 32 34 0 0 2 0 1 0 33 32 34 0 1 0 0 0 2 32 32 34 0 0 1 0 1 0 1 0 0 1 2 0 0 0 1 1 0 0 0 0 1 0 0 0 0 0 0 0 2 0 0 1 2 
1
2 0 0 2 0 0 0 0 0 
2 0 0 0 0 0 1 0 0 2 0 0 0 0 1 1 0 0 2 0 0 2 0 0 0 2 0 0 0 2 0 0 2 0 1 0 1 0 2 0 1 0 0 2 2 0 0 2 0 0 1 0 1 0 1 0 0 1 2 0 0 0 1 1 0 0 0 0 1 0 0 0 0 0 0 0 2 0 0 1 2 
34 32 32 0 0 0 1 0 0 34 32 32 0 0 1 1 0 0 34 32 32 2 0 0 0 2 0 32 32 34 0 0 2 0 1 0 33 32 34 0 1 0 0 2 2 32 32 34 0 0 1 0 1 0 1 0 0 1 2 0 0 0 1 1 0 0 0 0 1 0 0 0 0 0 0 0 2 0 0 1 2 
1
2 0 0 2 0 0 0 0 0 
2 0 0 0 0 0 1 0 0 2 0 0 0 0 1 1 0 0 2 0 0 2 0 0 0 2 0 0 0 2 0 1 2 0 1 0 1 0 2 0 1 0 0 2 2 0 0 2 0 0 1 0 1 0 1 0 0 1 2 0 0 0 1 1 0 0 0 0 1 0 0 0 0 0 0 0 2 0 0 1 2 
34 32 32 0 0 0 1 0 0 34 32 32 0 0 1 1 0 0 34 32 32 2 0 0 0 2 0 32 32 34 0 1 2 0 1 0 33 32 34 0 1 0 0 2 2 32 32 34 0 0 1 0 1 0 1 0 0 1 2 0 0 0 1 1 0 0 0 0 1 0 0 0 0 0 0 0 2 0 0 1 2 
1
2 0 0 2 0 0 0 0 0 
2 0 0 0 0 0 1 0 0 2 0 0 0 0 1 1 0 0 2 0 0 2 0 2 0 2 0 0 0 2 0 1 2 0 1 0 1 0 2 0 1 0 0 2 2 0 0 2 0 0 1 0 1 0 1 0 0 1 2 0 0 0 1 1 0 0 0 0 1 0 0 0 0 0 0 0 2 0 0 1 2 
34 32 32 0 0 0 1 0 0 34 32 32 0 0 1 1 0 0 34 32 32 2 0 2 0 2 0 32 32 34 0 1 2 0 1 0 33 32 34 0 1 0 0 2 2 32 32 34 0 0 1 0 1 0 1 0 0 1 2 0 0 0 1 1 0 0 0 0 1 0 0 0 0 0 0 0 2 0 0 1 2 
1
2 0 0 2 0 0 0 0 0 
2 0 0 0 0 0 1 0 0 2 0 0 0 0 1 1 0 0 2 0 0 2 0 2 0 2 0 0 0 2 0 1 2 0 1 0 1 0 2 0 1 0 0 2 2 0 0 2 0 0 1 0 1 0 1 0 0 1 2 0 0 1 1 1 0 0 0 0 1 0 0 0 0 0 0 0 2 0 0 1 2 
34 32 32 0 0 0 1 0 0 34 32 32 0 0 1 1 0 0 34 32 32 2 0 2 0 2 0 32 32 34 0 1 2 0 1 0 33 32 34 0 1 0 0 2 2 32 32 34 0 0 1 0 1 0 1 0 0 1 2 0 0 1 1 1 0 0 0 0 1 0 0 0 0 0 0 0 2 0 0 1 2 
1
2 2 0 2 0 0 0 0 0 
2 0 0 0 0 0 1 0 0 2 0 0 0 0 1 1 0 0 2 0 0 2 2 2 0 2 0 0 0 2 0 1 2 0 1 0 1 0 2 0 1 0 0 2 2 0 0 2 0 0 1 0 1 0 1 0 0 1 2 0 0 1 1 1 0 0 0 0 1 0 0 0 0 0 0 0 2 0 0 1 2 
34 32 32 32 32 32 1 0 0 34 32 32 32 32 33 1 0 0 34 32 32 34 34 34 0 2 0 32 32 34 0 1 2 0 1 0 33 32 34 0 1 0 0 2 2 32 32 34 0 0 1 0 1 0 1 0 0 1 2 0 0 1 1 1 0 0 0 0 1 0 0 0 0 0 0 0 2 0 0 1 2 
1
2 2 0 2 0 0 0 0 0 
2 0 0 0 0 0 1 0 0 2 0 0 0 0 1 1 0 0 2 0 0 2 2 2 0 2 0 0 0 2 0 1 2 0 1 0 1 0 2 0 1 0 0 2 2 0 0 2 0 0 1 0 1 0 1 0 0 1 2 0 0 1 1 1 0 0 0 0 1 0 0 0 0 0 0 0 2 1 0 1 2 
34 32 32 32 32 32 1 0 0 34 32 32 32 32 33 1 0 0 34 32 32 34 34 34 0 2 0 32 32 34 0 1 2 0 1 0 33 32 34 0 1 0 0 2 2 32 32 34 0 0 1 0 1 0 1 0 0 1 2 0 0 1 1 1 0 0 0 0 1 0 0 0 0 0 0 0 2 1 0 1 2 
1
2 2 0 2 0 0 0 0 0 
2 0 0 0 0 0 1 0 0 2 0 0 0 0 1 1 0 0 2 0 0 2 2 2 0 2 0 0 0 2 0 1 2 0 1 0 1 0 2 0 1 0 0 2 2 0 0 2 0 0 1 0 1 0 1 0 0 1 2 0 0 1 1 1 0 0 0 0 1 0 0 2 0 0 0 0 2 1 0 1 2 
34 32 32 32 32 32 1 0 0 34 32 32 32 32 33 1 0 0 34 32 32 34 34 34 0 2 0 32 32 34 0 1 2 0 1 0 33 32 34 0 1 0 0 2 2 32 32 34 0 0 1 0 1 0 1 0 0 1 2 0 0 1 1 1 0 0 0 0 1 0 0 2 0 0 0 0 2 1 0 1 2 
1
2 2 0 2 0 0 0 0 0 
2 0 0 0 0 0 1 0 0 2 0 0 0 0 1 1 0 0 2 0 0 2 2 2 0 2 0 0 0 2 0 1 2 0 1 0 1 0 2 0 1 0 0 2 2 0 0 2 0 0 1 0 1 1 1 0 0 1 2 0 0 1 1 1 0 0 0 0 1 0 0 2 0 0 0 0 2 1 0 1 2 
34 32 32 32 32 32 1 0 0 34 32 32 32 32 33 1 0 0 34 32 32 34 34 34 0 2 0 32 32 34 0 1 2 0 1 0 33 32 34 0 1 0 0 2 2 32 32 34 0 0 1 0 1 1 1 0 0 1 2 0 0 1 1 1 0 0 0 0 1 0 0 2 0 0 0 0 2 1 0 1 2 
1
2 2 0 2 0 0 0 0 0 
2 0 0 0 0 0 1 0 0 2 0 0 0 0 1 1 0 0 2 0 0 2 2 2 0 2 0 0 0 2 0 1 2 0 1 0 1 0 2 0 1 0 0 2 2 0 0 2 0 0 1 0 1 1 1 0 0 1 2 0 0 1 1 1 0 0 0 0 1 0 2 2 0 0 0 0 2 1 0 1 2 
34 32 32 32 32 32 1 0 0 34 32 32 32 32 33 1 0 0 34 32 32 34 34 34 0 2 0 32 32 34 0 1 2 0 1 0 33 32 34 0 1 0 0 2 2 32 32 34 0 0 1 0 1 1 1 0 0 1 2 0 0 1 1 1 0 0 0 0 1 0 2 2 0 0 0 0 2 1 0 1 2 
1
2 2 0 2 0 0 0 0 0 
2 0 0 0 0 0 1 0 0 2 0 0 0 0 1 1 0 0 2 0 0 2 2 2 0 2 0 0 0 2 0 1 2 0 1 0 1 0 2 0 1 1 0 2 2 0 0 2 0 0 1 0 1 1 1 0 0 1 2 0 0 1 1 1 0 0 0 0 1 0 2 2 0 0 0 0 2 1 0 1 2 
34 32 32 32 32 32 1 0 0 34 32 32 32 32 33 1 0 0 34 32 32 34 34 34 0 2 0 32 32 34 0 1 2 0 1 0 33 32 34 0 1 1 0 2 2 32 32 34 0 0 1 0 1 1 1 0 0 1 2 0 0 1 1 1 0 0 0 0 1 0 2 2 0 0 0 0 2 1 0 1 2 
1
2 2 0 2 0 2 0 0 0 
2 0 0 0 0 0 1 0 0 2 0 0 0 0 1 1 0 0 2 0 0 2 2 2 0 2 0 0 0 2 0 1 2 0 1 0 1 0 2 0 1 1 2 2 2 0 0 2 0 0 1 0 1 1 1 0 0 1 2 0 0 1 1 1 0 0 0 0 1 0 2 2 0 0 0 0 2 1 0 1 2 
34 32 32 32 32 32 1 0 0 34 32 32 32 32 33 1 0 0 34 32 32 34 34 34 0 2 0 32 32 34 0 1 2 32 33 32 33 32 34 0 1 1 34 34 34 32 32 34 0 0 1 32 33 33 1 0 0 1 2 0 0 1 1 1 0 0 0 0 1 0 2 2 0 0 0 0 2 1 0 1 2 
1
2 2 0 2 1 2 0 0 0 
2 0 0 0 0 0 1 0 0 2 0 0 0 0 1 1 0 0 2 0 0 2 2 2 0 2 0 0 0 2 0 1 2 0 1 0 1 0 2 0 1 1 2 2 2 0 0 2 0 1 1 0 1 1 1 0 0 1 2 0 0 1 1 1 0 0 0 0 1 0 2 2 0 0 0 0 2 1 0 1 2 
34 32 32 32 32 32 1 0 0 34 32 32 32 32 33 1 0 0 34 32 32 34 34 34 0 2 0 32 32 34 16 17 18 32 33 32 33 32 34 16 17 17 34 34 34 32 32 34 16 17 17 32 33 33 1 0 0 1 2 0 0 1 1 1 0 0 0 0 1 0 2 2 0 0 0 0 2 1 0 1 2 
1
2 2 0 2 1 2 0 0 0 
2 0 0 0 0 0 1 0 0 2 0 0 0 0 1 1 0 0 2 0 0 2 2 2 0 2 0 0 0 2 0 1 2 0 1 0 1 0 2 0 1 1 2 2 2 0 0 2 0 1 1 0 1 1 1 0 0 1 2 2 0 1 1 1 0 0 0 0 1 0 2 2 0 0 0 0 2 1 0 1 2 
34 32 32 32 32 32 1 0 0 34 32 32 32 32 33 1 0 0 34 32 32 34 34 34 0 2 0 32 32 34 16 17 18 32 33 32 33 32 34 16 17 17 34 34 34 32 32 34 16 17 17 32 33 33 1 0 0 1 2 2 0 1 1 1 0 0 0 0 1 0 2 2 0 0 0 0 2 1 0 1 2 
1
2 2 0 2 1 2 0 0 0 
2 0 0 0 0 0 1 0 0 2 0 0 0 0 1 1 0 0 2 0 0 2 2 2 0 2 1 0 0 2 0 1 2 0 1 0 1 0 2 0 1 1 2 2 2 0 0 2 0 1 1 0 1 1 1 0 0 1 2 2 0 1 1 1 0 0 0 0 1 0 2 2 0 0 0 0 2 1 0 1 2 
34 32 32 32 32 32 1 0 0 34 32 32 32 32 33 1 0 0 34 32 32 34 34 34 0 2 1 32 32 34 16 17 18 32 33 32 33 32 34 16 17 17 34 34 34 32 32 34 16 17 17 32 33 33 1 0 0 1 2 2 0 1 1 1 0 0 0 0 1 0 2 2 0 0 0 0 2 1 0 1 2 
1
2 2 0 2 1 2 0 0 2 
2 0 0 0 0 0 1 0 0 2 0 0 0 0 1 1 0 0 2 0 0 2 2 2 0 2 1 0 0 2 0 1 2 0 1 0 1 0 2 0 1 1 2 2 2 0 0 2 0 1 1 0 1 1 1 0 0 1 2 2 2 1 1 1 0 0 0 0 1 0 2 2 0 0 0 0 2 1 0 1 2 
34 32 32 32 32 32 1 0 0 34 32 32 32 32 33 1 0 0 34 32 32 34 34 34 0 2 1 32 32 34 16 17 18 32 33 32 33 32 34 16 17 17 34 34 34 32 32 34 16 17 17 32 33 33 1 0 0 1 2 2 34 33 33 1 0 0 0 0 1 32 34 34 0 0 0 0 2 1 32 33 34 
1
2 2 0 2 1 2 1 0 2 
2 0 0 0 0 0 1 0 0 2 0 0 0 0 1 1 0 0 2 0 0 2 2 2 0 2 1 0 0 2 0 1 2 0 1 0 1 0 2 0 1 1 2 2 2 0 0 2 0 1 1 0 1 1 1 0 0 1 2 2 2 1 1 1 0 0 0 0 1 0 2 2 1 0 0 0 2 1 0 1 2 
34 32 32 32 32 32 1 0 0 34 32 32 32 32 33 1 0 0 34 32 32 34 34 34 0 2 1 32 32 34 16 17 18 32 33 32 33 32 34 16 17 17 34 34 34 32 32 34 16 17 17 32 33 33 17 16 16 1 2 2 34 33 33 17 16 16 0 0 1 32 34 34 17 16 16 0 2 1 32 33 34 
1
2 2 0 2 1 2 1 2 2 
2 0 0 0 0 0 1 0 0 2 0 0 0 0 1 1 0 0 2 0 0 2 2 2 0 2 1 0 0 2 0 1 2 0 1 0 1 0 2 0 1 1 2 2 2 0 0 2 0 1 1 0 1 1 1 0 0 1 2 2 2 1 1 1 0 0 0 2 1 0 2 2 1 0 0 0 2 1 0 1 2 
34 32 32 32 32 32 1 0 0 34 32 32 32 32 33 1 0 0 34 32 32 34 34 34 0 2 1 32 32 34 16 17 18 32 33 32 33 32 34 16 17 17 34 34 34 32 32 34 16 17 17 32 33 33 17 16 16 33 34 34 34 33 33 17 16 16 32 34 33 32 34 34 17 16 16 32 34 33 32 33 34 
1
2 2 1 2 1 2 1 2 2 
2 0 0 0 0 0 1 0 0 2 0 0 0 0 1 1 1 0 2 0 0 2 2 2 0 2 1 0 0 2 0 1 2 0 1 0 1 0 2 0 1 1 2 2 2 0 0 2 0 1 1 0 1 1 1 0 0 1 2 2 2 1 1 1 0 0 0 2 1 0 2 2 1 0 0 0 2 1 0 1 2 
34 32 32 32 32 32 17 16 16 34 32 32 32 32 33 17 17 16 34 32 32 34 34 34 16 18 17 32 32 34 16 17 18 32 33 32 33 32 34 16 17 17 34 34 34 32 32 34 16 17 17 32 33 33 17 16 16 33 34 34 34 33 33 17 16 16 32 34 33 32 34 34 17 16 16 32 34 33 32 33 34 
1
2 2 1 2 1 2 1 2 2 
2 0 0 0 0 0 1 0 0 2 0 0 0 0 1 1 1 0 2 0 0 2 2 2 0 2 1 0 0 2 0 1 2 0 1 0 1 0 2 0 1 1 2 2 2 0 0 2 0 1 1 0 1 1 1 0 0 1 2 2 2 1 1 1 0 0 0 2 1 0 2 2 1 0 0 0 2 1 0 1 2 
34 32 32 32 32 32 17 16 16 34 32 32 32 32 33 17 17 16 34 32 32 34 34 34 16 18 17 32 32 34 16 17 18 32 33 32 33 32 34 16 17 17 34 34 34 32 32 34 16 17 17 32 33 33 17 16 16 33 34 34 34 33 33 17 16 16 32 34 33 32 34 34 17 16 16 32 34 33 32 33 34 
1
