0 0 0 0 0 0 0 0 0 
0 0 0 0 0 0 0 0 0 0 0 0 0 0 0 0 0 0 0 0 0 0 0 0 0 0 0 0 0 0 0 0 0 0 0 0 0 0 0 0 1 0 0 0 0 0 0 0 0 0 0 0 0 0 0 0 0 0 0 0 0 0 0 0 0 0 0 0 0 0 0 0 0 0 0 0 0 0 0 0 0 
0 0 0 0 0 0 0 0 0 0 0 0 0 0 0 0 0 0 0 0 0 0 0 0 0 0 0 0 0 0 0 0 0 0 0 0 0 0 0 0 1 0 0 0 0 0 0 0 0 0 0 0 0 0 0 0 0 0 0 0 0 0 0 0 0 0 0 0 0 0 0 0 0 0 0 0 0 0 0 0 0 
1
0 0 0 0 0 0 0 0 0 
0 0 0 0 0 0 0 0 0 0 0 0 0 0 0 0 0 0 0 0 0 0 0 0 0 0 0 0 0 0 0 0 0 0 0 0 0 0 0 0 1 0 0 0 0 0 0 0 2 0 0 0 0 0 0 0 0 0 0 0 0 0 0 0 0 0 0 0 0 0 0 0 0 0 0 0 0 0 0 0 0 
0 0 0 0 0 0 0 0 0 0 0 0 0 0 0 0 0 0 0 0 0 0 0 0 0 0 0 0 0 0 0 0 0 0 0 0 0 0 0 0 1 0 0 0 0 0 0 0 2 0 0 0 0 0 0 0 0 0 0 0 0 0 0 0 0 0 0 0 0 0 0 0 0 0 0 0 0 0 0 0 0 
1
0 0 0 0 0 0 0 0 0 
0 0 0 0 0 0 0 0 0 0 0 0 0 0 0 0 0 0 0 0 0 0 0 0 0 0 0 0 0 0 0 0 0 0 0 0 0 0 0 0 1 0 0 0 0 0 0 0 2 0 0 0 0 0 0 0 0 0 0 0 0 0 0 0 0 0 0 0 0 0 0 0 0 0 1 0 0 0 0 0 0 
0 0 0 0 0 0 0 0 0 0 0 0 0 0 0 0 0 0 0 0 0 0 0 0 0 0 0 0 0 0 0 0 0 0 0 0 0 0 0 0 1 0 0 0 0 0 0 0 2 0 0 0 0 0 0 0 0 0 0 0 0 0 0 0 0 0 0 0 0 0 0 0 0 0 1 0 0 0 0 0 0 
1
0 0 0 0 0 0 0 0 0 
0 0 0 0 0 0 0 0 0 0 0 0 0 0 0 0 0 0 0 0 0 0 0 0 0 0 0 0 0 0 0 0 0 0 0 0 0 0 0 0 1 0 0 0 0 0 0 0 2 0 0 0 0 0 0 0 0 0 0 0 2 0 0 0 0 0 0 0 0 0 0 0 0 0 1 0 0 0 0 0 0 
0 0 0 0 0 0 0 0 0 0 0 0 0 0 0 0 0 0 0 0 0 0 0 0 0 0 0 0 0 0 0 0 0 0 0 0 0 0 0 0 1 0 0 0 0 0 0 0 2 0 0 0 0 0 0 0 0 0 0 0 2 0 0 0 0 0 0 0 0 0 0 0 0 0 1 0 0 0 0 0 0 
1
0 0 0 0 0 0 0 0 0 
0 0 0 0 0 0 0 0 0 0 0 0 0 0 0 0 0 0 0 1 0 0 0 0 0 0 0 0 0 0 0 0 0 0 0 0 0 0 0 0 1 0 0 0 0 0 0 0 2 0 0 0 0 0 0 0 0 0 0 0 2 0 0 0 0 0 0 0 0 0 0 0 0 0 1 0 0 0 0 0 0 
0 0 0 0 0 0 0 0 0 0 0 0 0 0 0 0 0 0 0 1 0 0 0 0 0 0 0 0 0 0 0 0 0 0 0 0 0 0 0 0 1 0 0 0 0 0 0 0 2 0 0 0 0 0 0 0 0 0 0 0 2 0 0 0 0 0 0 0 0 0 0 0 0 0 1 0 0 0 0 0 0 
1
0 0 0 0 0 0 0 0 0 
0 0 0 0 0 0 0 0 0 0 0 0 0 0 0 0 0 0 0 1 0 0 0 0 0 0 0 0 0 0 0 0 0 0 0 0 0 0 0 0 1 0 0 0 0 0 0 0 2 0 0 0 0 0 0 0 0 0 0 2 2 0 0 0 0 0 0 0 0 0 0 0 0 0 1 0 0 0 0 0 0 
0 0 0 0 0 0 0 0 0 0 0 0 0 0 0 0 0 0 0 1 0 0 0 0 0 0 0 0 0 0 0 0 0 0 0 0 0 0 0 0 1 0 0 0 0 0 0 0 2 0 0 0 0 0 0 0 0 0 0 2 2 0 0 0 0 0 0 0 0 0 0 0 0 0 1 0 0 0 0 0 0 
1
0 0 0 0 0 0 0 0 0 
0 0 0 0 0 0 0 0 0 0 0 0 0 0 0 1 0 0 0 1 0 0 0 0 0 0 0 0 0 0 0 0 0 0 0 0 0 0 0 0 1 0 0 0 0 0 0 0 2 0 0 0 0 0 0 0 0 0 0 2 2 0 0 0 0 0 0 0 0 0 0 0 0 0 1 0 0 0 0 0 0 
0 0 0 0 0 0 0 0 0 0 0 0 0 0 0 1 0 0 0 1 0 0 0 0 0 0 0 0 0 0 0 0 0 0 0 0 0 0 0 0 1 0 0 0 0 0 0 0 2 0 0 0 0 0 0 0 0 0 0 2 2 0 0 0 0 0 0 0 0 0 0 0 0 0 1 0 0 0 0 0 0 
1
0 0 0 0 0 0 0 0 0 
0 0 0 0 0 0 0 0 0 0 0 0 0 0 0 1 0 0 0 1 0 0 0 0 0 0 0 0 0 0 0 0 0 0 0 0 0 0 0 0 1 0 0 0 0 0 0 2 2 0 0 0 0 0 0 0 0 0 0 2 2 0 0 0 0 0 0 0 0 0 0 0 0 0 1 0 0 0 0 0 0 
0 0 0 0 0 0 0 0 0 0 0 0 0 0 0 1 0 0 0 1 0 0 0 0 0 0 0 0 0 0 0 0 0 0 0 0 0 0 0 0 1 0 0 0 0 0 0 2 2 0 0 0 0 0 0 0 0 0 0 2 2 0 0 0 0 0 0 0 0 0 0 0 0 0 1 0 0 0 0 0 0 
1
0 0 0 0 0 0 0 0 0 
0 0 0 0 0 0 0 0 0 0 0 0 0 0 0 1 0 0 0 1 0 0 0 0 0 0 0 0 0 0 0 0 0 0 0 0 0 0 0 0 1 0 0 0 0 0 0 2 2 0 0 0 0 0 0 0 0 0 0 2 2 0 1 0 0 0 0 0 0 0 0 0 0 0 1 0 0 0 0 0 0 
0 0 0 0 0 0 0 0 0 0 0 0 0 0 0 1 0 0 0 1 0 0 0 0 0 0 0 0 0 0 0 0 0 0 0 0 0 0 0 0 1 0 0 0 0 0 0 2 2 0 0 0 0 0 0 0 0 0 0 2 2 0 1 0 0 0 0 0 0 0 0 0 0 0 1 0 0 0 0 0 0 
1
0 0 0 0 0 0 0 0 0 
0 0 0 0 0 0 0 2 0 0 0 0 0 0 0 1 0 0 0 1 0 0 0 0 0 0 0 0 0 0 0 0 0 0 0 0 0 0 0 0 1 0 0 0 0 0 0 2 2 0 0 0 0 0 0 0 0 0 0 2 2 0 1 0 0 0 0 0 0 0 0 0 0 0 1 0 0 0 0 0 0 
0 0 0 0 0 0 0 2 0 0 0 0 0 0 0 1 0 0 0 1 0 0 0 0 0 0 0 0 0 0 0 0 0 0 0 0 0 0 0 0 1 0 0 0 0 0 0 2 2 0 0 0 0 0 0 0 0 0 0 2 2 0 1 0 0 0 0 0 0 0 0 0 0 0 1 0 0 0 0 0 0 
1
0 0 0 0 0 0 0 0 0 
0 0 0 1 0 0 0 2 0 0 0 0 0 0 0 1 0 0 0 1 0 0 0 0 0 0 0 0 0 0 0 0 0 0 0 0 0 0 0 0 1 0 0 0 0 0 0 2 2 0 0 0 0 0 0 0 0 0 0 2 2 0 1 0 0 0 0 0 0 0 0 0 0 0 1 0 0 0 0 0 0 
0 0 0 1 0 0 0 2 0 0 0 0 0 0 0 1 0 0 0 1 0 0 0 0 0 0 0 0 0 0 0 0 0 0 0 0 0 0 0 0 1 0 0 0 0 0 0 2 2 0 0 0 0 0 0 0 0 0 0 2 2 0 1 0 0 0 0 0 0 0 0 0 0 0 1 0 0 0 0 0 0 
1
0 0 0 0 0 0 0 0 0 
0 0 0 1 0 0 0 2 0 2 0 0 0 0 0 1 0 0 0 1 0 0 0 0 0 0 0 0 0 0 0 0 0 0 0 0 0 0 0 0 1 0 0 0 0 0 0 2 2 0 0 0 0 0 0 0 0 0 0 2 2 0 1 0 0 0 0 0 0 0 0 0 0 0 1 0 0 0 0 0 0 
0 0 0 1 0 0 0 2 0 2 0 0 0 0 0 1 0 0 0 1 0 0 0 0 0 0 0 0 0 0 0 0 0 0 0 0 0 0 0 0 1 0 0 0 0 0 0 2 2 0 0 0 0 0 0 0 0 0 0 2 2 0 1 0 0 0 0 0 0 0 0 0 0 0 1 0 0 0 0 0 0 
1
0 0 0 0 0 0 0 0 0 
0 0 0 1 0 0 0 2 0 2 0 0 0 0 0 1 0 0 0 1 0 0 0 0 0 0 0 0 1 0 0 0 0 0 0 0 0 0 0 0 1 0 0 0 0 0 0 2 2 0 0 0 0 0 0 0 0 0 0 2 2 0 1 0 0 0 0 0 0 0 0 0 0 0 1 0 0 0 0 0 0 
0 0 0 1 0 0 0 2 0 2 0 0 0 0 0 1 0 0 0 1 0 0 0 0 0 0 0 0 1 0 0 0 0 0 0 0 0 0 0 0 1 0 0 0 0 0 0 2 2 0 0 0 0 0 0 0 0 0 0 2 2 0 1 0 0 0 0 0 0 0 0 0 0 0 1 0 0 0 0 0 0 
1
0 0 0 0 0 0 0 0 0 
0 0 0 1 0 0 0 2 0 2 0 0 2 0 0 1 0 0 0 1 0 0 0 0 0 0 0 0 1 0 0 0 0 0 0 0 0 0 0 0 1 0 0 0 0 0 0 2 2 0 0 0 0 0 0 0 0 0 0 2 2 0 1 0 0 0 0 0 0 0 0 0 0 0 1 0 0 0 0 0 0 
0 0 0 1 0 0 0 2 0 2 0 0 2 0 0 1 0 0 0 1 0 0 0 0 0 0 0 0 1 0 0 0 0 0 0 0 0 0 0 0 1 0 0 0 0 0 0 2 2 0 0 0 0 0 0 0 0 0 0 2 2 0 1 0 0 0 0 0 0 0 0 0 0 0 1 0 0 0 0 0 0 
1
0 0 0 0 0 0 0 0 0 
0 0 0 1 0 0 0 2 0 2 0 0 2 0 0 1 0 0 0 1 0 0 0 0 0 0 0 0 1 0 0 0 0 0 0 0 0 0 0 0 1 0 0 0 0 0 1 2 2 0 0 0 0 0 0 0 0 0 0 2 2 0 1 0 0 0 0 0 0 0 0 0 0 0 1 0 0 0 0 0 0 
0 0 0 1 0 0 0 2 0 2 0 0 2 0 0 1 0 0 0 1 0 0 0 0 0 0 0 0 1 0 0 0 0 0 0 0 0 0 0 0 1 0 0 0 0 0 1 2 2 0 0 0 0 0 0 0 0 0 0 2 2 0 1 0 0 0 0 0 0 0 0 0 0 0 1 0 0 0 0 0 0 
1
0 0 0 0 0 0 0 0 0 
0 0 0 1 0 0 0 2 0 2 0 0 2 0 0 1 0 0 0 1 0 0 0 0 0 0 0 0 1 0 0 0 0 0 0 0 0 0 0 0 1 0 0 0 0 0 1 2 2 0 0 0 0 0 0 0 0 0 2 2 2 0 1 0 0 0 0 0 0 0 0 0 0 0 1 0 0 0 0 0 0 
0 0 0 1 0 0 0 2 0 2 0 0 2 0 0 1 0 0 0 1 0 0 0 0 0 0 0 0 1 0 0 0 0 0 0 0 0 0 0 0 1 0 0 0 0 0 1 2 2 0 0 0 0 0 0 0 0 0 2 2 2 0 1 0 0 0 0 0 0 0 0 0 0 0 1 0 0 0 0 0 0 
1
0 0 0 0 0 0 0 0 0 
0 0 0 1 0 0 0 2 0 2 0 0 2 0 1 1 0 0 0 1 0 0 0 0 0 0 0 0 1 0 0 0 0 0 0 0 0 0 0 0 1 0 0 0 0 0 1 2 2 0 0 0 0 0 0 0 0 0 2 2 2 0 1 0 0 0 0 0 0 0 0 0 0 0 1 0 0 0 0 0 0 
0 0 0 1 0 0 0 2 0 2 0 0 2 0 1 1 0 0 0 1 0 0 0 0 0 0 0 0 1 0 0 0 0 0 0 0 0 0 0 0 1 0 0 0 0 0 1 2 2 0 0 0 0 0 0 0 0 0 2 2 2 0 1 0 0 0 0 0 0 0 0 0 0 0 1 0 0 0 0 0 0 
1
0 0 0 0 0 0 0 0 0 
0 0 0 1 0 0 0 2 0 2 0 0 2 0 1 1 0 0 0 1 0 0 0 0 0 0 0 0 1 0 0 0 0 0 0 0 0 0 0 0 1 0 0 0 2 0 1 2 2 0 0 0 0 0 0 0 0 0 2 2 2 0 1 0 0 0 0 0 0 0 0 0 0 0 1 0 0 0 0 0 0 
0 0 0 1 0 0 0 2 0 2 0 0 2 0 1 1 0 0 0 1 0 0 0 0 0 0 0 0 1 0 0 0 0 0 0 0 0 0 0 0 1 0 0 0 2 0 1 2 2 0 0 0 0 0 0 0 0 0 2 2 2 0 1 0 0 0 0 0 0 0 0 0 0 0 1 0 0 0 0 0 0 
1
0 0 0 0 0 0 0 0 0 
0 0 0 1 0 0 0 2 0 2 0 0 2 0 1 1 0 0 0 1 0 0 0 0 0 0 0 0 1 0 0 0 0 0 0 0 0 0 0 0 1 0 1 0 2 0 1 2 2 0 0 0 0 0 0 0 0 0 2 2 2 0 1 0 0 0 0 0 0 0 0 0 0 0 1 0 0 0 0 0 0 
0 0 0 1 0 0 0 2 0 2 0 0 2 0 1 1 0 0 0 1 0 0 0 0 0 0 0 0 1 0 0 0 0 0 0 0 0 0 0 0 1 0 1 0 2 0 1 2 2 0 0 0 0 0 0 0 0 0 2 2 2 0 1 0 0 0 0 0 0 0 0 0 0 0 1 0 0 0 0 0 0 
1
0 0 0 0 0 0 0 0 0 
0 0 0 1 0 0 0 2 0 2 0 0 2 0 1 1 0 0 0 1 0 0 0 0 0 0 0 0 1 0 0 0 0 0 0 0 0 0 2 0 1 0 1 0 2 0 1 2 2 0 0 0 0 0 0 0 0 0 2 2 2 0 1 0 0 0 0 0 0 0 0 0 0 0 1 0 0 0 0 0 0 
0 0 0 1 0 0 0 2 0 2 0 0 2 0 1 1 0 0 0 1 0 0 0 0 0 0 0 0 1 0 0 0 0 0 0 0 0 0 2 0 1 0 1 0 2 0 1 2 2 0 0 0 0 0 0 0 0 0 2 2 2 0 1 0 0 0 0 0 0 0 0 0 0 0 1 0 0 0 0 0 0 
1
0 0 0 0 0 0 0 0 0 
0 0 0 1 0 0 0 2 0 2 0 0 2 0 1 1 0 0 0 1 0 0 0 0 0 0 0 0 1 0 0 0 0 0 0 1 0 0 2 0 1 0 1 0 2 0 1 2 2 0 0 0 0 0 0 0 0 0 2 2 2 0 1 0 0 0 0 0 0 0 0 0 0 0 1 0 0 0 0 0 0 
0 0 0 1 0 0 0 2 0 2 0 0 2 0 1 1 0 0 0 1 0 0 0 0 0 0 0 0 1 0 0 0 0 0 0 1 0 0 2 0 1 0 1 0 2 0 1 2 2 0 0 0 0 0 0 0 0 0 2 2 2 0 1 0 0 0 0 0 0 0 0 0 0 0 1 0 0 0 0 0 0 
1
0 0 0 0 0 0 0 0 0 
0 0 0 1 0 0 0 2 0 2 0 0 2 0 1 1 0 0 0 1 0 0 0 0 0 2 0 0 1 0 0 0 0 0 0 1 0 0 2 0 1 0 1 0 2 0 1 2 2 0 0 0 0 0 0 0 0 0 2 2 2 0 1 0 0 0 0 0 0 0 0 0 0 0 1 0 0 0 0 0 0 
0 0 0 1 0 0 0 2 0 2 0 0 2 0 1 1 0 0 0 1 0 0 0 0 0 2 0 0 1 0 0 0 0 0 0 1 0 0 2 0 1 0 1 0 2 0 1 2 2 0 0 0 0 0 0 0 0 0 2 2 2 0 1 0 0 0 0 0 0 0 0 0 0 0 1 0 0 0 0 0 0 
1
0 0 0 0 0 0 0 0 0 
0 0 0 1 0 0 0 2 0 2 0 0 2 0 1 1 0 0 0 1 0 0 0 0 0 2 0 0 1 0 0 0 0 0 0 1 0 0 2 0 1 0 1 0 2 0 1 2 2 0 0 0 0 0 0 0 0 0 2 2 2 0 1 0 0 0 0 0 0 0 0 0 0 0 1 1 0 0 0 0 0 
0 0 0 1 0 0 0 2 0 2 0 0 2 0 1 1 0 0 0 1 0 0 0 0 0 2 0 0 1 0 0 0 0 0 0 1 0 0 2 0 1 0 1 0 2 0 1 2 2 0 0 0 0 0 0 0 0 0 2 2 2 0 1 0 0 0 0 0 0 0 0 0 0 0 1 1 0 0 0 0 0 
1
0 0 0 0 0 0 0 0 0 
0 0 0 1 0 0 0 2 0 2 0 0 2 0 1 1 0 0 0 1 0 0 0 0 0 2 0 0 1 0 0 0 0 0 0 1 0 0 2 0 1 0 1 0 2 0 1 2 2 0 0 0 0 0 0 0 0 0 2 2 2 0 1 0 0 2 0 0 0 0 0 0 0 0 1 1 0 0 0 0 0 
0 0 0 1 0 0 0 2 0 2 0 0 2 0 1 1 0 0 0 1 0 0 0 0 0 2 0 0 1 0 0 0 0 0 0 1 0 0 2 0 1 0 1 0 2 0 1 2 2 0 0 0 0 0 0 0 0 0 2 2 2 0 1 0 0 2 0 0 0 0 0 0 0 0 1 1 0 0 0 0 0 
1
0 0 0 0 0 0 0 0 0 
0 0 0 1 0 0 0 2 0 2 0 0 2 0 1 1 0 0 0 1 0 0 0 0 0 2 0 0 1 0 0 0 0 0 1 1 0 0 2 0 1 0 1 0 2 0 1 2 2 0 0 0 0 0 0 0 0 0 2 2 2 0 1 0 0 2 0 0 0 0 0 0 0 0 1 1 0 0 0 0 0 
0 0 0 1 0 0 0 2 0 2 0 0 2 0 1 1 0 0 0 1 0 0 0 0 0 2 0 0 1 0 0 0 0 0 1 1 0 0 2 0 1 0 1 0 2 0 1 2 2 0 0 0 0 0 0 0 0 0 2 2 2 0 1 0 0 2 0 0 0 0 0 0 0 0 1 1 0 0 0 0 0 
1
0 0 0 0 0 0 0 0 0 
0 0 0 1 0 0 0 2 0 2 0 0 2 0 1 1 0 0 0 1 0 2 0 0 0 2 0 0 1 0 0 0 0 0 1 1 0 0 2 0 1 0 1 0 2 0 1 2 2 0 0 0 0 0 0 0 0 0 2 2 2 0 1 0 0 2 0 0 0 0 0 0 0 0 1 1 0 0 0 0 0 
0 0 0 1 0 0 0 2 0 2 0 0 2 0 1 1 0 0 0 1 0 2 0 0 0 2 0 0 1 0 0 0 0 0 1 1 0 0 2 0 1 0 1 0 2 0 1 2 2 0 0 0 0 0 0 0 0 0 2 2 2 0 1 0 0 2 0 0 0 0 0 0 0 0 1 1 0 0 0 0 0 
1
0 0 0 0 0 0 0 0 0 
0 0 0 1 0 0 0 2 0 2 0 0 2 0 1 1 0 0 0 1 0 2 0 0 0 2 0 0 1 0 0 0 0 0 1 1 0 0 2 0 1 0 1 0 2 0 1 2 2 0 0 0 0 0 0 0 0 0 2 2 2 0 1 0 1 2 0 0 0 0 0 0 0 0 1 1 0 0 0 0 0 
0 0 0 1 0 0 0 2 0 2 0 0 2 0 1 1 0 0 0 1 0 2 0 0 0 2 0 0 1 0 0 0 0 0 1 1 0 0 2 0 1 0 1 0 2 0 1 2 2 0 0 0 0 0 0 0 0 0 2 2 2 0 1 0 1 2 0 0 0 0 0 0 0 0 1 1 0 0 0 0 0 
1
0 0 0 0 0 0 0 0 0 
0 0 0 1 0 0 0 2 0 2 0 0 2 0 1 1 0 0 0 1 0 2 0 0 0 2 0 0 1 0 0 0 0 0 1 1 0 0 2 0 1 0 1 0 2 0 1 2 2 0 2 0 0 0 0 0 0 0 2 2 2 0 1 0 1 2 0 0 0 0 0 0 0 0 1 1 0 0 0 0 0 
0 0 0 1 0 0 0 2 0 2 0 0 2 0 1 1 0 0 0 1 0 2 0 0 0 2 0 0 1 0 0 0 0 0 1 1 0 0 2 0 1 0 1 0 2 0 1 2 2 0 2 0 0 0 0 0 0 0 2 2 2 0 1 0 1 2 0 0 0 0 0 0 0 0 1 1 0 0 0 0 0 
1
0 0 0 0 0 0 0 0 0 
0 0 0 1 0 0 0 2 0 2 0 0 2 0 1 1 0 0 0 1 0 2 0 0 0 2 0 0 1 0 0 0 0 0 1 1 0 0 2 0 1 0 1 0 2 0 1 2 2 0 2 0 0 0 0 0 0 0 2 2 2 0 1 0 1 2 0 0 0 0 0 0 0 0 1 1 0 0 0 0 1 
0 0 0 1 0 0 0 2 0 2 0 0 2 0 1 1 0 0 0 1 0 2 0 0 0 2 0 0 1 0 0 0 0 0 1 1 0 0 2 0 1 0 1 0 2 0 1 2 2 0 2 0 0 0 0 0 0 0 2 2 2 0 1 0 1 2 0 0 0 0 0 0 0 0 1 1 0 0 0 0 1 
1
0 0 0 0 0 0 0 0 0 
0 0 0 1 0 0 0 2 0 2 0 0 2 0 1 1 0 0 0 1 0 2 0 0 0 2 0 0 1 0 0 0 0 0 1 1 0 0 2 0 1 0 1 0 2 0 1 2 2 0 2 0 0 0 0 0 0 0 2 2 2 0 1 0 1 2 0 0 0 2 0 0 0 0 1 1 0 0 0 0 1 
0 0 0 1 0 0 0 2 0 2 0 0 2 0 1 1 0 0 0 1 0 2 0 0 0 2 0 0 1 0 0 0 0 0 1 1 0 0 2 0 1 0 1 0 2 0 1 2 2 0 2 0 0 0 0 0 0 0 2 2 2 0 1 0 1 2 0 0 0 2 0 0 0 0 1 1 0 0 0 0 1 
1
0 0 0 0 0 0 0 0 0 
0 0 0 1 0 0 0 2 0 2 0 0 2 0 1 1 0 0 0 1 0 2 0 0 0 2 0 0 1 1 0 0 0 0 1 1 0 0 2 0 1 0 1 0 2 0 1 2 2 0 2 0 0 0 0 0 0 0 2 2 2 0 1 0 1 2 0 0 0 2 0 0 0 0 1 1 0 0 0 0 1 
0 0 0 1 0 0 0 2 0 2 0 0 2 0 1 1 0 0 0 1 0 2 0 0 0 2 0 0 1 1 0 0 0 0 1 1 0 0 2 0 1 0 1 0 2 0 1 2 2 0 2 0 0 0 0 0 0 0 2 2 2 0 1 0 1 2 0 0 0 2 0 0 0 0 1 1 0 0 0 0 1 
1
0 0 2 0 0 0 0 0 0 
0 0 0 1 0 0 0 2 0 2 0 0 2 0 1 1 2 0 0 1 0 2 0 0 0 2 0 0 1 1 0 0 0 0 1 1 0 0 2 0 1 0 1 0 2 0 1 2 2 0 2 0 0 0 0 0 0 0 2 2 2 0 1 0 1 2 0 0 0 2 0 0 0 0 1 1 0 0 0 0 1 
0 0 0 1 0 0 32 34 32 2 0 0 2 0 1 33 34 32 0 1 0 2 0 0 32 34 32 0 1 1 0 0 0 0 1 1 0 0 2 0 1 0 1 0 2 0 1 2 2 0 2 0 0 0 0 0 0 0 2 2 2 0 1 0 1 2 0 0 0 2 0 0 0 0 1 1 0 0 0 0 1 
1
0 0 2 0 0 0 0 0 0 
0 0 0 1 0 0 0 2 0 2 0 0 2 0 1 1 2 0 0 1 0 2 0 0 0 2 0 0 1 1 0 0 0 0 1 1 0 0 2 0 1 0 1 0 2 0 1 2 2 1 2 0 0 0 0 0 0 0 2 2 2 0 1 0 1 2 0 0 0 2 0 0 0 0 1 1 0 0 0 0 1 
0 0 0 1 0 0 32 34 32 2 0 0 2 0 1 33 34 32 0 1 0 2 0 0 32 34 32 0 1 1 0 0 0 0 1 1 0 0 2 0 1 0 1 0 2 0 1 2 2 1 2 0 0 0 0 0 0 0 2 2 2 0 1 0 1 2 0 0 0 2 0 0 0 0 1 1 0 0 0 0 1 
1
0 0 2 0 0 0 0 0 0 
0 0 0 1 0 0 0 2 0 2 0 0 2 0 1 1 2 0 0 1 0 2 0 0 0 2 0 0 1 1 0 0 0 0 1 1 0 0 2 0 1 0 1 0 2 0 1 2 2 1 2 0 0 0 0 0 0 0 2 2 2 0 1 0 1 2 2 0 0 2 0 0 0 0 1 1 0 0 0 0 1 
0 0 0 1 0 0 32 34 32 2 0 0 2 0 1 33 34 32 0 1 0 2 0 0 32 34 32 0 1 1 0 0 0 0 1 1 0 0 2 0 1 0 1 0 2 0 1 2 2 1 2 0 0 0 0 0 0 0 2 2 2 0 1 0 1 2 2 0 0 2 0 0 0 0 1 1 0 0 0 0 1 
1
0 0 2 1 0 0 0 0 0 
0 0 0 1 0 0 0 2 0 2 0 0 2 0 1 1 2 0 0 1 0 2 0 0 0 2 0 1 1 1 0 0 0 0 1 1 0 0 2 0 1 0 1 0 2 0 1 2 2 1 2 0 0 0 0 0 0 0 2 2 2 0 1 0 1 2 2 0 0 2 0 0 0 0 1 1 0 0 0 0 1 
0 0 0 1 0 0 32 34 32 2 0 0 2 0 1 33 34 32 0 1 0 2 0 0 32 34 32 17 17 17 0 0 0 0 1 1 16 16 18 0 1 0 1 0 2 16 17 18 2 1 2 0 0 0 0 0 0 0 2 2 2 0 1 0 1 2 2 0 0 2 0 0 0 0 1 1 0 0 0 0 1 
1
0 0 2 1 0 0 0 0 0 
2 0 0 1 0 0 0 2 0 2 0 0 2 0 1 1 2 0 0 1 0 2 0 0 0 2 0 1 1 1 0 0 0 0 1 1 0 0 2 0 1 0 1 0 2 0 1 2 2 1 2 0 0 0 0 0 0 0 2 2 2 0 1 0 1 2 2 0 0 2 0 0 0 0 1 1 0 0 0 0 1 
2 0 0 1 0 0 32 34 32 2 0 0 2 0 1 33 34 32 0 1 0 2 0 0 32 34 32 17 17 17 0 0 0 0 1 1 16 16 18 0 1 0 1 0 2 16 17 18 2 1 2 0 0 0 0 0 0 0 2 2 2 0 1 0 1 2 2 0 0 2 0 0 0 0 1 1 0 0 0 0 1 
1
0 0 2 1 0 0 0 0 0 
2 0 0 1 0 0 0 2 0 2 0 0 2 0 1 1 2 0 1 1 0 2 0 0 0 2 0 1 1 1 0 0 0 0 1 1 0 0 2 0 1 0 1 0 2 0 1 2 2 1 2 0 0 0 0 0 0 0 2 2 2 0 1 0 1 2 2 0 0 2 0 0 0 0 1 1 0 0 0 0 1 
2 0 0 1 0 0 32 34 32 2 0 0 2 0 1 33 34 32 1 1 0 2 0 0 32 34 32 17 17 17 0 0 0 0 1 1 16 16 18 0 1 0 1 0 2 16 17 18 2 1 2 0 0 0 0 0 0 0 2 2 2 0 1 0 1 2 2 0 0 2 0 0 0 0 1 1 0 0 0 0 1 
1
0 0 2 1 0 0 0 0 0 
2 0 0 1 0 0 0 2 0 2 0 0 2 0 1 1 2 0 1 1 0 2 0 0 0 2 0 1 1 1 0 0 0 0 1 1 0 0 2 0 1 0 1 0 2 0 1 2 2 1 2 0 0 0 0 2 0 0 2 2 2 0 1 0 1 2 2 0 0 2 0 0 0 0 1 1 0 0 0 0 1 
2 0 0 1 0 0 32 34 32 2 0 0 2 0 1 33 34 32 1 1 0 2 0 0 32 34 32 17 17 17 0 0 0 0 1 1 16 16 18 0 1 0 1 0 2 16 17 18 2 1 2 0 0 0 0 2 0 0 2 2 2 0 1 0 1 2 2 0 0 2 0 0 0 0 1 1 0 0 0 0 1 
1
0 0 2 1 0 0 0 0 0 
2 0 0 1 1 0 0 2 0 2 0 0 2 0 1 1 2 0 1 1 0 2 0 0 0 2 0 1 1 1 0 0 0 0 1 1 0 0 2 0 1 0 1 0 2 0 1 2 2 1 2 0 0 0 0 2 0 0 2 2 2 0 1 0 1 2 2 0 0 2 0 0 0 0 1 1 0 0 0 0 1 
2 0 0 1 1 0 32 34 32 2 0 0 2 0 1 33 34 32 1 1 0 2 0 0 32 34 32 17 17 17 0 0 0 0 1 1 16 16 18 0 1 0 1 0 2 16 17 18 2 1 2 0 0 0 0 2 0 0 2 2 2 0 1 0 1 2 2 0 0 2 0 0 0 0 1 1 0 0 0 0 1 
1
0 0 2 1 0 0 0 0 0 
2 0 0 1 1 0 0 2 0 2 0 0 2 0 1 1 2 0 1 1 0 2 2 0 0 2 0 1 1 1 0 0 0 0 1 1 0 0 2 0 1 0 1 0 2 0 1 2 2 1 2 0 0 0 0 2 0 0 2 2 2 0 1 0 1 2 2 0 0 2 0 0 0 0 1 1 0 0 0 0 1 
2 0 0 1 1 0 32 34 32 2 0 0 2 0 1 33 34 32 1 1 0 2 2 0 32 34 32 17 17 17 0 0 0 0 1 1 16 16 18 0 1 0 1 0 2 16 17 18 2 1 2 0 0 0 0 2 0 0 2 2 2 0 1 0 1 2 2 0 0 2 0 0 0 0 1 1 0 0 0 0 1 
1
0 0 2 1 0 0 0 0 0 
2 0 0 1 1 0 0 2 0 2 0 0 2 0 1 1 2 0 1 1 0 2 2 0 0 2 0 1 1 1 0 0 0 0 1 1 0 0 2 0 1 0 1 0 2 0 1 2 2 1 2 0 0 0 0 2 0 0 2 2 2 0 1 0 1 2 2 0 1 2 0 0 0 0 1 1 0 0 0 0 1 
2 0 0 1 1 0 32 34 32 2 0 0 2 0 1 33 34 32 1 1 0 2 2 0 32 34 32 17 17 17 0 0 0 0 1 1 16 16 18 0 1 0 1 0 2 16 17 18 2 1 2 0 0 0 0 2 0 0 2 2 2 0 1 0 1 2 2 0 1 2 0 0 0 0 1 1 0 0 0 0 1 
1
0 0 2 1 0 0 0 0 0 
2 0 0 1 1 0 0 2 0 2 0 0 2 0 1 1 2 0 1 1 0 2 2 0 0 2 0 1 1 1 0 0 0 2 1 1 0 0 2 0 1 0 1 0 2 0 1 2 2 1 2 0 0 0 0 2 0 0 2 2 2 0 1 0 1 2 2 0 1 2 0 0 0 0 1 1 0 0 0 0 1 
2 0 0 1 1 0 32 34 32 2 0 0 2 0 1 33 34 32 1 1 0 2 2 0 32 34 32 17 17 17 0 0 0 2 1 1 16 16 18 0 1 0 1 0 2 16 17 18 2 1 2 0 0 0 0 2 0 0 2 2 2 0 1 0 1 2 2 0 1 2 0 0 0 0 1 1 0 0 0 0 1 
1
1 0 2 1 0 0 0 0 0 
2 0 0 1 1 0 0 2 0 2 0 0 2 0 1 1 2 0 1 1 1 2 2 0 0 2 0 1 1 1 0 0 0 2 1 1 0 0 2 0 1 0 1 0 2 0 1 2 2 1 2 0 0 0 0 2 0 0 2 2 2 0 1 0 1 2 2 0 1 2 0 0 0 0 1 1 0 0 0 0 1 
18 16 16 1 1 0 32 34 32 18 16 16 2 0 1 33 34 32 17 17 17 2 2 0 32 34 32 17 17 17 0 0 0 2 1 1 16 16 18 0 1 0 1 0 2 16 17 18 2 1 2 0 0 0 0 2 0 0 2 2 2 0 1 0 1 2 2 0 1 2 0 0 0 0 1 1 0 0 0 0 1 
1
1 0 2 1 0 0 0 0 0 
2 0 0 1 1 0 0 2 0 2 0 0 2 0 1 1 2 0 1 1 1 2 2 0 0 2 0 1 1 1 0 0 0 2 1 1 0 0 2 0 1 0 1 0 2 0 1 2 2 1 2 0 0 0 0 2 0 0 2 2 2 2 1 0 1 2 2 0 1 2 0 0 0 0 1 1 0 0 0 0 1 
18 16 16 1 1 0 32 34 32 18 16 16 2 0 1 33 34 32 17 17 17 2 2 0 32 34 32 17 17 17 0 0 0 2 1 1 16 16 18 0 1 0 1 0 2 16 17 18 2 1 2 0 0 0 0 2 0 0 2 2 2 2 1 0 1 2 2 0 1 2 0 0 0 0 1 1 0 0 0 0 1 
1
1 0 2 1 0 0 0 0 0 
2 0 0 1 1 0 0 2 0 2 0 0 2 0 1 1 2 0 1 1 1 2 2 1 0 2 0 1 1 1 0 0 0 2 1 1 0 0 2 0 1 0 1 0 2 0 1 2 2 1 2 0 0 0 0 2 0 0 2 2 2 2 1 0 1 2 2 0 1 2 0 0 0 0 1 1 0 0 0 0 1 
18 16 16 1 1 0 32 34 32 18 16 16 2 0 1 33 34 32 17 17 17 2 2 1 32 34 32 17 17 17 0 0 0 2 1 1 16 16 18 0 1 0 1 0 2 16 17 18 2 1 2 0 0 0 0 2 0 0 2 2 2 2 1 0 1 2 2 0 1 2 0 0 0 0 1 1 0 0 0 0 1 
1
1 0 2 1 0 0 0 0 0 
2 0 0 1 1 0 0 2 0 2 0 0 2 0 1 1 2 0 1 1 1 2 2 1 0 2 0 1 1 1 0 0 0 2 1 1 0 0 2 0 1 0 1 0 2 0 1 2 2 1 2 0 0 0 0 2 0 0 2 2 2 2 1 0 1 2 2 0 1 2 0 2 0 0 1 1 0 0 0 0 1 
18 16 16 1 1 0 32 34 32 18 16 16 2 0 1 33 34 32 17 17 17 2 2 1 32 34 32 17 17 17 0 0 0 2 1 1 16 16 18 0 1 0 1 0 2 16 17 18 2 1 2 0 0 0 0 2 0 0 2 2 2 2 1 0 1 2 2 0 1 2 0 2 0 0 1 1 0 0 0 0 1 
1
1 0 2 1 0 0 0 0 0 
2 0 0 1 1 0 0 2 0 2 0 0 2 0 1 1 2 0 1 1 1 2 2 1 0 2 0 1 1 1 0 0 0 2 1 1 0 0 2 0 1 0 1 0 2 0 1 2 2 1 2 0 0 1 0 2 0 0 2 2 2 2 1 0 1 2 2 0 1 2 0 2 0 0 1 1 0 0 0 0 1 
18 16 16 1 1 0 32 34 32 18 16 16 2 0 1 33 34 32 17 17 17 2 2 1 32 34 32 17 17 17 0 0 0 2 1 1 16 16 18 0 1 0 1 0 2 16 17 18 2 1 2 0 0 1 0 2 0 0 2 2 2 2 1 0 1 2 2 0 1 2 0 2 0 0 1 1 0 0 0 0 1 
1
1 0 2 1 0 0 0 0 0 
2 0 0 1 1 0 0 2 0 2 0 0 2 0 1 1 2 0 1 1 1 2 2 1 0 2 0 1 1 1 0 0 0 2 1 1 0 0 2 0 1 0 1 0 2 0 1 2 2 1 2 0 0 1 0 2 0 0 2 2 2 2 1 0 1 2 2 0 1 2 0 2 0 0 1 1 0 0 0 2 1 
18 16 16 1 1 0 32 34 32 18 16 16 2 0 1 33 34 32 17 17 17 2 2 1 32 34 32 17 17 17 0 0 0 2 1 1 16 16 18 0 1 0 1 0 2 16 17 18 2 1 2 0 0 1 0 2 0 0 2 2 2 2 1 0 1 2 2 0 1 2 0 2 0 0 1 1 0 0 0 2 1 
1
1 0 2 1 0 0 0 0 0 
2 0 0 1 1 0 0 2 0 2 0 0 2 0 1 1 2 0 1 1 1 2 2 1 0 2 0 1 1 1 0 0 0 2 1 1 0 0 2 0 1 0 1 0 2 0 1 2 2 1 2 0 0 1 0 2 0 0 2 2 2 2 1 0 1 2 2 0 1 2 0 2 0 0 1 1 0 1 0 2 1 
18 16 16 1 1 0 32 34 32 18 16 16 2 0 1 33 34 32 17 17 17 2 2 1 32 34 32 17 17 17 0 0 0 2 1 1 16 16 18 0 1 0 1 0 2 16 17 18 2 1 2 0 0 1 0 2 0 0 2 2 2 2 1 0 1 2 2 0 1 2 0 2 0 0 1 1 0 1 0 2 1 
1
1 0 2 1 0 0 0 0 2 
2 0 0 1 1 0 0 2 0 2 0 0 2 0 1 1 2 0 1 1 1 2 2 1 0 2 0 1 1 1 0 0 0 2 1 1 0 0 2 0 1 0 1 0 2 0 1 2 2 1 2 0 0 1 0 2 0 0 2 2 2 2 1 0 1 2 2 0 1 2 2 2 0 0 1 1 0 1 0 2 1 
18 16 16 1 1 0 32 34 32 18 16 16 2 0 1 33 34 32 17 17 17 2 2 1 32 34 32 17 17 17 0 0 0 2 1 1 16 16 18 0 1 0 1 0 2 16 17 18 2 1 2 0 0 1 0 2 0 0 2 2 34 34 33 0 1 2 2 0 1 34 34 34 0 0 1 1 0 1 32 34 33 
1
1 0 2 1 1 0 0 0 2 
2 0 0 1 1 0 0 2 0 2 0 0 2 0 1 1 2 0 1 1 1 2 2 1 0 2 0 1 1 1 0 1 0 2 1 1 0 0 2 0 1 0 1 0 2 0 1 2 2 1 2 0 0 1 0 2 0 0 2 2 2 2 1 0 1 2 2 0 1 2 2 2 0 0 1 1 0 1 0 2 1 
18 16 16 1 1 0 32 34 32 18 16 16 2 0 1 33 34 32 17 17 17 2 2 1 32 34 32 17 17 17 16 17 16 2 1 1 16 16 18 16 17 16 1 0 2 16 17 18 18 17 18 0 0 1 0 2 0 0 2 2 34 34 33 0 1 2 2 0 1 34 34 34 0 0 1 1 0 1 32 34 33 
1
1 0 2 1 1 0 0 0 2 
2 0 0 1 1 0 0 2 0 2 0 0 2 2 1 1 2 0 1 1 1 2 2 1 0 2 0 1 1 1 0 1 0 2 1 1 0 0 2 0 1 0 1 0 2 0 1 2 2 1 2 0 0 1 0 2 0 0 2 2 2 2 1 0 1 2 2 0 1 2 2 2 0 0 1 1 0 1 0 2 1 
18 16 16 1 1 0 32 34 32 18 16 16 2 2 1 33 34 32 17 17 17 2 2 1 32 34 32 17 17 17 16 17 16 2 1 1 16 16 18 16 17 16 1 0 2 16 17 18 18 17 18 0 0 1 0 2 0 0 2 2 34 34 33 0 1 2 2 0 1 34 34 34 0 0 1 1 0 1 32 34 33 
1
1 0 2 1 1 0 1 0 2 
2 0 0 1 1 0 0 2 0 2 0 0 2 2 1 1 2 0 1 1 1 2 2 1 0 2 0 1 1 1 0 1 0 2 1 1 0 0 2 0 1 0 1 0 2 0 1 2 2 1 2 0 0 1 1 2 0 0 2 2 2 2 1 0 1 2 2 0 1 2 2 2 0 0 1 1 0 1 0 2 1 
18 16 16 1 1 0 32 34 32 18 16 16 2 2 1 33 34 32 17 17 17 2 2 1 32 34 32 17 17 17 16 17 16 2 1 1 16 16 18 16 17 16 1 0 2 16 17 18 18 17 18 0 0 1 17 18 16 0 2 2 34 34 33 16 17 18 2 0 1 34 34 34 16 16 17 1 0 1 32 34 33 
1
1 0 2 1 1 0 1 0 2 
2 0 0 1 1 0 0 2 0 2 0 0 2 2 1 1 2 0 1 1 1 2 2 1 0 2 0 1 1 1 0 1 0 2 1 1 0 0 2 0 1 0 1 0 2 0 1 2 2 1 2 0 0 1 1 2 0 0 2 2 2 2 1 0 1 2 2 0 1 2 2 2 0 0 1 1 0 1 0 2 1 
18 16 16 1 1 0 32 34 32 18 16 16 2 2 1 33 34 32 17 17 17 2 2 1 32 34 32 17 17 17 16 17 16 2 1 1 16 16 18 16 17 16 1 0 2 16 17 18 18 17 18 0 0 1 17 18 16 0 2 2 34 34 33 16 17 18 2 0 1 34 34 34 16 16 17 1 0 1 32 34 33 
1
