0 0 0 0 0 0 0 0 0 
0 0 0 0 0 0 0 0 0 0 0 0 0 0 0 0 0 0 0 0 0 0 0 0 0 0 0 0 0 0 0 0 0 0 0 0 0 0 0 0 0 0 0 0 0 0 0 0 0 0 0 0 0 0 0 0 0 0 0 0 0 0 0 0 0 0 0 0 0 0 1 0 0 0 0 0 0 0 0 0 0 
0 0 0 0 0 0 0 0 0 0 0 0 0 0 0 0 0 0 0 0 0 0 0 0 0 0 0 0 0 0 0 0 0 0 0 0 0 0 0 0 0 0 0 0 0 0 0 0 0 0 0 0 0 0 0 0 0 0 0 0 0 0 0 0 0 0 0 0 0 0 1 0 0 0 0 0 0 0 0 0 0 
0
0 0 0 0 0 0 0 0 0 
0 0 0 0 0 0 0 0 0 0 0 0 0 0 0 0 0 0 0 0 0 0 0 0 0 0 0 0 0 0 0 0 0 0 0 0 0 0 0 0 2 0 0 0 0 0 0 0 0 0 0 0 0 0 0 0 0 0 0 0 0 0 0 0 0 0 0 0 0 0 1 0 0 0 0 0 0 0 0 0 0 
0 0 0 0 0 0 0 0 0 0 0 0 0 0 0 0 0 0 0 0 0 0 0 0 0 0 0 0 0 0 0 0 0 0 0 0 0 0 0 0 2 0 0 0 0 0 0 0 0 0 0 0 0 0 0 0 0 0 0 0 0 0 0 0 0 0 0 0 0 0 1 0 0 0 0 0 0 0 0 0 0 
0
0 0 0 0 0 0 0 0 0 
0 0 0 0 0 0 0 0 0 0 0 0 0 0 0 0 0 0 0 0 0 0 0 0 0 0 0 0 0 0 0 0 0 0 0 0 0 0 0 0 2 0 0 0 0 0 0 0 1 0 0 0 0 0 0 0 0 0 0 0 0 0 0 0 0 0 0 0 0 0 1 0 0 0 0 0 0 0 0 0 0 
0 0 0 0 0 0 0 0 0 0 0 0 0 0 0 0 0 0 0 0 0 0 0 0 0 0 0 0 0 0 0 0 0 0 0 0 0 0 0 0 2 0 0 0 0 0 0 0 1 0 0 0 0 0 0 0 0 0 0 0 0 0 0 0 0 0 0 0 0 0 1 0 0 0 0 0 0 0 0 0 0 
0
0 0 0 0 0 0 0 0 0 
0 0 0 0 0 0 0 0 0 0 0 0 0 0 0 0 0 0 0 0 0 0 0 0 0 0 0 0 0 0 0 0 0 0 0 0 0 0 0 0 2 0 0 0 0 0 0 0 1 0 0 0 0 0 2 0 0 0 0 0 0 0 0 0 0 0 0 0 0 0 1 0 0 0 0 0 0 0 0 0 0 
0 0 0 0 0 0 0 0 0 0 0 0 0 0 0 0 0 0 0 0 0 0 0 0 0 0 0 0 0 0 0 0 0 0 0 0 0 0 0 0 2 0 0 0 0 0 0 0 1 0 0 0 0 0 2 0 0 0 0 0 0 0 0 0 0 0 0 0 0 0 1 0 0 0 0 0 0 0 0 0 0 
0
0 0 0 0 0 0 0 0 0 
0 0 0 0 0 0 0 0 0 0 1 0 0 0 0 0 0 0 0 0 0 0 0 0 0 0 0 0 0 0 0 0 0 0 0 0 0 0 0 0 2 0 0 0 0 0 0 0 1 0 0 0 0 0 2 0 0 0 0 0 0 0 0 0 0 0 0 0 0 0 1 0 0 0 0 0 0 0 0 0 0 
0 0 0 0 0 0 0 0 0 0 1 0 0 0 0 0 0 0 0 0 0 0 0 0 0 0 0 0 0 0 0 0 0 0 0 0 0 0 0 0 2 0 0 0 0 0 0 0 1 0 0 0 0 0 2 0 0 0 0 0 0 0 0 0 0 0 0 0 0 0 1 0 0 0 0 0 0 0 0 0 0 
0
0 0 0 0 0 0 0 0 0 
0 0 0 0 0 0 0 0 0 0 1 0 0 0 0 0 0 0 0 0 0 0 0 0 0 0 0 0 0 0 2 0 0 0 0 0 0 0 0 0 2 0 0 0 0 0 0 0 1 0 0 0 0 0 2 0 0 0 0 0 0 0 0 0 0 0 0 0 0 0 1 0 0 0 0 0 0 0 0 0 0 
0 0 0 0 0 0 0 0 0 0 1 0 0 0 0 0 0 0 0 0 0 0 0 0 0 0 0 0 0 0 2 0 0 0 0 0 0 0 0 0 2 0 0 0 0 0 0 0 1 0 0 0 0 0 2 0 0 0 0 0 0 0 0 0 0 0 0 0 0 0 1 0 0 0 0 0 0 0 0 0 0 
0
0 0 0 0 0 0 0 0 0 
0 0 0 0 0 0 0 0 0 0 1 0 0 0 0 0 0 0 1 0 0 0 0 0 0 0 0 0 0 0 2 0 0 0 0 0 0 0 0 0 2 0 0 0 0 0 0 0 1 0 0 0 0 0 2 0 0 0 0 0 0 0 0 0 0 0 0 0 0 0 1 0 0 0 0 0 0 0 0 0 0 
0 0 0 0 0 0 0 0 0 0 1 0 0 0 0 0 0 0 1 0 0 0 0 0 0 0 0 0 0 0 2 0 0 0 0 0 0 0 0 0 2 0 0 0 0 0 0 0 1 0 0 0 0 0 2 0 0 0 0 0 0 0 0 0 0 0 0 0 0 0 1 0 0 0 0 0 0 0 0 0 0 
0
0 0 0 0 0 0 0 0 0 
0 0 0 0 0 0 0 0 0 0 1 0 0 0 0 0 0 0 1 0 0 0 0 0 0 0 0 0 0 0 2 0 0 0 0 0 0 0 0 0 2 0 0 0 0 0 0 0 1 0 0 0 0 0 2 0 0 0 0 0 0 0 0 2 0 0 0 0 0 0 1 0 0 0 0 0 0 0 0 0 0 
0 0 0 0 0 0 0 0 0 0 1 0 0 0 0 0 0 0 1 0 0 0 0 0 0 0 0 0 0 0 2 0 0 0 0 0 0 0 0 0 2 0 0 0 0 0 0 0 1 0 0 0 0 0 2 0 0 0 0 0 0 0 0 2 0 0 0 0 0 0 1 0 0 0 0 0 0 0 0 0 0 
0
0 0 0 0 0 0 0 0 0 
0 0 0 0 0 0 0 0 0 0 1 0 0 0 0 0 0 0 1 0 0 0 0 0 0 0 0 1 0 0 2 0 0 0 0 0 0 0 0 0 2 0 0 0 0 0 0 0 1 0 0 0 0 0 2 0 0 0 0 0 0 0 0 2 0 0 0 0 0 0 1 0 0 0 0 0 0 0 0 0 0 
0 0 0 0 0 0 0 0 0 0 1 0 0 0 0 0 0 0 1 0 0 0 0 0 0 0 0 1 0 0 2 0 0 0 0 0 0 0 0 0 2 0 0 0 0 0 0 0 1 0 0 0 0 0 2 0 0 0 0 0 0 0 0 2 0 0 0 0 0 0 1 0 0 0 0 0 0 0 0 0 0 
0
0 0 0 0 0 0 0 0 0 
0 2 0 0 0 0 0 0 0 0 1 0 0 0 0 0 0 0 1 0 0 0 0 0 0 0 0 1 0 0 2 0 0 0 0 0 0 0 0 0 2 0 0 0 0 0 0 0 1 0 0 0 0 0 2 0 0 0 0 0 0 0 0 2 0 0 0 0 0 0 1 0 0 0 0 0 0 0 0 0 0 
0 2 0 0 0 0 0 0 0 0 1 0 0 0 0 0 0 0 1 0 0 0 0 0 0 0 0 1 0 0 2 0 0 0 0 0 0 0 0 0 2 0 0 0 0 0 0 0 1 0 0 0 0 0 2 0 0 0 0 0 0 0 0 2 0 0 0 0 0 0 1 0 0 0 0 0 0 0 0 0 0 
0
0 0 0 0 0 0 0 0 0 
0 2 0 1 0 0 0 0 0 0 1 0 0 0 0 0 0 0 1 0 0 0 0 0 0 0 0 1 0 0 2 0 0 0 0 0 0 0 0 0 2 0 0 0 0 0 0 0 1 0 0 0 0 0 2 0 0 0 0 0 0 0 0 2 0 0 0 0 0 0 1 0 0 0 0 0 0 0 0 0 0 
0 2 0 1 0 0 0 0 0 0 1 0 0 0 0 0 0 0 1 0 0 0 0 0 0 0 0 1 0 0 2 0 0 0 0 0 0 0 0 0 2 0 0 0 0 0 0 0 1 0 0 0 0 0 2 0 0 0 0 0 0 0 0 2 0 0 0 0 0 0 1 0 0 0 0 0 0 0 0 0 0 
0
0 0 0 0 0 0 0 0 0 
0 2 2 1 0 0 0 0 0 0 1 0 0 0 0 0 0 0 1 0 0 0 0 0 0 0 0 1 0 0 2 0 0 0 0 0 0 0 0 0 2 0 0 0 0 0 0 0 1 0 0 0 0 0 2 0 0 0 0 0 0 0 0 2 0 0 0 0 0 0 1 0 0 0 0 0 0 0 0 0 0 
0 2 2 1 0 0 0 0 0 0 1 0 0 0 0 0 0 0 1 0 0 0 0 0 0 0 0 1 0 0 2 0 0 0 0 0 0 0 0 0 2 0 0 0 0 0 0 0 1 0 0 0 0 0 2 0 0 0 0 0 0 0 0 2 0 0 0 0 0 0 1 0 0 0 0 0 0 0 0 0 0 
0
0 0 0 0 0 0 0 0 0 
0 2 2 1 0 0 0 0 1 0 1 0 0 0 0 0 0 0 1 0 0 0 0 0 0 0 0 1 0 0 2 0 0 0 0 0 0 0 0 0 2 0 0 0 0 0 0 0 1 0 0 0 0 0 2 0 0 0 0 0 0 0 0 2 0 0 0 0 0 0 1 0 0 0 0 0 0 0 0 0 0 
0 2 2 1 0 0 0 0 1 0 1 0 0 0 0 0 0 0 1 0 0 0 0 0 0 0 0 1 0 0 2 0 0 0 0 0 0 0 0 0 2 0 0 0 0 0 0 0 1 0 0 0 0 0 2 0 0 0 0 0 0 0 0 2 0 0 0 0 0 0 1 0 0 0 0 0 0 0 0 0 0 
0
0 0 0 0 0 0 0 0 0 
0 2 2 1 0 0 0 0 1 0 1 0 0 0 0 0 2 0 1 0 0 0 0 0 0 0 0 1 0 0 2 0 0 0 0 0 0 0 0 0 2 0 0 0 0 0 0 0 1 0 0 0 0 0 2 0 0 0 0 0 0 0 0 2 0 0 0 0 0 0 1 0 0 0 0 0 0 0 0 0 0 
0 2 2 1 0 0 0 0 1 0 1 0 0 0 0 0 2 0 1 0 0 0 0 0 0 0 0 1 0 0 2 0 0 0 0 0 0 0 0 0 2 0 0 0 0 0 0 0 1 0 0 0 0 0 2 0 0 0 0 0 0 0 0 2 0 0 0 0 0 0 1 0 0 0 0 0 0 0 0 0 0 
0
0 0 0 0 0 0 0 0 0 
0 2 2 1 0 0 0 0 1 0 1 0 0 0 0 0 2 0 1 0 0 0 0 0 0 0 0 1 0 0 2 0 0 0 0 0 0 0 0 0 2 0 0 0 0 0 0 0 1 0 1 0 0 0 2 0 0 0 0 0 0 0 0 2 0 0 0 0 0 0 1 0 0 0 0 0 0 0 0 0 0 
0 2 2 1 0 0 0 0 1 0 1 0 0 0 0 0 2 0 1 0 0 0 0 0 0 0 0 1 0 0 2 0 0 0 0 0 0 0 0 0 2 0 0 0 0 0 0 0 1 0 1 0 0 0 2 0 0 0 0 0 0 0 0 2 0 0 0 0 0 0 1 0 0 0 0 0 0 0 0 0 0 
0
0 0 0 0 0 0 0 0 0 
0 2 2 1 0 0 0 0 1 0 1 0 0 0 0 0 2 0 1 0 0 0 0 0 0 0 0 1 0 0 2 0 0 0 0 0 0 0 0 0 2 0 0 0 0 0 0 0 1 0 1 0 0 0 2 0 0 0 0 0 0 0 0 2 0 0 0 0 0 2 1 0 0 0 0 0 0 0 0 0 0 
0 2 2 1 0 0 0 0 1 0 1 0 0 0 0 0 2 0 1 0 0 0 0 0 0 0 0 1 0 0 2 0 0 0 0 0 0 0 0 0 2 0 0 0 0 0 0 0 1 0 1 0 0 0 2 0 0 0 0 0 0 0 0 2 0 0 0 0 0 2 1 0 0 0 0 0 0 0 0 0 0 
0
0 0 0 0 0 0 0 0 0 
0 2 2 1 0 0 0 0 1 0 1 0 0 0 0 0 2 0 1 0 0 0 0 0 0 0 0 1 0 0 2 0 0 0 0 0 0 0 0 0 2 0 0 0 0 0 0 1 1 0 1 0 0 0 2 0 0 0 0 0 0 0 0 2 0 0 0 0 0 2 1 0 0 0 0 0 0 0 0 0 0 
0 2 2 1 0 0 0 0 1 0 1 0 0 0 0 0 2 0 1 0 0 0 0 0 0 0 0 1 0 0 2 0 0 0 0 0 0 0 0 0 2 0 0 0 0 0 0 1 1 0 1 0 0 0 2 0 0 0 0 0 0 0 0 2 0 0 0 0 0 2 1 0 0 0 0 0 0 0 0 0 0 
0
0 0 0 0 0 0 0 0 0 
0 2 2 1 0 0 0 0 1 0 1 0 0 0 0 0 2 0 1 0 0 0 0 0 0 0 0 1 0 0 2 0 0 0 0 0 0 0 0 0 2 0 0 0 0 0 0 1 1 0 1 0 0 0 2 0 0 0 0 0 0 0 0 2 0 0 0 0 0 2 1 0 0 0 0 0 0 0 2 0 0 
0 2 2 1 0 0 0 0 1 0 1 0 0 0 0 0 2 0 1 0 0 0 0 0 0 0 0 1 0 0 2 0 0 0 0 0 0 0 0 0 2 0 0 0 0 0 0 1 1 0 1 0 0 0 2 0 0 0 0 0 0 0 0 2 0 0 0 0 0 2 1 0 0 0 0 0 0 0 2 0 0 
0
0 0 0 0 0 0 0 0 0 
0 2 2 1 0 0 0 0 1 0 1 0 0 0 0 0 2 0 1 0 0 0 0 0 0 0 0 1 0 0 2 0 0 0 0 0 0 0 0 0 2 0 0 0 0 0 0 1 1 0 1 0 0 0 2 0 1 0 0 0 0 0 0 2 0 0 0 0 0 2 1 0 0 0 0 0 0 0 2 0 0 
0 2 2 1 0 0 0 0 1 0 1 0 0 0 0 0 2 0 1 0 0 0 0 0 0 0 0 1 0 0 2 0 0 0 0 0 0 0 0 0 2 0 0 0 0 0 0 1 1 0 1 0 0 0 2 0 1 0 0 0 0 0 0 2 0 0 0 0 0 2 1 0 0 0 0 0 0 0 2 0 0 
0
0 0 0 0 0 0 0 0 0 
0 2 2 1 0 0 0 0 1 0 1 0 0 0 0 2 2 0 1 0 0 0 0 0 0 0 0 1 0 0 2 0 0 0 0 0 0 0 0 0 2 0 0 0 0 0 0 1 1 0 1 0 0 0 2 0 1 0 0 0 0 0 0 2 0 0 0 0 0 2 1 0 0 0 0 0 0 0 2 0 0 
0 2 2 1 0 0 0 0 1 0 1 0 0 0 0 2 2 0 1 0 0 0 0 0 0 0 0 1 0 0 2 0 0 0 0 0 0 0 0 0 2 0 0 0 0 0 0 1 1 0 1 0 0 0 2 0 1 0 0 0 0 0 0 2 0 0 0 0 0 2 1 0 0 0 0 0 0 0 2 0 0 
0
0 0 0 0 0 0 0 0 0 
0 2 2 1 0 0 0 0 1 0 1 0 0 0 0 2 2 0 1 0 0 0 0 0 0 0 0 1 1 0 2 0 0 0 0 0 0 0 0 0 2 0 0 0 0 0 0 1 1 0 1 0 0 0 2 0 1 0 0 0 0 0 0 2 0 0 0 0 0 2 1 0 0 0 0 0 0 0 2 0 0 
0 2 2 1 0 0 0 0 1 0 1 0 0 0 0 2 2 0 1 0 0 0 0 0 0 0 0 1 1 0 2 0 0 0 0 0 0 0 0 0 2 0 0 0 0 0 0 1 1 0 1 0 0 0 2 0 1 0 0 0 0 0 0 2 0 0 0 0 0 2 1 0 0 0 0 0 0 0 2 0 0 
0
0 0 0 0 0 0 0 0 0 
0 2 2 1 0 0 0 0 1 0 1 0 0 0 0 2 2 0 1 0 0 0 2 0 0 0 0 1 1 0 2 0 0 0 0 0 0 0 0 0 2 0 0 0 0 0 0 1 1 0 1 0 0 0 2 0 1 0 0 0 0 0 0 2 0 0 0 0 0 2 1 0 0 0 0 0 0 0 2 0 0 
0 2 2 1 0 0 0 0 1 0 1 0 0 0 0 2 2 0 1 0 0 0 2 0 0 0 0 1 1 0 2 0 0 0 0 0 0 0 0 0 2 0 0 0 0 0 0 1 1 0 1 0 0 0 2 0 1 0 0 0 0 0 0 2 0 0 0 0 0 2 1 0 0 0 0 0 0 0 2 0 0 
0
0 0 0 0 0 0 0 0 0 
0 2 2 1 0 0 0 0 1 0 1 0 0 0 0 2 2 0 1 0 0 0 2 0 0 0 0 1 1 0 2 0 0 0 0 0 0 0 0 0 2 0 0 0 0 0 0 1 1 0 1 0 0 0 2 0 1 0 0 0 0 0 0 2 0 0 0 0 0 2 1 0 0 0 0 0 1 0 2 0 0 
0 2 2 1 0 0 0 0 1 0 1 0 0 0 0 2 2 0 1 0 0 0 2 0 0 0 0 1 1 0 2 0 0 0 0 0 0 0 0 0 2 0 0 0 0 0 0 1 1 0 1 0 0 0 2 0 1 0 0 0 0 0 0 2 0 0 0 0 0 2 1 0 0 0 0 0 1 0 2 0 0 
0
0 0 0 0 0 0 0 0 0 
0 2 2 1 0 0 0 0 1 0 1 0 0 0 0 2 2 0 1 0 0 0 2 0 0 0 0 1 1 0 2 0 0 0 0 0 0 0 0 0 2 0 0 0 0 0 0 1 1 0 1 0 0 0 2 0 1 0 0 0 0 0 0 2 0 0 2 0 0 2 1 0 0 0 0 0 1 0 2 0 0 
0 2 2 1 0 0 0 0 1 0 1 0 0 0 0 2 2 0 1 0 0 0 2 0 0 0 0 1 1 0 2 0 0 0 0 0 0 0 0 0 2 0 0 0 0 0 0 1 1 0 1 0 0 0 2 0 1 0 0 0 0 0 0 2 0 0 2 0 0 2 1 0 0 0 0 0 1 0 2 0 0 
0
0 0 0 0 0 0 0 0 0 
0 2 2 1 0 0 0 0 1 0 1 0 0 0 0 2 2 0 1 0 0 0 2 0 0 0 0 1 1 0 2 0 0 0 0 0 1 0 0 0 2 0 0 0 0 0 0 1 1 0 1 0 0 0 2 0 1 0 0 0 0 0 0 2 0 0 2 0 0 2 1 0 0 0 0 0 1 0 2 0 0 
0 2 2 1 0 0 0 0 1 0 1 0 0 0 0 2 2 0 1 0 0 0 2 0 0 0 0 1 1 0 2 0 0 0 0 0 1 0 0 0 2 0 0 0 0 0 0 1 1 0 1 0 0 0 2 0 1 0 0 0 0 0 0 2 0 0 2 0 0 2 1 0 0 0 0 0 1 0 2 0 0 
0
0 0 0 0 0 0 0 0 0 
0 2 2 1 0 0 0 0 1 0 1 0 0 0 0 2 2 0 1 0 0 0 2 0 0 0 0 1 1 0 2 0 0 0 0 0 1 0 0 0 2 0 0 0 0 0 2 1 1 0 1 0 0 0 2 0 1 0 0 0 0 0 0 2 0 0 2 0 0 2 1 0 0 0 0 0 1 0 2 0 0 
0 2 2 1 0 0 0 0 1 0 1 0 0 0 0 2 2 0 1 0 0 0 2 0 0 0 0 1 1 0 2 0 0 0 0 0 1 0 0 0 2 0 0 0 0 0 2 1 1 0 1 0 0 0 2 0 1 0 0 0 0 0 0 2 0 0 2 0 0 2 1 0 0 0 0 0 1 0 2 0 0 
0
0 0 0 0 0 0 0 0 0 
0 2 2 1 0 0 0 0 1 0 1 0 0 0 0 2 2 0 1 0 0 0 2 0 0 0 0 1 1 0 2 0 0 0 0 0 1 0 0 0 2 0 0 0 0 0 2 1 1 0 1 0 0 0 2 0 1 0 1 0 0 0 0 2 0 0 2 0 0 2 1 0 0 0 0 0 1 0 2 0 0 
0 2 2 1 0 0 0 0 1 0 1 0 0 0 0 2 2 0 1 0 0 0 2 0 0 0 0 1 1 0 2 0 0 0 0 0 1 0 0 0 2 0 0 0 0 0 2 1 1 0 1 0 0 0 2 0 1 0 1 0 0 0 0 2 0 0 2 0 0 2 1 0 0 0 0 0 1 0 2 0 0 
0
0 0 0 0 0 0 0 0 0 
0 2 2 1 2 0 0 0 1 0 1 0 0 0 0 2 2 0 1 0 0 0 2 0 0 0 0 1 1 0 2 0 0 0 0 0 1 0 0 0 2 0 0 0 0 0 2 1 1 0 1 0 0 0 2 0 1 0 1 0 0 0 0 2 0 0 2 0 0 2 1 0 0 0 0 0 1 0 2 0 0 
0 2 2 1 2 0 0 0 1 0 1 0 0 0 0 2 2 0 1 0 0 0 2 0 0 0 0 1 1 0 2 0 0 0 0 0 1 0 0 0 2 0 0 0 0 0 2 1 1 0 1 0 0 0 2 0 1 0 1 0 0 0 0 2 0 0 2 0 0 2 1 0 0 0 0 0 1 0 2 0 0 
0
0 0 0 0 0 0 0 0 0 
0 2 2 1 2 0 0 0 1 0 1 0 1 0 0 2 2 0 1 0 0 0 2 0 0 0 0 1 1 0 2 0 0 0 0 0 1 0 0 0 2 0 0 0 0 0 2 1 1 0 1 0 0 0 2 0 1 0 1 0 0 0 0 2 0 0 2 0 0 2 1 0 0 0 0 0 1 0 2 0 0 
0 2 2 1 2 0 0 0 1 0 1 0 1 0 0 2 2 0 1 0 0 0 2 0 0 0 0 1 1 0 2 0 0 0 0 0 1 0 0 0 2 0 0 0 0 0 2 1 1 0 1 0 0 0 2 0 1 0 1 0 0 0 0 2 0 0 2 0 0 2 1 0 0 0 0 0 1 0 2 0 0 
0
0 0 0 0 0 0 0 0 0 
0 2 2 1 2 0 0 0 1 0 1 0 1 0 0 2 2 0 1 0 0 0 2 0 0 0 0 1 1 2 2 0 0 0 0 0 1 0 0 0 2 0 0 0 0 0 2 1 1 0 1 0 0 0 2 0 1 0 1 0 0 0 0 2 0 0 2 0 0 2 1 0 0 0 0 0 1 0 2 0 0 
0 2 2 1 2 0 0 0 1 0 1 0 1 0 0 2 2 0 1 0 0 0 2 0 0 0 0 1 1 2 2 0 0 0 0 0 1 0 0 0 2 0 0 0 0 0 2 1 1 0 1 0 0 0 2 0 1 0 1 0 0 0 0 2 0 0 2 0 0 2 1 0 0 0 0 0 1 0 2 0 0 
0
0 0 0 0 0 0 0 0 0 
0 2 2 1 2 0 0 0 1 0 1 0 1 0 0 2 2 1 1 0 0 0 2 0 0 0 0 1 1 2 2 0 0 0 0 0 1 0 0 0 2 0 0 0 0 0 2 1 1 0 1 0 0 0 2 0 1 0 1 0 0 0 0 2 0 0 2 0 0 2 1 0 0 0 0 0 1 0 2 0 0 
0 2 2 1 2 0 0 0 1 0 1 0 1 0 0 2 2 1 1 0 0 0 2 0 0 0 0 1 1 2 2 0 0 0 0 0 1 0 0 0 2 0 0 0 0 0 2 1 1 0 1 0 0 0 2 0 1 0 1 0 0 0 0 2 0 0 2 0 0 2 1 0 0 0 0 0 1 0 2 0 0 
0
0 0 0 0 0 0 0 0 0 
0 2 2 1 2 0 0 0 1 0 1 0 1 0 0 2 2 1 1 0 0 0 2 0 0 0 0 1 1 2 2 0 0 0 0 0 1 0 0 0 2 0 2 0 0 0 2 1 1 0 1 0 0 0 2 0 1 0 1 0 0 0 0 2 0 0 2 0 0 2 1 0 0 0 0 0 1 0 2 0 0 
0 2 2 1 2 0 0 0 1 0 1 0 1 0 0 2 2 1 1 0 0 0 2 0 0 0 0 1 1 2 2 0 0 0 0 0 1 0 0 0 2 0 2 0 0 0 2 1 1 0 1 0 0 0 2 0 1 0 1 0 0 0 0 2 0 0 2 0 0 2 1 0 0 0 0 0 1 0 2 0 0 
0
0 0 0 0 0 0 0 0 0 
0 2 2 1 2 0 0 0 1 0 1 0 1 0 0 2 2 1 1 0 0 0 2 0 0 0 0 1 1 2 2 0 0 0 0 0 1 0 1 0 2 0 2 0 0 0 2 1 1 0 1 0 0 0 2 0 1 0 1 0 0 0 0 2 0 0 2 0 0 2 1 0 0 0 0 0 1 0 2 0 0 
0 2 2 1 2 0 0 0 1 0 1 0 1 0 0 2 2 1 1 0 0 0 2 0 0 0 0 1 1 2 2 0 0 0 0 0 1 0 1 0 2 0 2 0 0 0 2 1 1 0 1 0 0 0 2 0 1 0 1 0 0 0 0 2 0 0 2 0 0 2 1 0 0 0 0 0 1 0 2 0 0 
0
0 0 0 0 0 0 0 0 0 
0 2 2 1 2 0 0 0 1 0 1 0 1 0 0 2 2 1 1 0 0 0 2 0 0 0 0 1 1 2 2 0 0 0 0 0 1 0 1 0 2 0 2 0 2 0 2 1 1 0 1 0 0 0 2 0 1 0 1 0 0 0 0 2 0 0 2 0 0 2 1 0 0 0 0 0 1 0 2 0 0 
0 2 2 1 2 0 0 0 1 0 1 0 1 0 0 2 2 1 1 0 0 0 2 0 0 0 0 1 1 2 2 0 0 0 0 0 1 0 1 0 2 0 2 0 2 0 2 1 1 0 1 0 0 0 2 0 1 0 1 0 0 0 0 2 0 0 2 0 0 2 1 0 0 0 0 0 1 0 2 0 0 
0
0 0 0 0 0 0 0 0 0 
0 2 2 1 2 0 0 0 1 0 1 0 1 0 0 2 2 1 1 0 0 0 2 0 0 0 0 1 1 2 2 0 0 0 0 0 1 0 1 0 2 0 2 0 2 0 2 1 1 0 1 0 1 0 2 0 1 0 1 0 0 0 0 2 0 0 2 0 0 2 1 0 0 0 0 0 1 0 2 0 0 
0 2 2 1 2 0 0 0 1 0 1 0 1 0 0 2 2 1 1 0 0 0 2 0 0 0 0 1 1 2 2 0 0 0 0 0 1 0 1 0 2 0 2 0 2 0 2 1 1 0 1 0 1 0 2 0 1 0 1 0 0 0 0 2 0 0 2 0 0 2 1 0 0 0 0 0 1 0 2 0 0 
0
0 0 0 0 0 0 0 0 0 
0 2 2 1 2 0 0 0 1 0 1 0 1 0 0 2 2 1 1 0 0 0 2 0 0 0 0 1 1 2 2 0 0 0 0 0 1 0 1 0 2 0 2 0 2 0 2 1 1 0 1 0 1 0 2 0 1 0 1 0 0 0 0 2 0 0 2 0 2 2 1 0 0 0 0 0 1 0 2 0 0 
0 2 2 1 2 0 0 0 1 0 1 0 1 0 0 2 2 1 1 0 0 0 2 0 0 0 0 1 1 2 2 0 0 0 0 0 1 0 1 0 2 0 2 0 2 0 2 1 1 0 1 0 1 0 2 0 1 0 1 0 0 0 0 2 0 0 2 0 2 2 1 0 0 0 0 0 1 0 2 0 0 
0
0 0 0 0 0 0 0 0 0 
0 2 2 1 2 0 0 0 1 0 1 0 1 0 0 2 2 1 1 0 0 0 2 0 0 0 0 1 1 2 2 0 0 0 0 0 1 0 1 0 2 0 2 1 2 0 2 1 1 0 1 0 1 0 2 0 1 0 1 0 0 0 0 2 0 0 2 0 2 2 1 0 0 0 0 0 1 0 2 0 0 
0 2 2 1 2 0 0 0 1 0 1 0 1 0 0 2 2 1 1 0 0 0 2 0 0 0 0 1 1 2 2 0 0 0 0 0 1 0 1 0 2 0 2 1 2 0 2 1 1 0 1 0 1 0 2 0 1 0 1 0 0 0 0 2 0 0 2 0 2 2 1 0 0 0 0 0 1 0 2 0 0 
0
0 0 0 0 0 0 0 0 0 
0 2 2 1 2 0 0 0 1 0 1 0 1 0 0 2 2 1 1 0 0 0 2 0 0 0 0 1 1 2 2 0 0 0 0 0 1 0 1 0 2 0 2 1 2 0 2 1 1 2 1 0 1 0 2 0 1 0 1 0 0 0 0 2 0 0 2 0 2 2 1 0 0 0 0 0 1 0 2 0 0 
0 2 2 1 2 0 0 0 1 0 1 0 1 0 0 2 2 1 1 0 0 0 2 0 0 0 0 1 1 2 2 0 0 0 0 0 1 0 1 0 2 0 2 1 2 0 2 1 1 2 1 0 1 0 2 0 1 0 1 0 0 0 0 2 0 0 2 0 2 2 1 0 0 0 0 0 1 0 2 0 0 
0
0 0 0 0 0 0 0 1 0 
0 2 2 1 2 0 0 0 1 0 1 0 1 0 0 2 2 1 1 0 0 0 2 0 0 0 0 1 1 2 2 0 0 0 0 0 1 0 1 0 2 0 2 1 2 0 2 1 1 2 1 0 1 0 2 0 1 0 1 0 0 0 0 2 0 0 2 1 2 2 1 0 0 0 0 0 1 0 2 0 0 
0 2 2 1 2 0 0 0 1 0 1 0 1 0 0 2 2 1 1 0 0 0 2 0 0 0 0 1 1 2 2 0 0 0 0 0 1 0 1 0 2 0 2 1 2 0 2 1 1 2 1 0 1 0 2 0 1 16 17 16 0 0 0 2 0 0 18 17 18 2 1 0 0 0 0 16 17 16 2 0 0 
0
0 0 0 0 2 0 0 1 0 
0 2 2 1 2 0 0 0 1 0 1 0 1 0 0 2 2 1 1 0 0 0 2 0 0 0 0 1 1 2 2 2 0 0 0 0 1 0 1 0 2 0 2 1 2 0 2 1 1 2 1 0 1 0 2 0 1 0 1 0 0 0 0 2 0 0 2 1 2 2 1 0 0 0 0 0 1 0 2 0 0 
0 2 2 1 2 0 0 0 1 0 1 0 1 0 0 2 2 1 1 0 0 0 2 0 0 0 0 1 1 2 34 34 32 0 0 0 1 0 1 32 34 32 2 1 2 0 2 1 33 34 33 0 1 0 2 0 1 16 17 16 0 0 0 2 0 0 18 17 18 2 1 0 0 0 0 16 17 16 2 0 0 
0
0 0 0 0 2 0 0 1 0 
0 2 2 1 2 0 0 0 1 0 1 0 1 0 1 2 2 1 1 0 0 0 2 0 0 0 0 1 1 2 2 2 0 0 0 0 1 0 1 0 2 0 2 1 2 0 2 1 1 2 1 0 1 0 2 0 1 0 1 0 0 0 0 2 0 0 2 1 2 2 1 0 0 0 0 0 1 0 2 0 0 
0 2 2 1 2 0 0 0 1 0 1 0 1 0 1 2 2 1 1 0 0 0 2 0 0 0 0 1 1 2 34 34 32 0 0 0 1 0 1 32 34 32 2 1 2 0 2 1 33 34 33 0 1 0 2 0 1 16 17 16 0 0 0 2 0 0 18 17 18 2 1 0 0 0 0 16 17 16 2 0 0 
0
0 0 0 0 2 0 0 1 0 
0 2 2 1 2 0 0 0 1 0 1 0 1 0 1 2 2 1 1 0 0 0 2 0 0 0 0 1 1 2 2 2 0 0 2 0 1 0 1 0 2 0 2 1 2 0 2 1 1 2 1 0 1 0 2 0 1 0 1 0 0 0 0 2 0 0 2 1 2 2 1 0 0 0 0 0 1 0 2 0 0 
0 2 2 1 2 0 0 0 1 0 1 0 1 0 1 2 2 1 1 0 0 0 2 0 0 0 0 1 1 2 34 34 32 0 2 0 1 0 1 32 34 32 2 1 2 0 2 1 33 34 33 0 1 0 2 0 1 16 17 16 0 0 0 2 0 0 18 17 18 2 1 0 0 0 0 16 17 16 2 0 0 
0
0 1 0 0 2 0 0 1 0 
0 2 2 1 2 0 0 0 1 0 1 0 1 1 1 2 2 1 1 0 0 0 2 0 0 0 0 1 1 2 2 2 0 0 2 0 1 0 1 0 2 0 2 1 2 0 2 1 1 2 1 0 1 0 2 0 1 0 1 0 0 0 0 2 0 0 2 1 2 2 1 0 0 0 0 0 1 0 2 0 0 
0 2 2 17 18 16 0 0 1 0 1 0 17 17 17 2 2 1 1 0 0 16 18 16 0 0 0 1 1 2 34 34 32 0 2 0 1 0 1 32 34 32 2 1 2 0 2 1 33 34 33 0 1 0 2 0 1 16 17 16 0 0 0 2 0 0 18 17 18 2 1 0 0 0 0 16 17 16 2 0 0 
0
0 1 0 0 2 0 0 1 0 
0 2 2 1 2 0 0 0 1 0 1 0 1 1 1 2 2 1 1 0 0 0 2 0 0 0 0 1 1 2 2 2 0 0 2 0 1 0 1 0 2 0 2 1 2 0 2 1 1 2 1 0 1 0 2 0 1 0 1 0 0 0 0 2 0 0 2 1 2 2 1 0 0 0 0 0 1 0 2 2 0 
0 2 2 17 18 16 0 0 1 0 1 0 17 17 17 2 2 1 1 0 0 16 18 16 0 0 0 1 1 2 34 34 32 0 2 0 1 0 1 32 34 32 2 1 2 0 2 1 33 34 33 0 1 0 2 0 1 16 17 16 0 0 0 2 0 0 18 17 18 2 1 0 0 0 0 16 17 16 2 2 0 
0
0 1 0 0 2 0 0 1 0 
0 2 2 1 2 0 0 0 1 0 1 0 1 1 1 2 2 1 1 0 0 0 2 0 0 0 0 1 1 2 2 2 0 0 2 0 1 0 1 0 2 0 2 1 2 0 2 1 1 2 1 0 1 0 2 0 1 0 1 0 0 0 0 2 0 0 2 1 2 2 1 1 0 0 0 0 1 0 2 2 0 
0 2 2 17 18 16 0 0 1 0 1 0 17 17 17 2 2 1 1 0 0 16 18 16 0 0 0 1 1 2 34 34 32 0 2 0 1 0 1 32 34 32 2 1 2 0 2 1 33 34 33 0 1 0 2 0 1 16 17 16 0 0 0 2 0 0 18 17 18 2 1 1 0 0 0 16 17 16 2 2 0 
0
0 1 0 0 2 0 0 1 0 
0 2 2 1 2 0 0 0 1 0 1 0 1 1 1 2 2 1 1 0 0 0 2 0 0 0 0 1 1 2 2 2 0 0 2 0 1 0 1 0 2 0 2 1 2 0 2 1 1 2 1 2 1 0 2 0 1 0 1 0 0 0 0 2 0 0 2 1 2 2 1 1 0 0 0 0 1 0 2 2 0 
0 2 2 17 18 16 0 0 1 0 1 0 17 17 17 2 2 1 1 0 0 16 18 16 0 0 0 1 1 2 34 34 32 0 2 0 1 0 1 32 34 32 2 1 2 0 2 1 33 34 33 2 1 0 2 0 1 16 17 16 0 0 0 2 0 0 18 17 18 2 1 1 0 0 0 16 17 16 2 2 0 
0
0 1 0 0 2 0 0 1 0 
0 2 2 1 2 0 0 0 1 0 1 0 1 1 1 2 2 1 1 0 0 0 2 0 0 0 0 1 1 2 2 2 0 0 2 0 1 0 1 0 2 0 2 1 2 0 2 1 1 2 1 2 1 0 2 0 1 0 1 0 0 0 0 2 0 0 2 1 2 2 1 1 1 0 0 0 1 0 2 2 0 
0 2 2 17 18 16 0 0 1 0 1 0 17 17 17 2 2 1 1 0 0 16 18 16 0 0 0 1 1 2 34 34 32 0 2 0 1 0 1 32 34 32 2 1 2 0 2 1 33 34 33 2 1 0 2 0 1 16 17 16 0 0 0 2 0 0 18 17 18 2 1 1 1 0 0 16 17 16 2 2 0 
0
0 1 0 0 2 0 0 1 0 
0 2 2 1 2 0 0 0 1 0 1 0 1 1 1 2 2 1 1 0 0 0 2 0 0 0 0 1 1 2 2 2 0 0 2 0 1 0 1 0 2 0 2 1 2 0 2 1 1 2 1 2 1 0 2 0 1 0 1 0 0 0 0 2 2 0 2 1 2 2 1 1 1 0 0 0 1 0 2 2 0 
0 2 2 17 18 16 0 0 1 0 1 0 17 17 17 2 2 1 1 0 0 16 18 16 0 0 0 1 1 2 34 34 32 0 2 0 1 0 1 32 34 32 2 1 2 0 2 1 33 34 33 2 1 0 2 0 1 16 17 16 0 0 0 2 2 0 18 17 18 2 1 1 1 0 0 16 17 16 2 2 0 
0
0 1 0 0 2 0 0 1 0 
0 2 2 1 2 0 0 0 1 0 1 0 1 1 1 2 2 1 1 0 0 0 2 0 0 0 0 1 1 2 2 2 0 0 2 0 1 0 1 0 2 0 2 1 2 0 2 1 1 2 1 2 1 0 2 0 1 0 1 0 1 0 0 2 2 0 2 1 2 2 1 1 1 0 0 0 1 0 2 2 0 
0 2 2 17 18 16 0 0 1 0 1 0 17 17 17 2 2 1 1 0 0 16 18 16 0 0 0 1 1 2 34 34 32 0 2 0 1 0 1 32 34 32 2 1 2 0 2 1 33 34 33 2 1 0 2 0 1 16 17 16 1 0 0 2 2 0 18 17 18 2 1 1 1 0 0 16 17 16 2 2 0 
0
2 1 0 0 2 0 0 1 0 
2 2 2 1 2 0 0 0 1 0 1 0 1 1 1 2 2 1 1 0 0 0 2 0 0 0 0 1 1 2 2 2 0 0 2 0 1 0 1 0 2 0 2 1 2 0 2 1 1 2 1 2 1 0 2 0 1 0 1 0 1 0 0 2 2 0 2 1 2 2 1 1 1 0 0 0 1 0 2 2 0 
34 34 34 17 18 16 0 0 1 32 33 32 17 17 17 2 2 1 33 32 32 16 18 16 0 0 0 1 1 2 34 34 32 0 2 0 1 0 1 32 34 32 2 1 2 0 2 1 33 34 33 2 1 0 2 0 1 16 17 16 1 0 0 2 2 0 18 17 18 2 1 1 1 0 0 16 17 16 2 2 0 
0
2 1 0 0 2 0 0 1 1 
2 2 2 1 2 0 0 0 1 0 1 0 1 1 1 2 2 1 1 0 0 0 2 0 0 0 0 1 1 2 2 2 0 0 2 0 1 0 1 0 2 0 2 1 2 0 2 1 1 2 1 2 1 0 2 0 1 0 1 0 1 0 0 2 2 0 2 1 2 2 1 1 1 0 0 0 1 0 2 2 1 
34 34 34 17 18 16 0 0 1 32 33 32 17 17 17 2 2 1 33 32 32 16 18 16 0 0 0 1 1 2 34 34 32 0 2 0 1 0 1 32 34 32 2 1 2 0 2 1 33 34 33 2 1 0 2 0 1 16 17 16 17 16 16 2 2 0 18 17 18 18 17 17 1 0 0 16 17 16 18 18 17 
0
2 1 0 0 2 0 2 1 1 
2 2 2 1 2 0 0 0 1 0 1 0 1 1 1 2 2 1 1 0 0 0 2 0 0 0 0 1 1 2 2 2 0 0 2 0 1 0 1 0 2 0 2 1 2 0 2 1 1 2 1 2 1 0 2 0 1 0 1 0 1 0 0 2 2 0 2 1 2 2 1 1 1 0 2 0 1 0 2 2 1 
34 34 34 17 18 16 0 0 1 32 33 32 17 17 17 2 2 1 33 32 32 16 18 16 0 0 0 1 1 2 34 34 32 0 2 0 1 0 1 32 34 32 2 1 2 0 2 1 33 34 33 2 1 0 34 32 33 16 17 16 17 16 16 34 34 32 18 17 18 18 17 17 33 32 34 16 17 16 18 18 17 
0
2 1 0 0 2 0 2 1 1 
2 2 2 1 2 0 0 0 1 0 1 0 1 1 1 2 2 1 1 0 0 0 2 0 0 0 0 1 1 2 2 2 0 1 2 0 1 0 1 0 2 0 2 1 2 0 2 1 1 2 1 2 1 0 2 0 1 0 1 0 1 0 0 2 2 0 2 1 2 2 1 1 1 0 2 0 1 0 2 2 1 
34 34 34 17 18 16 0 0 1 32 33 32 17 17 17 2 2 1 33 32 32 16 18 16 0 0 0 1 1 2 34 34 32 1 2 0 1 0 1 32 34 32 2 1 2 0 2 1 33 34 33 2 1 0 34 32 33 16 17 16 17 16 16 34 34 32 18 17 18 18 17 17 33 32 34 16 17 16 18 18 17 
0
2 1 0 0 2 0 2 1 1 
2 2 2 1 2 0 0 0 1 0 1 0 1 1 1 2 2 1 1 0 0 0 2 0 0 0 0 1 1 2 2 2 0 1 2 0 1 0 1 0 2 0 2 1 2 0 2 1 1 2 1 2 1 2 2 0 1 0 1 0 1 0 0 2 2 0 2 1 2 2 1 1 1 0 2 0 1 0 2 2 1 
34 34 34 17 18 16 0 0 1 32 33 32 17 17 17 2 2 1 33 32 32 16 18 16 0 0 0 1 1 2 34 34 32 1 2 0 1 0 1 32 34 32 2 1 2 0 2 1 33 34 33 2 1 2 34 32 33 16 17 16 17 16 16 34 34 32 18 17 18 18 17 17 33 32 34 16 17 16 18 18 17 
0
2 1 0 0 2 0 2 1 1 
2 2 2 1 2 0 0 0 1 0 1 0 1 1 1 2 2 1 1 0 0 0 2 0 0 0 0 1 1 2 2 2 0 1 2 1 1 0 1 0 2 0 2 1 2 0 2 1 1 2 1 2 1 2 2 0 1 0 1 0 1 0 0 2 2 0 2 1 2 2 1 1 1 0 2 0 1 0 2 2 1 
34 34 34 17 18 16 0 0 1 32 33 32 17 17 17 2 2 1 33 32 32 16 18 16 0 0 0 1 1 2 34 34 32 1 2 1 1 0 1 32 34 32 2 1 2 0 2 1 33 34 33 2 1 2 34 32 33 16 17 16 17 16 16 34 34 32 18 17 18 18 17 17 33 32 34 16 17 16 18 18 17 
0
2 1 0 0 2 0 2 1 1 
2 2 2 1 2 0 0 0 1 0 1 0 1 1 1 2 2 1 1 0 0 0 2 0 0 2 0 1 1 2 2 2 0 1 2 1 1 0 1 0 2 0 2 1 2 0 2 1 1 2 1 2 1 2 2 0 1 0 1 0 1 0 0 2 2 0 2 1 2 2 1 1 1 0 2 0 1 0 2 2 1 
34 34 34 17 18 16 0 0 1 32 33 32 17 17 17 2 2 1 33 32 32 16 18 16 0 2 0 1 1 2 34 34 32 1 2 1 1 0 1 32 34 32 2 1 2 0 2 1 33 34 33 2 1 2 34 32 33 16 17 16 17 16 16 34 34 32 18 17 18 18 17 17 33 32 34 16 17 16 18 18 17 
0
2 1 0 1 2 0 2 1 1 
2 2 2 1 2 0 0 0 1 0 1 0 1 1 1 2 2 1 1 0 0 0 2 0 0 2 0 1 1 2 2 2 0 1 2 1 1 1 1 0 2 0 2 1 2 0 2 1 1 2 1 2 1 2 2 0 1 0 1 0 1 0 0 2 2 0 2 1 2 2 1 1 1 0 2 0 1 0 2 2 1 
34 34 34 17 18 16 0 0 1 32 33 32 17 17 17 2 2 1 33 32 32 16 18 16 0 2 0 17 17 18 34 34 32 1 2 1 17 17 17 32 34 32 2 1 2 16 18 17 33 34 33 2 1 2 34 32 33 16 17 16 17 16 16 34 34 32 18 17 18 18 17 17 33 32 34 16 17 16 18 18 17 
0
2 1 2 1 2 0 2 1 1 
2 2 2 1 2 0 0 2 1 0 1 0 1 1 1 2 2 1 1 0 0 0 2 0 0 2 0 1 1 2 2 2 0 1 2 1 1 1 1 0 2 0 2 1 2 0 2 1 1 2 1 2 1 2 2 0 1 0 1 0 1 0 0 2 2 0 2 1 2 2 1 1 1 0 2 0 1 0 2 2 1 
34 34 34 17 18 16 32 34 33 32 33 32 17 17 17 34 34 33 33 32 32 16 18 16 32 34 32 17 17 18 34 34 32 1 2 1 17 17 17 32 34 32 2 1 2 16 18 17 33 34 33 2 1 2 34 32 33 16 17 16 17 16 16 34 34 32 18 17 18 18 17 17 33 32 34 16 17 16 18 18 17 
0
2 1 2 1 2 0 2 1 1 
2 2 2 1 2 0 0 2 1 0 1 0 1 1 1 2 2 1 1 0 0 0 2 0 0 2 0 1 1 2 2 2 0 1 2 1 1 1 1 0 2 0 2 1 2 0 2 1 1 2 1 2 1 2 2 0 1 0 1 0 1 0 0 2 2 0 2 1 2 2 1 1 1 0 2 0 1 0 2 2 1 
34 34 34 17 18 16 32 34 33 32 33 32 17 17 17 34 34 33 33 32 32 16 18 16 32 34 32 17 17 18 34 34 32 1 2 1 17 17 17 32 34 32 2 1 2 16 18 17 33 34 33 2 1 2 34 32 33 16 17 16 17 16 16 34 34 32 18 17 18 18 17 17 33 32 34 16 17 16 18 18 17 
0
