0 0 0 0 0 0 0 0 0 
0 0 0 0 0 0 0 0 0 0 0 0 0 0 0 0 0 0 0 0 0 0 0 0 0 0 0 0 0 0 0 0 0 0 0 0 0 0 0 0 1 0 0 0 0 0 0 0 0 0 0 0 0 0 0 0 0 0 0 0 0 0 0 0 0 0 0 0 0 0 0 0 0 0 0 0 0 0 0 0 0 
0 0 0 0 0 0 0 0 0 0 0 0 0 0 0 0 0 0 0 0 0 0 0 0 0 0 0 0 0 0 0 0 0 0 0 0 0 0 0 0 1 0 0 0 0 0 0 0 0 0 0 0 0 0 0 0 0 0 0 0 0 0 0 0 0 0 0 0 0 0 0 0 0 0 0 0 0 0 0 0 0 
0
0 0 0 0 0 0 0 0 0 
0 0 0 0 0 0 0 0 0 0 0 0 0 0 0 0 0 0 0 0 0 0 0 0 0 0 0 0 0 0 0 0 0 0 0 0 0 0 0 0 1 0 0 0 0 0 0 0 0 0 2 0 0 0 0 0 0 0 0 0 0 0 0 0 0 0 0 0 0 0 0 0 0 0 0 0 0 0 0 0 0 
0 0 0 0 0 0 0 0 0 0 0 0 0 0 0 0 0 0 0 0 0 0 0 0 0 0 0 0 0 0 0 0 0 0 0 0 0 0 0 0 1 0 0 0 0 0 0 0 0 0 2 0 0 0 0 0 0 0 0 0 0 0 0 0 0 0 0 0 0 0 0 0 0 0 0 0 0 0 0 0 0 
0
0 0 0 0 0 0 0 0 0 
0 0 0 0 0 0 0 0 0 0 0 0 0 0 0 0 0 0 0 0 0 0 0 0 0 0 0 0 0 0 0 0 0 0 0 0 0 0 0 0 1 0 0 0 0 0 0 0 0 0 2 0 0 0 0 0 0 0 0 0 0 0 0 0 0 0 0 0 0 0 0 0 0 0 0 0 0 0 0 0 1 
0 0 0 0 0 0 0 0 0 0 0 0 0 0 0 0 0 0 0 0 0 0 0 0 0 0 0 0 0 0 0 0 0 0 0 0 0 0 0 0 1 0 0 0 0 0 0 0 0 0 2 0 0 0 0 0 0 0 0 0 0 0 0 0 0 0 0 0 0 0 0 0 0 0 0 0 0 0 0 0 1 
0
0 0 0 0 0 0 0 0 0 
0 0 0 0 0 0 0 0 0 0 0 0 0 0 0 0 0 0 0 0 0 0 0 0 0 0 0 0 0 0 0 0 0 0 0 0 0 0 0 0 1 0 0 0 0 0 0 0 0 0 2 0 0 0 0 0 0 0 0 0 0 0 0 0 0 0 0 0 0 0 0 0 0 0 0 0 0 0 0 2 1 
0 0 0 0 0 0 0 0 0 0 0 0 0 0 0 0 0 0 0 0 0 0 0 0 0 0 0 0 0 0 0 0 0 0 0 0 0 0 0 0 1 0 0 0 0 0 0 0 0 0 2 0 0 0 0 0 0 0 0 0 0 0 0 0 0 0 0 0 0 0 0 0 0 0 0 0 0 0 0 2 1 
0
0 0 0 0 0 0 0 0 0 
0 0 0 0 0 0 0 0 0 0 0 0 0 0 0 0 0 0 0 0 0 0 0 0 0 0 0 0 0 0 0 0 0 0 0 0 0 0 0 0 1 0 0 0 0 0 0 0 0 0 2 0 0 0 0 0 0 0 0 0 0 0 0 0 0 0 0 0 1 0 0 0 0 0 0 0 0 0 0 2 1 
0 0 0 0 0 0 0 0 0 0 0 0 0 0 0 0 0 0 0 0 0 0 0 0 0 0 0 0 0 0 0 0 0 0 0 0 0 0 0 0 1 0 0 0 0 0 0 0 0 0 2 0 0 0 0 0 0 0 0 0 0 0 0 0 0 0 0 0 1 0 0 0 0 0 0 0 0 0 0 2 1 
0
0 0 0 0 0 0 0 0 0 
0 0 0 0 0 0 0 0 0 0 0 0 0 0 0 0 0 0 0 0 0 0 0 0 0 0 0 0 0 0 0 0 0 0 0 0 0 0 0 0 1 0 0 0 0 0 0 0 0 0 2 2 0 0 0 0 0 0 0 0 0 0 0 0 0 0 0 0 1 0 0 0 0 0 0 0 0 0 0 2 1 
0 0 0 0 0 0 0 0 0 0 0 0 0 0 0 0 0 0 0 0 0 0 0 0 0 0 0 0 0 0 0 0 0 0 0 0 0 0 0 0 1 0 0 0 0 0 0 0 0 0 2 2 0 0 0 0 0 0 0 0 0 0 0 0 0 0 0 0 1 0 0 0 0 0 0 0 0 0 0 2 1 
0
0 0 0 0 0 0 0 0 0 
0 0 0 0 0 0 0 0 0 0 0 0 0 0 0 0 0 0 0 0 0 0 0 0 0 0 0 0 0 0 0 0 0 0 0 0 0 0 0 0 1 0 0 0 0 0 0 0 0 0 2 2 0 0 1 0 0 0 0 0 0 0 0 0 0 0 0 0 1 0 0 0 0 0 0 0 0 0 0 2 1 
0 0 0 0 0 0 0 0 0 0 0 0 0 0 0 0 0 0 0 0 0 0 0 0 0 0 0 0 0 0 0 0 0 0 0 0 0 0 0 0 1 0 0 0 0 0 0 0 0 0 2 2 0 0 1 0 0 0 0 0 0 0 0 0 0 0 0 0 1 0 0 0 0 0 0 0 0 0 0 2 1 
0
0 0 0 0 0 0 0 0 0 
0 0 0 0 0 0 0 0 0 0 0 2 0 0 0 0 0 0 0 0 0 0 0 0 0 0 0 0 0 0 0 0 0 0 0 0 0 0 0 0 1 0 0 0 0 0 0 0 0 0 2 2 0 0 1 0 0 0 0 0 0 0 0 0 0 0 0 0 1 0 0 0 0 0 0 0 0 0 0 2 1 
0 0 0 0 0 0 0 0 0 0 0 2 0 0 0 0 0 0 0 0 0 0 0 0 0 0 0 0 0 0 0 0 0 0 0 0 0 0 0 0 1 0 0 0 0 0 0 0 0 0 2 2 0 0 1 0 0 0 0 0 0 0 0 0 0 0 0 0 1 0 0 0 0 0 0 0 0 0 0 2 1 
0
0 0 0 0 0 0 0 0 0 
0 0 0 0 0 0 0 0 0 0 0 2 0 0 0 0 0 0 0 0 0 0 0 0 0 0 0 0 0 0 0 0 0 0 1 0 0 0 0 0 1 0 0 0 0 0 0 0 0 0 2 2 0 0 1 0 0 0 0 0 0 0 0 0 0 0 0 0 1 0 0 0 0 0 0 0 0 0 0 2 1 
0 0 0 0 0 0 0 0 0 0 0 2 0 0 0 0 0 0 0 0 0 0 0 0 0 0 0 0 0 0 0 0 0 0 1 0 0 0 0 0 1 0 0 0 0 0 0 0 0 0 2 2 0 0 1 0 0 0 0 0 0 0 0 0 0 0 0 0 1 0 0 0 0 0 0 0 0 0 0 2 1 
0
0 0 0 0 0 0 0 0 0 
0 0 0 0 0 0 0 0 0 0 0 2 2 0 0 0 0 0 0 0 0 0 0 0 0 0 0 0 0 0 0 0 0 0 1 0 0 0 0 0 1 0 0 0 0 0 0 0 0 0 2 2 0 0 1 0 0 0 0 0 0 0 0 0 0 0 0 0 1 0 0 0 0 0 0 0 0 0 0 2 1 
0 0 0 0 0 0 0 0 0 0 0 2 2 0 0 0 0 0 0 0 0 0 0 0 0 0 0 0 0 0 0 0 0 0 1 0 0 0 0 0 1 0 0 0 0 0 0 0 0 0 2 2 0 0 1 0 0 0 0 0 0 0 0 0 0 0 0 0 1 0 0 0 0 0 0 0 0 0 0 2 1 
0
0 0 0 0 0 0 0 0 0 
0 0 0 0 0 0 0 0 0 0 0 2 2 0 0 0 0 0 0 0 0 0 0 0 0 0 0 0 0 0 0 0 0 0 1 0 0 0 0 0 1 0 0 0 0 0 1 0 0 0 2 2 0 0 1 0 0 0 0 0 0 0 0 0 0 0 0 0 1 0 0 0 0 0 0 0 0 0 0 2 1 
0 0 0 0 0 0 0 0 0 0 0 2 2 0 0 0 0 0 0 0 0 0 0 0 0 0 0 0 0 0 0 0 0 0 1 0 0 0 0 0 1 0 0 0 0 0 1 0 0 0 2 2 0 0 1 0 0 0 0 0 0 0 0 0 0 0 0 0 1 0 0 0 0 0 0 0 0 0 0 2 1 
0
0 0 0 0 0 0 0 0 0 
0 0 0 0 0 0 0 0 0 0 0 2 2 0 0 0 0 0 0 0 0 0 0 0 0 0 0 0 0 0 0 0 0 0 1 0 0 0 0 0 1 0 0 0 0 0 1 0 0 0 2 2 0 0 1 0 0 0 0 2 0 0 0 0 0 0 0 0 1 0 0 0 0 0 0 0 0 0 0 2 1 
0 0 0 0 0 0 0 0 0 0 0 2 2 0 0 0 0 0 0 0 0 0 0 0 0 0 0 0 0 0 0 0 0 0 1 0 0 0 0 0 1 0 0 0 0 0 1 0 0 0 2 2 0 0 1 0 0 0 0 2 0 0 0 0 0 0 0 0 1 0 0 0 0 0 0 0 0 0 0 2 1 
0
0 0 0 0 0 0 0 0 0 
0 0 0 0 0 0 0 0 0 0 0 2 2 0 0 0 0 0 0 0 0 0 0 0 1 0 0 0 0 0 0 0 0 0 1 0 0 0 0 0 1 0 0 0 0 0 1 0 0 0 2 2 0 0 1 0 0 0 0 2 0 0 0 0 0 0 0 0 1 0 0 0 0 0 0 0 0 0 0 2 1 
0 0 0 0 0 0 0 0 0 0 0 2 2 0 0 0 0 0 0 0 0 0 0 0 1 0 0 0 0 0 0 0 0 0 1 0 0 0 0 0 1 0 0 0 0 0 1 0 0 0 2 2 0 0 1 0 0 0 0 2 0 0 0 0 0 0 0 0 1 0 0 0 0 0 0 0 0 0 0 2 1 
0
0 0 0 0 0 0 0 0 0 
0 0 0 0 0 0 0 0 0 0 0 2 2 0 0 0 0 0 0 0 0 0 0 0 1 0 0 0 0 0 0 0 0 0 1 0 0 0 0 0 1 0 0 0 0 0 1 0 0 0 2 2 0 0 1 0 0 0 0 2 0 0 0 0 2 0 0 0 1 0 0 0 0 0 0 0 0 0 0 2 1 
0 0 0 0 0 0 0 0 0 0 0 2 2 0 0 0 0 0 0 0 0 0 0 0 1 0 0 0 0 0 0 0 0 0 1 0 0 0 0 0 1 0 0 0 0 0 1 0 0 0 2 2 0 0 1 0 0 0 0 2 0 0 0 0 2 0 0 0 1 0 0 0 0 0 0 0 0 0 0 2 1 
0
0 0 0 0 0 0 0 0 0 
0 0 0 0 0 0 0 0 0 0 0 2 2 0 0 0 0 0 0 0 0 0 0 0 1 0 0 0 0 0 0 0 1 0 1 0 0 0 0 0 1 0 0 0 0 0 1 0 0 0 2 2 0 0 1 0 0 0 0 2 0 0 0 0 2 0 0 0 1 0 0 0 0 0 0 0 0 0 0 2 1 
0 0 0 0 0 0 0 0 0 0 0 2 2 0 0 0 0 0 0 0 0 0 0 0 1 0 0 0 0 0 0 0 1 0 1 0 0 0 0 0 1 0 0 0 0 0 1 0 0 0 2 2 0 0 1 0 0 0 0 2 0 0 0 0 2 0 0 0 1 0 0 0 0 0 0 0 0 0 0 2 1 
0
0 0 0 0 0 0 0 0 0 
0 0 0 0 0 0 2 0 0 0 0 2 2 0 0 0 0 0 0 0 0 0 0 0 1 0 0 0 0 0 0 0 1 0 1 0 0 0 0 0 1 0 0 0 0 0 1 0 0 0 2 2 0 0 1 0 0 0 0 2 0 0 0 0 2 0 0 0 1 0 0 0 0 0 0 0 0 0 0 2 1 
0 0 0 0 0 0 2 0 0 0 0 2 2 0 0 0 0 0 0 0 0 0 0 0 1 0 0 0 0 0 0 0 1 0 1 0 0 0 0 0 1 0 0 0 0 0 1 0 0 0 2 2 0 0 1 0 0 0 0 2 0 0 0 0 2 0 0 0 1 0 0 0 0 0 0 0 0 0 0 2 1 
0
0 0 0 0 0 0 0 0 0 
1 0 0 0 0 0 2 0 0 0 0 2 2 0 0 0 0 0 0 0 0 0 0 0 1 0 0 0 0 0 0 0 1 0 1 0 0 0 0 0 1 0 0 0 0 0 1 0 0 0 2 2 0 0 1 0 0 0 0 2 0 0 0 0 2 0 0 0 1 0 0 0 0 0 0 0 0 0 0 2 1 
1 0 0 0 0 0 2 0 0 0 0 2 2 0 0 0 0 0 0 0 0 0 0 0 1 0 0 0 0 0 0 0 1 0 1 0 0 0 0 0 1 0 0 0 0 0 1 0 0 0 2 2 0 0 1 0 0 0 0 2 0 0 0 0 2 0 0 0 1 0 0 0 0 0 0 0 0 0 0 2 1 
0
0 0 0 0 0 0 0 0 0 
1 0 0 0 0 0 2 0 0 0 0 2 2 0 0 0 0 0 0 0 2 0 0 0 1 0 0 0 0 0 0 0 1 0 1 0 0 0 0 0 1 0 0 0 0 0 1 0 0 0 2 2 0 0 1 0 0 0 0 2 0 0 0 0 2 0 0 0 1 0 0 0 0 0 0 0 0 0 0 2 1 
1 0 0 0 0 0 2 0 0 0 0 2 2 0 0 0 0 0 0 0 2 0 0 0 1 0 0 0 0 0 0 0 1 0 1 0 0 0 0 0 1 0 0 0 0 0 1 0 0 0 2 2 0 0 1 0 0 0 0 2 0 0 0 0 2 0 0 0 1 0 0 0 0 0 0 0 0 0 0 2 1 
0
0 0 0 0 0 0 0 0 0 
1 0 0 0 0 0 2 0 0 0 0 2 2 0 0 0 0 0 0 0 2 0 0 0 1 0 0 0 0 0 0 0 1 0 1 0 0 0 0 0 1 0 0 0 0 0 1 0 0 0 2 2 0 0 1 0 0 0 0 2 0 0 0 0 2 0 0 0 1 0 0 1 0 0 0 0 0 0 0 2 1 
1 0 0 0 0 0 2 0 0 0 0 2 2 0 0 0 0 0 0 0 2 0 0 0 1 0 0 0 0 0 0 0 1 0 1 0 0 0 0 0 1 0 0 0 0 0 1 0 0 0 2 2 0 0 1 0 0 0 0 2 0 0 0 0 2 0 0 0 1 0 0 1 0 0 0 0 0 0 0 2 1 
0
0 0 0 0 0 0 0 0 0 
1 0 0 0 0 0 2 0 0 0 0 2 2 0 0 0 0 0 0 0 2 0 0 0 1 0 0 0 0 0 0 0 1 0 1 0 0 0 0 0 1 0 2 0 0 0 1 0 0 0 2 2 0 0 1 0 0 0 0 2 0 0 0 0 2 0 0 0 1 0 0 1 0 0 0 0 0 0 0 2 1 
1 0 0 0 0 0 2 0 0 0 0 2 2 0 0 0 0 0 0 0 2 0 0 0 1 0 0 0 0 0 0 0 1 0 1 0 0 0 0 0 1 0 2 0 0 0 1 0 0 0 2 2 0 0 1 0 0 0 0 2 0 0 0 0 2 0 0 0 1 0 0 1 0 0 0 0 0 0 0 2 1 
0
0 0 0 0 0 0 0 0 0 
1 0 0 0 0 0 2 0 0 0 0 2 2 0 0 0 0 0 0 0 2 0 0 0 1 0 0 0 1 0 0 0 1 0 1 0 0 0 0 0 1 0 2 0 0 0 1 0 0 0 2 2 0 0 1 0 0 0 0 2 0 0 0 0 2 0 0 0 1 0 0 1 0 0 0 0 0 0 0 2 1 
1 0 0 0 0 0 2 0 0 0 0 2 2 0 0 0 0 0 0 0 2 0 0 0 1 0 0 0 1 0 0 0 1 0 1 0 0 0 0 0 1 0 2 0 0 0 1 0 0 0 2 2 0 0 1 0 0 0 0 2 0 0 0 0 2 0 0 0 1 0 0 1 0 0 0 0 0 0 0 2 1 
0
0 0 0 0 0 0 0 0 0 
1 0 0 0 0 0 2 0 0 0 0 2 2 0 2 0 0 0 0 0 2 0 0 0 1 0 0 0 1 0 0 0 1 0 1 0 0 0 0 0 1 0 2 0 0 0 1 0 0 0 2 2 0 0 1 0 0 0 0 2 0 0 0 0 2 0 0 0 1 0 0 1 0 0 0 0 0 0 0 2 1 
1 0 0 0 0 0 2 0 0 0 0 2 2 0 2 0 0 0 0 0 2 0 0 0 1 0 0 0 1 0 0 0 1 0 1 0 0 0 0 0 1 0 2 0 0 0 1 0 0 0 2 2 0 0 1 0 0 0 0 2 0 0 0 0 2 0 0 0 1 0 0 1 0 0 0 0 0 0 0 2 1 
0
0 0 0 0 0 0 0 0 0 
1 0 0 0 0 0 2 0 0 0 0 2 2 0 2 0 0 0 0 0 2 0 0 0 1 0 0 0 1 0 0 0 1 0 1 1 0 0 0 0 1 0 2 0 0 0 1 0 0 0 2 2 0 0 1 0 0 0 0 2 0 0 0 0 2 0 0 0 1 0 0 1 0 0 0 0 0 0 0 2 1 
1 0 0 0 0 0 2 0 0 0 0 2 2 0 2 0 0 0 0 0 2 0 0 0 1 0 0 0 1 0 0 0 1 0 1 1 0 0 0 0 1 0 2 0 0 0 1 0 0 0 2 2 0 0 1 0 0 0 0 2 0 0 0 0 2 0 0 0 1 0 0 1 0 0 0 0 0 0 0 2 1 
0
0 0 0 0 0 0 0 0 0 
1 0 0 0 0 0 2 2 0 0 0 2 2 0 2 0 0 0 0 0 2 0 0 0 1 0 0 0 1 0 0 0 1 0 1 1 0 0 0 0 1 0 2 0 0 0 1 0 0 0 2 2 0 0 1 0 0 0 0 2 0 0 0 0 2 0 0 0 1 0 0 1 0 0 0 0 0 0 0 2 1 
1 0 0 0 0 0 2 2 0 0 0 2 2 0 2 0 0 0 0 0 2 0 0 0 1 0 0 0 1 0 0 0 1 0 1 1 0 0 0 0 1 0 2 0 0 0 1 0 0 0 2 2 0 0 1 0 0 0 0 2 0 0 0 0 2 0 0 0 1 0 0 1 0 0 0 0 0 0 0 2 1 
0
0 0 0 0 0 0 0 0 0 
1 0 0 0 0 1 2 2 0 0 0 2 2 0 2 0 0 0 0 0 2 0 0 0 1 0 0 0 1 0 0 0 1 0 1 1 0 0 0 0 1 0 2 0 0 0 1 0 0 0 2 2 0 0 1 0 0 0 0 2 0 0 0 0 2 0 0 0 1 0 0 1 0 0 0 0 0 0 0 2 1 
1 0 0 0 0 1 2 2 0 0 0 2 2 0 2 0 0 0 0 0 2 0 0 0 1 0 0 0 1 0 0 0 1 0 1 1 0 0 0 0 1 0 2 0 0 0 1 0 0 0 2 2 0 0 1 0 0 0 0 2 0 0 0 0 2 0 0 0 1 0 0 1 0 0 0 0 0 0 0 2 1 
0
0 0 2 0 0 0 0 0 0 
1 0 0 0 0 1 2 2 2 0 0 2 2 0 2 0 0 0 0 0 2 0 0 0 1 0 0 0 1 0 0 0 1 0 1 1 0 0 0 0 1 0 2 0 0 0 1 0 0 0 2 2 0 0 1 0 0 0 0 2 0 0 0 0 2 0 0 0 1 0 0 1 0 0 0 0 0 0 0 2 1 
1 0 0 0 0 1 34 34 34 0 0 2 2 0 2 32 32 32 0 0 2 0 0 0 33 32 32 0 1 0 0 0 1 0 1 1 0 0 0 0 1 0 2 0 0 0 1 0 0 0 2 2 0 0 1 0 0 0 0 2 0 0 0 0 2 0 0 0 1 0 0 1 0 0 0 0 0 0 0 2 1 
0
0 0 2 0 1 0 0 0 0 
1 0 0 0 0 1 2 2 2 0 0 2 2 0 2 0 0 0 0 0 2 0 0 0 1 0 0 0 1 0 0 0 1 0 1 1 0 0 0 0 1 0 2 0 0 0 1 0 1 0 2 2 0 0 1 0 0 0 0 2 0 0 0 0 2 0 0 0 1 0 0 1 0 0 0 0 0 0 0 2 1 
1 0 0 0 0 1 34 34 34 0 0 2 2 0 2 32 32 32 0 0 2 0 0 0 33 32 32 0 1 0 16 16 17 0 1 1 0 0 0 16 17 16 2 0 0 0 1 0 17 16 18 2 0 0 1 0 0 0 0 2 0 0 0 0 2 0 0 0 1 0 0 1 0 0 0 0 0 0 0 2 1 
0
0 0 2 0 1 0 0 0 0 
1 0 0 0 0 1 2 2 2 0 0 2 2 0 2 0 0 0 0 0 2 0 0 0 1 0 0 0 1 0 0 0 1 0 1 1 0 0 0 0 1 0 2 0 0 0 1 0 1 0 2 2 0 0 1 0 0 0 0 2 0 0 0 0 2 0 0 0 1 0 0 1 2 0 0 0 0 0 0 2 1 
1 0 0 0 0 1 34 34 34 0 0 2 2 0 2 32 32 32 0 0 2 0 0 0 33 32 32 0 1 0 16 16 17 0 1 1 0 0 0 16 17 16 2 0 0 0 1 0 17 16 18 2 0 0 1 0 0 0 0 2 0 0 0 0 2 0 0 0 1 0 0 1 2 0 0 0 0 0 0 2 1 
0
0 0 2 0 1 0 0 0 0 
1 0 0 0 0 1 2 2 2 0 0 2 2 0 2 0 0 0 0 0 2 0 0 0 1 0 0 0 1 0 0 0 1 0 1 1 0 0 0 0 1 0 2 0 0 0 1 0 1 0 2 2 0 0 1 0 0 0 0 2 0 0 0 0 2 0 0 0 1 0 0 1 2 0 1 0 0 0 0 2 1 
1 0 0 0 0 1 34 34 34 0 0 2 2 0 2 32 32 32 0 0 2 0 0 0 33 32 32 0 1 0 16 16 17 0 1 1 0 0 0 16 17 16 2 0 0 0 1 0 17 16 18 2 0 0 1 0 0 0 0 2 0 0 0 0 2 0 0 0 1 0 0 1 2 0 1 0 0 0 0 2 1 
0
0 0 2 0 1 0 0 0 0 
1 0 0 0 0 1 2 2 2 0 0 2 2 0 2 0 0 0 0 0 2 0 0 0 1 0 0 0 1 0 0 0 1 0 1 1 0 0 0 0 1 0 2 0 0 0 1 0 1 0 2 2 0 0 1 0 0 0 0 2 0 0 0 0 2 0 0 0 1 0 0 1 2 0 1 0 0 0 2 2 1 
1 0 0 0 0 1 34 34 34 0 0 2 2 0 2 32 32 32 0 0 2 0 0 0 33 32 32 0 1 0 16 16 17 0 1 1 0 0 0 16 17 16 2 0 0 0 1 0 17 16 18 2 0 0 1 0 0 0 0 2 0 0 0 0 2 0 0 0 1 0 0 1 2 0 1 0 0 0 2 2 1 
0
0 0 2 0 1 0 0 0 0 
1 0 0 0 0 1 2 2 2 0 0 2 2 0 2 0 0 0 0 0 2 0 0 0 1 0 0 0 1 0 0 0 1 0 1 1 0 0 0 0 1 0 2 0 0 0 1 0 1 0 2 2 0 0 1 1 0 0 0 2 0 0 0 0 2 0 0 0 1 0 0 1 2 0 1 0 0 0 2 2 1 
1 0 0 0 0 1 34 34 34 0 0 2 2 0 2 32 32 32 0 0 2 0 0 0 33 32 32 0 1 0 16 16 17 0 1 1 0 0 0 16 17 16 2 0 0 0 1 0 17 16 18 2 0 0 1 1 0 0 0 2 0 0 0 0 2 0 0 0 1 0 0 1 2 0 1 0 0 0 2 2 1 
0
0 2 2 0 1 0 0 0 0 
1 0 0 0 0 1 2 2 2 0 0 2 2 2 2 0 0 0 0 0 2 0 0 0 1 0 0 0 1 0 0 0 1 0 1 1 0 0 0 0 1 0 2 0 0 0 1 0 1 0 2 2 0 0 1 1 0 0 0 2 0 0 0 0 2 0 0 0 1 0 0 1 2 0 1 0 0 0 2 2 1 
1 0 0 32 32 33 34 34 34 0 0 2 34 34 34 32 32 32 0 0 2 32 32 32 33 32 32 0 1 0 16 16 17 0 1 1 0 0 0 16 17 16 2 0 0 0 1 0 17 16 18 2 0 0 1 1 0 0 0 2 0 0 0 0 2 0 0 0 1 0 0 1 2 0 1 0 0 0 2 2 1 
0
0 2 2 0 1 0 0 0 0 
1 0 0 0 0 1 2 2 2 0 0 2 2 2 2 0 0 0 0 0 2 0 0 0 1 0 0 0 1 0 0 0 1 0 1 1 0 0 0 0 1 0 2 0 0 1 1 0 1 0 2 2 0 0 1 1 0 0 0 2 0 0 0 0 2 0 0 0 1 0 0 1 2 0 1 0 0 0 2 2 1 
1 0 0 32 32 33 34 34 34 0 0 2 34 34 34 32 32 32 0 0 2 32 32 32 33 32 32 0 1 0 16 16 17 0 1 1 0 0 0 16 17 16 2 0 0 1 1 0 17 16 18 2 0 0 1 1 0 0 0 2 0 0 0 0 2 0 0 0 1 0 0 1 2 0 1 0 0 0 2 2 1 
0
0 2 2 0 1 0 2 0 0 
1 0 0 0 0 1 2 2 2 0 0 2 2 2 2 0 0 0 0 0 2 0 0 0 1 0 0 0 1 0 0 0 1 0 1 1 0 0 0 0 1 0 2 0 0 1 1 0 1 0 2 2 0 0 1 1 2 0 0 2 0 0 0 0 2 0 0 0 1 0 0 1 2 0 1 0 0 0 2 2 1 
1 0 0 32 32 33 34 34 34 0 0 2 34 34 34 32 32 32 0 0 2 32 32 32 33 32 32 0 1 0 16 16 17 0 1 1 0 0 0 16 17 16 2 0 0 1 1 0 17 16 18 2 0 0 33 33 34 0 0 2 0 0 0 32 34 32 0 0 1 0 0 1 34 32 33 0 0 0 2 2 1 
0
0 2 2 0 1 0 2 0 0 
1 0 0 0 0 1 2 2 2 0 0 2 2 2 2 0 0 0 0 0 2 0 0 0 1 0 0 0 1 0 0 0 1 0 1 1 1 0 0 0 1 0 2 0 0 1 1 0 1 0 2 2 0 0 1 1 2 0 0 2 0 0 0 0 2 0 0 0 1 0 0 1 2 0 1 0 0 0 2 2 1 
1 0 0 32 32 33 34 34 34 0 0 2 34 34 34 32 32 32 0 0 2 32 32 32 33 32 32 0 1 0 16 16 17 0 1 1 1 0 0 16 17 16 2 0 0 1 1 0 17 16 18 2 0 0 33 33 34 0 0 2 0 0 0 32 34 32 0 0 1 0 0 1 34 32 33 0 0 0 2 2 1 
0
0 2 2 0 1 0 2 0 0 
1 0 0 0 0 1 2 2 2 0 0 2 2 2 2 0 0 0 0 0 2 0 0 0 1 0 0 0 1 0 0 0 1 0 1 1 1 0 2 0 1 0 2 0 0 1 1 0 1 0 2 2 0 0 1 1 2 0 0 2 0 0 0 0 2 0 0 0 1 0 0 1 2 0 1 0 0 0 2 2 1 
1 0 0 32 32 33 34 34 34 0 0 2 34 34 34 32 32 32 0 0 2 32 32 32 33 32 32 0 1 0 16 16 17 0 1 1 1 0 2 16 17 16 2 0 0 1 1 0 17 16 18 2 0 0 33 33 34 0 0 2 0 0 0 32 34 32 0 0 1 0 0 1 34 32 33 0 0 0 2 2 1 
0
0 2 2 0 1 0 2 0 0 
1 0 0 0 0 1 2 2 2 0 0 2 2 2 2 0 0 0 0 0 2 0 0 0 1 0 0 0 1 0 0 0 1 0 1 1 1 0 2 0 1 0 2 0 0 1 1 0 1 0 2 2 0 1 1 1 2 0 0 2 0 0 0 0 2 0 0 0 1 0 0 1 2 0 1 0 0 0 2 2 1 
1 0 0 32 32 33 34 34 34 0 0 2 34 34 34 32 32 32 0 0 2 32 32 32 33 32 32 0 1 0 16 16 17 0 1 1 1 0 2 16 17 16 2 0 0 1 1 0 17 16 18 2 0 1 33 33 34 0 0 2 0 0 0 32 34 32 0 0 1 0 0 1 34 32 33 0 0 0 2 2 1 
0
0 2 2 0 1 0 2 0 0 
1 0 0 0 0 1 2 2 2 0 0 2 2 2 2 0 0 0 0 0 2 0 0 0 1 0 0 0 1 0 0 0 1 0 1 1 1 0 2 0 1 0 2 0 0 1 1 0 1 0 2 2 0 1 1 1 2 0 0 2 2 0 0 0 2 0 0 0 1 0 0 1 2 0 1 0 0 0 2 2 1 
1 0 0 32 32 33 34 34 34 0 0 2 34 34 34 32 32 32 0 0 2 32 32 32 33 32 32 0 1 0 16 16 17 0 1 1 1 0 2 16 17 16 2 0 0 1 1 0 17 16 18 2 0 1 33 33 34 0 0 2 2 0 0 32 34 32 0 0 1 0 0 1 34 32 33 0 0 0 2 2 1 
0
0 2 2 0 1 0 2 0 0 
1 0 0 0 0 1 2 2 2 1 0 2 2 2 2 0 0 0 0 0 2 0 0 0 1 0 0 0 1 0 0 0 1 0 1 1 1 0 2 0 1 0 2 0 0 1 1 0 1 0 2 2 0 1 1 1 2 0 0 2 2 0 0 0 2 0 0 0 1 0 0 1 2 0 1 0 0 0 2 2 1 
1 0 0 32 32 33 34 34 34 1 0 2 34 34 34 32 32 32 0 0 2 32 32 32 33 32 32 0 1 0 16 16 17 0 1 1 1 0 2 16 17 16 2 0 0 1 1 0 17 16 18 2 0 1 33 33 34 0 0 2 2 0 0 32 34 32 0 0 1 0 0 1 34 32 33 0 0 0 2 2 1 
0
0 2 2 0 1 0 2 0 0 
1 0 0 0 0 1 2 2 2 1 0 2 2 2 2 0 0 0 0 0 2 0 0 0 1 0 0 2 1 0 0 0 1 0 1 1 1 0 2 0 1 0 2 0 0 1 1 0 1 0 2 2 0 1 1 1 2 0 0 2 2 0 0 0 2 0 0 0 1 0 0 1 2 0 1 0 0 0 2 2 1 
1 0 0 32 32 33 34 34 34 1 0 2 34 34 34 32 32 32 0 0 2 32 32 32 33 32 32 2 1 0 16 16 17 0 1 1 1 0 2 16 17 16 2 0 0 1 1 0 17 16 18 2 0 1 33 33 34 0 0 2 2 0 0 32 34 32 0 0 1 0 0 1 34 32 33 0 0 0 2 2 1 
0
0 2 2 0 1 0 2 0 0 
1 0 0 0 0 1 2 2 2 1 0 2 2 2 2 0 0 0 0 1 2 0 0 0 1 0 0 2 1 0 0 0 1 0 1 1 1 0 2 0 1 0 2 0 0 1 1 0 1 0 2 2 0 1 1 1 2 0 0 2 2 0 0 0 2 0 0 0 1 0 0 1 2 0 1 0 0 0 2 2 1 
1 0 0 32 32 33 34 34 34 1 0 2 34 34 34 32 32 32 0 1 2 32 32 32 33 32 32 2 1 0 16 16 17 0 1 1 1 0 2 16 17 16 2 0 0 1 1 0 17 16 18 2 0 1 33 33 34 0 0 2 2 0 0 32 34 32 0 0 1 0 0 1 34 32 33 0 0 0 2 2 1 
0
0 2 2 0 1 0 2 0 0 
1 0 0 0 0 1 2 2 2 1 0 2 2 2 2 0 0 0 0 1 2 0 0 0 1 0 0 2 1 0 0 0 1 0 1 1 1 0 2 0 1 0 2 0 0 1 1 0 1 0 2 2 0 1 1 1 2 2 0 2 2 0 0 0 2 0 0 0 1 0 0 1 2 0 1 0 0 0 2 2 1 
1 0 0 32 32 33 34 34 34 1 0 2 34 34 34 32 32 32 0 1 2 32 32 32 33 32 32 2 1 0 16 16 17 0 1 1 1 0 2 16 17 16 2 0 0 1 1 0 17 16 18 2 0 1 33 33 34 2 0 2 2 0 0 32 34 32 0 0 1 0 0 1 34 32 33 0 0 0 2 2 1 
0
1 2 2 0 1 0 2 0 0 
1 0 0 0 0 1 2 2 2 1 0 2 2 2 2 0 0 0 1 1 2 0 0 0 1 0 0 2 1 0 0 0 1 0 1 1 1 0 2 0 1 0 2 0 0 1 1 0 1 0 2 2 0 1 1 1 2 2 0 2 2 0 0 0 2 0 0 0 1 0 0 1 2 0 1 0 0 0 2 2 1 
17 16 16 32 32 33 34 34 34 17 16 18 34 34 34 32 32 32 17 17 18 32 32 32 33 32 32 2 1 0 16 16 17 0 1 1 1 0 2 16 17 16 2 0 0 1 1 0 17 16 18 2 0 1 33 33 34 2 0 2 2 0 0 32 34 32 0 0 1 0 0 1 34 32 33 0 0 0 2 2 1 
0
1 2 2 0 1 0 2 0 2 
1 0 0 0 0 1 2 2 2 1 0 2 2 2 2 0 0 0 1 1 2 0 0 0 1 0 0 2 1 0 0 0 1 0 1 1 1 0 2 0 1 0 2 0 0 1 1 0 1 0 2 2 0 1 1 1 2 2 0 2 2 0 0 0 2 0 0 0 1 2 0 1 2 0 1 0 0 0 2 2 1 
17 16 16 32 32 33 34 34 34 17 16 18 34 34 34 32 32 32 17 17 18 32 32 32 33 32 32 2 1 0 16 16 17 0 1 1 1 0 2 16 17 16 2 0 0 1 1 0 17 16 18 2 0 1 33 33 34 2 0 2 34 32 32 32 34 32 0 0 1 34 32 33 34 32 33 0 0 0 34 34 33 
0
1 2 2 1 1 0 2 0 2 
1 0 0 0 0 1 2 2 2 1 0 2 2 2 2 0 0 0 1 1 2 0 0 0 1 0 0 2 1 0 0 0 1 0 1 1 1 1 2 0 1 0 2 0 0 1 1 0 1 0 2 2 0 1 1 1 2 2 0 2 2 0 0 0 2 0 0 0 1 2 0 1 2 0 1 0 0 0 2 2 1 
17 16 16 32 32 33 34 34 34 17 16 18 34 34 34 32 32 32 17 17 18 32 32 32 33 32 32 18 17 16 16 16 17 0 1 1 17 17 18 16 17 16 2 0 0 17 17 16 17 16 18 2 0 1 33 33 34 2 0 2 34 32 32 32 34 32 0 0 1 34 32 33 34 32 33 0 0 0 34 34 33 
0
1 2 2 1 1 2 2 0 2 
1 0 0 0 0 1 2 2 2 1 0 2 2 2 2 0 0 0 1 1 2 0 0 0 1 0 0 2 1 0 0 0 1 2 1 1 1 1 2 0 1 0 2 0 0 1 1 0 1 0 2 2 0 1 1 1 2 2 0 2 2 0 0 0 2 0 0 0 1 2 0 1 2 0 1 0 0 0 2 2 1 
17 16 16 32 32 33 34 34 34 17 16 18 34 34 34 32 32 32 17 17 18 32 32 32 33 32 32 18 17 16 16 16 17 34 33 33 17 17 18 16 17 16 34 32 32 17 17 16 17 16 18 34 32 33 33 33 34 2 0 2 34 32 32 32 34 32 0 0 1 34 32 33 34 32 33 0 0 0 34 34 33 
0
1 2 2 1 1 2 2 0 2 
1 0 0 0 0 1 2 2 2 1 0 2 2 2 2 0 0 0 1 1 2 0 0 0 1 0 0 2 1 0 0 0 1 2 1 1 1 1 2 0 1 0 2 0 0 1 1 0 1 0 2 2 0 1 1 1 2 2 0 2 2 0 0 0 2 0 0 0 1 2 0 1 2 0 1 0 0 0 2 2 1 
17 16 16 32 32 33 34 34 34 17 16 18 34 34 34 32 32 32 17 17 18 32 32 32 33 32 32 18 17 16 16 16 17 34 33 33 17 17 18 16 17 16 34 32 32 17 17 16 17 16 18 34 32 33 33 33 34 2 0 2 34 32 32 32 34 32 0 0 1 34 32 33 34 32 33 0 0 0 34 34 33 
0
