0 0 0 0 0 0 0 0 0 
0 0 0 0 0 0 0 0 0 0 0 0 0 0 0 0 0 0 0 0 0 0 0 0 0 0 0 0 0 0 0 0 0 0 0 0 0 0 0 0 1 0 0 0 0 0 0 0 0 0 0 0 0 0 0 0 0 0 0 0 0 0 0 0 0 0 0 0 0 0 0 0 0 0 0 0 0 0 0 0 0 
0 0 0 0 0 0 0 0 0 0 0 0 0 0 0 0 0 0 0 0 0 0 0 0 0 0 0 0 0 0 0 0 0 0 0 0 0 0 0 0 1 0 0 0 0 0 0 0 0 0 0 0 0 0 0 0 0 0 0 0 0 0 0 0 0 0 0 0 0 0 0 0 0 0 0 0 0 0 0 0 0 
1
0 0 0 0 0 0 0 0 0 
0 0 0 0 0 0 0 0 0 0 0 0 0 0 0 0 0 0 0 0 0 0 0 0 0 0 0 0 0 0 0 0 0 0 0 0 0 0 0 0 1 0 0 0 0 0 0 0 2 0 0 0 0 0 0 0 0 0 0 0 0 0 0 0 0 0 0 0 0 0 0 0 0 0 0 0 0 0 0 0 0 
0 0 0 0 0 0 0 0 0 0 0 0 0 0 0 0 0 0 0 0 0 0 0 0 0 0 0 0 0 0 0 0 0 0 0 0 0 0 0 0 1 0 0 0 0 0 0 0 2 0 0 0 0 0 0 0 0 0 0 0 0 0 0 0 0 0 0 0 0 0 0 0 0 0 0 0 0 0 0 0 0 
1
0 0 0 0 0 0 0 0 0 
0 0 0 0 0 0 0 0 0 0 0 0 0 0 0 0 0 0 0 0 0 0 0 0 0 0 0 0 0 0 0 0 0 0 0 0 0 0 0 0 1 0 0 0 0 0 0 0 2 0 0 0 0 0 0 0 0 0 0 0 0 0 0 0 1 0 0 0 0 0 0 0 0 0 0 0 0 0 0 0 0 
0 0 0 0 0 0 0 0 0 0 0 0 0 0 0 0 0 0 0 0 0 0 0 0 0 0 0 0 0 0 0 0 0 0 0 0 0 0 0 0 1 0 0 0 0 0 0 0 2 0 0 0 0 0 0 0 0 0 0 0 0 0 0 0 1 0 0 0 0 0 0 0 0 0 0 0 0 0 0 0 0 
1
0 0 0 0 0 0 0 0 0 
0 0 0 0 0 0 0 0 0 0 0 0 0 0 0 0 0 0 0 0 0 0 0 0 0 0 0 0 0 0 0 0 0 0 0 0 0 0 0 0 1 0 0 0 0 0 0 0 2 2 0 0 0 0 0 0 0 0 0 0 0 0 0 0 1 0 0 0 0 0 0 0 0 0 0 0 0 0 0 0 0 
0 0 0 0 0 0 0 0 0 0 0 0 0 0 0 0 0 0 0 0 0 0 0 0 0 0 0 0 0 0 0 0 0 0 0 0 0 0 0 0 1 0 0 0 0 0 0 0 2 2 0 0 0 0 0 0 0 0 0 0 0 0 0 0 1 0 0 0 0 0 0 0 0 0 0 0 0 0 0 0 0 
1
0 0 0 0 0 0 0 0 0 
0 0 0 0 0 0 0 0 0 0 0 0 0 0 0 0 0 0 0 0 0 0 0 0 0 0 0 0 0 0 0 0 0 0 0 0 0 0 0 0 1 0 0 0 0 0 0 0 2 2 0 0 0 0 0 0 0 0 0 0 0 0 0 0 1 0 0 0 0 0 0 0 0 0 0 1 0 0 0 0 0 
0 0 0 0 0 0 0 0 0 0 0 0 0 0 0 0 0 0 0 0 0 0 0 0 0 0 0 0 0 0 0 0 0 0 0 0 0 0 0 0 1 0 0 0 0 0 0 0 2 2 0 0 0 0 0 0 0 0 0 0 0 0 0 0 1 0 0 0 0 0 0 0 0 0 0 1 0 0 0 0 0 
1
0 0 0 0 0 0 0 0 0 
0 0 0 0 0 0 0 0 0 0 0 0 0 0 0 0 0 0 0 0 0 0 0 0 0 0 0 0 0 0 0 0 0 0 0 0 0 0 0 0 1 0 0 0 0 0 0 0 2 2 0 0 0 0 0 0 0 0 0 0 0 0 0 0 1 0 0 0 0 0 0 0 2 0 0 1 0 0 0 0 0 
0 0 0 0 0 0 0 0 0 0 0 0 0 0 0 0 0 0 0 0 0 0 0 0 0 0 0 0 0 0 0 0 0 0 0 0 0 0 0 0 1 0 0 0 0 0 0 0 2 2 0 0 0 0 0 0 0 0 0 0 0 0 0 0 1 0 0 0 0 0 0 0 2 0 0 1 0 0 0 0 0 
1
0 0 0 0 0 0 0 0 0 
0 0 0 0 0 0 0 0 0 0 0 0 0 0 0 0 0 0 0 0 0 0 0 0 0 0 0 0 0 0 0 0 0 0 0 0 0 0 0 0 1 0 0 0 0 0 0 0 2 2 0 0 0 0 1 0 0 0 0 0 0 0 0 0 1 0 0 0 0 0 0 0 2 0 0 1 0 0 0 0 0 
0 0 0 0 0 0 0 0 0 0 0 0 0 0 0 0 0 0 0 0 0 0 0 0 0 0 0 0 0 0 0 0 0 0 0 0 0 0 0 0 1 0 0 0 0 0 0 0 2 2 0 0 0 0 1 0 0 0 0 0 0 0 0 0 1 0 0 0 0 0 0 0 2 0 0 1 0 0 0 0 0 
1
0 0 0 0 0 0 0 0 0 
0 0 0 0 0 0 0 0 0 0 2 0 0 0 0 0 0 0 0 0 0 0 0 0 0 0 0 0 0 0 0 0 0 0 0 0 0 0 0 0 1 0 0 0 0 0 0 0 2 2 0 0 0 0 1 0 0 0 0 0 0 0 0 0 1 0 0 0 0 0 0 0 2 0 0 1 0 0 0 0 0 
0 0 0 0 0 0 0 0 0 0 2 0 0 0 0 0 0 0 0 0 0 0 0 0 0 0 0 0 0 0 0 0 0 0 0 0 0 0 0 0 1 0 0 0 0 0 0 0 2 2 0 0 0 0 1 0 0 0 0 0 0 0 0 0 1 0 0 0 0 0 0 0 2 0 0 1 0 0 0 0 0 
1
0 0 0 0 0 0 0 0 0 
0 0 0 0 0 0 0 0 0 0 2 0 0 0 0 0 0 0 0 0 0 0 0 0 0 0 0 0 0 0 1 0 0 0 0 0 0 0 0 0 1 0 0 0 0 0 0 0 2 2 0 0 0 0 1 0 0 0 0 0 0 0 0 0 1 0 0 0 0 0 0 0 2 0 0 1 0 0 0 0 0 
0 0 0 0 0 0 0 0 0 0 2 0 0 0 0 0 0 0 0 0 0 0 0 0 0 0 0 0 0 0 1 0 0 0 0 0 0 0 0 0 1 0 0 0 0 0 0 0 2 2 0 0 0 0 1 0 0 0 0 0 0 0 0 0 1 0 0 0 0 0 0 0 2 0 0 1 0 0 0 0 0 
1
0 0 0 0 0 0 0 0 0 
0 0 0 0 0 0 0 0 0 0 2 0 0 0 0 0 0 0 0 2 0 0 0 0 0 0 0 0 0 0 1 0 0 0 0 0 0 0 0 0 1 0 0 0 0 0 0 0 2 2 0 0 0 0 1 0 0 0 0 0 0 0 0 0 1 0 0 0 0 0 0 0 2 0 0 1 0 0 0 0 0 
0 0 0 0 0 0 0 0 0 0 2 0 0 0 0 0 0 0 0 2 0 0 0 0 0 0 0 0 0 0 1 0 0 0 0 0 0 0 0 0 1 0 0 0 0 0 0 0 2 2 0 0 0 0 1 0 0 0 0 0 0 0 0 0 1 0 0 0 0 0 0 0 2 0 0 1 0 0 0 0 0 
1
0 0 0 0 0 0 0 0 0 
0 0 0 0 0 0 0 0 0 0 2 0 0 0 0 0 0 0 0 2 0 0 0 0 0 0 0 0 0 0 1 0 0 0 0 0 0 0 0 0 1 0 0 0 0 0 0 0 2 2 0 0 0 0 1 0 0 1 0 0 0 0 0 0 1 0 0 0 0 0 0 0 2 0 0 1 0 0 0 0 0 
0 0 0 0 0 0 0 0 0 0 2 0 0 0 0 0 0 0 0 2 0 0 0 0 0 0 0 0 0 0 1 0 0 0 0 0 0 0 0 0 1 0 0 0 0 0 0 0 2 2 0 0 0 0 1 0 0 1 0 0 0 0 0 0 1 0 0 0 0 0 0 0 2 0 0 1 0 0 0 0 0 
1
2 0 0 0 0 0 0 0 0 
0 2 0 0 0 0 0 0 0 0 2 0 0 0 0 0 0 0 0 2 0 0 0 0 0 0 0 0 0 0 1 0 0 0 0 0 0 0 0 0 1 0 0 0 0 0 0 0 2 2 0 0 0 0 1 0 0 1 0 0 0 0 0 0 1 0 0 0 0 0 0 0 2 0 0 1 0 0 0 0 0 
32 34 32 0 0 0 0 0 0 32 34 32 0 0 0 0 0 0 32 34 32 0 0 0 0 0 0 0 0 0 1 0 0 0 0 0 0 0 0 0 1 0 0 0 0 0 0 0 2 2 0 0 0 0 1 0 0 1 0 0 0 0 0 0 1 0 0 0 0 0 0 0 2 0 0 1 0 0 0 0 0 
1
2 0 0 0 0 0 0 0 0 
0 2 0 0 1 0 0 0 0 0 2 0 0 0 0 0 0 0 0 2 0 0 0 0 0 0 0 0 0 0 1 0 0 0 0 0 0 0 0 0 1 0 0 0 0 0 0 0 2 2 0 0 0 0 1 0 0 1 0 0 0 0 0 0 1 0 0 0 0 0 0 0 2 0 0 1 0 0 0 0 0 
32 34 32 0 1 0 0 0 0 32 34 32 0 0 0 0 0 0 32 34 32 0 0 0 0 0 0 0 0 0 1 0 0 0 0 0 0 0 0 0 1 0 0 0 0 0 0 0 2 2 0 0 0 0 1 0 0 1 0 0 0 0 0 0 1 0 0 0 0 0 0 0 2 0 0 1 0 0 0 0 0 
1
2 0 0 0 0 0 0 0 0 
0 2 0 0 1 2 0 0 0 0 2 0 0 0 0 0 0 0 0 2 0 0 0 0 0 0 0 0 0 0 1 0 0 0 0 0 0 0 0 0 1 0 0 0 0 0 0 0 2 2 0 0 0 0 1 0 0 1 0 0 0 0 0 0 1 0 0 0 0 0 0 0 2 0 0 1 0 0 0 0 0 
32 34 32 0 1 2 0 0 0 32 34 32 0 0 0 0 0 0 32 34 32 0 0 0 0 0 0 0 0 0 1 0 0 0 0 0 0 0 0 0 1 0 0 0 0 0 0 0 2 2 0 0 0 0 1 0 0 1 0 0 0 0 0 0 1 0 0 0 0 0 0 0 2 0 0 1 0 0 0 0 0 
1
2 0 0 0 0 0 0 0 0 
0 2 0 0 1 2 0 1 0 0 2 0 0 0 0 0 0 0 0 2 0 0 0 0 0 0 0 0 0 0 1 0 0 0 0 0 0 0 0 0 1 0 0 0 0 0 0 0 2 2 0 0 0 0 1 0 0 1 0 0 0 0 0 0 1 0 0 0 0 0 0 0 2 0 0 1 0 0 0 0 0 
32 34 32 0 1 2 0 1 0 32 34 32 0 0 0 0 0 0 32 34 32 0 0 0 0 0 0 0 0 0 1 0 0 0 0 0 0 0 0 0 1 0 0 0 0 0 0 0 2 2 0 0 0 0 1 0 0 1 0 0 0 0 0 0 1 0 0 0 0 0 0 0 2 0 0 1 0 0 0 0 0 
1
2 0 0 0 0 0 0 0 0 
0 2 0 0 1 2 0 1 0 0 2 0 0 0 0 0 0 0 0 2 0 0 0 2 0 0 0 0 0 0 1 0 0 0 0 0 0 0 0 0 1 0 0 0 0 0 0 0 2 2 0 0 0 0 1 0 0 1 0 0 0 0 0 0 1 0 0 0 0 0 0 0 2 0 0 1 0 0 0 0 0 
32 34 32 0 1 2 0 1 0 32 34 32 0 0 0 0 0 0 32 34 32 0 0 2 0 0 0 0 0 0 1 0 0 0 0 0 0 0 0 0 1 0 0 0 0 0 0 0 2 2 0 0 0 0 1 0 0 1 0 0 0 0 0 0 1 0 0 0 0 0 0 0 2 0 0 1 0 0 0 0 0 
1
2 0 0 0 0 0 0 0 0 
0 2 0 0 1 2 0 1 0 0 2 0 0 0 0 0 0 0 0 2 0 0 0 2 0 0 0 0 0 0 1 0 0 0 0 0 0 0 0 0 1 0 0 0 0 0 0 0 2 2 0 0 0 0 1 0 0 1 0 0 0 0 1 0 1 0 0 0 0 0 0 0 2 0 0 1 0 0 0 0 0 
32 34 32 0 1 2 0 1 0 32 34 32 0 0 0 0 0 0 32 34 32 0 0 2 0 0 0 0 0 0 1 0 0 0 0 0 0 0 0 0 1 0 0 0 0 0 0 0 2 2 0 0 0 0 1 0 0 1 0 0 0 0 1 0 1 0 0 0 0 0 0 0 2 0 0 1 0 0 0 0 0 
1
2 0 0 0 0 0 0 0 0 
0 2 0 0 1 2 0 1 2 0 2 0 0 0 0 0 0 0 0 2 0 0 0 2 0 0 0 0 0 0 1 0 0 0 0 0 0 0 0 0 1 0 0 0 0 0 0 0 2 2 0 0 0 0 1 0 0 1 0 0 0 0 1 0 1 0 0 0 0 0 0 0 2 0 0 1 0 0 0 0 0 
32 34 32 0 1 2 0 1 2 32 34 32 0 0 0 0 0 0 32 34 32 0 0 2 0 0 0 0 0 0 1 0 0 0 0 0 0 0 0 0 1 0 0 0 0 0 0 0 2 2 0 0 0 0 1 0 0 1 0 0 0 0 1 0 1 0 0 0 0 0 0 0 2 0 0 1 0 0 0 0 0 
1
2 0 0 0 0 0 0 0 0 
0 2 0 0 1 2 0 1 2 0 2 0 0 0 0 1 0 0 0 2 0 0 0 2 0 0 0 0 0 0 1 0 0 0 0 0 0 0 0 0 1 0 0 0 0 0 0 0 2 2 0 0 0 0 1 0 0 1 0 0 0 0 1 0 1 0 0 0 0 0 0 0 2 0 0 1 0 0 0 0 0 
32 34 32 0 1 2 0 1 2 32 34 32 0 0 0 1 0 0 32 34 32 0 0 2 0 0 0 0 0 0 1 0 0 0 0 0 0 0 0 0 1 0 0 0 0 0 0 0 2 2 0 0 0 0 1 0 0 1 0 0 0 0 1 0 1 0 0 0 0 0 0 0 2 0 0 1 0 0 0 0 0 
1
2 0 0 0 0 0 0 0 0 
0 2 0 0 1 2 0 1 2 0 2 0 0 0 0 1 0 0 0 2 0 0 0 2 0 0 0 0 0 2 1 0 0 0 0 0 0 0 0 0 1 0 0 0 0 0 0 0 2 2 0 0 0 0 1 0 0 1 0 0 0 0 1 0 1 0 0 0 0 0 0 0 2 0 0 1 0 0 0 0 0 
32 34 32 0 1 2 0 1 2 32 34 32 0 0 0 1 0 0 32 34 32 0 0 2 0 0 0 0 0 2 1 0 0 0 0 0 0 0 0 0 1 0 0 0 0 0 0 0 2 2 0 0 0 0 1 0 0 1 0 0 0 0 1 0 1 0 0 0 0 0 0 0 2 0 0 1 0 0 0 0 0 
1
2 0 0 0 0 0 0 0 0 
0 2 0 0 1 2 0 1 2 0 2 0 0 0 0 1 0 1 0 2 0 0 0 2 0 0 0 0 0 2 1 0 0 0 0 0 0 0 0 0 1 0 0 0 0 0 0 0 2 2 0 0 0 0 1 0 0 1 0 0 0 0 1 0 1 0 0 0 0 0 0 0 2 0 0 1 0 0 0 0 0 
32 34 32 0 1 2 0 1 2 32 34 32 0 0 0 1 0 1 32 34 32 0 0 2 0 0 0 0 0 2 1 0 0 0 0 0 0 0 0 0 1 0 0 0 0 0 0 0 2 2 0 0 0 0 1 0 0 1 0 0 0 0 1 0 1 0 0 0 0 0 0 0 2 0 0 1 0 0 0 0 0 
1
2 0 0 0 0 0 0 0 0 
0 2 0 0 1 2 0 1 2 0 2 0 0 0 0 1 0 1 0 2 0 0 0 2 0 0 0 0 0 2 1 0 0 0 0 0 0 0 0 0 1 0 0 0 0 0 0 0 2 2 0 0 0 2 1 0 0 1 0 0 0 0 1 0 1 0 0 0 0 0 0 0 2 0 0 1 0 0 0 0 0 
32 34 32 0 1 2 0 1 2 32 34 32 0 0 0 1 0 1 32 34 32 0 0 2 0 0 0 0 0 2 1 0 0 0 0 0 0 0 0 0 1 0 0 0 0 0 0 0 2 2 0 0 0 2 1 0 0 1 0 0 0 0 1 0 1 0 0 0 0 0 0 0 2 0 0 1 0 0 0 0 0 
1
2 0 0 0 0 0 0 0 0 
0 2 0 0 1 2 0 1 2 0 2 0 0 0 0 1 0 1 0 2 0 0 0 2 0 0 0 0 0 2 1 0 0 0 0 0 0 0 0 0 1 0 0 0 0 0 0 0 2 2 0 0 0 2 1 0 0 1 0 0 0 0 1 0 1 0 0 0 0 1 0 0 2 0 0 1 0 0 0 0 0 
32 34 32 0 1 2 0 1 2 32 34 32 0 0 0 1 0 1 32 34 32 0 0 2 0 0 0 0 0 2 1 0 0 0 0 0 0 0 0 0 1 0 0 0 0 0 0 0 2 2 0 0 0 2 1 0 0 1 0 0 0 0 1 0 1 0 0 0 0 1 0 0 2 0 0 1 0 0 0 0 0 
1
2 0 0 0 0 0 0 0 0 
0 2 0 0 1 2 0 1 2 0 2 0 0 0 0 1 0 1 0 2 0 0 0 2 0 0 0 0 0 2 1 0 0 0 0 0 0 0 0 0 1 0 0 0 0 0 0 2 2 2 0 0 0 2 1 0 0 1 0 0 0 0 1 0 1 0 0 0 0 1 0 0 2 0 0 1 0 0 0 0 0 
32 34 32 0 1 2 0 1 2 32 34 32 0 0 0 1 0 1 32 34 32 0 0 2 0 0 0 0 0 2 1 0 0 0 0 0 0 0 0 0 1 0 0 0 0 0 0 2 2 2 0 0 0 2 1 0 0 1 0 0 0 0 1 0 1 0 0 0 0 1 0 0 2 0 0 1 0 0 0 0 0 
1
2 0 0 0 0 0 0 0 0 
0 2 0 0 1 2 0 1 2 0 2 0 0 0 0 1 0 1 0 2 0 0 0 2 0 0 0 0 0 2 1 0 0 0 0 0 0 0 0 0 1 0 0 0 0 0 0 2 2 2 0 0 0 2 1 0 0 1 0 0 0 0 1 0 1 0 0 0 0 1 0 1 2 0 0 1 0 0 0 0 0 
32 34 32 0 1 2 0 1 2 32 34 32 0 0 0 1 0 1 32 34 32 0 0 2 0 0 0 0 0 2 1 0 0 0 0 0 0 0 0 0 1 0 0 0 0 0 0 2 2 2 0 0 0 2 1 0 0 1 0 0 0 0 1 0 1 0 0 0 0 1 0 1 2 0 0 1 0 0 0 0 0 
1
2 0 0 0 0 0 0 0 0 
0 2 0 0 1 2 0 1 2 0 2 0 0 0 0 1 0 1 0 2 0 0 0 2 0 0 0 0 0 2 1 0 0 0 0 0 0 0 0 0 1 0 0 0 2 0 0 2 2 2 0 0 0 2 1 0 0 1 0 0 0 0 1 0 1 0 0 0 0 1 0 1 2 0 0 1 0 0 0 0 0 
32 34 32 0 1 2 0 1 2 32 34 32 0 0 0 1 0 1 32 34 32 0 0 2 0 0 0 0 0 2 1 0 0 0 0 0 0 0 0 0 1 0 0 0 2 0 0 2 2 2 0 0 0 2 1 0 0 1 0 0 0 0 1 0 1 0 0 0 0 1 0 1 2 0 0 1 0 0 0 0 0 
1
2 0 0 0 0 0 0 0 0 
0 2 0 0 1 2 0 1 2 0 2 0 0 0 0 1 0 1 0 2 0 0 0 2 0 0 0 0 0 2 1 0 0 0 0 1 0 0 0 0 1 0 0 0 2 0 0 2 2 2 0 0 0 2 1 0 0 1 0 0 0 0 1 0 1 0 0 0 0 1 0 1 2 0 0 1 0 0 0 0 0 
32 34 32 0 1 2 0 1 2 32 34 32 0 0 0 1 0 1 32 34 32 0 0 2 0 0 0 0 0 2 1 0 0 0 0 1 0 0 0 0 1 0 0 0 2 0 0 2 2 2 0 0 0 2 1 0 0 1 0 0 0 0 1 0 1 0 0 0 0 1 0 1 2 0 0 1 0 0 0 0 0 
1
2 0 0 0 0 0 0 0 0 
0 2 0 0 1 2 0 1 2 0 2 0 0 0 0 1 2 1 0 2 0 0 0 2 0 0 0 0 0 2 1 0 0 0 0 1 0 0 0 0 1 0 0 0 2 0 0 2 2 2 0 0 0 2 1 0 0 1 0 0 0 0 1 0 1 0 0 0 0 1 0 1 2 0 0 1 0 0 0 0 0 
32 34 32 0 1 2 0 1 2 32 34 32 0 0 0 1 2 1 32 34 32 0 0 2 0 0 0 0 0 2 1 0 0 0 0 1 0 0 0 0 1 0 0 0 2 0 0 2 2 2 0 0 0 2 1 0 0 1 0 0 0 0 1 0 1 0 0 0 0 1 0 1 2 0 0 1 0 0 0 0 0 
1
2 0 0 0 1 0 0 0 0 
0 2 0 0 1 2 0 1 2 0 2 0 0 0 0 1 2 1 0 2 0 0 0 2 0 0 0 0 0 2 1 0 0 0 0 1 0 0 0 0 1 0 0 0 2 0 0 2 2 2 1 0 0 2 1 0 0 1 0 0 0 0 1 0 1 0 0 0 0 1 0 1 2 0 0 1 0 0 0 0 0 
32 34 32 0 1 2 0 1 2 32 34 32 0 0 0 1 2 1 32 34 32 0 0 2 0 0 0 0 0 2 17 16 16 0 0 1 0 0 0 16 17 16 0 0 2 0 0 2 18 18 17 0 0 2 1 0 0 1 0 0 0 0 1 0 1 0 0 0 0 1 0 1 2 0 0 1 0 0 0 0 0 
1
2 0 0 0 1 0 0 0 0 
0 2 0 0 1 2 0 1 2 0 2 0 0 0 0 1 2 1 0 2 0 0 0 2 0 0 0 0 0 2 1 0 0 0 0 1 0 0 0 0 1 0 0 0 2 0 0 2 2 2 1 0 0 2 1 0 0 1 0 0 0 2 1 0 1 0 0 0 0 1 0 1 2 0 0 1 0 0 0 0 0 
32 34 32 0 1 2 0 1 2 32 34 32 0 0 0 1 2 1 32 34 32 0 0 2 0 0 0 0 0 2 17 16 16 0 0 1 0 0 0 16 17 16 0 0 2 0 0 2 18 18 17 0 0 2 1 0 0 1 0 0 0 2 1 0 1 0 0 0 0 1 0 1 2 0 0 1 0 0 0 0 0 
1
2 0 0 0 1 0 0 0 0 
0 2 0 0 1 2 0 1 2 0 2 0 0 0 1 1 2 1 0 2 0 0 0 2 0 0 0 0 0 2 1 0 0 0 0 1 0 0 0 0 1 0 0 0 2 0 0 2 2 2 1 0 0 2 1 0 0 1 0 0 0 2 1 0 1 0 0 0 0 1 0 1 2 0 0 1 0 0 0 0 0 
32 34 32 0 1 2 0 1 2 32 34 32 0 0 1 1 2 1 32 34 32 0 0 2 0 0 0 0 0 2 17 16 16 0 0 1 0 0 0 16 17 16 0 0 2 0 0 2 18 18 17 0 0 2 1 0 0 1 0 0 0 2 1 0 1 0 0 0 0 1 0 1 2 0 0 1 0 0 0 0 0 
1
2 0 0 0 1 0 0 0 0 
0 2 0 0 1 2 0 1 2 0 2 0 0 0 1 1 2 1 0 2 0 0 0 2 0 0 0 0 0 2 1 0 0 0 2 1 0 0 0 0 1 0 0 0 2 0 0 2 2 2 1 0 0 2 1 0 0 1 0 0 0 2 1 0 1 0 0 0 0 1 0 1 2 0 0 1 0 0 0 0 0 
32 34 32 0 1 2 0 1 2 32 34 32 0 0 1 1 2 1 32 34 32 0 0 2 0 0 0 0 0 2 17 16 16 0 2 1 0 0 0 16 17 16 0 0 2 0 0 2 18 18 17 0 0 2 1 0 0 1 0 0 0 2 1 0 1 0 0 0 0 1 0 1 2 0 0 1 0 0 0 0 0 
1
2 0 0 0 1 0 0 0 0 
0 2 0 0 1 2 0 1 2 0 2 0 0 1 1 1 2 1 0 2 0 0 0 2 0 0 0 0 0 2 1 0 0 0 2 1 0 0 0 0 1 0 0 0 2 0 0 2 2 2 1 0 0 2 1 0 0 1 0 0 0 2 1 0 1 0 0 0 0 1 0 1 2 0 0 1 0 0 0 0 0 
32 34 32 0 1 2 0 1 2 32 34 32 0 1 1 1 2 1 32 34 32 0 0 2 0 0 0 0 0 2 17 16 16 0 2 1 0 0 0 16 17 16 0 0 2 0 0 2 18 18 17 0 0 2 1 0 0 1 0 0 0 2 1 0 1 0 0 0 0 1 0 1 2 0 0 1 0 0 0 0 0 
1
2 0 0 0 1 0 0 0 0 
0 2 0 0 1 2 0 1 2 0 2 0 0 1 1 1 2 1 0 2 0 0 0 2 0 0 0 0 0 2 1 0 0 0 2 1 0 0 0 0 1 0 0 0 2 0 0 2 2 2 1 0 0 2 1 0 0 1 0 0 0 2 1 0 1 0 0 0 0 1 2 1 2 0 0 1 0 0 0 0 0 
32 34 32 0 1 2 0 1 2 32 34 32 0 1 1 1 2 1 32 34 32 0 0 2 0 0 0 0 0 2 17 16 16 0 2 1 0 0 0 16 17 16 0 0 2 0 0 2 18 18 17 0 0 2 1 0 0 1 0 0 0 2 1 0 1 0 0 0 0 1 2 1 2 0 0 1 0 0 0 0 0 
1
2 0 0 0 1 0 0 0 1 
0 2 0 0 1 2 0 1 2 0 2 0 0 1 1 1 2 1 0 2 0 0 0 2 0 0 0 0 0 2 1 0 0 0 2 1 0 0 0 0 1 0 0 0 2 0 0 2 2 2 1 0 0 2 1 0 0 1 0 0 0 2 1 0 1 0 0 0 0 1 2 1 2 0 0 1 0 0 0 0 1 
32 34 32 0 1 2 0 1 2 32 34 32 0 1 1 1 2 1 32 34 32 0 0 2 0 0 0 0 0 2 17 16 16 0 2 1 0 0 0 16 17 16 0 0 2 0 0 2 18 18 17 0 0 2 1 0 0 1 0 0 16 18 17 0 1 0 0 0 0 17 18 17 2 0 0 1 0 0 16 16 17 
1
2 0 0 0 1 0 0 0 1 
0 2 0 0 1 2 0 1 2 0 2 0 0 1 1 1 2 1 0 2 0 0 0 2 0 0 0 0 0 2 1 0 0 0 2 1 0 0 0 0 1 0 0 0 2 0 0 2 2 2 1 0 0 2 1 0 0 1 0 0 0 2 1 0 1 0 2 0 0 1 2 1 2 0 0 1 0 0 0 0 1 
32 34 32 0 1 2 0 1 2 32 34 32 0 1 1 1 2 1 32 34 32 0 0 2 0 0 0 0 0 2 17 16 16 0 2 1 0 0 0 16 17 16 0 0 2 0 0 2 18 18 17 0 0 2 1 0 0 1 0 0 16 18 17 0 1 0 2 0 0 17 18 17 2 0 0 1 0 0 16 16 17 
1
2 0 0 0 1 0 0 0 1 
0 2 0 0 1 2 0 1 2 0 2 0 0 1 1 1 2 1 0 2 0 0 0 2 0 0 0 0 1 2 1 0 0 0 2 1 0 0 0 0 1 0 0 0 2 0 0 2 2 2 1 0 0 2 1 0 0 1 0 0 0 2 1 0 1 0 2 0 0 1 2 1 2 0 0 1 0 0 0 0 1 
32 34 32 0 1 2 0 1 2 32 34 32 0 1 1 1 2 1 32 34 32 0 0 2 0 0 0 0 1 2 17 16 16 0 2 1 0 0 0 16 17 16 0 0 2 0 0 2 18 18 17 0 0 2 1 0 0 1 0 0 16 18 17 0 1 0 2 0 0 17 18 17 2 0 0 1 0 0 16 16 17 
1
2 0 0 0 1 0 0 0 1 
0 2 0 0 1 2 0 1 2 0 2 0 2 1 1 1 2 1 0 2 0 0 0 2 0 0 0 0 1 2 1 0 0 0 2 1 0 0 0 0 1 0 0 0 2 0 0 2 2 2 1 0 0 2 1 0 0 1 0 0 0 2 1 0 1 0 2 0 0 1 2 1 2 0 0 1 0 0 0 0 1 
32 34 32 0 1 2 0 1 2 32 34 32 2 1 1 1 2 1 32 34 32 0 0 2 0 0 0 0 1 2 17 16 16 0 2 1 0 0 0 16 17 16 0 0 2 0 0 2 18 18 17 0 0 2 1 0 0 1 0 0 16 18 17 0 1 0 2 0 0 17 18 17 2 0 0 1 0 0 16 16 17 
1
2 0 0 0 1 0 0 0 1 
0 2 0 0 1 2 0 1 2 0 2 0 2 1 1 1 2 1 0 2 0 0 0 2 0 0 0 0 1 2 1 0 0 0 2 1 0 0 1 0 1 0 0 0 2 0 0 2 2 2 1 0 0 2 1 0 0 1 0 0 0 2 1 0 1 0 2 0 0 1 2 1 2 0 0 1 0 0 0 0 1 
32 34 32 0 1 2 0 1 2 32 34 32 2 1 1 1 2 1 32 34 32 0 0 2 0 0 0 0 1 2 17 16 16 0 2 1 0 0 1 16 17 16 0 0 2 0 0 2 18 18 17 0 0 2 1 0 0 1 0 0 16 18 17 0 1 0 2 0 0 17 18 17 2 0 0 1 0 0 16 16 17 
1
2 0 0 0 1 0 0 0 1 
0 2 0 0 1 2 0 1 2 0 2 0 2 1 1 1 2 1 0 2 0 0 0 2 0 0 0 0 1 2 1 0 0 0 2 1 0 0 1 0 1 0 0 0 2 0 0 2 2 2 1 0 2 2 1 0 0 1 0 0 0 2 1 0 1 0 2 0 0 1 2 1 2 0 0 1 0 0 0 0 1 
32 34 32 0 1 2 0 1 2 32 34 32 2 1 1 1 2 1 32 34 32 0 0 2 0 0 0 0 1 2 17 16 16 0 2 1 0 0 1 16 17 16 0 0 2 0 0 2 18 18 17 0 2 2 1 0 0 1 0 0 16 18 17 0 1 0 2 0 0 17 18 17 2 0 0 1 0 0 16 16 17 
1
2 0 0 0 1 0 0 0 1 
0 2 0 0 1 2 0 1 2 0 2 0 2 1 1 1 2 1 0 2 0 0 0 2 0 0 0 0 1 2 1 0 0 0 2 1 0 0 1 0 1 0 0 0 2 0 0 2 2 2 1 0 2 2 1 0 0 1 1 0 0 2 1 0 1 0 2 0 0 1 2 1 2 0 0 1 0 0 0 0 1 
32 34 32 0 1 2 0 1 2 32 34 32 2 1 1 1 2 1 32 34 32 0 0 2 0 0 0 0 1 2 17 16 16 0 2 1 0 0 1 16 17 16 0 0 2 0 0 2 18 18 17 0 2 2 1 0 0 1 1 0 16 18 17 0 1 0 2 0 0 17 18 17 2 0 0 1 0 0 16 16 17 
1
2 0 0 0 1 0 0 0 1 
0 2 0 0 1 2 0 1 2 0 2 0 2 1 1 1 2 1 0 2 0 0 2 2 0 0 0 0 1 2 1 0 0 0 2 1 0 0 1 0 1 0 0 0 2 0 0 2 2 2 1 0 2 2 1 0 0 1 1 0 0 2 1 0 1 0 2 0 0 1 2 1 2 0 0 1 0 0 0 0 1 
32 34 32 0 1 2 0 1 2 32 34 32 2 1 1 1 2 1 32 34 32 0 2 2 0 0 0 0 1 2 17 16 16 0 2 1 0 0 1 16 17 16 0 0 2 0 0 2 18 18 17 0 2 2 1 0 0 1 1 0 16 18 17 0 1 0 2 0 0 17 18 17 2 0 0 1 0 0 16 16 17 
1
2 0 0 0 1 0 0 1 1 
0 2 0 0 1 2 0 1 2 0 2 0 2 1 1 1 2 1 0 2 0 0 2 2 0 0 0 0 1 2 1 0 0 0 2 1 0 0 1 0 1 0 0 0 2 0 0 2 2 2 1 0 2 2 1 0 0 1 1 1 0 2 1 0 1 0 2 0 0 1 2 1 2 0 0 1 0 0 0 0 1 
32 34 32 0 1 2 0 1 2 32 34 32 2 1 1 1 2 1 32 34 32 0 2 2 0 0 0 0 1 2 17 16 16 0 2 1 0 0 1 16 17 16 0 0 2 0 0 2 18 18 17 0 2 2 1 0 0 17 17 17 16 18 17 0 1 0 18 16 16 17 18 17 2 0 0 17 16 16 16 16 17 
1
2 0 2 0 1 0 0 1 1 
0 2 0 0 1 2 0 1 2 0 2 0 2 1 1 1 2 1 0 2 0 0 2 2 2 0 0 0 1 2 1 0 0 0 2 1 0 0 1 0 1 0 0 0 2 0 0 2 2 2 1 0 2 2 1 0 0 1 1 1 0 2 1 0 1 0 2 0 0 1 2 1 2 0 0 1 0 0 0 0 1 
32 34 32 0 1 2 32 33 34 32 34 32 2 1 1 33 34 33 32 34 32 0 2 2 34 32 32 0 1 2 17 16 16 0 2 1 0 0 1 16 17 16 0 0 2 0 0 2 18 18 17 0 2 2 1 0 0 17 17 17 16 18 17 0 1 0 18 16 16 17 18 17 2 0 0 17 16 16 16 16 17 
1
2 0 2 0 1 0 1 1 1 
0 2 0 0 1 2 0 1 2 0 2 0 2 1 1 1 2 1 0 2 0 0 2 2 2 0 0 0 1 2 1 0 0 0 2 1 0 0 1 0 1 0 0 0 2 0 0 2 2 2 1 0 2 2 1 0 0 1 1 1 0 2 1 0 1 0 2 0 0 1 2 1 2 0 1 1 0 0 0 0 1 
32 34 32 0 1 2 32 33 34 32 34 32 2 1 1 33 34 33 32 34 32 0 2 2 34 32 32 0 1 2 17 16 16 0 2 1 0 0 1 16 17 16 0 0 2 0 0 2 18 18 17 0 2 2 17 16 16 17 17 17 16 18 17 16 17 16 18 16 16 17 18 17 18 16 17 17 16 16 16 16 17 
1
2 0 2 0 1 0 1 1 1 
0 2 0 0 1 2 0 1 2 0 2 0 2 1 1 1 2 1 0 2 0 0 2 2 2 0 0 0 1 2 1 0 0 0 2 1 0 0 1 0 1 0 0 0 2 0 0 2 2 2 1 0 2 2 1 0 0 1 1 1 0 2 1 0 1 0 2 0 0 1 2 1 2 0 1 1 0 0 0 0 1 
32 34 32 0 1 2 32 33 34 32 34 32 2 1 1 33 34 33 32 34 32 0 2 2 34 32 32 0 1 2 17 16 16 0 2 1 0 0 1 16 17 16 0 0 2 0 0 2 18 18 17 0 2 2 17 16 16 17 17 17 16 18 17 16 17 16 18 16 16 17 18 17 18 16 17 17 16 16 16 16 17 
1
