0 0 0 0 0 0 0 0 0 
0 0 0 0 0 0 0 0 0 0 0 0 0 0 0 0 0 0 0 0 0 0 0 0 0 0 0 0 0 0 0 0 0 0 0 0 0 0 0 0 1 0 0 0 0 0 0 0 0 0 0 0 0 0 0 0 0 0 0 0 0 0 0 0 0 0 0 0 0 0 0 0 0 0 0 0 0 0 0 0 0 
0 0 0 0 0 0 0 0 0 0 0 0 0 0 0 0 0 0 0 0 0 0 0 0 0 0 0 0 0 0 0 0 0 0 0 0 0 0 0 0 1 0 0 0 0 0 0 0 0 0 0 0 0 0 0 0 0 0 0 0 0 0 0 0 0 0 0 0 0 0 0 0 0 0 0 0 0 0 0 0 0 
1
0 0 0 0 0 0 0 0 0 
0 0 0 0 0 0 0 0 0 0 0 0 0 0 0 0 0 0 0 0 0 0 0 0 0 0 0 0 0 0 0 0 0 0 0 0 0 0 0 2 1 0 0 0 0 0 0 0 0 0 0 0 0 0 0 0 0 0 0 0 0 0 0 0 0 0 0 0 0 0 0 0 0 0 0 0 0 0 0 0 0 
0 0 0 0 0 0 0 0 0 0 0 0 0 0 0 0 0 0 0 0 0 0 0 0 0 0 0 0 0 0 0 0 0 0 0 0 0 0 0 2 1 0 0 0 0 0 0 0 0 0 0 0 0 0 0 0 0 0 0 0 0 0 0 0 0 0 0 0 0 0 0 0 0 0 0 0 0 0 0 0 0 
1
0 0 0 0 0 0 0 0 0 
0 0 0 0 0 0 0 0 0 0 0 0 0 0 0 0 0 0 0 0 0 0 0 0 0 0 0 1 0 0 0 0 0 0 0 0 0 0 0 2 1 0 0 0 0 0 0 0 0 0 0 0 0 0 0 0 0 0 0 0 0 0 0 0 0 0 0 0 0 0 0 0 0 0 0 0 0 0 0 0 0 
0 0 0 0 0 0 0 0 0 0 0 0 0 0 0 0 0 0 0 0 0 0 0 0 0 0 0 1 0 0 0 0 0 0 0 0 0 0 0 2 1 0 0 0 0 0 0 0 0 0 0 0 0 0 0 0 0 0 0 0 0 0 0 0 0 0 0 0 0 0 0 0 0 0 0 0 0 0 0 0 0 
1
0 0 0 0 0 0 0 0 0 
0 0 0 0 0 0 0 0 0 2 0 0 0 0 0 0 0 0 0 0 0 0 0 0 0 0 0 1 0 0 0 0 0 0 0 0 0 0 0 2 1 0 0 0 0 0 0 0 0 0 0 0 0 0 0 0 0 0 0 0 0 0 0 0 0 0 0 0 0 0 0 0 0 0 0 0 0 0 0 0 0 
0 0 0 0 0 0 0 0 0 2 0 0 0 0 0 0 0 0 0 0 0 0 0 0 0 0 0 1 0 0 0 0 0 0 0 0 0 0 0 2 1 0 0 0 0 0 0 0 0 0 0 0 0 0 0 0 0 0 0 0 0 0 0 0 0 0 0 0 0 0 0 0 0 0 0 0 0 0 0 0 0 
1
0 0 0 0 0 0 0 0 0 
0 0 0 0 0 0 0 0 0 2 0 0 0 0 0 0 0 0 0 0 0 0 0 0 0 0 0 1 0 0 0 0 0 0 0 0 0 0 0 2 1 0 0 0 0 1 0 0 0 0 0 0 0 0 0 0 0 0 0 0 0 0 0 0 0 0 0 0 0 0 0 0 0 0 0 0 0 0 0 0 0 
0 0 0 0 0 0 0 0 0 2 0 0 0 0 0 0 0 0 0 0 0 0 0 0 0 0 0 1 0 0 0 0 0 0 0 0 0 0 0 2 1 0 0 0 0 1 0 0 0 0 0 0 0 0 0 0 0 0 0 0 0 0 0 0 0 0 0 0 0 0 0 0 0 0 0 0 0 0 0 0 0 
1
0 0 0 0 0 0 0 0 0 
0 0 0 0 0 0 0 0 0 2 0 0 0 0 0 0 0 0 0 0 0 0 0 0 0 0 0 1 0 0 0 0 0 0 0 0 0 0 0 2 1 0 0 0 0 1 0 0 0 0 0 0 0 0 0 0 0 0 0 0 0 0 0 0 2 0 0 0 0 0 0 0 0 0 0 0 0 0 0 0 0 
0 0 0 0 0 0 0 0 0 2 0 0 0 0 0 0 0 0 0 0 0 0 0 0 0 0 0 1 0 0 0 0 0 0 0 0 0 0 0 2 1 0 0 0 0 1 0 0 0 0 0 0 0 0 0 0 0 0 0 0 0 0 0 0 2 0 0 0 0 0 0 0 0 0 0 0 0 0 0 0 0 
1
0 0 0 0 0 0 0 0 0 
0 0 0 0 0 0 0 0 0 2 0 0 0 0 0 0 0 0 0 0 0 0 0 0 0 0 0 1 0 0 0 1 0 0 0 0 0 0 0 2 1 0 0 0 0 1 0 0 0 0 0 0 0 0 0 0 0 0 0 0 0 0 0 0 2 0 0 0 0 0 0 0 0 0 0 0 0 0 0 0 0 
0 0 0 0 0 0 0 0 0 2 0 0 0 0 0 0 0 0 0 0 0 0 0 0 0 0 0 1 0 0 0 1 0 0 0 0 0 0 0 2 1 0 0 0 0 1 0 0 0 0 0 0 0 0 0 0 0 0 0 0 0 0 0 0 2 0 0 0 0 0 0 0 0 0 0 0 0 0 0 0 0 
1
0 0 0 0 0 0 0 0 0 
0 0 0 0 0 0 0 0 0 2 0 0 2 0 0 0 0 0 0 0 0 0 0 0 0 0 0 1 0 0 0 1 0 0 0 0 0 0 0 2 1 0 0 0 0 1 0 0 0 0 0 0 0 0 0 0 0 0 0 0 0 0 0 0 2 0 0 0 0 0 0 0 0 0 0 0 0 0 0 0 0 
0 0 0 0 0 0 0 0 0 2 0 0 2 0 0 0 0 0 0 0 0 0 0 0 0 0 0 1 0 0 0 1 0 0 0 0 0 0 0 2 1 0 0 0 0 1 0 0 0 0 0 0 0 0 0 0 0 0 0 0 0 0 0 0 2 0 0 0 0 0 0 0 0 0 0 0 0 0 0 0 0 
1
0 0 0 1 0 0 0 0 0 
0 0 0 0 0 0 0 0 0 2 0 0 2 0 0 0 0 0 0 0 0 0 0 0 0 0 0 1 0 0 0 1 0 0 0 0 1 0 0 2 1 0 0 0 0 1 0 0 0 0 0 0 0 0 0 0 0 0 0 0 0 0 0 0 2 0 0 0 0 0 0 0 0 0 0 0 0 0 0 0 0 
0 0 0 0 0 0 0 0 0 2 0 0 2 0 0 0 0 0 0 0 0 0 0 0 0 0 0 17 16 16 0 1 0 0 0 0 17 16 16 2 1 0 0 0 0 17 16 16 0 0 0 0 0 0 0 0 0 0 0 0 0 0 0 0 2 0 0 0 0 0 0 0 0 0 0 0 0 0 0 0 0 
1
0 0 0 1 0 0 0 0 0 
0 0 0 0 0 0 0 0 0 2 0 0 2 0 0 0 0 0 0 0 0 0 0 0 0 0 0 1 0 0 0 1 0 0 0 0 1 0 0 2 1 0 0 0 0 1 0 0 0 2 0 0 0 0 0 0 0 0 0 0 0 0 0 0 2 0 0 0 0 0 0 0 0 0 0 0 0 0 0 0 0 
0 0 0 0 0 0 0 0 0 2 0 0 2 0 0 0 0 0 0 0 0 0 0 0 0 0 0 17 16 16 0 1 0 0 0 0 17 16 16 2 1 0 0 0 0 17 16 16 0 2 0 0 0 0 0 0 0 0 0 0 0 0 0 0 2 0 0 0 0 0 0 0 0 0 0 0 0 0 0 0 0 
1
0 0 0 1 0 0 0 0 0 
0 0 0 0 0 0 0 0 0 2 0 0 2 0 0 0 0 0 0 0 0 0 0 0 0 0 0 1 0 0 0 1 0 0 0 0 1 0 0 2 1 0 0 0 0 1 0 0 0 2 0 0 0 0 0 0 0 0 0 0 0 0 0 0 2 0 1 0 0 0 0 0 0 0 0 0 0 0 0 0 0 
0 0 0 0 0 0 0 0 0 2 0 0 2 0 0 0 0 0 0 0 0 0 0 0 0 0 0 17 16 16 0 1 0 0 0 0 17 16 16 2 1 0 0 0 0 17 16 16 0 2 0 0 0 0 0 0 0 0 0 0 0 0 0 0 2 0 1 0 0 0 0 0 0 0 0 0 0 0 0 0 0 
1
0 0 0 1 0 0 0 0 0 
0 0 0 0 0 0 0 0 0 2 0 0 2 0 0 0 0 0 0 0 0 0 0 0 0 0 0 1 0 0 0 1 0 0 0 0 1 0 0 2 1 0 0 0 0 1 0 0 2 2 0 0 0 0 0 0 0 0 0 0 0 0 0 0 2 0 1 0 0 0 0 0 0 0 0 0 0 0 0 0 0 
0 0 0 0 0 0 0 0 0 2 0 0 2 0 0 0 0 0 0 0 0 0 0 0 0 0 0 17 16 16 0 1 0 0 0 0 17 16 16 2 1 0 0 0 0 17 16 16 2 2 0 0 0 0 0 0 0 0 0 0 0 0 0 0 2 0 1 0 0 0 0 0 0 0 0 0 0 0 0 0 0 
1
0 0 0 1 0 0 0 0 0 
0 0 0 0 0 0 0 0 0 2 0 0 2 0 0 0 0 0 0 0 0 0 0 0 0 0 0 1 0 0 0 1 0 0 0 0 1 0 0 2 1 0 0 0 0 1 0 0 2 2 0 0 0 0 0 0 0 0 0 0 0 0 0 1 2 0 1 0 0 0 0 0 0 0 0 0 0 0 0 0 0 
0 0 0 0 0 0 0 0 0 2 0 0 2 0 0 0 0 0 0 0 0 0 0 0 0 0 0 17 16 16 0 1 0 0 0 0 17 16 16 2 1 0 0 0 0 17 16 16 2 2 0 0 0 0 0 0 0 0 0 0 0 0 0 1 2 0 1 0 0 0 0 0 0 0 0 0 0 0 0 0 0 
1
0 0 0 1 2 0 0 0 0 
0 0 0 0 0 0 0 0 0 2 0 0 2 0 0 0 0 0 0 0 0 0 0 0 0 0 0 1 0 0 2 1 0 0 0 0 1 0 0 2 1 0 0 0 0 1 0 0 2 2 0 0 0 0 0 0 0 0 0 0 0 0 0 1 2 0 1 0 0 0 0 0 0 0 0 0 0 0 0 0 0 
0 0 0 0 0 0 0 0 0 2 0 0 2 0 0 0 0 0 0 0 0 0 0 0 0 0 0 17 16 16 34 33 32 0 0 0 17 16 16 34 33 32 0 0 0 17 16 16 34 34 32 0 0 0 0 0 0 0 0 0 0 0 0 1 2 0 1 0 0 0 0 0 0 0 0 0 0 0 0 0 0 
1
0 0 0 1 2 0 0 0 0 
0 0 0 0 0 0 0 0 0 2 0 0 2 0 0 0 0 0 0 1 0 0 0 0 0 0 0 1 0 0 2 1 0 0 0 0 1 0 0 2 1 0 0 0 0 1 0 0 2 2 0 0 0 0 0 0 0 0 0 0 0 0 0 1 2 0 1 0 0 0 0 0 0 0 0 0 0 0 0 0 0 
0 0 0 0 0 0 0 0 0 2 0 0 2 0 0 0 0 0 0 1 0 0 0 0 0 0 0 17 16 16 34 33 32 0 0 0 17 16 16 34 33 32 0 0 0 17 16 16 34 34 32 0 0 0 0 0 0 0 0 0 0 0 0 1 2 0 1 0 0 0 0 0 0 0 0 0 0 0 0 0 0 
1
0 0 0 1 2 0 0 0 0 
0 0 0 0 0 0 0 0 0 2 0 0 2 0 0 0 0 0 0 1 0 0 0 0 0 0 0 1 0 0 2 1 0 0 0 0 1 0 0 2 1 0 0 0 0 1 0 0 2 2 0 0 0 0 0 0 0 0 0 0 0 0 0 1 2 0 1 0 0 0 0 0 0 0 0 0 0 2 0 0 0 
0 0 0 0 0 0 0 0 0 2 0 0 2 0 0 0 0 0 0 1 0 0 0 0 0 0 0 17 16 16 34 33 32 0 0 0 17 16 16 34 33 32 0 0 0 17 16 16 34 34 32 0 0 0 0 0 0 0 0 0 0 0 0 1 2 0 1 0 0 0 0 0 0 0 0 0 0 2 0 0 0 
1
0 0 0 1 2 0 0 0 0 
0 0 0 0 0 0 0 0 0 2 0 0 2 0 0 0 0 0 0 1 0 0 0 0 0 0 0 1 0 0 2 1 0 0 0 0 1 0 0 2 1 0 0 0 0 1 0 0 2 2 0 0 0 0 0 0 0 0 0 0 0 0 0 1 2 0 1 0 0 1 0 0 0 0 0 0 0 2 0 0 0 
0 0 0 0 0 0 0 0 0 2 0 0 2 0 0 0 0 0 0 1 0 0 0 0 0 0 0 17 16 16 34 33 32 0 0 0 17 16 16 34 33 32 0 0 0 17 16 16 34 34 32 0 0 0 0 0 0 0 0 0 0 0 0 1 2 0 1 0 0 1 0 0 0 0 0 0 0 2 0 0 0 
1
0 0 0 1 2 0 0 0 0 
0 0 0 0 0 0 0 0 0 2 0 0 2 0 0 0 0 0 0 1 0 0 0 0 0 0 0 1 0 0 2 1 0 0 0 0 1 0 0 2 1 0 0 0 0 1 0 0 2 2 0 0 0 0 0 0 0 0 0 0 0 0 0 1 2 0 1 0 0 1 0 0 2 0 0 0 0 2 0 0 0 
0 0 0 0 0 0 0 0 0 2 0 0 2 0 0 0 0 0 0 1 0 0 0 0 0 0 0 17 16 16 34 33 32 0 0 0 17 16 16 34 33 32 0 0 0 17 16 16 34 34 32 0 0 0 0 0 0 0 0 0 0 0 0 1 2 0 1 0 0 1 0 0 2 0 0 0 0 2 0 0 0 
1
0 0 0 1 2 0 0 0 0 
0 0 0 0 0 0 0 0 0 2 0 0 2 0 0 0 0 0 0 1 0 0 0 0 0 0 0 1 0 0 2 1 0 0 0 0 1 0 0 2 1 0 0 0 0 1 0 0 2 2 0 0 0 0 0 0 1 0 0 0 0 0 0 1 2 0 1 0 0 1 0 0 2 0 0 0 0 2 0 0 0 
0 0 0 0 0 0 0 0 0 2 0 0 2 0 0 0 0 0 0 1 0 0 0 0 0 0 0 17 16 16 34 33 32 0 0 0 17 16 16 34 33 32 0 0 0 17 16 16 34 34 32 0 0 0 0 0 1 0 0 0 0 0 0 1 2 0 1 0 0 1 0 0 2 0 0 0 0 2 0 0 0 
1
0 0 0 1 2 0 0 0 0 
0 0 0 0 0 0 2 0 0 2 0 0 2 0 0 0 0 0 0 1 0 0 0 0 0 0 0 1 0 0 2 1 0 0 0 0 1 0 0 2 1 0 0 0 0 1 0 0 2 2 0 0 0 0 0 0 1 0 0 0 0 0 0 1 2 0 1 0 0 1 0 0 2 0 0 0 0 2 0 0 0 
0 0 0 0 0 0 2 0 0 2 0 0 2 0 0 0 0 0 0 1 0 0 0 0 0 0 0 17 16 16 34 33 32 0 0 0 17 16 16 34 33 32 0 0 0 17 16 16 34 34 32 0 0 0 0 0 1 0 0 0 0 0 0 1 2 0 1 0 0 1 0 0 2 0 0 0 0 2 0 0 0 
1
0 0 0 1 2 0 0 0 0 
0 0 0 0 0 0 2 0 0 2 0 0 2 0 0 0 0 0 0 1 1 0 0 0 0 0 0 1 0 0 2 1 0 0 0 0 1 0 0 2 1 0 0 0 0 1 0 0 2 2 0 0 0 0 0 0 1 0 0 0 0 0 0 1 2 0 1 0 0 1 0 0 2 0 0 0 0 2 0 0 0 
0 0 0 0 0 0 2 0 0 2 0 0 2 0 0 0 0 0 0 1 1 0 0 0 0 0 0 17 16 16 34 33 32 0 0 0 17 16 16 34 33 32 0 0 0 17 16 16 34 34 32 0 0 0 0 0 1 0 0 0 0 0 0 1 2 0 1 0 0 1 0 0 2 0 0 0 0 2 0 0 0 
1
0 0 0 1 2 0 0 0 0 
0 0 0 0 0 0 2 0 0 2 0 0 2 0 0 0 0 0 0 1 1 0 0 0 0 0 0 1 0 0 2 1 0 0 0 0 1 0 0 2 1 0 0 0 0 1 0 0 2 2 0 0 0 0 0 0 1 0 0 0 0 0 0 1 2 0 1 0 0 1 0 0 2 0 0 0 0 2 0 0 2 
0 0 0 0 0 0 2 0 0 2 0 0 2 0 0 0 0 0 0 1 1 0 0 0 0 0 0 17 16 16 34 33 32 0 0 0 17 16 16 34 33 32 0 0 0 17 16 16 34 34 32 0 0 0 0 0 1 0 0 0 0 0 0 1 2 0 1 0 0 1 0 0 2 0 0 0 0 2 0 0 2 
1
0 0 0 1 2 0 0 0 0 
0 0 0 0 0 0 2 0 0 2 0 0 2 0 0 0 0 0 0 1 1 0 0 0 0 0 0 1 0 0 2 1 0 0 0 0 1 0 0 2 1 0 0 0 0 1 0 0 2 2 0 0 0 0 0 0 1 0 0 0 0 0 0 1 2 0 1 0 0 1 0 1 2 0 0 0 0 2 0 0 2 
0 0 0 0 0 0 2 0 0 2 0 0 2 0 0 0 0 0 0 1 1 0 0 0 0 0 0 17 16 16 34 33 32 0 0 0 17 16 16 34 33 32 0 0 0 17 16 16 34 34 32 0 0 0 0 0 1 0 0 0 0 0 0 1 2 0 1 0 0 1 0 1 2 0 0 0 0 2 0 0 2 
1
0 0 0 1 2 0 0 0 0 
0 0 0 0 0 0 2 0 0 2 0 0 2 0 0 0 0 0 0 1 1 0 0 0 0 0 0 1 0 0 2 1 0 0 0 0 1 0 0 2 1 0 0 0 0 1 0 0 2 2 0 0 0 2 0 0 1 0 0 0 0 0 0 1 2 0 1 0 0 1 0 1 2 0 0 0 0 2 0 0 2 
0 0 0 0 0 0 2 0 0 2 0 0 2 0 0 0 0 0 0 1 1 0 0 0 0 0 0 17 16 16 34 33 32 0 0 0 17 16 16 34 33 32 0 0 0 17 16 16 34 34 32 0 0 2 0 0 1 0 0 0 0 0 0 1 2 0 1 0 0 1 0 1 2 0 0 0 0 2 0 0 2 
1
0 0 0 1 2 0 0 0 1 
0 0 0 0 0 0 2 0 0 2 0 0 2 0 0 0 0 0 0 1 1 0 0 0 0 0 0 1 0 0 2 1 0 0 0 0 1 0 0 2 1 0 0 0 0 1 0 0 2 2 0 0 0 2 0 0 1 0 0 0 0 0 0 1 2 0 1 0 0 1 1 1 2 0 0 0 0 2 0 0 2 
0 0 0 0 0 0 2 0 0 2 0 0 2 0 0 0 0 0 0 1 1 0 0 0 0 0 0 17 16 16 34 33 32 0 0 0 17 16 16 34 33 32 0 0 0 17 16 16 34 34 32 0 0 2 0 0 1 0 0 0 16 16 16 1 2 0 1 0 0 17 17 17 2 0 0 0 0 2 16 16 18 
1
0 0 0 1 2 0 0 0 1 
0 0 0 0 0 0 2 0 0 2 0 0 2 0 0 0 0 0 2 1 1 0 0 0 0 0 0 1 0 0 2 1 0 0 0 0 1 0 0 2 1 0 0 0 0 1 0 0 2 2 0 0 0 2 0 0 1 0 0 0 0 0 0 1 2 0 1 0 0 1 1 1 2 0 0 0 0 2 0 0 2 
0 0 0 0 0 0 2 0 0 2 0 0 2 0 0 0 0 0 2 1 1 0 0 0 0 0 0 17 16 16 34 33 32 0 0 0 17 16 16 34 33 32 0 0 0 17 16 16 34 34 32 0 0 2 0 0 1 0 0 0 16 16 16 1 2 0 1 0 0 17 17 17 2 0 0 0 0 2 16 16 18 
1
0 0 0 1 2 0 0 0 1 
0 0 0 0 0 0 2 0 0 2 0 0 2 0 0 0 0 0 2 1 1 0 0 0 0 0 0 1 0 0 2 1 0 0 0 0 1 0 0 2 1 0 0 0 0 1 0 0 2 2 0 0 0 2 0 1 1 0 0 0 0 0 0 1 2 0 1 0 0 1 1 1 2 0 0 0 0 2 0 0 2 
0 0 0 0 0 0 2 0 0 2 0 0 2 0 0 0 0 0 2 1 1 0 0 0 0 0 0 17 16 16 34 33 32 0 0 0 17 16 16 34 33 32 0 0 0 17 16 16 34 34 32 0 0 2 0 1 1 0 0 0 16 16 16 1 2 0 1 0 0 17 17 17 2 0 0 0 0 2 16 16 18 
1
0 0 0 1 2 0 0 0 1 
0 0 0 0 0 0 2 0 0 2 0 0 2 2 0 0 0 0 2 1 1 0 0 0 0 0 0 1 0 0 2 1 0 0 0 0 1 0 0 2 1 0 0 0 0 1 0 0 2 2 0 0 0 2 0 1 1 0 0 0 0 0 0 1 2 0 1 0 0 1 1 1 2 0 0 0 0 2 0 0 2 
0 0 0 0 0 0 2 0 0 2 0 0 2 2 0 0 0 0 2 1 1 0 0 0 0 0 0 17 16 16 34 33 32 0 0 0 17 16 16 34 33 32 0 0 0 17 16 16 34 34 32 0 0 2 0 1 1 0 0 0 16 16 16 1 2 0 1 0 0 17 17 17 2 0 0 0 0 2 16 16 18 
1
0 0 0 1 2 0 1 0 1 
0 0 0 0 0 0 2 0 0 2 0 0 2 2 0 0 0 0 2 1 1 0 0 0 0 0 0 1 0 0 2 1 0 0 0 0 1 0 0 2 1 0 0 0 0 1 0 0 2 2 0 0 0 2 1 1 1 0 0 0 0 0 0 1 2 0 1 0 0 1 1 1 2 0 0 0 0 2 0 0 2 
0 0 0 0 0 0 2 0 0 2 0 0 2 2 0 0 0 0 2 1 1 0 0 0 0 0 0 17 16 16 34 33 32 0 0 0 17 16 16 34 33 32 0 0 0 17 16 16 34 34 32 0 0 2 17 17 17 0 0 0 16 16 16 17 18 16 1 0 0 17 17 17 18 16 16 0 0 2 16 16 18 
1
2 0 0 1 2 0 1 0 1 
2 0 0 0 0 0 2 0 0 2 0 0 2 2 0 0 0 0 2 1 1 0 0 0 0 0 0 1 0 0 2 1 0 0 0 0 1 0 0 2 1 0 0 0 0 1 0 0 2 2 0 0 0 2 1 1 1 0 0 0 0 0 0 1 2 0 1 0 0 1 1 1 2 0 0 0 0 2 0 0 2 
34 32 32 0 0 0 2 0 0 34 32 32 2 2 0 0 0 0 34 33 33 0 0 0 0 0 0 17 16 16 34 33 32 0 0 0 17 16 16 34 33 32 0 0 0 17 16 16 34 34 32 0 0 2 17 17 17 0 0 0 16 16 16 17 18 16 1 0 0 17 17 17 18 16 16 0 0 2 16 16 18 
1
2 0 0 1 2 0 1 0 1 
2 0 0 0 0 0 2 0 0 2 0 0 2 2 0 0 0 0 2 1 1 0 0 0 0 0 0 1 0 0 2 1 0 0 0 0 1 0 0 2 1 0 0 0 0 1 0 0 2 2 0 0 0 2 1 1 1 0 0 0 0 0 0 1 2 0 1 0 1 1 1 1 2 0 0 0 0 2 0 0 2 
34 32 32 0 0 0 2 0 0 34 32 32 2 2 0 0 0 0 34 33 33 0 0 0 0 0 0 17 16 16 34 33 32 0 0 0 17 16 16 34 33 32 0 0 0 17 16 16 34 34 32 0 0 2 17 17 17 0 0 0 16 16 16 17 18 16 1 0 1 17 17 17 18 16 16 0 0 2 16 16 18 
1
2 0 0 1 2 0 1 0 1 
2 0 0 0 0 0 2 0 0 2 0 0 2 2 0 0 0 0 2 1 1 0 0 0 0 0 0 1 0 0 2 1 0 0 0 2 1 0 0 2 1 0 0 0 0 1 0 0 2 2 0 0 0 2 1 1 1 0 0 0 0 0 0 1 2 0 1 0 1 1 1 1 2 0 0 0 0 2 0 0 2 
34 32 32 0 0 0 2 0 0 34 32 32 2 2 0 0 0 0 34 33 33 0 0 0 0 0 0 17 16 16 34 33 32 0 0 2 17 16 16 34 33 32 0 0 0 17 16 16 34 34 32 0 0 2 17 17 17 0 0 0 16 16 16 17 18 16 1 0 1 17 17 17 18 16 16 0 0 2 16 16 18 
1
2 0 0 1 2 0 1 0 1 
2 0 0 0 0 0 2 0 0 2 0 0 2 2 0 1 0 0 2 1 1 0 0 0 0 0 0 1 0 0 2 1 0 0 0 2 1 0 0 2 1 0 0 0 0 1 0 0 2 2 0 0 0 2 1 1 1 0 0 0 0 0 0 1 2 0 1 0 1 1 1 1 2 0 0 0 0 2 0 0 2 
34 32 32 0 0 0 2 0 0 34 32 32 2 2 0 1 0 0 34 33 33 0 0 0 0 0 0 17 16 16 34 33 32 0 0 2 17 16 16 34 33 32 0 0 0 17 16 16 34 34 32 0 0 2 17 17 17 0 0 0 16 16 16 17 18 16 1 0 1 17 17 17 18 16 16 0 0 2 16 16 18 
1
2 0 0 1 2 0 1 0 1 
2 0 0 0 0 0 2 0 0 2 0 0 2 2 0 1 0 0 2 1 1 0 0 0 0 0 0 1 0 0 2 1 0 0 0 2 1 0 0 2 1 0 0 0 0 1 0 0 2 2 0 0 0 2 1 1 1 0 0 0 0 0 0 1 2 0 1 2 1 1 1 1 2 0 0 0 0 2 0 0 2 
34 32 32 0 0 0 2 0 0 34 32 32 2 2 0 1 0 0 34 33 33 0 0 0 0 0 0 17 16 16 34 33 32 0 0 2 17 16 16 34 33 32 0 0 0 17 16 16 34 34 32 0 0 2 17 17 17 0 0 0 16 16 16 17 18 16 1 2 1 17 17 17 18 16 16 0 0 2 16 16 18 
1
2 0 0 1 2 0 1 0 1 
2 0 0 0 0 0 2 0 0 2 0 0 2 2 0 1 0 0 2 1 1 0 0 0 0 0 0 1 0 0 2 1 0 0 0 2 1 0 0 2 1 0 0 0 0 1 0 0 2 2 0 0 0 2 1 1 1 1 0 0 0 0 0 1 2 0 1 2 1 1 1 1 2 0 0 0 0 2 0 0 2 
34 32 32 0 0 0 2 0 0 34 32 32 2 2 0 1 0 0 34 33 33 0 0 0 0 0 0 17 16 16 34 33 32 0 0 2 17 16 16 34 33 32 0 0 0 17 16 16 34 34 32 0 0 2 17 17 17 1 0 0 16 16 16 17 18 16 1 2 1 17 17 17 18 16 16 0 0 2 16 16 18 
1
2 0 0 1 2 0 1 0 1 
2 0 0 0 0 0 2 0 0 2 0 0 2 2 0 1 0 0 2 1 1 0 0 0 0 0 0 1 0 0 2 1 0 0 0 2 1 0 0 2 1 0 0 0 0 1 0 0 2 2 0 0 0 2 1 1 1 1 0 0 0 0 0 1 2 0 1 2 1 1 1 1 2 0 0 2 0 2 0 0 2 
34 32 32 0 0 0 2 0 0 34 32 32 2 2 0 1 0 0 34 33 33 0 0 0 0 0 0 17 16 16 34 33 32 0 0 2 17 16 16 34 33 32 0 0 0 17 16 16 34 34 32 0 0 2 17 17 17 1 0 0 16 16 16 17 18 16 1 2 1 17 17 17 18 16 16 2 0 2 16 16 18 
1
2 0 0 1 2 0 1 0 1 
2 0 0 0 0 0 2 0 0 2 0 0 2 2 0 1 0 0 2 1 1 0 0 0 0 0 0 1 0 0 2 1 0 0 0 2 1 0 0 2 1 0 0 0 0 1 0 0 2 2 0 0 0 2 1 1 1 1 0 1 0 0 0 1 2 0 1 2 1 1 1 1 2 0 0 2 0 2 0 0 2 
34 32 32 0 0 0 2 0 0 34 32 32 2 2 0 1 0 0 34 33 33 0 0 0 0 0 0 17 16 16 34 33 32 0 0 2 17 16 16 34 33 32 0 0 0 17 16 16 34 34 32 0 0 2 17 17 17 1 0 1 16 16 16 17 18 16 1 2 1 17 17 17 18 16 16 2 0 2 16 16 18 
1
2 0 0 1 2 0 1 0 1 
2 0 0 0 0 0 2 0 0 2 0 0 2 2 0 1 2 0 2 1 1 0 0 0 0 0 0 1 0 0 2 1 0 0 0 2 1 0 0 2 1 0 0 0 0 1 0 0 2 2 0 0 0 2 1 1 1 1 0 1 0 0 0 1 2 0 1 2 1 1 1 1 2 0 0 2 0 2 0 0 2 
34 32 32 0 0 0 2 0 0 34 32 32 2 2 0 1 2 0 34 33 33 0 0 0 0 0 0 17 16 16 34 33 32 0 0 2 17 16 16 34 33 32 0 0 0 17 16 16 34 34 32 0 0 2 17 17 17 1 0 1 16 16 16 17 18 16 1 2 1 17 17 17 18 16 16 2 0 2 16 16 18 
1
2 0 0 1 2 0 1 1 1 
2 0 0 0 0 0 2 0 0 2 0 0 2 2 0 1 2 0 2 1 1 0 0 0 0 0 0 1 0 0 2 1 0 0 0 2 1 0 0 2 1 0 0 0 0 1 0 0 2 2 0 0 0 2 1 1 1 1 1 1 0 0 0 1 2 0 1 2 1 1 1 1 2 0 0 2 0 2 0 0 2 
34 32 32 0 0 0 2 0 0 34 32 32 2 2 0 1 2 0 34 33 33 0 0 0 0 0 0 17 16 16 34 33 32 0 0 2 17 16 16 34 33 32 0 0 0 17 16 16 34 34 32 0 0 2 17 17 17 17 17 17 16 16 16 17 18 16 17 18 17 17 17 17 18 16 16 18 16 18 16 16 18 
1
2 0 0 1 2 0 1 1 1 
2 0 0 0 0 0 2 0 0 2 0 0 2 2 0 1 2 0 2 1 1 0 0 0 0 0 0 1 0 0 2 1 0 0 0 2 1 0 0 2 1 0 0 0 0 1 0 0 2 2 0 0 0 2 1 1 1 1 1 1 0 0 0 1 2 0 1 2 1 1 1 1 2 0 0 2 0 2 0 0 2 
34 32 32 0 0 0 2 0 0 34 32 32 2 2 0 1 2 0 34 33 33 0 0 0 0 0 0 17 16 16 34 33 32 0 0 2 17 16 16 34 33 32 0 0 0 17 16 16 34 34 32 0 0 2 17 17 17 17 17 17 16 16 16 17 18 16 17 18 17 17 17 17 18 16 16 18 16 18 16 16 18 
1
