0 0 0 0 0 0 0 0 0 
0 0 0 0 0 0 0 0 0 0 0 0 0 0 0 0 0 0 0 0 0 0 0 0 0 0 0 0 0 0 0 0 0 0 0 0 0 0 0 0 1 0 0 0 0 0 0 0 0 0 0 0 0 0 0 0 0 0 0 0 0 0 0 0 0 0 0 0 0 0 0 0 0 0 0 0 0 0 0 0 0 
0 0 0 0 0 0 0 0 0 0 0 0 0 0 0 0 0 0 0 0 0 0 0 0 0 0 0 0 0 0 0 0 0 0 0 0 0 0 0 0 1 0 0 0 0 0 0 0 0 0 0 0 0 0 0 0 0 0 0 0 0 0 0 0 0 0 0 0 0 0 0 0 0 0 0 0 0 0 0 0 0 
1
0 0 0 0 0 0 0 0 0 
0 0 0 0 0 0 0 0 0 0 0 0 0 0 0 0 0 0 0 0 0 0 0 0 0 0 0 0 0 0 0 0 0 0 0 0 0 0 0 0 1 0 0 0 0 0 0 0 2 0 0 0 0 0 0 0 0 0 0 0 0 0 0 0 0 0 0 0 0 0 0 0 0 0 0 0 0 0 0 0 0 
0 0 0 0 0 0 0 0 0 0 0 0 0 0 0 0 0 0 0 0 0 0 0 0 0 0 0 0 0 0 0 0 0 0 0 0 0 0 0 0 1 0 0 0 0 0 0 0 2 0 0 0 0 0 0 0 0 0 0 0 0 0 0 0 0 0 0 0 0 0 0 0 0 0 0 0 0 0 0 0 0 
1
0 0 0 0 0 0 0 0 0 
0 0 0 0 0 0 0 0 0 0 0 0 0 0 0 0 0 0 0 0 0 0 0 0 0 0 0 0 0 0 0 0 0 0 0 0 0 0 0 0 1 0 0 0 0 0 0 0 2 0 0 0 0 0 0 0 0 0 0 0 0 0 0 0 0 0 0 0 0 0 0 0 1 0 0 0 0 0 0 0 0 
0 0 0 0 0 0 0 0 0 0 0 0 0 0 0 0 0 0 0 0 0 0 0 0 0 0 0 0 0 0 0 0 0 0 0 0 0 0 0 0 1 0 0 0 0 0 0 0 2 0 0 0 0 0 0 0 0 0 0 0 0 0 0 0 0 0 0 0 0 0 0 0 1 0 0 0 0 0 0 0 0 
1
0 0 0 0 0 0 0 0 0 
0 0 0 0 0 0 0 0 0 0 0 0 0 0 0 0 0 0 0 0 0 0 0 0 0 0 0 0 0 0 0 0 0 0 0 0 0 0 0 0 1 0 0 0 0 0 0 0 2 0 0 0 0 0 2 0 0 0 0 0 0 0 0 0 0 0 0 0 0 0 0 0 1 0 0 0 0 0 0 0 0 
0 0 0 0 0 0 0 0 0 0 0 0 0 0 0 0 0 0 0 0 0 0 0 0 0 0 0 0 0 0 0 0 0 0 0 0 0 0 0 0 1 0 0 0 0 0 0 0 2 0 0 0 0 0 2 0 0 0 0 0 0 0 0 0 0 0 0 0 0 0 0 0 1 0 0 0 0 0 0 0 0 
1
0 0 0 0 0 0 0 0 0 
0 0 0 0 0 0 0 0 0 1 0 0 0 0 0 0 0 0 0 0 0 0 0 0 0 0 0 0 0 0 0 0 0 0 0 0 0 0 0 0 1 0 0 0 0 0 0 0 2 0 0 0 0 0 2 0 0 0 0 0 0 0 0 0 0 0 0 0 0 0 0 0 1 0 0 0 0 0 0 0 0 
0 0 0 0 0 0 0 0 0 1 0 0 0 0 0 0 0 0 0 0 0 0 0 0 0 0 0 0 0 0 0 0 0 0 0 0 0 0 0 0 1 0 0 0 0 0 0 0 2 0 0 0 0 0 2 0 0 0 0 0 0 0 0 0 0 0 0 0 0 0 0 0 1 0 0 0 0 0 0 0 0 
1
0 0 0 0 0 0 0 0 0 
0 0 0 0 0 0 0 0 0 1 0 0 0 0 0 0 0 0 0 0 0 0 0 0 0 0 0 0 0 0 0 0 0 0 0 0 0 0 0 0 1 0 0 0 0 0 2 0 2 0 0 0 0 0 2 0 0 0 0 0 0 0 0 0 0 0 0 0 0 0 0 0 1 0 0 0 0 0 0 0 0 
0 0 0 0 0 0 0 0 0 1 0 0 0 0 0 0 0 0 0 0 0 0 0 0 0 0 0 0 0 0 0 0 0 0 0 0 0 0 0 0 1 0 0 0 0 0 2 0 2 0 0 0 0 0 2 0 0 0 0 0 0 0 0 0 0 0 0 0 0 0 0 0 1 0 0 0 0 0 0 0 0 
1
0 0 0 0 0 0 0 0 0 
0 0 0 0 0 0 0 0 0 1 0 0 0 0 0 0 0 0 0 0 0 0 0 0 0 0 0 0 0 0 0 0 0 0 0 0 0 0 0 0 1 0 0 0 0 0 2 0 2 0 0 0 0 0 2 0 0 0 1 0 0 0 0 0 0 0 0 0 0 0 0 0 1 0 0 0 0 0 0 0 0 
0 0 0 0 0 0 0 0 0 1 0 0 0 0 0 0 0 0 0 0 0 0 0 0 0 0 0 0 0 0 0 0 0 0 0 0 0 0 0 0 1 0 0 0 0 0 2 0 2 0 0 0 0 0 2 0 0 0 1 0 0 0 0 0 0 0 0 0 0 0 0 0 1 0 0 0 0 0 0 0 0 
1
0 0 0 0 0 0 0 0 0 
0 0 0 0 0 0 0 0 0 1 0 0 2 0 0 0 0 0 0 0 0 0 0 0 0 0 0 0 0 0 0 0 0 0 0 0 0 0 0 0 1 0 0 0 0 0 2 0 2 0 0 0 0 0 2 0 0 0 1 0 0 0 0 0 0 0 0 0 0 0 0 0 1 0 0 0 0 0 0 0 0 
0 0 0 0 0 0 0 0 0 1 0 0 2 0 0 0 0 0 0 0 0 0 0 0 0 0 0 0 0 0 0 0 0 0 0 0 0 0 0 0 1 0 0 0 0 0 2 0 2 0 0 0 0 0 2 0 0 0 1 0 0 0 0 0 0 0 0 0 0 0 0 0 1 0 0 0 0 0 0 0 0 
1
0 0 0 0 0 0 0 0 0 
0 0 0 0 0 0 0 0 0 1 0 0 2 0 0 0 0 0 0 0 0 0 0 0 0 0 0 0 1 0 0 0 0 0 0 0 0 0 0 0 1 0 0 0 0 0 2 0 2 0 0 0 0 0 2 0 0 0 1 0 0 0 0 0 0 0 0 0 0 0 0 0 1 0 0 0 0 0 0 0 0 
0 0 0 0 0 0 0 0 0 1 0 0 2 0 0 0 0 0 0 0 0 0 0 0 0 0 0 0 1 0 0 0 0 0 0 0 0 0 0 0 1 0 0 0 0 0 2 0 2 0 0 0 0 0 2 0 0 0 1 0 0 0 0 0 0 0 0 0 0 0 0 0 1 0 0 0 0 0 0 0 0 
1
0 0 0 0 0 0 0 0 0 
0 0 0 0 0 0 0 0 0 1 0 0 2 0 2 0 0 0 0 0 0 0 0 0 0 0 0 0 1 0 0 0 0 0 0 0 0 0 0 0 1 0 0 0 0 0 2 0 2 0 0 0 0 0 2 0 0 0 1 0 0 0 0 0 0 0 0 0 0 0 0 0 1 0 0 0 0 0 0 0 0 
0 0 0 0 0 0 0 0 0 1 0 0 2 0 2 0 0 0 0 0 0 0 0 0 0 0 0 0 1 0 0 0 0 0 0 0 0 0 0 0 1 0 0 0 0 0 2 0 2 0 0 0 0 0 2 0 0 0 1 0 0 0 0 0 0 0 0 0 0 0 0 0 1 0 0 0 0 0 0 0 0 
1
0 0 0 0 0 0 0 0 0 
0 0 0 0 0 0 0 0 0 1 0 0 2 0 2 0 0 0 0 0 0 0 0 0 0 0 0 0 1 0 0 0 0 0 0 0 0 0 0 0 1 0 1 0 0 0 2 0 2 0 0 0 0 0 2 0 0 0 1 0 0 0 0 0 0 0 0 0 0 0 0 0 1 0 0 0 0 0 0 0 0 
0 0 0 0 0 0 0 0 0 1 0 0 2 0 2 0 0 0 0 0 0 0 0 0 0 0 0 0 1 0 0 0 0 0 0 0 0 0 0 0 1 0 1 0 0 0 2 0 2 0 0 0 0 0 2 0 0 0 1 0 0 0 0 0 0 0 0 0 0 0 0 0 1 0 0 0 0 0 0 0 0 
1
0 0 0 0 0 0 0 0 0 
0 0 0 0 0 0 0 0 0 1 0 0 2 0 2 0 0 0 0 0 0 0 0 0 0 0 0 0 1 2 0 0 0 0 0 0 0 0 0 0 1 0 1 0 0 0 2 0 2 0 0 0 0 0 2 0 0 0 1 0 0 0 0 0 0 0 0 0 0 0 0 0 1 0 0 0 0 0 0 0 0 
0 0 0 0 0 0 0 0 0 1 0 0 2 0 2 0 0 0 0 0 0 0 0 0 0 0 0 0 1 2 0 0 0 0 0 0 0 0 0 0 1 0 1 0 0 0 2 0 2 0 0 0 0 0 2 0 0 0 1 0 0 0 0 0 0 0 0 0 0 0 0 0 1 0 0 0 0 0 0 0 0 
1
0 0 0 0 0 0 0 0 0 
0 0 0 0 0 0 0 0 0 1 0 0 2 0 2 0 0 0 0 0 0 0 0 0 0 1 0 0 1 2 0 0 0 0 0 0 0 0 0 0 1 0 1 0 0 0 2 0 2 0 0 0 0 0 2 0 0 0 1 0 0 0 0 0 0 0 0 0 0 0 0 0 1 0 0 0 0 0 0 0 0 
0 0 0 0 0 0 0 0 0 1 0 0 2 0 2 0 0 0 0 0 0 0 0 0 0 1 0 0 1 2 0 0 0 0 0 0 0 0 0 0 1 0 1 0 0 0 2 0 2 0 0 0 0 0 2 0 0 0 1 0 0 0 0 0 0 0 0 0 0 0 0 0 1 0 0 0 0 0 0 0 0 
1
0 0 0 0 0 0 0 0 0 
0 0 0 0 0 0 0 0 0 1 0 0 2 0 2 0 0 0 0 0 0 0 0 0 0 1 0 0 1 2 0 0 0 0 0 0 0 0 0 0 1 0 1 0 0 0 2 0 2 0 0 0 0 0 2 0 0 0 1 0 0 0 0 0 0 0 0 0 2 0 0 0 1 0 0 0 0 0 0 0 0 
0 0 0 0 0 0 0 0 0 1 0 0 2 0 2 0 0 0 0 0 0 0 0 0 0 1 0 0 1 2 0 0 0 0 0 0 0 0 0 0 1 0 1 0 0 0 2 0 2 0 0 0 0 0 2 0 0 0 1 0 0 0 0 0 0 0 0 0 2 0 0 0 1 0 0 0 0 0 0 0 0 
1
0 0 0 0 0 0 0 0 0 
0 0 0 0 0 0 0 0 0 1 0 0 2 0 2 0 0 0 0 0 0 0 0 0 0 1 0 0 1 2 0 0 0 1 0 0 0 0 0 0 1 0 1 0 0 0 2 0 2 0 0 0 0 0 2 0 0 0 1 0 0 0 0 0 0 0 0 0 2 0 0 0 1 0 0 0 0 0 0 0 0 
0 0 0 0 0 0 0 0 0 1 0 0 2 0 2 0 0 0 0 0 0 0 0 0 0 1 0 0 1 2 0 0 0 1 0 0 0 0 0 0 1 0 1 0 0 0 2 0 2 0 0 0 0 0 2 0 0 0 1 0 0 0 0 0 0 0 0 0 2 0 0 0 1 0 0 0 0 0 0 0 0 
1
0 0 0 0 0 0 0 0 0 
0 2 0 0 0 0 0 0 0 1 0 0 2 0 2 0 0 0 0 0 0 0 0 0 0 1 0 0 1 2 0 0 0 1 0 0 0 0 0 0 1 0 1 0 0 0 2 0 2 0 0 0 0 0 2 0 0 0 1 0 0 0 0 0 0 0 0 0 2 0 0 0 1 0 0 0 0 0 0 0 0 
0 2 0 0 0 0 0 0 0 1 0 0 2 0 2 0 0 0 0 0 0 0 0 0 0 1 0 0 1 2 0 0 0 1 0 0 0 0 0 0 1 0 1 0 0 0 2 0 2 0 0 0 0 0 2 0 0 0 1 0 0 0 0 0 0 0 0 0 2 0 0 0 1 0 0 0 0 0 0 0 0 
1
0 0 0 0 0 0 0 0 0 
0 2 0 0 0 0 0 0 0 1 0 0 2 0 2 0 0 0 0 0 0 0 0 1 0 1 0 0 1 2 0 0 0 1 0 0 0 0 0 0 1 0 1 0 0 0 2 0 2 0 0 0 0 0 2 0 0 0 1 0 0 0 0 0 0 0 0 0 2 0 0 0 1 0 0 0 0 0 0 0 0 
0 2 0 0 0 0 0 0 0 1 0 0 2 0 2 0 0 0 0 0 0 0 0 1 0 1 0 0 1 2 0 0 0 1 0 0 0 0 0 0 1 0 1 0 0 0 2 0 2 0 0 0 0 0 2 0 0 0 1 0 0 0 0 0 0 0 0 0 2 0 0 0 1 0 0 0 0 0 0 0 0 
1
0 0 0 0 0 0 0 0 0 
0 2 0 0 0 0 0 0 0 1 0 0 2 0 2 0 0 0 0 0 0 0 0 1 0 1 0 0 1 2 0 0 0 1 0 0 0 0 0 0 1 0 1 0 0 0 2 0 2 0 0 0 0 0 2 0 0 0 1 0 0 0 0 0 0 0 0 0 2 0 0 0 1 0 0 0 0 0 0 2 0 
0 2 0 0 0 0 0 0 0 1 0 0 2 0 2 0 0 0 0 0 0 0 0 1 0 1 0 0 1 2 0 0 0 1 0 0 0 0 0 0 1 0 1 0 0 0 2 0 2 0 0 0 0 0 2 0 0 0 1 0 0 0 0 0 0 0 0 0 2 0 0 0 1 0 0 0 0 0 0 2 0 
1
0 0 0 0 0 0 0 0 0 
0 2 0 0 0 0 0 0 0 1 0 0 2 0 2 0 0 0 0 0 0 0 0 1 0 1 0 0 1 2 0 0 0 1 0 0 0 0 0 0 1 0 1 0 0 0 2 0 2 0 0 0 0 0 2 0 0 0 1 0 0 0 0 0 0 0 0 0 2 0 0 0 1 0 0 0 1 0 0 2 0 
0 2 0 0 0 0 0 0 0 1 0 0 2 0 2 0 0 0 0 0 0 0 0 1 0 1 0 0 1 2 0 0 0 1 0 0 0 0 0 0 1 0 1 0 0 0 2 0 2 0 0 0 0 0 2 0 0 0 1 0 0 0 0 0 0 0 0 0 2 0 0 0 1 0 0 0 1 0 0 2 0 
1
0 0 0 0 0 0 0 0 0 
0 2 0 0 0 0 0 0 0 1 0 0 2 0 2 0 0 0 0 0 0 0 0 1 0 1 0 0 1 2 0 0 0 1 0 0 0 0 0 0 1 0 1 0 0 0 2 0 2 0 0 0 0 0 2 0 0 0 1 0 0 0 0 0 0 0 2 0 2 0 0 0 1 0 0 0 1 0 0 2 0 
0 2 0 0 0 0 0 0 0 1 0 0 2 0 2 0 0 0 0 0 0 0 0 1 0 1 0 0 1 2 0 0 0 1 0 0 0 0 0 0 1 0 1 0 0 0 2 0 2 0 0 0 0 0 2 0 0 0 1 0 0 0 0 0 0 0 2 0 2 0 0 0 1 0 0 0 1 0 0 2 0 
1
0 0 0 0 0 0 0 0 0 
0 2 0 0 0 0 0 0 0 1 0 0 2 0 2 0 0 0 0 0 0 0 0 1 0 1 0 0 1 2 0 0 0 1 0 0 0 0 1 0 1 0 1 0 0 0 2 0 2 0 0 0 0 0 2 0 0 0 1 0 0 0 0 0 0 0 2 0 2 0 0 0 1 0 0 0 1 0 0 2 0 
0 2 0 0 0 0 0 0 0 1 0 0 2 0 2 0 0 0 0 0 0 0 0 1 0 1 0 0 1 2 0 0 0 1 0 0 0 0 1 0 1 0 1 0 0 0 2 0 2 0 0 0 0 0 2 0 0 0 1 0 0 0 0 0 0 0 2 0 2 0 0 0 1 0 0 0 1 0 0 2 0 
1
0 0 0 0 0 0 0 0 0 
0 2 0 0 0 0 0 0 0 1 0 0 2 0 2 0 0 0 0 0 0 0 0 1 0 1 0 0 1 2 0 0 0 1 0 0 0 0 1 0 1 0 1 0 0 0 2 0 2 0 0 2 0 0 2 0 0 0 1 0 0 0 0 0 0 0 2 0 2 0 0 0 1 0 0 0 1 0 0 2 0 
0 2 0 0 0 0 0 0 0 1 0 0 2 0 2 0 0 0 0 0 0 0 0 1 0 1 0 0 1 2 0 0 0 1 0 0 0 0 1 0 1 0 1 0 0 0 2 0 2 0 0 2 0 0 2 0 0 0 1 0 0 0 0 0 0 0 2 0 2 0 0 0 1 0 0 0 1 0 0 2 0 
1
0 0 0 0 0 0 0 0 0 
0 2 0 0 0 0 0 0 0 1 0 0 2 0 2 0 0 0 0 0 0 0 0 1 0 1 0 0 1 2 0 0 0 1 0 0 0 0 1 0 1 0 1 0 0 0 2 0 2 0 0 2 0 0 2 0 0 0 1 0 0 0 0 0 0 0 2 0 2 0 0 0 1 0 1 0 1 0 0 2 0 
0 2 0 0 0 0 0 0 0 1 0 0 2 0 2 0 0 0 0 0 0 0 0 1 0 1 0 0 1 2 0 0 0 1 0 0 0 0 1 0 1 0 1 0 0 0 2 0 2 0 0 2 0 0 2 0 0 0 1 0 0 0 0 0 0 0 2 0 2 0 0 0 1 0 1 0 1 0 0 2 0 
1
0 0 0 0 0 0 0 0 0 
0 2 0 0 0 0 0 0 0 1 0 0 2 0 2 0 0 0 0 0 0 0 0 1 0 1 0 0 1 2 0 0 0 1 0 0 0 0 1 0 1 0 1 0 0 0 2 0 2 0 0 2 0 0 2 0 0 0 1 0 0 0 2 0 0 0 2 0 2 0 0 0 1 0 1 0 1 0 0 2 0 
0 2 0 0 0 0 0 0 0 1 0 0 2 0 2 0 0 0 0 0 0 0 0 1 0 1 0 0 1 2 0 0 0 1 0 0 0 0 1 0 1 0 1 0 0 0 2 0 2 0 0 2 0 0 2 0 0 0 1 0 0 0 2 0 0 0 2 0 2 0 0 0 1 0 1 0 1 0 0 2 0 
1
0 0 0 0 0 0 0 0 0 
0 2 0 0 0 0 1 0 0 1 0 0 2 0 2 0 0 0 0 0 0 0 0 1 0 1 0 0 1 2 0 0 0 1 0 0 0 0 1 0 1 0 1 0 0 0 2 0 2 0 0 2 0 0 2 0 0 0 1 0 0 0 2 0 0 0 2 0 2 0 0 0 1 0 1 0 1 0 0 2 0 
0 2 0 0 0 0 1 0 0 1 0 0 2 0 2 0 0 0 0 0 0 0 0 1 0 1 0 0 1 2 0 0 0 1 0 0 0 0 1 0 1 0 1 0 0 0 2 0 2 0 0 2 0 0 2 0 0 0 1 0 0 0 2 0 0 0 2 0 2 0 0 0 1 0 1 0 1 0 0 2 0 
1
0 0 0 0 0 0 0 0 0 
0 2 0 0 0 0 1 0 0 1 0 2 2 0 2 0 0 0 0 0 0 0 0 1 0 1 0 0 1 2 0 0 0 1 0 0 0 0 1 0 1 0 1 0 0 0 2 0 2 0 0 2 0 0 2 0 0 0 1 0 0 0 2 0 0 0 2 0 2 0 0 0 1 0 1 0 1 0 0 2 0 
0 2 0 0 0 0 1 0 0 1 0 2 2 0 2 0 0 0 0 0 0 0 0 1 0 1 0 0 1 2 0 0 0 1 0 0 0 0 1 0 1 0 1 0 0 0 2 0 2 0 0 2 0 0 2 0 0 0 1 0 0 0 2 0 0 0 2 0 2 0 0 0 1 0 1 0 1 0 0 2 0 
1
0 0 0 0 0 0 0 0 0 
0 2 0 0 0 0 1 0 0 1 0 2 2 0 2 0 0 0 0 0 0 0 0 1 0 1 0 0 1 2 0 0 0 1 1 0 0 0 1 0 1 0 1 0 0 0 2 0 2 0 0 2 0 0 2 0 0 0 1 0 0 0 2 0 0 0 2 0 2 0 0 0 1 0 1 0 1 0 0 2 0 
0 2 0 0 0 0 1 0 0 1 0 2 2 0 2 0 0 0 0 0 0 0 0 1 0 1 0 0 1 2 0 0 0 1 1 0 0 0 1 0 1 0 1 0 0 0 2 0 2 0 0 2 0 0 2 0 0 0 1 0 0 0 2 0 0 0 2 0 2 0 0 0 1 0 1 0 1 0 0 2 0 
1
0 2 0 0 0 0 0 0 0 
0 2 0 0 0 0 1 0 0 1 0 2 2 2 2 0 0 0 0 0 0 0 0 1 0 1 0 0 1 2 0 0 0 1 1 0 0 0 1 0 1 0 1 0 0 0 2 0 2 0 0 2 0 0 2 0 0 0 1 0 0 0 2 0 0 0 2 0 2 0 0 0 1 0 1 0 1 0 0 2 0 
0 2 0 32 32 32 1 0 0 1 0 2 34 34 34 0 0 0 0 0 0 32 32 33 0 1 0 0 1 2 0 0 0 1 1 0 0 0 1 0 1 0 1 0 0 0 2 0 2 0 0 2 0 0 2 0 0 0 1 0 0 0 2 0 0 0 2 0 2 0 0 0 1 0 1 0 1 0 0 2 0 
1
0 2 0 0 0 0 0 0 0 
0 2 0 0 0 0 1 0 0 1 0 2 2 2 2 0 0 0 0 0 0 0 0 1 0 1 0 0 1 2 0 0 0 1 1 0 0 0 1 0 1 0 1 0 0 0 2 0 2 1 0 2 0 0 2 0 0 0 1 0 0 0 2 0 0 0 2 0 2 0 0 0 1 0 1 0 1 0 0 2 0 
0 2 0 32 32 32 1 0 0 1 0 2 34 34 34 0 0 0 0 0 0 32 32 33 0 1 0 0 1 2 0 0 0 1 1 0 0 0 1 0 1 0 1 0 0 0 2 0 2 1 0 2 0 0 2 0 0 0 1 0 0 0 2 0 0 0 2 0 2 0 0 0 1 0 1 0 1 0 0 2 0 
1
0 2 0 0 0 0 0 0 0 
0 2 0 0 0 0 1 0 0 1 0 2 2 2 2 0 0 0 0 0 0 0 0 1 0 1 0 0 1 2 0 0 0 1 1 0 0 0 1 0 1 0 1 0 0 0 2 0 2 1 0 2 0 0 2 0 0 0 1 0 0 0 2 0 0 0 2 0 2 0 0 0 1 0 1 0 1 2 0 2 0 
0 2 0 32 32 32 1 0 0 1 0 2 34 34 34 0 0 0 0 0 0 32 32 33 0 1 0 0 1 2 0 0 0 1 1 0 0 0 1 0 1 0 1 0 0 0 2 0 2 1 0 2 0 0 2 0 0 0 1 0 0 0 2 0 0 0 2 0 2 0 0 0 1 0 1 0 1 2 0 2 0 
1
0 2 0 0 0 0 0 0 0 
0 2 0 0 0 0 1 0 0 1 0 2 2 2 2 0 0 0 0 0 0 0 0 1 0 1 0 0 1 2 0 0 0 1 1 0 0 0 1 0 1 0 1 0 0 0 2 0 2 1 0 2 0 0 2 0 0 0 1 0 1 0 2 0 0 0 2 0 2 0 0 0 1 0 1 0 1 2 0 2 0 
0 2 0 32 32 32 1 0 0 1 0 2 34 34 34 0 0 0 0 0 0 32 32 33 0 1 0 0 1 2 0 0 0 1 1 0 0 0 1 0 1 0 1 0 0 0 2 0 2 1 0 2 0 0 2 0 0 0 1 0 1 0 2 0 0 0 2 0 2 0 0 0 1 0 1 0 1 2 0 2 0 
1
0 2 0 0 0 0 0 0 0 
2 2 0 0 0 0 1 0 0 1 0 2 2 2 2 0 0 0 0 0 0 0 0 1 0 1 0 0 1 2 0 0 0 1 1 0 0 0 1 0 1 0 1 0 0 0 2 0 2 1 0 2 0 0 2 0 0 0 1 0 1 0 2 0 0 0 2 0 2 0 0 0 1 0 1 0 1 2 0 2 0 
2 2 0 32 32 32 1 0 0 1 0 2 34 34 34 0 0 0 0 0 0 32 32 33 0 1 0 0 1 2 0 0 0 1 1 0 0 0 1 0 1 0 1 0 0 0 2 0 2 1 0 2 0 0 2 0 0 0 1 0 1 0 2 0 0 0 2 0 2 0 0 0 1 0 1 0 1 2 0 2 0 
1
0 2 0 0 0 0 0 0 0 
2 2 0 0 0 0 1 0 0 1 0 2 2 2 2 0 0 0 1 0 0 0 0 1 0 1 0 0 1 2 0 0 0 1 1 0 0 0 1 0 1 0 1 0 0 0 2 0 2 1 0 2 0 0 2 0 0 0 1 0 1 0 2 0 0 0 2 0 2 0 0 0 1 0 1 0 1 2 0 2 0 
2 2 0 32 32 32 1 0 0 1 0 2 34 34 34 0 0 0 1 0 0 32 32 33 0 1 0 0 1 2 0 0 0 1 1 0 0 0 1 0 1 0 1 0 0 0 2 0 2 1 0 2 0 0 2 0 0 0 1 0 1 0 2 0 0 0 2 0 2 0 0 0 1 0 1 0 1 2 0 2 0 
1
0 2 0 0 0 0 0 0 0 
2 2 0 0 0 0 1 0 0 1 0 2 2 2 2 0 0 0 1 0 0 0 0 1 0 1 0 0 1 2 0 0 0 1 1 0 0 0 1 0 1 0 1 0 0 0 2 0 2 1 0 2 0 0 2 0 2 0 1 0 1 0 2 0 0 0 2 0 2 0 0 0 1 0 1 0 1 2 0 2 0 
2 2 0 32 32 32 1 0 0 1 0 2 34 34 34 0 0 0 1 0 0 32 32 33 0 1 0 0 1 2 0 0 0 1 1 0 0 0 1 0 1 0 1 0 0 0 2 0 2 1 0 2 0 0 2 0 2 0 1 0 1 0 2 0 0 0 2 0 2 0 0 0 1 0 1 0 1 2 0 2 0 
1
0 2 0 0 0 0 0 0 0 
2 2 0 0 0 0 1 0 0 1 0 2 2 2 2 0 0 1 1 0 0 0 0 1 0 1 0 0 1 2 0 0 0 1 1 0 0 0 1 0 1 0 1 0 0 0 2 0 2 1 0 2 0 0 2 0 2 0 1 0 1 0 2 0 0 0 2 0 2 0 0 0 1 0 1 0 1 2 0 2 0 
2 2 0 32 32 32 1 0 0 1 0 2 34 34 34 0 0 1 1 0 0 32 32 33 0 1 0 0 1 2 0 0 0 1 1 0 0 0 1 0 1 0 1 0 0 0 2 0 2 1 0 2 0 0 2 0 2 0 1 0 1 0 2 0 0 0 2 0 2 0 0 0 1 0 1 0 1 2 0 2 0 
1
0 2 0 0 0 0 0 0 0 
2 2 0 0 0 0 1 0 0 1 0 2 2 2 2 0 0 1 1 0 0 0 0 1 0 1 0 0 1 2 0 0 0 1 1 2 0 0 1 0 1 0 1 0 0 0 2 0 2 1 0 2 0 0 2 0 2 0 1 0 1 0 2 0 0 0 2 0 2 0 0 0 1 0 1 0 1 2 0 2 0 
2 2 0 32 32 32 1 0 0 1 0 2 34 34 34 0 0 1 1 0 0 32 32 33 0 1 0 0 1 2 0 0 0 1 1 2 0 0 1 0 1 0 1 0 0 0 2 0 2 1 0 2 0 0 2 0 2 0 1 0 1 0 2 0 0 0 2 0 2 0 0 0 1 0 1 0 1 2 0 2 0 
1
0 2 0 0 0 0 0 0 0 
2 2 0 0 0 0 1 0 1 1 0 2 2 2 2 0 0 1 1 0 0 0 0 1 0 1 0 0 1 2 0 0 0 1 1 2 0 0 1 0 1 0 1 0 0 0 2 0 2 1 0 2 0 0 2 0 2 0 1 0 1 0 2 0 0 0 2 0 2 0 0 0 1 0 1 0 1 2 0 2 0 
2 2 0 32 32 32 1 0 1 1 0 2 34 34 34 0 0 1 1 0 0 32 32 33 0 1 0 0 1 2 0 0 0 1 1 2 0 0 1 0 1 0 1 0 0 0 2 0 2 1 0 2 0 0 2 0 2 0 1 0 1 0 2 0 0 0 2 0 2 0 0 0 1 0 1 0 1 2 0 2 0 
1
0 2 0 0 0 0 0 0 0 
2 2 0 0 0 0 1 0 1 1 0 2 2 2 2 0 0 1 1 0 0 0 0 1 0 1 2 0 1 2 0 0 0 1 1 2 0 0 1 0 1 0 1 0 0 0 2 0 2 1 0 2 0 0 2 0 2 0 1 0 1 0 2 0 0 0 2 0 2 0 0 0 1 0 1 0 1 2 0 2 0 
2 2 0 32 32 32 1 0 1 1 0 2 34 34 34 0 0 1 1 0 0 32 32 33 0 1 2 0 1 2 0 0 0 1 1 2 0 0 1 0 1 0 1 0 0 0 2 0 2 1 0 2 0 0 2 0 2 0 1 0 1 0 2 0 0 0 2 0 2 0 0 0 1 0 1 0 1 2 0 2 0 
1
0 2 0 0 0 0 0 0 0 
2 2 0 0 0 0 1 0 1 1 0 2 2 2 2 0 0 1 1 0 0 0 0 1 0 1 2 0 1 2 0 0 0 1 1 2 0 0 1 0 1 0 1 0 0 0 2 0 2 1 0 2 0 0 2 0 2 0 1 0 1 0 2 0 0 0 2 0 2 1 0 0 1 0 1 0 1 2 0 2 0 
2 2 0 32 32 32 1 0 1 1 0 2 34 34 34 0 0 1 1 0 0 32 32 33 0 1 2 0 1 2 0 0 0 1 1 2 0 0 1 0 1 0 1 0 0 0 2 0 2 1 0 2 0 0 2 0 2 0 1 0 1 0 2 0 0 0 2 0 2 1 0 0 1 0 1 0 1 2 0 2 0 
1
0 2 0 0 0 0 0 0 0 
2 2 0 0 0 0 1 0 1 1 0 2 2 2 2 0 0 1 1 0 0 0 0 1 0 1 2 0 1 2 0 0 0 1 1 2 2 0 1 0 1 0 1 0 0 0 2 0 2 1 0 2 0 0 2 0 2 0 1 0 1 0 2 0 0 0 2 0 2 1 0 0 1 0 1 0 1 2 0 2 0 
2 2 0 32 32 32 1 0 1 1 0 2 34 34 34 0 0 1 1 0 0 32 32 33 0 1 2 0 1 2 0 0 0 1 1 2 2 0 1 0 1 0 1 0 0 0 2 0 2 1 0 2 0 0 2 0 2 0 1 0 1 0 2 0 0 0 2 0 2 1 0 0 1 0 1 0 1 2 0 2 0 
1
0 2 0 0 0 0 0 0 0 
2 2 0 0 0 0 1 0 1 1 0 2 2 2 2 0 0 1 1 0 0 0 0 1 0 1 2 0 1 2 0 0 0 1 1 2 2 0 1 0 1 0 1 0 0 0 2 1 2 1 0 2 0 0 2 0 2 0 1 0 1 0 2 0 0 0 2 0 2 1 0 0 1 0 1 0 1 2 0 2 0 
2 2 0 32 32 32 1 0 1 1 0 2 34 34 34 0 0 1 1 0 0 32 32 33 0 1 2 0 1 2 0 0 0 1 1 2 2 0 1 0 1 0 1 0 0 0 2 1 2 1 0 2 0 0 2 0 2 0 1 0 1 0 2 0 0 0 2 0 2 1 0 0 1 0 1 0 1 2 0 2 0 
1
0 2 0 0 0 0 0 0 0 
2 2 0 0 0 0 1 0 1 1 0 2 2 2 2 0 0 1 1 0 0 0 0 1 0 1 2 0 1 2 0 0 0 1 1 2 2 0 1 0 1 0 1 0 0 0 2 1 2 1 0 2 0 0 2 0 2 0 1 0 1 0 2 0 0 0 2 0 2 1 0 2 1 0 1 0 1 2 0 2 0 
2 2 0 32 32 32 1 0 1 1 0 2 34 34 34 0 0 1 1 0 0 32 32 33 0 1 2 0 1 2 0 0 0 1 1 2 2 0 1 0 1 0 1 0 0 0 2 1 2 1 0 2 0 0 2 0 2 0 1 0 1 0 2 0 0 0 2 0 2 1 0 2 1 0 1 0 1 2 0 2 0 
1
0 2 0 0 0 0 0 0 0 
2 2 0 0 0 0 1 0 1 1 0 2 2 2 2 0 0 1 1 0 0 0 0 1 0 1 2 0 1 2 0 0 0 1 1 2 2 0 1 0 1 0 1 0 0 0 2 1 2 1 0 2 0 1 2 0 2 0 1 0 1 0 2 0 0 0 2 0 2 1 0 2 1 0 1 0 1 2 0 2 0 
2 2 0 32 32 32 1 0 1 1 0 2 34 34 34 0 0 1 1 0 0 32 32 33 0 1 2 0 1 2 0 0 0 1 1 2 2 0 1 0 1 0 1 0 0 0 2 1 2 1 0 2 0 1 2 0 2 0 1 0 1 0 2 0 0 0 2 0 2 1 0 2 1 0 1 0 1 2 0 2 0 
1
0 2 0 0 0 0 0 0 2 
2 2 0 0 0 0 1 0 1 1 0 2 2 2 2 0 0 1 1 0 0 0 0 1 0 1 2 0 1 2 0 0 0 1 1 2 2 0 1 0 1 0 1 0 0 0 2 1 2 1 0 2 0 1 2 0 2 0 1 0 1 0 2 0 0 0 2 0 2 1 0 2 1 0 1 0 1 2 0 2 2 
2 2 0 32 32 32 1 0 1 1 0 2 34 34 34 0 0 1 1 0 0 32 32 33 0 1 2 0 1 2 0 0 0 1 1 2 2 0 1 0 1 0 1 0 0 0 2 1 2 1 0 2 0 1 2 0 2 0 1 0 33 32 34 0 0 0 2 0 2 33 32 34 1 0 1 0 1 2 32 34 34 
1
0 2 0 0 0 0 1 0 2 
2 2 0 0 0 0 1 0 1 1 0 2 2 2 2 0 0 1 1 0 0 0 0 1 0 1 2 0 1 2 0 0 0 1 1 2 2 0 1 0 1 0 1 0 0 0 2 1 2 1 0 2 0 1 2 0 2 0 1 0 1 0 2 0 0 0 2 0 2 1 0 2 1 1 1 0 1 2 0 2 2 
2 2 0 32 32 32 1 0 1 1 0 2 34 34 34 0 0 1 1 0 0 32 32 33 0 1 2 0 1 2 0 0 0 1 1 2 2 0 1 0 1 0 1 0 0 0 2 1 2 1 0 2 0 1 18 16 18 0 1 0 33 32 34 16 16 16 2 0 2 33 32 34 17 17 17 0 1 2 32 34 34 
1
0 2 0 0 0 0 1 2 2 
2 2 0 0 0 0 1 0 1 1 0 2 2 2 2 0 0 1 1 0 0 0 0 1 0 1 2 0 1 2 0 0 0 1 1 2 2 0 1 0 1 0 1 0 0 0 2 1 2 1 0 2 0 1 2 0 2 0 1 0 1 0 2 0 0 0 2 2 2 1 0 2 1 1 1 0 1 2 0 2 2 
2 2 0 32 32 32 1 0 1 1 0 2 34 34 34 0 0 1 1 0 0 32 32 33 0 1 2 0 1 2 0 0 0 1 1 2 2 0 1 0 1 0 1 0 0 0 2 1 2 1 0 2 0 1 18 16 18 32 33 32 33 32 34 16 16 16 34 34 34 33 32 34 17 17 17 32 33 34 32 34 34 
1
0 2 0 0 0 0 1 2 2 
2 2 0 0 0 0 1 0 1 1 0 2 2 2 2 0 0 1 1 0 0 0 0 1 0 1 2 0 1 2 0 0 0 1 1 2 2 0 1 0 1 1 1 0 0 0 2 1 2 1 0 2 0 1 2 0 2 0 1 0 1 0 2 0 0 0 2 2 2 1 0 2 1 1 1 0 1 2 0 2 2 
2 2 0 32 32 32 1 0 1 1 0 2 34 34 34 0 0 1 1 0 0 32 32 33 0 1 2 0 1 2 0 0 0 1 1 2 2 0 1 0 1 1 1 0 0 0 2 1 2 1 0 2 0 1 18 16 18 32 33 32 33 32 34 16 16 16 34 34 34 33 32 34 17 17 17 32 33 34 32 34 34 
1
0 2 0 0 0 0 1 2 2 
2 2 0 0 0 0 1 0 1 1 0 2 2 2 2 0 0 1 1 0 0 0 0 1 0 1 2 0 1 2 0 0 0 1 1 2 2 0 1 0 1 1 1 0 0 0 2 1 2 1 0 2 2 1 2 0 2 0 1 0 1 0 2 0 0 0 2 2 2 1 0 2 1 1 1 0 1 2 0 2 2 
2 2 0 32 32 32 1 0 1 1 0 2 34 34 34 0 0 1 1 0 0 32 32 33 0 1 2 0 1 2 0 0 0 1 1 2 2 0 1 0 1 1 1 0 0 0 2 1 2 1 0 2 2 1 18 16 18 32 33 32 33 32 34 16 16 16 34 34 34 33 32 34 17 17 17 32 33 34 32 34 34 
1
0 2 0 0 0 0 1 2 2 
2 2 0 0 0 0 1 0 1 1 0 2 2 2 2 0 0 1 1 0 0 0 0 1 0 1 2 1 1 2 0 0 0 1 1 2 2 0 1 0 1 1 1 0 0 0 2 1 2 1 0 2 2 1 2 0 2 0 1 0 1 0 2 0 0 0 2 2 2 1 0 2 1 1 1 0 1 2 0 2 2 
2 2 0 32 32 32 1 0 1 1 0 2 34 34 34 0 0 1 1 0 0 32 32 33 0 1 2 1 1 2 0 0 0 1 1 2 2 0 1 0 1 1 1 0 0 0 2 1 2 1 0 2 2 1 18 16 18 32 33 32 33 32 34 16 16 16 34 34 34 33 32 34 17 17 17 32 33 34 32 34 34 
1
0 2 0 0 0 0 1 2 2 
2 2 0 0 0 0 1 0 1 1 0 2 2 2 2 0 0 1 1 2 0 0 0 1 0 1 2 1 1 2 0 0 0 1 1 2 2 0 1 0 1 1 1 0 0 0 2 1 2 1 0 2 2 1 2 0 2 0 1 0 1 0 2 0 0 0 2 2 2 1 0 2 1 1 1 0 1 2 0 2 2 
2 2 0 32 32 32 1 0 1 1 0 2 34 34 34 0 0 1 1 2 0 32 32 33 0 1 2 1 1 2 0 0 0 1 1 2 2 0 1 0 1 1 1 0 0 0 2 1 2 1 0 2 2 1 18 16 18 32 33 32 33 32 34 16 16 16 34 34 34 33 32 34 17 17 17 32 33 34 32 34 34 
1
0 2 0 0 1 0 1 2 2 
2 2 0 0 0 0 1 0 1 1 0 2 2 2 2 0 0 1 1 2 0 0 0 1 0 1 2 1 1 2 0 0 0 1 1 2 2 0 1 1 1 1 1 0 0 0 2 1 2 1 0 2 2 1 2 0 2 0 1 0 1 0 2 0 0 0 2 2 2 1 0 2 1 1 1 0 1 2 0 2 2 
2 2 0 32 32 32 1 0 1 1 0 2 34 34 34 0 0 1 1 2 0 32 32 33 0 1 2 1 1 2 16 16 16 1 1 2 2 0 1 17 17 17 1 0 0 0 2 1 18 17 16 2 2 1 18 16 18 32 33 32 33 32 34 16 16 16 34 34 34 33 32 34 17 17 17 32 33 34 32 34 34 
1
0 2 0 0 1 0 1 2 2 
2 2 0 0 0 0 1 0 1 1 0 2 2 2 2 0 0 1 1 2 0 0 0 1 0 1 2 1 1 2 0 0 0 1 1 2 2 0 1 1 1 1 1 0 0 2 2 1 2 1 0 2 2 1 2 0 2 0 1 0 1 0 2 0 0 0 2 2 2 1 0 2 1 1 1 0 1 2 0 2 2 
2 2 0 32 32 32 1 0 1 1 0 2 34 34 34 0 0 1 1 2 0 32 32 33 0 1 2 1 1 2 16 16 16 1 1 2 2 0 1 17 17 17 1 0 0 2 2 1 18 17 16 2 2 1 18 16 18 32 33 32 33 32 34 16 16 16 34 34 34 33 32 34 17 17 17 32 33 34 32 34 34 
1
0 2 1 0 1 0 1 2 2 
2 2 0 0 0 0 1 1 1 1 0 2 2 2 2 0 0 1 1 2 0 0 0 1 0 1 2 1 1 2 0 0 0 1 1 2 2 0 1 1 1 1 1 0 0 2 2 1 2 1 0 2 2 1 2 0 2 0 1 0 1 0 2 0 0 0 2 2 2 1 0 2 1 1 1 0 1 2 0 2 2 
2 2 0 32 32 32 17 17 17 1 0 2 34 34 34 16 16 17 1 2 0 32 32 33 16 17 18 1 1 2 16 16 16 1 1 2 2 0 1 17 17 17 1 0 0 2 2 1 18 17 16 2 2 1 18 16 18 32 33 32 33 32 34 16 16 16 34 34 34 33 32 34 17 17 17 32 33 34 32 34 34 
1
0 2 1 0 1 0 1 2 2 
2 2 0 0 0 0 1 1 1 1 0 2 2 2 2 0 0 1 1 2 0 0 0 1 0 1 2 1 1 2 0 0 0 1 1 2 2 0 1 1 1 1 1 0 0 2 2 1 2 1 0 2 2 1 2 0 2 0 1 0 1 0 2 0 0 0 2 2 2 1 0 2 1 1 1 0 1 2 0 2 2 
2 2 0 32 32 32 17 17 17 1 0 2 34 34 34 16 16 17 1 2 0 32 32 33 16 17 18 1 1 2 16 16 16 1 1 2 2 0 1 17 17 17 1 0 0 2 2 1 18 17 16 2 2 1 18 16 18 32 33 32 33 32 34 16 16 16 34 34 34 33 32 34 17 17 17 32 33 34 32 34 34 
1
