0 0 0 0 0 0 0 0 0 
0 0 0 0 0 0 0 0 0 0 0 0 0 1 0 0 0 0 0 0 0 0 0 0 0 0 0 0 0 0 0 0 0 0 0 0 0 0 0 0 0 0 0 0 0 0 0 0 0 0 0 0 0 0 0 0 0 0 0 0 0 0 0 0 0 0 0 0 0 0 0 0 0 0 0 0 0 0 0 0 0 
0 0 0 0 0 0 0 0 0 0 0 0 0 1 0 0 0 0 0 0 0 0 0 0 0 0 0 0 0 0 0 0 0 0 0 0 0 0 0 0 0 0 0 0 0 0 0 0 0 0 0 0 0 0 0 0 0 0 0 0 0 0 0 0 0 0 0 0 0 0 0 0 0 0 0 0 0 0 0 0 0 
1
0 0 0 0 0 0 0 0 0 
0 0 0 0 0 0 0 0 0 0 0 0 0 1 0 0 0 0 0 0 0 0 0 0 0 0 0 0 0 0 0 0 0 0 0 0 0 0 0 0 2 0 0 0 0 0 0 0 0 0 0 0 0 0 0 0 0 0 0 0 0 0 0 0 0 0 0 0 0 0 0 0 0 0 0 0 0 0 0 0 0 
0 0 0 0 0 0 0 0 0 0 0 0 0 1 0 0 0 0 0 0 0 0 0 0 0 0 0 0 0 0 0 0 0 0 0 0 0 0 0 0 2 0 0 0 0 0 0 0 0 0 0 0 0 0 0 0 0 0 0 0 0 0 0 0 0 0 0 0 0 0 0 0 0 0 0 0 0 0 0 0 0 
1
0 0 0 0 0 0 0 0 0 
0 0 0 0 0 0 0 0 0 0 0 0 0 1 0 0 0 0 0 0 0 0 0 0 0 0 0 0 0 0 1 0 0 0 0 0 0 0 0 0 2 0 0 0 0 0 0 0 0 0 0 0 0 0 0 0 0 0 0 0 0 0 0 0 0 0 0 0 0 0 0 0 0 0 0 0 0 0 0 0 0 
0 0 0 0 0 0 0 0 0 0 0 0 0 1 0 0 0 0 0 0 0 0 0 0 0 0 0 0 0 0 1 0 0 0 0 0 0 0 0 0 2 0 0 0 0 0 0 0 0 0 0 0 0 0 0 0 0 0 0 0 0 0 0 0 0 0 0 0 0 0 0 0 0 0 0 0 0 0 0 0 0 
1
0 0 0 0 0 0 0 0 0 
0 2 0 0 0 0 0 0 0 0 0 0 0 1 0 0 0 0 0 0 0 0 0 0 0 0 0 0 0 0 1 0 0 0 0 0 0 0 0 0 2 0 0 0 0 0 0 0 0 0 0 0 0 0 0 0 0 0 0 0 0 0 0 0 0 0 0 0 0 0 0 0 0 0 0 0 0 0 0 0 0 
0 2 0 0 0 0 0 0 0 0 0 0 0 1 0 0 0 0 0 0 0 0 0 0 0 0 0 0 0 0 1 0 0 0 0 0 0 0 0 0 2 0 0 0 0 0 0 0 0 0 0 0 0 0 0 0 0 0 0 0 0 0 0 0 0 0 0 0 0 0 0 0 0 0 0 0 0 0 0 0 0 
1
0 0 0 0 0 0 0 0 0 
0 2 0 0 0 0 0 0 0 0 0 0 0 1 0 0 0 0 0 0 0 1 0 0 0 0 0 0 0 0 1 0 0 0 0 0 0 0 0 0 2 0 0 0 0 0 0 0 0 0 0 0 0 0 0 0 0 0 0 0 0 0 0 0 0 0 0 0 0 0 0 0 0 0 0 0 0 0 0 0 0 
0 2 0 0 0 0 0 0 0 0 0 0 0 1 0 0 0 0 0 0 0 1 0 0 0 0 0 0 0 0 1 0 0 0 0 0 0 0 0 0 2 0 0 0 0 0 0 0 0 0 0 0 0 0 0 0 0 0 0 0 0 0 0 0 0 0 0 0 0 0 0 0 0 0 0 0 0 0 0 0 0 
1
0 0 0 0 0 0 0 0 0 
0 2 0 0 0 0 0 0 0 0 0 0 0 1 0 0 0 0 0 0 0 1 0 0 0 0 0 0 0 0 1 0 0 0 0 0 0 0 0 0 2 0 0 0 0 0 0 0 0 0 0 0 0 0 0 0 2 0 0 0 0 0 0 0 0 0 0 0 0 0 0 0 0 0 0 0 0 0 0 0 0 
0 2 0 0 0 0 0 0 0 0 0 0 0 1 0 0 0 0 0 0 0 1 0 0 0 0 0 0 0 0 1 0 0 0 0 0 0 0 0 0 2 0 0 0 0 0 0 0 0 0 0 0 0 0 0 0 2 0 0 0 0 0 0 0 0 0 0 0 0 0 0 0 0 0 0 0 0 0 0 0 0 
1
0 0 0 0 0 0 0 0 0 
0 2 0 0 0 0 0 0 0 0 0 0 0 1 0 0 0 0 0 0 0 1 0 0 0 1 0 0 0 0 1 0 0 0 0 0 0 0 0 0 2 0 0 0 0 0 0 0 0 0 0 0 0 0 0 0 2 0 0 0 0 0 0 0 0 0 0 0 0 0 0 0 0 0 0 0 0 0 0 0 0 
0 2 0 0 0 0 0 0 0 0 0 0 0 1 0 0 0 0 0 0 0 1 0 0 0 1 0 0 0 0 1 0 0 0 0 0 0 0 0 0 2 0 0 0 0 0 0 0 0 0 0 0 0 0 0 0 2 0 0 0 0 0 0 0 0 0 0 0 0 0 0 0 0 0 0 0 0 0 0 0 0 
1
0 0 0 0 0 0 0 0 0 
0 2 0 0 0 0 0 0 0 0 0 0 0 1 0 0 0 0 0 0 0 1 0 0 0 1 0 0 0 0 1 0 0 0 0 0 0 0 0 0 2 0 0 0 0 0 0 0 0 0 0 0 0 0 0 0 2 0 0 0 0 0 0 0 0 0 2 0 0 0 0 0 0 0 0 0 0 0 0 0 0 
0 2 0 0 0 0 0 0 0 0 0 0 0 1 0 0 0 0 0 0 0 1 0 0 0 1 0 0 0 0 1 0 0 0 0 0 0 0 0 0 2 0 0 0 0 0 0 0 0 0 0 0 0 0 0 0 2 0 0 0 0 0 0 0 0 0 2 0 0 0 0 0 0 0 0 0 0 0 0 0 0 
1
0 0 0 0 0 0 0 0 0 
0 2 0 0 0 0 0 0 0 0 0 0 0 1 0 0 0 0 0 0 0 1 0 0 0 1 0 0 0 1 1 0 0 0 0 0 0 0 0 0 2 0 0 0 0 0 0 0 0 0 0 0 0 0 0 0 2 0 0 0 0 0 0 0 0 0 2 0 0 0 0 0 0 0 0 0 0 0 0 0 0 
0 2 0 0 0 0 0 0 0 0 0 0 0 1 0 0 0 0 0 0 0 1 0 0 0 1 0 0 0 1 1 0 0 0 0 0 0 0 0 0 2 0 0 0 0 0 0 0 0 0 0 0 0 0 0 0 2 0 0 0 0 0 0 0 0 0 2 0 0 0 0 0 0 0 0 0 0 0 0 0 0 
1
0 0 0 0 0 0 0 0 0 
0 2 0 0 0 0 0 0 0 0 0 0 0 1 0 2 0 0 0 0 0 1 0 0 0 1 0 0 0 1 1 0 0 0 0 0 0 0 0 0 2 0 0 0 0 0 0 0 0 0 0 0 0 0 0 0 2 0 0 0 0 0 0 0 0 0 2 0 0 0 0 0 0 0 0 0 0 0 0 0 0 
0 2 0 0 0 0 0 0 0 0 0 0 0 1 0 2 0 0 0 0 0 1 0 0 0 1 0 0 0 1 1 0 0 0 0 0 0 0 0 0 2 0 0 0 0 0 0 0 0 0 0 0 0 0 0 0 2 0 0 0 0 0 0 0 0 0 2 0 0 0 0 0 0 0 0 0 0 0 0 0 0 
1
0 0 0 0 0 0 0 0 0 
0 2 0 0 0 0 0 0 0 0 0 0 0 1 0 2 0 0 0 0 0 1 0 0 0 1 0 0 0 1 1 0 0 0 0 0 0 0 0 0 2 0 0 0 0 1 0 0 0 0 0 0 0 0 0 0 2 0 0 0 0 0 0 0 0 0 2 0 0 0 0 0 0 0 0 0 0 0 0 0 0 
0 2 0 0 0 0 0 0 0 0 0 0 0 1 0 2 0 0 0 0 0 1 0 0 0 1 0 0 0 1 1 0 0 0 0 0 0 0 0 0 2 0 0 0 0 1 0 0 0 0 0 0 0 0 0 0 2 0 0 0 0 0 0 0 0 0 2 0 0 0 0 0 0 0 0 0 0 0 0 0 0 
1
0 0 0 0 0 0 0 0 0 
0 2 0 0 0 0 0 0 0 0 0 0 0 1 0 2 0 0 0 0 0 1 0 0 0 1 0 0 0 1 1 0 0 0 0 0 0 0 0 0 2 0 0 0 0 1 0 0 0 0 0 0 0 0 0 0 2 0 0 0 0 0 0 0 0 0 2 0 0 0 0 0 2 0 0 0 0 0 0 0 0 
0 2 0 0 0 0 0 0 0 0 0 0 0 1 0 2 0 0 0 0 0 1 0 0 0 1 0 0 0 1 1 0 0 0 0 0 0 0 0 0 2 0 0 0 0 1 0 0 0 0 0 0 0 0 0 0 2 0 0 0 0 0 0 0 0 0 2 0 0 0 0 0 2 0 0 0 0 0 0 0 0 
1
0 0 0 0 0 0 0 0 0 
0 2 0 0 0 0 0 0 0 0 0 0 0 1 0 2 0 0 0 0 0 1 0 0 0 1 0 0 0 1 1 0 0 0 0 0 0 0 0 0 2 0 0 0 0 1 0 0 0 0 0 0 0 0 0 0 2 0 0 0 0 0 0 0 1 0 2 0 0 0 0 0 2 0 0 0 0 0 0 0 0 
0 2 0 0 0 0 0 0 0 0 0 0 0 1 0 2 0 0 0 0 0 1 0 0 0 1 0 0 0 1 1 0 0 0 0 0 0 0 0 0 2 0 0 0 0 1 0 0 0 0 0 0 0 0 0 0 2 0 0 0 0 0 0 0 1 0 2 0 0 0 0 0 2 0 0 0 0 0 0 0 0 
1
0 0 0 0 0 0 0 0 0 
0 2 0 0 0 0 0 0 0 0 0 0 0 1 0 2 0 0 0 0 0 1 0 0 0 1 0 0 0 1 1 0 0 0 0 0 0 0 0 2 2 0 0 0 0 1 0 0 0 0 0 0 0 0 0 0 2 0 0 0 0 0 0 0 1 0 2 0 0 0 0 0 2 0 0 0 0 0 0 0 0 
0 2 0 0 0 0 0 0 0 0 0 0 0 1 0 2 0 0 0 0 0 1 0 0 0 1 0 0 0 1 1 0 0 0 0 0 0 0 0 2 2 0 0 0 0 1 0 0 0 0 0 0 0 0 0 0 2 0 0 0 0 0 0 0 1 0 2 0 0 0 0 0 2 0 0 0 0 0 0 0 0 
1
0 0 0 0 0 0 0 0 0 
0 2 0 0 0 0 0 0 0 0 0 0 0 1 0 2 0 0 0 0 0 1 0 0 0 1 0 0 0 1 1 0 0 0 0 0 1 0 0 2 2 0 0 0 0 1 0 0 0 0 0 0 0 0 0 0 2 0 0 0 0 0 0 0 1 0 2 0 0 0 0 0 2 0 0 0 0 0 0 0 0 
0 2 0 0 0 0 0 0 0 0 0 0 0 1 0 2 0 0 0 0 0 1 0 0 0 1 0 0 0 1 1 0 0 0 0 0 1 0 0 2 2 0 0 0 0 1 0 0 0 0 0 0 0 0 0 0 2 0 0 0 0 0 0 0 1 0 2 0 0 0 0 0 2 0 0 0 0 0 0 0 0 
1
0 0 0 0 0 0 0 0 0 
0 2 0 0 0 0 0 0 0 0 0 0 0 1 0 2 0 0 0 0 0 1 0 0 0 1 0 0 0 1 1 0 0 0 0 0 1 0 0 2 2 0 0 0 0 1 2 0 0 0 0 0 0 0 0 0 2 0 0 0 0 0 0 0 1 0 2 0 0 0 0 0 2 0 0 0 0 0 0 0 0 
0 2 0 0 0 0 0 0 0 0 0 0 0 1 0 2 0 0 0 0 0 1 0 0 0 1 0 0 0 1 1 0 0 0 0 0 1 0 0 2 2 0 0 0 0 1 2 0 0 0 0 0 0 0 0 0 2 0 0 0 0 0 0 0 1 0 2 0 0 0 0 0 2 0 0 0 0 0 0 0 0 
1
0 0 0 0 0 0 0 0 0 
0 2 0 0 0 0 0 0 0 0 0 0 0 1 0 2 0 0 0 0 0 1 0 0 0 1 0 0 0 1 1 0 0 0 0 0 1 0 0 2 2 0 0 0 0 1 2 0 0 0 0 0 0 0 0 0 2 1 0 0 0 0 0 0 1 0 2 0 0 0 0 0 2 0 0 0 0 0 0 0 0 
0 2 0 0 0 0 0 0 0 0 0 0 0 1 0 2 0 0 0 0 0 1 0 0 0 1 0 0 0 1 1 0 0 0 0 0 1 0 0 2 2 0 0 0 0 1 2 0 0 0 0 0 0 0 0 0 2 1 0 0 0 0 0 0 1 0 2 0 0 0 0 0 2 0 0 0 0 0 0 0 0 
1
0 0 0 0 0 0 0 0 0 
0 2 0 0 0 0 0 0 0 0 0 0 0 1 0 2 0 0 0 2 0 1 0 0 0 1 0 0 0 1 1 0 0 0 0 0 1 0 0 2 2 0 0 0 0 1 2 0 0 0 0 0 0 0 0 0 2 1 0 0 0 0 0 0 1 0 2 0 0 0 0 0 2 0 0 0 0 0 0 0 0 
0 2 0 0 0 0 0 0 0 0 0 0 0 1 0 2 0 0 0 2 0 1 0 0 0 1 0 0 0 1 1 0 0 0 0 0 1 0 0 2 2 0 0 0 0 1 2 0 0 0 0 0 0 0 0 0 2 1 0 0 0 0 0 0 1 0 2 0 0 0 0 0 2 0 0 0 0 0 0 0 0 
1
0 0 0 0 0 0 0 0 0 
0 2 0 0 0 0 0 0 0 0 0 0 0 1 0 2 0 0 0 2 0 1 0 0 0 1 0 0 0 1 1 0 0 0 0 0 1 0 0 2 2 0 0 0 0 1 2 0 0 0 0 0 0 0 0 0 2 1 0 0 0 0 0 0 1 0 2 0 0 0 0 0 2 0 0 0 0 1 0 0 0 
0 2 0 0 0 0 0 0 0 0 0 0 0 1 0 2 0 0 0 2 0 1 0 0 0 1 0 0 0 1 1 0 0 0 0 0 1 0 0 2 2 0 0 0 0 1 2 0 0 0 0 0 0 0 0 0 2 1 0 0 0 0 0 0 1 0 2 0 0 0 0 0 2 0 0 0 0 1 0 0 0 
1
0 0 0 0 0 0 0 0 0 
0 2 0 0 0 0 0 0 0 0 0 0 0 1 0 2 0 0 0 2 0 1 0 0 0 1 0 0 0 1 1 0 0 0 0 0 1 0 0 2 2 0 0 0 0 1 2 0 0 0 0 0 0 0 0 0 2 1 0 0 2 0 0 0 1 0 2 0 0 0 0 0 2 0 0 0 0 1 0 0 0 
0 2 0 0 0 0 0 0 0 0 0 0 0 1 0 2 0 0 0 2 0 1 0 0 0 1 0 0 0 1 1 0 0 0 0 0 1 0 0 2 2 0 0 0 0 1 2 0 0 0 0 0 0 0 0 0 2 1 0 0 2 0 0 0 1 0 2 0 0 0 0 0 2 0 0 0 0 1 0 0 0 
1
0 0 0 0 0 0 0 0 0 
0 2 0 0 0 0 0 0 0 1 0 0 0 1 0 2 0 0 0 2 0 1 0 0 0 1 0 0 0 1 1 0 0 0 0 0 1 0 0 2 2 0 0 0 0 1 2 0 0 0 0 0 0 0 0 0 2 1 0 0 2 0 0 0 1 0 2 0 0 0 0 0 2 0 0 0 0 1 0 0 0 
0 2 0 0 0 0 0 0 0 1 0 0 0 1 0 2 0 0 0 2 0 1 0 0 0 1 0 0 0 1 1 0 0 0 0 0 1 0 0 2 2 0 0 0 0 1 2 0 0 0 0 0 0 0 0 0 2 1 0 0 2 0 0 0 1 0 2 0 0 0 0 0 2 0 0 0 0 1 0 0 0 
1
0 0 0 0 0 0 0 0 0 
0 2 0 0 0 0 0 0 0 1 0 0 0 1 0 2 0 0 0 2 0 1 0 0 0 1 0 0 2 1 1 0 0 0 0 0 1 0 0 2 2 0 0 0 0 1 2 0 0 0 0 0 0 0 0 0 2 1 0 0 2 0 0 0 1 0 2 0 0 0 0 0 2 0 0 0 0 1 0 0 0 
0 2 0 0 0 0 0 0 0 1 0 0 0 1 0 2 0 0 0 2 0 1 0 0 0 1 0 0 2 1 1 0 0 0 0 0 1 0 0 2 2 0 0 0 0 1 2 0 0 0 0 0 0 0 0 0 2 1 0 0 2 0 0 0 1 0 2 0 0 0 0 0 2 0 0 0 0 1 0 0 0 
1
0 1 0 0 0 0 0 0 0 
0 2 0 0 0 1 0 0 0 1 0 0 0 1 0 2 0 0 0 2 0 1 0 0 0 1 0 0 2 1 1 0 0 0 0 0 1 0 0 2 2 0 0 0 0 1 2 0 0 0 0 0 0 0 0 0 2 1 0 0 2 0 0 0 1 0 2 0 0 0 0 0 2 0 0 0 0 1 0 0 0 
0 2 0 16 16 17 0 0 0 1 0 0 16 17 16 2 0 0 0 2 0 17 16 16 0 1 0 0 2 1 1 0 0 0 0 0 1 0 0 2 2 0 0 0 0 1 2 0 0 0 0 0 0 0 0 0 2 1 0 0 2 0 0 0 1 0 2 0 0 0 0 0 2 0 0 0 0 1 0 0 0 
1
0 1 0 0 0 0 0 0 0 
0 2 0 0 0 1 2 0 0 1 0 0 0 1 0 2 0 0 0 2 0 1 0 0 0 1 0 0 2 1 1 0 0 0 0 0 1 0 0 2 2 0 0 0 0 1 2 0 0 0 0 0 0 0 0 0 2 1 0 0 2 0 0 0 1 0 2 0 0 0 0 0 2 0 0 0 0 1 0 0 0 
0 2 0 16 16 17 2 0 0 1 0 0 16 17 16 2 0 0 0 2 0 17 16 16 0 1 0 0 2 1 1 0 0 0 0 0 1 0 0 2 2 0 0 0 0 1 2 0 0 0 0 0 0 0 0 0 2 1 0 0 2 0 0 0 1 0 2 0 0 0 0 0 2 0 0 0 0 1 0 0 0 
1
0 1 0 0 0 0 0 0 0 
0 2 0 0 0 1 2 0 0 1 0 1 0 1 0 2 0 0 0 2 0 1 0 0 0 1 0 0 2 1 1 0 0 0 0 0 1 0 0 2 2 0 0 0 0 1 2 0 0 0 0 0 0 0 0 0 2 1 0 0 2 0 0 0 1 0 2 0 0 0 0 0 2 0 0 0 0 1 0 0 0 
0 2 0 16 16 17 2 0 0 1 0 1 16 17 16 2 0 0 0 2 0 17 16 16 0 1 0 0 2 1 1 0 0 0 0 0 1 0 0 2 2 0 0 0 0 1 2 0 0 0 0 0 0 0 0 0 2 1 0 0 2 0 0 0 1 0 2 0 0 0 0 0 2 0 0 0 0 1 0 0 0 
1
0 1 0 0 0 0 0 0 0 
0 2 0 0 0 1 2 0 0 1 0 1 0 1 0 2 0 0 0 2 0 1 0 0 0 1 0 0 2 1 1 0 0 0 0 0 1 0 0 2 2 0 0 0 2 1 2 0 0 0 0 0 0 0 0 0 2 1 0 0 2 0 0 0 1 0 2 0 0 0 0 0 2 0 0 0 0 1 0 0 0 
0 2 0 16 16 17 2 0 0 1 0 1 16 17 16 2 0 0 0 2 0 17 16 16 0 1 0 0 2 1 1 0 0 0 0 0 1 0 0 2 2 0 0 0 2 1 2 0 0 0 0 0 0 0 0 0 2 1 0 0 2 0 0 0 1 0 2 0 0 0 0 0 2 0 0 0 0 1 0 0 0 
1
0 1 0 0 0 0 0 0 0 
0 2 0 0 0 1 2 0 0 1 0 1 0 1 0 2 0 0 0 2 0 1 0 0 0 1 0 0 2 1 1 0 0 0 0 0 1 0 0 2 2 0 0 0 2 1 2 0 0 0 0 1 0 0 0 0 2 1 0 0 2 0 0 0 1 0 2 0 0 0 0 0 2 0 0 0 0 1 0 0 0 
0 2 0 16 16 17 2 0 0 1 0 1 16 17 16 2 0 0 0 2 0 17 16 16 0 1 0 0 2 1 1 0 0 0 0 0 1 0 0 2 2 0 0 0 2 1 2 0 0 0 0 1 0 0 0 0 2 1 0 0 2 0 0 0 1 0 2 0 0 0 0 0 2 0 0 0 0 1 0 0 0 
1
0 1 0 0 0 0 0 0 0 
0 2 0 0 0 1 2 0 0 1 0 1 0 1 0 2 0 0 0 2 0 1 0 0 0 1 0 0 2 1 1 0 0 0 0 0 1 0 0 2 2 0 0 0 2 1 2 0 0 0 0 1 0 0 0 0 2 1 0 0 2 0 0 0 1 0 2 0 0 0 0 0 2 0 2 0 0 1 0 0 0 
0 2 0 16 16 17 2 0 0 1 0 1 16 17 16 2 0 0 0 2 0 17 16 16 0 1 0 0 2 1 1 0 0 0 0 0 1 0 0 2 2 0 0 0 2 1 2 0 0 0 0 1 0 0 0 0 2 1 0 0 2 0 0 0 1 0 2 0 0 0 0 0 2 0 2 0 0 1 0 0 0 
1
0 1 0 0 0 0 0 0 0 
0 2 0 0 0 1 2 0 0 1 0 1 0 1 0 2 0 0 0 2 0 1 0 0 0 1 0 0 2 1 1 0 0 0 0 0 1 0 0 2 2 0 0 0 2 1 2 0 0 0 0 1 0 0 0 0 2 1 0 0 2 0 0 0 1 0 2 0 0 0 0 0 2 0 2 0 0 1 0 0 1 
0 2 0 16 16 17 2 0 0 1 0 1 16 17 16 2 0 0 0 2 0 17 16 16 0 1 0 0 2 1 1 0 0 0 0 0 1 0 0 2 2 0 0 0 2 1 2 0 0 0 0 1 0 0 0 0 2 1 0 0 2 0 0 0 1 0 2 0 0 0 0 0 2 0 2 0 0 1 0 0 1 
1
0 1 0 0 0 0 0 0 0 
0 2 0 0 0 1 2 0 0 1 0 1 0 1 0 2 0 0 0 2 0 1 0 0 0 1 0 0 2 1 1 0 0 0 0 0 1 0 0 2 2 0 0 0 2 1 2 0 0 0 0 1 0 0 0 0 2 1 0 0 2 0 0 0 1 0 2 0 0 0 0 0 2 0 2 0 0 1 0 2 1 
0 2 0 16 16 17 2 0 0 1 0 1 16 17 16 2 0 0 0 2 0 17 16 16 0 1 0 0 2 1 1 0 0 0 0 0 1 0 0 2 2 0 0 0 2 1 2 0 0 0 0 1 0 0 0 0 2 1 0 0 2 0 0 0 1 0 2 0 0 0 0 0 2 0 2 0 0 1 0 2 1 
1
0 1 0 0 0 0 0 0 0 
0 2 0 0 0 1 2 0 0 1 0 1 0 1 0 2 0 0 0 2 0 1 0 0 0 1 0 0 2 1 1 0 0 0 0 0 1 0 0 2 2 0 0 0 2 1 2 0 0 0 0 1 0 0 0 0 2 1 0 0 2 0 0 0 1 0 2 0 1 0 0 0 2 0 2 0 0 1 0 2 1 
0 2 0 16 16 17 2 0 0 1 0 1 16 17 16 2 0 0 0 2 0 17 16 16 0 1 0 0 2 1 1 0 0 0 0 0 1 0 0 2 2 0 0 0 2 1 2 0 0 0 0 1 0 0 0 0 2 1 0 0 2 0 0 0 1 0 2 0 1 0 0 0 2 0 2 0 0 1 0 2 1 
1
0 1 0 0 0 0 0 0 0 
0 2 0 0 0 1 2 0 0 1 0 1 0 1 0 2 0 0 0 2 0 1 0 0 0 1 0 0 2 1 1 0 0 0 0 0 1 0 0 2 2 0 0 0 2 1 2 0 0 0 0 1 0 2 0 0 2 1 0 0 2 0 0 0 1 0 2 0 1 0 0 0 2 0 2 0 0 1 0 2 1 
0 2 0 16 16 17 2 0 0 1 0 1 16 17 16 2 0 0 0 2 0 17 16 16 0 1 0 0 2 1 1 0 0 0 0 0 1 0 0 2 2 0 0 0 2 1 2 0 0 0 0 1 0 2 0 0 2 1 0 0 2 0 0 0 1 0 2 0 1 0 0 0 2 0 2 0 0 1 0 2 1 
1
0 1 0 0 0 0 0 0 0 
0 2 0 0 0 1 2 0 0 1 0 1 0 1 0 2 0 0 0 2 0 1 0 0 0 1 0 0 2 1 1 0 0 0 0 0 1 0 0 2 2 0 0 0 2 1 2 0 0 0 0 1 0 2 0 0 2 1 0 0 2 0 0 0 1 0 2 0 1 0 0 1 2 0 2 0 0 1 0 2 1 
0 2 0 16 16 17 2 0 0 1 0 1 16 17 16 2 0 0 0 2 0 17 16 16 0 1 0 0 2 1 1 0 0 0 0 0 1 0 0 2 2 0 0 0 2 1 2 0 0 0 0 1 0 2 0 0 2 1 0 0 2 0 0 0 1 0 2 0 1 0 0 1 2 0 2 0 0 1 0 2 1 
1
0 1 0 0 0 0 0 0 0 
0 2 0 0 0 1 2 0 0 1 0 1 0 1 0 2 0 0 0 2 0 1 0 0 0 1 0 0 2 1 1 0 0 2 0 0 1 0 0 2 2 0 0 0 2 1 2 0 0 0 0 1 0 2 0 0 2 1 0 0 2 0 0 0 1 0 2 0 1 0 0 1 2 0 2 0 0 1 0 2 1 
0 2 0 16 16 17 2 0 0 1 0 1 16 17 16 2 0 0 0 2 0 17 16 16 0 1 0 0 2 1 1 0 0 2 0 0 1 0 0 2 2 0 0 0 2 1 2 0 0 0 0 1 0 2 0 0 2 1 0 0 2 0 0 0 1 0 2 0 1 0 0 1 2 0 2 0 0 1 0 2 1 
1
0 1 0 0 0 0 0 0 0 
0 2 0 0 0 1 2 0 0 1 0 1 0 1 0 2 0 0 0 2 1 1 0 0 0 1 0 0 2 1 1 0 0 2 0 0 1 0 0 2 2 0 0 0 2 1 2 0 0 0 0 1 0 2 0 0 2 1 0 0 2 0 0 0 1 0 2 0 1 0 0 1 2 0 2 0 0 1 0 2 1 
0 2 0 16 16 17 2 0 0 1 0 1 16 17 16 2 0 0 0 2 1 17 16 16 0 1 0 0 2 1 1 0 0 2 0 0 1 0 0 2 2 0 0 0 2 1 2 0 0 0 0 1 0 2 0 0 2 1 0 0 2 0 0 0 1 0 2 0 1 0 0 1 2 0 2 0 0 1 0 2 1 
1
0 1 0 0 0 0 0 0 0 
0 2 0 0 0 1 2 0 0 1 0 1 0 1 0 2 0 0 0 2 1 1 0 0 0 1 0 0 2 1 1 0 0 2 0 0 1 0 0 2 2 0 0 0 2 1 2 0 0 0 0 1 0 2 0 0 2 1 0 0 2 0 2 0 1 0 2 0 1 0 0 1 2 0 2 0 0 1 0 2 1 
0 2 0 16 16 17 2 0 0 1 0 1 16 17 16 2 0 0 0 2 1 17 16 16 0 1 0 0 2 1 1 0 0 2 0 0 1 0 0 2 2 0 0 0 2 1 2 0 0 0 0 1 0 2 0 0 2 1 0 0 2 0 2 0 1 0 2 0 1 0 0 1 2 0 2 0 0 1 0 2 1 
1
0 1 0 0 0 0 0 0 0 
0 2 0 0 0 1 2 0 0 1 0 1 0 1 0 2 0 1 0 2 1 1 0 0 0 1 0 0 2 1 1 0 0 2 0 0 1 0 0 2 2 0 0 0 2 1 2 0 0 0 0 1 0 2 0 0 2 1 0 0 2 0 2 0 1 0 2 0 1 0 0 1 2 0 2 0 0 1 0 2 1 
0 2 0 16 16 17 2 0 0 1 0 1 16 17 16 2 0 1 0 2 1 17 16 16 0 1 0 0 2 1 1 0 0 2 0 0 1 0 0 2 2 0 0 0 2 1 2 0 0 0 0 1 0 2 0 0 2 1 0 0 2 0 2 0 1 0 2 0 1 0 0 1 2 0 2 0 0 1 0 2 1 
1
0 1 0 0 0 2 0 0 0 
0 2 0 0 0 1 2 0 0 1 0 1 0 1 0 2 0 1 0 2 1 1 0 0 0 1 0 0 2 1 1 0 0 2 0 0 1 0 0 2 2 0 0 2 2 1 2 0 0 0 0 1 0 2 0 0 2 1 0 0 2 0 2 0 1 0 2 0 1 0 0 1 2 0 2 0 0 1 0 2 1 
0 2 0 16 16 17 2 0 0 1 0 1 16 17 16 2 0 1 0 2 1 17 16 16 0 1 0 0 2 1 1 0 0 34 32 32 1 0 0 2 2 0 32 34 34 1 2 0 0 0 0 33 32 34 0 0 2 1 0 0 2 0 2 0 1 0 2 0 1 0 0 1 2 0 2 0 0 1 0 2 1 
1
0 1 0 0 0 2 0 0 0 
0 2 0 0 0 1 2 0 0 1 0 1 0 1 0 2 0 1 0 2 1 1 0 0 0 1 0 0 2 1 1 0 0 2 0 0 1 0 0 2 2 0 0 2 2 1 2 0 0 1 0 1 0 2 0 0 2 1 0 0 2 0 2 0 1 0 2 0 1 0 0 1 2 0 2 0 0 1 0 2 1 
0 2 0 16 16 17 2 0 0 1 0 1 16 17 16 2 0 1 0 2 1 17 16 16 0 1 0 0 2 1 1 0 0 34 32 32 1 0 0 2 2 0 32 34 34 1 2 0 0 1 0 33 32 34 0 0 2 1 0 0 2 0 2 0 1 0 2 0 1 0 0 1 2 0 2 0 0 1 0 2 1 
1
0 1 0 0 0 2 0 0 0 
0 2 0 0 0 1 2 0 0 1 0 1 0 1 0 2 0 1 0 2 1 1 0 0 0 1 0 0 2 1 1 0 0 2 0 0 1 0 0 2 2 0 0 2 2 1 2 0 0 1 0 1 0 2 0 0 2 1 0 0 2 0 2 0 1 0 2 0 1 0 0 1 2 0 2 2 0 1 0 2 1 
0 2 0 16 16 17 2 0 0 1 0 1 16 17 16 2 0 1 0 2 1 17 16 16 0 1 0 0 2 1 1 0 0 34 32 32 1 0 0 2 2 0 32 34 34 1 2 0 0 1 0 33 32 34 0 0 2 1 0 0 2 0 2 0 1 0 2 0 1 0 0 1 2 0 2 2 0 1 0 2 1 
1
0 1 0 0 0 2 0 0 0 
0 2 0 0 0 1 2 0 0 1 0 1 0 1 0 2 0 1 0 2 1 1 0 0 0 1 0 0 2 1 1 0 0 2 0 0 1 0 0 2 2 0 0 2 2 1 2 0 0 1 0 1 0 2 0 0 2 1 0 0 2 0 2 0 1 0 2 0 1 0 0 1 2 1 2 2 0 1 0 2 1 
0 2 0 16 16 17 2 0 0 1 0 1 16 17 16 2 0 1 0 2 1 17 16 16 0 1 0 0 2 1 1 0 0 34 32 32 1 0 0 2 2 0 32 34 34 1 2 0 0 1 0 33 32 34 0 0 2 1 0 0 2 0 2 0 1 0 2 0 1 0 0 1 2 1 2 2 0 1 0 2 1 
1
0 1 0 0 0 2 0 0 0 
0 2 0 0 0 1 2 0 0 1 0 1 0 1 0 2 0 1 0 2 1 1 0 0 0 1 0 0 2 1 1 0 0 2 0 0 1 0 0 2 2 0 0 2 2 1 2 0 0 1 0 1 0 2 0 0 2 1 0 2 2 0 2 0 1 0 2 0 1 0 0 1 2 1 2 2 0 1 0 2 1 
0 2 0 16 16 17 2 0 0 1 0 1 16 17 16 2 0 1 0 2 1 17 16 16 0 1 0 0 2 1 1 0 0 34 32 32 1 0 0 2 2 0 32 34 34 1 2 0 0 1 0 33 32 34 0 0 2 1 0 2 2 0 2 0 1 0 2 0 1 0 0 1 2 1 2 2 0 1 0 2 1 
1
0 1 0 0 0 2 0 0 0 
0 2 0 0 0 1 2 0 0 1 0 1 0 1 0 2 0 1 0 2 1 1 0 0 1 1 0 0 2 1 1 0 0 2 0 0 1 0 0 2 2 0 0 2 2 1 2 0 0 1 0 1 0 2 0 0 2 1 0 2 2 0 2 0 1 0 2 0 1 0 0 1 2 1 2 2 0 1 0 2 1 
0 2 0 16 16 17 2 0 0 1 0 1 16 17 16 2 0 1 0 2 1 17 16 16 1 1 0 0 2 1 1 0 0 34 32 32 1 0 0 2 2 0 32 34 34 1 2 0 0 1 0 33 32 34 0 0 2 1 0 2 2 0 2 0 1 0 2 0 1 0 0 1 2 1 2 2 0 1 0 2 1 
1
0 1 0 0 0 2 0 0 0 
0 2 0 0 0 1 2 0 0 1 0 1 0 1 0 2 0 1 0 2 1 1 0 0 1 1 0 0 2 1 1 0 0 2 0 0 1 0 0 2 2 0 0 2 2 1 2 0 0 1 0 1 0 2 0 0 2 1 0 2 2 0 2 2 1 0 2 0 1 0 0 1 2 1 2 2 0 1 0 2 1 
0 2 0 16 16 17 2 0 0 1 0 1 16 17 16 2 0 1 0 2 1 17 16 16 1 1 0 0 2 1 1 0 0 34 32 32 1 0 0 2 2 0 32 34 34 1 2 0 0 1 0 33 32 34 0 0 2 1 0 2 2 0 2 2 1 0 2 0 1 0 0 1 2 1 2 2 0 1 0 2 1 
1
0 1 0 1 0 2 0 0 0 
0 2 0 0 0 1 2 0 0 1 0 1 0 1 0 2 0 1 0 2 1 1 0 0 1 1 0 1 2 1 1 0 0 2 0 0 1 0 0 2 2 0 0 2 2 1 2 0 0 1 0 1 0 2 0 0 2 1 0 2 2 0 2 2 1 0 2 0 1 0 0 1 2 1 2 2 0 1 0 2 1 
0 2 0 16 16 17 2 0 0 1 0 1 16 17 16 2 0 1 0 2 1 17 16 16 1 1 0 17 18 17 1 0 0 34 32 32 17 16 16 2 2 0 32 34 34 17 18 16 0 1 0 33 32 34 0 0 2 1 0 2 2 0 2 2 1 0 2 0 1 0 0 1 2 1 2 2 0 1 0 2 1 
1
0 1 0 1 0 2 0 0 0 
0 2 0 0 0 1 2 0 0 1 0 1 0 1 0 2 0 1 2 2 1 1 0 0 1 1 0 1 2 1 1 0 0 2 0 0 1 0 0 2 2 0 0 2 2 1 2 0 0 1 0 1 0 2 0 0 2 1 0 2 2 0 2 2 1 0 2 0 1 0 0 1 2 1 2 2 0 1 0 2 1 
0 2 0 16 16 17 2 0 0 1 0 1 16 17 16 2 0 1 2 2 1 17 16 16 1 1 0 17 18 17 1 0 0 34 32 32 17 16 16 2 2 0 32 34 34 17 18 16 0 1 0 33 32 34 0 0 2 1 0 2 2 0 2 2 1 0 2 0 1 0 0 1 2 1 2 2 0 1 0 2 1 
1
0 1 0 1 0 2 0 0 0 
0 2 0 0 0 1 2 0 0 1 0 1 0 1 0 2 0 1 2 2 1 1 0 0 1 1 0 1 2 1 1 0 0 2 0 0 1 0 0 2 2 0 0 2 2 1 2 0 0 1 0 1 0 2 1 0 2 1 0 2 2 0 2 2 1 0 2 0 1 0 0 1 2 1 2 2 0 1 0 2 1 
0 2 0 16 16 17 2 0 0 1 0 1 16 17 16 2 0 1 2 2 1 17 16 16 1 1 0 17 18 17 1 0 0 34 32 32 17 16 16 2 2 0 32 34 34 17 18 16 0 1 0 33 32 34 1 0 2 1 0 2 2 0 2 2 1 0 2 0 1 0 0 1 2 1 2 2 0 1 0 2 1 
1
0 1 0 1 0 2 0 0 0 
0 2 2 0 0 1 2 0 0 1 0 1 0 1 0 2 0 1 2 2 1 1 0 0 1 1 0 1 2 1 1 0 0 2 0 0 1 0 0 2 2 0 0 2 2 1 2 0 0 1 0 1 0 2 1 0 2 1 0 2 2 0 2 2 1 0 2 0 1 0 0 1 2 1 2 2 0 1 0 2 1 
0 2 2 16 16 17 2 0 0 1 0 1 16 17 16 2 0 1 2 2 1 17 16 16 1 1 0 17 18 17 1 0 0 34 32 32 17 16 16 2 2 0 32 34 34 17 18 16 0 1 0 33 32 34 1 0 2 1 0 2 2 0 2 2 1 0 2 0 1 0 0 1 2 1 2 2 0 1 0 2 1 
1
0 1 1 1 0 2 0 0 0 
0 2 2 0 0 1 2 0 0 1 0 1 0 1 0 2 0 1 2 2 1 1 0 0 1 1 1 1 2 1 1 0 0 2 0 0 1 0 0 2 2 0 0 2 2 1 2 0 0 1 0 1 0 2 1 0 2 1 0 2 2 0 2 2 1 0 2 0 1 0 0 1 2 1 2 2 0 1 0 2 1 
0 2 2 16 16 17 18 16 16 1 0 1 16 17 16 18 16 17 2 2 1 17 16 16 17 17 17 17 18 17 1 0 0 34 32 32 17 16 16 2 2 0 32 34 34 17 18 16 0 1 0 33 32 34 1 0 2 1 0 2 2 0 2 2 1 0 2 0 1 0 0 1 2 1 2 2 0 1 0 2 1 
1
0 1 1 1 0 2 0 0 0 
0 2 2 0 0 1 2 0 0 1 0 1 0 1 0 2 0 1 2 2 1 1 0 0 1 1 1 1 2 1 1 0 0 2 0 0 1 0 0 2 2 0 0 2 2 1 2 0 0 1 0 1 0 2 1 0 2 1 0 2 2 0 2 2 1 0 2 0 1 0 0 1 2 1 2 2 0 1 2 2 1 
0 2 2 16 16 17 18 16 16 1 0 1 16 17 16 18 16 17 2 2 1 17 16 16 17 17 17 17 18 17 1 0 0 34 32 32 17 16 16 2 2 0 32 34 34 17 18 16 0 1 0 33 32 34 1 0 2 1 0 2 2 0 2 2 1 0 2 0 1 0 0 1 2 1 2 2 0 1 2 2 1 
1
0 1 1 1 0 2 1 0 0 
0 2 2 0 0 1 2 0 0 1 0 1 0 1 0 2 0 1 2 2 1 1 0 0 1 1 1 1 2 1 1 0 0 2 0 0 1 0 0 2 2 0 0 2 2 1 2 0 0 1 0 1 0 2 1 1 2 1 0 2 2 0 2 2 1 0 2 0 1 0 0 1 2 1 2 2 0 1 2 2 1 
0 2 2 16 16 17 18 16 16 1 0 1 16 17 16 18 16 17 2 2 1 17 16 16 17 17 17 17 18 17 1 0 0 34 32 32 17 16 16 2 2 0 32 34 34 17 18 16 0 1 0 33 32 34 17 17 18 1 0 2 2 0 2 18 17 16 2 0 1 0 0 1 18 17 18 2 0 1 2 2 1 
1
0 1 1 1 0 2 1 0 2 
0 2 2 0 0 1 2 0 0 1 0 1 0 1 0 2 0 1 2 2 1 1 0 0 1 1 1 1 2 1 1 0 0 2 0 0 1 0 0 2 2 0 0 2 2 1 2 0 0 1 0 1 0 2 1 1 2 1 0 2 2 0 2 2 1 0 2 0 1 0 2 1 2 1 2 2 0 1 2 2 1 
0 2 2 16 16 17 18 16 16 1 0 1 16 17 16 18 16 17 2 2 1 17 16 16 17 17 17 17 18 17 1 0 0 34 32 32 17 16 16 2 2 0 32 34 34 17 18 16 0 1 0 33 32 34 17 17 18 1 0 2 34 32 34 18 17 16 2 0 1 32 34 33 18 17 18 2 0 1 34 34 33 
1
0 1 1 1 0 2 1 0 2 
0 2 2 0 0 1 2 0 0 1 0 1 0 1 0 2 0 1 2 2 1 1 0 0 1 1 1 1 2 1 1 1 0 2 0 0 1 0 0 2 2 0 0 2 2 1 2 0 0 1 0 1 0 2 1 1 2 1 0 2 2 0 2 2 1 0 2 0 1 0 2 1 2 1 2 2 0 1 2 2 1 
0 2 2 16 16 17 18 16 16 1 0 1 16 17 16 18 16 17 2 2 1 17 16 16 17 17 17 17 18 17 1 1 0 34 32 32 17 16 16 2 2 0 32 34 34 17 18 16 0 1 0 33 32 34 17 17 18 1 0 2 34 32 34 18 17 16 2 0 1 32 34 33 18 17 18 2 0 1 34 34 33 
1
0 1 1 1 0 2 1 0 2 
0 2 2 0 0 1 2 0 0 1 0 1 0 1 0 2 0 1 2 2 1 1 0 0 1 1 1 1 2 1 1 1 0 2 0 0 1 0 0 2 2 0 0 2 2 1 2 0 0 1 0 1 0 2 1 1 2 1 0 2 2 0 2 2 1 0 2 0 1 0 2 1 2 1 2 2 2 1 2 2 1 
0 2 2 16 16 17 18 16 16 1 0 1 16 17 16 18 16 17 2 2 1 17 16 16 17 17 17 17 18 17 1 1 0 34 32 32 17 16 16 2 2 0 32 34 34 17 18 16 0 1 0 33 32 34 17 17 18 1 0 2 34 32 34 18 17 16 2 0 1 32 34 33 18 17 18 2 2 1 34 34 33 
1
0 1 1 1 0 2 1 1 2 
0 2 2 0 0 1 2 0 0 1 0 1 0 1 0 2 0 1 2 2 1 1 0 0 1 1 1 1 2 1 1 1 0 2 0 0 1 0 0 2 2 0 0 2 2 1 2 0 0 1 0 1 0 2 1 1 2 1 0 2 2 0 2 2 1 0 2 1 1 0 2 1 2 1 2 2 2 1 2 2 1 
0 2 2 16 16 17 18 16 16 1 0 1 16 17 16 18 16 17 2 2 1 17 16 16 17 17 17 17 18 17 1 1 0 34 32 32 17 16 16 2 2 0 32 34 34 17 18 16 0 1 0 33 32 34 17 17 18 17 16 18 34 32 34 18 17 16 18 17 17 32 34 33 18 17 18 18 18 17 34 34 33 
1
0 1 1 1 0 2 1 1 2 
0 2 2 0 0 1 2 0 0 1 0 1 0 1 0 2 0 1 2 2 1 1 0 0 1 1 1 1 2 1 1 1 2 2 0 0 1 0 0 2 2 0 0 2 2 1 2 0 0 1 0 1 0 2 1 1 2 1 0 2 2 0 2 2 1 0 2 1 1 0 2 1 2 1 2 2 2 1 2 2 1 
0 2 2 16 16 17 18 16 16 1 0 1 16 17 16 18 16 17 2 2 1 17 16 16 17 17 17 17 18 17 1 1 2 34 32 32 17 16 16 2 2 0 32 34 34 17 18 16 0 1 0 33 32 34 17 17 18 17 16 18 34 32 34 18 17 16 18 17 17 32 34 33 18 17 18 18 18 17 34 34 33 
1
1 1 1 1 0 2 1 1 2 
0 2 2 0 0 1 2 0 0 1 1 1 0 1 0 2 0 1 2 2 1 1 0 0 1 1 1 1 2 1 1 1 2 2 0 0 1 0 0 2 2 0 0 2 2 1 2 0 0 1 0 1 0 2 1 1 2 1 0 2 2 0 2 2 1 0 2 1 1 0 2 1 2 1 2 2 2 1 2 2 1 
16 18 18 16 16 17 18 16 16 17 17 17 16 17 16 18 16 17 18 18 17 17 16 16 17 17 17 17 18 17 1 1 2 34 32 32 17 16 16 2 2 0 32 34 34 17 18 16 0 1 0 33 32 34 17 17 18 17 16 18 34 32 34 18 17 16 18 17 17 32 34 33 18 17 18 18 18 17 34 34 33 
1
1 1 1 1 0 2 1 1 2 
0 2 2 0 0 1 2 0 0 1 1 1 0 1 0 2 0 1 2 2 1 1 0 0 1 1 1 1 2 1 1 1 2 2 0 0 1 0 0 2 2 0 0 2 2 1 2 0 0 1 0 1 0 2 1 1 2 1 0 2 2 0 2 2 1 0 2 1 1 0 2 1 2 1 2 2 2 1 2 2 1 
16 18 18 16 16 17 18 16 16 17 17 17 16 17 16 18 16 17 18 18 17 17 16 16 17 17 17 17 18 17 1 1 2 34 32 32 17 16 16 2 2 0 32 34 34 17 18 16 0 1 0 33 32 34 17 17 18 17 16 18 34 32 34 18 17 16 18 17 17 32 34 33 18 17 18 18 18 17 34 34 33 
1
