0 0 0 0 0 0 0 0 0 
0 0 0 0 0 0 0 0 0 0 0 0 0 0 0 0 0 0 0 0 0 0 0 0 0 0 0 0 0 0 0 0 0 0 0 0 0 0 0 0 1 0 0 0 0 0 0 0 0 0 0 0 0 0 0 0 0 0 0 0 0 0 0 0 0 0 0 0 0 0 0 0 0 0 0 0 0 0 0 0 0 
0 0 0 0 0 0 0 0 0 0 0 0 0 0 0 0 0 0 0 0 0 0 0 0 0 0 0 0 0 0 0 0 0 0 0 0 0 0 0 0 1 0 0 0 0 0 0 0 0 0 0 0 0 0 0 0 0 0 0 0 0 0 0 0 0 0 0 0 0 0 0 0 0 0 0 0 0 0 0 0 0 
0
0 0 0 0 0 0 0 0 0 
0 0 0 0 0 0 0 0 0 0 0 0 0 0 0 0 0 0 0 0 0 0 0 0 0 0 0 0 0 0 0 0 0 0 0 0 0 0 0 0 1 0 0 0 0 0 0 0 0 2 0 0 0 0 0 0 0 0 0 0 0 0 0 0 0 0 0 0 0 0 0 0 0 0 0 0 0 0 0 0 0 
0 0 0 0 0 0 0 0 0 0 0 0 0 0 0 0 0 0 0 0 0 0 0 0 0 0 0 0 0 0 0 0 0 0 0 0 0 0 0 0 1 0 0 0 0 0 0 0 0 2 0 0 0 0 0 0 0 0 0 0 0 0 0 0 0 0 0 0 0 0 0 0 0 0 0 0 0 0 0 0 0 
0
0 0 0 0 0 0 0 0 0 
0 0 0 0 0 0 0 0 0 0 0 0 0 0 0 0 0 0 0 0 0 0 0 0 0 0 0 0 0 0 0 0 0 0 0 0 0 0 0 0 1 0 0 0 0 0 0 0 0 2 0 0 0 0 0 0 0 0 0 0 0 0 0 0 0 0 0 0 0 0 0 0 0 0 0 0 1 0 0 0 0 
0 0 0 0 0 0 0 0 0 0 0 0 0 0 0 0 0 0 0 0 0 0 0 0 0 0 0 0 0 0 0 0 0 0 0 0 0 0 0 0 1 0 0 0 0 0 0 0 0 2 0 0 0 0 0 0 0 0 0 0 0 0 0 0 0 0 0 0 0 0 0 0 0 0 0 0 1 0 0 0 0 
0
0 0 0 0 0 0 0 0 0 
0 0 0 0 0 0 0 0 0 0 0 0 0 0 0 0 0 0 0 0 0 0 0 0 0 0 0 0 0 0 0 0 0 0 0 0 0 0 0 0 1 0 0 0 0 0 0 0 0 2 0 0 0 0 0 0 0 0 2 0 0 0 0 0 0 0 0 0 0 0 0 0 0 0 0 0 1 0 0 0 0 
0 0 0 0 0 0 0 0 0 0 0 0 0 0 0 0 0 0 0 0 0 0 0 0 0 0 0 0 0 0 0 0 0 0 0 0 0 0 0 0 1 0 0 0 0 0 0 0 0 2 0 0 0 0 0 0 0 0 2 0 0 0 0 0 0 0 0 0 0 0 0 0 0 0 0 0 1 0 0 0 0 
0
0 0 0 0 0 0 0 0 0 
0 0 0 0 0 0 0 0 0 0 0 0 0 0 1 0 0 0 0 0 0 0 0 0 0 0 0 0 0 0 0 0 0 0 0 0 0 0 0 0 1 0 0 0 0 0 0 0 0 2 0 0 0 0 0 0 0 0 2 0 0 0 0 0 0 0 0 0 0 0 0 0 0 0 0 0 1 0 0 0 0 
0 0 0 0 0 0 0 0 0 0 0 0 0 0 1 0 0 0 0 0 0 0 0 0 0 0 0 0 0 0 0 0 0 0 0 0 0 0 0 0 1 0 0 0 0 0 0 0 0 2 0 0 0 0 0 0 0 0 2 0 0 0 0 0 0 0 0 0 0 0 0 0 0 0 0 0 1 0 0 0 0 
0
0 0 0 0 0 0 0 0 0 
0 0 0 0 0 0 0 0 0 0 0 0 0 0 1 0 0 0 0 0 0 0 0 0 0 0 0 0 0 0 0 0 0 0 0 0 0 0 0 0 1 0 2 0 0 0 0 0 0 2 0 0 0 0 0 0 0 0 2 0 0 0 0 0 0 0 0 0 0 0 0 0 0 0 0 0 1 0 0 0 0 
0 0 0 0 0 0 0 0 0 0 0 0 0 0 1 0 0 0 0 0 0 0 0 0 0 0 0 0 0 0 0 0 0 0 0 0 0 0 0 0 1 0 2 0 0 0 0 0 0 2 0 0 0 0 0 0 0 0 2 0 0 0 0 0 0 0 0 0 0 0 0 0 0 0 0 0 1 0 0 0 0 
0
0 0 0 0 0 0 0 0 0 
0 0 0 0 0 0 0 0 0 0 0 0 0 0 1 0 0 0 0 0 0 0 0 0 0 0 0 0 0 0 0 0 0 0 0 0 0 0 0 0 1 0 2 0 0 0 1 0 0 2 0 0 0 0 0 0 0 0 2 0 0 0 0 0 0 0 0 0 0 0 0 0 0 0 0 0 1 0 0 0 0 
0 0 0 0 0 0 0 0 0 0 0 0 0 0 1 0 0 0 0 0 0 0 0 0 0 0 0 0 0 0 0 0 0 0 0 0 0 0 0 0 1 0 2 0 0 0 1 0 0 2 0 0 0 0 0 0 0 0 2 0 0 0 0 0 0 0 0 0 0 0 0 0 0 0 0 0 1 0 0 0 0 
0
0 0 0 0 0 0 0 0 0 
0 0 0 0 0 0 0 0 0 0 0 0 0 0 1 0 0 0 0 0 0 0 0 0 0 0 0 0 0 0 0 0 0 0 0 0 0 0 0 0 1 0 2 0 0 0 1 0 0 2 0 0 0 0 0 0 0 2 2 0 0 0 0 0 0 0 0 0 0 0 0 0 0 0 0 0 1 0 0 0 0 
0 0 0 0 0 0 0 0 0 0 0 0 0 0 1 0 0 0 0 0 0 0 0 0 0 0 0 0 0 0 0 0 0 0 0 0 0 0 0 0 1 0 2 0 0 0 1 0 0 2 0 0 0 0 0 0 0 2 2 0 0 0 0 0 0 0 0 0 0 0 0 0 0 0 0 0 1 0 0 0 0 
0
0 0 0 0 0 0 0 0 0 
0 0 0 0 0 0 0 0 0 0 0 0 0 0 1 0 0 0 0 0 1 0 0 0 0 0 0 0 0 0 0 0 0 0 0 0 0 0 0 0 1 0 2 0 0 0 1 0 0 2 0 0 0 0 0 0 0 2 2 0 0 0 0 0 0 0 0 0 0 0 0 0 0 0 0 0 1 0 0 0 0 
0 0 0 0 0 0 0 0 0 0 0 0 0 0 1 0 0 0 0 0 1 0 0 0 0 0 0 0 0 0 0 0 0 0 0 0 0 0 0 0 1 0 2 0 0 0 1 0 0 2 0 0 0 0 0 0 0 2 2 0 0 0 0 0 0 0 0 0 0 0 0 0 0 0 0 0 1 0 0 0 0 
0
0 0 0 0 0 0 0 0 0 
0 0 0 0 0 0 0 0 0 0 0 0 0 0 1 0 0 0 0 0 1 0 0 0 0 0 0 0 0 0 0 0 0 0 0 0 0 0 0 0 1 0 2 0 0 0 1 0 0 2 0 0 0 0 0 0 0 2 2 0 0 0 0 0 0 0 0 0 0 0 0 0 0 0 0 0 1 0 2 0 0 
0 0 0 0 0 0 0 0 0 0 0 0 0 0 1 0 0 0 0 0 1 0 0 0 0 0 0 0 0 0 0 0 0 0 0 0 0 0 0 0 1 0 2 0 0 0 1 0 0 2 0 0 0 0 0 0 0 2 2 0 0 0 0 0 0 0 0 0 0 0 0 0 0 0 0 0 1 0 2 0 0 
0
0 0 0 0 0 0 0 0 0 
0 0 0 0 0 0 0 0 0 0 0 0 0 0 1 0 0 0 0 0 1 0 0 0 0 0 0 0 0 0 0 0 0 0 0 0 0 0 0 0 1 0 2 0 0 0 1 0 0 2 0 0 0 0 0 0 0 2 2 0 0 0 0 0 0 0 0 0 0 0 0 0 0 0 1 0 1 0 2 0 0 
0 0 0 0 0 0 0 0 0 0 0 0 0 0 1 0 0 0 0 0 1 0 0 0 0 0 0 0 0 0 0 0 0 0 0 0 0 0 0 0 1 0 2 0 0 0 1 0 0 2 0 0 0 0 0 0 0 2 2 0 0 0 0 0 0 0 0 0 0 0 0 0 0 0 1 0 1 0 2 0 0 
0
0 0 0 0 0 0 0 0 0 
0 0 0 0 0 0 0 0 0 0 0 0 0 0 1 0 0 0 0 0 1 0 0 0 0 0 0 0 0 0 0 0 0 0 0 0 0 0 0 0 1 0 2 0 0 0 1 0 0 2 0 0 0 0 0 0 0 2 2 0 0 0 0 0 0 0 0 0 0 0 0 0 0 0 1 0 1 0 2 0 2 
0 0 0 0 0 0 0 0 0 0 0 0 0 0 1 0 0 0 0 0 1 0 0 0 0 0 0 0 0 0 0 0 0 0 0 0 0 0 0 0 1 0 2 0 0 0 1 0 0 2 0 0 0 0 0 0 0 2 2 0 0 0 0 0 0 0 0 0 0 0 0 0 0 0 1 0 1 0 2 0 2 
0
0 0 0 0 0 0 0 0 0 
0 0 0 0 0 0 0 0 0 0 0 0 0 0 1 0 0 0 0 0 1 0 0 0 0 0 0 0 0 0 0 0 0 0 0 0 0 0 0 0 1 0 2 0 0 0 1 0 0 2 0 0 0 0 0 0 0 2 2 0 0 0 0 0 0 0 0 0 0 0 0 1 0 0 1 0 1 0 2 0 2 
0 0 0 0 0 0 0 0 0 0 0 0 0 0 1 0 0 0 0 0 1 0 0 0 0 0 0 0 0 0 0 0 0 0 0 0 0 0 0 0 1 0 2 0 0 0 1 0 0 2 0 0 0 0 0 0 0 2 2 0 0 0 0 0 0 0 0 0 0 0 0 1 0 0 1 0 1 0 2 0 2 
0
0 0 0 0 0 0 0 0 0 
0 0 0 0 0 0 0 0 0 0 0 0 0 0 1 0 0 0 0 0 1 0 0 0 0 0 0 0 0 0 0 0 0 0 0 0 0 0 0 0 1 0 2 0 2 0 1 0 0 2 0 0 0 0 0 0 0 2 2 0 0 0 0 0 0 0 0 0 0 0 0 1 0 0 1 0 1 0 2 0 2 
0 0 0 0 0 0 0 0 0 0 0 0 0 0 1 0 0 0 0 0 1 0 0 0 0 0 0 0 0 0 0 0 0 0 0 0 0 0 0 0 1 0 2 0 2 0 1 0 0 2 0 0 0 0 0 0 0 2 2 0 0 0 0 0 0 0 0 0 0 0 0 1 0 0 1 0 1 0 2 0 2 
0
0 0 0 0 0 0 0 0 0 
0 0 0 0 0 0 0 0 0 0 0 0 0 0 1 0 0 0 0 0 1 0 0 0 0 0 0 0 0 0 0 0 0 0 0 0 0 0 0 0 1 0 2 0 2 0 1 0 0 2 0 1 0 0 0 0 0 2 2 0 0 0 0 0 0 0 0 0 0 0 0 1 0 0 1 0 1 0 2 0 2 
0 0 0 0 0 0 0 0 0 0 0 0 0 0 1 0 0 0 0 0 1 0 0 0 0 0 0 0 0 0 0 0 0 0 0 0 0 0 0 0 1 0 2 0 2 0 1 0 0 2 0 1 0 0 0 0 0 2 2 0 0 0 0 0 0 0 0 0 0 0 0 1 0 0 1 0 1 0 2 0 2 
0
0 0 0 0 0 0 0 0 0 
0 0 0 0 0 0 0 0 0 0 0 0 0 0 1 0 0 0 0 0 1 0 0 0 0 0 0 0 0 0 0 0 0 0 0 0 0 0 0 0 1 0 2 0 2 0 1 0 0 2 0 1 0 0 2 0 0 2 2 0 0 0 0 0 0 0 0 0 0 0 0 1 0 0 1 0 1 0 2 0 2 
0 0 0 0 0 0 0 0 0 0 0 0 0 0 1 0 0 0 0 0 1 0 0 0 0 0 0 0 0 0 0 0 0 0 0 0 0 0 0 0 1 0 2 0 2 0 1 0 0 2 0 1 0 0 2 0 0 2 2 0 0 0 0 0 0 0 0 0 0 0 0 1 0 0 1 0 1 0 2 0 2 
0
0 0 0 0 0 0 0 0 0 
0 0 0 0 0 0 0 0 0 0 0 0 0 0 1 0 0 0 1 0 1 0 0 0 0 0 0 0 0 0 0 0 0 0 0 0 0 0 0 0 1 0 2 0 2 0 1 0 0 2 0 1 0 0 2 0 0 2 2 0 0 0 0 0 0 0 0 0 0 0 0 1 0 0 1 0 1 0 2 0 2 
0 0 0 0 0 0 0 0 0 0 0 0 0 0 1 0 0 0 1 0 1 0 0 0 0 0 0 0 0 0 0 0 0 0 0 0 0 0 0 0 1 0 2 0 2 0 1 0 0 2 0 1 0 0 2 0 0 2 2 0 0 0 0 0 0 0 0 0 0 0 0 1 0 0 1 0 1 0 2 0 2 
0
0 0 0 0 0 0 0 0 0 
0 0 0 0 0 0 0 0 0 0 0 0 0 0 1 0 0 0 1 0 1 0 0 0 0 0 0 0 0 0 0 0 0 0 0 0 0 0 0 0 1 0 2 0 2 0 1 0 0 2 0 1 0 0 2 0 2 2 2 0 0 0 0 0 0 0 0 0 0 0 0 1 0 0 1 0 1 0 2 0 2 
0 0 0 0 0 0 0 0 0 0 0 0 0 0 1 0 0 0 1 0 1 0 0 0 0 0 0 0 0 0 0 0 0 0 0 0 0 0 0 0 1 0 2 0 2 0 1 0 0 2 0 1 0 0 2 0 2 2 2 0 0 0 0 0 0 0 0 0 0 0 0 1 0 0 1 0 1 0 2 0 2 
0
0 0 0 0 0 0 0 0 0 
0 0 0 0 0 0 0 0 0 0 0 0 0 0 1 0 1 0 1 0 1 0 0 0 0 0 0 0 0 0 0 0 0 0 0 0 0 0 0 0 1 0 2 0 2 0 1 0 0 2 0 1 0 0 2 0 2 2 2 0 0 0 0 0 0 0 0 0 0 0 0 1 0 0 1 0 1 0 2 0 2 
0 0 0 0 0 0 0 0 0 0 0 0 0 0 1 0 1 0 1 0 1 0 0 0 0 0 0 0 0 0 0 0 0 0 0 0 0 0 0 0 1 0 2 0 2 0 1 0 0 2 0 1 0 0 2 0 2 2 2 0 0 0 0 0 0 0 0 0 0 0 0 1 0 0 1 0 1 0 2 0 2 
0
0 0 0 0 0 0 0 0 0 
0 0 0 0 0 0 0 0 0 0 0 0 0 0 1 0 1 0 1 0 1 0 0 0 0 0 0 0 0 0 0 0 0 0 0 0 0 0 0 0 1 0 2 0 2 0 1 0 0 2 2 1 0 0 2 0 2 2 2 0 0 0 0 0 0 0 0 0 0 0 0 1 0 0 1 0 1 0 2 0 2 
0 0 0 0 0 0 0 0 0 0 0 0 0 0 1 0 1 0 1 0 1 0 0 0 0 0 0 0 0 0 0 0 0 0 0 0 0 0 0 0 1 0 2 0 2 0 1 0 0 2 2 1 0 0 2 0 2 2 2 0 0 0 0 0 0 0 0 0 0 0 0 1 0 0 1 0 1 0 2 0 2 
0
0 0 0 0 0 0 0 0 0 
0 0 0 0 0 0 0 0 0 0 0 0 0 0 1 0 1 0 1 0 1 0 0 0 0 0 0 0 0 0 0 0 0 0 0 0 0 0 0 0 1 0 2 0 2 0 1 0 0 2 2 1 0 0 2 0 2 2 2 0 0 0 0 0 0 0 0 0 0 1 0 1 0 0 1 0 1 0 2 0 2 
0 0 0 0 0 0 0 0 0 0 0 0 0 0 1 0 1 0 1 0 1 0 0 0 0 0 0 0 0 0 0 0 0 0 0 0 0 0 0 0 1 0 2 0 2 0 1 0 0 2 2 1 0 0 2 0 2 2 2 0 0 0 0 0 0 0 0 0 0 1 0 1 0 0 1 0 1 0 2 0 2 
0
0 0 0 0 0 0 0 0 0 
0 0 0 0 0 0 0 0 0 0 0 0 0 0 1 0 1 0 1 0 1 0 0 0 0 0 0 0 0 0 0 0 0 0 0 0 0 0 2 0 1 0 2 0 2 0 1 0 0 2 2 1 0 0 2 0 2 2 2 0 0 0 0 0 0 0 0 0 0 1 0 1 0 0 1 0 1 0 2 0 2 
0 0 0 0 0 0 0 0 0 0 0 0 0 0 1 0 1 0 1 0 1 0 0 0 0 0 0 0 0 0 0 0 0 0 0 0 0 0 2 0 1 0 2 0 2 0 1 0 0 2 2 1 0 0 2 0 2 2 2 0 0 0 0 0 0 0 0 0 0 1 0 1 0 0 1 0 1 0 2 0 2 
0
0 0 0 0 0 0 0 0 0 
0 0 0 0 0 0 0 0 0 0 0 0 0 0 1 0 1 0 1 0 1 0 0 0 0 0 0 0 0 0 0 0 0 0 0 1 0 0 2 0 1 0 2 0 2 0 1 0 0 2 2 1 0 0 2 0 2 2 2 0 0 0 0 0 0 0 0 0 0 1 0 1 0 0 1 0 1 0 2 0 2 
0 0 0 0 0 0 0 0 0 0 0 0 0 0 1 0 1 0 1 0 1 0 0 0 0 0 0 0 0 0 0 0 0 0 0 1 0 0 2 0 1 0 2 0 2 0 1 0 0 2 2 1 0 0 2 0 2 2 2 0 0 0 0 0 0 0 0 0 0 1 0 1 0 0 1 0 1 0 2 0 2 
0
0 0 0 0 0 0 0 0 0 
0 0 0 0 0 0 0 2 0 0 0 0 0 0 1 0 1 0 1 0 1 0 0 0 0 0 0 0 0 0 0 0 0 0 0 1 0 0 2 0 1 0 2 0 2 0 1 0 0 2 2 1 0 0 2 0 2 2 2 0 0 0 0 0 0 0 0 0 0 1 0 1 0 0 1 0 1 0 2 0 2 
0 0 0 0 0 0 0 2 0 0 0 0 0 0 1 0 1 0 1 0 1 0 0 0 0 0 0 0 0 0 0 0 0 0 0 1 0 0 2 0 1 0 2 0 2 0 1 0 0 2 2 1 0 0 2 0 2 2 2 0 0 0 0 0 0 0 0 0 0 1 0 1 0 0 1 0 1 0 2 0 2 
0
0 0 0 0 0 0 0 0 0 
0 0 0 0 1 0 0 2 0 0 0 0 0 0 1 0 1 0 1 0 1 0 0 0 0 0 0 0 0 0 0 0 0 0 0 1 0 0 2 0 1 0 2 0 2 0 1 0 0 2 2 1 0 0 2 0 2 2 2 0 0 0 0 0 0 0 0 0 0 1 0 1 0 0 1 0 1 0 2 0 2 
0 0 0 0 1 0 0 2 0 0 0 0 0 0 1 0 1 0 1 0 1 0 0 0 0 0 0 0 0 0 0 0 0 0 0 1 0 0 2 0 1 0 2 0 2 0 1 0 0 2 2 1 0 0 2 0 2 2 2 0 0 0 0 0 0 0 0 0 0 1 0 1 0 0 1 0 1 0 2 0 2 
0
0 0 0 0 0 0 0 0 0 
0 0 0 2 1 0 0 2 0 0 0 0 0 0 1 0 1 0 1 0 1 0 0 0 0 0 0 0 0 0 0 0 0 0 0 1 0 0 2 0 1 0 2 0 2 0 1 0 0 2 2 1 0 0 2 0 2 2 2 0 0 0 0 0 0 0 0 0 0 1 0 1 0 0 1 0 1 0 2 0 2 
0 0 0 2 1 0 0 2 0 0 0 0 0 0 1 0 1 0 1 0 1 0 0 0 0 0 0 0 0 0 0 0 0 0 0 1 0 0 2 0 1 0 2 0 2 0 1 0 0 2 2 1 0 0 2 0 2 2 2 0 0 0 0 0 0 0 0 0 0 1 0 1 0 0 1 0 1 0 2 0 2 
0
0 0 0 0 0 0 0 0 0 
1 0 0 2 1 0 0 2 0 0 0 0 0 0 1 0 1 0 1 0 1 0 0 0 0 0 0 0 0 0 0 0 0 0 0 1 0 0 2 0 1 0 2 0 2 0 1 0 0 2 2 1 0 0 2 0 2 2 2 0 0 0 0 0 0 0 0 0 0 1 0 1 0 0 1 0 1 0 2 0 2 
1 0 0 2 1 0 0 2 0 0 0 0 0 0 1 0 1 0 1 0 1 0 0 0 0 0 0 0 0 0 0 0 0 0 0 1 0 0 2 0 1 0 2 0 2 0 1 0 0 2 2 1 0 0 2 0 2 2 2 0 0 0 0 0 0 0 0 0 0 1 0 1 0 0 1 0 1 0 2 0 2 
0
0 0 0 0 0 0 0 0 0 
1 0 0 2 1 0 0 2 0 0 0 2 0 0 1 0 1 0 1 0 1 0 0 0 0 0 0 0 0 0 0 0 0 0 0 1 0 0 2 0 1 0 2 0 2 0 1 0 0 2 2 1 0 0 2 0 2 2 2 0 0 0 0 0 0 0 0 0 0 1 0 1 0 0 1 0 1 0 2 0 2 
1 0 0 2 1 0 0 2 0 0 0 2 0 0 1 0 1 0 1 0 1 0 0 0 0 0 0 0 0 0 0 0 0 0 0 1 0 0 2 0 1 0 2 0 2 0 1 0 0 2 2 1 0 0 2 0 2 2 2 0 0 0 0 0 0 0 0 0 0 1 0 1 0 0 1 0 1 0 2 0 2 
0
0 0 0 0 0 1 0 0 0 
1 0 0 2 1 0 0 2 0 0 0 2 0 0 1 0 1 0 1 0 1 0 0 0 0 0 0 0 0 0 0 0 0 0 0 1 0 0 2 0 1 0 2 1 2 0 1 0 0 2 2 1 0 0 2 0 2 2 2 0 0 0 0 0 0 0 0 0 0 1 0 1 0 0 1 0 1 0 2 0 2 
1 0 0 2 1 0 0 2 0 0 0 2 0 0 1 0 1 0 1 0 1 0 0 0 0 0 0 0 0 0 0 0 0 16 16 17 0 0 2 0 1 0 18 17 18 0 1 0 0 2 2 17 16 16 2 0 2 2 2 0 0 0 0 0 0 0 0 0 0 1 0 1 0 0 1 0 1 0 2 0 2 
0
0 0 0 0 2 1 0 0 0 
1 0 0 2 1 0 0 2 0 0 0 2 0 0 1 0 1 0 1 0 1 0 0 0 0 0 0 0 0 0 0 0 0 0 0 1 0 0 2 0 1 0 2 1 2 0 1 0 2 2 2 1 0 0 2 0 2 2 2 0 0 0 0 0 0 0 0 0 0 1 0 1 0 0 1 0 1 0 2 0 2 
1 0 0 2 1 0 0 2 0 0 0 2 0 0 1 0 1 0 1 0 1 0 0 0 0 0 0 0 0 0 32 32 32 16 16 17 0 0 2 32 33 32 18 17 18 0 1 0 34 34 34 17 16 16 2 0 2 2 2 0 0 0 0 0 0 0 0 0 0 1 0 1 0 0 1 0 1 0 2 0 2 
0
0 0 0 0 2 1 0 0 0 
1 0 0 2 1 0 0 2 0 0 0 2 0 0 1 0 1 0 1 0 1 0 0 0 0 0 0 0 0 0 0 0 0 0 0 1 0 0 2 0 1 0 2 1 2 0 1 0 2 2 2 1 0 0 2 0 2 2 2 0 0 0 0 1 0 0 0 0 0 1 0 1 0 0 1 0 1 0 2 0 2 
1 0 0 2 1 0 0 2 0 0 0 2 0 0 1 0 1 0 1 0 1 0 0 0 0 0 0 0 0 0 32 32 32 16 16 17 0 0 2 32 33 32 18 17 18 0 1 0 34 34 34 17 16 16 2 0 2 2 2 0 0 0 0 1 0 0 0 0 0 1 0 1 0 0 1 0 1 0 2 0 2 
0
0 0 0 0 2 1 0 0 0 
1 0 0 2 1 0 0 2 0 0 0 2 0 0 1 0 1 0 1 0 1 0 0 0 0 0 0 0 0 0 0 0 0 0 0 1 2 0 2 0 1 0 2 1 2 0 1 0 2 2 2 1 0 0 2 0 2 2 2 0 0 0 0 1 0 0 0 0 0 1 0 1 0 0 1 0 1 0 2 0 2 
1 0 0 2 1 0 0 2 0 0 0 2 0 0 1 0 1 0 1 0 1 0 0 0 0 0 0 0 0 0 32 32 32 16 16 17 2 0 2 32 33 32 18 17 18 0 1 0 34 34 34 17 16 16 2 0 2 2 2 0 0 0 0 1 0 0 0 0 0 1 0 1 0 0 1 0 1 0 2 0 2 
0
0 0 0 0 2 1 0 0 0 
1 0 0 2 1 0 0 2 0 0 0 2 0 0 1 0 1 0 1 0 1 0 0 0 0 0 0 0 0 0 0 0 0 0 0 1 2 0 2 0 1 0 2 1 2 0 1 1 2 2 2 1 0 0 2 0 2 2 2 0 0 0 0 1 0 0 0 0 0 1 0 1 0 0 1 0 1 0 2 0 2 
1 0 0 2 1 0 0 2 0 0 0 2 0 0 1 0 1 0 1 0 1 0 0 0 0 0 0 0 0 0 32 32 32 16 16 17 2 0 2 32 33 32 18 17 18 0 1 1 34 34 34 17 16 16 2 0 2 2 2 0 0 0 0 1 0 0 0 0 0 1 0 1 0 0 1 0 1 0 2 0 2 
0
0 0 0 0 2 1 0 0 2 
1 0 0 2 1 0 0 2 0 0 0 2 0 0 1 0 1 0 1 0 1 0 0 0 0 0 0 0 0 0 0 0 0 0 0 1 2 0 2 0 1 0 2 1 2 0 1 1 2 2 2 1 0 0 2 0 2 2 2 0 0 0 0 1 0 0 0 0 0 1 0 1 0 0 1 0 1 0 2 2 2 
1 0 0 2 1 0 0 2 0 0 0 2 0 0 1 0 1 0 1 0 1 0 0 0 0 0 0 0 0 0 32 32 32 16 16 17 2 0 2 32 33 32 18 17 18 0 1 1 34 34 34 17 16 16 2 0 2 2 2 0 32 32 32 1 0 0 0 0 0 33 32 33 0 0 1 0 1 0 34 34 34 
0
0 0 0 0 2 1 0 0 2 
1 0 0 2 1 0 0 2 0 0 0 2 0 0 1 0 1 0 1 0 1 0 0 0 0 0 0 0 0 0 0 0 0 0 0 1 2 0 2 0 1 0 2 1 2 0 1 1 2 2 2 1 0 0 2 0 2 2 2 1 0 0 0 1 0 0 0 0 0 1 0 1 0 0 1 0 1 0 2 2 2 
1 0 0 2 1 0 0 2 0 0 0 2 0 0 1 0 1 0 1 0 1 0 0 0 0 0 0 0 0 0 32 32 32 16 16 17 2 0 2 32 33 32 18 17 18 0 1 1 34 34 34 17 16 16 2 0 2 2 2 1 32 32 32 1 0 0 0 0 0 33 32 33 0 0 1 0 1 0 34 34 34 
0
0 0 0 0 2 1 0 0 2 
1 0 0 2 1 0 0 2 0 0 0 2 0 0 1 2 1 0 1 0 1 0 0 0 0 0 0 0 0 0 0 0 0 0 0 1 2 0 2 0 1 0 2 1 2 0 1 1 2 2 2 1 0 0 2 0 2 2 2 1 0 0 0 1 0 0 0 0 0 1 0 1 0 0 1 0 1 0 2 2 2 
1 0 0 2 1 0 0 2 0 0 0 2 0 0 1 2 1 0 1 0 1 0 0 0 0 0 0 0 0 0 32 32 32 16 16 17 2 0 2 32 33 32 18 17 18 0 1 1 34 34 34 17 16 16 2 0 2 2 2 1 32 32 32 1 0 0 0 0 0 33 32 33 0 0 1 0 1 0 34 34 34 
0
0 0 0 1 2 1 0 0 2 
1 0 0 2 1 0 0 2 0 0 0 2 0 0 1 2 1 0 1 0 1 0 0 0 0 0 0 0 0 0 0 0 0 0 0 1 2 0 2 0 1 0 2 1 2 1 1 1 2 2 2 1 0 0 2 0 2 2 2 1 0 0 0 1 0 0 0 0 0 1 0 1 0 0 1 0 1 0 2 2 2 
1 0 0 2 1 0 0 2 0 0 0 2 0 0 1 2 1 0 1 0 1 0 0 0 0 0 0 16 16 16 32 32 32 16 16 17 18 16 18 32 33 32 18 17 18 17 17 17 34 34 34 17 16 16 2 0 2 2 2 1 32 32 32 1 0 0 0 0 0 33 32 33 0 0 1 0 1 0 34 34 34 
0
0 0 0 1 2 1 0 0 2 
1 0 0 2 1 0 0 2 0 0 0 2 0 0 1 2 1 0 1 0 1 0 0 0 0 0 0 0 0 0 0 0 0 0 0 1 2 0 2 0 1 0 2 1 2 1 1 1 2 2 2 1 0 0 2 0 2 2 2 1 0 0 0 1 0 0 0 0 0 1 0 1 2 0 1 0 1 0 2 2 2 
1 0 0 2 1 0 0 2 0 0 0 2 0 0 1 2 1 0 1 0 1 0 0 0 0 0 0 16 16 16 32 32 32 16 16 17 18 16 18 32 33 32 18 17 18 17 17 17 34 34 34 17 16 16 2 0 2 2 2 1 32 32 32 1 0 0 0 0 0 33 32 33 2 0 1 0 1 0 34 34 34 
0
0 0 0 1 2 1 0 0 2 
1 0 0 2 1 0 0 2 0 0 0 2 0 0 1 2 1 0 1 0 1 0 0 0 0 0 0 0 0 0 0 0 0 0 0 1 2 0 2 0 1 0 2 1 2 1 1 1 2 2 2 1 0 0 2 1 2 2 2 1 0 0 0 1 0 0 0 0 0 1 0 1 2 0 1 0 1 0 2 2 2 
1 0 0 2 1 0 0 2 0 0 0 2 0 0 1 2 1 0 1 0 1 0 0 0 0 0 0 16 16 16 32 32 32 16 16 17 18 16 18 32 33 32 18 17 18 17 17 17 34 34 34 17 16 16 2 1 2 2 2 1 32 32 32 1 0 0 0 0 0 33 32 33 2 0 1 0 1 0 34 34 34 
0
0 0 0 1 2 1 0 0 2 
1 0 0 2 1 0 0 2 0 0 0 2 0 0 1 2 1 0 1 0 1 0 2 0 0 0 0 0 0 0 0 0 0 0 0 1 2 0 2 0 1 0 2 1 2 1 1 1 2 2 2 1 0 0 2 1 2 2 2 1 0 0 0 1 0 0 0 0 0 1 0 1 2 0 1 0 1 0 2 2 2 
1 0 0 2 1 0 0 2 0 0 0 2 0 0 1 2 1 0 1 0 1 0 2 0 0 0 0 16 16 16 32 32 32 16 16 17 18 16 18 32 33 32 18 17 18 17 17 17 34 34 34 17 16 16 2 1 2 2 2 1 32 32 32 1 0 0 0 0 0 33 32 33 2 0 1 0 1 0 34 34 34 
0
0 0 0 1 2 1 0 0 2 
1 0 0 2 1 0 0 2 0 0 0 2 0 0 1 2 1 0 1 0 1 0 2 0 0 0 0 0 0 0 0 0 0 0 0 1 2 0 2 0 1 0 2 1 2 1 1 1 2 2 2 1 0 0 2 1 2 2 2 1 0 0 0 1 0 0 0 0 0 1 0 1 2 0 1 0 1 1 2 2 2 
1 0 0 2 1 0 0 2 0 0 0 2 0 0 1 2 1 0 1 0 1 0 2 0 0 0 0 16 16 16 32 32 32 16 16 17 18 16 18 32 33 32 18 17 18 17 17 17 34 34 34 17 16 16 2 1 2 2 2 1 32 32 32 1 0 0 0 0 0 33 32 33 2 0 1 0 1 1 34 34 34 
0
0 0 0 1 2 1 2 0 2 
1 0 0 2 1 0 0 2 0 0 0 2 0 0 1 2 1 0 1 0 1 0 2 0 0 0 0 0 0 0 0 0 0 0 0 1 2 0 2 0 1 0 2 1 2 1 1 1 2 2 2 1 0 0 2 1 2 2 2 1 0 0 0 1 2 0 0 0 0 1 0 1 2 0 1 0 1 1 2 2 2 
1 0 0 2 1 0 0 2 0 0 0 2 0 0 1 2 1 0 1 0 1 0 2 0 0 0 0 16 16 16 32 32 32 16 16 17 18 16 18 32 33 32 18 17 18 17 17 17 34 34 34 17 16 16 34 33 34 2 2 1 32 32 32 33 34 32 0 0 0 33 32 33 34 32 33 0 1 1 34 34 34 
0
0 0 0 1 2 1 2 0 2 
1 1 0 2 1 0 0 2 0 0 0 2 0 0 1 2 1 0 1 0 1 0 2 0 0 0 0 0 0 0 0 0 0 0 0 1 2 0 2 0 1 0 2 1 2 1 1 1 2 2 2 1 0 0 2 1 2 2 2 1 0 0 0 1 2 0 0 0 0 1 0 1 2 0 1 0 1 1 2 2 2 
1 1 0 2 1 0 0 2 0 0 0 2 0 0 1 2 1 0 1 0 1 0 2 0 0 0 0 16 16 16 32 32 32 16 16 17 18 16 18 32 33 32 18 17 18 17 17 17 34 34 34 17 16 16 34 33 34 2 2 1 32 32 32 33 34 32 0 0 0 33 32 33 34 32 33 0 1 1 34 34 34 
0
0 0 0 1 2 1 2 0 2 
1 1 0 2 1 0 0 2 0 0 0 2 0 0 1 2 1 0 1 0 1 2 2 0 0 0 0 0 0 0 0 0 0 0 0 1 2 0 2 0 1 0 2 1 2 1 1 1 2 2 2 1 0 0 2 1 2 2 2 1 0 0 0 1 2 0 0 0 0 1 0 1 2 0 1 0 1 1 2 2 2 
1 1 0 2 1 0 0 2 0 0 0 2 0 0 1 2 1 0 1 0 1 2 2 0 0 0 0 16 16 16 32 32 32 16 16 17 18 16 18 32 33 32 18 17 18 17 17 17 34 34 34 17 16 16 34 33 34 2 2 1 32 32 32 33 34 32 0 0 0 33 32 33 34 32 33 0 1 1 34 34 34 
0
0 0 0 1 2 1 2 0 2 
1 1 0 2 1 0 1 2 0 0 0 2 0 0 1 2 1 0 1 0 1 2 2 0 0 0 0 0 0 0 0 0 0 0 0 1 2 0 2 0 1 0 2 1 2 1 1 1 2 2 2 1 0 0 2 1 2 2 2 1 0 0 0 1 2 0 0 0 0 1 0 1 2 0 1 0 1 1 2 2 2 
1 1 0 2 1 0 1 2 0 0 0 2 0 0 1 2 1 0 1 0 1 2 2 0 0 0 0 16 16 16 32 32 32 16 16 17 18 16 18 32 33 32 18 17 18 17 17 17 34 34 34 17 16 16 34 33 34 2 2 1 32 32 32 33 34 32 0 0 0 33 32 33 34 32 33 0 1 1 34 34 34 
0
0 0 0 1 2 1 2 0 2 
1 1 0 2 1 0 1 2 0 0 0 2 0 0 1 2 1 0 1 2 1 2 2 0 0 0 0 0 0 0 0 0 0 0 0 1 2 0 2 0 1 0 2 1 2 1 1 1 2 2 2 1 0 0 2 1 2 2 2 1 0 0 0 1 2 0 0 0 0 1 0 1 2 0 1 0 1 1 2 2 2 
1 1 0 2 1 0 1 2 0 0 0 2 0 0 1 2 1 0 1 2 1 2 2 0 0 0 0 16 16 16 32 32 32 16 16 17 18 16 18 32 33 32 18 17 18 17 17 17 34 34 34 17 16 16 34 33 34 2 2 1 32 32 32 33 34 32 0 0 0 33 32 33 34 32 33 0 1 1 34 34 34 
0
0 0 0 1 2 1 2 1 2 
1 1 0 2 1 0 1 2 0 0 0 2 0 0 1 2 1 0 1 2 1 2 2 0 0 0 0 0 0 0 0 0 0 0 0 1 2 0 2 0 1 0 2 1 2 1 1 1 2 2 2 1 0 0 2 1 2 2 2 1 0 0 0 1 2 0 0 0 0 1 0 1 2 0 1 1 1 1 2 2 2 
1 1 0 2 1 0 1 2 0 0 0 2 0 0 1 2 1 0 1 2 1 2 2 0 0 0 0 16 16 16 32 32 32 16 16 17 18 16 18 32 33 32 18 17 18 17 17 17 34 34 34 17 16 16 34 33 34 18 18 17 32 32 32 33 34 32 16 16 16 33 32 33 34 32 33 17 17 17 34 34 34 
0
0 0 0 1 2 1 2 1 2 
1 1 0 2 1 0 1 2 0 0 0 2 0 0 1 2 1 0 1 2 1 2 2 0 0 0 2 0 0 0 0 0 0 0 0 1 2 0 2 0 1 0 2 1 2 1 1 1 2 2 2 1 0 0 2 1 2 2 2 1 0 0 0 1 2 0 0 0 0 1 0 1 2 0 1 1 1 1 2 2 2 
1 1 0 2 1 0 1 2 0 0 0 2 0 0 1 2 1 0 1 2 1 2 2 0 0 0 2 16 16 16 32 32 32 16 16 17 18 16 18 32 33 32 18 17 18 17 17 17 34 34 34 17 16 16 34 33 34 18 18 17 32 32 32 33 34 32 16 16 16 33 32 33 34 32 33 17 17 17 34 34 34 
0
0 0 0 1 2 1 2 1 2 
1 1 0 2 1 0 1 2 0 0 0 2 0 0 1 2 1 0 1 2 1 2 2 0 0 1 2 0 0 0 0 0 0 0 0 1 2 0 2 0 1 0 2 1 2 1 1 1 2 2 2 1 0 0 2 1 2 2 2 1 0 0 0 1 2 0 0 0 0 1 0 1 2 0 1 1 1 1 2 2 2 
1 1 0 2 1 0 1 2 0 0 0 2 0 0 1 2 1 0 1 2 1 2 2 0 0 1 2 16 16 16 32 32 32 16 16 17 18 16 18 32 33 32 18 17 18 17 17 17 34 34 34 17 16 16 34 33 34 18 18 17 32 32 32 33 34 32 16 16 16 33 32 33 34 32 33 17 17 17 34 34 34 
0
0 0 0 1 2 1 2 1 2 
1 1 0 2 1 0 1 2 2 0 0 2 0 0 1 2 1 0 1 2 1 2 2 0 0 1 2 0 0 0 0 0 0 0 0 1 2 0 2 0 1 0 2 1 2 1 1 1 2 2 2 1 0 0 2 1 2 2 2 1 0 0 0 1 2 0 0 0 0 1 0 1 2 0 1 1 1 1 2 2 2 
1 1 0 2 1 0 1 2 2 0 0 2 0 0 1 2 1 0 1 2 1 2 2 0 0 1 2 16 16 16 32 32 32 16 16 17 18 16 18 32 33 32 18 17 18 17 17 17 34 34 34 17 16 16 34 33 34 18 18 17 32 32 32 33 34 32 16 16 16 33 32 33 34 32 33 17 17 17 34 34 34 
0
0 0 0 1 2 1 2 1 2 
1 1 0 2 1 0 1 2 2 0 0 2 0 0 1 2 1 0 1 2 1 2 2 0 1 1 2 0 0 0 0 0 0 0 0 1 2 0 2 0 1 0 2 1 2 1 1 1 2 2 2 1 0 0 2 1 2 2 2 1 0 0 0 1 2 0 0 0 0 1 0 1 2 0 1 1 1 1 2 2 2 
1 1 0 2 1 0 1 2 2 0 0 2 0 0 1 2 1 0 1 2 1 2 2 0 1 1 2 16 16 16 32 32 32 16 16 17 18 16 18 32 33 32 18 17 18 17 17 17 34 34 34 17 16 16 34 33 34 18 18 17 32 32 32 33 34 32 16 16 16 33 32 33 34 32 33 17 17 17 34 34 34 
0
0 0 2 1 2 1 2 1 2 
1 1 0 2 1 0 1 2 2 0 0 2 0 0 1 2 1 2 1 2 1 2 2 0 1 1 2 0 0 0 0 0 0 0 0 1 2 0 2 0 1 0 2 1 2 1 1 1 2 2 2 1 0 0 2 1 2 2 2 1 0 0 0 1 2 0 0 0 0 1 0 1 2 0 1 1 1 1 2 2 2 
1 1 0 2 1 0 33 34 34 0 0 2 0 0 1 34 33 34 1 2 1 2 2 0 33 33 34 16 16 16 32 32 32 16 16 17 18 16 18 32 33 32 18 17 18 17 17 17 34 34 34 17 16 16 34 33 34 18 18 17 32 32 32 33 34 32 16 16 16 33 32 33 34 32 33 17 17 17 34 34 34 
0
0 0 2 1 2 1 2 1 2 
1 1 0 2 1 0 1 2 2 0 0 2 0 0 1 2 1 2 1 2 1 2 2 0 1 1 2 0 0 0 0 0 0 0 0 1 2 0 2 0 1 0 2 1 2 1 1 1 2 2 2 1 0 0 2 1 2 2 2 1 0 0 0 1 2 0 0 0 0 1 0 1 2 0 1 1 1 1 2 2 2 
1 1 0 2 1 0 33 34 34 0 0 2 0 0 1 34 33 34 1 2 1 2 2 0 33 33 34 16 16 16 32 32 32 16 16 17 18 16 18 32 33 32 18 17 18 17 17 17 34 34 34 17 16 16 34 33 34 18 18 17 32 32 32 33 34 32 16 16 16 33 32 33 34 32 33 17 17 17 34 34 34 
0
