0 0 0 0 0 0 0 0 0 
0 0 0 0 0 0 0 0 0 0 0 0 0 0 0 0 0 0 0 0 0 0 0 0 0 0 0 0 0 0 0 0 0 0 0 0 0 0 0 0 1 0 0 0 0 0 0 0 0 0 0 0 0 0 0 0 0 0 0 0 0 0 0 0 0 0 0 0 0 0 0 0 0 0 0 0 0 0 0 0 0 
0 0 0 0 0 0 0 0 0 0 0 0 0 0 0 0 0 0 0 0 0 0 0 0 0 0 0 0 0 0 0 0 0 0 0 0 0 0 0 0 1 0 0 0 0 0 0 0 0 0 0 0 0 0 0 0 0 0 0 0 0 0 0 0 0 0 0 0 0 0 0 0 0 0 0 0 0 0 0 0 0 
1
0 0 0 0 0 0 0 0 0 
0 0 0 0 0 0 0 0 0 0 0 0 0 0 0 0 0 0 0 0 0 0 0 0 0 0 0 0 0 0 0 0 0 0 0 0 0 0 0 0 1 0 0 0 0 0 0 0 0 0 2 0 0 0 0 0 0 0 0 0 0 0 0 0 0 0 0 0 0 0 0 0 0 0 0 0 0 0 0 0 0 
0 0 0 0 0 0 0 0 0 0 0 0 0 0 0 0 0 0 0 0 0 0 0 0 0 0 0 0 0 0 0 0 0 0 0 0 0 0 0 0 1 0 0 0 0 0 0 0 0 0 2 0 0 0 0 0 0 0 0 0 0 0 0 0 0 0 0 0 0 0 0 0 0 0 0 0 0 0 0 0 0 
1
0 0 0 0 0 0 0 0 0 
0 0 0 0 0 0 0 0 0 0 0 0 0 0 0 0 0 0 0 0 0 0 0 0 0 0 0 0 0 0 0 0 0 0 0 0 0 0 0 0 1 0 0 0 0 0 0 0 0 0 2 0 0 0 0 0 0 0 0 0 0 0 1 0 0 0 0 0 0 0 0 0 0 0 0 0 0 0 0 0 0 
0 0 0 0 0 0 0 0 0 0 0 0 0 0 0 0 0 0 0 0 0 0 0 0 0 0 0 0 0 0 0 0 0 0 0 0 0 0 0 0 1 0 0 0 0 0 0 0 0 0 2 0 0 0 0 0 0 0 0 0 0 0 1 0 0 0 0 0 0 0 0 0 0 0 0 0 0 0 0 0 0 
1
0 0 0 0 0 0 0 0 0 
0 0 0 0 0 0 0 0 0 0 0 0 0 0 0 2 0 0 0 0 0 0 0 0 0 0 0 0 0 0 0 0 0 0 0 0 0 0 0 0 1 0 0 0 0 0 0 0 0 0 2 0 0 0 0 0 0 0 0 0 0 0 1 0 0 0 0 0 0 0 0 0 0 0 0 0 0 0 0 0 0 
0 0 0 0 0 0 0 0 0 0 0 0 0 0 0 2 0 0 0 0 0 0 0 0 0 0 0 0 0 0 0 0 0 0 0 0 0 0 0 0 1 0 0 0 0 0 0 0 0 0 2 0 0 0 0 0 0 0 0 0 0 0 1 0 0 0 0 0 0 0 0 0 0 0 0 0 0 0 0 0 0 
1
0 0 0 0 0 0 0 0 0 
0 0 0 0 0 0 0 0 0 0 0 0 0 0 0 2 0 0 0 0 0 0 0 0 0 0 0 0 0 1 0 0 0 0 0 0 0 0 0 0 1 0 0 0 0 0 0 0 0 0 2 0 0 0 0 0 0 0 0 0 0 0 1 0 0 0 0 0 0 0 0 0 0 0 0 0 0 0 0 0 0 
0 0 0 0 0 0 0 0 0 0 0 0 0 0 0 2 0 0 0 0 0 0 0 0 0 0 0 0 0 1 0 0 0 0 0 0 0 0 0 0 1 0 0 0 0 0 0 0 0 0 2 0 0 0 0 0 0 0 0 0 0 0 1 0 0 0 0 0 0 0 0 0 0 0 0 0 0 0 0 0 0 
1
0 0 0 0 0 0 0 0 0 
0 0 0 0 0 0 0 0 0 0 0 0 0 0 0 2 0 0 0 0 0 0 0 0 2 0 0 0 0 1 0 0 0 0 0 0 0 0 0 0 1 0 0 0 0 0 0 0 0 0 2 0 0 0 0 0 0 0 0 0 0 0 1 0 0 0 0 0 0 0 0 0 0 0 0 0 0 0 0 0 0 
0 0 0 0 0 0 0 0 0 0 0 0 0 0 0 2 0 0 0 0 0 0 0 0 2 0 0 0 0 1 0 0 0 0 0 0 0 0 0 0 1 0 0 0 0 0 0 0 0 0 2 0 0 0 0 0 0 0 0 0 0 0 1 0 0 0 0 0 0 0 0 0 0 0 0 0 0 0 0 0 0 
1
0 0 0 0 0 0 0 0 0 
0 0 0 0 0 0 0 0 0 0 0 0 0 0 0 2 0 0 0 0 0 0 0 0 2 0 0 0 0 1 0 0 0 0 0 0 0 0 0 0 1 0 0 0 0 0 0 0 0 0 2 0 0 0 0 0 0 0 0 0 0 0 1 0 0 0 0 0 0 0 0 0 1 0 0 0 0 0 0 0 0 
0 0 0 0 0 0 0 0 0 0 0 0 0 0 0 2 0 0 0 0 0 0 0 0 2 0 0 0 0 1 0 0 0 0 0 0 0 0 0 0 1 0 0 0 0 0 0 0 0 0 2 0 0 0 0 0 0 0 0 0 0 0 1 0 0 0 0 0 0 0 0 0 1 0 0 0 0 0 0 0 0 
1
0 0 0 0 0 0 0 0 0 
0 0 0 0 0 0 0 0 0 0 0 0 0 0 0 2 0 0 0 0 0 0 0 0 2 0 0 0 0 1 0 0 0 0 0 0 0 0 0 0 1 0 0 0 0 0 0 0 0 0 2 0 0 0 0 0 2 0 0 0 0 0 1 0 0 0 0 0 0 0 0 0 1 0 0 0 0 0 0 0 0 
0 0 0 0 0 0 0 0 0 0 0 0 0 0 0 2 0 0 0 0 0 0 0 0 2 0 0 0 0 1 0 0 0 0 0 0 0 0 0 0 1 0 0 0 0 0 0 0 0 0 2 0 0 0 0 0 2 0 0 0 0 0 1 0 0 0 0 0 0 0 0 0 1 0 0 0 0 0 0 0 0 
1
0 0 0 0 0 0 0 0 0 
0 0 0 0 0 0 1 0 0 0 0 0 0 0 0 2 0 0 0 0 0 0 0 0 2 0 0 0 0 1 0 0 0 0 0 0 0 0 0 0 1 0 0 0 0 0 0 0 0 0 2 0 0 0 0 0 2 0 0 0 0 0 1 0 0 0 0 0 0 0 0 0 1 0 0 0 0 0 0 0 0 
0 0 0 0 0 0 1 0 0 0 0 0 0 0 0 2 0 0 0 0 0 0 0 0 2 0 0 0 0 1 0 0 0 0 0 0 0 0 0 0 1 0 0 0 0 0 0 0 0 0 2 0 0 0 0 0 2 0 0 0 0 0 1 0 0 0 0 0 0 0 0 0 1 0 0 0 0 0 0 0 0 
1
0 0 0 0 0 0 0 0 0 
2 0 0 0 0 0 1 0 0 0 0 0 0 0 0 2 0 0 0 0 0 0 0 0 2 0 0 0 0 1 0 0 0 0 0 0 0 0 0 0 1 0 0 0 0 0 0 0 0 0 2 0 0 0 0 0 2 0 0 0 0 0 1 0 0 0 0 0 0 0 0 0 1 0 0 0 0 0 0 0 0 
2 0 0 0 0 0 1 0 0 0 0 0 0 0 0 2 0 0 0 0 0 0 0 0 2 0 0 0 0 1 0 0 0 0 0 0 0 0 0 0 1 0 0 0 0 0 0 0 0 0 2 0 0 0 0 0 2 0 0 0 0 0 1 0 0 0 0 0 0 0 0 0 1 0 0 0 0 0 0 0 0 
1
0 0 0 0 0 0 0 0 0 
2 0 0 0 0 0 1 0 0 0 0 0 0 0 0 2 0 0 0 0 1 0 0 0 2 0 0 0 0 1 0 0 0 0 0 0 0 0 0 0 1 0 0 0 0 0 0 0 0 0 2 0 0 0 0 0 2 0 0 0 0 0 1 0 0 0 0 0 0 0 0 0 1 0 0 0 0 0 0 0 0 
2 0 0 0 0 0 1 0 0 0 0 0 0 0 0 2 0 0 0 0 1 0 0 0 2 0 0 0 0 1 0 0 0 0 0 0 0 0 0 0 1 0 0 0 0 0 0 0 0 0 2 0 0 0 0 0 2 0 0 0 0 0 1 0 0 0 0 0 0 0 0 0 1 0 0 0 0 0 0 0 0 
1
0 0 0 0 0 0 0 0 0 
2 0 0 0 0 0 1 0 0 0 0 0 0 0 0 2 0 0 0 0 1 0 0 0 2 0 0 0 0 1 0 0 0 0 0 0 0 0 0 0 1 0 0 0 0 0 0 0 0 0 2 0 0 0 0 0 2 0 0 0 0 0 1 0 0 0 0 0 0 0 0 0 1 0 0 0 0 0 0 2 0 
2 0 0 0 0 0 1 0 0 0 0 0 0 0 0 2 0 0 0 0 1 0 0 0 2 0 0 0 0 1 0 0 0 0 0 0 0 0 0 0 1 0 0 0 0 0 0 0 0 0 2 0 0 0 0 0 2 0 0 0 0 0 1 0 0 0 0 0 0 0 0 0 1 0 0 0 0 0 0 2 0 
1
0 0 0 0 0 0 0 0 0 
2 0 0 0 0 0 1 0 0 0 0 0 0 0 0 2 0 0 0 0 1 0 0 0 2 0 0 0 0 1 0 0 0 0 0 0 0 0 0 0 1 0 0 0 0 0 0 0 0 0 2 0 0 0 0 0 2 0 1 0 0 0 1 0 0 0 0 0 0 0 0 0 1 0 0 0 0 0 0 2 0 
2 0 0 0 0 0 1 0 0 0 0 0 0 0 0 2 0 0 0 0 1 0 0 0 2 0 0 0 0 1 0 0 0 0 0 0 0 0 0 0 1 0 0 0 0 0 0 0 0 0 2 0 0 0 0 0 2 0 1 0 0 0 1 0 0 0 0 0 0 0 0 0 1 0 0 0 0 0 0 2 0 
1
0 0 0 0 0 0 0 0 0 
2 0 0 0 0 0 1 0 0 0 0 0 0 0 0 2 0 0 0 0 1 0 2 0 2 0 0 0 0 1 0 0 0 0 0 0 0 0 0 0 1 0 0 0 0 0 0 0 0 0 2 0 0 0 0 0 2 0 1 0 0 0 1 0 0 0 0 0 0 0 0 0 1 0 0 0 0 0 0 2 0 
2 0 0 0 0 0 1 0 0 0 0 0 0 0 0 2 0 0 0 0 1 0 2 0 2 0 0 0 0 1 0 0 0 0 0 0 0 0 0 0 1 0 0 0 0 0 0 0 0 0 2 0 0 0 0 0 2 0 1 0 0 0 1 0 0 0 0 0 0 0 0 0 1 0 0 0 0 0 0 2 0 
1
0 0 0 0 0 0 0 0 0 
2 0 0 0 0 0 1 0 0 0 0 0 0 0 0 2 0 0 0 0 1 0 2 0 2 0 0 0 0 1 0 0 0 0 0 0 0 0 0 0 1 0 0 0 0 0 0 0 0 0 2 0 0 0 0 0 2 0 1 0 0 0 1 0 0 0 0 0 0 0 0 0 1 0 0 0 1 0 0 2 0 
2 0 0 0 0 0 1 0 0 0 0 0 0 0 0 2 0 0 0 0 1 0 2 0 2 0 0 0 0 1 0 0 0 0 0 0 0 0 0 0 1 0 0 0 0 0 0 0 0 0 2 0 0 0 0 0 2 0 1 0 0 0 1 0 0 0 0 0 0 0 0 0 1 0 0 0 1 0 0 2 0 
1
0 0 0 0 0 0 0 0 0 
2 0 0 0 0 0 1 0 0 0 0 0 0 0 0 2 0 0 0 0 1 0 2 0 2 0 0 0 0 1 0 0 0 0 0 0 0 0 0 0 1 0 0 0 0 0 0 0 0 0 2 0 0 0 0 0 2 0 1 0 0 0 1 0 0 0 2 0 0 0 0 0 1 0 0 0 1 0 0 2 0 
2 0 0 0 0 0 1 0 0 0 0 0 0 0 0 2 0 0 0 0 1 0 2 0 2 0 0 0 0 1 0 0 0 0 0 0 0 0 0 0 1 0 0 0 0 0 0 0 0 0 2 0 0 0 0 0 2 0 1 0 0 0 1 0 0 0 2 0 0 0 0 0 1 0 0 0 1 0 0 2 0 
1
0 0 0 0 0 0 0 0 0 
2 0 0 0 0 0 1 0 0 0 0 0 0 0 0 2 0 0 0 0 1 0 2 0 2 0 0 0 0 1 0 0 0 0 0 0 0 0 1 0 1 0 0 0 0 0 0 0 0 0 2 0 0 0 0 0 2 0 1 0 0 0 1 0 0 0 2 0 0 0 0 0 1 0 0 0 1 0 0 2 0 
2 0 0 0 0 0 1 0 0 0 0 0 0 0 0 2 0 0 0 0 1 0 2 0 2 0 0 0 0 1 0 0 0 0 0 0 0 0 1 0 1 0 0 0 0 0 0 0 0 0 2 0 0 0 0 0 2 0 1 0 0 0 1 0 0 0 2 0 0 0 0 0 1 0 0 0 1 0 0 2 0 
1
0 0 0 0 0 0 0 0 0 
2 0 0 0 0 0 1 0 0 0 0 0 0 0 0 2 0 0 0 0 1 0 2 0 2 0 0 0 0 1 0 0 0 0 2 0 0 0 1 0 1 0 0 0 0 0 0 0 0 0 2 0 0 0 0 0 2 0 1 0 0 0 1 0 0 0 2 0 0 0 0 0 1 0 0 0 1 0 0 2 0 
2 0 0 0 0 0 1 0 0 0 0 0 0 0 0 2 0 0 0 0 1 0 2 0 2 0 0 0 0 1 0 0 0 0 2 0 0 0 1 0 1 0 0 0 0 0 0 0 0 0 2 0 0 0 0 0 2 0 1 0 0 0 1 0 0 0 2 0 0 0 0 0 1 0 0 0 1 0 0 2 0 
1
0 0 0 0 0 0 0 0 0 
2 0 0 0 1 0 1 0 0 0 0 0 0 0 0 2 0 0 0 0 1 0 2 0 2 0 0 0 0 1 0 0 0 0 2 0 0 0 1 0 1 0 0 0 0 0 0 0 0 0 2 0 0 0 0 0 2 0 1 0 0 0 1 0 0 0 2 0 0 0 0 0 1 0 0 0 1 0 0 2 0 
2 0 0 0 1 0 1 0 0 0 0 0 0 0 0 2 0 0 0 0 1 0 2 0 2 0 0 0 0 1 0 0 0 0 2 0 0 0 1 0 1 0 0 0 0 0 0 0 0 0 2 0 0 0 0 0 2 0 1 0 0 0 1 0 0 0 2 0 0 0 0 0 1 0 0 0 1 0 0 2 0 
1
0 0 0 0 0 0 0 0 0 
2 0 0 0 1 0 1 0 0 0 0 0 0 0 2 2 0 0 0 0 1 0 2 0 2 0 0 0 0 1 0 0 0 0 2 0 0 0 1 0 1 0 0 0 0 0 0 0 0 0 2 0 0 0 0 0 2 0 1 0 0 0 1 0 0 0 2 0 0 0 0 0 1 0 0 0 1 0 0 2 0 
2 0 0 0 1 0 1 0 0 0 0 0 0 0 2 2 0 0 0 0 1 0 2 0 2 0 0 0 0 1 0 0 0 0 2 0 0 0 1 0 1 0 0 0 0 0 0 0 0 0 2 0 0 0 0 0 2 0 1 0 0 0 1 0 0 0 2 0 0 0 0 0 1 0 0 0 1 0 0 2 0 
1
0 0 0 0 0 0 0 0 0 
2 0 0 0 1 0 1 0 0 0 0 0 0 0 2 2 0 0 0 0 1 0 2 0 2 0 0 0 0 1 0 0 0 0 2 0 0 0 1 0 1 0 1 0 0 0 0 0 0 0 2 0 0 0 0 0 2 0 1 0 0 0 1 0 0 0 2 0 0 0 0 0 1 0 0 0 1 0 0 2 0 
2 0 0 0 1 0 1 0 0 0 0 0 0 0 2 2 0 0 0 0 1 0 2 0 2 0 0 0 0 1 0 0 0 0 2 0 0 0 1 0 1 0 1 0 0 0 0 0 0 0 2 0 0 0 0 0 2 0 1 0 0 0 1 0 0 0 2 0 0 0 0 0 1 0 0 0 1 0 0 2 0 
1
0 0 0 0 0 0 0 0 0 
2 0 0 0 1 0 1 0 0 0 0 0 0 0 2 2 0 0 0 0 1 0 2 0 2 0 0 0 0 1 0 0 0 0 2 0 0 0 1 0 1 0 1 0 0 0 2 0 0 0 2 0 0 0 0 0 2 0 1 0 0 0 1 0 0 0 2 0 0 0 0 0 1 0 0 0 1 0 0 2 0 
2 0 0 0 1 0 1 0 0 0 0 0 0 0 2 2 0 0 0 0 1 0 2 0 2 0 0 0 0 1 0 0 0 0 2 0 0 0 1 0 1 0 1 0 0 0 2 0 0 0 2 0 0 0 0 0 2 0 1 0 0 0 1 0 0 0 2 0 0 0 0 0 1 0 0 0 1 0 0 2 0 
1
0 0 0 0 0 0 0 1 0 
2 0 0 0 1 0 1 0 0 0 0 0 0 0 2 2 0 0 0 0 1 0 2 0 2 0 0 0 0 1 0 0 0 0 2 0 0 0 1 0 1 0 1 0 0 0 2 0 0 0 2 0 0 0 0 0 2 0 1 0 0 0 1 0 0 0 2 1 0 0 0 0 1 0 0 0 1 0 0 2 0 
2 0 0 0 1 0 1 0 0 0 0 0 0 0 2 2 0 0 0 0 1 0 2 0 2 0 0 0 0 1 0 0 0 0 2 0 0 0 1 0 1 0 1 0 0 0 2 0 0 0 2 0 0 0 0 0 2 16 17 16 0 0 1 0 0 0 18 17 16 0 0 0 1 0 0 16 17 16 0 2 0 
1
0 0 0 0 0 0 0 1 0 
2 0 0 0 1 0 1 0 0 0 0 0 0 0 2 2 0 0 0 0 1 0 2 0 2 0 0 0 0 1 0 0 2 0 2 0 0 0 1 0 1 0 1 0 0 0 2 0 0 0 2 0 0 0 0 0 2 0 1 0 0 0 1 0 0 0 2 1 0 0 0 0 1 0 0 0 1 0 0 2 0 
2 0 0 0 1 0 1 0 0 0 0 0 0 0 2 2 0 0 0 0 1 0 2 0 2 0 0 0 0 1 0 0 2 0 2 0 0 0 1 0 1 0 1 0 0 0 2 0 0 0 2 0 0 0 0 0 2 16 17 16 0 0 1 0 0 0 18 17 16 0 0 0 1 0 0 16 17 16 0 2 0 
1
0 0 0 0 0 0 0 1 0 
2 0 0 0 1 0 1 1 0 0 0 0 0 0 2 2 0 0 0 0 1 0 2 0 2 0 0 0 0 1 0 0 2 0 2 0 0 0 1 0 1 0 1 0 0 0 2 0 0 0 2 0 0 0 0 0 2 0 1 0 0 0 1 0 0 0 2 1 0 0 0 0 1 0 0 0 1 0 0 2 0 
2 0 0 0 1 0 1 1 0 0 0 0 0 0 2 2 0 0 0 0 1 0 2 0 2 0 0 0 0 1 0 0 2 0 2 0 0 0 1 0 1 0 1 0 0 0 2 0 0 0 2 0 0 0 0 0 2 16 17 16 0 0 1 0 0 0 18 17 16 0 0 0 1 0 0 16 17 16 0 2 0 
1
0 0 0 0 0 0 0 1 0 
2 0 0 2 1 0 1 1 0 0 0 0 0 0 2 2 0 0 0 0 1 0 2 0 2 0 0 0 0 1 0 0 2 0 2 0 0 0 1 0 1 0 1 0 0 0 2 0 0 0 2 0 0 0 0 0 2 0 1 0 0 0 1 0 0 0 2 1 0 0 0 0 1 0 0 0 1 0 0 2 0 
2 0 0 2 1 0 1 1 0 0 0 0 0 0 2 2 0 0 0 0 1 0 2 0 2 0 0 0 0 1 0 0 2 0 2 0 0 0 1 0 1 0 1 0 0 0 2 0 0 0 2 0 0 0 0 0 2 16 17 16 0 0 1 0 0 0 18 17 16 0 0 0 1 0 0 16 17 16 0 2 0 
1
0 0 0 0 0 0 0 1 0 
2 0 0 2 1 0 1 1 0 0 0 0 0 0 2 2 0 0 0 1 1 0 2 0 2 0 0 0 0 1 0 0 2 0 2 0 0 0 1 0 1 0 1 0 0 0 2 0 0 0 2 0 0 0 0 0 2 0 1 0 0 0 1 0 0 0 2 1 0 0 0 0 1 0 0 0 1 0 0 2 0 
2 0 0 2 1 0 1 1 0 0 0 0 0 0 2 2 0 0 0 1 1 0 2 0 2 0 0 0 0 1 0 0 2 0 2 0 0 0 1 0 1 0 1 0 0 0 2 0 0 0 2 0 0 0 0 0 2 16 17 16 0 0 1 0 0 0 18 17 16 0 0 0 1 0 0 16 17 16 0 2 0 
1
0 0 0 0 2 0 0 1 0 
2 0 0 2 1 0 1 1 0 0 0 0 0 0 2 2 0 0 0 1 1 0 2 0 2 0 0 0 0 1 0 0 2 0 2 0 0 0 1 0 1 2 1 0 0 0 2 0 0 0 2 0 0 0 0 0 2 0 1 0 0 0 1 0 0 0 2 1 0 0 0 0 1 0 0 0 1 0 0 2 0 
2 0 0 2 1 0 1 1 0 0 0 0 0 0 2 2 0 0 0 1 1 0 2 0 2 0 0 0 0 1 32 32 34 0 2 0 0 0 1 32 33 34 1 0 0 0 2 0 32 32 34 0 0 0 0 0 2 16 17 16 0 0 1 0 0 0 18 17 16 0 0 0 1 0 0 16 17 16 0 2 0 
1
0 0 0 0 2 0 0 1 0 
2 0 0 2 1 0 1 1 0 0 0 0 0 0 2 2 0 0 0 1 1 0 2 0 2 0 0 0 0 1 0 0 2 0 2 0 0 0 1 0 1 2 1 0 1 0 2 0 0 0 2 0 0 0 0 0 2 0 1 0 0 0 1 0 0 0 2 1 0 0 0 0 1 0 0 0 1 0 0 2 0 
2 0 0 2 1 0 1 1 0 0 0 0 0 0 2 2 0 0 0 1 1 0 2 0 2 0 0 0 0 1 32 32 34 0 2 0 0 0 1 32 33 34 1 0 1 0 2 0 32 32 34 0 0 0 0 0 2 16 17 16 0 0 1 0 0 0 18 17 16 0 0 0 1 0 0 16 17 16 0 2 0 
1
0 0 0 0 2 0 0 1 0 
2 0 0 2 1 0 1 1 0 0 0 0 0 0 2 2 0 0 0 1 1 0 2 0 2 0 0 0 0 1 0 0 2 0 2 0 0 0 1 0 1 2 1 2 1 0 2 0 0 0 2 0 0 0 0 0 2 0 1 0 0 0 1 0 0 0 2 1 0 0 0 0 1 0 0 0 1 0 0 2 0 
2 0 0 2 1 0 1 1 0 0 0 0 0 0 2 2 0 0 0 1 1 0 2 0 2 0 0 0 0 1 32 32 34 0 2 0 0 0 1 32 33 34 1 2 1 0 2 0 32 32 34 0 0 0 0 0 2 16 17 16 0 0 1 0 0 0 18 17 16 0 0 0 1 0 0 16 17 16 0 2 0 
1
0 0 0 0 2 0 0 1 0 
2 0 0 2 1 0 1 1 0 0 0 0 0 0 2 2 0 0 0 1 1 0 2 0 2 0 0 0 0 1 0 0 2 0 2 0 0 0 1 0 1 2 1 2 1 0 2 0 0 0 2 0 0 0 0 0 2 0 1 0 0 1 1 0 0 0 2 1 0 0 0 0 1 0 0 0 1 0 0 2 0 
2 0 0 2 1 0 1 1 0 0 0 0 0 0 2 2 0 0 0 1 1 0 2 0 2 0 0 0 0 1 32 32 34 0 2 0 0 0 1 32 33 34 1 2 1 0 2 0 32 32 34 0 0 0 0 0 2 16 17 16 0 1 1 0 0 0 18 17 16 0 0 0 1 0 0 16 17 16 0 2 0 
1
0 0 0 0 2 0 0 1 0 
2 0 0 2 1 2 1 1 0 0 0 0 0 0 2 2 0 0 0 1 1 0 2 0 2 0 0 0 0 1 0 0 2 0 2 0 0 0 1 0 1 2 1 2 1 0 2 0 0 0 2 0 0 0 0 0 2 0 1 0 0 1 1 0 0 0 2 1 0 0 0 0 1 0 0 0 1 0 0 2 0 
2 0 0 2 1 2 1 1 0 0 0 0 0 0 2 2 0 0 0 1 1 0 2 0 2 0 0 0 0 1 32 32 34 0 2 0 0 0 1 32 33 34 1 2 1 0 2 0 32 32 34 0 0 0 0 0 2 16 17 16 0 1 1 0 0 0 18 17 16 0 0 0 1 0 0 16 17 16 0 2 0 
1
0 0 1 0 2 0 0 1 0 
2 0 0 2 1 2 1 1 1 0 0 0 0 0 2 2 0 0 0 1 1 0 2 0 2 0 0 0 0 1 0 0 2 0 2 0 0 0 1 0 1 2 1 2 1 0 2 0 0 0 2 0 0 0 0 0 2 0 1 0 0 1 1 0 0 0 2 1 0 0 0 0 1 0 0 0 1 0 0 2 0 
2 0 0 2 1 2 17 17 17 0 0 0 0 0 2 18 16 16 0 1 1 0 2 0 18 16 16 0 0 1 32 32 34 0 2 0 0 0 1 32 33 34 1 2 1 0 2 0 32 32 34 0 0 0 0 0 2 16 17 16 0 1 1 0 0 0 18 17 16 0 0 0 1 0 0 16 17 16 0 2 0 
1
0 0 1 0 2 0 0 1 0 
2 0 0 2 1 2 1 1 1 0 0 0 0 0 2 2 0 0 0 1 1 0 2 0 2 0 0 0 2 1 0 0 2 0 2 0 0 0 1 0 1 2 1 2 1 0 2 0 0 0 2 0 0 0 0 0 2 0 1 0 0 1 1 0 0 0 2 1 0 0 0 0 1 0 0 0 1 0 0 2 0 
2 0 0 2 1 2 17 17 17 0 0 0 0 0 2 18 16 16 0 1 1 0 2 0 18 16 16 0 2 1 32 32 34 0 2 0 0 0 1 32 33 34 1 2 1 0 2 0 32 32 34 0 0 0 0 0 2 16 17 16 0 1 1 0 0 0 18 17 16 0 0 0 1 0 0 16 17 16 0 2 0 
1
0 0 1 0 2 0 0 1 0 
2 0 0 2 1 2 1 1 1 0 0 0 0 0 2 2 0 0 0 1 1 0 2 1 2 0 0 0 2 1 0 0 2 0 2 0 0 0 1 0 1 2 1 2 1 0 2 0 0 0 2 0 0 0 0 0 2 0 1 0 0 1 1 0 0 0 2 1 0 0 0 0 1 0 0 0 1 0 0 2 0 
2 0 0 2 1 2 17 17 17 0 0 0 0 0 2 18 16 16 0 1 1 0 2 1 18 16 16 0 2 1 32 32 34 0 2 0 0 0 1 32 33 34 1 2 1 0 2 0 32 32 34 0 0 0 0 0 2 16 17 16 0 1 1 0 0 0 18 17 16 0 0 0 1 0 0 16 17 16 0 2 0 
1
0 0 1 0 2 0 0 1 0 
2 0 0 2 1 2 1 1 1 0 0 0 0 0 2 2 0 0 0 1 1 0 2 1 2 0 0 0 2 1 0 0 2 0 2 0 0 0 1 0 1 2 1 2 1 0 2 0 0 0 2 0 0 0 0 0 2 0 1 0 0 1 1 0 0 0 2 1 0 0 0 0 1 0 0 0 1 0 2 2 0 
2 0 0 2 1 2 17 17 17 0 0 0 0 0 2 18 16 16 0 1 1 0 2 1 18 16 16 0 2 1 32 32 34 0 2 0 0 0 1 32 33 34 1 2 1 0 2 0 32 32 34 0 0 0 0 0 2 16 17 16 0 1 1 0 0 0 18 17 16 0 0 0 1 0 0 16 17 16 2 2 0 
1
0 0 1 0 2 0 0 1 0 
2 0 0 2 1 2 1 1 1 0 0 0 0 0 2 2 0 0 0 1 1 0 2 1 2 0 0 0 2 1 0 0 2 0 2 0 0 0 1 0 1 2 1 2 1 0 2 0 0 0 2 0 0 0 0 1 2 0 1 0 0 1 1 0 0 0 2 1 0 0 0 0 1 0 0 0 1 0 2 2 0 
2 0 0 2 1 2 17 17 17 0 0 0 0 0 2 18 16 16 0 1 1 0 2 1 18 16 16 0 2 1 32 32 34 0 2 0 0 0 1 32 33 34 1 2 1 0 2 0 32 32 34 0 0 0 0 1 2 16 17 16 0 1 1 0 0 0 18 17 16 0 0 0 1 0 0 16 17 16 2 2 0 
1
0 0 1 0 2 0 0 1 0 
2 0 0 2 1 2 1 1 1 0 0 0 0 0 2 2 0 0 0 1 1 2 2 1 2 0 0 0 2 1 0 0 2 0 2 0 0 0 1 0 1 2 1 2 1 0 2 0 0 0 2 0 0 0 0 1 2 0 1 0 0 1 1 0 0 0 2 1 0 0 0 0 1 0 0 0 1 0 2 2 0 
2 0 0 2 1 2 17 17 17 0 0 0 0 0 2 18 16 16 0 1 1 2 2 1 18 16 16 0 2 1 32 32 34 0 2 0 0 0 1 32 33 34 1 2 1 0 2 0 32 32 34 0 0 0 0 1 2 16 17 16 0 1 1 0 0 0 18 17 16 0 0 0 1 0 0 16 17 16 2 2 0 
1
0 0 1 0 2 0 0 1 0 
2 0 0 2 1 2 1 1 1 0 0 0 0 0 2 2 0 0 0 1 1 2 2 1 2 0 0 0 2 1 0 0 2 0 2 0 0 0 1 0 1 2 1 2 1 0 2 0 0 0 2 0 0 0 0 1 2 0 1 0 0 1 1 1 0 0 2 1 0 0 0 0 1 0 0 0 1 0 2 2 0 
2 0 0 2 1 2 17 17 17 0 0 0 0 0 2 18 16 16 0 1 1 2 2 1 18 16 16 0 2 1 32 32 34 0 2 0 0 0 1 32 33 34 1 2 1 0 2 0 32 32 34 0 0 0 0 1 2 16 17 16 0 1 1 1 0 0 18 17 16 0 0 0 1 0 0 16 17 16 2 2 0 
1
0 0 1 0 2 0 0 1 0 
2 0 0 2 1 2 1 1 1 0 0 0 0 0 2 2 0 0 0 1 1 2 2 1 2 0 0 0 2 1 0 0 2 0 2 0 2 0 1 0 1 2 1 2 1 0 2 0 0 0 2 0 0 0 0 1 2 0 1 0 0 1 1 1 0 0 2 1 0 0 0 0 1 0 0 0 1 0 2 2 0 
2 0 0 2 1 2 17 17 17 0 0 0 0 0 2 18 16 16 0 1 1 2 2 1 18 16 16 0 2 1 32 32 34 0 2 0 2 0 1 32 33 34 1 2 1 0 2 0 32 32 34 0 0 0 0 1 2 16 17 16 0 1 1 1 0 0 18 17 16 0 0 0 1 0 0 16 17 16 2 2 0 
1
0 0 1 1 2 0 0 1 0 
2 0 0 2 1 2 1 1 1 0 0 0 0 0 2 2 0 0 0 1 1 2 2 1 2 0 0 0 2 1 0 0 2 0 2 0 2 0 1 0 1 2 1 2 1 0 2 1 0 0 2 0 0 0 0 1 2 0 1 0 0 1 1 1 0 0 2 1 0 0 0 0 1 0 0 0 1 0 2 2 0 
2 0 0 2 1 2 17 17 17 0 0 0 0 0 2 18 16 16 0 1 1 2 2 1 18 16 16 16 18 17 32 32 34 0 2 0 18 16 17 32 33 34 1 2 1 16 18 17 32 32 34 0 0 0 0 1 2 16 17 16 0 1 1 1 0 0 18 17 16 0 0 0 1 0 0 16 17 16 2 2 0 
1
0 0 1 1 2 0 0 1 0 
2 0 0 2 1 2 1 1 1 0 0 0 0 0 2 2 0 0 0 1 1 2 2 1 2 0 0 0 2 1 0 0 2 0 2 0 2 0 1 0 1 2 1 2 1 0 2 1 0 0 2 0 0 0 0 1 2 0 1 0 0 1 1 1 0 0 2 1 0 2 0 0 1 0 0 0 1 0 2 2 0 
2 0 0 2 1 2 17 17 17 0 0 0 0 0 2 18 16 16 0 1 1 2 2 1 18 16 16 16 18 17 32 32 34 0 2 0 18 16 17 32 33 34 1 2 1 16 18 17 32 32 34 0 0 0 0 1 2 16 17 16 0 1 1 1 0 0 18 17 16 2 0 0 1 0 0 16 17 16 2 2 0 
1
0 0 1 1 2 0 0 1 0 
2 1 0 2 1 2 1 1 1 0 0 0 0 0 2 2 0 0 0 1 1 2 2 1 2 0 0 0 2 1 0 0 2 0 2 0 2 0 1 0 1 2 1 2 1 0 2 1 0 0 2 0 0 0 0 1 2 0 1 0 0 1 1 1 0 0 2 1 0 2 0 0 1 0 0 0 1 0 2 2 0 
2 1 0 2 1 2 17 17 17 0 0 0 0 0 2 18 16 16 0 1 1 2 2 1 18 16 16 16 18 17 32 32 34 0 2 0 18 16 17 32 33 34 1 2 1 16 18 17 32 32 34 0 0 0 0 1 2 16 17 16 0 1 1 1 0 0 18 17 16 2 0 0 1 0 0 16 17 16 2 2 0 
1
0 2 1 1 2 0 0 1 0 
2 1 0 2 1 2 1 1 1 0 0 0 2 0 2 2 0 0 0 1 1 2 2 1 2 0 0 0 2 1 0 0 2 0 2 0 2 0 1 0 1 2 1 2 1 0 2 1 0 0 2 0 0 0 0 1 2 0 1 0 0 1 1 1 0 0 2 1 0 2 0 0 1 0 0 0 1 0 2 2 0 
2 1 0 34 33 34 17 17 17 0 0 0 34 32 34 18 16 16 0 1 1 34 34 33 18 16 16 16 18 17 32 32 34 0 2 0 18 16 17 32 33 34 1 2 1 16 18 17 32 32 34 0 0 0 0 1 2 16 17 16 0 1 1 1 0 0 18 17 16 2 0 0 1 0 0 16 17 16 2 2 0 
1
0 2 1 1 2 0 0 1 1 
2 1 0 2 1 2 1 1 1 0 0 0 2 0 2 2 0 0 0 1 1 2 2 1 2 0 0 0 2 1 0 0 2 0 2 0 2 0 1 0 1 2 1 2 1 0 2 1 0 0 2 0 0 0 0 1 2 0 1 0 1 1 1 1 0 0 2 1 0 2 0 0 1 0 0 0 1 0 2 2 0 
2 1 0 34 33 34 17 17 17 0 0 0 34 32 34 18 16 16 0 1 1 34 34 33 18 16 16 16 18 17 32 32 34 0 2 0 18 16 17 32 33 34 1 2 1 16 18 17 32 32 34 0 0 0 0 1 2 16 17 16 17 17 17 1 0 0 18 17 16 18 16 16 1 0 0 16 17 16 18 18 16 
1
0 2 1 1 2 0 0 1 1 
2 1 2 2 1 2 1 1 1 0 0 0 2 0 2 2 0 0 0 1 1 2 2 1 2 0 0 0 2 1 0 0 2 0 2 0 2 0 1 0 1 2 1 2 1 0 2 1 0 0 2 0 0 0 0 1 2 0 1 0 1 1 1 1 0 0 2 1 0 2 0 0 1 0 0 0 1 0 2 2 0 
2 1 2 34 33 34 17 17 17 0 0 0 34 32 34 18 16 16 0 1 1 34 34 33 18 16 16 16 18 17 32 32 34 0 2 0 18 16 17 32 33 34 1 2 1 16 18 17 32 32 34 0 0 0 0 1 2 16 17 16 17 17 17 1 0 0 18 17 16 18 16 16 1 0 0 16 17 16 18 18 16 
1
0 2 1 1 2 0 1 1 1 
2 1 2 2 1 2 1 1 1 0 0 0 2 0 2 2 0 0 0 1 1 2 2 1 2 0 0 0 2 1 0 0 2 0 2 0 2 0 1 0 1 2 1 2 1 0 2 1 0 0 2 0 0 0 1 1 2 0 1 0 1 1 1 1 0 0 2 1 0 2 0 0 1 0 0 0 1 0 2 2 0 
2 1 2 34 33 34 17 17 17 0 0 0 34 32 34 18 16 16 0 1 1 34 34 33 18 16 16 16 18 17 32 32 34 0 2 0 18 16 17 32 33 34 1 2 1 16 18 17 32 32 34 0 0 0 17 17 18 16 17 16 17 17 17 17 16 16 18 17 16 18 16 16 17 16 16 16 17 16 18 18 16 
1
0 2 1 1 2 0 1 1 1 
2 1 2 2 1 2 1 1 1 0 0 0 2 0 2 2 0 0 0 1 1 2 2 1 2 0 0 0 2 1 0 0 2 0 2 0 2 0 1 0 1 2 1 2 1 0 2 1 0 0 2 0 0 0 1 1 2 0 1 0 1 1 1 1 0 0 2 1 0 2 0 0 1 0 0 0 1 0 2 2 0 
2 1 2 34 33 34 17 17 17 0 0 0 34 32 34 18 16 16 0 1 1 34 34 33 18 16 16 16 18 17 32 32 34 0 2 0 18 16 17 32 33 34 1 2 1 16 18 17 32 32 34 0 0 0 17 17 18 16 17 16 17 17 17 17 16 16 18 17 16 18 16 16 17 16 16 16 17 16 18 18 16 
1
