0 0 0 0 0 0 0 0 0 
0 0 0 0 0 0 0 0 0 0 0 0 0 0 0 0 0 0 0 0 0 0 0 0 0 0 0 0 0 0 0 0 0 0 0 0 0 0 0 0 1 0 0 0 0 0 0 0 0 0 0 0 0 0 0 0 0 0 0 0 0 0 0 0 0 0 0 0 0 0 0 0 0 0 0 0 0 0 0 0 0 
0 0 0 0 0 0 0 0 0 0 0 0 0 0 0 0 0 0 0 0 0 0 0 0 0 0 0 0 0 0 0 0 0 0 0 0 0 0 0 0 1 0 0 0 0 0 0 0 0 0 0 0 0 0 0 0 0 0 0 0 0 0 0 0 0 0 0 0 0 0 0 0 0 0 0 0 0 0 0 0 0 
1
0 0 0 0 0 0 0 0 0 
0 0 0 0 0 0 0 0 0 0 0 0 0 0 0 0 0 0 0 0 0 0 0 0 0 0 0 0 0 0 0 0 0 0 0 0 0 0 0 0 1 0 0 0 0 0 0 0 0 0 2 0 0 0 0 0 0 0 0 0 0 0 0 0 0 0 0 0 0 0 0 0 0 0 0 0 0 0 0 0 0 
0 0 0 0 0 0 0 0 0 0 0 0 0 0 0 0 0 0 0 0 0 0 0 0 0 0 0 0 0 0 0 0 0 0 0 0 0 0 0 0 1 0 0 0 0 0 0 0 0 0 2 0 0 0 0 0 0 0 0 0 0 0 0 0 0 0 0 0 0 0 0 0 0 0 0 0 0 0 0 0 0 
1
0 0 0 0 0 0 0 0 0 
0 0 0 0 0 0 0 0 0 0 0 0 0 0 0 0 0 0 0 0 0 0 0 0 0 0 0 0 0 0 0 0 0 0 0 0 0 0 0 0 1 0 0 0 0 0 0 0 0 0 2 0 0 0 0 0 0 0 0 0 0 0 0 0 0 0 0 0 0 0 0 0 0 0 0 0 0 0 0 0 1 
0 0 0 0 0 0 0 0 0 0 0 0 0 0 0 0 0 0 0 0 0 0 0 0 0 0 0 0 0 0 0 0 0 0 0 0 0 0 0 0 1 0 0 0 0 0 0 0 0 0 2 0 0 0 0 0 0 0 0 0 0 0 0 0 0 0 0 0 0 0 0 0 0 0 0 0 0 0 0 0 1 
1
0 0 0 0 0 0 0 0 0 
0 0 0 0 0 0 0 0 0 0 0 0 0 0 0 0 0 0 0 0 0 0 0 0 0 0 0 0 0 0 0 0 0 0 0 0 0 0 0 0 1 0 0 0 0 0 0 0 0 0 2 0 0 0 0 0 0 0 0 0 0 0 2 0 0 0 0 0 0 0 0 0 0 0 0 0 0 0 0 0 1 
0 0 0 0 0 0 0 0 0 0 0 0 0 0 0 0 0 0 0 0 0 0 0 0 0 0 0 0 0 0 0 0 0 0 0 0 0 0 0 0 1 0 0 0 0 0 0 0 0 0 2 0 0 0 0 0 0 0 0 0 0 0 2 0 0 0 0 0 0 0 0 0 0 0 0 0 0 0 0 0 1 
1
0 0 0 0 0 0 0 0 0 
0 0 0 0 0 0 0 0 0 0 0 0 0 0 0 0 0 0 0 0 0 0 0 0 0 1 0 0 0 0 0 0 0 0 0 0 0 0 0 0 1 0 0 0 0 0 0 0 0 0 2 0 0 0 0 0 0 0 0 0 0 0 2 0 0 0 0 0 0 0 0 0 0 0 0 0 0 0 0 0 1 
0 0 0 0 0 0 0 0 0 0 0 0 0 0 0 0 0 0 0 0 0 0 0 0 0 1 0 0 0 0 0 0 0 0 0 0 0 0 0 0 1 0 0 0 0 0 0 0 0 0 2 0 0 0 0 0 0 0 0 0 0 0 2 0 0 0 0 0 0 0 0 0 0 0 0 0 0 0 0 0 1 
1
0 0 0 0 0 0 0 0 0 
0 0 0 0 0 0 0 0 0 0 0 0 0 0 0 0 0 0 0 0 0 0 0 0 0 1 0 0 0 0 0 0 0 0 0 0 0 0 0 0 1 0 0 0 0 0 0 0 0 0 2 0 0 0 0 0 0 0 0 0 0 0 2 0 0 0 0 0 2 0 0 0 0 0 0 0 0 0 0 0 1 
0 0 0 0 0 0 0 0 0 0 0 0 0 0 0 0 0 0 0 0 0 0 0 0 0 1 0 0 0 0 0 0 0 0 0 0 0 0 0 0 1 0 0 0 0 0 0 0 0 0 2 0 0 0 0 0 0 0 0 0 0 0 2 0 0 0 0 0 2 0 0 0 0 0 0 0 0 0 0 0 1 
1
0 0 0 0 0 0 0 0 0 
0 0 0 0 0 0 0 0 0 0 0 0 0 0 0 0 0 0 0 0 0 0 0 0 0 1 0 0 0 0 0 0 0 0 0 0 0 0 0 0 1 0 0 0 0 0 0 0 0 0 2 1 0 0 0 0 0 0 0 0 0 0 2 0 0 0 0 0 2 0 0 0 0 0 0 0 0 0 0 0 1 
0 0 0 0 0 0 0 0 0 0 0 0 0 0 0 0 0 0 0 0 0 0 0 0 0 1 0 0 0 0 0 0 0 0 0 0 0 0 0 0 1 0 0 0 0 0 0 0 0 0 2 1 0 0 0 0 0 0 0 0 0 0 2 0 0 0 0 0 2 0 0 0 0 0 0 0 0 0 0 0 1 
1
0 0 0 0 0 0 0 0 0 
0 0 0 0 0 0 0 0 0 0 0 0 0 0 0 0 0 0 0 0 0 0 0 0 0 1 0 0 0 0 0 0 0 0 0 0 0 0 0 0 1 0 0 0 0 0 0 0 0 0 2 1 0 0 0 0 0 0 0 0 0 0 2 0 0 0 0 0 2 0 0 0 0 0 2 0 0 0 0 0 1 
0 0 0 0 0 0 0 0 0 0 0 0 0 0 0 0 0 0 0 0 0 0 0 0 0 1 0 0 0 0 0 0 0 0 0 0 0 0 0 0 1 0 0 0 0 0 0 0 0 0 2 1 0 0 0 0 0 0 0 0 0 0 2 0 0 0 0 0 2 0 0 0 0 0 2 0 0 0 0 0 1 
1
0 0 0 0 0 0 0 0 0 
0 0 0 0 0 0 0 0 0 0 0 0 0 0 0 0 0 0 0 0 0 0 0 0 0 1 0 0 0 0 0 0 0 0 0 0 0 0 0 0 1 0 0 0 0 0 0 0 0 0 2 1 0 0 0 0 0 0 0 0 1 0 2 0 0 0 0 0 2 0 0 0 0 0 2 0 0 0 0 0 1 
0 0 0 0 0 0 0 0 0 0 0 0 0 0 0 0 0 0 0 0 0 0 0 0 0 1 0 0 0 0 0 0 0 0 0 0 0 0 0 0 1 0 0 0 0 0 0 0 0 0 2 1 0 0 0 0 0 0 0 0 1 0 2 0 0 0 0 0 2 0 0 0 0 0 2 0 0 0 0 0 1 
1
0 0 0 0 0 0 0 0 0 
0 0 2 0 0 0 0 0 0 0 0 0 0 0 0 0 0 0 0 0 0 0 0 0 0 1 0 0 0 0 0 0 0 0 0 0 0 0 0 0 1 0 0 0 0 0 0 0 0 0 2 1 0 0 0 0 0 0 0 0 1 0 2 0 0 0 0 0 2 0 0 0 0 0 2 0 0 0 0 0 1 
0 0 2 0 0 0 0 0 0 0 0 0 0 0 0 0 0 0 0 0 0 0 0 0 0 1 0 0 0 0 0 0 0 0 0 0 0 0 0 0 1 0 0 0 0 0 0 0 0 0 2 1 0 0 0 0 0 0 0 0 1 0 2 0 0 0 0 0 2 0 0 0 0 0 2 0 0 0 0 0 1 
1
0 0 0 0 0 0 0 0 0 
0 0 2 0 0 0 0 1 0 0 0 0 0 0 0 0 0 0 0 0 0 0 0 0 0 1 0 0 0 0 0 0 0 0 0 0 0 0 0 0 1 0 0 0 0 0 0 0 0 0 2 1 0 0 0 0 0 0 0 0 1 0 2 0 0 0 0 0 2 0 0 0 0 0 2 0 0 0 0 0 1 
0 0 2 0 0 0 0 1 0 0 0 0 0 0 0 0 0 0 0 0 0 0 0 0 0 1 0 0 0 0 0 0 0 0 0 0 0 0 0 0 1 0 0 0 0 0 0 0 0 0 2 1 0 0 0 0 0 0 0 0 1 0 2 0 0 0 0 0 2 0 0 0 0 0 2 0 0 0 0 0 1 
1
0 0 0 0 0 0 0 0 0 
0 0 2 0 2 0 0 1 0 0 0 0 0 0 0 0 0 0 0 0 0 0 0 0 0 1 0 0 0 0 0 0 0 0 0 0 0 0 0 0 1 0 0 0 0 0 0 0 0 0 2 1 0 0 0 0 0 0 0 0 1 0 2 0 0 0 0 0 2 0 0 0 0 0 2 0 0 0 0 0 1 
0 0 2 0 2 0 0 1 0 0 0 0 0 0 0 0 0 0 0 0 0 0 0 0 0 1 0 0 0 0 0 0 0 0 0 0 0 0 0 0 1 0 0 0 0 0 0 0 0 0 2 1 0 0 0 0 0 0 0 0 1 0 2 0 0 0 0 0 2 0 0 0 0 0 2 0 0 0 0 0 1 
1
0 0 0 0 0 0 0 0 0 
0 0 2 0 2 0 0 1 0 0 0 0 1 0 0 0 0 0 0 0 0 0 0 0 0 1 0 0 0 0 0 0 0 0 0 0 0 0 0 0 1 0 0 0 0 0 0 0 0 0 2 1 0 0 0 0 0 0 0 0 1 0 2 0 0 0 0 0 2 0 0 0 0 0 2 0 0 0 0 0 1 
0 0 2 0 2 0 0 1 0 0 0 0 1 0 0 0 0 0 0 0 0 0 0 0 0 1 0 0 0 0 0 0 0 0 0 0 0 0 0 0 1 0 0 0 0 0 0 0 0 0 2 1 0 0 0 0 0 0 0 0 1 0 2 0 0 0 0 0 2 0 0 0 0 0 2 0 0 0 0 0 1 
1
0 0 0 0 0 0 0 0 0 
0 0 2 0 2 0 0 1 0 0 0 0 1 0 0 0 0 0 0 0 0 0 0 0 0 1 0 0 0 2 0 0 0 0 0 0 0 0 0 0 1 0 0 0 0 0 0 0 0 0 2 1 0 0 0 0 0 0 0 0 1 0 2 0 0 0 0 0 2 0 0 0 0 0 2 0 0 0 0 0 1 
0 0 2 0 2 0 0 1 0 0 0 0 1 0 0 0 0 0 0 0 0 0 0 0 0 1 0 0 0 2 0 0 0 0 0 0 0 0 0 0 1 0 0 0 0 0 0 0 0 0 2 1 0 0 0 0 0 0 0 0 1 0 2 0 0 0 0 0 2 0 0 0 0 0 2 0 0 0 0 0 1 
1
0 0 1 0 0 0 0 0 0 
0 0 2 0 2 0 0 1 0 0 0 0 1 0 0 0 1 0 0 0 0 0 0 0 0 1 0 0 0 2 0 0 0 0 0 0 0 0 0 0 1 0 0 0 0 0 0 0 0 0 2 1 0 0 0 0 0 0 0 0 1 0 2 0 0 0 0 0 2 0 0 0 0 0 2 0 0 0 0 0 1 
0 0 2 0 2 0 16 17 16 0 0 0 1 0 0 16 17 16 0 0 0 0 0 0 16 17 16 0 0 2 0 0 0 0 0 0 0 0 0 0 1 0 0 0 0 0 0 0 0 0 2 1 0 0 0 0 0 0 0 0 1 0 2 0 0 0 0 0 2 0 0 0 0 0 2 0 0 0 0 0 1 
1
0 0 1 0 0 0 0 0 0 
0 0 2 0 2 0 0 1 0 0 0 0 1 0 0 0 1 0 0 0 0 0 0 0 0 1 0 0 0 2 0 0 2 0 0 0 0 0 0 0 1 0 0 0 0 0 0 0 0 0 2 1 0 0 0 0 0 0 0 0 1 0 2 0 0 0 0 0 2 0 0 0 0 0 2 0 0 0 0 0 1 
0 0 2 0 2 0 16 17 16 0 0 0 1 0 0 16 17 16 0 0 0 0 0 0 16 17 16 0 0 2 0 0 2 0 0 0 0 0 0 0 1 0 0 0 0 0 0 0 0 0 2 1 0 0 0 0 0 0 0 0 1 0 2 0 0 0 0 0 2 0 0 0 0 0 2 0 0 0 0 0 1 
1
0 0 1 0 0 0 0 0 1 
0 0 2 0 2 0 0 1 0 0 0 0 1 0 0 0 1 0 0 0 0 0 0 0 0 1 0 0 0 2 0 0 2 0 0 0 0 0 0 0 1 0 0 0 0 0 0 0 0 0 2 1 0 0 0 0 0 0 0 0 1 0 2 0 0 0 0 0 2 0 1 0 0 0 2 0 0 0 0 0 1 
0 0 2 0 2 0 16 17 16 0 0 0 1 0 0 16 17 16 0 0 0 0 0 0 16 17 16 0 0 2 0 0 2 0 0 0 0 0 0 0 1 0 0 0 0 0 0 0 0 0 2 1 0 0 0 0 0 0 0 0 17 16 18 0 0 0 0 0 2 16 17 16 0 0 2 0 0 0 16 16 17 
1
0 0 1 0 0 0 0 0 1 
0 0 2 0 2 0 0 1 0 0 0 0 1 0 0 0 1 0 0 0 0 0 0 0 0 1 0 0 0 2 0 2 2 0 0 0 0 0 0 0 1 0 0 0 0 0 0 0 0 0 2 1 0 0 0 0 0 0 0 0 1 0 2 0 0 0 0 0 2 0 1 0 0 0 2 0 0 0 0 0 1 
0 0 2 0 2 0 16 17 16 0 0 0 1 0 0 16 17 16 0 0 0 0 0 0 16 17 16 0 0 2 0 2 2 0 0 0 0 0 0 0 1 0 0 0 0 0 0 0 0 0 2 1 0 0 0 0 0 0 0 0 17 16 18 0 0 0 0 0 2 16 17 16 0 0 2 0 0 0 16 16 17 
1
0 0 1 0 0 0 0 0 1 
0 0 2 0 2 0 0 1 0 0 0 0 1 0 1 0 1 0 0 0 0 0 0 0 0 1 0 0 0 2 0 2 2 0 0 0 0 0 0 0 1 0 0 0 0 0 0 0 0 0 2 1 0 0 0 0 0 0 0 0 1 0 2 0 0 0 0 0 2 0 1 0 0 0 2 0 0 0 0 0 1 
0 0 2 0 2 0 16 17 16 0 0 0 1 0 1 16 17 16 0 0 0 0 0 0 16 17 16 0 0 2 0 2 2 0 0 0 0 0 0 0 1 0 0 0 0 0 0 0 0 0 2 1 0 0 0 0 0 0 0 0 17 16 18 0 0 0 0 0 2 16 17 16 0 0 2 0 0 0 16 16 17 
1
0 0 1 0 0 0 0 0 1 
0 0 2 0 2 0 0 1 0 0 0 0 1 0 1 0 1 0 0 0 0 0 0 0 0 1 0 0 0 2 0 2 2 0 0 0 0 0 0 0 1 0 0 0 0 0 0 0 0 0 2 1 0 2 0 0 0 0 0 0 1 0 2 0 0 0 0 0 2 0 1 0 0 0 2 0 0 0 0 0 1 
0 0 2 0 2 0 16 17 16 0 0 0 1 0 1 16 17 16 0 0 0 0 0 0 16 17 16 0 0 2 0 2 2 0 0 0 0 0 0 0 1 0 0 0 0 0 0 0 0 0 2 1 0 2 0 0 0 0 0 0 17 16 18 0 0 0 0 0 2 16 17 16 0 0 2 0 0 0 16 16 17 
1
0 1 1 0 0 0 0 0 1 
0 0 2 0 2 0 0 1 0 0 0 0 1 1 1 0 1 0 0 0 0 0 0 0 0 1 0 0 0 2 0 2 2 0 0 0 0 0 0 0 1 0 0 0 0 0 0 0 0 0 2 1 0 2 0 0 0 0 0 0 1 0 2 0 0 0 0 0 2 0 1 0 0 0 2 0 0 0 0 0 1 
0 0 2 16 18 16 16 17 16 0 0 0 17 17 17 16 17 16 0 0 0 16 16 16 16 17 16 0 0 2 0 2 2 0 0 0 0 0 0 0 1 0 0 0 0 0 0 0 0 0 2 1 0 2 0 0 0 0 0 0 17 16 18 0 0 0 0 0 2 16 17 16 0 0 2 0 0 0 16 16 17 
1
0 1 1 0 2 0 0 0 1 
0 0 2 0 2 0 0 1 0 0 0 0 1 1 1 0 1 0 0 0 0 0 0 0 0 1 0 0 0 2 2 2 2 0 0 0 0 0 0 0 1 0 0 0 0 0 0 0 0 0 2 1 0 2 0 0 0 0 0 0 1 0 2 0 0 0 0 0 2 0 1 0 0 0 2 0 0 0 0 0 1 
0 0 2 16 18 16 16 17 16 0 0 0 17 17 17 16 17 16 0 0 0 16 16 16 16 17 16 0 0 2 34 34 34 0 0 0 0 0 0 32 33 32 0 0 0 0 0 0 32 32 34 1 0 2 0 0 0 0 0 0 17 16 18 0 0 0 0 0 2 16 17 16 0 0 2 0 0 0 16 16 17 
1
0 1 1 0 2 0 0 0 1 
0 0 2 0 2 0 0 1 0 0 1 0 1 1 1 0 1 0 0 0 0 0 0 0 0 1 0 0 0 2 2 2 2 0 0 0 0 0 0 0 1 0 0 0 0 0 0 0 0 0 2 1 0 2 0 0 0 0 0 0 1 0 2 0 0 0 0 0 2 0 1 0 0 0 2 0 0 0 0 0 1 
0 0 2 16 18 16 16 17 16 0 1 0 17 17 17 16 17 16 0 0 0 16 16 16 16 17 16 0 0 2 34 34 34 0 0 0 0 0 0 32 33 32 0 0 0 0 0 0 32 32 34 1 0 2 0 0 0 0 0 0 17 16 18 0 0 0 0 0 2 16 17 16 0 0 2 0 0 0 16 16 17 
1
0 1 1 0 2 0 0 0 1 
0 0 2 0 2 0 0 1 0 0 1 0 1 1 1 0 1 0 0 0 0 0 0 0 0 1 0 0 0 2 2 2 2 0 0 0 0 0 0 0 1 0 0 0 0 0 0 0 0 0 2 1 0 2 0 0 0 0 0 0 1 0 2 0 0 0 2 0 2 0 1 0 0 0 2 0 0 0 0 0 1 
0 0 2 16 18 16 16 17 16 0 1 0 17 17 17 16 17 16 0 0 0 16 16 16 16 17 16 0 0 2 34 34 34 0 0 0 0 0 0 32 33 32 0 0 0 0 0 0 32 32 34 1 0 2 0 0 0 0 0 0 17 16 18 0 0 0 2 0 2 16 17 16 0 0 2 0 0 0 16 16 17 
1
0 1 1 0 2 0 0 0 1 
0 0 2 0 2 0 0 1 0 0 1 0 1 1 1 0 1 0 0 0 0 0 0 0 0 1 0 1 0 2 2 2 2 0 0 0 0 0 0 0 1 0 0 0 0 0 0 0 0 0 2 1 0 2 0 0 0 0 0 0 1 0 2 0 0 0 2 0 2 0 1 0 0 0 2 0 0 0 0 0 1 
0 0 2 16 18 16 16 17 16 0 1 0 17 17 17 16 17 16 0 0 0 16 16 16 16 17 16 1 0 2 34 34 34 0 0 0 0 0 0 32 33 32 0 0 0 0 0 0 32 32 34 1 0 2 0 0 0 0 0 0 17 16 18 0 0 0 2 0 2 16 17 16 0 0 2 0 0 0 16 16 17 
1
0 1 1 0 2 0 0 0 1 
2 0 2 0 2 0 0 1 0 0 1 0 1 1 1 0 1 0 0 0 0 0 0 0 0 1 0 1 0 2 2 2 2 0 0 0 0 0 0 0 1 0 0 0 0 0 0 0 0 0 2 1 0 2 0 0 0 0 0 0 1 0 2 0 0 0 2 0 2 0 1 0 0 0 2 0 0 0 0 0 1 
2 0 2 16 18 16 16 17 16 0 1 0 17 17 17 16 17 16 0 0 0 16 16 16 16 17 16 1 0 2 34 34 34 0 0 0 0 0 0 32 33 32 0 0 0 0 0 0 32 32 34 1 0 2 0 0 0 0 0 0 17 16 18 0 0 0 2 0 2 16 17 16 0 0 2 0 0 0 16 16 17 
1
0 1 1 0 2 0 0 0 1 
2 0 2 0 2 0 0 1 0 0 1 1 1 1 1 0 1 0 0 0 0 0 0 0 0 1 0 1 0 2 2 2 2 0 0 0 0 0 0 0 1 0 0 0 0 0 0 0 0 0 2 1 0 2 0 0 0 0 0 0 1 0 2 0 0 0 2 0 2 0 1 0 0 0 2 0 0 0 0 0 1 
2 0 2 16 18 16 16 17 16 0 1 1 17 17 17 16 17 16 0 0 0 16 16 16 16 17 16 1 0 2 34 34 34 0 0 0 0 0 0 32 33 32 0 0 0 0 0 0 32 32 34 1 0 2 0 0 0 0 0 0 17 16 18 0 0 0 2 0 2 16 17 16 0 0 2 0 0 0 16 16 17 
1
0 1 1 0 2 0 0 0 1 
2 0 2 0 2 0 0 1 0 0 1 1 1 1 1 0 1 0 0 0 0 0 0 0 0 1 0 1 0 2 2 2 2 0 0 0 0 0 0 0 1 0 0 0 2 0 0 0 0 0 2 1 0 2 0 0 0 0 0 0 1 0 2 0 0 0 2 0 2 0 1 0 0 0 2 0 0 0 0 0 1 
2 0 2 16 18 16 16 17 16 0 1 1 17 17 17 16 17 16 0 0 0 16 16 16 16 17 16 1 0 2 34 34 34 0 0 0 0 0 0 32 33 32 0 0 2 0 0 0 32 32 34 1 0 2 0 0 0 0 0 0 17 16 18 0 0 0 2 0 2 16 17 16 0 0 2 0 0 0 16 16 17 
1
0 1 1 0 2 0 0 0 1 
2 0 2 0 2 0 0 1 0 0 1 1 1 1 1 0 1 0 0 0 0 0 0 0 0 1 0 1 0 2 2 2 2 0 0 0 0 0 0 0 1 0 1 0 2 0 0 0 0 0 2 1 0 2 0 0 0 0 0 0 1 0 2 0 0 0 2 0 2 0 1 0 0 0 2 0 0 0 0 0 1 
2 0 2 16 18 16 16 17 16 0 1 1 17 17 17 16 17 16 0 0 0 16 16 16 16 17 16 1 0 2 34 34 34 0 0 0 0 0 0 32 33 32 1 0 2 0 0 0 32 32 34 1 0 2 0 0 0 0 0 0 17 16 18 0 0 0 2 0 2 16 17 16 0 0 2 0 0 0 16 16 17 
1
0 1 1 0 2 0 0 0 1 
2 0 2 0 2 0 0 1 0 0 1 1 1 1 1 0 1 0 0 0 0 0 0 0 0 1 0 1 0 2 2 2 2 0 0 0 0 0 0 0 1 0 1 0 2 2 0 0 0 0 2 1 0 2 0 0 0 0 0 0 1 0 2 0 0 0 2 0 2 0 1 0 0 0 2 0 0 0 0 0 1 
2 0 2 16 18 16 16 17 16 0 1 1 17 17 17 16 17 16 0 0 0 16 16 16 16 17 16 1 0 2 34 34 34 0 0 0 0 0 0 32 33 32 1 0 2 2 0 0 32 32 34 1 0 2 0 0 0 0 0 0 17 16 18 0 0 0 2 0 2 16 17 16 0 0 2 0 0 0 16 16 17 
1
0 1 1 0 2 0 0 0 1 
2 0 2 0 2 0 0 1 0 0 1 1 1 1 1 0 1 0 0 0 0 0 0 0 0 1 0 1 0 2 2 2 2 0 0 0 0 0 0 0 1 0 1 0 2 2 0 0 0 0 2 1 0 2 0 0 0 0 0 0 1 0 2 0 0 0 2 0 2 0 1 0 1 0 2 0 0 0 0 0 1 
2 0 2 16 18 16 16 17 16 0 1 1 17 17 17 16 17 16 0 0 0 16 16 16 16 17 16 1 0 2 34 34 34 0 0 0 0 0 0 32 33 32 1 0 2 2 0 0 32 32 34 1 0 2 0 0 0 0 0 0 17 16 18 0 0 0 2 0 2 16 17 16 1 0 2 0 0 0 16 16 17 
1
0 1 1 0 2 0 0 0 1 
2 0 2 0 2 0 0 1 0 0 1 1 1 1 1 0 1 0 0 0 0 0 0 0 0 1 0 1 0 2 2 2 2 0 0 0 0 0 0 0 1 0 1 0 2 2 0 0 0 0 2 1 0 2 0 0 0 0 0 0 1 0 2 0 0 0 2 0 2 0 1 0 1 2 2 0 0 0 0 0 1 
2 0 2 16 18 16 16 17 16 0 1 1 17 17 17 16 17 16 0 0 0 16 16 16 16 17 16 1 0 2 34 34 34 0 0 0 0 0 0 32 33 32 1 0 2 2 0 0 32 32 34 1 0 2 0 0 0 0 0 0 17 16 18 0 0 0 2 0 2 16 17 16 1 2 2 0 0 0 16 16 17 
1
0 1 1 0 2 0 0 0 1 
2 0 2 0 2 0 0 1 0 0 1 1 1 1 1 0 1 0 0 0 0 0 0 0 0 1 0 1 0 2 2 2 2 0 0 0 0 0 0 0 1 0 1 0 2 2 0 0 0 0 2 1 0 2 0 0 0 0 0 0 1 0 2 0 0 0 2 0 2 0 1 0 1 2 2 1 0 0 0 0 1 
2 0 2 16 18 16 16 17 16 0 1 1 17 17 17 16 17 16 0 0 0 16 16 16 16 17 16 1 0 2 34 34 34 0 0 0 0 0 0 32 33 32 1 0 2 2 0 0 32 32 34 1 0 2 0 0 0 0 0 0 17 16 18 0 0 0 2 0 2 16 17 16 1 2 2 1 0 0 16 16 17 
1
0 1 1 0 2 0 0 0 1 
2 0 2 0 2 0 0 1 0 0 1 1 1 1 1 0 1 0 0 0 0 0 0 0 0 1 0 1 0 2 2 2 2 0 0 0 0 0 0 0 1 0 1 0 2 2 0 0 0 0 2 1 0 2 0 0 0 0 0 0 1 0 2 2 0 0 2 0 2 0 1 0 1 2 2 1 0 0 0 0 1 
2 0 2 16 18 16 16 17 16 0 1 1 17 17 17 16 17 16 0 0 0 16 16 16 16 17 16 1 0 2 34 34 34 0 0 0 0 0 0 32 33 32 1 0 2 2 0 0 32 32 34 1 0 2 0 0 0 0 0 0 17 16 18 2 0 0 2 0 2 16 17 16 1 2 2 1 0 0 16 16 17 
1
0 1 1 0 2 0 0 0 1 
2 0 2 0 2 0 0 1 0 0 1 1 1 1 1 0 1 0 0 0 0 0 0 0 0 1 0 1 0 2 2 2 2 0 0 0 1 0 0 0 1 0 1 0 2 2 0 0 0 0 2 1 0 2 0 0 0 0 0 0 1 0 2 2 0 0 2 0 2 0 1 0 1 2 2 1 0 0 0 0 1 
2 0 2 16 18 16 16 17 16 0 1 1 17 17 17 16 17 16 0 0 0 16 16 16 16 17 16 1 0 2 34 34 34 0 0 0 1 0 0 32 33 32 1 0 2 2 0 0 32 32 34 1 0 2 0 0 0 0 0 0 17 16 18 2 0 0 2 0 2 16 17 16 1 2 2 1 0 0 16 16 17 
1
0 1 1 0 2 0 0 0 1 
2 0 2 0 2 0 0 1 0 0 1 1 1 1 1 0 1 0 0 0 0 0 0 0 0 1 0 1 0 2 2 2 2 0 0 0 1 0 0 0 1 0 1 0 2 2 2 0 0 0 2 1 0 2 0 0 0 0 0 0 1 0 2 2 0 0 2 0 2 0 1 0 1 2 2 1 0 0 0 0 1 
2 0 2 16 18 16 16 17 16 0 1 1 17 17 17 16 17 16 0 0 0 16 16 16 16 17 16 1 0 2 34 34 34 0 0 0 1 0 0 32 33 32 1 0 2 2 2 0 32 32 34 1 0 2 0 0 0 0 0 0 17 16 18 2 0 0 2 0 2 16 17 16 1 2 2 1 0 0 16 16 17 
1
0 1 1 0 2 0 0 0 1 
2 0 2 0 2 0 0 1 0 0 1 1 1 1 1 0 1 0 0 0 0 0 0 0 0 1 0 1 0 2 2 2 2 0 0 0 1 0 0 0 1 0 1 0 2 2 2 0 0 0 2 1 0 2 0 0 0 0 0 0 1 0 2 2 0 0 2 0 2 0 1 0 1 2 2 1 1 0 0 0 1 
2 0 2 16 18 16 16 17 16 0 1 1 17 17 17 16 17 16 0 0 0 16 16 16 16 17 16 1 0 2 34 34 34 0 0 0 1 0 0 32 33 32 1 0 2 2 2 0 32 32 34 1 0 2 0 0 0 0 0 0 17 16 18 2 0 0 2 0 2 16 17 16 1 2 2 1 1 0 16 16 17 
1
0 1 1 0 2 0 0 0 1 
2 0 2 0 2 0 0 1 0 0 1 1 1 1 1 0 1 0 0 0 0 0 0 0 0 1 0 1 0 2 2 2 2 0 0 0 1 0 0 0 1 0 1 0 2 2 2 0 0 0 2 1 0 2 0 0 0 2 0 0 1 0 2 2 0 0 2 0 2 0 1 0 1 2 2 1 1 0 0 0 1 
2 0 2 16 18 16 16 17 16 0 1 1 17 17 17 16 17 16 0 0 0 16 16 16 16 17 16 1 0 2 34 34 34 0 0 0 1 0 0 32 33 32 1 0 2 2 2 0 32 32 34 1 0 2 0 0 0 2 0 0 17 16 18 2 0 0 2 0 2 16 17 16 1 2 2 1 1 0 16 16 17 
1
1 1 1 0 2 0 0 0 1 
2 0 2 0 2 0 0 1 0 1 1 1 1 1 1 0 1 0 0 0 0 0 0 0 0 1 0 1 0 2 2 2 2 0 0 0 1 0 0 0 1 0 1 0 2 2 2 0 0 0 2 1 0 2 0 0 0 2 0 0 1 0 2 2 0 0 2 0 2 0 1 0 1 2 2 1 1 0 0 0 1 
18 16 18 16 18 16 16 17 16 17 17 17 17 17 17 16 17 16 16 16 16 16 16 16 16 17 16 1 0 2 34 34 34 0 0 0 1 0 0 32 33 32 1 0 2 2 2 0 32 32 34 1 0 2 0 0 0 2 0 0 17 16 18 2 0 0 2 0 2 16 17 16 1 2 2 1 1 0 16 16 17 
1
1 1 1 0 2 0 0 0 1 
2 0 2 0 2 0 0 1 0 1 1 1 1 1 1 0 1 0 0 0 0 0 0 0 0 1 0 1 0 2 2 2 2 0 0 0 1 0 0 0 1 0 1 0 2 2 2 0 0 0 2 1 0 2 0 0 0 2 0 0 1 0 2 2 0 0 2 0 2 0 1 0 1 2 2 1 1 0 0 0 1 
18 16 18 16 18 16 16 17 16 17 17 17 17 17 17 16 17 16 16 16 16 16 16 16 16 17 16 1 0 2 34 34 34 0 0 0 1 0 0 32 33 32 1 0 2 2 2 0 32 32 34 1 0 2 0 0 0 2 0 0 17 16 18 2 0 0 2 0 2 16 17 16 1 2 2 1 1 0 16 16 17 
1
