0 0 0 0 0 0 0 0 0 
1 0 0 0 0 0 0 0 0 0 0 0 0 0 0 0 0 0 0 0 0 0 0 0 0 0 0 0 0 0 0 0 0 0 0 0 0 0 0 0 0 0 0 0 0 0 0 0 0 0 0 0 0 0 0 0 0 0 0 0 0 0 0 0 0 0 0 0 0 0 0 0 0 0 0 0 0 0 0 0 0 
1 0 0 0 0 0 0 0 0 0 0 0 0 0 0 0 0 0 0 0 0 0 0 0 0 0 0 0 0 0 0 0 0 0 0 0 0 0 0 0 0 0 0 0 0 0 0 0 0 0 0 0 0 0 0 0 0 0 0 0 0 0 0 0 0 0 0 0 0 0 0 0 0 0 0 0 0 0 0 0 0 
1
0 0 0 0 0 0 0 0 0 
1 0 2 0 0 0 0 0 0 0 0 0 0 0 0 0 0 0 0 0 0 0 0 0 0 0 0 0 0 0 0 0 0 0 0 0 0 0 0 0 0 0 0 0 0 0 0 0 0 0 0 0 0 0 0 0 0 0 0 0 0 0 0 0 0 0 0 0 0 0 0 0 0 0 0 0 0 0 0 0 0 
1 0 2 0 0 0 0 0 0 0 0 0 0 0 0 0 0 0 0 0 0 0 0 0 0 0 0 0 0 0 0 0 0 0 0 0 0 0 0 0 0 0 0 0 0 0 0 0 0 0 0 0 0 0 0 0 0 0 0 0 0 0 0 0 0 0 0 0 0 0 0 0 0 0 0 0 0 0 0 0 0 
1
0 0 0 0 0 0 0 0 0 
1 0 2 0 0 0 1 0 0 0 0 0 0 0 0 0 0 0 0 0 0 0 0 0 0 0 0 0 0 0 0 0 0 0 0 0 0 0 0 0 0 0 0 0 0 0 0 0 0 0 0 0 0 0 0 0 0 0 0 0 0 0 0 0 0 0 0 0 0 0 0 0 0 0 0 0 0 0 0 0 0 
1 0 2 0 0 0 1 0 0 0 0 0 0 0 0 0 0 0 0 0 0 0 0 0 0 0 0 0 0 0 0 0 0 0 0 0 0 0 0 0 0 0 0 0 0 0 0 0 0 0 0 0 0 0 0 0 0 0 0 0 0 0 0 0 0 0 0 0 0 0 0 0 0 0 0 0 0 0 0 0 0 
1
0 0 0 0 0 0 0 0 0 
1 0 2 0 0 0 1 0 0 0 0 0 0 0 0 0 0 0 2 0 0 0 0 0 0 0 0 0 0 0 0 0 0 0 0 0 0 0 0 0 0 0 0 0 0 0 0 0 0 0 0 0 0 0 0 0 0 0 0 0 0 0 0 0 0 0 0 0 0 0 0 0 0 0 0 0 0 0 0 0 0 
1 0 2 0 0 0 1 0 0 0 0 0 0 0 0 0 0 0 2 0 0 0 0 0 0 0 0 0 0 0 0 0 0 0 0 0 0 0 0 0 0 0 0 0 0 0 0 0 0 0 0 0 0 0 0 0 0 0 0 0 0 0 0 0 0 0 0 0 0 0 0 0 0 0 0 0 0 0 0 0 0 
1
0 0 0 0 0 0 0 0 0 
1 0 2 0 0 0 1 0 0 0 0 0 0 0 0 0 0 0 2 0 0 0 0 0 0 0 0 0 0 0 0 0 0 0 0 0 0 0 0 0 0 0 0 0 0 0 0 0 0 0 0 0 0 0 0 1 0 0 0 0 0 0 0 0 0 0 0 0 0 0 0 0 0 0 0 0 0 0 0 0 0 
1 0 2 0 0 0 1 0 0 0 0 0 0 0 0 0 0 0 2 0 0 0 0 0 0 0 0 0 0 0 0 0 0 0 0 0 0 0 0 0 0 0 0 0 0 0 0 0 0 0 0 0 0 0 0 1 0 0 0 0 0 0 0 0 0 0 0 0 0 0 0 0 0 0 0 0 0 0 0 0 0 
1
0 0 0 0 0 0 0 0 0 
1 0 2 0 2 0 1 0 0 0 0 0 0 0 0 0 0 0 2 0 0 0 0 0 0 0 0 0 0 0 0 0 0 0 0 0 0 0 0 0 0 0 0 0 0 0 0 0 0 0 0 0 0 0 0 1 0 0 0 0 0 0 0 0 0 0 0 0 0 0 0 0 0 0 0 0 0 0 0 0 0 
1 0 2 0 2 0 1 0 0 0 0 0 0 0 0 0 0 0 2 0 0 0 0 0 0 0 0 0 0 0 0 0 0 0 0 0 0 0 0 0 0 0 0 0 0 0 0 0 0 0 0 0 0 0 0 1 0 0 0 0 0 0 0 0 0 0 0 0 0 0 0 0 0 0 0 0 0 0 0 0 0 
1
0 0 0 0 0 0 0 0 0 
1 0 2 0 2 1 1 0 0 0 0 0 0 0 0 0 0 0 2 0 0 0 0 0 0 0 0 0 0 0 0 0 0 0 0 0 0 0 0 0 0 0 0 0 0 0 0 0 0 0 0 0 0 0 0 1 0 0 0 0 0 0 0 0 0 0 0 0 0 0 0 0 0 0 0 0 0 0 0 0 0 
1 0 2 0 2 1 1 0 0 0 0 0 0 0 0 0 0 0 2 0 0 0 0 0 0 0 0 0 0 0 0 0 0 0 0 0 0 0 0 0 0 0 0 0 0 0 0 0 0 0 0 0 0 0 0 1 0 0 0 0 0 0 0 0 0 0 0 0 0 0 0 0 0 0 0 0 0 0 0 0 0 
1
0 0 0 0 0 0 0 0 0 
1 0 2 0 2 1 1 0 0 0 0 0 0 0 0 2 0 0 2 0 0 0 0 0 0 0 0 0 0 0 0 0 0 0 0 0 0 0 0 0 0 0 0 0 0 0 0 0 0 0 0 0 0 0 0 1 0 0 0 0 0 0 0 0 0 0 0 0 0 0 0 0 0 0 0 0 0 0 0 0 0 
1 0 2 0 2 1 1 0 0 0 0 0 0 0 0 2 0 0 2 0 0 0 0 0 0 0 0 0 0 0 0 0 0 0 0 0 0 0 0 0 0 0 0 0 0 0 0 0 0 0 0 0 0 0 0 1 0 0 0 0 0 0 0 0 0 0 0 0 0 0 0 0 0 0 0 0 0 0 0 0 0 
1
0 0 0 0 0 0 0 0 0 
1 0 2 0 2 1 1 0 0 0 0 0 0 0 0 2 0 0 2 0 0 0 0 0 0 0 0 0 1 0 0 0 0 0 0 0 0 0 0 0 0 0 0 0 0 0 0 0 0 0 0 0 0 0 0 1 0 0 0 0 0 0 0 0 0 0 0 0 0 0 0 0 0 0 0 0 0 0 0 0 0 
1 0 2 0 2 1 1 0 0 0 0 0 0 0 0 2 0 0 2 0 0 0 0 0 0 0 0 0 1 0 0 0 0 0 0 0 0 0 0 0 0 0 0 0 0 0 0 0 0 0 0 0 0 0 0 1 0 0 0 0 0 0 0 0 0 0 0 0 0 0 0 0 0 0 0 0 0 0 0 0 0 
1
0 0 0 0 0 0 0 0 0 
1 0 2 0 2 1 1 0 0 0 0 0 0 2 0 2 0 0 2 0 0 0 0 0 0 0 0 0 1 0 0 0 0 0 0 0 0 0 0 0 0 0 0 0 0 0 0 0 0 0 0 0 0 0 0 1 0 0 0 0 0 0 0 0 0 0 0 0 0 0 0 0 0 0 0 0 0 0 0 0 0 
1 0 2 0 2 1 1 0 0 0 0 0 0 2 0 2 0 0 2 0 0 0 0 0 0 0 0 0 1 0 0 0 0 0 0 0 0 0 0 0 0 0 0 0 0 0 0 0 0 0 0 0 0 0 0 1 0 0 0 0 0 0 0 0 0 0 0 0 0 0 0 0 0 0 0 0 0 0 0 0 0 
1
0 0 0 0 0 0 0 0 0 
1 0 2 0 2 1 1 0 0 0 0 0 0 2 0 2 0 0 2 0 0 0 0 0 0 0 0 0 1 0 0 0 1 0 0 0 0 0 0 0 0 0 0 0 0 0 0 0 0 0 0 0 0 0 0 1 0 0 0 0 0 0 0 0 0 0 0 0 0 0 0 0 0 0 0 0 0 0 0 0 0 
1 0 2 0 2 1 1 0 0 0 0 0 0 2 0 2 0 0 2 0 0 0 0 0 0 0 0 0 1 0 0 0 1 0 0 0 0 0 0 0 0 0 0 0 0 0 0 0 0 0 0 0 0 0 0 1 0 0 0 0 0 0 0 0 0 0 0 0 0 0 0 0 0 0 0 0 0 0 0 0 0 
1
0 0 0 0 0 0 0 0 0 
1 0 2 0 2 1 1 0 0 0 0 0 0 2 0 2 2 0 2 0 0 0 0 0 0 0 0 0 1 0 0 0 1 0 0 0 0 0 0 0 0 0 0 0 0 0 0 0 0 0 0 0 0 0 0 1 0 0 0 0 0 0 0 0 0 0 0 0 0 0 0 0 0 0 0 0 0 0 0 0 0 
1 0 2 0 2 1 1 0 0 0 0 0 0 2 0 2 2 0 2 0 0 0 0 0 0 0 0 0 1 0 0 0 1 0 0 0 0 0 0 0 0 0 0 0 0 0 0 0 0 0 0 0 0 0 0 1 0 0 0 0 0 0 0 0 0 0 0 0 0 0 0 0 0 0 0 0 0 0 0 0 0 
1
0 0 0 0 0 0 0 0 0 
1 0 2 0 2 1 1 0 0 0 0 0 0 2 0 2 2 0 2 0 0 0 0 0 0 0 0 0 1 0 1 0 1 0 0 0 0 0 0 0 0 0 0 0 0 0 0 0 0 0 0 0 0 0 0 1 0 0 0 0 0 0 0 0 0 0 0 0 0 0 0 0 0 0 0 0 0 0 0 0 0 
1 0 2 0 2 1 1 0 0 0 0 0 0 2 0 2 2 0 2 0 0 0 0 0 0 0 0 0 1 0 1 0 1 0 0 0 0 0 0 0 0 0 0 0 0 0 0 0 0 0 0 0 0 0 0 1 0 0 0 0 0 0 0 0 0 0 0 0 0 0 0 0 0 0 0 0 0 0 0 0 0 
1
2 0 0 0 0 0 0 0 0 
1 0 2 0 2 1 1 0 0 0 2 0 0 2 0 2 2 0 2 0 0 0 0 0 0 0 0 0 1 0 1 0 1 0 0 0 0 0 0 0 0 0 0 0 0 0 0 0 0 0 0 0 0 0 0 1 0 0 0 0 0 0 0 0 0 0 0 0 0 0 0 0 0 0 0 0 0 0 0 0 0 
33 32 34 0 2 1 1 0 0 32 34 32 0 2 0 2 2 0 34 32 32 0 0 0 0 0 0 0 1 0 1 0 1 0 0 0 0 0 0 0 0 0 0 0 0 0 0 0 0 0 0 0 0 0 0 1 0 0 0 0 0 0 0 0 0 0 0 0 0 0 0 0 0 0 0 0 0 0 0 0 0 
1
2 0 0 0 1 0 0 0 0 
1 0 2 0 2 1 1 0 0 0 2 0 0 2 0 2 2 0 2 0 0 0 0 0 0 0 0 0 1 0 1 1 1 0 0 0 0 0 0 0 0 0 0 0 0 0 0 0 0 0 0 0 0 0 0 1 0 0 0 0 0 0 0 0 0 0 0 0 0 0 0 0 0 0 0 0 0 0 0 0 0 
33 32 34 0 2 1 1 0 0 32 34 32 0 2 0 2 2 0 34 32 32 0 0 0 0 0 0 0 1 0 17 17 17 0 0 0 0 0 0 16 16 16 0 0 0 0 0 0 16 16 16 0 0 0 0 1 0 0 0 0 0 0 0 0 0 0 0 0 0 0 0 0 0 0 0 0 0 0 0 0 0 
1
2 2 0 0 1 0 0 0 0 
1 0 2 0 2 1 1 0 0 0 2 0 0 2 0 2 2 0 2 0 0 0 2 0 0 0 0 0 1 0 1 1 1 0 0 0 0 0 0 0 0 0 0 0 0 0 0 0 0 0 0 0 0 0 0 1 0 0 0 0 0 0 0 0 0 0 0 0 0 0 0 0 0 0 0 0 0 0 0 0 0 
33 32 34 32 34 33 1 0 0 32 34 32 32 34 32 2 2 0 34 32 32 32 34 32 0 0 0 0 1 0 17 17 17 0 0 0 0 0 0 16 16 16 0 0 0 0 0 0 16 16 16 0 0 0 0 1 0 0 0 0 0 0 0 0 0 0 0 0 0 0 0 0 0 0 0 0 0 0 0 0 0 
1
2 2 0 0 1 0 0 0 0 
1 0 2 0 2 1 1 0 0 0 2 0 0 2 0 2 2 0 2 0 0 0 2 0 0 0 0 0 1 0 1 1 1 0 0 0 0 0 0 0 0 0 0 0 0 0 0 0 0 0 0 0 0 0 0 1 0 0 0 0 0 0 0 0 0 0 1 0 0 0 0 0 0 0 0 0 0 0 0 0 0 
33 32 34 32 34 33 1 0 0 32 34 32 32 34 32 2 2 0 34 32 32 32 34 32 0 0 0 0 1 0 17 17 17 0 0 0 0 0 0 16 16 16 0 0 0 0 0 0 16 16 16 0 0 0 0 1 0 0 0 0 0 0 0 0 0 0 1 0 0 0 0 0 0 0 0 0 0 0 0 0 0 
1
2 2 0 0 1 0 0 0 0 
1 0 2 0 2 1 1 0 0 0 2 0 0 2 0 2 2 0 2 0 0 0 2 0 0 0 0 0 1 0 1 1 1 0 0 0 0 0 2 0 0 0 0 0 0 0 0 0 0 0 0 0 0 0 0 1 0 0 0 0 0 0 0 0 0 0 1 0 0 0 0 0 0 0 0 0 0 0 0 0 0 
33 32 34 32 34 33 1 0 0 32 34 32 32 34 32 2 2 0 34 32 32 32 34 32 0 0 0 0 1 0 17 17 17 0 0 0 0 0 2 16 16 16 0 0 0 0 0 0 16 16 16 0 0 0 0 1 0 0 0 0 0 0 0 0 0 0 1 0 0 0 0 0 0 0 0 0 0 0 0 0 0 
1
2 2 0 0 1 0 0 0 0 
1 0 2 0 2 1 1 0 0 0 2 0 0 2 0 2 2 0 2 0 0 0 2 0 0 0 0 0 1 0 1 1 1 0 0 0 0 0 2 0 0 0 1 0 0 0 0 0 0 0 0 0 0 0 0 1 0 0 0 0 0 0 0 0 0 0 1 0 0 0 0 0 0 0 0 0 0 0 0 0 0 
33 32 34 32 34 33 1 0 0 32 34 32 32 34 32 2 2 0 34 32 32 32 34 32 0 0 0 0 1 0 17 17 17 0 0 0 0 0 2 16 16 16 1 0 0 0 0 0 16 16 16 0 0 0 0 1 0 0 0 0 0 0 0 0 0 0 1 0 0 0 0 0 0 0 0 0 0 0 0 0 0 
1
2 2 0 0 1 0 0 0 0 
1 0 2 0 2 1 1 0 0 0 2 0 0 2 0 2 2 0 2 0 0 0 2 0 0 0 0 0 1 0 1 1 1 0 0 0 0 0 2 0 0 0 1 0 0 0 0 2 0 0 0 0 0 0 0 1 0 0 0 0 0 0 0 0 0 0 1 0 0 0 0 0 0 0 0 0 0 0 0 0 0 
33 32 34 32 34 33 1 0 0 32 34 32 32 34 32 2 2 0 34 32 32 32 34 32 0 0 0 0 1 0 17 17 17 0 0 0 0 0 2 16 16 16 1 0 0 0 0 2 16 16 16 0 0 0 0 1 0 0 0 0 0 0 0 0 0 0 1 0 0 0 0 0 0 0 0 0 0 0 0 0 0 
1
2 2 0 0 1 0 0 0 0 
1 0 2 0 2 1 1 0 0 0 2 0 0 2 0 2 2 0 2 0 0 0 2 0 0 0 0 0 1 0 1 1 1 0 0 0 0 0 2 0 0 0 1 0 0 0 0 2 0 0 0 0 0 0 0 1 0 0 0 0 0 0 0 0 0 0 1 0 0 0 0 1 0 0 0 0 0 0 0 0 0 
33 32 34 32 34 33 1 0 0 32 34 32 32 34 32 2 2 0 34 32 32 32 34 32 0 0 0 0 1 0 17 17 17 0 0 0 0 0 2 16 16 16 1 0 0 0 0 2 16 16 16 0 0 0 0 1 0 0 0 0 0 0 0 0 0 0 1 0 0 0 0 1 0 0 0 0 0 0 0 0 0 
1
2 2 0 0 1 0 0 0 0 
1 0 2 0 2 1 1 0 0 0 2 0 0 2 0 2 2 0 2 0 0 0 2 0 0 0 0 0 1 0 1 1 1 0 0 0 0 0 2 0 0 0 1 0 0 0 0 2 0 0 0 2 0 0 0 1 0 0 0 0 0 0 0 0 0 0 1 0 0 0 0 1 0 0 0 0 0 0 0 0 0 
33 32 34 32 34 33 1 0 0 32 34 32 32 34 32 2 2 0 34 32 32 32 34 32 0 0 0 0 1 0 17 17 17 0 0 0 0 0 2 16 16 16 1 0 0 0 0 2 16 16 16 2 0 0 0 1 0 0 0 0 0 0 0 0 0 0 1 0 0 0 0 1 0 0 0 0 0 0 0 0 0 
1
2 2 0 0 1 0 0 0 0 
1 0 2 0 2 1 1 0 0 0 2 0 0 2 0 2 2 0 2 0 0 0 2 0 0 0 0 0 1 0 1 1 1 0 0 0 0 0 2 0 0 0 1 0 0 0 0 2 0 0 0 2 0 0 0 1 0 0 0 0 0 0 0 0 0 1 1 0 0 0 0 1 0 0 0 0 0 0 0 0 0 
33 32 34 32 34 33 1 0 0 32 34 32 32 34 32 2 2 0 34 32 32 32 34 32 0 0 0 0 1 0 17 17 17 0 0 0 0 0 2 16 16 16 1 0 0 0 0 2 16 16 16 2 0 0 0 1 0 0 0 0 0 0 0 0 0 1 1 0 0 0 0 1 0 0 0 0 0 0 0 0 0 
1
2 2 0 0 1 0 0 0 0 
1 0 2 0 2 1 1 0 0 0 2 0 0 2 0 2 2 0 2 0 0 0 2 0 0 0 0 0 1 0 1 1 1 0 0 0 0 0 2 0 0 0 1 0 0 0 0 2 0 0 0 2 0 2 0 1 0 0 0 0 0 0 0 0 0 1 1 0 0 0 0 1 0 0 0 0 0 0 0 0 0 
33 32 34 32 34 33 1 0 0 32 34 32 32 34 32 2 2 0 34 32 32 32 34 32 0 0 0 0 1 0 17 17 17 0 0 0 0 0 2 16 16 16 1 0 0 0 0 2 16 16 16 2 0 2 0 1 0 0 0 0 0 0 0 0 0 1 1 0 0 0 0 1 0 0 0 0 0 0 0 0 0 
1
2 2 0 0 1 0 0 0 0 
1 0 2 0 2 1 1 0 0 0 2 0 0 2 0 2 2 0 2 0 0 0 2 0 0 0 0 0 1 0 1 1 1 0 0 0 0 0 2 0 0 0 1 0 0 0 0 2 0 0 0 2 0 2 0 1 0 0 0 0 0 0 0 0 0 1 1 0 0 0 0 1 0 0 0 0 0 0 1 0 0 
33 32 34 32 34 33 1 0 0 32 34 32 32 34 32 2 2 0 34 32 32 32 34 32 0 0 0 0 1 0 17 17 17 0 0 0 0 0 2 16 16 16 1 0 0 0 0 2 16 16 16 2 0 2 0 1 0 0 0 0 0 0 0 0 0 1 1 0 0 0 0 1 0 0 0 0 0 0 1 0 0 
1
2 2 0 0 1 0 0 0 0 
1 0 2 0 2 1 1 0 0 0 2 0 0 2 0 2 2 0 2 0 0 0 2 0 0 0 0 0 1 0 1 1 1 0 0 0 0 0 2 0 0 0 1 0 0 0 0 2 0 0 0 2 0 2 0 1 2 0 0 0 0 0 0 0 0 1 1 0 0 0 0 1 0 0 0 0 0 0 1 0 0 
33 32 34 32 34 33 1 0 0 32 34 32 32 34 32 2 2 0 34 32 32 32 34 32 0 0 0 0 1 0 17 17 17 0 0 0 0 0 2 16 16 16 1 0 0 0 0 2 16 16 16 2 0 2 0 1 2 0 0 0 0 0 0 0 0 1 1 0 0 0 0 1 0 0 0 0 0 0 1 0 0 
1
2 2 0 0 1 0 0 0 0 
1 0 2 0 2 1 1 0 0 0 2 0 0 2 0 2 2 1 2 0 0 0 2 0 0 0 0 0 1 0 1 1 1 0 0 0 0 0 2 0 0 0 1 0 0 0 0 2 0 0 0 2 0 2 0 1 2 0 0 0 0 0 0 0 0 1 1 0 0 0 0 1 0 0 0 0 0 0 1 0 0 
33 32 34 32 34 33 1 0 0 32 34 32 32 34 32 2 2 1 34 32 32 32 34 32 0 0 0 0 1 0 17 17 17 0 0 0 0 0 2 16 16 16 1 0 0 0 0 2 16 16 16 2 0 2 0 1 2 0 0 0 0 0 0 0 0 1 1 0 0 0 0 1 0 0 0 0 0 0 1 0 0 
1
2 2 0 0 1 2 0 0 0 
1 0 2 0 2 1 1 0 0 0 2 0 0 2 0 2 2 1 2 0 0 0 2 0 0 0 0 0 1 0 1 1 1 0 0 0 0 0 2 0 0 0 1 0 0 0 0 2 0 0 0 2 2 2 0 1 2 0 0 0 0 0 0 0 0 1 1 0 0 0 0 1 0 0 0 0 0 0 1 0 0 
33 32 34 32 34 33 1 0 0 32 34 32 32 34 32 2 2 1 34 32 32 32 34 32 0 0 0 0 1 0 17 17 17 32 32 32 0 0 2 16 16 16 33 32 32 0 0 2 16 16 16 34 34 34 0 1 2 0 0 0 0 0 0 0 0 1 1 0 0 0 0 1 0 0 0 0 0 0 1 0 0 
1
2 2 0 0 1 2 0 0 0 
1 0 2 0 2 1 1 0 0 0 2 0 0 2 0 2 2 1 2 0 0 0 2 0 0 0 0 0 1 0 1 1 1 0 0 0 0 0 2 0 0 0 1 0 0 0 0 2 0 0 0 2 2 2 0 1 2 1 0 0 0 0 0 0 0 1 1 0 0 0 0 1 0 0 0 0 0 0 1 0 0 
33 32 34 32 34 33 1 0 0 32 34 32 32 34 32 2 2 1 34 32 32 32 34 32 0 0 0 0 1 0 17 17 17 32 32 32 0 0 2 16 16 16 33 32 32 0 0 2 16 16 16 34 34 34 0 1 2 1 0 0 0 0 0 0 0 1 1 0 0 0 0 1 0 0 0 0 0 0 1 0 0 
1
2 2 0 2 1 2 0 0 0 
1 0 2 0 2 1 1 0 0 0 2 0 0 2 0 2 2 1 2 0 0 0 2 0 0 0 0 0 1 2 1 1 1 0 0 0 0 0 2 0 0 0 1 0 0 0 0 2 0 0 0 2 2 2 0 1 2 1 0 0 0 0 0 0 0 1 1 0 0 0 0 1 0 0 0 0 0 0 1 0 0 
33 32 34 32 34 33 1 0 0 32 34 32 32 34 32 2 2 1 34 32 32 32 34 32 0 0 0 32 33 34 17 17 17 32 32 32 32 32 34 16 16 16 33 32 32 32 32 34 16 16 16 34 34 34 0 1 2 1 0 0 0 0 0 0 0 1 1 0 0 0 0 1 0 0 0 0 0 0 1 0 0 
1
2 2 0 2 1 2 0 0 0 
1 0 2 0 2 1 1 0 1 0 2 0 0 2 0 2 2 1 2 0 0 0 2 0 0 0 0 0 1 2 1 1 1 0 0 0 0 0 2 0 0 0 1 0 0 0 0 2 0 0 0 2 2 2 0 1 2 1 0 0 0 0 0 0 0 1 1 0 0 0 0 1 0 0 0 0 0 0 1 0 0 
33 32 34 32 34 33 1 0 1 32 34 32 32 34 32 2 2 1 34 32 32 32 34 32 0 0 0 32 33 34 17 17 17 32 32 32 32 32 34 16 16 16 33 32 32 32 32 34 16 16 16 34 34 34 0 1 2 1 0 0 0 0 0 0 0 1 1 0 0 0 0 1 0 0 0 0 0 0 1 0 0 
1
2 2 0 2 1 2 0 0 0 
1 0 2 0 2 1 1 0 1 0 2 0 0 2 0 2 2 1 2 0 0 0 2 0 2 0 0 0 1 2 1 1 1 0 0 0 0 0 2 0 0 0 1 0 0 0 0 2 0 0 0 2 2 2 0 1 2 1 0 0 0 0 0 0 0 1 1 0 0 0 0 1 0 0 0 0 0 0 1 0 0 
33 32 34 32 34 33 1 0 1 32 34 32 32 34 32 2 2 1 34 32 32 32 34 32 2 0 0 32 33 34 17 17 17 32 32 32 32 32 34 16 16 16 33 32 32 32 32 34 16 16 16 34 34 34 0 1 2 1 0 0 0 0 0 0 0 1 1 0 0 0 0 1 0 0 0 0 0 0 1 0 0 
1
2 2 0 2 1 2 0 0 0 
1 0 2 0 2 1 1 0 1 0 2 0 0 2 0 2 2 1 2 0 0 0 2 0 2 0 0 0 1 2 1 1 1 0 0 0 0 0 2 0 0 0 1 0 0 0 0 2 0 0 0 2 2 2 0 1 2 1 0 0 0 0 0 0 0 1 1 0 0 0 0 1 1 0 0 0 0 0 1 0 0 
33 32 34 32 34 33 1 0 1 32 34 32 32 34 32 2 2 1 34 32 32 32 34 32 2 0 0 32 33 34 17 17 17 32 32 32 32 32 34 16 16 16 33 32 32 32 32 34 16 16 16 34 34 34 0 1 2 1 0 0 0 0 0 0 0 1 1 0 0 0 0 1 1 0 0 0 0 0 1 0 0 
1
2 2 0 2 1 2 0 0 0 
1 0 2 0 2 1 1 0 1 0 2 0 0 2 0 2 2 1 2 0 0 0 2 0 2 0 0 0 1 2 1 1 1 0 0 0 0 0 2 0 0 0 1 0 0 0 0 2 0 0 0 2 2 2 0 1 2 1 0 0 0 0 0 0 0 1 1 0 0 0 0 1 1 0 2 0 0 0 1 0 0 
33 32 34 32 34 33 1 0 1 32 34 32 32 34 32 2 2 1 34 32 32 32 34 32 2 0 0 32 33 34 17 17 17 32 32 32 32 32 34 16 16 16 33 32 32 32 32 34 16 16 16 34 34 34 0 1 2 1 0 0 0 0 0 0 0 1 1 0 0 0 0 1 1 0 2 0 0 0 1 0 0 
1
2 2 0 2 1 2 0 0 0 
1 0 2 0 2 1 1 0 1 0 2 0 0 2 0 2 2 1 2 0 0 0 2 0 2 0 0 0 1 2 1 1 1 0 0 0 0 0 2 0 0 0 1 0 0 0 0 2 0 0 0 2 2 2 0 1 2 1 0 0 0 0 0 0 0 1 1 0 0 0 0 1 1 0 2 0 0 0 1 0 1 
33 32 34 32 34 33 1 0 1 32 34 32 32 34 32 2 2 1 34 32 32 32 34 32 2 0 0 32 33 34 17 17 17 32 32 32 32 32 34 16 16 16 33 32 32 32 32 34 16 16 16 34 34 34 0 1 2 1 0 0 0 0 0 0 0 1 1 0 0 0 0 1 1 0 2 0 0 0 1 0 1 
1
2 2 0 2 1 2 0 0 0 
1 0 2 0 2 1 1 0 1 0 2 0 0 2 0 2 2 1 2 0 0 0 2 0 2 0 0 0 1 2 1 1 1 0 0 0 0 0 2 0 0 0 1 0 0 0 0 2 0 0 0 2 2 2 0 1 2 1 0 0 0 0 2 0 0 1 1 0 0 0 0 1 1 0 2 0 0 0 1 0 1 
33 32 34 32 34 33 1 0 1 32 34 32 32 34 32 2 2 1 34 32 32 32 34 32 2 0 0 32 33 34 17 17 17 32 32 32 32 32 34 16 16 16 33 32 32 32 32 34 16 16 16 34 34 34 0 1 2 1 0 0 0 0 2 0 0 1 1 0 0 0 0 1 1 0 2 0 0 0 1 0 1 
1
2 2 1 2 1 2 0 0 0 
1 0 2 0 2 1 1 0 1 0 2 0 0 2 0 2 2 1 2 0 0 0 2 0 2 0 1 0 1 2 1 1 1 0 0 0 0 0 2 0 0 0 1 0 0 0 0 2 0 0 0 2 2 2 0 1 2 1 0 0 0 0 2 0 0 1 1 0 0 0 0 1 1 0 2 0 0 0 1 0 1 
33 32 34 32 34 33 17 16 17 32 34 32 32 34 32 18 18 17 34 32 32 32 34 32 18 16 17 32 33 34 17 17 17 32 32 32 32 32 34 16 16 16 33 32 32 32 32 34 16 16 16 34 34 34 0 1 2 1 0 0 0 0 2 0 0 1 1 0 0 0 0 1 1 0 2 0 0 0 1 0 1 
1
2 2 1 2 1 2 0 0 0 
1 0 2 0 2 1 1 0 1 0 2 0 0 2 0 2 2 1 2 0 0 0 2 0 2 0 1 0 1 2 1 1 1 0 0 0 0 0 2 0 0 0 1 0 0 0 0 2 0 0 0 2 2 2 0 1 2 1 0 0 0 0 2 0 0 1 1 0 0 0 0 1 1 0 2 0 0 0 1 2 1 
33 32 34 32 34 33 17 16 17 32 34 32 32 34 32 18 18 17 34 32 32 32 34 32 18 16 17 32 33 34 17 17 17 32 32 32 32 32 34 16 16 16 33 32 32 32 32 34 16 16 16 34 34 34 0 1 2 1 0 0 0 0 2 0 0 1 1 0 0 0 0 1 1 0 2 0 0 0 1 2 1 
1
2 2 1 2 1 2 0 0 0 
1 0 2 0 2 1 1 0 1 0 2 0 0 2 0 2 2 1 2 0 0 0 2 0 2 0 1 0 1 2 1 1 1 0 0 0 0 0 2 0 0 0 1 0 0 0 0 2 0 0 0 2 2 2 0 1 2 1 0 0 0 0 2 0 0 1 1 0 0 0 0 1 1 0 2 0 0 1 1 2 1 
33 32 34 32 34 33 17 16 17 32 34 32 32 34 32 18 18 17 34 32 32 32 34 32 18 16 17 32 33 34 17 17 17 32 32 32 32 32 34 16 16 16 33 32 32 32 32 34 16 16 16 34 34 34 0 1 2 1 0 0 0 0 2 0 0 1 1 0 0 0 0 1 1 0 2 0 0 1 1 2 1 
1
2 2 1 2 1 2 0 0 0 
1 0 2 0 2 1 1 0 1 0 2 0 0 2 0 2 2 1 2 0 0 0 2 0 2 0 1 0 1 2 1 1 1 0 0 0 0 0 2 0 0 0 1 0 0 0 0 2 0 0 0 2 2 2 0 1 2 1 0 0 0 2 2 0 0 1 1 0 0 0 0 1 1 0 2 0 0 1 1 2 1 
33 32 34 32 34 33 17 16 17 32 34 32 32 34 32 18 18 17 34 32 32 32 34 32 18 16 17 32 33 34 17 17 17 32 32 32 32 32 34 16 16 16 33 32 32 32 32 34 16 16 16 34 34 34 0 1 2 1 0 0 0 2 2 0 0 1 1 0 0 0 0 1 1 0 2 0 0 1 1 2 1 
1
2 2 1 2 1 2 0 0 0 
1 0 2 0 2 1 1 0 1 0 2 0 0 2 0 2 2 1 2 0 0 0 2 0 2 0 1 0 1 2 1 1 1 0 0 0 0 0 2 0 0 0 1 0 0 0 0 2 0 0 0 2 2 2 0 1 2 1 0 0 0 2 2 1 0 1 1 0 0 0 0 1 1 0 2 0 0 1 1 2 1 
33 32 34 32 34 33 17 16 17 32 34 32 32 34 32 18 18 17 34 32 32 32 34 32 18 16 17 32 33 34 17 17 17 32 32 32 32 32 34 16 16 16 33 32 32 32 32 34 16 16 16 34 34 34 0 1 2 1 0 0 0 2 2 1 0 1 1 0 0 0 0 1 1 0 2 0 0 1 1 2 1 
1
2 2 1 2 1 2 0 0 0 
1 0 2 0 2 1 1 0 1 0 2 0 0 2 0 2 2 1 2 0 0 0 2 0 2 0 1 0 1 2 1 1 1 0 0 0 0 0 2 0 0 0 1 0 0 0 0 2 0 0 0 2 2 2 2 1 2 1 0 0 0 2 2 1 0 1 1 0 0 0 0 1 1 0 2 0 0 1 1 2 1 
33 32 34 32 34 33 17 16 17 32 34 32 32 34 32 18 18 17 34 32 32 32 34 32 18 16 17 32 33 34 17 17 17 32 32 32 32 32 34 16 16 16 33 32 32 32 32 34 16 16 16 34 34 34 2 1 2 1 0 0 0 2 2 1 0 1 1 0 0 0 0 1 1 0 2 0 0 1 1 2 1 
1
2 2 1 2 1 2 1 0 0 
1 0 2 0 2 1 1 0 1 0 2 0 0 2 0 2 2 1 2 0 0 0 2 0 2 0 1 0 1 2 1 1 1 0 0 0 0 0 2 0 0 0 1 0 0 0 0 2 0 0 0 2 2 2 2 1 2 1 0 0 0 2 2 1 1 1 1 0 0 0 0 1 1 0 2 0 0 1 1 2 1 
33 32 34 32 34 33 17 16 17 32 34 32 32 34 32 18 18 17 34 32 32 32 34 32 18 16 17 32 33 34 17 17 17 32 32 32 32 32 34 16 16 16 33 32 32 32 32 34 16 16 16 34 34 34 18 17 18 1 0 0 0 2 2 17 17 17 1 0 0 0 0 1 17 16 18 0 0 1 1 2 1 
1
2 2 1 2 1 2 1 0 0 
1 0 2 0 2 1 1 0 1 0 2 0 0 2 0 2 2 1 2 0 0 0 2 0 2 0 1 0 1 2 1 1 1 0 0 0 0 0 2 0 0 0 1 0 0 0 0 2 0 0 0 2 2 2 2 1 2 1 0 0 0 2 2 1 1 1 1 0 0 0 0 1 1 0 2 0 0 1 1 2 1 
33 32 34 32 34 33 17 16 17 32 34 32 32 34 32 18 18 17 34 32 32 32 34 32 18 16 17 32 33 34 17 17 17 32 32 32 32 32 34 16 16 16 33 32 32 32 32 34 16 16 16 34 34 34 18 17 18 1 0 0 0 2 2 17 17 17 1 0 0 0 0 1 17 16 18 0 0 1 1 2 1 
1
