0 0 0 0 0 0 0 0 0 
1 0 0 0 0 0 0 0 0 0 0 0 0 0 0 0 0 0 0 0 0 0 0 0 0 0 0 0 0 0 0 0 0 0 0 0 0 0 0 0 0 0 0 0 0 0 0 0 0 0 0 0 0 0 0 0 0 0 0 0 0 0 0 0 0 0 0 0 0 0 0 0 0 0 0 0 0 0 0 0 0 
1 0 0 0 0 0 0 0 0 0 0 0 0 0 0 0 0 0 0 0 0 0 0 0 0 0 0 0 0 0 0 0 0 0 0 0 0 0 0 0 0 0 0 0 0 0 0 0 0 0 0 0 0 0 0 0 0 0 0 0 0 0 0 0 0 0 0 0 0 0 0 0 0 0 0 0 0 0 0 0 0 
0
0 0 0 0 0 0 0 0 0 
1 0 2 0 0 0 0 0 0 0 0 0 0 0 0 0 0 0 0 0 0 0 0 0 0 0 0 0 0 0 0 0 0 0 0 0 0 0 0 0 0 0 0 0 0 0 0 0 0 0 0 0 0 0 0 0 0 0 0 0 0 0 0 0 0 0 0 0 0 0 0 0 0 0 0 0 0 0 0 0 0 
1 0 2 0 0 0 0 0 0 0 0 0 0 0 0 0 0 0 0 0 0 0 0 0 0 0 0 0 0 0 0 0 0 0 0 0 0 0 0 0 0 0 0 0 0 0 0 0 0 0 0 0 0 0 0 0 0 0 0 0 0 0 0 0 0 0 0 0 0 0 0 0 0 0 0 0 0 0 0 0 0 
0
0 0 0 0 0 0 0 0 0 
1 0 2 0 0 0 0 1 0 0 0 0 0 0 0 0 0 0 0 0 0 0 0 0 0 0 0 0 0 0 0 0 0 0 0 0 0 0 0 0 0 0 0 0 0 0 0 0 0 0 0 0 0 0 0 0 0 0 0 0 0 0 0 0 0 0 0 0 0 0 0 0 0 0 0 0 0 0 0 0 0 
1 0 2 0 0 0 0 1 0 0 0 0 0 0 0 0 0 0 0 0 0 0 0 0 0 0 0 0 0 0 0 0 0 0 0 0 0 0 0 0 0 0 0 0 0 0 0 0 0 0 0 0 0 0 0 0 0 0 0 0 0 0 0 0 0 0 0 0 0 0 0 0 0 0 0 0 0 0 0 0 0 
0
0 0 0 0 0 0 0 0 0 
1 0 2 0 2 0 0 1 0 0 0 0 0 0 0 0 0 0 0 0 0 0 0 0 0 0 0 0 0 0 0 0 0 0 0 0 0 0 0 0 0 0 0 0 0 0 0 0 0 0 0 0 0 0 0 0 0 0 0 0 0 0 0 0 0 0 0 0 0 0 0 0 0 0 0 0 0 0 0 0 0 
1 0 2 0 2 0 0 1 0 0 0 0 0 0 0 0 0 0 0 0 0 0 0 0 0 0 0 0 0 0 0 0 0 0 0 0 0 0 0 0 0 0 0 0 0 0 0 0 0 0 0 0 0 0 0 0 0 0 0 0 0 0 0 0 0 0 0 0 0 0 0 0 0 0 0 0 0 0 0 0 0 
0
0 0 0 0 0 0 0 0 0 
1 0 2 0 2 1 0 1 0 0 0 0 0 0 0 0 0 0 0 0 0 0 0 0 0 0 0 0 0 0 0 0 0 0 0 0 0 0 0 0 0 0 0 0 0 0 0 0 0 0 0 0 0 0 0 0 0 0 0 0 0 0 0 0 0 0 0 0 0 0 0 0 0 0 0 0 0 0 0 0 0 
1 0 2 0 2 1 0 1 0 0 0 0 0 0 0 0 0 0 0 0 0 0 0 0 0 0 0 0 0 0 0 0 0 0 0 0 0 0 0 0 0 0 0 0 0 0 0 0 0 0 0 0 0 0 0 0 0 0 0 0 0 0 0 0 0 0 0 0 0 0 0 0 0 0 0 0 0 0 0 0 0 
0
0 0 0 0 0 0 0 0 0 
1 0 2 0 2 1 0 1 0 0 0 0 0 0 0 0 0 0 0 0 0 0 0 0 2 0 0 0 0 0 0 0 0 0 0 0 0 0 0 0 0 0 0 0 0 0 0 0 0 0 0 0 0 0 0 0 0 0 0 0 0 0 0 0 0 0 0 0 0 0 0 0 0 0 0 0 0 0 0 0 0 
1 0 2 0 2 1 0 1 0 0 0 0 0 0 0 0 0 0 0 0 0 0 0 0 2 0 0 0 0 0 0 0 0 0 0 0 0 0 0 0 0 0 0 0 0 0 0 0 0 0 0 0 0 0 0 0 0 0 0 0 0 0 0 0 0 0 0 0 0 0 0 0 0 0 0 0 0 0 0 0 0 
0
0 0 0 0 0 0 0 0 0 
1 0 2 0 2 1 0 1 0 0 0 0 0 0 0 0 0 0 0 0 0 0 0 0 2 0 0 0 0 0 0 0 0 0 0 0 0 0 0 0 0 0 0 0 0 0 0 0 0 0 0 0 0 0 0 0 0 0 0 0 0 0 0 1 0 0 0 0 0 0 0 0 0 0 0 0 0 0 0 0 0 
1 0 2 0 2 1 0 1 0 0 0 0 0 0 0 0 0 0 0 0 0 0 0 0 2 0 0 0 0 0 0 0 0 0 0 0 0 0 0 0 0 0 0 0 0 0 0 0 0 0 0 0 0 0 0 0 0 0 0 0 0 0 0 1 0 0 0 0 0 0 0 0 0 0 0 0 0 0 0 0 0 
0
0 0 0 0 0 0 0 0 0 
1 0 2 0 2 1 0 1 0 0 0 0 0 0 0 0 0 0 0 0 0 0 0 0 2 0 0 0 0 0 0 0 0 0 0 0 0 0 0 0 0 0 0 0 0 2 0 0 0 0 0 0 0 0 0 0 0 0 0 0 0 0 0 1 0 0 0 0 0 0 0 0 0 0 0 0 0 0 0 0 0 
1 0 2 0 2 1 0 1 0 0 0 0 0 0 0 0 0 0 0 0 0 0 0 0 2 0 0 0 0 0 0 0 0 0 0 0 0 0 0 0 0 0 0 0 0 2 0 0 0 0 0 0 0 0 0 0 0 0 0 0 0 0 0 1 0 0 0 0 0 0 0 0 0 0 0 0 0 0 0 0 0 
0
0 0 0 0 0 0 0 0 0 
1 0 2 0 2 1 0 1 0 0 0 0 0 0 0 0 0 0 0 0 0 0 0 0 2 0 0 0 0 0 0 0 0 0 0 0 0 0 0 0 0 0 0 0 0 2 0 0 0 0 0 0 0 0 0 0 0 0 0 0 0 0 0 1 1 0 0 0 0 0 0 0 0 0 0 0 0 0 0 0 0 
1 0 2 0 2 1 0 1 0 0 0 0 0 0 0 0 0 0 0 0 0 0 0 0 2 0 0 0 0 0 0 0 0 0 0 0 0 0 0 0 0 0 0 0 0 2 0 0 0 0 0 0 0 0 0 0 0 0 0 0 0 0 0 1 1 0 0 0 0 0 0 0 0 0 0 0 0 0 0 0 0 
0
0 0 0 0 0 0 0 0 0 
1 0 2 0 2 1 0 1 0 0 0 0 0 0 0 0 0 0 0 0 0 0 0 0 2 0 0 0 0 0 0 0 0 0 0 0 0 0 0 0 2 0 0 0 0 2 0 0 0 0 0 0 0 0 0 0 0 0 0 0 0 0 0 1 1 0 0 0 0 0 0 0 0 0 0 0 0 0 0 0 0 
1 0 2 0 2 1 0 1 0 0 0 0 0 0 0 0 0 0 0 0 0 0 0 0 2 0 0 0 0 0 0 0 0 0 0 0 0 0 0 0 2 0 0 0 0 2 0 0 0 0 0 0 0 0 0 0 0 0 0 0 0 0 0 1 1 0 0 0 0 0 0 0 0 0 0 0 0 0 0 0 0 
0
0 0 0 0 0 0 0 0 0 
1 0 2 0 2 1 0 1 0 0 0 0 0 0 0 0 0 0 0 0 0 0 0 0 2 0 0 0 0 0 0 0 0 0 0 0 0 0 0 0 2 1 0 0 0 2 0 0 0 0 0 0 0 0 0 0 0 0 0 0 0 0 0 1 1 0 0 0 0 0 0 0 0 0 0 0 0 0 0 0 0 
1 0 2 0 2 1 0 1 0 0 0 0 0 0 0 0 0 0 0 0 0 0 0 0 2 0 0 0 0 0 0 0 0 0 0 0 0 0 0 0 2 1 0 0 0 2 0 0 0 0 0 0 0 0 0 0 0 0 0 0 0 0 0 1 1 0 0 0 0 0 0 0 0 0 0 0 0 0 0 0 0 
0
0 0 0 0 0 0 0 0 0 
1 0 2 0 2 1 0 1 0 0 0 0 0 0 0 0 0 0 0 0 0 0 0 0 2 0 0 0 0 0 0 0 0 0 2 0 0 0 0 0 2 1 0 0 0 2 0 0 0 0 0 0 0 0 0 0 0 0 0 0 0 0 0 1 1 0 0 0 0 0 0 0 0 0 0 0 0 0 0 0 0 
1 0 2 0 2 1 0 1 0 0 0 0 0 0 0 0 0 0 0 0 0 0 0 0 2 0 0 0 0 0 0 0 0 0 2 0 0 0 0 0 2 1 0 0 0 2 0 0 0 0 0 0 0 0 0 0 0 0 0 0 0 0 0 1 1 0 0 0 0 0 0 0 0 0 0 0 0 0 0 0 0 
0
0 0 0 0 0 0 0 0 0 
1 0 2 0 2 1 0 1 0 0 0 0 0 0 0 0 0 0 0 0 0 0 0 1 2 0 0 0 0 0 0 0 0 0 2 0 0 0 0 0 2 1 0 0 0 2 0 0 0 0 0 0 0 0 0 0 0 0 0 0 0 0 0 1 1 0 0 0 0 0 0 0 0 0 0 0 0 0 0 0 0 
1 0 2 0 2 1 0 1 0 0 0 0 0 0 0 0 0 0 0 0 0 0 0 1 2 0 0 0 0 0 0 0 0 0 2 0 0 0 0 0 2 1 0 0 0 2 0 0 0 0 0 0 0 0 0 0 0 0 0 0 0 0 0 1 1 0 0 0 0 0 0 0 0 0 0 0 0 0 0 0 0 
0
0 0 0 0 0 0 0 0 0 
1 0 2 0 2 1 0 1 0 0 0 0 0 0 0 0 0 0 0 0 0 0 0 1 2 0 0 0 0 0 0 0 0 0 2 0 0 0 0 0 2 1 0 0 0 2 0 0 0 0 0 0 0 0 0 0 0 0 0 0 0 0 0 1 1 0 0 0 0 0 0 2 0 0 0 0 0 0 0 0 0 
1 0 2 0 2 1 0 1 0 0 0 0 0 0 0 0 0 0 0 0 0 0 0 1 2 0 0 0 0 0 0 0 0 0 2 0 0 0 0 0 2 1 0 0 0 2 0 0 0 0 0 0 0 0 0 0 0 0 0 0 0 0 0 1 1 0 0 0 0 0 0 2 0 0 0 0 0 0 0 0 0 
0
0 0 0 0 0 0 0 0 0 
1 0 2 0 2 1 0 1 0 0 0 0 0 0 0 0 0 0 0 0 0 0 0 1 2 0 0 0 0 0 0 0 0 0 2 0 0 0 0 0 2 1 0 0 0 2 0 0 0 0 0 1 0 0 0 0 0 0 0 0 0 0 0 1 1 0 0 0 0 0 0 2 0 0 0 0 0 0 0 0 0 
1 0 2 0 2 1 0 1 0 0 0 0 0 0 0 0 0 0 0 0 0 0 0 1 2 0 0 0 0 0 0 0 0 0 2 0 0 0 0 0 2 1 0 0 0 2 0 0 0 0 0 1 0 0 0 0 0 0 0 0 0 0 0 1 1 0 0 0 0 0 0 2 0 0 0 0 0 0 0 0 0 
0
0 0 0 0 0 0 0 0 0 
1 0 2 0 2 1 0 1 0 0 0 0 0 0 0 0 0 0 0 0 0 0 0 1 2 0 0 0 0 0 0 0 0 0 2 0 0 0 0 0 2 1 0 0 0 2 0 0 0 0 0 1 0 0 0 0 2 0 0 0 0 0 0 1 1 0 0 0 0 0 0 2 0 0 0 0 0 0 0 0 0 
1 0 2 0 2 1 0 1 0 0 0 0 0 0 0 0 0 0 0 0 0 0 0 1 2 0 0 0 0 0 0 0 0 0 2 0 0 0 0 0 2 1 0 0 0 2 0 0 0 0 0 1 0 0 0 0 2 0 0 0 0 0 0 1 1 0 0 0 0 0 0 2 0 0 0 0 0 0 0 0 0 
0
0 0 0 0 0 0 0 0 0 
1 0 2 0 2 1 0 1 0 0 0 0 0 0 0 0 0 0 0 0 0 0 0 1 2 1 0 0 0 0 0 0 0 0 2 0 0 0 0 0 2 1 0 0 0 2 0 0 0 0 0 1 0 0 0 0 2 0 0 0 0 0 0 1 1 0 0 0 0 0 0 2 0 0 0 0 0 0 0 0 0 
1 0 2 0 2 1 0 1 0 0 0 0 0 0 0 0 0 0 0 0 0 0 0 1 2 1 0 0 0 0 0 0 0 0 2 0 0 0 0 0 2 1 0 0 0 2 0 0 0 0 0 1 0 0 0 0 2 0 0 0 0 0 0 1 1 0 0 0 0 0 0 2 0 0 0 0 0 0 0 0 0 
0
0 0 0 0 0 0 0 0 0 
1 0 2 0 2 1 0 1 0 0 0 0 0 0 0 0 0 0 0 0 0 0 0 1 2 1 0 0 0 0 0 0 0 0 2 0 0 0 0 0 2 1 0 0 0 2 0 0 0 0 0 1 0 0 0 0 2 0 0 0 0 0 0 1 1 0 0 0 0 0 0 2 0 0 0 0 2 0 0 0 0 
1 0 2 0 2 1 0 1 0 0 0 0 0 0 0 0 0 0 0 0 0 0 0 1 2 1 0 0 0 0 0 0 0 0 2 0 0 0 0 0 2 1 0 0 0 2 0 0 0 0 0 1 0 0 0 0 2 0 0 0 0 0 0 1 1 0 0 0 0 0 0 2 0 0 0 0 2 0 0 0 0 
0
0 0 0 0 0 0 0 0 0 
1 0 2 0 2 1 0 1 0 0 0 0 0 0 0 0 0 0 0 0 0 0 0 1 2 1 0 0 0 0 0 0 0 0 2 0 0 0 0 0 2 1 0 0 0 2 0 0 0 0 0 1 0 0 0 0 2 1 0 0 0 0 0 1 1 0 0 0 0 0 0 2 0 0 0 0 2 0 0 0 0 
1 0 2 0 2 1 0 1 0 0 0 0 0 0 0 0 0 0 0 0 0 0 0 1 2 1 0 0 0 0 0 0 0 0 2 0 0 0 0 0 2 1 0 0 0 2 0 0 0 0 0 1 0 0 0 0 2 1 0 0 0 0 0 1 1 0 0 0 0 0 0 2 0 0 0 0 2 0 0 0 0 
0
0 0 0 0 0 0 0 0 0 
1 0 2 0 2 1 0 1 0 0 0 0 0 0 0 0 0 0 0 0 2 0 0 1 2 1 0 0 0 0 0 0 0 0 2 0 0 0 0 0 2 1 0 0 0 2 0 0 0 0 0 1 0 0 0 0 2 1 0 0 0 0 0 1 1 0 0 0 0 0 0 2 0 0 0 0 2 0 0 0 0 
1 0 2 0 2 1 0 1 0 0 0 0 0 0 0 0 0 0 0 0 2 0 0 1 2 1 0 0 0 0 0 0 0 0 2 0 0 0 0 0 2 1 0 0 0 2 0 0 0 0 0 1 0 0 0 0 2 1 0 0 0 0 0 1 1 0 0 0 0 0 0 2 0 0 0 0 2 0 0 0 0 
0
0 0 0 0 0 0 0 0 0 
1 0 2 0 2 1 0 1 0 0 0 0 0 0 0 0 0 0 0 0 2 0 0 1 2 1 0 0 0 0 0 0 0 0 2 0 0 0 0 0 2 1 0 0 0 2 0 0 0 0 0 1 0 0 0 0 2 1 0 0 0 0 0 1 1 0 0 0 0 0 1 2 0 0 0 0 2 0 0 0 0 
1 0 2 0 2 1 0 1 0 0 0 0 0 0 0 0 0 0 0 0 2 0 0 1 2 1 0 0 0 0 0 0 0 0 2 0 0 0 0 0 2 1 0 0 0 2 0 0 0 0 0 1 0 0 0 0 2 1 0 0 0 0 0 1 1 0 0 0 0 0 1 2 0 0 0 0 2 0 0 0 0 
0
0 0 0 0 0 0 0 0 0 
1 0 2 0 2 1 0 1 0 0 0 0 0 0 0 0 0 0 0 0 2 0 0 1 2 1 0 0 0 0 0 0 0 0 2 0 0 0 0 0 2 1 0 0 0 2 0 0 0 0 2 1 0 0 0 0 2 1 0 0 0 0 0 1 1 0 0 0 0 0 1 2 0 0 0 0 2 0 0 0 0 
1 0 2 0 2 1 0 1 0 0 0 0 0 0 0 0 0 0 0 0 2 0 0 1 2 1 0 0 0 0 0 0 0 0 2 0 0 0 0 0 2 1 0 0 0 2 0 0 0 0 2 1 0 0 0 0 2 1 0 0 0 0 0 1 1 0 0 0 0 0 1 2 0 0 0 0 2 0 0 0 0 
0
0 0 0 0 0 0 0 0 0 
1 0 2 0 2 1 0 1 0 0 0 0 0 0 0 0 0 0 0 0 2 0 0 1 2 1 0 0 0 0 0 0 0 0 2 0 0 0 0 0 2 1 0 0 0 2 0 0 0 0 2 1 0 0 0 0 2 1 0 0 0 0 0 1 1 0 0 0 0 0 1 2 0 0 0 0 2 0 0 0 1 
1 0 2 0 2 1 0 1 0 0 0 0 0 0 0 0 0 0 0 0 2 0 0 1 2 1 0 0 0 0 0 0 0 0 2 0 0 0 0 0 2 1 0 0 0 2 0 0 0 0 2 1 0 0 0 0 2 1 0 0 0 0 0 1 1 0 0 0 0 0 1 2 0 0 0 0 2 0 0 0 1 
0
0 0 0 0 0 0 0 0 0 
1 0 2 0 2 1 0 1 0 0 0 0 0 0 0 0 0 0 0 0 2 0 0 1 2 1 0 0 0 0 0 0 0 0 2 0 0 0 0 0 2 1 0 0 0 2 0 0 0 0 2 1 0 0 0 0 2 1 0 0 2 0 0 1 1 0 0 0 0 0 1 2 0 0 0 0 2 0 0 0 1 
1 0 2 0 2 1 0 1 0 0 0 0 0 0 0 0 0 0 0 0 2 0 0 1 2 1 0 0 0 0 0 0 0 0 2 0 0 0 0 0 2 1 0 0 0 2 0 0 0 0 2 1 0 0 0 0 2 1 0 0 2 0 0 1 1 0 0 0 0 0 1 2 0 0 0 0 2 0 0 0 1 
0
0 0 0 0 0 0 0 0 0 
1 0 2 0 2 1 0 1 0 0 0 1 0 0 0 0 0 0 0 0 2 0 0 1 2 1 0 0 0 0 0 0 0 0 2 0 0 0 0 0 2 1 0 0 0 2 0 0 0 0 2 1 0 0 0 0 2 1 0 0 2 0 0 1 1 0 0 0 0 0 1 2 0 0 0 0 2 0 0 0 1 
1 0 2 0 2 1 0 1 0 0 0 1 0 0 0 0 0 0 0 0 2 0 0 1 2 1 0 0 0 0 0 0 0 0 2 0 0 0 0 0 2 1 0 0 0 2 0 0 0 0 2 1 0 0 0 0 2 1 0 0 2 0 0 1 1 0 0 0 0 0 1 2 0 0 0 0 2 0 0 0 1 
0
0 0 0 0 0 0 0 0 0 
1 0 2 0 2 1 0 1 0 0 0 1 0 0 0 0 0 0 0 0 2 0 0 1 2 1 0 0 0 0 0 0 0 0 2 0 0 0 0 0 2 1 0 0 0 2 0 0 0 0 2 1 2 0 0 0 2 1 0 0 2 0 0 1 1 0 0 0 0 0 1 2 0 0 0 0 2 0 0 0 1 
1 0 2 0 2 1 0 1 0 0 0 1 0 0 0 0 0 0 0 0 2 0 0 1 2 1 0 0 0 0 0 0 0 0 2 0 0 0 0 0 2 1 0 0 0 2 0 0 0 0 2 1 2 0 0 0 2 1 0 0 2 0 0 1 1 0 0 0 0 0 1 2 0 0 0 0 2 0 0 0 1 
0
0 0 0 0 0 0 0 0 0 
1 0 2 0 2 1 0 1 0 0 0 1 0 0 0 0 0 0 0 0 2 0 0 1 2 1 0 0 0 0 0 0 0 0 2 0 0 0 0 0 2 1 0 0 0 2 0 0 0 0 2 1 2 0 0 0 2 1 1 0 2 0 0 1 1 0 0 0 0 0 1 2 0 0 0 0 2 0 0 0 1 
1 0 2 0 2 1 0 1 0 0 0 1 0 0 0 0 0 0 0 0 2 0 0 1 2 1 0 0 0 0 0 0 0 0 2 0 0 0 0 0 2 1 0 0 0 2 0 0 0 0 2 1 2 0 0 0 2 1 1 0 2 0 0 1 1 0 0 0 0 0 1 2 0 0 0 0 2 0 0 0 1 
0
0 0 0 0 0 0 0 0 0 
1 0 2 0 2 1 0 1 0 0 0 1 0 0 2 0 0 0 0 0 2 0 0 1 2 1 0 0 0 0 0 0 0 0 2 0 0 0 0 0 2 1 0 0 0 2 0 0 0 0 2 1 2 0 0 0 2 1 1 0 2 0 0 1 1 0 0 0 0 0 1 2 0 0 0 0 2 0 0 0 1 
1 0 2 0 2 1 0 1 0 0 0 1 0 0 2 0 0 0 0 0 2 0 0 1 2 1 0 0 0 0 0 0 0 0 2 0 0 0 0 0 2 1 0 0 0 2 0 0 0 0 2 1 2 0 0 0 2 1 1 0 2 0 0 1 1 0 0 0 0 0 1 2 0 0 0 0 2 0 0 0 1 
0
0 0 0 0 0 0 0 0 0 
1 0 2 0 2 1 0 1 0 0 0 1 0 0 2 0 0 0 0 0 2 0 0 1 2 1 0 0 0 0 0 0 0 0 2 0 0 0 0 0 2 1 1 0 0 2 0 0 0 0 2 1 2 0 0 0 2 1 1 0 2 0 0 1 1 0 0 0 0 0 1 2 0 0 0 0 2 0 0 0 1 
1 0 2 0 2 1 0 1 0 0 0 1 0 0 2 0 0 0 0 0 2 0 0 1 2 1 0 0 0 0 0 0 0 0 2 0 0 0 0 0 2 1 1 0 0 2 0 0 0 0 2 1 2 0 0 0 2 1 1 0 2 0 0 1 1 0 0 0 0 0 1 2 0 0 0 0 2 0 0 0 1 
0
0 0 0 0 0 0 0 0 0 
1 0 2 0 2 1 0 1 0 0 0 1 0 0 2 0 0 0 0 0 2 0 0 1 2 1 0 0 0 0 0 0 0 0 2 0 2 0 0 0 2 1 1 0 0 2 0 0 0 0 2 1 2 0 0 0 2 1 1 0 2 0 0 1 1 0 0 0 0 0 1 2 0 0 0 0 2 0 0 0 1 
1 0 2 0 2 1 0 1 0 0 0 1 0 0 2 0 0 0 0 0 2 0 0 1 2 1 0 0 0 0 0 0 0 0 2 0 2 0 0 0 2 1 1 0 0 2 0 0 0 0 2 1 2 0 0 0 2 1 1 0 2 0 0 1 1 0 0 0 0 0 1 2 0 0 0 0 2 0 0 0 1 
0
0 0 0 0 0 0 0 0 0 
1 0 2 0 2 1 0 1 0 0 0 1 0 0 2 0 0 0 0 0 2 0 0 1 2 1 0 1 0 0 0 0 0 0 2 0 2 0 0 0 2 1 1 0 0 2 0 0 0 0 2 1 2 0 0 0 2 1 1 0 2 0 0 1 1 0 0 0 0 0 1 2 0 0 0 0 2 0 0 0 1 
1 0 2 0 2 1 0 1 0 0 0 1 0 0 2 0 0 0 0 0 2 0 0 1 2 1 0 1 0 0 0 0 0 0 2 0 2 0 0 0 2 1 1 0 0 2 0 0 0 0 2 1 2 0 0 0 2 1 1 0 2 0 0 1 1 0 0 0 0 0 1 2 0 0 0 0 2 0 0 0 1 
0
0 0 0 0 0 0 0 0 0 
1 0 2 0 2 1 0 1 0 0 0 1 0 0 2 0 0 0 2 0 2 0 0 1 2 1 0 1 0 0 0 0 0 0 2 0 2 0 0 0 2 1 1 0 0 2 0 0 0 0 2 1 2 0 0 0 2 1 1 0 2 0 0 1 1 0 0 0 0 0 1 2 0 0 0 0 2 0 0 0 1 
1 0 2 0 2 1 0 1 0 0 0 1 0 0 2 0 0 0 2 0 2 0 0 1 2 1 0 1 0 0 0 0 0 0 2 0 2 0 0 0 2 1 1 0 0 2 0 0 0 0 2 1 2 0 0 0 2 1 1 0 2 0 0 1 1 0 0 0 0 0 1 2 0 0 0 0 2 0 0 0 1 
0
0 0 0 0 0 0 0 0 0 
1 0 2 0 2 1 0 1 0 0 0 1 0 0 2 0 0 0 2 0 2 0 0 1 2 1 0 1 0 0 0 0 0 0 2 0 2 0 0 0 2 1 1 0 0 2 0 0 0 0 2 1 2 0 0 0 2 1 1 0 2 0 0 1 1 0 0 0 0 0 1 2 1 0 0 0 2 0 0 0 1 
1 0 2 0 2 1 0 1 0 0 0 1 0 0 2 0 0 0 2 0 2 0 0 1 2 1 0 1 0 0 0 0 0 0 2 0 2 0 0 0 2 1 1 0 0 2 0 0 0 0 2 1 2 0 0 0 2 1 1 0 2 0 0 1 1 0 0 0 0 0 1 2 1 0 0 0 2 0 0 0 1 
0
0 0 0 0 0 0 0 0 0 
1 0 2 0 2 1 0 1 0 0 0 1 0 0 2 0 0 0 2 0 2 0 0 1 2 1 0 1 0 0 0 0 0 0 2 0 2 0 0 0 2 1 1 0 0 2 0 0 0 0 2 1 2 0 0 0 2 1 1 0 2 0 0 1 1 2 0 0 0 0 1 2 1 0 0 0 2 0 0 0 1 
1 0 2 0 2 1 0 1 0 0 0 1 0 0 2 0 0 0 2 0 2 0 0 1 2 1 0 1 0 0 0 0 0 0 2 0 2 0 0 0 2 1 1 0 0 2 0 0 0 0 2 1 2 0 0 0 2 1 1 0 2 0 0 1 1 2 0 0 0 0 1 2 1 0 0 0 2 0 0 0 1 
0
0 0 0 0 0 1 0 0 0 
1 0 2 0 2 1 0 1 0 0 0 1 0 0 2 0 0 0 2 0 2 0 0 1 2 1 0 1 0 0 0 0 0 1 2 0 2 0 0 0 2 1 1 0 0 2 0 0 0 0 2 1 2 0 0 0 2 1 1 0 2 0 0 1 1 2 0 0 0 0 1 2 1 0 0 0 2 0 0 0 1 
1 0 2 0 2 1 0 1 0 0 0 1 0 0 2 0 0 0 2 0 2 0 0 1 2 1 0 1 0 0 0 0 0 17 18 16 2 0 0 0 2 1 17 16 16 2 0 0 0 0 2 17 18 16 0 0 2 1 1 0 2 0 0 1 1 2 0 0 0 0 1 2 1 0 0 0 2 0 0 0 1 
0
2 0 0 0 0 1 0 0 0 
1 0 2 0 2 1 0 1 0 0 2 1 0 0 2 0 0 0 2 0 2 0 0 1 2 1 0 1 0 0 0 0 0 1 2 0 2 0 0 0 2 1 1 0 0 2 0 0 0 0 2 1 2 0 0 0 2 1 1 0 2 0 0 1 1 2 0 0 0 0 1 2 1 0 0 0 2 0 0 0 1 
33 32 34 0 2 1 0 1 0 32 34 33 0 0 2 0 0 0 34 32 34 0 0 1 2 1 0 1 0 0 0 0 0 17 18 16 2 0 0 0 2 1 17 16 16 2 0 0 0 0 2 17 18 16 0 0 2 1 1 0 2 0 0 1 1 2 0 0 0 0 1 2 1 0 0 0 2 0 0 0 1 
0
2 0 0 0 0 1 0 0 0 
1 0 2 0 2 1 0 1 0 0 2 1 0 0 2 0 0 0 2 0 2 0 0 1 2 1 0 1 0 0 0 0 0 1 2 0 2 0 0 0 2 1 1 0 0 2 0 0 0 1 2 1 2 0 0 0 2 1 1 0 2 0 0 1 1 2 0 0 0 0 1 2 1 0 0 0 2 0 0 0 1 
33 32 34 0 2 1 0 1 0 32 34 33 0 0 2 0 0 0 34 32 34 0 0 1 2 1 0 1 0 0 0 0 0 17 18 16 2 0 0 0 2 1 17 16 16 2 0 0 0 1 2 17 18 16 0 0 2 1 1 0 2 0 0 1 1 2 0 0 0 0 1 2 1 0 0 0 2 0 0 0 1 
0
2 0 0 0 0 1 0 0 0 
1 0 2 0 2 1 0 1 0 0 2 1 0 0 2 0 0 0 2 0 2 0 0 1 2 1 0 1 0 0 0 0 0 1 2 0 2 0 0 0 2 1 1 0 0 2 0 0 0 1 2 1 2 0 0 0 2 1 1 0 2 0 0 1 1 2 0 0 0 0 1 2 1 0 0 0 2 2 0 0 1 
33 32 34 0 2 1 0 1 0 32 34 33 0 0 2 0 0 0 34 32 34 0 0 1 2 1 0 1 0 0 0 0 0 17 18 16 2 0 0 0 2 1 17 16 16 2 0 0 0 1 2 17 18 16 0 0 2 1 1 0 2 0 0 1 1 2 0 0 0 0 1 2 1 0 0 0 2 2 0 0 1 
0
2 0 0 0 0 1 0 0 0 
1 0 2 0 2 1 0 1 0 0 2 1 0 0 2 0 0 0 2 0 2 0 0 1 2 1 0 1 0 0 0 0 0 1 2 0 2 0 0 0 2 1 1 0 0 2 0 0 0 1 2 1 2 0 0 0 2 1 1 0 2 0 0 1 1 2 0 0 0 0 1 2 1 0 0 0 2 2 1 0 1 
33 32 34 0 2 1 0 1 0 32 34 33 0 0 2 0 0 0 34 32 34 0 0 1 2 1 0 1 0 0 0 0 0 17 18 16 2 0 0 0 2 1 17 16 16 2 0 0 0 1 2 17 18 16 0 0 2 1 1 0 2 0 0 1 1 2 0 0 0 0 1 2 1 0 0 0 2 2 1 0 1 
0
2 0 0 0 0 1 2 0 0 
1 0 2 0 2 1 0 1 0 0 2 1 0 0 2 0 0 0 2 0 2 0 0 1 2 1 0 1 0 0 0 0 0 1 2 0 2 0 0 0 2 1 1 0 0 2 0 0 0 1 2 1 2 0 0 0 2 1 1 0 2 0 0 1 1 2 0 0 0 0 1 2 1 0 2 0 2 2 1 0 1 
33 32 34 0 2 1 0 1 0 32 34 33 0 0 2 0 0 0 34 32 34 0 0 1 2 1 0 1 0 0 0 0 0 17 18 16 2 0 0 0 2 1 17 16 16 2 0 0 0 1 2 17 18 16 32 32 34 1 1 0 2 0 0 33 33 34 0 0 0 0 1 2 33 32 34 0 2 2 1 0 1 
0
2 0 0 0 0 1 2 0 1 
1 0 2 0 2 1 0 1 0 0 2 1 0 0 2 0 0 0 2 0 2 0 0 1 2 1 0 1 0 0 0 0 0 1 2 0 2 0 0 0 2 1 1 0 0 2 0 0 0 1 2 1 2 0 0 0 2 1 1 0 2 0 0 1 1 2 0 0 0 0 1 2 1 0 2 0 2 2 1 1 1 
33 32 34 0 2 1 0 1 0 32 34 33 0 0 2 0 0 0 34 32 34 0 0 1 2 1 0 1 0 0 0 0 0 17 18 16 2 0 0 0 2 1 17 16 16 2 0 0 0 1 2 17 18 16 32 32 34 1 1 0 18 16 16 33 33 34 0 0 0 16 17 18 33 32 34 0 2 2 17 17 17 
0
2 0 0 0 0 1 2 0 1 
1 0 2 0 2 1 0 1 0 0 2 1 0 0 2 0 0 0 2 0 2 0 0 1 2 1 0 1 0 0 0 0 0 1 2 0 2 0 0 0 2 1 1 0 0 2 0 0 0 1 2 1 2 0 0 0 2 1 1 0 2 0 0 1 1 2 0 2 0 0 1 2 1 0 2 0 2 2 1 1 1 
33 32 34 0 2 1 0 1 0 32 34 33 0 0 2 0 0 0 34 32 34 0 0 1 2 1 0 1 0 0 0 0 0 17 18 16 2 0 0 0 2 1 17 16 16 2 0 0 0 1 2 17 18 16 32 32 34 1 1 0 18 16 16 33 33 34 0 2 0 16 17 18 33 32 34 0 2 2 17 17 17 
0
2 0 0 0 0 1 2 0 1 
1 0 2 0 2 1 0 1 0 0 2 1 0 0 2 0 0 0 2 0 2 0 0 1 2 1 0 1 0 0 0 1 0 1 2 0 2 0 0 0 2 1 1 0 0 2 0 0 0 1 2 1 2 0 0 0 2 1 1 0 2 0 0 1 1 2 0 2 0 0 1 2 1 0 2 0 2 2 1 1 1 
33 32 34 0 2 1 0 1 0 32 34 33 0 0 2 0 0 0 34 32 34 0 0 1 2 1 0 1 0 0 0 1 0 17 18 16 2 0 0 0 2 1 17 16 16 2 0 0 0 1 2 17 18 16 32 32 34 1 1 0 18 16 16 33 33 34 0 2 0 16 17 18 33 32 34 0 2 2 17 17 17 
0
2 0 0 0 0 1 2 0 1 
1 0 2 0 2 1 0 1 0 0 2 1 0 0 2 0 0 0 2 0 2 0 2 1 2 1 0 1 0 0 0 1 0 1 2 0 2 0 0 0 2 1 1 0 0 2 0 0 0 1 2 1 2 0 0 0 2 1 1 0 2 0 0 1 1 2 0 2 0 0 1 2 1 0 2 0 2 2 1 1 1 
33 32 34 0 2 1 0 1 0 32 34 33 0 0 2 0 0 0 34 32 34 0 2 1 2 1 0 1 0 0 0 1 0 17 18 16 2 0 0 0 2 1 17 16 16 2 0 0 0 1 2 17 18 16 32 32 34 1 1 0 18 16 16 33 33 34 0 2 0 16 17 18 33 32 34 0 2 2 17 17 17 
0
2 0 0 0 0 1 2 1 1 
1 0 2 0 2 1 0 1 0 0 2 1 0 0 2 0 0 0 2 0 2 0 2 1 2 1 0 1 0 0 0 1 0 1 2 0 2 0 0 0 2 1 1 0 0 2 0 0 0 1 2 1 2 0 0 0 2 1 1 1 2 0 0 1 1 2 0 2 0 0 1 2 1 0 2 0 2 2 1 1 1 
33 32 34 0 2 1 0 1 0 32 34 33 0 0 2 0 0 0 34 32 34 0 2 1 2 1 0 1 0 0 0 1 0 17 18 16 2 0 0 0 2 1 17 16 16 2 0 0 0 1 2 17 18 16 32 32 34 17 17 17 18 16 16 33 33 34 16 18 16 16 17 18 33 32 34 16 18 18 17 17 17 
0
2 0 0 0 0 1 2 1 1 
1 0 2 0 2 1 0 1 0 0 2 1 0 0 2 0 2 0 2 0 2 0 2 1 2 1 0 1 0 0 0 1 0 1 2 0 2 0 0 0 2 1 1 0 0 2 0 0 0 1 2 1 2 0 0 0 2 1 1 1 2 0 0 1 1 2 0 2 0 0 1 2 1 0 2 0 2 2 1 1 1 
33 32 34 0 2 1 0 1 0 32 34 33 0 0 2 0 2 0 34 32 34 0 2 1 2 1 0 1 0 0 0 1 0 17 18 16 2 0 0 0 2 1 17 16 16 2 0 0 0 1 2 17 18 16 32 32 34 17 17 17 18 16 16 33 33 34 16 18 16 16 17 18 33 32 34 16 18 18 17 17 17 
0
2 0 0 0 0 1 2 1 1 
1 0 2 0 2 1 0 1 0 0 2 1 0 0 2 0 2 0 2 0 2 0 2 1 2 1 0 1 0 0 0 1 0 1 2 0 2 0 0 1 2 1 1 0 0 2 0 0 0 1 2 1 2 0 0 0 2 1 1 1 2 0 0 1 1 2 0 2 0 0 1 2 1 0 2 0 2 2 1 1 1 
33 32 34 0 2 1 0 1 0 32 34 33 0 0 2 0 2 0 34 32 34 0 2 1 2 1 0 1 0 0 0 1 0 17 18 16 2 0 0 1 2 1 17 16 16 2 0 0 0 1 2 17 18 16 32 32 34 17 17 17 18 16 16 33 33 34 16 18 16 16 17 18 33 32 34 16 18 18 17 17 17 
0
2 0 0 0 0 1 2 1 1 
1 0 2 0 2 1 0 1 0 0 2 1 0 0 2 0 2 0 2 0 2 0 2 1 2 1 0 1 0 0 0 1 0 1 2 0 2 2 0 1 2 1 1 0 0 2 0 0 0 1 2 1 2 0 0 0 2 1 1 1 2 0 0 1 1 2 0 2 0 0 1 2 1 0 2 0 2 2 1 1 1 
33 32 34 0 2 1 0 1 0 32 34 33 0 0 2 0 2 0 34 32 34 0 2 1 2 1 0 1 0 0 0 1 0 17 18 16 2 2 0 1 2 1 17 16 16 2 0 0 0 1 2 17 18 16 32 32 34 17 17 17 18 16 16 33 33 34 16 18 16 16 17 18 33 32 34 16 18 18 17 17 17 
0
2 0 0 0 0 1 2 1 1 
1 0 2 0 2 1 0 1 0 0 2 1 0 0 2 0 2 0 2 0 2 0 2 1 2 1 0 1 0 0 1 1 0 1 2 0 2 2 0 1 2 1 1 0 0 2 0 0 0 1 2 1 2 0 0 0 2 1 1 1 2 0 0 1 1 2 0 2 0 0 1 2 1 0 2 0 2 2 1 1 1 
33 32 34 0 2 1 0 1 0 32 34 33 0 0 2 0 2 0 34 32 34 0 2 1 2 1 0 1 0 0 1 1 0 17 18 16 2 2 0 1 2 1 17 16 16 2 0 0 0 1 2 17 18 16 32 32 34 17 17 17 18 16 16 33 33 34 16 18 16 16 17 18 33 32 34 16 18 18 17 17 17 
0
2 2 0 0 0 1 2 1 1 
1 0 2 0 2 1 0 1 0 0 2 1 0 2 2 0 2 0 2 0 2 0 2 1 2 1 0 1 0 0 1 1 0 1 2 0 2 2 0 1 2 1 1 0 0 2 0 0 0 1 2 1 2 0 0 0 2 1 1 1 2 0 0 1 1 2 0 2 0 0 1 2 1 0 2 0 2 2 1 1 1 
33 32 34 32 34 33 0 1 0 32 34 33 32 34 34 0 2 0 34 32 34 32 34 33 2 1 0 1 0 0 1 1 0 17 18 16 2 2 0 1 2 1 17 16 16 2 0 0 0 1 2 17 18 16 32 32 34 17 17 17 18 16 16 33 33 34 16 18 16 16 17 18 33 32 34 16 18 18 17 17 17 
0
2 2 0 0 1 1 2 1 1 
1 0 2 0 2 1 0 1 0 0 2 1 0 2 2 0 2 0 2 0 2 0 2 1 2 1 0 1 0 0 1 1 1 1 2 0 2 2 0 1 2 1 1 0 0 2 0 0 0 1 2 1 2 0 0 0 2 1 1 1 2 0 0 1 1 2 0 2 0 0 1 2 1 0 2 0 2 2 1 1 1 
33 32 34 32 34 33 0 1 0 32 34 33 32 34 34 0 2 0 34 32 34 32 34 33 2 1 0 1 0 0 17 17 17 17 18 16 2 2 0 17 18 17 17 16 16 2 0 0 16 17 18 17 18 16 32 32 34 17 17 17 18 16 16 33 33 34 16 18 16 16 17 18 33 32 34 16 18 18 17 17 17 
0
2 2 2 0 1 1 2 1 1 
1 0 2 0 2 1 0 1 2 0 2 1 0 2 2 0 2 0 2 0 2 0 2 1 2 1 0 1 0 0 1 1 1 1 2 0 2 2 0 1 2 1 1 0 0 2 0 0 0 1 2 1 2 0 0 0 2 1 1 1 2 0 0 1 1 2 0 2 0 0 1 2 1 0 2 0 2 2 1 1 1 
33 32 34 32 34 33 32 33 34 32 34 33 32 34 34 32 34 32 34 32 34 32 34 33 34 33 32 1 0 0 17 17 17 17 18 16 2 2 0 17 18 17 17 16 16 2 0 0 16 17 18 17 18 16 32 32 34 17 17 17 18 16 16 33 33 34 16 18 16 16 17 18 33 32 34 16 18 18 17 17 17 
0
2 2 2 0 1 1 2 1 1 
1 0 2 0 2 1 0 1 2 0 2 1 0 2 2 0 2 0 2 0 2 0 2 1 2 1 0 1 0 0 1 1 1 1 2 0 2 2 0 1 2 1 1 0 0 2 0 0 0 1 2 1 2 0 0 0 2 1 1 1 2 0 0 1 1 2 0 2 0 0 1 2 1 0 2 0 2 2 1 1 1 
33 32 34 32 34 33 32 33 34 32 34 33 32 34 34 32 34 32 34 32 34 32 34 33 34 33 32 1 0 0 17 17 17 17 18 16 2 2 0 17 18 17 17 16 16 2 0 0 16 17 18 17 18 16 32 32 34 17 17 17 18 16 16 33 33 34 16 18 16 16 17 18 33 32 34 16 18 18 17 17 17 
0
