0 0 0 0 0 0 0 0 0 
0 0 0 0 0 0 0 0 0 0 0 0 0 0 0 0 0 0 0 0 0 0 0 0 0 0 0 0 0 0 0 0 0 0 0 0 0 0 0 0 1 0 0 0 0 0 0 0 0 0 0 0 0 0 0 0 0 0 0 0 0 0 0 0 0 0 0 0 0 0 0 0 0 0 0 0 0 0 0 0 0 
0 0 0 0 0 0 0 0 0 0 0 0 0 0 0 0 0 0 0 0 0 0 0 0 0 0 0 0 0 0 0 0 0 0 0 0 0 0 0 0 1 0 0 0 0 0 0 0 0 0 0 0 0 0 0 0 0 0 0 0 0 0 0 0 0 0 0 0 0 0 0 0 0 0 0 0 0 0 0 0 0 
1
0 0 0 0 0 0 0 0 0 
0 0 0 0 0 0 0 0 0 0 0 0 0 0 0 0 0 0 0 0 0 0 0 0 0 0 0 0 0 0 0 0 0 0 0 0 0 0 0 0 1 0 0 0 0 0 0 0 0 0 2 0 0 0 0 0 0 0 0 0 0 0 0 0 0 0 0 0 0 0 0 0 0 0 0 0 0 0 0 0 0 
0 0 0 0 0 0 0 0 0 0 0 0 0 0 0 0 0 0 0 0 0 0 0 0 0 0 0 0 0 0 0 0 0 0 0 0 0 0 0 0 1 0 0 0 0 0 0 0 0 0 2 0 0 0 0 0 0 0 0 0 0 0 0 0 0 0 0 0 0 0 0 0 0 0 0 0 0 0 0 0 0 
1
0 0 0 0 0 0 0 0 0 
0 0 0 0 0 0 0 0 0 0 0 0 0 0 0 0 0 0 0 0 0 0 0 0 0 0 0 0 0 0 0 0 0 0 0 0 0 0 0 0 1 0 0 0 0 0 0 0 0 0 2 0 0 0 0 0 0 0 0 0 0 1 0 0 0 0 0 0 0 0 0 0 0 0 0 0 0 0 0 0 0 
0 0 0 0 0 0 0 0 0 0 0 0 0 0 0 0 0 0 0 0 0 0 0 0 0 0 0 0 0 0 0 0 0 0 0 0 0 0 0 0 1 0 0 0 0 0 0 0 0 0 2 0 0 0 0 0 0 0 0 0 0 1 0 0 0 0 0 0 0 0 0 0 0 0 0 0 0 0 0 0 0 
1
0 0 0 0 0 0 0 0 0 
0 0 0 0 0 0 0 0 0 0 0 0 2 0 0 0 0 0 0 0 0 0 0 0 0 0 0 0 0 0 0 0 0 0 0 0 0 0 0 0 1 0 0 0 0 0 0 0 0 0 2 0 0 0 0 0 0 0 0 0 0 1 0 0 0 0 0 0 0 0 0 0 0 0 0 0 0 0 0 0 0 
0 0 0 0 0 0 0 0 0 0 0 0 2 0 0 0 0 0 0 0 0 0 0 0 0 0 0 0 0 0 0 0 0 0 0 0 0 0 0 0 1 0 0 0 0 0 0 0 0 0 2 0 0 0 0 0 0 0 0 0 0 1 0 0 0 0 0 0 0 0 0 0 0 0 0 0 0 0 0 0 0 
1
0 0 0 0 0 0 0 0 0 
0 0 0 0 0 0 0 0 0 0 0 0 2 0 0 0 0 0 0 0 0 0 0 0 0 0 0 0 0 0 0 0 0 0 0 0 0 0 1 0 1 0 0 0 0 0 0 0 0 0 2 0 0 0 0 0 0 0 0 0 0 1 0 0 0 0 0 0 0 0 0 0 0 0 0 0 0 0 0 0 0 
0 0 0 0 0 0 0 0 0 0 0 0 2 0 0 0 0 0 0 0 0 0 0 0 0 0 0 0 0 0 0 0 0 0 0 0 0 0 1 0 1 0 0 0 0 0 0 0 0 0 2 0 0 0 0 0 0 0 0 0 0 1 0 0 0 0 0 0 0 0 0 0 0 0 0 0 0 0 0 0 0 
1
0 0 0 0 0 0 0 0 0 
0 0 0 0 0 0 0 0 0 0 0 0 2 0 0 0 0 0 0 0 0 0 0 0 0 0 0 0 0 0 0 0 0 0 0 0 0 0 1 0 1 0 0 0 0 0 0 0 0 0 2 0 2 0 0 0 0 0 0 0 0 1 0 0 0 0 0 0 0 0 0 0 0 0 0 0 0 0 0 0 0 
0 0 0 0 0 0 0 0 0 0 0 0 2 0 0 0 0 0 0 0 0 0 0 0 0 0 0 0 0 0 0 0 0 0 0 0 0 0 1 0 1 0 0 0 0 0 0 0 0 0 2 0 2 0 0 0 0 0 0 0 0 1 0 0 0 0 0 0 0 0 0 0 0 0 0 0 0 0 0 0 0 
1
0 0 0 0 0 0 0 0 0 
0 0 0 0 0 0 0 0 0 0 0 0 2 0 0 0 0 0 0 0 0 0 0 0 0 0 0 0 0 0 0 0 0 0 0 0 0 0 1 0 1 0 0 0 0 0 0 0 0 0 2 0 2 0 0 0 0 1 0 0 0 1 0 0 0 0 0 0 0 0 0 0 0 0 0 0 0 0 0 0 0 
0 0 0 0 0 0 0 0 0 0 0 0 2 0 0 0 0 0 0 0 0 0 0 0 0 0 0 0 0 0 0 0 0 0 0 0 0 0 1 0 1 0 0 0 0 0 0 0 0 0 2 0 2 0 0 0 0 1 0 0 0 1 0 0 0 0 0 0 0 0 0 0 0 0 0 0 0 0 0 0 0 
1
0 0 0 0 0 0 0 0 0 
0 0 0 0 0 0 0 0 0 0 0 0 2 0 0 0 0 0 2 0 0 0 0 0 0 0 0 0 0 0 0 0 0 0 0 0 0 0 1 0 1 0 0 0 0 0 0 0 0 0 2 0 2 0 0 0 0 1 0 0 0 1 0 0 0 0 0 0 0 0 0 0 0 0 0 0 0 0 0 0 0 
0 0 0 0 0 0 0 0 0 0 0 0 2 0 0 0 0 0 2 0 0 0 0 0 0 0 0 0 0 0 0 0 0 0 0 0 0 0 1 0 1 0 0 0 0 0 0 0 0 0 2 0 2 0 0 0 0 1 0 0 0 1 0 0 0 0 0 0 0 0 0 0 0 0 0 0 0 0 0 0 0 
1
0 0 0 0 0 0 0 0 0 
0 0 0 0 0 0 0 0 0 0 0 0 2 0 0 0 0 0 2 0 0 0 0 0 0 0 0 0 0 0 0 0 0 0 0 0 0 0 1 0 1 0 0 0 0 0 0 0 0 0 2 0 2 0 0 0 0 1 0 0 0 1 0 0 0 0 0 0 0 0 0 0 1 0 0 0 0 0 0 0 0 
0 0 0 0 0 0 0 0 0 0 0 0 2 0 0 0 0 0 2 0 0 0 0 0 0 0 0 0 0 0 0 0 0 0 0 0 0 0 1 0 1 0 0 0 0 0 0 0 0 0 2 0 2 0 0 0 0 1 0 0 0 1 0 0 0 0 0 0 0 0 0 0 1 0 0 0 0 0 0 0 0 
1
0 0 0 0 0 0 0 0 0 
0 0 0 0 0 0 0 0 0 0 0 0 2 0 0 0 0 0 2 0 0 0 0 0 0 0 0 0 0 0 0 0 0 0 0 0 0 0 1 0 1 0 0 0 0 0 0 0 0 0 2 0 2 0 2 0 0 1 0 0 0 1 0 0 0 0 0 0 0 0 0 0 1 0 0 0 0 0 0 0 0 
0 0 0 0 0 0 0 0 0 0 0 0 2 0 0 0 0 0 2 0 0 0 0 0 0 0 0 0 0 0 0 0 0 0 0 0 0 0 1 0 1 0 0 0 0 0 0 0 0 0 2 0 2 0 2 0 0 1 0 0 0 1 0 0 0 0 0 0 0 0 0 0 1 0 0 0 0 0 0 0 0 
1
0 0 0 0 0 0 0 0 0 
0 0 1 0 0 0 0 0 0 0 0 0 2 0 0 0 0 0 2 0 0 0 0 0 0 0 0 0 0 0 0 0 0 0 0 0 0 0 1 0 1 0 0 0 0 0 0 0 0 0 2 0 2 0 2 0 0 1 0 0 0 1 0 0 0 0 0 0 0 0 0 0 1 0 0 0 0 0 0 0 0 
0 0 1 0 0 0 0 0 0 0 0 0 2 0 0 0 0 0 2 0 0 0 0 0 0 0 0 0 0 0 0 0 0 0 0 0 0 0 1 0 1 0 0 0 0 0 0 0 0 0 2 0 2 0 2 0 0 1 0 0 0 1 0 0 0 0 0 0 0 0 0 0 1 0 0 0 0 0 0 0 0 
1
0 0 0 0 0 0 0 0 0 
0 0 1 0 0 0 0 0 2 0 0 0 2 0 0 0 0 0 2 0 0 0 0 0 0 0 0 0 0 0 0 0 0 0 0 0 0 0 1 0 1 0 0 0 0 0 0 0 0 0 2 0 2 0 2 0 0 1 0 0 0 1 0 0 0 0 0 0 0 0 0 0 1 0 0 0 0 0 0 0 0 
0 0 1 0 0 0 0 0 2 0 0 0 2 0 0 0 0 0 2 0 0 0 0 0 0 0 0 0 0 0 0 0 0 0 0 0 0 0 1 0 1 0 0 0 0 0 0 0 0 0 2 0 2 0 2 0 0 1 0 0 0 1 0 0 0 0 0 0 0 0 0 0 1 0 0 0 0 0 0 0 0 
1
0 0 0 0 0 0 0 0 0 
0 0 1 0 0 0 0 0 2 0 0 0 2 0 0 0 0 0 2 0 0 0 0 0 0 0 1 0 0 0 0 0 0 0 0 0 0 0 1 0 1 0 0 0 0 0 0 0 0 0 2 0 2 0 2 0 0 1 0 0 0 1 0 0 0 0 0 0 0 0 0 0 1 0 0 0 0 0 0 0 0 
0 0 1 0 0 0 0 0 2 0 0 0 2 0 0 0 0 0 2 0 0 0 0 0 0 0 1 0 0 0 0 0 0 0 0 0 0 0 1 0 1 0 0 0 0 0 0 0 0 0 2 0 2 0 2 0 0 1 0 0 0 1 0 0 0 0 0 0 0 0 0 0 1 0 0 0 0 0 0 0 0 
1
0 0 0 0 0 0 0 0 0 
0 0 1 0 0 0 0 0 2 0 0 0 2 0 0 0 0 0 2 0 0 0 0 0 0 0 1 0 0 0 0 0 0 0 0 0 0 0 1 0 1 0 0 0 0 0 0 0 0 0 2 0 2 0 2 0 0 1 0 0 0 1 2 0 0 0 0 0 0 0 0 0 1 0 0 0 0 0 0 0 0 
0 0 1 0 0 0 0 0 2 0 0 0 2 0 0 0 0 0 2 0 0 0 0 0 0 0 1 0 0 0 0 0 0 0 0 0 0 0 1 0 1 0 0 0 0 0 0 0 0 0 2 0 2 0 2 0 0 1 0 0 0 1 2 0 0 0 0 0 0 0 0 0 1 0 0 0 0 0 0 0 0 
1
0 0 0 0 0 0 0 0 0 
0 0 1 0 0 0 0 0 2 0 0 0 2 0 0 0 0 0 2 0 0 0 0 0 0 1 1 0 0 0 0 0 0 0 0 0 0 0 1 0 1 0 0 0 0 0 0 0 0 0 2 0 2 0 2 0 0 1 0 0 0 1 2 0 0 0 0 0 0 0 0 0 1 0 0 0 0 0 0 0 0 
0 0 1 0 0 0 0 0 2 0 0 0 2 0 0 0 0 0 2 0 0 0 0 0 0 1 1 0 0 0 0 0 0 0 0 0 0 0 1 0 1 0 0 0 0 0 0 0 0 0 2 0 2 0 2 0 0 1 0 0 0 1 2 0 0 0 0 0 0 0 0 0 1 0 0 0 0 0 0 0 0 
1
0 0 0 0 0 0 0 0 0 
0 0 1 0 0 0 0 0 2 0 0 0 2 0 0 0 0 0 2 0 0 0 0 0 0 1 1 0 0 0 0 0 0 0 0 0 0 0 1 0 1 0 0 0 0 0 0 0 0 0 2 0 2 0 2 0 0 1 0 0 0 1 2 0 0 0 2 0 0 0 0 0 1 0 0 0 0 0 0 0 0 
0 0 1 0 0 0 0 0 2 0 0 0 2 0 0 0 0 0 2 0 0 0 0 0 0 1 1 0 0 0 0 0 0 0 0 0 0 0 1 0 1 0 0 0 0 0 0 0 0 0 2 0 2 0 2 0 0 1 0 0 0 1 2 0 0 0 2 0 0 0 0 0 1 0 0 0 0 0 0 0 0 
1
0 0 0 0 0 0 0 0 0 
0 0 1 0 0 0 0 0 2 0 0 0 2 0 0 0 0 0 2 0 0 0 0 0 0 1 1 0 0 0 0 0 0 0 0 0 1 0 1 0 1 0 0 0 0 0 0 0 0 0 2 0 2 0 2 0 0 1 0 0 0 1 2 0 0 0 2 0 0 0 0 0 1 0 0 0 0 0 0 0 0 
0 0 1 0 0 0 0 0 2 0 0 0 2 0 0 0 0 0 2 0 0 0 0 0 0 1 1 0 0 0 0 0 0 0 0 0 1 0 1 0 1 0 0 0 0 0 0 0 0 0 2 0 2 0 2 0 0 1 0 0 0 1 2 0 0 0 2 0 0 0 0 0 1 0 0 0 0 0 0 0 0 
1
0 0 0 0 0 0 0 0 0 
0 0 1 0 0 0 0 0 2 0 0 0 2 0 0 0 0 0 2 0 0 0 0 0 0 1 1 0 0 0 0 0 0 0 0 0 1 2 1 0 1 0 0 0 0 0 0 0 0 0 2 0 2 0 2 0 0 1 0 0 0 1 2 0 0 0 2 0 0 0 0 0 1 0 0 0 0 0 0 0 0 
0 0 1 0 0 0 0 0 2 0 0 0 2 0 0 0 0 0 2 0 0 0 0 0 0 1 1 0 0 0 0 0 0 0 0 0 1 2 1 0 1 0 0 0 0 0 0 0 0 0 2 0 2 0 2 0 0 1 0 0 0 1 2 0 0 0 2 0 0 0 0 0 1 0 0 0 0 0 0 0 0 
1
0 0 0 0 0 0 0 0 0 
0 0 1 0 0 0 0 0 2 0 0 0 2 0 0 0 0 0 2 0 0 0 0 0 0 1 1 0 0 0 0 0 0 0 0 0 1 2 1 0 1 1 0 0 0 0 0 0 0 0 2 0 2 0 2 0 0 1 0 0 0 1 2 0 0 0 2 0 0 0 0 0 1 0 0 0 0 0 0 0 0 
0 0 1 0 0 0 0 0 2 0 0 0 2 0 0 0 0 0 2 0 0 0 0 0 0 1 1 0 0 0 0 0 0 0 0 0 1 2 1 0 1 1 0 0 0 0 0 0 0 0 2 0 2 0 2 0 0 1 0 0 0 1 2 0 0 0 2 0 0 0 0 0 1 0 0 0 0 0 0 0 0 
1
0 0 0 0 0 0 0 0 0 
0 0 1 0 0 0 0 0 2 0 0 0 2 0 0 0 0 0 2 0 0 0 0 0 0 1 1 0 0 0 0 0 0 0 0 0 1 2 1 0 1 1 2 0 0 0 0 0 0 0 2 0 2 0 2 0 0 1 0 0 0 1 2 0 0 0 2 0 0 0 0 0 1 0 0 0 0 0 0 0 0 
0 0 1 0 0 0 0 0 2 0 0 0 2 0 0 0 0 0 2 0 0 0 0 0 0 1 1 0 0 0 0 0 0 0 0 0 1 2 1 0 1 1 2 0 0 0 0 0 0 0 2 0 2 0 2 0 0 1 0 0 0 1 2 0 0 0 2 0 0 0 0 0 1 0 0 0 0 0 0 0 0 
1
0 0 0 0 0 0 0 0 0 
0 0 1 0 0 0 0 0 2 0 0 0 2 0 0 0 0 0 2 0 0 0 0 0 0 1 1 1 0 0 0 0 0 0 0 0 1 2 1 0 1 1 2 0 0 0 0 0 0 0 2 0 2 0 2 0 0 1 0 0 0 1 2 0 0 0 2 0 0 0 0 0 1 0 0 0 0 0 0 0 0 
0 0 1 0 0 0 0 0 2 0 0 0 2 0 0 0 0 0 2 0 0 0 0 0 0 1 1 1 0 0 0 0 0 0 0 0 1 2 1 0 1 1 2 0 0 0 0 0 0 0 2 0 2 0 2 0 0 1 0 0 0 1 2 0 0 0 2 0 0 0 0 0 1 0 0 0 0 0 0 0 0 
1
0 0 0 0 0 0 0 0 0 
0 0 1 0 0 0 0 0 2 0 0 0 2 0 0 0 0 0 2 2 0 0 0 0 0 1 1 1 0 0 0 0 0 0 0 0 1 2 1 0 1 1 2 0 0 0 0 0 0 0 2 0 2 0 2 0 0 1 0 0 0 1 2 0 0 0 2 0 0 0 0 0 1 0 0 0 0 0 0 0 0 
0 0 1 0 0 0 0 0 2 0 0 0 2 0 0 0 0 0 2 2 0 0 0 0 0 1 1 1 0 0 0 0 0 0 0 0 1 2 1 0 1 1 2 0 0 0 0 0 0 0 2 0 2 0 2 0 0 1 0 0 0 1 2 0 0 0 2 0 0 0 0 0 1 0 0 0 0 0 0 0 0 
1
0 0 0 0 0 0 0 0 0 
0 0 1 0 0 0 0 0 2 0 0 0 2 0 0 0 0 0 2 2 0 0 0 0 0 1 1 1 0 0 0 0 0 0 0 0 1 2 1 0 1 1 2 0 0 0 0 0 0 0 2 0 2 0 2 0 0 1 1 0 0 1 2 0 0 0 2 0 0 0 0 0 1 0 0 0 0 0 0 0 0 
0 0 1 0 0 0 0 0 2 0 0 0 2 0 0 0 0 0 2 2 0 0 0 0 0 1 1 1 0 0 0 0 0 0 0 0 1 2 1 0 1 1 2 0 0 0 0 0 0 0 2 0 2 0 2 0 0 1 1 0 0 1 2 0 0 0 2 0 0 0 0 0 1 0 0 0 0 0 0 0 0 
1
0 0 0 0 0 0 0 0 0 
0 0 1 0 0 0 0 0 2 0 0 0 2 0 2 0 0 0 2 2 0 0 0 0 0 1 1 1 0 0 0 0 0 0 0 0 1 2 1 0 1 1 2 0 0 0 0 0 0 0 2 0 2 0 2 0 0 1 1 0 0 1 2 0 0 0 2 0 0 0 0 0 1 0 0 0 0 0 0 0 0 
0 0 1 0 0 0 0 0 2 0 0 0 2 0 2 0 0 0 2 2 0 0 0 0 0 1 1 1 0 0 0 0 0 0 0 0 1 2 1 0 1 1 2 0 0 0 0 0 0 0 2 0 2 0 2 0 0 1 1 0 0 1 2 0 0 0 2 0 0 0 0 0 1 0 0 0 0 0 0 0 0 
1
0 0 0 0 0 0 0 0 0 
0 0 1 0 0 0 0 0 2 0 0 0 2 0 2 0 0 0 2 2 0 0 0 0 0 1 1 1 0 0 0 0 0 0 0 0 1 2 1 0 1 1 2 1 0 0 0 0 0 0 2 0 2 0 2 0 0 1 1 0 0 1 2 0 0 0 2 0 0 0 0 0 1 0 0 0 0 0 0 0 0 
0 0 1 0 0 0 0 0 2 0 0 0 2 0 2 0 0 0 2 2 0 0 0 0 0 1 1 1 0 0 0 0 0 0 0 0 1 2 1 0 1 1 2 1 0 0 0 0 0 0 2 0 2 0 2 0 0 1 1 0 0 1 2 0 0 0 2 0 0 0 0 0 1 0 0 0 0 0 0 0 0 
1
0 0 0 0 0 0 0 0 0 
0 0 1 0 0 0 0 0 2 0 0 0 2 0 2 0 0 0 2 2 0 0 0 0 0 1 1 1 0 0 0 0 0 0 0 0 1 2 1 0 1 1 2 1 0 0 0 0 0 2 2 0 2 0 2 0 0 1 1 0 0 1 2 0 0 0 2 0 0 0 0 0 1 0 0 0 0 0 0 0 0 
0 0 1 0 0 0 0 0 2 0 0 0 2 0 2 0 0 0 2 2 0 0 0 0 0 1 1 1 0 0 0 0 0 0 0 0 1 2 1 0 1 1 2 1 0 0 0 0 0 2 2 0 2 0 2 0 0 1 1 0 0 1 2 0 0 0 2 0 0 0 0 0 1 0 0 0 0 0 0 0 0 
1
0 0 0 0 0 0 0 1 0 
0 0 1 0 0 0 0 0 2 0 0 0 2 0 2 0 0 0 2 2 0 0 0 0 0 1 1 1 0 0 0 0 0 0 0 0 1 2 1 0 1 1 2 1 0 0 0 0 0 2 2 0 2 0 2 0 0 1 1 1 0 1 2 0 0 0 2 0 0 0 0 0 1 0 0 0 0 0 0 0 0 
0 0 1 0 0 0 0 0 2 0 0 0 2 0 2 0 0 0 2 2 0 0 0 0 0 1 1 1 0 0 0 0 0 0 0 0 1 2 1 0 1 1 2 1 0 0 0 0 0 2 2 0 2 0 2 0 0 17 17 17 0 1 2 0 0 0 18 16 16 0 0 0 1 0 0 16 16 16 0 0 0 
1
0 0 0 0 0 0 0 1 0 
0 0 1 0 0 0 0 2 2 0 0 0 2 0 2 0 0 0 2 2 0 0 0 0 0 1 1 1 0 0 0 0 0 0 0 0 1 2 1 0 1 1 2 1 0 0 0 0 0 2 2 0 2 0 2 0 0 1 1 1 0 1 2 0 0 0 2 0 0 0 0 0 1 0 0 0 0 0 0 0 0 
0 0 1 0 0 0 0 2 2 0 0 0 2 0 2 0 0 0 2 2 0 0 0 0 0 1 1 1 0 0 0 0 0 0 0 0 1 2 1 0 1 1 2 1 0 0 0 0 0 2 2 0 2 0 2 0 0 17 17 17 0 1 2 0 0 0 18 16 16 0 0 0 1 0 0 16 16 16 0 0 0 
1
0 0 0 0 0 0 0 1 0 
0 0 1 0 1 0 0 2 2 0 0 0 2 0 2 0 0 0 2 2 0 0 0 0 0 1 1 1 0 0 0 0 0 0 0 0 1 2 1 0 1 1 2 1 0 0 0 0 0 2 2 0 2 0 2 0 0 1 1 1 0 1 2 0 0 0 2 0 0 0 0 0 1 0 0 0 0 0 0 0 0 
0 0 1 0 1 0 0 2 2 0 0 0 2 0 2 0 0 0 2 2 0 0 0 0 0 1 1 1 0 0 0 0 0 0 0 0 1 2 1 0 1 1 2 1 0 0 0 0 0 2 2 0 2 0 2 0 0 17 17 17 0 1 2 0 0 0 18 16 16 0 0 0 1 0 0 16 16 16 0 0 0 
1
0 0 0 0 0 0 0 1 0 
0 0 1 0 1 0 0 2 2 0 0 0 2 0 2 0 0 0 2 2 0 2 0 0 0 1 1 1 0 0 0 0 0 0 0 0 1 2 1 0 1 1 2 1 0 0 0 0 0 2 2 0 2 0 2 0 0 1 1 1 0 1 2 0 0 0 2 0 0 0 0 0 1 0 0 0 0 0 0 0 0 
0 0 1 0 1 0 0 2 2 0 0 0 2 0 2 0 0 0 2 2 0 2 0 0 0 1 1 1 0 0 0 0 0 0 0 0 1 2 1 0 1 1 2 1 0 0 0 0 0 2 2 0 2 0 2 0 0 17 17 17 0 1 2 0 0 0 18 16 16 0 0 0 1 0 0 16 16 16 0 0 0 
1
0 0 0 0 0 0 0 1 0 
0 0 1 0 1 0 0 2 2 0 0 0 2 0 2 0 0 0 2 2 0 2 0 0 0 1 1 1 0 0 0 0 0 0 0 0 1 2 1 0 1 1 2 1 0 0 0 0 0 2 2 0 2 0 2 0 0 1 1 1 0 1 2 0 1 0 2 0 0 0 0 0 1 0 0 0 0 0 0 0 0 
0 0 1 0 1 0 0 2 2 0 0 0 2 0 2 0 0 0 2 2 0 2 0 0 0 1 1 1 0 0 0 0 0 0 0 0 1 2 1 0 1 1 2 1 0 0 0 0 0 2 2 0 2 0 2 0 0 17 17 17 0 1 2 0 1 0 18 16 16 0 0 0 1 0 0 16 16 16 0 0 0 
1
0 0 0 0 2 0 0 1 0 
0 0 1 0 1 0 0 2 2 0 0 0 2 0 2 0 0 0 2 2 0 2 0 0 0 1 1 1 0 0 0 0 0 0 0 0 1 2 1 0 1 1 2 1 0 0 0 0 2 2 2 0 2 0 2 0 0 1 1 1 0 1 2 0 1 0 2 0 0 0 0 0 1 0 0 0 0 0 0 0 0 
0 0 1 0 1 0 0 2 2 0 0 0 2 0 2 0 0 0 2 2 0 2 0 0 0 1 1 1 0 0 32 32 32 0 0 0 1 2 1 32 33 33 2 1 0 0 0 0 34 34 34 0 2 0 2 0 0 17 17 17 0 1 2 0 1 0 18 16 16 0 0 0 1 0 0 16 16 16 0 0 0 
1
0 0 0 0 2 0 1 1 0 
0 0 1 0 1 0 0 2 2 0 0 0 2 0 2 0 0 0 2 2 0 2 0 0 0 1 1 1 0 0 0 0 0 0 0 0 1 2 1 0 1 1 2 1 0 0 0 0 2 2 2 0 2 0 2 0 1 1 1 1 0 1 2 0 1 0 2 0 0 0 0 0 1 0 0 0 0 0 0 0 0 
0 0 1 0 1 0 0 2 2 0 0 0 2 0 2 0 0 0 2 2 0 2 0 0 0 1 1 1 0 0 32 32 32 0 0 0 1 2 1 32 33 33 2 1 0 0 0 0 34 34 34 0 2 0 18 16 17 17 17 17 0 1 2 16 17 16 18 16 16 0 0 0 17 16 16 16 16 16 0 0 0 
1
0 0 0 0 2 0 1 1 0 
0 0 1 0 1 0 0 2 2 0 0 0 2 0 2 0 0 2 2 2 0 2 0 0 0 1 1 1 0 0 0 0 0 0 0 0 1 2 1 0 1 1 2 1 0 0 0 0 2 2 2 0 2 0 2 0 1 1 1 1 0 1 2 0 1 0 2 0 0 0 0 0 1 0 0 0 0 0 0 0 0 
0 0 1 0 1 0 0 2 2 0 0 0 2 0 2 0 0 2 2 2 0 2 0 0 0 1 1 1 0 0 32 32 32 0 0 0 1 2 1 32 33 33 2 1 0 0 0 0 34 34 34 0 2 0 18 16 17 17 17 17 0 1 2 16 17 16 18 16 16 0 0 0 17 16 16 16 16 16 0 0 0 
1
0 0 0 0 2 0 1 1 0 
0 0 1 0 1 0 0 2 2 0 0 0 2 0 2 0 0 2 2 2 0 2 0 0 0 1 1 1 0 0 0 0 0 0 0 1 1 2 1 0 1 1 2 1 0 0 0 0 2 2 2 0 2 0 2 0 1 1 1 1 0 1 2 0 1 0 2 0 0 0 0 0 1 0 0 0 0 0 0 0 0 
0 0 1 0 1 0 0 2 2 0 0 0 2 0 2 0 0 2 2 2 0 2 0 0 0 1 1 1 0 0 32 32 32 0 0 1 1 2 1 32 33 33 2 1 0 0 0 0 34 34 34 0 2 0 18 16 17 17 17 17 0 1 2 16 17 16 18 16 16 0 0 0 17 16 16 16 16 16 0 0 0 
1
0 0 2 0 2 0 1 1 0 
0 0 1 0 1 0 2 2 2 0 0 0 2 0 2 0 0 2 2 2 0 2 0 0 0 1 1 1 0 0 0 0 0 0 0 1 1 2 1 0 1 1 2 1 0 0 0 0 2 2 2 0 2 0 2 0 1 1 1 1 0 1 2 0 1 0 2 0 0 0 0 0 1 0 0 0 0 0 0 0 0 
0 0 1 0 1 0 34 34 34 0 0 0 2 0 2 32 32 34 2 2 0 2 0 0 32 33 33 1 0 0 32 32 32 0 0 1 1 2 1 32 33 33 2 1 0 0 0 0 34 34 34 0 2 0 18 16 17 17 17 17 0 1 2 16 17 16 18 16 16 0 0 0 17 16 16 16 16 16 0 0 0 
1
0 0 2 0 2 0 1 1 0 
0 1 1 0 1 0 2 2 2 0 0 0 2 0 2 0 0 2 2 2 0 2 0 0 0 1 1 1 0 0 0 0 0 0 0 1 1 2 1 0 1 1 2 1 0 0 0 0 2 2 2 0 2 0 2 0 1 1 1 1 0 1 2 0 1 0 2 0 0 0 0 0 1 0 0 0 0 0 0 0 0 
0 1 1 0 1 0 34 34 34 0 0 0 2 0 2 32 32 34 2 2 0 2 0 0 32 33 33 1 0 0 32 32 32 0 0 1 1 2 1 32 33 33 2 1 0 0 0 0 34 34 34 0 2 0 18 16 17 17 17 17 0 1 2 16 17 16 18 16 16 0 0 0 17 16 16 16 16 16 0 0 0 
1
0 0 2 0 2 0 1 1 0 
0 1 1 0 1 2 2 2 2 0 0 0 2 0 2 0 0 2 2 2 0 2 0 0 0 1 1 1 0 0 0 0 0 0 0 1 1 2 1 0 1 1 2 1 0 0 0 0 2 2 2 0 2 0 2 0 1 1 1 1 0 1 2 0 1 0 2 0 0 0 0 0 1 0 0 0 0 0 0 0 0 
0 1 1 0 1 2 34 34 34 0 0 0 2 0 2 32 32 34 2 2 0 2 0 0 32 33 33 1 0 0 32 32 32 0 0 1 1 2 1 32 33 33 2 1 0 0 0 0 34 34 34 0 2 0 18 16 17 17 17 17 0 1 2 16 17 16 18 16 16 0 0 0 17 16 16 16 16 16 0 0 0 
1
1 0 2 0 2 0 1 1 0 
1 1 1 0 1 2 2 2 2 0 0 0 2 0 2 0 0 2 2 2 0 2 0 0 0 1 1 1 0 0 0 0 0 0 0 1 1 2 1 0 1 1 2 1 0 0 0 0 2 2 2 0 2 0 2 0 1 1 1 1 0 1 2 0 1 0 2 0 0 0 0 0 1 0 0 0 0 0 0 0 0 
17 17 17 0 1 2 34 34 34 16 16 16 2 0 2 32 32 34 18 18 16 2 0 0 32 33 33 1 0 0 32 32 32 0 0 1 1 2 1 32 33 33 2 1 0 0 0 0 34 34 34 0 2 0 18 16 17 17 17 17 0 1 2 16 17 16 18 16 16 0 0 0 17 16 16 16 16 16 0 0 0 
1
1 0 2 0 2 0 1 1 0 
1 1 1 0 1 2 2 2 2 0 0 0 2 0 2 0 0 2 2 2 0 2 0 0 0 1 1 1 2 0 0 0 0 0 0 1 1 2 1 0 1 1 2 1 0 0 0 0 2 2 2 0 2 0 2 0 1 1 1 1 0 1 2 0 1 0 2 0 0 0 0 0 1 0 0 0 0 0 0 0 0 
17 17 17 0 1 2 34 34 34 16 16 16 2 0 2 32 32 34 18 18 16 2 0 0 32 33 33 1 2 0 32 32 32 0 0 1 1 2 1 32 33 33 2 1 0 0 0 0 34 34 34 0 2 0 18 16 17 17 17 17 0 1 2 16 17 16 18 16 16 0 0 0 17 16 16 16 16 16 0 0 0 
1
1 0 2 0 2 0 1 1 0 
1 1 1 0 1 2 2 2 2 0 0 0 2 0 2 0 0 2 2 2 0 2 0 1 0 1 1 1 2 0 0 0 0 0 0 1 1 2 1 0 1 1 2 1 0 0 0 0 2 2 2 0 2 0 2 0 1 1 1 1 0 1 2 0 1 0 2 0 0 0 0 0 1 0 0 0 0 0 0 0 0 
17 17 17 0 1 2 34 34 34 16 16 16 2 0 2 32 32 34 18 18 16 2 0 1 32 33 33 1 2 0 32 32 32 0 0 1 1 2 1 32 33 33 2 1 0 0 0 0 34 34 34 0 2 0 18 16 17 17 17 17 0 1 2 16 17 16 18 16 16 0 0 0 17 16 16 16 16 16 0 0 0 
1
1 0 2 0 2 0 1 1 0 
1 1 1 0 1 2 2 2 2 0 0 0 2 0 2 0 0 2 2 2 0 2 0 1 0 1 1 1 2 0 0 0 0 0 0 1 1 2 1 0 1 1 2 1 0 0 0 0 2 2 2 0 2 0 2 0 1 1 1 1 0 1 2 0 1 0 2 0 0 0 0 0 1 0 0 0 0 0 0 0 2 
17 17 17 0 1 2 34 34 34 16 16 16 2 0 2 32 32 34 18 18 16 2 0 1 32 33 33 1 2 0 32 32 32 0 0 1 1 2 1 32 33 33 2 1 0 0 0 0 34 34 34 0 2 0 18 16 17 17 17 17 0 1 2 16 17 16 18 16 16 0 0 0 17 16 16 16 16 16 0 0 2 
1
1 0 2 0 2 0 1 1 0 
1 1 1 0 1 2 2 2 2 0 0 0 2 0 2 0 0 2 2 2 0 2 0 1 0 1 1 1 2 0 0 0 0 0 0 1 1 2 1 0 1 1 2 1 0 0 0 0 2 2 2 0 2 0 2 0 1 1 1 1 0 1 2 0 1 0 2 0 0 0 1 0 1 0 0 0 0 0 0 0 2 
17 17 17 0 1 2 34 34 34 16 16 16 2 0 2 32 32 34 18 18 16 2 0 1 32 33 33 1 2 0 32 32 32 0 0 1 1 2 1 32 33 33 2 1 0 0 0 0 34 34 34 0 2 0 18 16 17 17 17 17 0 1 2 16 17 16 18 16 16 0 1 0 17 16 16 16 16 16 0 0 2 
1
1 0 2 0 2 0 1 1 0 
1 1 1 0 1 2 2 2 2 0 0 0 2 0 2 0 0 2 2 2 0 2 0 1 0 1 1 1 2 0 0 0 0 0 2 1 1 2 1 0 1 1 2 1 0 0 0 0 2 2 2 0 2 0 2 0 1 1 1 1 0 1 2 0 1 0 2 0 0 0 1 0 1 0 0 0 0 0 0 0 2 
17 17 17 0 1 2 34 34 34 16 16 16 2 0 2 32 32 34 18 18 16 2 0 1 32 33 33 1 2 0 32 32 32 0 2 1 1 2 1 32 33 33 2 1 0 0 0 0 34 34 34 0 2 0 18 16 17 17 17 17 0 1 2 16 17 16 18 16 16 0 1 0 17 16 16 16 16 16 0 0 2 
1
1 0 2 0 2 0 1 1 0 
1 1 1 0 1 2 2 2 2 0 0 0 2 1 2 0 0 2 2 2 0 2 0 1 0 1 1 1 2 0 0 0 0 0 2 1 1 2 1 0 1 1 2 1 0 0 0 0 2 2 2 0 2 0 2 0 1 1 1 1 0 1 2 0 1 0 2 0 0 0 1 0 1 0 0 0 0 0 0 0 2 
17 17 17 0 1 2 34 34 34 16 16 16 2 1 2 32 32 34 18 18 16 2 0 1 32 33 33 1 2 0 32 32 32 0 2 1 1 2 1 32 33 33 2 1 0 0 0 0 34 34 34 0 2 0 18 16 17 17 17 17 0 1 2 16 17 16 18 16 16 0 1 0 17 16 16 16 16 16 0 0 2 
1
1 0 2 0 2 0 1 1 2 
1 1 1 0 1 2 2 2 2 0 0 0 2 1 2 0 0 2 2 2 0 2 0 1 0 1 1 1 2 0 0 0 0 0 2 1 1 2 1 0 1 1 2 1 0 0 0 0 2 2 2 0 2 0 2 0 1 1 1 1 0 1 2 0 1 0 2 0 0 0 1 2 1 0 0 0 0 0 0 0 2 
17 17 17 0 1 2 34 34 34 16 16 16 2 1 2 32 32 34 18 18 16 2 0 1 32 33 33 1 2 0 32 32 32 0 2 1 1 2 1 32 33 33 2 1 0 0 0 0 34 34 34 0 2 0 18 16 17 17 17 17 32 33 34 16 17 16 18 16 16 32 33 34 17 16 16 16 16 16 32 32 34 
1
1 0 2 0 2 0 1 1 2 
1 1 1 0 1 2 2 2 2 0 0 0 2 1 2 0 0 2 2 2 0 2 0 1 0 1 1 1 2 0 0 0 0 0 2 1 1 2 1 0 1 1 2 1 1 0 0 0 2 2 2 0 2 0 2 0 1 1 1 1 0 1 2 0 1 0 2 0 0 0 1 2 1 0 0 0 0 0 0 0 2 
17 17 17 0 1 2 34 34 34 16 16 16 2 1 2 32 32 34 18 18 16 2 0 1 32 33 33 1 2 0 32 32 32 0 2 1 1 2 1 32 33 33 2 1 1 0 0 0 34 34 34 0 2 0 18 16 17 17 17 17 32 33 34 16 17 16 18 16 16 32 33 34 17 16 16 16 16 16 32 32 34 
1
1 0 2 0 2 0 1 1 2 
1 1 1 0 1 2 2 2 2 0 0 0 2 1 2 0 0 2 2 2 0 2 0 1 0 1 1 1 2 0 0 0 0 0 2 1 1 2 1 0 1 1 2 1 1 0 0 0 2 2 2 2 2 0 2 0 1 1 1 1 0 1 2 0 1 0 2 0 0 0 1 2 1 0 0 0 0 0 0 0 2 
17 17 17 0 1 2 34 34 34 16 16 16 2 1 2 32 32 34 18 18 16 2 0 1 32 33 33 1 2 0 32 32 32 0 2 1 1 2 1 32 33 33 2 1 1 0 0 0 34 34 34 2 2 0 18 16 17 17 17 17 32 33 34 16 17 16 18 16 16 32 33 34 17 16 16 16 16 16 32 32 34 
1
1 0 2 1 2 0 1 1 2 
1 1 1 0 1 2 2 2 2 0 0 0 2 1 2 0 0 2 2 2 0 2 0 1 0 1 1 1 2 0 0 0 0 0 2 1 1 2 1 0 1 1 2 1 1 1 0 0 2 2 2 2 2 0 2 0 1 1 1 1 0 1 2 0 1 0 2 0 0 0 1 2 1 0 0 0 0 0 0 0 2 
17 17 17 0 1 2 34 34 34 16 16 16 2 1 2 32 32 34 18 18 16 2 0 1 32 33 33 17 18 16 32 32 32 0 2 1 17 18 17 32 33 33 2 1 1 17 16 16 34 34 34 2 2 0 18 16 17 17 17 17 32 33 34 16 17 16 18 16 16 32 33 34 17 16 16 16 16 16 32 32 34 
1
1 0 2 1 2 0 1 1 2 
1 1 1 0 1 2 2 2 2 0 0 0 2 1 2 0 0 2 2 2 0 2 0 1 0 1 1 1 2 0 0 0 0 0 2 1 1 2 1 0 1 1 2 1 1 1 0 0 2 2 2 2 2 0 2 0 1 1 1 1 0 1 2 0 1 0 2 0 0 0 1 2 1 0 0 0 0 0 0 0 2 
17 17 17 0 1 2 34 34 34 16 16 16 2 1 2 32 32 34 18 18 16 2 0 1 32 33 33 17 18 16 32 32 32 0 2 1 17 18 17 32 33 33 2 1 1 17 16 16 34 34 34 2 2 0 18 16 17 17 17 17 32 33 34 16 17 16 18 16 16 32 33 34 17 16 16 16 16 16 32 32 34 
1
