0 0 0 0 0 0 0 0 0 
0 0 0 0 0 0 0 0 0 0 0 0 0 0 0 0 0 0 0 0 0 0 0 0 0 0 0 0 0 0 0 0 0 0 0 0 0 0 0 0 1 0 0 0 0 0 0 0 0 0 0 0 0 0 0 0 0 0 0 0 0 0 0 0 0 0 0 0 0 0 0 0 0 0 0 0 0 0 0 0 0 
0 0 0 0 0 0 0 0 0 0 0 0 0 0 0 0 0 0 0 0 0 0 0 0 0 0 0 0 0 0 0 0 0 0 0 0 0 0 0 0 1 0 0 0 0 0 0 0 0 0 0 0 0 0 0 0 0 0 0 0 0 0 0 0 0 0 0 0 0 0 0 0 0 0 0 0 0 0 0 0 0 
1
0 0 0 0 0 0 0 0 0 
0 0 0 0 0 0 0 0 0 0 0 0 0 0 0 0 0 0 0 0 0 0 0 0 0 0 0 0 0 0 0 0 0 0 0 0 0 0 0 0 1 0 0 0 0 0 0 0 0 0 2 0 0 0 0 0 0 0 0 0 0 0 0 0 0 0 0 0 0 0 0 0 0 0 0 0 0 0 0 0 0 
0 0 0 0 0 0 0 0 0 0 0 0 0 0 0 0 0 0 0 0 0 0 0 0 0 0 0 0 0 0 0 0 0 0 0 0 0 0 0 0 1 0 0 0 0 0 0 0 0 0 2 0 0 0 0 0 0 0 0 0 0 0 0 0 0 0 0 0 0 0 0 0 0 0 0 0 0 0 0 0 0 
1
0 0 0 0 0 0 0 0 0 
0 0 0 0 0 0 0 0 0 0 0 0 0 0 0 0 0 0 0 0 0 0 0 0 0 0 0 0 0 0 0 0 0 0 0 0 0 0 0 0 1 0 0 0 0 0 0 0 0 0 2 0 0 0 0 0 0 0 0 0 0 0 0 0 0 0 0 0 0 0 0 0 0 0 0 0 0 0 0 0 1 
0 0 0 0 0 0 0 0 0 0 0 0 0 0 0 0 0 0 0 0 0 0 0 0 0 0 0 0 0 0 0 0 0 0 0 0 0 0 0 0 1 0 0 0 0 0 0 0 0 0 2 0 0 0 0 0 0 0 0 0 0 0 0 0 0 0 0 0 0 0 0 0 0 0 0 0 0 0 0 0 1 
1
0 0 0 0 0 0 0 0 0 
0 0 0 0 0 0 0 0 0 0 0 0 0 0 0 0 0 0 0 0 0 0 0 0 0 0 0 0 0 0 0 0 0 0 0 0 0 0 0 0 1 0 0 0 0 0 0 0 0 0 2 0 0 0 0 0 0 0 0 0 2 0 0 0 0 0 0 0 0 0 0 0 0 0 0 0 0 0 0 0 1 
0 0 0 0 0 0 0 0 0 0 0 0 0 0 0 0 0 0 0 0 0 0 0 0 0 0 0 0 0 0 0 0 0 0 0 0 0 0 0 0 1 0 0 0 0 0 0 0 0 0 2 0 0 0 0 0 0 0 0 0 2 0 0 0 0 0 0 0 0 0 0 0 0 0 0 0 0 0 0 0 1 
1
0 0 0 0 0 0 0 0 0 
0 0 1 0 0 0 0 0 0 0 0 0 0 0 0 0 0 0 0 0 0 0 0 0 0 0 0 0 0 0 0 0 0 0 0 0 0 0 0 0 1 0 0 0 0 0 0 0 0 0 2 0 0 0 0 0 0 0 0 0 2 0 0 0 0 0 0 0 0 0 0 0 0 0 0 0 0 0 0 0 1 
0 0 1 0 0 0 0 0 0 0 0 0 0 0 0 0 0 0 0 0 0 0 0 0 0 0 0 0 0 0 0 0 0 0 0 0 0 0 0 0 1 0 0 0 0 0 0 0 0 0 2 0 0 0 0 0 0 0 0 0 2 0 0 0 0 0 0 0 0 0 0 0 0 0 0 0 0 0 0 0 1 
1
0 0 0 0 0 0 0 0 0 
0 0 1 0 0 0 2 0 0 0 0 0 0 0 0 0 0 0 0 0 0 0 0 0 0 0 0 0 0 0 0 0 0 0 0 0 0 0 0 0 1 0 0 0 0 0 0 0 0 0 2 0 0 0 0 0 0 0 0 0 2 0 0 0 0 0 0 0 0 0 0 0 0 0 0 0 0 0 0 0 1 
0 0 1 0 0 0 2 0 0 0 0 0 0 0 0 0 0 0 0 0 0 0 0 0 0 0 0 0 0 0 0 0 0 0 0 0 0 0 0 0 1 0 0 0 0 0 0 0 0 0 2 0 0 0 0 0 0 0 0 0 2 0 0 0 0 0 0 0 0 0 0 0 0 0 0 0 0 0 0 0 1 
1
0 0 0 0 0 0 0 0 0 
0 1 1 0 0 0 2 0 0 0 0 0 0 0 0 0 0 0 0 0 0 0 0 0 0 0 0 0 0 0 0 0 0 0 0 0 0 0 0 0 1 0 0 0 0 0 0 0 0 0 2 0 0 0 0 0 0 0 0 0 2 0 0 0 0 0 0 0 0 0 0 0 0 0 0 0 0 0 0 0 1 
0 1 1 0 0 0 2 0 0 0 0 0 0 0 0 0 0 0 0 0 0 0 0 0 0 0 0 0 0 0 0 0 0 0 0 0 0 0 0 0 1 0 0 0 0 0 0 0 0 0 2 0 0 0 0 0 0 0 0 0 2 0 0 0 0 0 0 0 0 0 0 0 0 0 0 0 0 0 0 0 1 
1
0 0 0 0 0 0 0 0 0 
0 1 1 2 0 0 2 0 0 0 0 0 0 0 0 0 0 0 0 0 0 0 0 0 0 0 0 0 0 0 0 0 0 0 0 0 0 0 0 0 1 0 0 0 0 0 0 0 0 0 2 0 0 0 0 0 0 0 0 0 2 0 0 0 0 0 0 0 0 0 0 0 0 0 0 0 0 0 0 0 1 
0 1 1 2 0 0 2 0 0 0 0 0 0 0 0 0 0 0 0 0 0 0 0 0 0 0 0 0 0 0 0 0 0 0 0 0 0 0 0 0 1 0 0 0 0 0 0 0 0 0 2 0 0 0 0 0 0 0 0 0 2 0 0 0 0 0 0 0 0 0 0 0 0 0 0 0 0 0 0 0 1 
1
1 0 0 0 0 0 0 0 0 
1 1 1 2 0 0 2 0 0 0 0 0 0 0 0 0 0 0 0 0 0 0 0 0 0 0 0 0 0 0 0 0 0 0 0 0 0 0 0 0 1 0 0 0 0 0 0 0 0 0 2 0 0 0 0 0 0 0 0 0 2 0 0 0 0 0 0 0 0 0 0 0 0 0 0 0 0 0 0 0 1 
17 17 17 2 0 0 2 0 0 16 16 16 0 0 0 0 0 0 16 16 16 0 0 0 0 0 0 0 0 0 0 0 0 0 0 0 0 0 0 0 1 0 0 0 0 0 0 0 0 0 2 0 0 0 0 0 0 0 0 0 2 0 0 0 0 0 0 0 0 0 0 0 0 0 0 0 0 0 0 0 1 
1
1 0 0 0 0 0 0 0 0 
1 1 1 2 0 0 2 0 0 0 0 0 0 0 0 0 0 0 0 0 0 0 0 0 0 0 0 0 0 0 0 0 2 0 0 0 0 0 0 0 1 0 0 0 0 0 0 0 0 0 2 0 0 0 0 0 0 0 0 0 2 0 0 0 0 0 0 0 0 0 0 0 0 0 0 0 0 0 0 0 1 
17 17 17 2 0 0 2 0 0 16 16 16 0 0 0 0 0 0 16 16 16 0 0 0 0 0 0 0 0 0 0 0 2 0 0 0 0 0 0 0 1 0 0 0 0 0 0 0 0 0 2 0 0 0 0 0 0 0 0 0 2 0 0 0 0 0 0 0 0 0 0 0 0 0 0 0 0 0 0 0 1 
1
1 0 0 0 0 0 0 0 0 
1 1 1 2 0 0 2 0 0 0 0 0 0 0 0 0 0 1 0 0 0 0 0 0 0 0 0 0 0 0 0 0 2 0 0 0 0 0 0 0 1 0 0 0 0 0 0 0 0 0 2 0 0 0 0 0 0 0 0 0 2 0 0 0 0 0 0 0 0 0 0 0 0 0 0 0 0 0 0 0 1 
17 17 17 2 0 0 2 0 0 16 16 16 0 0 0 0 0 1 16 16 16 0 0 0 0 0 0 0 0 0 0 0 2 0 0 0 0 0 0 0 1 0 0 0 0 0 0 0 0 0 2 0 0 0 0 0 0 0 0 0 2 0 0 0 0 0 0 0 0 0 0 0 0 0 0 0 0 0 0 0 1 
1
1 0 0 0 0 0 0 0 0 
1 1 1 2 0 0 2 0 0 0 0 0 0 0 0 0 0 1 0 0 0 0 0 0 0 0 0 0 0 0 0 0 2 0 2 0 0 0 0 0 1 0 0 0 0 0 0 0 0 0 2 0 0 0 0 0 0 0 0 0 2 0 0 0 0 0 0 0 0 0 0 0 0 0 0 0 0 0 0 0 1 
17 17 17 2 0 0 2 0 0 16 16 16 0 0 0 0 0 1 16 16 16 0 0 0 0 0 0 0 0 0 0 0 2 0 2 0 0 0 0 0 1 0 0 0 0 0 0 0 0 0 2 0 0 0 0 0 0 0 0 0 2 0 0 0 0 0 0 0 0 0 0 0 0 0 0 0 0 0 0 0 1 
1
1 0 0 0 0 0 0 0 0 
1 1 1 2 0 0 2 0 0 0 0 0 0 0 0 0 0 1 0 0 0 0 1 0 0 0 0 0 0 0 0 0 2 0 2 0 0 0 0 0 1 0 0 0 0 0 0 0 0 0 2 0 0 0 0 0 0 0 0 0 2 0 0 0 0 0 0 0 0 0 0 0 0 0 0 0 0 0 0 0 1 
17 17 17 2 0 0 2 0 0 16 16 16 0 0 0 0 0 1 16 16 16 0 1 0 0 0 0 0 0 0 0 0 2 0 2 0 0 0 0 0 1 0 0 0 0 0 0 0 0 0 2 0 0 0 0 0 0 0 0 0 2 0 0 0 0 0 0 0 0 0 0 0 0 0 0 0 0 0 0 0 1 
1
1 0 0 0 0 0 0 0 0 
1 1 1 2 0 0 2 0 0 0 0 0 0 0 0 0 0 1 0 0 0 0 1 0 0 0 0 0 0 0 0 0 2 0 2 0 0 0 0 0 1 0 0 0 0 0 0 0 0 0 2 0 0 0 0 0 0 0 0 0 2 0 0 0 0 0 0 0 0 0 0 0 0 0 0 0 0 2 0 0 1 
17 17 17 2 0 0 2 0 0 16 16 16 0 0 0 0 0 1 16 16 16 0 1 0 0 0 0 0 0 0 0 0 2 0 2 0 0 0 0 0 1 0 0 0 0 0 0 0 0 0 2 0 0 0 0 0 0 0 0 0 2 0 0 0 0 0 0 0 0 0 0 0 0 0 0 0 0 2 0 0 1 
1
1 0 0 0 0 0 0 0 0 
1 1 1 2 0 0 2 0 0 0 0 0 0 0 0 0 0 1 0 0 0 0 1 0 0 0 0 0 0 0 0 0 2 0 2 0 0 0 0 0 1 0 0 0 0 0 0 0 0 0 2 0 0 0 0 0 0 0 0 0 2 0 0 0 0 0 0 0 0 0 0 0 0 0 0 0 0 2 0 1 1 
17 17 17 2 0 0 2 0 0 16 16 16 0 0 0 0 0 1 16 16 16 0 1 0 0 0 0 0 0 0 0 0 2 0 2 0 0 0 0 0 1 0 0 0 0 0 0 0 0 0 2 0 0 0 0 0 0 0 0 0 2 0 0 0 0 0 0 0 0 0 0 0 0 0 0 0 0 2 0 1 1 
1
1 0 0 0 0 0 0 0 0 
1 1 1 2 0 0 2 0 0 0 0 0 0 0 0 0 0 1 0 0 0 0 1 0 0 0 0 0 0 0 0 0 2 0 2 0 0 0 0 0 1 0 0 0 0 0 0 0 0 0 2 0 0 0 0 0 0 0 0 0 2 0 0 0 0 0 2 0 0 0 0 0 0 0 0 0 0 2 0 1 1 
17 17 17 2 0 0 2 0 0 16 16 16 0 0 0 0 0 1 16 16 16 0 1 0 0 0 0 0 0 0 0 0 2 0 2 0 0 0 0 0 1 0 0 0 0 0 0 0 0 0 2 0 0 0 0 0 0 0 0 0 2 0 0 0 0 0 2 0 0 0 0 0 0 0 0 0 0 2 0 1 1 
1
1 0 0 0 0 0 0 0 0 
1 1 1 2 0 0 2 0 0 0 0 0 0 0 0 0 0 1 0 0 0 0 1 0 0 0 0 0 0 0 0 0 2 0 2 0 0 0 0 0 1 0 0 0 0 0 1 0 0 0 2 0 0 0 0 0 0 0 0 0 2 0 0 0 0 0 2 0 0 0 0 0 0 0 0 0 0 2 0 1 1 
17 17 17 2 0 0 2 0 0 16 16 16 0 0 0 0 0 1 16 16 16 0 1 0 0 0 0 0 0 0 0 0 2 0 2 0 0 0 0 0 1 0 0 0 0 0 1 0 0 0 2 0 0 0 0 0 0 0 0 0 2 0 0 0 0 0 2 0 0 0 0 0 0 0 0 0 0 2 0 1 1 
1
1 0 0 0 0 0 0 0 0 
1 1 1 2 0 0 2 0 0 0 0 0 0 0 0 0 0 1 0 0 0 0 1 0 0 0 0 0 0 0 0 0 2 0 2 0 0 0 0 0 1 0 0 0 0 0 1 0 0 0 2 0 0 0 0 0 0 0 0 2 2 0 0 0 0 0 2 0 0 0 0 0 0 0 0 0 0 2 0 1 1 
17 17 17 2 0 0 2 0 0 16 16 16 0 0 0 0 0 1 16 16 16 0 1 0 0 0 0 0 0 0 0 0 2 0 2 0 0 0 0 0 1 0 0 0 0 0 1 0 0 0 2 0 0 0 0 0 0 0 0 2 2 0 0 0 0 0 2 0 0 0 0 0 0 0 0 0 0 2 0 1 1 
1
1 0 0 0 0 0 0 0 0 
1 1 1 2 0 0 2 0 0 0 0 0 0 0 0 1 0 1 0 0 0 0 1 0 0 0 0 0 0 0 0 0 2 0 2 0 0 0 0 0 1 0 0 0 0 0 1 0 0 0 2 0 0 0 0 0 0 0 0 2 2 0 0 0 0 0 2 0 0 0 0 0 0 0 0 0 0 2 0 1 1 
17 17 17 2 0 0 2 0 0 16 16 16 0 0 0 1 0 1 16 16 16 0 1 0 0 0 0 0 0 0 0 0 2 0 2 0 0 0 0 0 1 0 0 0 0 0 1 0 0 0 2 0 0 0 0 0 0 0 0 2 2 0 0 0 0 0 2 0 0 0 0 0 0 0 0 0 0 2 0 1 1 
1
1 0 0 0 0 0 0 0 0 
1 1 1 2 0 0 2 0 0 0 0 0 0 0 0 1 0 1 0 0 0 0 1 0 0 0 0 0 0 2 0 0 2 0 2 0 0 0 0 0 1 0 0 0 0 0 1 0 0 0 2 0 0 0 0 0 0 0 0 2 2 0 0 0 0 0 2 0 0 0 0 0 0 0 0 0 0 2 0 1 1 
17 17 17 2 0 0 2 0 0 16 16 16 0 0 0 1 0 1 16 16 16 0 1 0 0 0 0 0 0 2 0 0 2 0 2 0 0 0 0 0 1 0 0 0 0 0 1 0 0 0 2 0 0 0 0 0 0 0 0 2 2 0 0 0 0 0 2 0 0 0 0 0 0 0 0 0 0 2 0 1 1 
1
1 0 0 0 0 0 0 0 0 
1 1 1 2 0 0 2 0 1 0 0 0 0 0 0 1 0 1 0 0 0 0 1 0 0 0 0 0 0 2 0 0 2 0 2 0 0 0 0 0 1 0 0 0 0 0 1 0 0 0 2 0 0 0 0 0 0 0 0 2 2 0 0 0 0 0 2 0 0 0 0 0 0 0 0 0 0 2 0 1 1 
17 17 17 2 0 0 2 0 1 16 16 16 0 0 0 1 0 1 16 16 16 0 1 0 0 0 0 0 0 2 0 0 2 0 2 0 0 0 0 0 1 0 0 0 0 0 1 0 0 0 2 0 0 0 0 0 0 0 0 2 2 0 0 0 0 0 2 0 0 0 0 0 0 0 0 0 0 2 0 1 1 
1
1 0 0 0 0 0 0 0 0 
1 1 1 2 0 0 2 0 1 0 0 0 0 0 0 1 0 1 0 0 0 0 1 0 0 0 2 0 0 2 0 0 2 0 2 0 0 0 0 0 1 0 0 0 0 0 1 0 0 0 2 0 0 0 0 0 0 0 0 2 2 0 0 0 0 0 2 0 0 0 0 0 0 0 0 0 0 2 0 1 1 
17 17 17 2 0 0 2 0 1 16 16 16 0 0 0 1 0 1 16 16 16 0 1 0 0 0 2 0 0 2 0 0 2 0 2 0 0 0 0 0 1 0 0 0 0 0 1 0 0 0 2 0 0 0 0 0 0 0 0 2 2 0 0 0 0 0 2 0 0 0 0 0 0 0 0 0 0 2 0 1 1 
1
1 0 0 0 0 0 0 0 1 
1 1 1 2 0 0 2 0 1 0 0 0 0 0 0 1 0 1 0 0 0 0 1 0 0 0 2 0 0 2 0 0 2 0 2 0 0 0 0 0 1 0 0 0 0 0 1 0 0 0 2 0 0 0 0 0 0 0 0 2 2 0 0 0 0 0 2 0 0 0 0 0 0 0 0 0 0 2 1 1 1 
17 17 17 2 0 0 2 0 1 16 16 16 0 0 0 1 0 1 16 16 16 0 1 0 0 0 2 0 0 2 0 0 2 0 2 0 0 0 0 0 1 0 0 0 0 0 1 0 0 0 2 0 0 0 0 0 0 0 0 2 18 16 16 0 0 0 2 0 0 16 16 16 0 0 0 0 0 2 17 17 17 
1
1 0 0 0 0 0 0 0 1 
1 1 1 2 0 0 2 0 1 0 0 0 0 0 0 1 0 1 0 0 0 0 1 0 0 0 2 0 0 2 0 0 2 0 2 0 0 0 0 0 1 0 0 0 0 0 1 0 0 0 2 0 0 0 0 0 0 0 0 2 2 0 0 0 0 2 2 0 0 0 0 0 0 0 0 0 0 2 1 1 1 
17 17 17 2 0 0 2 0 1 16 16 16 0 0 0 1 0 1 16 16 16 0 1 0 0 0 2 0 0 2 0 0 2 0 2 0 0 0 0 0 1 0 0 0 0 0 1 0 0 0 2 0 0 0 0 0 0 0 0 2 18 16 16 0 0 2 2 0 0 16 16 16 0 0 0 0 0 2 17 17 17 
1
1 0 0 0 0 0 0 0 1 
1 1 1 2 0 0 2 0 1 0 0 0 0 0 0 1 0 1 0 0 0 0 1 0 0 0 2 0 0 2 0 0 2 0 2 0 0 0 0 0 1 0 0 0 1 0 1 0 0 0 2 0 0 0 0 0 0 0 0 2 2 0 0 0 0 2 2 0 0 0 0 0 0 0 0 0 0 2 1 1 1 
17 17 17 2 0 0 2 0 1 16 16 16 0 0 0 1 0 1 16 16 16 0 1 0 0 0 2 0 0 2 0 0 2 0 2 0 0 0 0 0 1 0 0 0 1 0 1 0 0 0 2 0 0 0 0 0 0 0 0 2 18 16 16 0 0 2 2 0 0 16 16 16 0 0 0 0 0 2 17 17 17 
1
1 0 0 0 0 0 0 0 1 
1 1 1 2 0 0 2 0 1 0 0 0 0 0 0 1 0 1 0 0 0 0 1 0 0 0 2 0 0 2 0 0 2 0 2 0 0 0 0 0 1 0 2 0 1 0 1 0 0 0 2 0 0 0 0 0 0 0 0 2 2 0 0 0 0 2 2 0 0 0 0 0 0 0 0 0 0 2 1 1 1 
17 17 17 2 0 0 2 0 1 16 16 16 0 0 0 1 0 1 16 16 16 0 1 0 0 0 2 0 0 2 0 0 2 0 2 0 0 0 0 0 1 0 2 0 1 0 1 0 0 0 2 0 0 0 0 0 0 0 0 2 18 16 16 0 0 2 2 0 0 16 16 16 0 0 0 0 0 2 17 17 17 
1
1 0 0 0 0 0 0 0 1 
1 1 1 2 0 0 2 0 1 0 0 0 0 0 0 1 0 1 0 0 0 0 1 0 0 0 2 0 0 2 0 0 2 0 2 0 1 0 0 0 1 0 2 0 1 0 1 0 0 0 2 0 0 0 0 0 0 0 0 2 2 0 0 0 0 2 2 0 0 0 0 0 0 0 0 0 0 2 1 1 1 
17 17 17 2 0 0 2 0 1 16 16 16 0 0 0 1 0 1 16 16 16 0 1 0 0 0 2 0 0 2 0 0 2 0 2 0 1 0 0 0 1 0 2 0 1 0 1 0 0 0 2 0 0 0 0 0 0 0 0 2 18 16 16 0 0 2 2 0 0 16 16 16 0 0 0 0 0 2 17 17 17 
1
1 0 0 0 0 0 0 0 1 
1 1 1 2 0 0 2 0 1 0 0 0 0 0 0 1 0 1 0 0 0 0 1 0 0 0 2 0 0 2 0 0 2 0 2 0 1 0 0 0 1 0 2 0 1 2 1 0 0 0 2 0 0 0 0 0 0 0 0 2 2 0 0 0 0 2 2 0 0 0 0 0 0 0 0 0 0 2 1 1 1 
17 17 17 2 0 0 2 0 1 16 16 16 0 0 0 1 0 1 16 16 16 0 1 0 0 0 2 0 0 2 0 0 2 0 2 0 1 0 0 0 1 0 2 0 1 2 1 0 0 0 2 0 0 0 0 0 0 0 0 2 18 16 16 0 0 2 2 0 0 16 16 16 0 0 0 0 0 2 17 17 17 
1
1 0 0 0 0 0 0 0 1 
1 1 1 2 0 0 2 0 1 0 0 0 0 0 0 1 0 1 0 0 0 0 1 0 0 0 2 0 0 2 0 0 2 0 2 0 1 0 0 0 1 0 2 0 1 2 1 0 0 0 2 0 0 0 0 0 0 0 0 2 2 0 0 1 0 2 2 0 0 0 0 0 0 0 0 0 0 2 1 1 1 
17 17 17 2 0 0 2 0 1 16 16 16 0 0 0 1 0 1 16 16 16 0 1 0 0 0 2 0 0 2 0 0 2 0 2 0 1 0 0 0 1 0 2 0 1 2 1 0 0 0 2 0 0 0 0 0 0 0 0 2 18 16 16 1 0 2 2 0 0 16 16 16 0 0 0 0 0 2 17 17 17 
1
1 0 0 0 0 0 0 0 1 
1 1 1 2 0 0 2 0 1 0 0 0 0 0 0 1 0 1 0 0 0 0 1 0 0 0 2 0 2 2 0 0 2 0 2 0 1 0 0 0 1 0 2 0 1 2 1 0 0 0 2 0 0 0 0 0 0 0 0 2 2 0 0 1 0 2 2 0 0 0 0 0 0 0 0 0 0 2 1 1 1 
17 17 17 2 0 0 2 0 1 16 16 16 0 0 0 1 0 1 16 16 16 0 1 0 0 0 2 0 2 2 0 0 2 0 2 0 1 0 0 0 1 0 2 0 1 2 1 0 0 0 2 0 0 0 0 0 0 0 0 2 18 16 16 1 0 2 2 0 0 16 16 16 0 0 0 0 0 2 17 17 17 
1
1 0 0 0 0 0 0 0 1 
1 1 1 2 0 0 2 0 1 0 0 0 1 0 0 1 0 1 0 0 0 0 1 0 0 0 2 0 2 2 0 0 2 0 2 0 1 0 0 0 1 0 2 0 1 2 1 0 0 0 2 0 0 0 0 0 0 0 0 2 2 0 0 1 0 2 2 0 0 0 0 0 0 0 0 0 0 2 1 1 1 
17 17 17 2 0 0 2 0 1 16 16 16 1 0 0 1 0 1 16 16 16 0 1 0 0 0 2 0 2 2 0 0 2 0 2 0 1 0 0 0 1 0 2 0 1 2 1 0 0 0 2 0 0 0 0 0 0 0 0 2 18 16 16 1 0 2 2 0 0 16 16 16 0 0 0 0 0 2 17 17 17 
1
1 0 0 0 0 0 0 0 1 
1 1 1 2 0 0 2 0 1 0 0 0 1 0 0 1 0 1 0 0 0 0 1 0 0 0 2 0 2 2 0 0 2 0 2 0 1 0 2 0 1 0 2 0 1 2 1 0 0 0 2 0 0 0 0 0 0 0 0 2 2 0 0 1 0 2 2 0 0 0 0 0 0 0 0 0 0 2 1 1 1 
17 17 17 2 0 0 2 0 1 16 16 16 1 0 0 1 0 1 16 16 16 0 1 0 0 0 2 0 2 2 0 0 2 0 2 0 1 0 2 0 1 0 2 0 1 2 1 0 0 0 2 0 0 0 0 0 0 0 0 2 18 16 16 1 0 2 2 0 0 16 16 16 0 0 0 0 0 2 17 17 17 
1
1 0 0 0 0 0 0 0 1 
1 1 1 2 0 0 2 0 1 0 0 0 1 0 0 1 0 1 0 0 0 0 1 0 0 0 2 0 2 2 0 0 2 0 2 0 1 0 2 0 1 0 2 0 1 2 1 0 0 0 2 0 1 0 0 0 0 0 0 2 2 0 0 1 0 2 2 0 0 0 0 0 0 0 0 0 0 2 1 1 1 
17 17 17 2 0 0 2 0 1 16 16 16 1 0 0 1 0 1 16 16 16 0 1 0 0 0 2 0 2 2 0 0 2 0 2 0 1 0 2 0 1 0 2 0 1 2 1 0 0 0 2 0 1 0 0 0 0 0 0 2 18 16 16 1 0 2 2 0 0 16 16 16 0 0 0 0 0 2 17 17 17 
1
1 0 0 0 0 0 0 0 1 
1 1 1 2 0 0 2 0 1 0 0 0 1 0 0 1 0 1 0 0 0 0 1 0 0 0 2 0 2 2 0 0 2 0 2 0 1 0 2 0 1 0 2 0 1 2 1 0 0 0 2 0 1 0 0 0 0 0 0 2 2 0 0 1 0 2 2 0 0 0 0 0 0 0 0 0 2 2 1 1 1 
17 17 17 2 0 0 2 0 1 16 16 16 1 0 0 1 0 1 16 16 16 0 1 0 0 0 2 0 2 2 0 0 2 0 2 0 1 0 2 0 1 0 2 0 1 2 1 0 0 0 2 0 1 0 0 0 0 0 0 2 18 16 16 1 0 2 2 0 0 16 16 16 0 0 0 0 2 2 17 17 17 
1
1 0 0 0 0 0 0 0 1 
1 1 1 2 0 0 2 0 1 0 0 0 1 0 0 1 0 1 0 0 0 0 1 0 0 0 2 0 2 2 0 0 2 0 2 0 1 0 2 0 1 0 2 0 1 2 1 0 0 0 2 0 1 0 0 0 0 0 0 2 2 0 0 1 0 2 2 0 0 0 0 0 0 0 0 1 2 2 1 1 1 
17 17 17 2 0 0 2 0 1 16 16 16 1 0 0 1 0 1 16 16 16 0 1 0 0 0 2 0 2 2 0 0 2 0 2 0 1 0 2 0 1 0 2 0 1 2 1 0 0 0 2 0 1 0 0 0 0 0 0 2 18 16 16 1 0 2 2 0 0 16 16 16 0 0 0 1 2 2 17 17 17 
1
1 0 0 0 0 0 0 0 1 
1 1 1 2 0 0 2 0 1 0 0 0 1 0 0 1 0 1 0 0 0 0 1 0 0 0 2 0 2 2 0 0 2 0 2 0 1 0 2 0 1 0 2 0 1 2 1 0 0 0 2 0 1 0 0 0 0 0 0 2 2 0 0 1 0 2 2 0 0 0 0 0 0 2 0 1 2 2 1 1 1 
17 17 17 2 0 0 2 0 1 16 16 16 1 0 0 1 0 1 16 16 16 0 1 0 0 0 2 0 2 2 0 0 2 0 2 0 1 0 2 0 1 0 2 0 1 2 1 0 0 0 2 0 1 0 0 0 0 0 0 2 18 16 16 1 0 2 2 0 0 16 16 16 0 2 0 1 2 2 17 17 17 
1
1 0 0 0 0 0 0 0 1 
1 1 1 2 0 0 2 0 1 0 0 0 1 0 0 1 0 1 0 0 0 0 1 0 0 0 2 0 2 2 0 0 2 0 2 0 1 0 2 0 1 0 2 0 1 2 1 0 0 0 2 0 1 0 0 0 0 0 0 2 2 0 0 1 0 2 2 0 1 0 0 0 0 2 0 1 2 2 1 1 1 
17 17 17 2 0 0 2 0 1 16 16 16 1 0 0 1 0 1 16 16 16 0 1 0 0 0 2 0 2 2 0 0 2 0 2 0 1 0 2 0 1 0 2 0 1 2 1 0 0 0 2 0 1 0 0 0 0 0 0 2 18 16 16 1 0 2 2 0 1 16 16 16 0 2 0 1 2 2 17 17 17 
1
1 0 0 0 0 0 0 0 1 
1 1 1 2 0 0 2 0 1 0 0 0 1 0 0 1 0 1 0 0 0 0 1 0 0 0 2 0 2 2 0 0 2 0 2 0 1 0 2 0 1 0 2 0 1 2 1 0 0 0 2 2 1 0 0 0 0 0 0 2 2 0 0 1 0 2 2 0 1 0 0 0 0 2 0 1 2 2 1 1 1 
17 17 17 2 0 0 2 0 1 16 16 16 1 0 0 1 0 1 16 16 16 0 1 0 0 0 2 0 2 2 0 0 2 0 2 0 1 0 2 0 1 0 2 0 1 2 1 0 0 0 2 2 1 0 0 0 0 0 0 2 18 16 16 1 0 2 2 0 1 16 16 16 0 2 0 1 2 2 17 17 17 
1
1 0 0 0 0 0 0 0 1 
1 1 1 2 0 0 2 0 1 0 0 0 1 0 0 1 0 1 0 0 0 0 1 0 0 0 2 0 2 2 0 0 2 0 2 0 1 0 2 0 1 0 2 0 1 2 1 0 0 0 2 2 1 0 0 0 0 0 0 2 2 0 0 1 0 2 2 0 1 0 0 0 1 2 0 1 2 2 1 1 1 
17 17 17 2 0 0 2 0 1 16 16 16 1 0 0 1 0 1 16 16 16 0 1 0 0 0 2 0 2 2 0 0 2 0 2 0 1 0 2 0 1 0 2 0 1 2 1 0 0 0 2 2 1 0 0 0 0 0 0 2 18 16 16 1 0 2 2 0 1 16 16 16 1 2 0 1 2 2 17 17 17 
1
1 0 0 0 0 0 0 0 1 
1 1 1 2 0 0 2 0 1 0 0 0 1 0 0 1 0 1 0 0 0 0 1 0 0 0 2 0 2 2 0 0 2 0 2 0 1 0 2 0 1 0 2 0 1 2 1 0 0 0 2 2 1 0 0 0 2 0 0 2 2 0 0 1 0 2 2 0 1 0 0 0 1 2 0 1 2 2 1 1 1 
17 17 17 2 0 0 2 0 1 16 16 16 1 0 0 1 0 1 16 16 16 0 1 0 0 0 2 0 2 2 0 0 2 0 2 0 1 0 2 0 1 0 2 0 1 2 1 0 0 0 2 2 1 0 0 0 2 0 0 2 18 16 16 1 0 2 2 0 1 16 16 16 1 2 0 1 2 2 17 17 17 
1
1 0 0 0 0 0 0 0 1 
1 1 1 2 0 0 2 0 1 0 0 0 1 0 0 1 0 1 0 0 0 0 1 0 1 0 2 0 2 2 0 0 2 0 2 0 1 0 2 0 1 0 2 0 1 2 1 0 0 0 2 2 1 0 0 0 2 0 0 2 2 0 0 1 0 2 2 0 1 0 0 0 1 2 0 1 2 2 1 1 1 
17 17 17 2 0 0 2 0 1 16 16 16 1 0 0 1 0 1 16 16 16 0 1 0 1 0 2 0 2 2 0 0 2 0 2 0 1 0 2 0 1 0 2 0 1 2 1 0 0 0 2 2 1 0 0 0 2 0 0 2 18 16 16 1 0 2 2 0 1 16 16 16 1 2 0 1 2 2 17 17 17 
1
1 0 0 0 0 0 0 0 1 
1 1 1 2 0 0 2 0 1 0 0 0 1 0 0 1 0 1 0 0 0 0 1 0 1 0 2 0 2 2 0 0 2 0 2 0 1 0 2 0 1 0 2 0 1 2 1 0 0 0 2 2 1 0 0 2 2 0 0 2 2 0 0 1 0 2 2 0 1 0 0 0 1 2 0 1 2 2 1 1 1 
17 17 17 2 0 0 2 0 1 16 16 16 1 0 0 1 0 1 16 16 16 0 1 0 1 0 2 0 2 2 0 0 2 0 2 0 1 0 2 0 1 0 2 0 1 2 1 0 0 0 2 2 1 0 0 2 2 0 0 2 18 16 16 1 0 2 2 0 1 16 16 16 1 2 0 1 2 2 17 17 17 
1
1 0 0 0 0 0 0 0 1 
1 1 1 2 0 0 2 0 1 0 0 0 1 0 1 1 0 1 0 0 0 0 1 0 1 0 2 0 2 2 0 0 2 0 2 0 1 0 2 0 1 0 2 0 1 2 1 0 0 0 2 2 1 0 0 2 2 0 0 2 2 0 0 1 0 2 2 0 1 0 0 0 1 2 0 1 2 2 1 1 1 
17 17 17 2 0 0 2 0 1 16 16 16 1 0 1 1 0 1 16 16 16 0 1 0 1 0 2 0 2 2 0 0 2 0 2 0 1 0 2 0 1 0 2 0 1 2 1 0 0 0 2 2 1 0 0 2 2 0 0 2 18 16 16 1 0 2 2 0 1 16 16 16 1 2 0 1 2 2 17 17 17 
1
1 0 0 0 0 0 0 0 1 
1 1 1 2 0 0 2 0 1 0 0 0 1 0 1 1 0 1 0 0 0 0 1 0 1 0 2 0 2 2 0 0 2 0 2 2 1 0 2 0 1 0 2 0 1 2 1 0 0 0 2 2 1 0 0 2 2 0 0 2 2 0 0 1 0 2 2 0 1 0 0 0 1 2 0 1 2 2 1 1 1 
17 17 17 2 0 0 2 0 1 16 16 16 1 0 1 1 0 1 16 16 16 0 1 0 1 0 2 0 2 2 0 0 2 0 2 2 1 0 2 0 1 0 2 0 1 2 1 0 0 0 2 2 1 0 0 2 2 0 0 2 18 16 16 1 0 2 2 0 1 16 16 16 1 2 0 1 2 2 17 17 17 
1
1 0 0 0 0 0 0 0 1 
1 1 1 2 0 0 2 0 1 0 0 0 1 0 1 1 0 1 0 0 0 0 1 0 1 1 2 0 2 2 0 0 2 0 2 2 1 0 2 0 1 0 2 0 1 2 1 0 0 0 2 2 1 0 0 2 2 0 0 2 2 0 0 1 0 2 2 0 1 0 0 0 1 2 0 1 2 2 1 1 1 
17 17 17 2 0 0 2 0 1 16 16 16 1 0 1 1 0 1 16 16 16 0 1 0 1 1 2 0 2 2 0 0 2 0 2 2 1 0 2 0 1 0 2 0 1 2 1 0 0 0 2 2 1 0 0 2 2 0 0 2 18 16 16 1 0 2 2 0 1 16 16 16 1 2 0 1 2 2 17 17 17 
1
1 0 0 0 0 0 0 0 1 
1 1 1 2 0 0 2 0 1 0 0 0 1 0 1 1 0 1 0 0 0 0 1 0 1 1 2 0 2 2 0 0 2 0 2 2 1 0 2 0 1 0 2 0 1 2 1 0 0 0 2 2 1 0 0 2 2 0 2 2 2 0 0 1 0 2 2 0 1 0 0 0 1 2 0 1 2 2 1 1 1 
17 17 17 2 0 0 2 0 1 16 16 16 1 0 1 1 0 1 16 16 16 0 1 0 1 1 2 0 2 2 0 0 2 0 2 2 1 0 2 0 1 0 2 0 1 2 1 0 0 0 2 2 1 0 0 2 2 0 2 2 18 16 16 1 0 2 2 0 1 16 16 16 1 2 0 1 2 2 17 17 17 
1
1 0 0 0 0 0 0 0 1 
1 1 1 2 0 1 2 0 1 0 0 0 1 0 1 1 0 1 0 0 0 0 1 0 1 1 2 0 2 2 0 0 2 0 2 2 1 0 2 0 1 0 2 0 1 2 1 0 0 0 2 2 1 0 0 2 2 0 2 2 2 0 0 1 0 2 2 0 1 0 0 0 1 2 0 1 2 2 1 1 1 
17 17 17 2 0 1 2 0 1 16 16 16 1 0 1 1 0 1 16 16 16 0 1 0 1 1 2 0 2 2 0 0 2 0 2 2 1 0 2 0 1 0 2 0 1 2 1 0 0 0 2 2 1 0 0 2 2 0 2 2 18 16 16 1 0 2 2 0 1 16 16 16 1 2 0 1 2 2 17 17 17 
1
1 0 0 0 0 0 0 0 1 
1 1 1 2 0 1 2 2 1 0 0 0 1 0 1 1 0 1 0 0 0 0 1 0 1 1 2 0 2 2 0 0 2 0 2 2 1 0 2 0 1 0 2 0 1 2 1 0 0 0 2 2 1 0 0 2 2 0 2 2 2 0 0 1 0 2 2 0 1 0 0 0 1 2 0 1 2 2 1 1 1 
17 17 17 2 0 1 2 2 1 16 16 16 1 0 1 1 0 1 16 16 16 0 1 0 1 1 2 0 2 2 0 0 2 0 2 2 1 0 2 0 1 0 2 0 1 2 1 0 0 0 2 2 1 0 0 2 2 0 2 2 18 16 16 1 0 2 2 0 1 16 16 16 1 2 0 1 2 2 17 17 17 
1
1 0 0 0 0 0 0 0 1 
1 1 1 2 0 1 2 2 1 0 0 0 1 0 1 1 0 1 0 0 0 1 1 0 1 1 2 0 2 2 0 0 2 0 2 2 1 0 2 0 1 0 2 0 1 2 1 0 0 0 2 2 1 0 0 2 2 0 2 2 2 0 0 1 0 2 2 0 1 0 0 0 1 2 0 1 2 2 1 1 1 
17 17 17 2 0 1 2 2 1 16 16 16 1 0 1 1 0 1 16 16 16 1 1 0 1 1 2 0 2 2 0 0 2 0 2 2 1 0 2 0 1 0 2 0 1 2 1 0 0 0 2 2 1 0 0 2 2 0 2 2 18 16 16 1 0 2 2 0 1 16 16 16 1 2 0 1 2 2 17 17 17 
1
1 0 0 0 0 0 2 0 1 
1 1 1 2 0 1 2 2 1 0 0 0 1 0 1 1 0 1 0 0 0 1 1 0 1 1 2 0 2 2 0 0 2 0 2 2 1 0 2 0 1 0 2 0 1 2 1 0 0 0 2 2 1 0 0 2 2 0 2 2 2 0 0 1 2 2 2 0 1 0 0 0 1 2 0 1 2 2 1 1 1 
17 17 17 2 0 1 2 2 1 16 16 16 1 0 1 1 0 1 16 16 16 1 1 0 1 1 2 0 2 2 0 0 2 0 2 2 1 0 2 0 1 0 2 0 1 2 1 0 0 0 2 2 1 0 32 34 34 0 2 2 18 16 16 33 34 34 2 0 1 16 16 16 33 34 32 1 2 2 17 17 17 
1
1 0 0 0 0 0 2 0 1 
1 1 1 2 0 1 2 2 1 0 0 0 1 0 1 1 0 1 0 0 0 1 1 0 1 1 2 0 2 2 0 0 2 0 2 2 1 0 2 0 1 1 2 0 1 2 1 0 0 0 2 2 1 0 0 2 2 0 2 2 2 0 0 1 2 2 2 0 1 0 0 0 1 2 0 1 2 2 1 1 1 
17 17 17 2 0 1 2 2 1 16 16 16 1 0 1 1 0 1 16 16 16 1 1 0 1 1 2 0 2 2 0 0 2 0 2 2 1 0 2 0 1 1 2 0 1 2 1 0 0 0 2 2 1 0 32 34 34 0 2 2 18 16 16 33 34 34 2 0 1 16 16 16 33 34 32 1 2 2 17 17 17 
1
1 0 0 0 0 2 2 0 1 
1 1 1 2 0 1 2 2 1 0 0 0 1 0 1 1 0 1 0 0 0 1 1 0 1 1 2 0 2 2 0 0 2 0 2 2 1 0 2 0 1 1 2 2 1 2 1 0 0 0 2 2 1 0 0 2 2 0 2 2 2 0 0 1 2 2 2 0 1 0 0 0 1 2 0 1 2 2 1 1 1 
17 17 17 2 0 1 2 2 1 16 16 16 1 0 1 1 0 1 16 16 16 1 1 0 1 1 2 0 2 2 0 0 2 32 34 34 1 0 2 0 1 1 34 34 33 2 1 0 0 0 2 34 33 32 32 34 34 0 2 2 18 16 16 33 34 34 2 0 1 16 16 16 33 34 32 1 2 2 17 17 17 
1
1 0 0 0 1 2 2 0 1 
1 1 1 2 0 1 2 2 1 0 0 0 1 0 1 1 0 1 0 0 0 1 1 0 1 1 2 0 2 2 0 0 2 0 2 2 1 0 2 1 1 1 2 2 1 2 1 0 0 0 2 2 1 0 0 2 2 0 2 2 2 0 0 1 2 2 2 0 1 0 0 0 1 2 0 1 2 2 1 1 1 
17 17 17 2 0 1 2 2 1 16 16 16 1 0 1 1 0 1 16 16 16 1 1 0 1 1 2 0 2 2 16 16 18 32 34 34 1 0 2 17 17 17 34 34 33 2 1 0 16 16 18 34 33 32 32 34 34 0 2 2 18 16 16 33 34 34 2 0 1 16 16 16 33 34 32 1 2 2 17 17 17 
1
1 0 0 0 1 2 2 0 1 
1 1 1 2 0 1 2 2 1 0 0 0 1 0 1 1 0 1 0 0 0 1 1 0 1 1 2 0 2 2 0 0 2 0 2 2 1 0 2 1 1 1 2 2 1 2 1 0 0 0 2 2 1 0 0 2 2 0 2 2 2 0 0 1 2 2 2 0 1 0 0 0 1 2 0 1 2 2 1 1 1 
17 17 17 2 0 1 2 2 1 16 16 16 1 0 1 1 0 1 16 16 16 1 1 0 1 1 2 0 2 2 16 16 18 32 34 34 1 0 2 17 17 17 34 34 33 2 1 0 16 16 18 34 33 32 32 34 34 0 2 2 18 16 16 33 34 34 2 0 1 16 16 16 33 34 32 1 2 2 17 17 17 
1
