0 0 0 0 0 0 0 0 0 
0 0 0 0 0 0 0 0 0 0 0 0 0 0 0 0 0 0 0 0 0 0 0 0 0 0 0 0 0 0 0 0 0 0 0 0 0 0 0 0 0 0 0 0 0 0 0 0 0 0 1 0 0 0 0 0 0 0 0 0 0 0 0 0 0 0 0 0 0 0 0 0 0 0 0 0 0 0 0 0 0 
0 0 0 0 0 0 0 0 0 0 0 0 0 0 0 0 0 0 0 0 0 0 0 0 0 0 0 0 0 0 0 0 0 0 0 0 0 0 0 0 0 0 0 0 0 0 0 0 0 0 1 0 0 0 0 0 0 0 0 0 0 0 0 0 0 0 0 0 0 0 0 0 0 0 0 0 0 0 0 0 0 
1
0 0 0 0 0 0 0 0 0 
0 0 0 0 0 0 0 0 0 0 0 0 0 0 0 0 0 0 0 0 0 0 0 0 0 0 0 0 0 0 0 0 0 0 0 0 0 0 0 0 0 0 0 0 0 0 0 0 0 0 1 0 0 0 0 0 0 0 0 0 0 0 0 0 0 0 0 0 0 0 0 0 0 0 0 0 0 0 2 0 0 
0 0 0 0 0 0 0 0 0 0 0 0 0 0 0 0 0 0 0 0 0 0 0 0 0 0 0 0 0 0 0 0 0 0 0 0 0 0 0 0 0 0 0 0 0 0 0 0 0 0 1 0 0 0 0 0 0 0 0 0 0 0 0 0 0 0 0 0 0 0 0 0 0 0 0 0 0 0 2 0 0 
1
0 0 0 0 0 0 0 0 0 
0 0 0 0 0 0 0 0 0 0 0 0 0 0 0 0 0 0 0 0 0 0 0 0 0 0 0 0 0 0 0 0 0 0 0 0 0 0 0 0 0 0 0 0 0 0 0 0 0 0 1 0 0 0 0 0 0 0 0 0 0 0 0 0 0 0 0 0 0 0 0 0 0 1 0 0 0 0 2 0 0 
0 0 0 0 0 0 0 0 0 0 0 0 0 0 0 0 0 0 0 0 0 0 0 0 0 0 0 0 0 0 0 0 0 0 0 0 0 0 0 0 0 0 0 0 0 0 0 0 0 0 1 0 0 0 0 0 0 0 0 0 0 0 0 0 0 0 0 0 0 0 0 0 0 1 0 0 0 0 2 0 0 
1
0 0 0 0 0 0 0 0 0 
0 0 0 0 0 0 0 0 0 0 0 0 0 0 0 0 0 0 0 0 0 0 0 0 0 0 0 0 0 0 0 0 0 0 0 0 0 0 0 0 0 0 0 0 0 0 0 0 0 0 1 0 0 0 0 0 0 0 0 0 0 0 0 0 0 0 0 0 2 0 0 0 0 1 0 0 0 0 2 0 0 
0 0 0 0 0 0 0 0 0 0 0 0 0 0 0 0 0 0 0 0 0 0 0 0 0 0 0 0 0 0 0 0 0 0 0 0 0 0 0 0 0 0 0 0 0 0 0 0 0 0 1 0 0 0 0 0 0 0 0 0 0 0 0 0 0 0 0 0 2 0 0 0 0 1 0 0 0 0 2 0 0 
1
0 0 0 0 0 0 0 0 0 
0 0 0 0 0 0 0 0 0 0 0 0 0 0 0 0 0 0 0 0 0 0 0 0 0 0 0 0 0 0 0 0 0 0 0 0 0 0 0 0 0 0 1 0 0 0 0 0 0 0 1 0 0 0 0 0 0 0 0 0 0 0 0 0 0 0 0 0 2 0 0 0 0 1 0 0 0 0 2 0 0 
0 0 0 0 0 0 0 0 0 0 0 0 0 0 0 0 0 0 0 0 0 0 0 0 0 0 0 0 0 0 0 0 0 0 0 0 0 0 0 0 0 0 1 0 0 0 0 0 0 0 1 0 0 0 0 0 0 0 0 0 0 0 0 0 0 0 0 0 2 0 0 0 0 1 0 0 0 0 2 0 0 
1
0 0 0 0 0 0 0 0 0 
0 0 0 0 0 0 0 0 0 0 0 0 0 0 0 0 0 0 0 0 0 0 0 0 0 0 0 0 0 0 0 0 0 0 0 0 0 0 2 0 0 0 1 0 0 0 0 0 0 0 1 0 0 0 0 0 0 0 0 0 0 0 0 0 0 0 0 0 2 0 0 0 0 1 0 0 0 0 2 0 0 
0 0 0 0 0 0 0 0 0 0 0 0 0 0 0 0 0 0 0 0 0 0 0 0 0 0 0 0 0 0 0 0 0 0 0 0 0 0 2 0 0 0 1 0 0 0 0 0 0 0 1 0 0 0 0 0 0 0 0 0 0 0 0 0 0 0 0 0 2 0 0 0 0 1 0 0 0 0 2 0 0 
1
0 0 0 0 0 0 0 0 0 
0 0 0 0 0 0 0 0 0 0 0 0 0 0 0 0 0 0 0 0 0 0 0 0 0 0 0 0 0 0 0 0 0 0 0 0 0 0 2 0 0 0 1 0 1 0 0 0 0 0 1 0 0 0 0 0 0 0 0 0 0 0 0 0 0 0 0 0 2 0 0 0 0 1 0 0 0 0 2 0 0 
0 0 0 0 0 0 0 0 0 0 0 0 0 0 0 0 0 0 0 0 0 0 0 0 0 0 0 0 0 0 0 0 0 0 0 0 0 0 2 0 0 0 1 0 1 0 0 0 0 0 1 0 0 0 0 0 0 0 0 0 0 0 0 0 0 0 0 0 2 0 0 0 0 1 0 0 0 0 2 0 0 
1
0 0 0 0 0 0 0 0 0 
0 0 0 0 0 0 0 0 0 0 0 0 0 0 0 0 0 0 0 0 0 0 0 0 0 0 0 0 0 0 0 0 0 0 0 0 0 0 2 0 0 0 1 2 1 0 0 0 0 0 1 0 0 0 0 0 0 0 0 0 0 0 0 0 0 0 0 0 2 0 0 0 0 1 0 0 0 0 2 0 0 
0 0 0 0 0 0 0 0 0 0 0 0 0 0 0 0 0 0 0 0 0 0 0 0 0 0 0 0 0 0 0 0 0 0 0 0 0 0 2 0 0 0 1 2 1 0 0 0 0 0 1 0 0 0 0 0 0 0 0 0 0 0 0 0 0 0 0 0 2 0 0 0 0 1 0 0 0 0 2 0 0 
1
0 0 0 0 0 0 0 0 0 
0 0 0 0 0 0 0 0 0 0 0 0 0 0 0 0 0 0 0 0 0 0 0 0 0 0 0 0 0 0 0 0 0 0 0 0 0 0 2 0 0 0 1 2 1 0 0 0 1 0 1 0 0 0 0 0 0 0 0 0 0 0 0 0 0 0 0 0 2 0 0 0 0 1 0 0 0 0 2 0 0 
0 0 0 0 0 0 0 0 0 0 0 0 0 0 0 0 0 0 0 0 0 0 0 0 0 0 0 0 0 0 0 0 0 0 0 0 0 0 2 0 0 0 1 2 1 0 0 0 1 0 1 0 0 0 0 0 0 0 0 0 0 0 0 0 0 0 0 0 2 0 0 0 0 1 0 0 0 0 2 0 0 
1
0 0 0 0 0 0 0 0 0 
0 0 0 0 0 0 0 0 0 0 0 0 0 0 0 0 0 0 0 0 0 0 0 0 0 0 0 0 0 0 0 0 0 0 0 0 0 0 2 0 0 0 1 2 1 0 0 0 1 0 1 0 0 0 0 0 2 0 0 0 0 0 0 0 0 0 0 0 2 0 0 0 0 1 0 0 0 0 2 0 0 
0 0 0 0 0 0 0 0 0 0 0 0 0 0 0 0 0 0 0 0 0 0 0 0 0 0 0 0 0 0 0 0 0 0 0 0 0 0 2 0 0 0 1 2 1 0 0 0 1 0 1 0 0 0 0 0 2 0 0 0 0 0 0 0 0 0 0 0 2 0 0 0 0 1 0 0 0 0 2 0 0 
1
0 0 0 0 0 0 0 0 0 
0 0 0 0 0 0 0 1 0 0 0 0 0 0 0 0 0 0 0 0 0 0 0 0 0 0 0 0 0 0 0 0 0 0 0 0 0 0 2 0 0 0 1 2 1 0 0 0 1 0 1 0 0 0 0 0 2 0 0 0 0 0 0 0 0 0 0 0 2 0 0 0 0 1 0 0 0 0 2 0 0 
0 0 0 0 0 0 0 1 0 0 0 0 0 0 0 0 0 0 0 0 0 0 0 0 0 0 0 0 0 0 0 0 0 0 0 0 0 0 2 0 0 0 1 2 1 0 0 0 1 0 1 0 0 0 0 0 2 0 0 0 0 0 0 0 0 0 0 0 2 0 0 0 0 1 0 0 0 0 2 0 0 
1
0 0 0 0 0 0 0 0 0 
0 0 0 0 2 0 0 1 0 0 0 0 0 0 0 0 0 0 0 0 0 0 0 0 0 0 0 0 0 0 0 0 0 0 0 0 0 0 2 0 0 0 1 2 1 0 0 0 1 0 1 0 0 0 0 0 2 0 0 0 0 0 0 0 0 0 0 0 2 0 0 0 0 1 0 0 0 0 2 0 0 
0 0 0 0 2 0 0 1 0 0 0 0 0 0 0 0 0 0 0 0 0 0 0 0 0 0 0 0 0 0 0 0 0 0 0 0 0 0 2 0 0 0 1 2 1 0 0 0 1 0 1 0 0 0 0 0 2 0 0 0 0 0 0 0 0 0 0 0 2 0 0 0 0 1 0 0 0 0 2 0 0 
1
0 0 0 0 0 0 0 0 0 
0 0 0 1 2 0 0 1 0 0 0 0 0 0 0 0 0 0 0 0 0 0 0 0 0 0 0 0 0 0 0 0 0 0 0 0 0 0 2 0 0 0 1 2 1 0 0 0 1 0 1 0 0 0 0 0 2 0 0 0 0 0 0 0 0 0 0 0 2 0 0 0 0 1 0 0 0 0 2 0 0 
0 0 0 1 2 0 0 1 0 0 0 0 0 0 0 0 0 0 0 0 0 0 0 0 0 0 0 0 0 0 0 0 0 0 0 0 0 0 2 0 0 0 1 2 1 0 0 0 1 0 1 0 0 0 0 0 2 0 0 0 0 0 0 0 0 0 0 0 2 0 0 0 0 1 0 0 0 0 2 0 0 
1
0 0 0 0 0 0 0 0 0 
0 0 0 1 2 0 0 1 0 0 0 2 0 0 0 0 0 0 0 0 0 0 0 0 0 0 0 0 0 0 0 0 0 0 0 0 0 0 2 0 0 0 1 2 1 0 0 0 1 0 1 0 0 0 0 0 2 0 0 0 0 0 0 0 0 0 0 0 2 0 0 0 0 1 0 0 0 0 2 0 0 
0 0 0 1 2 0 0 1 0 0 0 2 0 0 0 0 0 0 0 0 0 0 0 0 0 0 0 0 0 0 0 0 0 0 0 0 0 0 2 0 0 0 1 2 1 0 0 0 1 0 1 0 0 0 0 0 2 0 0 0 0 0 0 0 0 0 0 0 2 0 0 0 0 1 0 0 0 0 2 0 0 
1
0 0 0 0 0 0 0 0 0 
0 0 0 1 2 0 0 1 0 0 0 2 0 0 0 0 0 0 0 0 0 0 0 0 0 0 0 0 0 0 0 0 0 1 0 0 0 0 2 0 0 0 1 2 1 0 0 0 1 0 1 0 0 0 0 0 2 0 0 0 0 0 0 0 0 0 0 0 2 0 0 0 0 1 0 0 0 0 2 0 0 
0 0 0 1 2 0 0 1 0 0 0 2 0 0 0 0 0 0 0 0 0 0 0 0 0 0 0 0 0 0 0 0 0 1 0 0 0 0 2 0 0 0 1 2 1 0 0 0 1 0 1 0 0 0 0 0 2 0 0 0 0 0 0 0 0 0 0 0 2 0 0 0 0 1 0 0 0 0 2 0 0 
1
0 0 0 0 0 0 0 0 0 
0 0 2 1 2 0 0 1 0 0 0 2 0 0 0 0 0 0 0 0 0 0 0 0 0 0 0 0 0 0 0 0 0 1 0 0 0 0 2 0 0 0 1 2 1 0 0 0 1 0 1 0 0 0 0 0 2 0 0 0 0 0 0 0 0 0 0 0 2 0 0 0 0 1 0 0 0 0 2 0 0 
0 0 2 1 2 0 0 1 0 0 0 2 0 0 0 0 0 0 0 0 0 0 0 0 0 0 0 0 0 0 0 0 0 1 0 0 0 0 2 0 0 0 1 2 1 0 0 0 1 0 1 0 0 0 0 0 2 0 0 0 0 0 0 0 0 0 0 0 2 0 0 0 0 1 0 0 0 0 2 0 0 
1
0 0 0 0 0 0 0 0 0 
0 0 2 1 2 0 1 1 0 0 0 2 0 0 0 0 0 0 0 0 0 0 0 0 0 0 0 0 0 0 0 0 0 1 0 0 0 0 2 0 0 0 1 2 1 0 0 0 1 0 1 0 0 0 0 0 2 0 0 0 0 0 0 0 0 0 0 0 2 0 0 0 0 1 0 0 0 0 2 0 0 
0 0 2 1 2 0 1 1 0 0 0 2 0 0 0 0 0 0 0 0 0 0 0 0 0 0 0 0 0 0 0 0 0 1 0 0 0 0 2 0 0 0 1 2 1 0 0 0 1 0 1 0 0 0 0 0 2 0 0 0 0 0 0 0 0 0 0 0 2 0 0 0 0 1 0 0 0 0 2 0 0 
1
2 0 0 0 0 0 0 0 0 
0 0 2 1 2 0 1 1 0 0 0 2 0 0 0 0 0 0 0 0 2 0 0 0 0 0 0 0 0 0 0 0 0 1 0 0 0 0 2 0 0 0 1 2 1 0 0 0 1 0 1 0 0 0 0 0 2 0 0 0 0 0 0 0 0 0 0 0 2 0 0 0 0 1 0 0 0 0 2 0 0 
32 32 34 1 2 0 1 1 0 32 32 34 0 0 0 0 0 0 32 32 34 0 0 0 0 0 0 0 0 0 0 0 0 1 0 0 0 0 2 0 0 0 1 2 1 0 0 0 1 0 1 0 0 0 0 0 2 0 0 0 0 0 0 0 0 0 0 0 2 0 0 0 0 1 0 0 0 0 2 0 0 
1
2 0 0 0 0 0 0 0 0 
0 0 2 1 2 0 1 1 0 0 0 2 0 0 0 0 0 0 0 0 2 0 0 0 0 0 0 0 0 0 0 0 0 1 0 0 0 0 2 0 0 0 1 2 1 0 0 0 1 0 1 0 0 0 0 0 2 0 0 0 0 1 0 0 0 0 0 0 2 0 0 0 0 1 0 0 0 0 2 0 0 
32 32 34 1 2 0 1 1 0 32 32 34 0 0 0 0 0 0 32 32 34 0 0 0 0 0 0 0 0 0 0 0 0 1 0 0 0 0 2 0 0 0 1 2 1 0 0 0 1 0 1 0 0 0 0 0 2 0 0 0 0 1 0 0 0 0 0 0 2 0 0 0 0 1 0 0 0 0 2 0 0 
1
2 0 0 0 0 0 0 0 0 
0 0 2 1 2 0 1 1 0 0 0 2 2 0 0 0 0 0 0 0 2 0 0 0 0 0 0 0 0 0 0 0 0 1 0 0 0 0 2 0 0 0 1 2 1 0 0 0 1 0 1 0 0 0 0 0 2 0 0 0 0 1 0 0 0 0 0 0 2 0 0 0 0 1 0 0 0 0 2 0 0 
32 32 34 1 2 0 1 1 0 32 32 34 2 0 0 0 0 0 32 32 34 0 0 0 0 0 0 0 0 0 0 0 0 1 0 0 0 0 2 0 0 0 1 2 1 0 0 0 1 0 1 0 0 0 0 0 2 0 0 0 0 1 0 0 0 0 0 0 2 0 0 0 0 1 0 0 0 0 2 0 0 
1
2 0 0 0 0 0 0 0 0 
0 0 2 1 2 0 1 1 0 0 0 2 2 0 0 0 0 0 0 0 2 0 0 0 0 0 0 0 0 0 0 0 0 1 0 0 0 0 2 0 0 0 1 2 1 0 1 0 1 0 1 0 0 0 0 0 2 0 0 0 0 1 0 0 0 0 0 0 2 0 0 0 0 1 0 0 0 0 2 0 0 
32 32 34 1 2 0 1 1 0 32 32 34 2 0 0 0 0 0 32 32 34 0 0 0 0 0 0 0 0 0 0 0 0 1 0 0 0 0 2 0 0 0 1 2 1 0 1 0 1 0 1 0 0 0 0 0 2 0 0 0 0 1 0 0 0 0 0 0 2 0 0 0 0 1 0 0 0 0 2 0 0 
1
2 0 0 0 0 0 0 0 0 
0 0 2 1 2 0 1 1 0 0 0 2 2 0 0 0 0 0 0 0 2 0 0 0 0 0 0 0 0 0 0 0 0 1 0 0 0 0 2 0 0 0 1 2 1 0 1 0 1 0 1 0 0 0 0 0 2 0 2 0 0 1 0 0 0 0 0 0 2 0 0 0 0 1 0 0 0 0 2 0 0 
32 32 34 1 2 0 1 1 0 32 32 34 2 0 0 0 0 0 32 32 34 0 0 0 0 0 0 0 0 0 0 0 0 1 0 0 0 0 2 0 0 0 1 2 1 0 1 0 1 0 1 0 0 0 0 0 2 0 2 0 0 1 0 0 0 0 0 0 2 0 0 0 0 1 0 0 0 0 2 0 0 
1
2 0 0 0 0 0 0 0 0 
0 0 2 1 2 0 1 1 0 0 0 2 2 0 0 0 0 0 0 0 2 0 1 0 0 0 0 0 0 0 0 0 0 1 0 0 0 0 2 0 0 0 1 2 1 0 1 0 1 0 1 0 0 0 0 0 2 0 2 0 0 1 0 0 0 0 0 0 2 0 0 0 0 1 0 0 0 0 2 0 0 
32 32 34 1 2 0 1 1 0 32 32 34 2 0 0 0 0 0 32 32 34 0 1 0 0 0 0 0 0 0 0 0 0 1 0 0 0 0 2 0 0 0 1 2 1 0 1 0 1 0 1 0 0 0 0 0 2 0 2 0 0 1 0 0 0 0 0 0 2 0 0 0 0 1 0 0 0 0 2 0 0 
1
2 0 0 0 0 0 0 0 0 
0 0 2 1 2 0 1 1 0 0 0 2 2 0 0 0 0 0 0 0 2 0 1 0 0 0 0 0 0 0 0 0 0 1 0 0 0 0 2 0 0 0 1 2 1 0 1 0 1 0 1 0 0 0 0 0 2 0 2 2 0 1 0 0 0 0 0 0 2 0 0 0 0 1 0 0 0 0 2 0 0 
32 32 34 1 2 0 1 1 0 32 32 34 2 0 0 0 0 0 32 32 34 0 1 0 0 0 0 0 0 0 0 0 0 1 0 0 0 0 2 0 0 0 1 2 1 0 1 0 1 0 1 0 0 0 0 0 2 0 2 2 0 1 0 0 0 0 0 0 2 0 0 0 0 1 0 0 0 0 2 0 0 
1
2 0 0 0 0 0 0 0 0 
0 0 2 1 2 0 1 1 0 0 0 2 2 0 0 0 0 0 0 0 2 0 1 0 0 1 0 0 0 0 0 0 0 1 0 0 0 0 2 0 0 0 1 2 1 0 1 0 1 0 1 0 0 0 0 0 2 0 2 2 0 1 0 0 0 0 0 0 2 0 0 0 0 1 0 0 0 0 2 0 0 
32 32 34 1 2 0 1 1 0 32 32 34 2 0 0 0 0 0 32 32 34 0 1 0 0 1 0 0 0 0 0 0 0 1 0 0 0 0 2 0 0 0 1 2 1 0 1 0 1 0 1 0 0 0 0 0 2 0 2 2 0 1 0 0 0 0 0 0 2 0 0 0 0 1 0 0 0 0 2 0 0 
1
2 0 0 0 0 0 0 0 0 
0 0 2 1 2 0 1 1 0 0 0 2 2 0 0 0 0 0 0 0 2 0 1 0 0 1 0 0 0 0 0 0 0 1 0 0 0 0 2 0 0 0 1 2 1 0 1 0 1 0 1 0 0 0 0 0 2 0 2 2 0 1 0 0 0 0 0 0 2 0 0 0 0 1 0 0 2 0 2 0 0 
32 32 34 1 2 0 1 1 0 32 32 34 2 0 0 0 0 0 32 32 34 0 1 0 0 1 0 0 0 0 0 0 0 1 0 0 0 0 2 0 0 0 1 2 1 0 1 0 1 0 1 0 0 0 0 0 2 0 2 2 0 1 0 0 0 0 0 0 2 0 0 0 0 1 0 0 2 0 2 0 0 
1
2 0 0 0 0 0 0 0 0 
0 0 2 1 2 0 1 1 0 0 0 2 2 0 0 0 0 0 0 0 2 0 1 0 0 1 0 0 0 0 0 0 0 1 0 0 0 0 2 0 0 0 1 2 1 0 1 0 1 0 1 0 0 0 0 0 2 0 2 2 0 1 0 0 0 0 0 0 2 0 0 0 0 1 0 0 2 1 2 0 0 
32 32 34 1 2 0 1 1 0 32 32 34 2 0 0 0 0 0 32 32 34 0 1 0 0 1 0 0 0 0 0 0 0 1 0 0 0 0 2 0 0 0 1 2 1 0 1 0 1 0 1 0 0 0 0 0 2 0 2 2 0 1 0 0 0 0 0 0 2 0 0 0 0 1 0 0 2 1 2 0 0 
1
2 0 0 0 0 0 0 0 0 
0 0 2 1 2 0 1 1 0 0 0 2 2 0 0 0 0 0 0 0 2 0 1 0 0 1 0 0 0 0 0 0 0 1 0 0 0 0 2 0 0 0 1 2 1 0 1 0 1 0 1 0 0 0 0 0 2 0 2 2 0 1 2 0 0 0 0 0 2 0 0 0 0 1 0 0 2 1 2 0 0 
32 32 34 1 2 0 1 1 0 32 32 34 2 0 0 0 0 0 32 32 34 0 1 0 0 1 0 0 0 0 0 0 0 1 0 0 0 0 2 0 0 0 1 2 1 0 1 0 1 0 1 0 0 0 0 0 2 0 2 2 0 1 2 0 0 0 0 0 2 0 0 0 0 1 0 0 2 1 2 0 0 
1
2 0 1 0 0 0 0 0 0 
0 0 2 1 2 0 1 1 1 0 0 2 2 0 0 0 0 0 0 0 2 0 1 0 0 1 0 0 0 0 0 0 0 1 0 0 0 0 2 0 0 0 1 2 1 0 1 0 1 0 1 0 0 0 0 0 2 0 2 2 0 1 2 0 0 0 0 0 2 0 0 0 0 1 0 0 2 1 2 0 0 
32 32 34 1 2 0 17 17 17 32 32 34 2 0 0 16 16 16 32 32 34 0 1 0 16 17 16 0 0 0 0 0 0 1 0 0 0 0 2 0 0 0 1 2 1 0 1 0 1 0 1 0 0 0 0 0 2 0 2 2 0 1 2 0 0 0 0 0 2 0 0 0 0 1 0 0 2 1 2 0 0 
1
2 0 1 0 0 0 0 0 0 
0 0 2 1 2 0 1 1 1 0 0 2 2 0 0 0 0 0 0 0 2 0 1 0 0 1 0 0 0 0 0 0 0 1 0 0 0 0 2 0 0 0 1 2 1 0 1 0 1 2 1 0 0 0 0 0 2 0 2 2 0 1 2 0 0 0 0 0 2 0 0 0 0 1 0 0 2 1 2 0 0 
32 32 34 1 2 0 17 17 17 32 32 34 2 0 0 16 16 16 32 32 34 0 1 0 16 17 16 0 0 0 0 0 0 1 0 0 0 0 2 0 0 0 1 2 1 0 1 0 1 2 1 0 0 0 0 0 2 0 2 2 0 1 2 0 0 0 0 0 2 0 0 0 0 1 0 0 2 1 2 0 0 
1
2 0 1 0 0 0 0 0 0 
0 0 2 1 2 0 1 1 1 0 0 2 2 0 0 0 0 0 0 0 2 0 1 0 0 1 0 0 0 0 0 0 0 1 0 0 0 0 2 0 0 0 1 2 1 0 1 0 1 2 1 0 0 0 0 0 2 0 2 2 0 1 2 0 0 0 1 0 2 0 0 0 0 1 0 0 2 1 2 0 0 
32 32 34 1 2 0 17 17 17 32 32 34 2 0 0 16 16 16 32 32 34 0 1 0 16 17 16 0 0 0 0 0 0 1 0 0 0 0 2 0 0 0 1 2 1 0 1 0 1 2 1 0 0 0 0 0 2 0 2 2 0 1 2 0 0 0 1 0 2 0 0 0 0 1 0 0 2 1 2 0 0 
1
2 0 1 0 0 0 0 0 0 
0 0 2 1 2 0 1 1 1 0 0 2 2 0 0 0 0 0 0 0 2 0 1 0 0 1 0 0 2 0 0 0 0 1 0 0 0 0 2 0 0 0 1 2 1 0 1 0 1 2 1 0 0 0 0 0 2 0 2 2 0 1 2 0 0 0 1 0 2 0 0 0 0 1 0 0 2 1 2 0 0 
32 32 34 1 2 0 17 17 17 32 32 34 2 0 0 16 16 16 32 32 34 0 1 0 16 17 16 0 2 0 0 0 0 1 0 0 0 0 2 0 0 0 1 2 1 0 1 0 1 2 1 0 0 0 0 0 2 0 2 2 0 1 2 0 0 0 1 0 2 0 0 0 0 1 0 0 2 1 2 0 0 
1
2 0 1 0 0 0 0 0 0 
0 0 2 1 2 0 1 1 1 0 0 2 2 0 1 0 0 0 0 0 2 0 1 0 0 1 0 0 2 0 0 0 0 1 0 0 0 0 2 0 0 0 1 2 1 0 1 0 1 2 1 0 0 0 0 0 2 0 2 2 0 1 2 0 0 0 1 0 2 0 0 0 0 1 0 0 2 1 2 0 0 
32 32 34 1 2 0 17 17 17 32 32 34 2 0 1 16 16 16 32 32 34 0 1 0 16 17 16 0 2 0 0 0 0 1 0 0 0 0 2 0 0 0 1 2 1 0 1 0 1 2 1 0 0 0 0 0 2 0 2 2 0 1 2 0 0 0 1 0 2 0 0 0 0 1 0 0 2 1 2 0 0 
1
2 0 1 0 0 0 0 0 0 
0 0 2 1 2 0 1 1 1 0 0 2 2 0 1 0 0 0 0 0 2 0 1 0 0 1 0 0 2 0 0 0 0 1 2 0 0 0 2 0 0 0 1 2 1 0 1 0 1 2 1 0 0 0 0 0 2 0 2 2 0 1 2 0 0 0 1 0 2 0 0 0 0 1 0 0 2 1 2 0 0 
32 32 34 1 2 0 17 17 17 32 32 34 2 0 1 16 16 16 32 32 34 0 1 0 16 17 16 0 2 0 0 0 0 1 2 0 0 0 2 0 0 0 1 2 1 0 1 0 1 2 1 0 0 0 0 0 2 0 2 2 0 1 2 0 0 0 1 0 2 0 0 0 0 1 0 0 2 1 2 0 0 
1
2 0 1 0 0 0 0 0 0 
0 0 2 1 2 0 1 1 1 0 0 2 2 0 1 0 0 0 0 0 2 0 1 1 0 1 0 0 2 0 0 0 0 1 2 0 0 0 2 0 0 0 1 2 1 0 1 0 1 2 1 0 0 0 0 0 2 0 2 2 0 1 2 0 0 0 1 0 2 0 0 0 0 1 0 0 2 1 2 0 0 
32 32 34 1 2 0 17 17 17 32 32 34 2 0 1 16 16 16 32 32 34 0 1 1 16 17 16 0 2 0 0 0 0 1 2 0 0 0 2 0 0 0 1 2 1 0 1 0 1 2 1 0 0 0 0 0 2 0 2 2 0 1 2 0 0 0 1 0 2 0 0 0 0 1 0 0 2 1 2 0 0 
1
2 0 1 0 0 0 0 0 0 
0 0 2 1 2 0 1 1 1 0 0 2 2 0 1 0 0 0 0 0 2 0 1 1 0 1 0 0 2 0 0 0 0 1 2 0 0 0 2 0 0 0 1 2 1 0 1 0 1 2 1 0 0 0 0 0 2 0 2 2 0 1 2 0 0 0 1 0 2 0 0 0 0 1 0 0 2 1 2 2 0 
32 32 34 1 2 0 17 17 17 32 32 34 2 0 1 16 16 16 32 32 34 0 1 1 16 17 16 0 2 0 0 0 0 1 2 0 0 0 2 0 0 0 1 2 1 0 1 0 1 2 1 0 0 0 0 0 2 0 2 2 0 1 2 0 0 0 1 0 2 0 0 0 0 1 0 0 2 1 2 2 0 
1
2 0 1 0 0 0 0 0 0 
0 0 2 1 2 0 1 1 1 0 0 2 2 0 1 0 0 0 0 0 2 0 1 1 0 1 0 0 2 0 0 0 0 1 2 0 0 0 2 0 0 0 1 2 1 0 1 0 1 2 1 0 0 0 0 0 2 1 2 2 0 1 2 0 0 0 1 0 2 0 0 0 0 1 0 0 2 1 2 2 0 
32 32 34 1 2 0 17 17 17 32 32 34 2 0 1 16 16 16 32 32 34 0 1 1 16 17 16 0 2 0 0 0 0 1 2 0 0 0 2 0 0 0 1 2 1 0 1 0 1 2 1 0 0 0 0 0 2 1 2 2 0 1 2 0 0 0 1 0 2 0 0 0 0 1 0 0 2 1 2 2 0 
1
2 0 1 0 0 0 0 0 0 
0 0 2 1 2 0 1 1 1 0 0 2 2 0 1 0 0 0 0 0 2 0 1 1 0 1 0 0 2 0 0 2 0 1 2 0 0 0 2 0 0 0 1 2 1 0 1 0 1 2 1 0 0 0 0 0 2 1 2 2 0 1 2 0 0 0 1 0 2 0 0 0 0 1 0 0 2 1 2 2 0 
32 32 34 1 2 0 17 17 17 32 32 34 2 0 1 16 16 16 32 32 34 0 1 1 16 17 16 0 2 0 0 2 0 1 2 0 0 0 2 0 0 0 1 2 1 0 1 0 1 2 1 0 0 0 0 0 2 1 2 2 0 1 2 0 0 0 1 0 2 0 0 0 0 1 0 0 2 1 2 2 0 
1
2 1 1 0 0 0 0 0 0 
0 0 2 1 2 0 1 1 1 0 0 2 2 0 1 0 0 0 0 0 2 1 1 1 0 1 0 0 2 0 0 2 0 1 2 0 0 0 2 0 0 0 1 2 1 0 1 0 1 2 1 0 0 0 0 0 2 1 2 2 0 1 2 0 0 0 1 0 2 0 0 0 0 1 0 0 2 1 2 2 0 
32 32 34 17 18 16 17 17 17 32 32 34 18 16 17 16 16 16 32 32 34 17 17 17 16 17 16 0 2 0 0 2 0 1 2 0 0 0 2 0 0 0 1 2 1 0 1 0 1 2 1 0 0 0 0 0 2 1 2 2 0 1 2 0 0 0 1 0 2 0 0 0 0 1 0 0 2 1 2 2 0 
1
2 1 1 0 0 0 0 0 0 
0 0 2 1 2 0 1 1 1 0 0 2 2 0 1 0 0 0 0 0 2 1 1 1 0 1 0 0 2 0 0 2 0 1 2 0 0 0 2 0 0 0 1 2 1 0 1 0 1 2 1 0 0 0 0 0 2 1 2 2 0 1 2 0 2 0 1 0 2 0 0 0 0 1 0 0 2 1 2 2 0 
32 32 34 17 18 16 17 17 17 32 32 34 18 16 17 16 16 16 32 32 34 17 17 17 16 17 16 0 2 0 0 2 0 1 2 0 0 0 2 0 0 0 1 2 1 0 1 0 1 2 1 0 0 0 0 0 2 1 2 2 0 1 2 0 2 0 1 0 2 0 0 0 0 1 0 0 2 1 2 2 0 
1
2 1 1 0 0 0 0 0 0 
0 0 2 1 2 0 1 1 1 0 0 2 2 0 1 0 0 0 0 0 2 1 1 1 0 1 0 0 2 0 0 2 0 1 2 0 0 0 2 0 1 0 1 2 1 0 1 0 1 2 1 0 0 0 0 0 2 1 2 2 0 1 2 0 2 0 1 0 2 0 0 0 0 1 0 0 2 1 2 2 0 
32 32 34 17 18 16 17 17 17 32 32 34 18 16 17 16 16 16 32 32 34 17 17 17 16 17 16 0 2 0 0 2 0 1 2 0 0 0 2 0 1 0 1 2 1 0 1 0 1 2 1 0 0 0 0 0 2 1 2 2 0 1 2 0 2 0 1 0 2 0 0 0 0 1 0 0 2 1 2 2 0 
1
2 1 1 0 0 0 0 0 0 
0 0 2 1 2 0 1 1 1 0 0 2 2 0 1 0 0 0 0 0 2 1 1 1 0 1 0 0 2 0 2 2 0 1 2 0 0 0 2 0 1 0 1 2 1 0 1 0 1 2 1 0 0 0 0 0 2 1 2 2 0 1 2 0 2 0 1 0 2 0 0 0 0 1 0 0 2 1 2 2 0 
32 32 34 17 18 16 17 17 17 32 32 34 18 16 17 16 16 16 32 32 34 17 17 17 16 17 16 0 2 0 2 2 0 1 2 0 0 0 2 0 1 0 1 2 1 0 1 0 1 2 1 0 0 0 0 0 2 1 2 2 0 1 2 0 2 0 1 0 2 0 0 0 0 1 0 0 2 1 2 2 0 
1
2 1 1 0 1 0 0 0 0 
0 0 2 1 2 0 1 1 1 0 0 2 2 0 1 0 0 0 0 0 2 1 1 1 0 1 0 0 2 0 2 2 1 1 2 0 0 0 2 0 1 0 1 2 1 0 1 0 1 2 1 0 0 0 0 0 2 1 2 2 0 1 2 0 2 0 1 0 2 0 0 0 0 1 0 0 2 1 2 2 0 
32 32 34 17 18 16 17 17 17 32 32 34 18 16 17 16 16 16 32 32 34 17 17 17 16 17 16 0 2 0 18 18 17 1 2 0 0 0 2 16 17 16 1 2 1 0 1 0 17 18 17 0 0 0 0 0 2 1 2 2 0 1 2 0 2 0 1 0 2 0 0 0 0 1 0 0 2 1 2 2 0 
1
2 1 1 0 1 0 0 0 0 
0 0 2 1 2 0 1 1 1 0 0 2 2 0 1 0 0 0 0 0 2 1 1 1 0 1 0 0 2 0 2 2 1 1 2 0 2 0 2 0 1 0 1 2 1 0 1 0 1 2 1 0 0 0 0 0 2 1 2 2 0 1 2 0 2 0 1 0 2 0 0 0 0 1 0 0 2 1 2 2 0 
32 32 34 17 18 16 17 17 17 32 32 34 18 16 17 16 16 16 32 32 34 17 17 17 16 17 16 0 2 0 18 18 17 1 2 0 2 0 2 16 17 16 1 2 1 0 1 0 17 18 17 0 0 0 0 0 2 1 2 2 0 1 2 0 2 0 1 0 2 0 0 0 0 1 0 0 2 1 2 2 0 
1
2 1 1 0 1 0 0 0 0 
0 0 2 1 2 0 1 1 1 0 0 2 2 0 1 0 0 0 0 0 2 1 1 1 0 1 0 0 2 0 2 2 1 1 2 0 2 0 2 0 1 0 1 2 1 0 1 1 1 2 1 0 0 0 0 0 2 1 2 2 0 1 2 0 2 0 1 0 2 0 0 0 0 1 0 0 2 1 2 2 0 
32 32 34 17 18 16 17 17 17 32 32 34 18 16 17 16 16 16 32 32 34 17 17 17 16 17 16 0 2 0 18 18 17 1 2 0 2 0 2 16 17 16 1 2 1 0 1 1 17 18 17 0 0 0 0 0 2 1 2 2 0 1 2 0 2 0 1 0 2 0 0 0 0 1 0 0 2 1 2 2 0 
1
2 1 1 0 1 0 0 0 0 
0 0 2 1 2 0 1 1 1 0 0 2 2 0 1 0 0 0 0 0 2 1 1 1 0 1 0 0 2 0 2 2 1 1 2 0 2 0 2 0 1 0 1 2 1 0 1 1 1 2 1 0 0 0 0 0 2 1 2 2 0 1 2 0 2 0 1 0 2 0 0 2 0 1 0 0 2 1 2 2 0 
32 32 34 17 18 16 17 17 17 32 32 34 18 16 17 16 16 16 32 32 34 17 17 17 16 17 16 0 2 0 18 18 17 1 2 0 2 0 2 16 17 16 1 2 1 0 1 1 17 18 17 0 0 0 0 0 2 1 2 2 0 1 2 0 2 0 1 0 2 0 0 2 0 1 0 0 2 1 2 2 0 
1
2 1 1 0 1 1 0 0 0 
0 0 2 1 2 0 1 1 1 0 0 2 2 0 1 0 0 0 0 0 2 1 1 1 0 1 0 0 2 0 2 2 1 1 2 0 2 0 2 0 1 0 1 2 1 0 1 1 1 2 1 1 0 0 0 0 2 1 2 2 0 1 2 0 2 0 1 0 2 0 0 2 0 1 0 0 2 1 2 2 0 
32 32 34 17 18 16 17 17 17 32 32 34 18 16 17 16 16 16 32 32 34 17 17 17 16 17 16 0 2 0 18 18 17 17 18 16 2 0 2 16 17 16 17 18 17 0 1 1 17 18 17 17 16 16 0 0 2 1 2 2 0 1 2 0 2 0 1 0 2 0 0 2 0 1 0 0 2 1 2 2 0 
1
2 1 1 0 1 1 0 0 0 
0 0 2 1 2 0 1 1 1 0 0 2 2 0 1 0 0 0 0 0 2 1 1 1 0 1 0 0 2 0 2 2 1 1 2 0 2 0 2 0 1 0 1 2 1 0 1 1 1 2 1 1 0 0 0 0 2 1 2 2 0 1 2 0 2 0 1 0 2 0 0 2 0 1 2 0 2 1 2 2 0 
32 32 34 17 18 16 17 17 17 32 32 34 18 16 17 16 16 16 32 32 34 17 17 17 16 17 16 0 2 0 18 18 17 17 18 16 2 0 2 16 17 16 17 18 17 0 1 1 17 18 17 17 16 16 0 0 2 1 2 2 0 1 2 0 2 0 1 0 2 0 0 2 0 1 2 0 2 1 2 2 0 
1
2 1 1 0 1 1 0 0 0 
0 0 2 1 2 0 1 1 1 0 0 2 2 0 1 0 0 0 0 0 2 1 1 1 0 1 0 0 2 0 2 2 1 1 2 0 2 0 2 0 1 0 1 2 1 0 1 1 1 2 1 1 0 0 0 0 2 1 2 2 0 1 2 0 2 0 1 0 2 0 0 2 0 1 2 0 2 1 2 2 1 
32 32 34 17 18 16 17 17 17 32 32 34 18 16 17 16 16 16 32 32 34 17 17 17 16 17 16 0 2 0 18 18 17 17 18 16 2 0 2 16 17 16 17 18 17 0 1 1 17 18 17 17 16 16 0 0 2 1 2 2 0 1 2 0 2 0 1 0 2 0 0 2 0 1 2 0 2 1 2 2 1 
1
2 1 1 0 1 1 0 0 0 
0 0 2 1 2 0 1 1 1 0 0 2 2 0 1 0 0 0 0 0 2 1 1 1 0 1 0 0 2 0 2 2 1 1 2 0 2 0 2 0 1 0 1 2 1 0 1 1 1 2 1 1 0 0 0 0 2 1 2 2 2 1 2 0 2 0 1 0 2 0 0 2 0 1 2 0 2 1 2 2 1 
32 32 34 17 18 16 17 17 17 32 32 34 18 16 17 16 16 16 32 32 34 17 17 17 16 17 16 0 2 0 18 18 17 17 18 16 2 0 2 16 17 16 17 18 17 0 1 1 17 18 17 17 16 16 0 0 2 1 2 2 2 1 2 0 2 0 1 0 2 0 0 2 0 1 2 0 2 1 2 2 1 
1
2 1 1 0 1 1 0 1 0 
0 0 2 1 2 0 1 1 1 0 0 2 2 0 1 0 0 0 0 0 2 1 1 1 0 1 0 0 2 0 2 2 1 1 2 0 2 0 2 0 1 0 1 2 1 0 1 1 1 2 1 1 0 0 0 0 2 1 2 2 2 1 2 0 2 0 1 0 2 0 0 2 0 1 2 1 2 1 2 2 1 
32 32 34 17 18 16 17 17 17 32 32 34 18 16 17 16 16 16 32 32 34 17 17 17 16 17 16 0 2 0 18 18 17 17 18 16 2 0 2 16 17 16 17 18 17 0 1 1 17 18 17 17 16 16 0 0 2 17 18 18 2 1 2 0 2 0 17 16 18 0 0 2 0 1 2 17 18 17 2 2 1 
1
2 1 1 0 1 1 0 1 0 
0 0 2 1 2 0 1 1 1 0 0 2 2 0 1 0 0 0 0 0 2 1 1 1 0 1 0 0 2 0 2 2 1 1 2 0 2 0 2 0 1 0 1 2 1 0 1 1 1 2 1 1 0 0 0 0 2 1 2 2 2 1 2 0 2 0 1 0 2 0 0 2 0 1 2 1 2 1 2 2 1 
32 32 34 17 18 16 17 17 17 32 32 34 18 16 17 16 16 16 32 32 34 17 17 17 16 17 16 0 2 0 18 18 17 17 18 16 2 0 2 16 17 16 17 18 17 0 1 1 17 18 17 17 16 16 0 0 2 17 18 18 2 1 2 0 2 0 17 16 18 0 0 2 0 1 2 17 18 17 2 2 1 
1
