0 0 0 0 0 0 0 0 0 
0 0 0 0 0 0 0 0 0 0 0 0 0 0 0 0 0 0 0 0 0 0 0 0 0 0 0 0 0 0 0 0 0 0 0 0 0 0 0 0 0 0 0 0 0 0 0 0 0 0 0 0 0 0 0 0 0 0 0 0 0 0 0 0 0 0 0 0 0 0 0 0 0 0 0 0 0 0 0 0 1 
0 0 0 0 0 0 0 0 0 0 0 0 0 0 0 0 0 0 0 0 0 0 0 0 0 0 0 0 0 0 0 0 0 0 0 0 0 0 0 0 0 0 0 0 0 0 0 0 0 0 0 0 0 0 0 0 0 0 0 0 0 0 0 0 0 0 0 0 0 0 0 0 0 0 0 0 0 0 0 0 1 
1
0 0 0 0 0 0 0 0 0 
0 0 0 0 0 0 0 0 0 0 0 0 0 0 0 0 0 0 0 0 0 0 0 0 0 0 0 0 0 0 0 0 0 0 0 0 0 0 0 0 0 0 0 0 0 0 0 0 0 0 0 0 0 0 0 0 0 0 0 0 2 0 0 0 0 0 0 0 0 0 0 0 0 0 0 0 0 0 0 0 1 
0 0 0 0 0 0 0 0 0 0 0 0 0 0 0 0 0 0 0 0 0 0 0 0 0 0 0 0 0 0 0 0 0 0 0 0 0 0 0 0 0 0 0 0 0 0 0 0 0 0 0 0 0 0 0 0 0 0 0 0 2 0 0 0 0 0 0 0 0 0 0 0 0 0 0 0 0 0 0 0 1 
1
0 0 0 0 0 0 0 0 0 
1 0 0 0 0 0 0 0 0 0 0 0 0 0 0 0 0 0 0 0 0 0 0 0 0 0 0 0 0 0 0 0 0 0 0 0 0 0 0 0 0 0 0 0 0 0 0 0 0 0 0 0 0 0 0 0 0 0 0 0 2 0 0 0 0 0 0 0 0 0 0 0 0 0 0 0 0 0 0 0 1 
1 0 0 0 0 0 0 0 0 0 0 0 0 0 0 0 0 0 0 0 0 0 0 0 0 0 0 0 0 0 0 0 0 0 0 0 0 0 0 0 0 0 0 0 0 0 0 0 0 0 0 0 0 0 0 0 0 0 0 0 2 0 0 0 0 0 0 0 0 0 0 0 0 0 0 0 0 0 0 0 1 
1
0 0 0 0 0 0 0 0 0 
1 2 0 0 0 0 0 0 0 0 0 0 0 0 0 0 0 0 0 0 0 0 0 0 0 0 0 0 0 0 0 0 0 0 0 0 0 0 0 0 0 0 0 0 0 0 0 0 0 0 0 0 0 0 0 0 0 0 0 0 2 0 0 0 0 0 0 0 0 0 0 0 0 0 0 0 0 0 0 0 1 
1 2 0 0 0 0 0 0 0 0 0 0 0 0 0 0 0 0 0 0 0 0 0 0 0 0 0 0 0 0 0 0 0 0 0 0 0 0 0 0 0 0 0 0 0 0 0 0 0 0 0 0 0 0 0 0 0 0 0 0 2 0 0 0 0 0 0 0 0 0 0 0 0 0 0 0 0 0 0 0 1 
1
0 0 0 0 0 0 0 0 0 
1 2 0 0 1 0 0 0 0 0 0 0 0 0 0 0 0 0 0 0 0 0 0 0 0 0 0 0 0 0 0 0 0 0 0 0 0 0 0 0 0 0 0 0 0 0 0 0 0 0 0 0 0 0 0 0 0 0 0 0 2 0 0 0 0 0 0 0 0 0 0 0 0 0 0 0 0 0 0 0 1 
1 2 0 0 1 0 0 0 0 0 0 0 0 0 0 0 0 0 0 0 0 0 0 0 0 0 0 0 0 0 0 0 0 0 0 0 0 0 0 0 0 0 0 0 0 0 0 0 0 0 0 0 0 0 0 0 0 0 0 0 2 0 0 0 0 0 0 0 0 0 0 0 0 0 0 0 0 0 0 0 1 
1
0 0 0 0 0 0 0 0 0 
1 2 0 2 1 0 0 0 0 0 0 0 0 0 0 0 0 0 0 0 0 0 0 0 0 0 0 0 0 0 0 0 0 0 0 0 0 0 0 0 0 0 0 0 0 0 0 0 0 0 0 0 0 0 0 0 0 0 0 0 2 0 0 0 0 0 0 0 0 0 0 0 0 0 0 0 0 0 0 0 1 
1 2 0 2 1 0 0 0 0 0 0 0 0 0 0 0 0 0 0 0 0 0 0 0 0 0 0 0 0 0 0 0 0 0 0 0 0 0 0 0 0 0 0 0 0 0 0 0 0 0 0 0 0 0 0 0 0 0 0 0 2 0 0 0 0 0 0 0 0 0 0 0 0 0 0 0 0 0 0 0 1 
1
0 0 0 0 0 0 0 0 0 
1 2 1 2 1 0 0 0 0 0 0 0 0 0 0 0 0 0 0 0 0 0 0 0 0 0 0 0 0 0 0 0 0 0 0 0 0 0 0 0 0 0 0 0 0 0 0 0 0 0 0 0 0 0 0 0 0 0 0 0 2 0 0 0 0 0 0 0 0 0 0 0 0 0 0 0 0 0 0 0 1 
1 2 1 2 1 0 0 0 0 0 0 0 0 0 0 0 0 0 0 0 0 0 0 0 0 0 0 0 0 0 0 0 0 0 0 0 0 0 0 0 0 0 0 0 0 0 0 0 0 0 0 0 0 0 0 0 0 0 0 0 2 0 0 0 0 0 0 0 0 0 0 0 0 0 0 0 0 0 0 0 1 
1
0 0 0 0 0 0 0 0 0 
1 2 1 2 1 0 2 0 0 0 0 0 0 0 0 0 0 0 0 0 0 0 0 0 0 0 0 0 0 0 0 0 0 0 0 0 0 0 0 0 0 0 0 0 0 0 0 0 0 0 0 0 0 0 0 0 0 0 0 0 2 0 0 0 0 0 0 0 0 0 0 0 0 0 0 0 0 0 0 0 1 
1 2 1 2 1 0 2 0 0 0 0 0 0 0 0 0 0 0 0 0 0 0 0 0 0 0 0 0 0 0 0 0 0 0 0 0 0 0 0 0 0 0 0 0 0 0 0 0 0 0 0 0 0 0 0 0 0 0 0 0 2 0 0 0 0 0 0 0 0 0 0 0 0 0 0 0 0 0 0 0 1 
1
0 0 0 0 0 0 0 0 0 
1 2 1 2 1 0 2 0 0 0 1 0 0 0 0 0 0 0 0 0 0 0 0 0 0 0 0 0 0 0 0 0 0 0 0 0 0 0 0 0 0 0 0 0 0 0 0 0 0 0 0 0 0 0 0 0 0 0 0 0 2 0 0 0 0 0 0 0 0 0 0 0 0 0 0 0 0 0 0 0 1 
1 2 1 2 1 0 2 0 0 0 1 0 0 0 0 0 0 0 0 0 0 0 0 0 0 0 0 0 0 0 0 0 0 0 0 0 0 0 0 0 0 0 0 0 0 0 0 0 0 0 0 0 0 0 0 0 0 0 0 0 2 0 0 0 0 0 0 0 0 0 0 0 0 0 0 0 0 0 0 0 1 
1
0 0 0 0 0 0 0 0 0 
1 2 1 2 1 0 2 0 0 0 1 0 0 0 0 0 0 0 0 0 0 0 0 0 0 0 0 0 0 0 0 2 0 0 0 0 0 0 0 0 0 0 0 0 0 0 0 0 0 0 0 0 0 0 0 0 0 0 0 0 2 0 0 0 0 0 0 0 0 0 0 0 0 0 0 0 0 0 0 0 1 
1 2 1 2 1 0 2 0 0 0 1 0 0 0 0 0 0 0 0 0 0 0 0 0 0 0 0 0 0 0 0 2 0 0 0 0 0 0 0 0 0 0 0 0 0 0 0 0 0 0 0 0 0 0 0 0 0 0 0 0 2 0 0 0 0 0 0 0 0 0 0 0 0 0 0 0 0 0 0 0 1 
1
0 0 0 0 0 0 0 0 0 
1 2 1 2 1 1 2 0 0 0 1 0 0 0 0 0 0 0 0 0 0 0 0 0 0 0 0 0 0 0 0 2 0 0 0 0 0 0 0 0 0 0 0 0 0 0 0 0 0 0 0 0 0 0 0 0 0 0 0 0 2 0 0 0 0 0 0 0 0 0 0 0 0 0 0 0 0 0 0 0 1 
1 2 1 2 1 1 2 0 0 0 1 0 0 0 0 0 0 0 0 0 0 0 0 0 0 0 0 0 0 0 0 2 0 0 0 0 0 0 0 0 0 0 0 0 0 0 0 0 0 0 0 0 0 0 0 0 0 0 0 0 2 0 0 0 0 0 0 0 0 0 0 0 0 0 0 0 0 0 0 0 1 
1
0 0 0 0 0 0 0 0 0 
1 2 1 2 1 1 2 2 0 0 1 0 0 0 0 0 0 0 0 0 0 0 0 0 0 0 0 0 0 0 0 2 0 0 0 0 0 0 0 0 0 0 0 0 0 0 0 0 0 0 0 0 0 0 0 0 0 0 0 0 2 0 0 0 0 0 0 0 0 0 0 0 0 0 0 0 0 0 0 0 1 
1 2 1 2 1 1 2 2 0 0 1 0 0 0 0 0 0 0 0 0 0 0 0 0 0 0 0 0 0 0 0 2 0 0 0 0 0 0 0 0 0 0 0 0 0 0 0 0 0 0 0 0 0 0 0 0 0 0 0 0 2 0 0 0 0 0 0 0 0 0 0 0 0 0 0 0 0 0 0 0 1 
1
0 0 0 0 0 0 0 0 0 
1 2 1 2 1 1 2 2 0 0 1 0 1 0 0 0 0 0 0 0 0 0 0 0 0 0 0 0 0 0 0 2 0 0 0 0 0 0 0 0 0 0 0 0 0 0 0 0 0 0 0 0 0 0 0 0 0 0 0 0 2 0 0 0 0 0 0 0 0 0 0 0 0 0 0 0 0 0 0 0 1 
1 2 1 2 1 1 2 2 0 0 1 0 1 0 0 0 0 0 0 0 0 0 0 0 0 0 0 0 0 0 0 2 0 0 0 0 0 0 0 0 0 0 0 0 0 0 0 0 0 0 0 0 0 0 0 0 0 0 0 0 2 0 0 0 0 0 0 0 0 0 0 0 0 0 0 0 0 0 0 0 1 
1
0 0 0 0 0 0 0 0 0 
1 2 1 2 1 1 2 2 0 0 1 0 1 0 0 0 0 0 0 0 0 0 0 0 0 0 0 0 2 0 0 2 0 0 0 0 0 0 0 0 0 0 0 0 0 0 0 0 0 0 0 0 0 0 0 0 0 0 0 0 2 0 0 0 0 0 0 0 0 0 0 0 0 0 0 0 0 0 0 0 1 
1 2 1 2 1 1 2 2 0 0 1 0 1 0 0 0 0 0 0 0 0 0 0 0 0 0 0 0 2 0 0 2 0 0 0 0 0 0 0 0 0 0 0 0 0 0 0 0 0 0 0 0 0 0 0 0 0 0 0 0 2 0 0 0 0 0 0 0 0 0 0 0 0 0 0 0 0 0 0 0 1 
1
0 0 0 0 0 0 0 0 0 
1 2 1 2 1 1 2 2 0 0 1 0 1 0 1 0 0 0 0 0 0 0 0 0 0 0 0 0 2 0 0 2 0 0 0 0 0 0 0 0 0 0 0 0 0 0 0 0 0 0 0 0 0 0 0 0 0 0 0 0 2 0 0 0 0 0 0 0 0 0 0 0 0 0 0 0 0 0 0 0 1 
1 2 1 2 1 1 2 2 0 0 1 0 1 0 1 0 0 0 0 0 0 0 0 0 0 0 0 0 2 0 0 2 0 0 0 0 0 0 0 0 0 0 0 0 0 0 0 0 0 0 0 0 0 0 0 0 0 0 0 0 2 0 0 0 0 0 0 0 0 0 0 0 0 0 0 0 0 0 0 0 1 
1
0 0 0 0 0 0 0 0 0 
1 2 1 2 1 1 2 2 0 0 1 0 1 0 1 0 0 0 0 0 0 0 0 0 0 0 0 0 2 0 0 2 0 0 0 2 0 0 0 0 0 0 0 0 0 0 0 0 0 0 0 0 0 0 0 0 0 0 0 0 2 0 0 0 0 0 0 0 0 0 0 0 0 0 0 0 0 0 0 0 1 
1 2 1 2 1 1 2 2 0 0 1 0 1 0 1 0 0 0 0 0 0 0 0 0 0 0 0 0 2 0 0 2 0 0 0 2 0 0 0 0 0 0 0 0 0 0 0 0 0 0 0 0 0 0 0 0 0 0 0 0 2 0 0 0 0 0 0 0 0 0 0 0 0 0 0 0 0 0 0 0 1 
1
0 0 0 0 0 0 0 0 0 
1 2 1 2 1 1 2 2 1 0 1 0 1 0 1 0 0 0 0 0 0 0 0 0 0 0 0 0 2 0 0 2 0 0 0 2 0 0 0 0 0 0 0 0 0 0 0 0 0 0 0 0 0 0 0 0 0 0 0 0 2 0 0 0 0 0 0 0 0 0 0 0 0 0 0 0 0 0 0 0 1 
1 2 1 2 1 1 2 2 1 0 1 0 1 0 1 0 0 0 0 0 0 0 0 0 0 0 0 0 2 0 0 2 0 0 0 2 0 0 0 0 0 0 0 0 0 0 0 0 0 0 0 0 0 0 0 0 0 0 0 0 2 0 0 0 0 0 0 0 0 0 0 0 0 0 0 0 0 0 0 0 1 
1
0 0 0 0 0 0 0 0 0 
1 2 1 2 1 1 2 2 1 0 1 0 1 0 1 2 0 0 0 0 0 0 0 0 0 0 0 0 2 0 0 2 0 0 0 2 0 0 0 0 0 0 0 0 0 0 0 0 0 0 0 0 0 0 0 0 0 0 0 0 2 0 0 0 0 0 0 0 0 0 0 0 0 0 0 0 0 0 0 0 1 
1 2 1 2 1 1 2 2 1 0 1 0 1 0 1 2 0 0 0 0 0 0 0 0 0 0 0 0 2 0 0 2 0 0 0 2 0 0 0 0 0 0 0 0 0 0 0 0 0 0 0 0 0 0 0 0 0 0 0 0 2 0 0 0 0 0 0 0 0 0 0 0 0 0 0 0 0 0 0 0 1 
1
0 0 0 0 0 0 0 0 0 
1 2 1 2 1 1 2 2 1 0 1 0 1 0 1 2 0 0 0 0 0 0 0 0 0 0 0 1 2 0 0 2 0 0 0 2 0 0 0 0 0 0 0 0 0 0 0 0 0 0 0 0 0 0 0 0 0 0 0 0 2 0 0 0 0 0 0 0 0 0 0 0 0 0 0 0 0 0 0 0 1 
1 2 1 2 1 1 2 2 1 0 1 0 1 0 1 2 0 0 0 0 0 0 0 0 0 0 0 1 2 0 0 2 0 0 0 2 0 0 0 0 0 0 0 0 0 0 0 0 0 0 0 0 0 0 0 0 0 0 0 0 2 0 0 0 0 0 0 0 0 0 0 0 0 0 0 0 0 0 0 0 1 
1
0 0 0 0 0 0 0 0 0 
1 2 1 2 1 1 2 2 1 2 1 0 1 0 1 2 0 0 0 0 0 0 0 0 0 0 0 1 2 0 0 2 0 0 0 2 0 0 0 0 0 0 0 0 0 0 0 0 0 0 0 0 0 0 0 0 0 0 0 0 2 0 0 0 0 0 0 0 0 0 0 0 0 0 0 0 0 0 0 0 1 
1 2 1 2 1 1 2 2 1 2 1 0 1 0 1 2 0 0 0 0 0 0 0 0 0 0 0 1 2 0 0 2 0 0 0 2 0 0 0 0 0 0 0 0 0 0 0 0 0 0 0 0 0 0 0 0 0 0 0 0 2 0 0 0 0 0 0 0 0 0 0 0 0 0 0 0 0 0 0 0 1 
1
0 0 0 0 0 0 0 0 0 
1 2 1 2 1 1 2 2 1 2 1 0 1 0 1 2 0 0 0 0 0 0 0 0 0 0 0 1 2 0 0 2 0 0 0 2 1 0 0 0 0 0 0 0 0 0 0 0 0 0 0 0 0 0 0 0 0 0 0 0 2 0 0 0 0 0 0 0 0 0 0 0 0 0 0 0 0 0 0 0 1 
1 2 1 2 1 1 2 2 1 2 1 0 1 0 1 2 0 0 0 0 0 0 0 0 0 0 0 1 2 0 0 2 0 0 0 2 1 0 0 0 0 0 0 0 0 0 0 0 0 0 0 0 0 0 0 0 0 0 0 0 2 0 0 0 0 0 0 0 0 0 0 0 0 0 0 0 0 0 0 0 1 
1
0 0 0 0 0 0 0 0 0 
1 2 1 2 1 1 2 2 1 2 1 0 1 0 1 2 0 0 0 0 0 0 0 0 0 0 0 1 2 0 0 2 0 0 0 2 1 0 0 0 0 0 0 0 0 2 0 0 0 0 0 0 0 0 0 0 0 0 0 0 2 0 0 0 0 0 0 0 0 0 0 0 0 0 0 0 0 0 0 0 1 
1 2 1 2 1 1 2 2 1 2 1 0 1 0 1 2 0 0 0 0 0 0 0 0 0 0 0 1 2 0 0 2 0 0 0 2 1 0 0 0 0 0 0 0 0 2 0 0 0 0 0 0 0 0 0 0 0 0 0 0 2 0 0 0 0 0 0 0 0 0 0 0 0 0 0 0 0 0 0 0 1 
1
0 0 0 0 0 0 0 0 0 
1 2 1 2 1 1 2 2 1 2 1 0 1 0 1 2 0 0 0 0 0 0 0 0 0 0 0 1 2 0 0 2 0 0 0 2 1 0 0 0 0 0 0 0 0 2 0 0 0 0 0 0 0 0 0 0 0 0 0 0 2 0 0 0 0 0 0 0 0 0 0 0 1 0 0 0 0 0 0 0 1 
1 2 1 2 1 1 2 2 1 2 1 0 1 0 1 2 0 0 0 0 0 0 0 0 0 0 0 1 2 0 0 2 0 0 0 2 1 0 0 0 0 0 0 0 0 2 0 0 0 0 0 0 0 0 0 0 0 0 0 0 2 0 0 0 0 0 0 0 0 0 0 0 1 0 0 0 0 0 0 0 1 
1
0 0 0 0 0 0 0 0 0 
1 2 1 2 1 1 2 2 1 2 1 0 1 0 1 2 0 0 0 0 0 0 0 0 0 0 0 1 2 0 0 2 0 0 0 2 1 0 0 0 0 0 0 0 0 2 0 0 0 0 0 0 0 0 0 0 2 0 0 0 2 0 0 0 0 0 0 0 0 0 0 0 1 0 0 0 0 0 0 0 1 
1 2 1 2 1 1 2 2 1 2 1 0 1 0 1 2 0 0 0 0 0 0 0 0 0 0 0 1 2 0 0 2 0 0 0 2 1 0 0 0 0 0 0 0 0 2 0 0 0 0 0 0 0 0 0 0 2 0 0 0 2 0 0 0 0 0 0 0 0 0 0 0 1 0 0 0 0 0 0 0 1 
1
0 0 0 0 0 0 0 0 0 
1 2 1 2 1 1 2 2 1 2 1 0 1 0 1 2 1 0 0 0 0 0 0 0 0 0 0 1 2 0 0 2 0 0 0 2 1 0 0 0 0 0 0 0 0 2 0 0 0 0 0 0 0 0 0 0 2 0 0 0 2 0 0 0 0 0 0 0 0 0 0 0 1 0 0 0 0 0 0 0 1 
1 2 1 2 1 1 2 2 1 2 1 0 1 0 1 2 1 0 0 0 0 0 0 0 0 0 0 1 2 0 0 2 0 0 0 2 1 0 0 0 0 0 0 0 0 2 0 0 0 0 0 0 0 0 0 0 2 0 0 0 2 0 0 0 0 0 0 0 0 0 0 0 1 0 0 0 0 0 0 0 1 
1
0 0 0 0 0 0 0 0 0 
1 2 1 2 1 1 2 2 1 2 1 0 1 0 1 2 1 0 0 0 0 0 0 0 0 0 0 1 2 0 0 2 0 0 0 2 1 0 0 0 2 0 0 0 0 2 0 0 0 0 0 0 0 0 0 0 2 0 0 0 2 0 0 0 0 0 0 0 0 0 0 0 1 0 0 0 0 0 0 0 1 
1 2 1 2 1 1 2 2 1 2 1 0 1 0 1 2 1 0 0 0 0 0 0 0 0 0 0 1 2 0 0 2 0 0 0 2 1 0 0 0 2 0 0 0 0 2 0 0 0 0 0 0 0 0 0 0 2 0 0 0 2 0 0 0 0 0 0 0 0 0 0 0 1 0 0 0 0 0 0 0 1 
1
0 0 0 0 0 0 0 0 0 
1 2 1 2 1 1 2 2 1 2 1 0 1 0 1 2 1 0 0 0 0 0 0 0 0 0 0 1 2 0 1 2 0 0 0 2 1 0 0 0 2 0 0 0 0 2 0 0 0 0 0 0 0 0 0 0 2 0 0 0 2 0 0 0 0 0 0 0 0 0 0 0 1 0 0 0 0 0 0 0 1 
1 2 1 2 1 1 2 2 1 2 1 0 1 0 1 2 1 0 0 0 0 0 0 0 0 0 0 1 2 0 1 2 0 0 0 2 1 0 0 0 2 0 0 0 0 2 0 0 0 0 0 0 0 0 0 0 2 0 0 0 2 0 0 0 0 0 0 0 0 0 0 0 1 0 0 0 0 0 0 0 1 
1
0 0 0 0 0 0 0 0 0 
1 2 1 2 1 1 2 2 1 2 1 2 1 0 1 2 1 0 0 0 0 0 0 0 0 0 0 1 2 0 1 2 0 0 0 2 1 0 0 0 2 0 0 0 0 2 0 0 0 0 0 0 0 0 0 0 2 0 0 0 2 0 0 0 0 0 0 0 0 0 0 0 1 0 0 0 0 0 0 0 1 
1 2 1 2 1 1 2 2 1 2 1 2 1 0 1 2 1 0 0 0 0 0 0 0 0 0 0 1 2 0 1 2 0 0 0 2 1 0 0 0 2 0 0 0 0 2 0 0 0 0 0 0 0 0 0 0 2 0 0 0 2 0 0 0 0 0 0 0 0 0 0 0 1 0 0 0 0 0 0 0 1 
1
0 0 0 0 0 0 0 0 0 
1 2 1 2 1 1 2 2 1 2 1 2 1 0 1 2 1 0 0 0 0 0 0 0 0 0 0 1 2 0 1 2 0 0 0 2 1 0 0 0 2 0 0 0 1 2 0 0 0 0 0 0 0 0 0 0 2 0 0 0 2 0 0 0 0 0 0 0 0 0 0 0 1 0 0 0 0 0 0 0 1 
1 2 1 2 1 1 2 2 1 2 1 2 1 0 1 2 1 0 0 0 0 0 0 0 0 0 0 1 2 0 1 2 0 0 0 2 1 0 0 0 2 0 0 0 1 2 0 0 0 0 0 0 0 0 0 0 2 0 0 0 2 0 0 0 0 0 0 0 0 0 0 0 1 0 0 0 0 0 0 0 1 
1
0 0 0 0 0 0 0 0 0 
1 2 1 2 1 1 2 2 1 2 1 2 1 0 1 2 1 0 0 0 0 0 0 0 0 0 0 1 2 0 1 2 0 0 0 2 1 0 0 0 2 0 0 2 1 2 0 0 0 0 0 0 0 0 0 0 2 0 0 0 2 0 0 0 0 0 0 0 0 0 0 0 1 0 0 0 0 0 0 0 1 
1 2 1 2 1 1 2 2 1 2 1 2 1 0 1 2 1 0 0 0 0 0 0 0 0 0 0 1 2 0 1 2 0 0 0 2 1 0 0 0 2 0 0 2 1 2 0 0 0 0 0 0 0 0 0 0 2 0 0 0 2 0 0 0 0 0 0 0 0 0 0 0 1 0 0 0 0 0 0 0 1 
1
0 0 0 0 0 0 0 0 0 
1 2 1 2 1 1 2 2 1 2 1 2 1 0 1 2 1 0 0 0 0 0 0 0 0 0 0 1 2 0 1 2 0 0 0 2 1 0 0 1 2 0 0 2 1 2 0 0 0 0 0 0 0 0 0 0 2 0 0 0 2 0 0 0 0 0 0 0 0 0 0 0 1 0 0 0 0 0 0 0 1 
1 2 1 2 1 1 2 2 1 2 1 2 1 0 1 2 1 0 0 0 0 0 0 0 0 0 0 1 2 0 1 2 0 0 0 2 1 0 0 1 2 0 0 2 1 2 0 0 0 0 0 0 0 0 0 0 2 0 0 0 2 0 0 0 0 0 0 0 0 0 0 0 1 0 0 0 0 0 0 0 1 
1
0 0 0 0 0 0 0 0 0 
1 2 1 2 1 1 2 2 1 2 1 2 1 0 1 2 1 0 0 0 0 0 0 0 0 0 0 1 2 0 1 2 0 0 0 2 1 0 0 1 2 0 0 2 1 2 2 0 0 0 0 0 0 0 0 0 2 0 0 0 2 0 0 0 0 0 0 0 0 0 0 0 1 0 0 0 0 0 0 0 1 
1 2 1 2 1 1 2 2 1 2 1 2 1 0 1 2 1 0 0 0 0 0 0 0 0 0 0 1 2 0 1 2 0 0 0 2 1 0 0 1 2 0 0 2 1 2 2 0 0 0 0 0 0 0 0 0 2 0 0 0 2 0 0 0 0 0 0 0 0 0 0 0 1 0 0 0 0 0 0 0 1 
1
0 0 0 0 0 0 0 0 0 
1 2 1 2 1 1 2 2 1 2 1 2 1 0 1 2 1 0 0 0 0 0 0 0 0 0 0 1 2 0 1 2 0 0 0 2 1 0 0 1 2 0 0 2 1 2 2 0 0 0 0 0 0 0 0 0 2 0 0 0 2 0 0 0 0 0 0 0 0 0 0 0 1 0 0 0 1 0 0 0 1 
1 2 1 2 1 1 2 2 1 2 1 2 1 0 1 2 1 0 0 0 0 0 0 0 0 0 0 1 2 0 1 2 0 0 0 2 1 0 0 1 2 0 0 2 1 2 2 0 0 0 0 0 0 0 0 0 2 0 0 0 2 0 0 0 0 0 0 0 0 0 0 0 1 0 0 0 1 0 0 0 1 
1
0 0 0 0 0 0 0 0 0 
1 2 1 2 1 1 2 2 1 2 1 2 1 0 1 2 1 0 0 0 0 0 0 0 0 0 0 1 2 0 1 2 0 0 0 2 1 0 0 1 2 0 0 2 1 2 2 0 0 0 0 0 0 0 0 0 2 0 0 0 2 0 0 0 0 0 2 0 0 0 0 0 1 0 0 0 1 0 0 0 1 
1 2 1 2 1 1 2 2 1 2 1 2 1 0 1 2 1 0 0 0 0 0 0 0 0 0 0 1 2 0 1 2 0 0 0 2 1 0 0 1 2 0 0 2 1 2 2 0 0 0 0 0 0 0 0 0 2 0 0 0 2 0 0 0 0 0 2 0 0 0 0 0 1 0 0 0 1 0 0 0 1 
1
0 0 0 0 0 0 0 0 0 
1 2 1 2 1 1 2 2 1 2 1 2 1 0 1 2 1 0 0 0 0 0 0 0 0 0 0 1 2 1 1 2 0 0 0 2 1 0 0 1 2 0 0 2 1 2 2 0 0 0 0 0 0 0 0 0 2 0 0 0 2 0 0 0 0 0 2 0 0 0 0 0 1 0 0 0 1 0 0 0 1 
1 2 1 2 1 1 2 2 1 2 1 2 1 0 1 2 1 0 0 0 0 0 0 0 0 0 0 1 2 1 1 2 0 0 0 2 1 0 0 1 2 0 0 2 1 2 2 0 0 0 0 0 0 0 0 0 2 0 0 0 2 0 0 0 0 0 2 0 0 0 0 0 1 0 0 0 1 0 0 0 1 
1
0 0 2 0 0 0 0 0 0 
1 2 1 2 1 1 2 2 1 2 1 2 1 0 1 2 1 0 0 0 0 0 0 0 2 0 0 1 2 1 1 2 0 0 0 2 1 0 0 1 2 0 0 2 1 2 2 0 0 0 0 0 0 0 0 0 2 0 0 0 2 0 0 0 0 0 2 0 0 0 0 0 1 0 0 0 1 0 0 0 1 
1 2 1 2 1 1 34 34 33 2 1 2 1 0 1 34 33 32 0 0 0 0 0 0 34 32 32 1 2 1 1 2 0 0 0 2 1 0 0 1 2 0 0 2 1 2 2 0 0 0 0 0 0 0 0 0 2 0 0 0 2 0 0 0 0 0 2 0 0 0 0 0 1 0 0 0 1 0 0 0 1 
1
0 0 2 0 0 0 0 0 0 
1 2 1 2 1 1 2 2 1 2 1 2 1 0 1 2 1 0 0 0 0 0 0 0 2 0 0 1 2 1 1 2 0 0 0 2 1 0 0 1 2 0 0 2 1 2 2 0 0 0 0 0 0 0 0 1 2 0 0 0 2 0 0 0 0 0 2 0 0 0 0 0 1 0 0 0 1 0 0 0 1 
1 2 1 2 1 1 34 34 33 2 1 2 1 0 1 34 33 32 0 0 0 0 0 0 34 32 32 1 2 1 1 2 0 0 0 2 1 0 0 1 2 0 0 2 1 2 2 0 0 0 0 0 0 0 0 1 2 0 0 0 2 0 0 0 0 0 2 0 0 0 0 0 1 0 0 0 1 0 0 0 1 
1
0 0 2 0 0 0 0 0 0 
1 2 1 2 1 1 2 2 1 2 1 2 1 0 1 2 1 0 0 0 0 0 0 2 2 0 0 1 2 1 1 2 0 0 0 2 1 0 0 1 2 0 0 2 1 2 2 0 0 0 0 0 0 0 0 1 2 0 0 0 2 0 0 0 0 0 2 0 0 0 0 0 1 0 0 0 1 0 0 0 1 
1 2 1 2 1 1 34 34 33 2 1 2 1 0 1 34 33 32 0 0 0 0 0 2 34 32 32 1 2 1 1 2 0 0 0 2 1 0 0 1 2 0 0 2 1 2 2 0 0 0 0 0 0 0 0 1 2 0 0 0 2 0 0 0 0 0 2 0 0 0 0 0 1 0 0 0 1 0 0 0 1 
1
0 0 2 0 0 0 0 0 0 
1 2 1 2 1 1 2 2 1 2 1 2 1 0 1 2 1 0 0 0 0 0 0 2 2 0 0 1 2 1 1 2 0 0 0 2 1 0 0 1 2 0 0 2 1 2 2 0 0 0 0 0 0 0 0 1 2 0 0 0 2 1 0 0 0 0 2 0 0 0 0 0 1 0 0 0 1 0 0 0 1 
1 2 1 2 1 1 34 34 33 2 1 2 1 0 1 34 33 32 0 0 0 0 0 2 34 32 32 1 2 1 1 2 0 0 0 2 1 0 0 1 2 0 0 2 1 2 2 0 0 0 0 0 0 0 0 1 2 0 0 0 2 1 0 0 0 0 2 0 0 0 0 0 1 0 0 0 1 0 0 0 1 
1
0 2 2 0 0 0 0 0 0 
1 2 1 2 1 1 2 2 1 2 1 2 1 2 1 2 1 0 0 0 0 0 0 2 2 0 0 1 2 1 1 2 0 0 0 2 1 0 0 1 2 0 0 2 1 2 2 0 0 0 0 0 0 0 0 1 2 0 0 0 2 1 0 0 0 0 2 0 0 0 0 0 1 0 0 0 1 0 0 0 1 
1 2 1 34 33 33 34 34 33 2 1 2 33 34 33 34 33 32 0 0 0 32 32 34 34 32 32 1 2 1 1 2 0 0 0 2 1 0 0 1 2 0 0 2 1 2 2 0 0 0 0 0 0 0 0 1 2 0 0 0 2 1 0 0 0 0 2 0 0 0 0 0 1 0 0 0 1 0 0 0 1 
1
0 2 2 0 1 0 0 0 0 
1 2 1 2 1 1 2 2 1 2 1 2 1 2 1 2 1 0 0 0 0 0 0 2 2 0 0 1 2 1 1 2 0 0 0 2 1 0 0 1 2 0 0 2 1 2 2 0 1 0 0 0 0 0 0 1 2 0 0 0 2 1 0 0 0 0 2 0 0 0 0 0 1 0 0 0 1 0 0 0 1 
1 2 1 34 33 33 34 34 33 2 1 2 33 34 33 34 33 32 0 0 0 32 32 34 34 32 32 1 2 1 17 18 16 0 0 2 1 0 0 17 18 16 0 2 1 2 2 0 17 16 16 0 0 0 0 1 2 0 0 0 2 1 0 0 0 0 2 0 0 0 0 0 1 0 0 0 1 0 0 0 1 
1
0 2 2 0 1 0 0 0 0 
1 2 1 2 1 1 2 2 1 2 1 2 1 2 1 2 1 0 0 0 0 0 0 2 2 0 0 1 2 1 1 2 0 0 0 2 1 0 0 1 2 0 0 2 1 2 2 0 1 0 0 0 0 0 0 1 2 0 0 0 2 1 0 0 0 2 2 0 0 0 0 0 1 0 0 0 1 0 0 0 1 
1 2 1 34 33 33 34 34 33 2 1 2 33 34 33 34 33 32 0 0 0 32 32 34 34 32 32 1 2 1 17 18 16 0 0 2 1 0 0 17 18 16 0 2 1 2 2 0 17 16 16 0 0 0 0 1 2 0 0 0 2 1 0 0 0 2 2 0 0 0 0 0 1 0 0 0 1 0 0 0 1 
1
0 2 2 0 1 0 0 0 0 
1 2 1 2 1 1 2 2 1 2 1 2 1 2 1 2 1 0 0 0 0 0 0 2 2 0 0 1 2 1 1 2 0 0 0 2 1 0 0 1 2 0 1 2 1 2 2 0 1 0 0 0 0 0 0 1 2 0 0 0 2 1 0 0 0 2 2 0 0 0 0 0 1 0 0 0 1 0 0 0 1 
1 2 1 34 33 33 34 34 33 2 1 2 33 34 33 34 33 32 0 0 0 32 32 34 34 32 32 1 2 1 17 18 16 0 0 2 1 0 0 17 18 16 1 2 1 2 2 0 17 16 16 0 0 0 0 1 2 0 0 0 2 1 0 0 0 2 2 0 0 0 0 0 1 0 0 0 1 0 0 0 1 
1
0 2 2 2 1 0 0 0 0 
1 2 1 2 1 1 2 2 1 2 1 2 1 2 1 2 1 0 0 0 0 0 0 2 2 0 0 1 2 1 1 2 0 0 0 2 1 0 0 1 2 0 1 2 1 2 2 2 1 0 0 0 0 0 0 1 2 0 0 0 2 1 0 0 0 2 2 0 0 0 0 0 1 0 0 0 1 0 0 0 1 
1 2 1 34 33 33 34 34 33 2 1 2 33 34 33 34 33 32 0 0 0 32 32 34 34 32 32 33 34 33 17 18 16 0 0 2 33 32 32 17 18 16 1 2 1 34 34 34 17 16 16 0 0 0 0 1 2 0 0 0 2 1 0 0 0 2 2 0 0 0 0 0 1 0 0 0 1 0 0 0 1 
1
0 2 2 2 1 0 0 0 0 
1 2 1 2 1 1 2 2 1 2 1 2 1 2 1 2 1 0 0 0 0 0 0 2 2 0 0 1 2 1 1 2 0 0 0 2 1 0 0 1 2 0 1 2 1 2 2 2 1 0 0 0 0 0 0 1 2 0 0 0 2 1 0 0 0 2 2 0 0 1 0 0 1 0 0 0 1 0 0 0 1 
1 2 1 34 33 33 34 34 33 2 1 2 33 34 33 34 33 32 0 0 0 32 32 34 34 32 32 33 34 33 17 18 16 0 0 2 33 32 32 17 18 16 1 2 1 34 34 34 17 16 16 0 0 0 0 1 2 0 0 0 2 1 0 0 0 2 2 0 0 1 0 0 1 0 0 0 1 0 0 0 1 
1
0 2 2 2 1 2 0 0 0 
1 2 1 2 1 1 2 2 1 2 1 2 1 2 1 2 1 0 0 0 0 0 0 2 2 0 0 1 2 1 1 2 0 0 0 2 1 0 0 1 2 0 1 2 1 2 2 2 1 0 0 2 0 0 0 1 2 0 0 0 2 1 0 0 0 2 2 0 0 1 0 0 1 0 0 0 1 0 0 0 1 
1 2 1 34 33 33 34 34 33 2 1 2 33 34 33 34 33 32 0 0 0 32 32 34 34 32 32 33 34 33 17 18 16 32 32 34 33 32 32 17 18 16 33 34 33 34 34 34 17 16 16 34 32 32 0 1 2 0 0 0 2 1 0 0 0 2 2 0 0 1 0 0 1 0 0 0 1 0 0 0 1 
1
0 2 2 2 1 2 0 0 0 
1 2 1 2 1 1 2 2 1 2 1 2 1 2 1 2 1 0 0 0 0 0 0 2 2 0 0 1 2 1 1 2 0 0 0 2 1 0 0 1 2 0 1 2 1 2 2 2 1 0 0 2 0 0 0 1 2 0 0 0 2 1 0 0 0 2 2 0 0 1 0 0 1 0 1 0 1 0 0 0 1 
1 2 1 34 33 33 34 34 33 2 1 2 33 34 33 34 33 32 0 0 0 32 32 34 34 32 32 33 34 33 17 18 16 32 32 34 33 32 32 17 18 16 33 34 33 34 34 34 17 16 16 34 32 32 0 1 2 0 0 0 2 1 0 0 0 2 2 0 0 1 0 0 1 0 1 0 1 0 0 0 1 
1
0 2 2 2 1 2 0 0 0 
1 2 1 2 1 1 2 2 1 2 1 2 1 2 1 2 1 0 0 0 0 0 0 2 2 0 0 1 2 1 1 2 0 0 0 2 1 0 0 1 2 0 1 2 1 2 2 2 1 0 0 2 0 0 0 1 2 0 0 0 2 1 2 0 0 2 2 0 0 1 0 0 1 0 1 0 1 0 0 0 1 
1 2 1 34 33 33 34 34 33 2 1 2 33 34 33 34 33 32 0 0 0 32 32 34 34 32 32 33 34 33 17 18 16 32 32 34 33 32 32 17 18 16 33 34 33 34 34 34 17 16 16 34 32 32 0 1 2 0 0 0 2 1 2 0 0 2 2 0 0 1 0 0 1 0 1 0 1 0 0 0 1 
1
0 2 2 2 1 2 0 0 0 
1 2 1 2 1 1 2 2 1 2 1 2 1 2 1 2 1 0 0 0 0 0 0 2 2 0 0 1 2 1 1 2 0 0 0 2 1 0 0 1 2 0 1 2 1 2 2 2 1 0 0 2 0 0 0 1 2 0 0 0 2 1 2 0 0 2 2 0 0 1 0 0 1 0 1 0 1 0 0 1 1 
1 2 1 34 33 33 34 34 33 2 1 2 33 34 33 34 33 32 0 0 0 32 32 34 34 32 32 33 34 33 17 18 16 32 32 34 33 32 32 17 18 16 33 34 33 34 34 34 17 16 16 34 32 32 0 1 2 0 0 0 2 1 2 0 0 2 2 0 0 1 0 0 1 0 1 0 1 0 0 1 1 
1
0 2 2 2 1 2 0 0 0 
1 2 1 2 1 1 2 2 1 2 1 2 1 2 1 2 1 0 0 0 0 0 0 2 2 0 0 1 2 1 1 2 0 0 0 2 1 0 0 1 2 0 1 2 1 2 2 2 1 0 0 2 0 0 0 1 2 0 0 0 2 1 2 0 0 2 2 2 0 1 0 0 1 0 1 0 1 0 0 1 1 
1 2 1 34 33 33 34 34 33 2 1 2 33 34 33 34 33 32 0 0 0 32 32 34 34 32 32 33 34 33 17 18 16 32 32 34 33 32 32 17 18 16 33 34 33 34 34 34 17 16 16 34 32 32 0 1 2 0 0 0 2 1 2 0 0 2 2 2 0 1 0 0 1 0 1 0 1 0 0 1 1 
1
0 2 2 2 1 2 0 0 1 
1 2 1 2 1 1 2 2 1 2 1 2 1 2 1 2 1 0 0 0 0 0 0 2 2 0 0 1 2 1 1 2 0 0 0 2 1 0 0 1 2 0 1 2 1 2 2 2 1 0 0 2 0 0 0 1 2 0 0 0 2 1 2 0 0 2 2 2 0 1 1 0 1 0 1 0 1 0 0 1 1 
1 2 1 34 33 33 34 34 33 2 1 2 33 34 33 34 33 32 0 0 0 32 32 34 34 32 32 33 34 33 17 18 16 32 32 34 33 32 32 17 18 16 33 34 33 34 34 34 17 16 16 34 32 32 0 1 2 0 0 0 18 17 18 0 0 2 2 2 0 17 17 16 1 0 1 0 1 0 16 17 17 
1
0 2 2 2 1 2 0 2 1 
1 2 1 2 1 1 2 2 1 2 1 2 1 2 1 2 1 0 0 0 0 0 0 2 2 0 0 1 2 1 1 2 0 0 0 2 1 0 0 1 2 0 1 2 1 2 2 2 1 0 0 2 0 0 0 1 2 0 0 0 2 1 2 0 0 2 2 2 2 1 1 0 1 0 1 0 1 0 0 1 1 
1 2 1 34 33 33 34 34 33 2 1 2 33 34 33 34 33 32 0 0 0 32 32 34 34 32 32 33 34 33 17 18 16 32 32 34 33 32 32 17 18 16 33 34 33 34 34 34 17 16 16 34 32 32 0 1 2 32 32 32 18 17 18 0 0 2 34 34 34 17 17 16 1 0 1 32 33 32 16 17 17 
1
0 2 2 2 1 2 1 2 1 
1 2 1 2 1 1 2 2 1 2 1 2 1 2 1 2 1 0 0 0 0 0 0 2 2 0 0 1 2 1 1 2 0 0 0 2 1 0 0 1 2 0 1 2 1 2 2 2 1 0 0 2 0 0 0 1 2 0 0 0 2 1 2 0 0 2 2 2 2 1 1 0 1 1 1 0 1 0 0 1 1 
1 2 1 34 33 33 34 34 33 2 1 2 33 34 33 34 33 32 0 0 0 32 32 34 34 32 32 33 34 33 17 18 16 32 32 34 33 32 32 17 18 16 33 34 33 34 34 34 17 16 16 34 32 32 16 17 18 32 32 32 18 17 18 16 16 18 34 34 34 17 17 16 17 17 17 32 33 32 16 17 17 
1
0 2 2 2 1 2 1 2 1 
1 2 1 2 1 1 2 2 1 2 1 2 1 2 1 2 1 0 0 2 0 0 0 2 2 0 0 1 2 1 1 2 0 0 0 2 1 0 0 1 2 0 1 2 1 2 2 2 1 0 0 2 0 0 0 1 2 0 0 0 2 1 2 0 0 2 2 2 2 1 1 0 1 1 1 0 1 0 0 1 1 
1 2 1 34 33 33 34 34 33 2 1 2 33 34 33 34 33 32 0 2 0 32 32 34 34 32 32 33 34 33 17 18 16 32 32 34 33 32 32 17 18 16 33 34 33 34 34 34 17 16 16 34 32 32 16 17 18 32 32 32 18 17 18 16 16 18 34 34 34 17 17 16 17 17 17 32 33 32 16 17 17 
1
1 2 2 2 1 2 1 2 1 
1 2 1 2 1 1 2 2 1 2 1 2 1 2 1 2 1 0 1 2 0 0 0 2 2 0 0 1 2 1 1 2 0 0 0 2 1 0 0 1 2 0 1 2 1 2 2 2 1 0 0 2 0 0 0 1 2 0 0 0 2 1 2 0 0 2 2 2 2 1 1 0 1 1 1 0 1 0 0 1 1 
17 18 17 34 33 33 34 34 33 18 17 18 33 34 33 34 33 32 17 18 16 32 32 34 34 32 32 33 34 33 17 18 16 32 32 34 33 32 32 17 18 16 33 34 33 34 34 34 17 16 16 34 32 32 16 17 18 32 32 32 18 17 18 16 16 18 34 34 34 17 17 16 17 17 17 32 33 32 16 17 17 
1
1 2 2 2 1 2 1 2 1 
1 2 1 2 1 1 2 2 1 2 1 2 1 2 1 2 1 0 1 2 0 0 0 2 2 0 0 1 2 1 1 2 0 0 0 2 1 0 0 1 2 0 1 2 1 2 2 2 1 0 0 2 0 0 0 1 2 0 0 0 2 1 2 0 0 2 2 2 2 1 1 0 1 1 1 0 1 0 0 1 1 
17 18 17 34 33 33 34 34 33 18 17 18 33 34 33 34 33 32 17 18 16 32 32 34 34 32 32 33 34 33 17 18 16 32 32 34 33 32 32 17 18 16 33 34 33 34 34 34 17 16 16 34 32 32 16 17 18 32 32 32 18 17 18 16 16 18 34 34 34 17 17 16 17 17 17 32 33 32 16 17 17 
1
