0 0 0 0 0 0 0 0 0 
0 0 0 0 0 0 0 0 0 0 0 0 0 0 0 0 0 0 0 0 0 0 0 0 0 0 0 0 0 0 0 0 0 0 0 0 0 0 0 0 1 0 0 0 0 0 0 0 0 0 0 0 0 0 0 0 0 0 0 0 0 0 0 0 0 0 0 0 0 0 0 0 0 0 0 0 0 0 0 0 0 
0 0 0 0 0 0 0 0 0 0 0 0 0 0 0 0 0 0 0 0 0 0 0 0 0 0 0 0 0 0 0 0 0 0 0 0 0 0 0 0 1 0 0 0 0 0 0 0 0 0 0 0 0 0 0 0 0 0 0 0 0 0 0 0 0 0 0 0 0 0 0 0 0 0 0 0 0 0 0 0 0 
1
0 0 0 0 0 0 0 0 0 
0 0 0 0 0 0 0 0 0 0 0 0 0 0 0 0 0 0 0 0 0 0 0 0 0 0 0 0 0 0 0 0 0 0 0 0 0 0 0 0 1 0 0 0 0 0 0 0 2 0 0 0 0 0 0 0 0 0 0 0 0 0 0 0 0 0 0 0 0 0 0 0 0 0 0 0 0 0 0 0 0 
0 0 0 0 0 0 0 0 0 0 0 0 0 0 0 0 0 0 0 0 0 0 0 0 0 0 0 0 0 0 0 0 0 0 0 0 0 0 0 0 1 0 0 0 0 0 0 0 2 0 0 0 0 0 0 0 0 0 0 0 0 0 0 0 0 0 0 0 0 0 0 0 0 0 0 0 0 0 0 0 0 
1
0 0 0 0 0 0 0 0 0 
0 0 0 0 0 0 0 0 0 0 0 0 0 0 0 0 0 0 0 0 0 0 0 0 0 0 0 0 0 0 0 0 0 0 0 0 0 0 0 0 1 0 0 0 0 0 0 0 2 0 0 0 0 0 0 0 0 0 0 0 0 0 0 0 0 0 0 0 0 0 0 0 0 1 0 0 0 0 0 0 0 
0 0 0 0 0 0 0 0 0 0 0 0 0 0 0 0 0 0 0 0 0 0 0 0 0 0 0 0 0 0 0 0 0 0 0 0 0 0 0 0 1 0 0 0 0 0 0 0 2 0 0 0 0 0 0 0 0 0 0 0 0 0 0 0 0 0 0 0 0 0 0 0 0 1 0 0 0 0 0 0 0 
1
0 0 0 0 0 0 0 0 0 
0 0 0 0 0 0 0 0 0 0 0 0 0 0 0 0 0 0 0 0 0 0 0 0 0 0 0 0 0 0 0 0 0 0 0 0 0 0 0 0 1 0 0 0 0 0 0 0 2 0 0 0 0 0 0 0 0 0 0 0 0 0 0 0 0 0 0 2 0 0 0 0 0 1 0 0 0 0 0 0 0 
0 0 0 0 0 0 0 0 0 0 0 0 0 0 0 0 0 0 0 0 0 0 0 0 0 0 0 0 0 0 0 0 0 0 0 0 0 0 0 0 1 0 0 0 0 0 0 0 2 0 0 0 0 0 0 0 0 0 0 0 0 0 0 0 0 0 0 2 0 0 0 0 0 1 0 0 0 0 0 0 0 
1
0 0 0 0 0 0 0 0 0 
0 0 0 0 0 0 0 0 0 0 0 0 0 0 0 0 0 0 0 0 0 0 0 0 0 0 0 0 0 0 0 0 0 0 0 0 0 0 0 0 1 1 0 0 0 0 0 0 2 0 0 0 0 0 0 0 0 0 0 0 0 0 0 0 0 0 0 2 0 0 0 0 0 1 0 0 0 0 0 0 0 
0 0 0 0 0 0 0 0 0 0 0 0 0 0 0 0 0 0 0 0 0 0 0 0 0 0 0 0 0 0 0 0 0 0 0 0 0 0 0 0 1 1 0 0 0 0 0 0 2 0 0 0 0 0 0 0 0 0 0 0 0 0 0 0 0 0 0 2 0 0 0 0 0 1 0 0 0 0 0 0 0 
1
0 0 0 0 0 0 0 0 0 
0 0 0 0 0 0 0 0 0 0 0 0 0 0 0 0 0 0 0 0 0 0 0 0 0 0 0 0 0 0 0 0 0 2 0 0 0 0 0 0 1 1 0 0 0 0 0 0 2 0 0 0 0 0 0 0 0 0 0 0 0 0 0 0 0 0 0 2 0 0 0 0 0 1 0 0 0 0 0 0 0 
0 0 0 0 0 0 0 0 0 0 0 0 0 0 0 0 0 0 0 0 0 0 0 0 0 0 0 0 0 0 0 0 0 2 0 0 0 0 0 0 1 1 0 0 0 0 0 0 2 0 0 0 0 0 0 0 0 0 0 0 0 0 0 0 0 0 0 2 0 0 0 0 0 1 0 0 0 0 0 0 0 
1
0 0 0 0 0 0 0 0 0 
0 0 0 0 0 0 0 0 0 0 0 0 0 0 0 0 0 0 0 1 0 0 0 0 0 0 0 0 0 0 0 0 0 2 0 0 0 0 0 0 1 1 0 0 0 0 0 0 2 0 0 0 0 0 0 0 0 0 0 0 0 0 0 0 0 0 0 2 0 0 0 0 0 1 0 0 0 0 0 0 0 
0 0 0 0 0 0 0 0 0 0 0 0 0 0 0 0 0 0 0 1 0 0 0 0 0 0 0 0 0 0 0 0 0 2 0 0 0 0 0 0 1 1 0 0 0 0 0 0 2 0 0 0 0 0 0 0 0 0 0 0 0 0 0 0 0 0 0 2 0 0 0 0 0 1 0 0 0 0 0 0 0 
1
0 0 0 0 0 0 0 0 0 
0 0 0 0 0 0 0 0 0 0 0 0 0 0 0 0 0 0 0 1 0 0 0 0 0 0 0 0 0 0 0 0 0 2 0 0 0 0 0 0 1 1 0 0 0 0 0 0 2 0 0 0 0 0 0 0 0 0 0 0 0 0 0 0 0 0 0 2 0 0 0 0 0 1 0 2 0 0 0 0 0 
0 0 0 0 0 0 0 0 0 0 0 0 0 0 0 0 0 0 0 1 0 0 0 0 0 0 0 0 0 0 0 0 0 2 0 0 0 0 0 0 1 1 0 0 0 0 0 0 2 0 0 0 0 0 0 0 0 0 0 0 0 0 0 0 0 0 0 2 0 0 0 0 0 1 0 2 0 0 0 0 0 
1
0 0 0 0 0 0 0 0 0 
0 0 0 0 0 0 0 0 0 0 0 0 0 0 0 0 0 0 0 1 0 0 0 0 0 0 0 0 0 0 0 0 0 2 0 0 0 0 0 0 1 1 0 0 0 0 0 0 2 0 0 0 0 0 0 0 0 0 0 0 0 0 0 0 0 0 0 2 0 0 0 0 1 1 0 2 0 0 0 0 0 
0 0 0 0 0 0 0 0 0 0 0 0 0 0 0 0 0 0 0 1 0 0 0 0 0 0 0 0 0 0 0 0 0 2 0 0 0 0 0 0 1 1 0 0 0 0 0 0 2 0 0 0 0 0 0 0 0 0 0 0 0 0 0 0 0 0 0 2 0 0 0 0 1 1 0 2 0 0 0 0 0 
1
0 0 0 0 0 0 0 0 0 
0 0 0 0 0 0 0 0 0 0 0 0 0 0 0 0 0 0 0 1 0 0 0 0 0 0 0 0 0 0 0 0 0 2 0 0 0 0 0 0 1 1 0 0 0 0 0 0 2 0 0 0 0 0 0 0 0 0 0 0 0 0 0 0 0 0 0 2 0 0 0 0 1 1 2 2 0 0 0 0 0 
0 0 0 0 0 0 0 0 0 0 0 0 0 0 0 0 0 0 0 1 0 0 0 0 0 0 0 0 0 0 0 0 0 2 0 0 0 0 0 0 1 1 0 0 0 0 0 0 2 0 0 0 0 0 0 0 0 0 0 0 0 0 0 0 0 0 0 2 0 0 0 0 1 1 2 2 0 0 0 0 0 
1
0 0 0 0 0 0 0 0 0 
0 0 0 0 0 0 0 0 0 0 0 0 0 0 0 0 0 0 0 1 0 0 0 0 0 0 0 0 0 0 0 0 0 2 0 0 0 0 0 0 1 1 0 0 0 0 0 0 2 0 0 0 0 0 0 0 0 0 0 0 0 0 0 0 0 0 0 2 0 0 0 1 1 1 2 2 0 0 0 0 0 
0 0 0 0 0 0 0 0 0 0 0 0 0 0 0 0 0 0 0 1 0 0 0 0 0 0 0 0 0 0 0 0 0 2 0 0 0 0 0 0 1 1 0 0 0 0 0 0 2 0 0 0 0 0 0 0 0 0 0 0 0 0 0 0 0 0 0 2 0 0 0 1 1 1 2 2 0 0 0 0 0 
1
0 0 0 0 0 0 0 0 0 
0 0 0 0 0 0 0 0 0 0 0 0 0 0 0 0 0 0 0 1 0 0 0 0 0 0 0 0 0 0 0 0 0 2 0 0 0 0 0 0 1 1 0 0 0 0 0 0 2 0 0 0 0 2 0 0 0 0 0 0 0 0 0 0 0 0 0 2 0 0 0 1 1 1 2 2 0 0 0 0 0 
0 0 0 0 0 0 0 0 0 0 0 0 0 0 0 0 0 0 0 1 0 0 0 0 0 0 0 0 0 0 0 0 0 2 0 0 0 0 0 0 1 1 0 0 0 0 0 0 2 0 0 0 0 2 0 0 0 0 0 0 0 0 0 0 0 0 0 2 0 0 0 1 1 1 2 2 0 0 0 0 0 
1
0 0 0 0 0 0 0 0 0 
0 0 0 0 0 0 0 0 0 0 0 0 0 0 0 0 0 0 0 1 0 0 0 0 0 0 0 0 0 0 0 0 0 2 0 0 0 0 0 0 1 1 0 0 0 0 0 0 2 0 0 0 0 2 0 0 0 0 0 0 0 0 0 0 0 0 0 2 0 0 0 1 1 1 2 2 0 0 0 0 1 
0 0 0 0 0 0 0 0 0 0 0 0 0 0 0 0 0 0 0 1 0 0 0 0 0 0 0 0 0 0 0 0 0 2 0 0 0 0 0 0 1 1 0 0 0 0 0 0 2 0 0 0 0 2 0 0 0 0 0 0 0 0 0 0 0 0 0 2 0 0 0 1 1 1 2 2 0 0 0 0 1 
1
0 0 0 0 0 0 0 0 0 
0 0 0 0 0 0 0 0 0 0 0 0 0 0 0 0 0 0 0 1 0 0 0 0 0 0 0 0 0 0 0 0 0 2 0 0 0 0 0 0 1 1 0 0 0 0 0 0 2 0 0 0 0 2 0 0 0 0 0 0 0 0 2 0 0 0 0 2 0 0 0 1 1 1 2 2 0 0 0 0 1 
0 0 0 0 0 0 0 0 0 0 0 0 0 0 0 0 0 0 0 1 0 0 0 0 0 0 0 0 0 0 0 0 0 2 0 0 0 0 0 0 1 1 0 0 0 0 0 0 2 0 0 0 0 2 0 0 0 0 0 0 0 0 2 0 0 0 0 2 0 0 0 1 1 1 2 2 0 0 0 0 1 
1
0 0 0 0 0 0 0 0 0 
0 0 0 0 0 0 0 0 0 0 0 0 0 0 0 0 0 0 0 1 0 0 0 0 0 0 1 0 0 0 0 0 0 2 0 0 0 0 0 0 1 1 0 0 0 0 0 0 2 0 0 0 0 2 0 0 0 0 0 0 0 0 2 0 0 0 0 2 0 0 0 1 1 1 2 2 0 0 0 0 1 
0 0 0 0 0 0 0 0 0 0 0 0 0 0 0 0 0 0 0 1 0 0 0 0 0 0 1 0 0 0 0 0 0 2 0 0 0 0 0 0 1 1 0 0 0 0 0 0 2 0 0 0 0 2 0 0 0 0 0 0 0 0 2 0 0 0 0 2 0 0 0 1 1 1 2 2 0 0 0 0 1 
1
0 0 0 0 0 0 0 0 0 
0 0 0 0 0 0 0 0 0 0 0 0 0 0 0 0 0 0 0 1 0 0 0 0 0 0 1 0 0 0 0 0 0 2 0 0 0 0 0 0 1 1 0 0 0 0 0 0 2 0 0 0 0 2 0 0 0 0 0 0 2 0 2 0 0 0 0 2 0 0 0 1 1 1 2 2 0 0 0 0 1 
0 0 0 0 0 0 0 0 0 0 0 0 0 0 0 0 0 0 0 1 0 0 0 0 0 0 1 0 0 0 0 0 0 2 0 0 0 0 0 0 1 1 0 0 0 0 0 0 2 0 0 0 0 2 0 0 0 0 0 0 2 0 2 0 0 0 0 2 0 0 0 1 1 1 2 2 0 0 0 0 1 
1
0 0 0 0 0 0 0 0 0 
0 0 0 0 0 0 0 0 0 0 0 0 0 0 0 0 0 0 1 1 0 0 0 0 0 0 1 0 0 0 0 0 0 2 0 0 0 0 0 0 1 1 0 0 0 0 0 0 2 0 0 0 0 2 0 0 0 0 0 0 2 0 2 0 0 0 0 2 0 0 0 1 1 1 2 2 0 0 0 0 1 
0 0 0 0 0 0 0 0 0 0 0 0 0 0 0 0 0 0 1 1 0 0 0 0 0 0 1 0 0 0 0 0 0 2 0 0 0 0 0 0 1 1 0 0 0 0 0 0 2 0 0 0 0 2 0 0 0 0 0 0 2 0 2 0 0 0 0 2 0 0 0 1 1 1 2 2 0 0 0 0 1 
1
0 0 0 0 0 0 0 0 0 
0 0 0 0 0 0 0 0 0 0 0 0 0 0 0 0 0 0 1 1 0 0 0 0 0 0 1 0 0 0 0 0 0 2 0 0 0 0 0 0 1 1 0 0 0 0 0 0 2 0 0 0 0 2 0 0 0 0 0 0 2 0 2 0 0 2 0 2 0 0 0 1 1 1 2 2 0 0 0 0 1 
0 0 0 0 0 0 0 0 0 0 0 0 0 0 0 0 0 0 1 1 0 0 0 0 0 0 1 0 0 0 0 0 0 2 0 0 0 0 0 0 1 1 0 0 0 0 0 0 2 0 0 0 0 2 0 0 0 0 0 0 2 0 2 0 0 2 0 2 0 0 0 1 1 1 2 2 0 0 0 0 1 
1
0 0 0 0 0 0 0 0 0 
0 0 0 0 0 0 0 0 0 0 0 0 0 0 0 0 0 0 1 1 0 0 0 0 0 0 1 0 0 0 0 0 0 2 0 0 0 0 0 0 1 1 0 0 1 0 0 0 2 0 0 0 0 2 0 0 0 0 0 0 2 0 2 0 0 2 0 2 0 0 0 1 1 1 2 2 0 0 0 0 1 
0 0 0 0 0 0 0 0 0 0 0 0 0 0 0 0 0 0 1 1 0 0 0 0 0 0 1 0 0 0 0 0 0 2 0 0 0 0 0 0 1 1 0 0 1 0 0 0 2 0 0 0 0 2 0 0 0 0 0 0 2 0 2 0 0 2 0 2 0 0 0 1 1 1 2 2 0 0 0 0 1 
1
0 0 0 0 0 0 0 0 0 
0 0 0 0 0 0 0 0 0 0 0 0 0 0 0 0 0 0 1 1 0 0 0 0 0 0 1 0 0 0 0 0 0 2 0 0 0 0 0 0 1 1 2 0 1 0 0 0 2 0 0 0 0 2 0 0 0 0 0 0 2 0 2 0 0 2 0 2 0 0 0 1 1 1 2 2 0 0 0 0 1 
0 0 0 0 0 0 0 0 0 0 0 0 0 0 0 0 0 0 1 1 0 0 0 0 0 0 1 0 0 0 0 0 0 2 0 0 0 0 0 0 1 1 2 0 1 0 0 0 2 0 0 0 0 2 0 0 0 0 0 0 2 0 2 0 0 2 0 2 0 0 0 1 1 1 2 2 0 0 0 0 1 
1
0 0 0 0 0 0 0 0 0 
0 0 0 0 0 0 0 0 0 0 0 0 0 0 0 0 0 0 1 1 0 0 0 0 0 0 1 0 0 0 0 0 0 2 0 0 1 0 0 0 1 1 2 0 1 0 0 0 2 0 0 0 0 2 0 0 0 0 0 0 2 0 2 0 0 2 0 2 0 0 0 1 1 1 2 2 0 0 0 0 1 
0 0 0 0 0 0 0 0 0 0 0 0 0 0 0 0 0 0 1 1 0 0 0 0 0 0 1 0 0 0 0 0 0 2 0 0 1 0 0 0 1 1 2 0 1 0 0 0 2 0 0 0 0 2 0 0 0 0 0 0 2 0 2 0 0 2 0 2 0 0 0 1 1 1 2 2 0 0 0 0 1 
1
0 0 0 0 0 0 0 0 0 
0 0 0 0 0 0 0 0 0 0 0 0 0 0 0 0 0 0 1 1 0 0 0 0 0 0 1 0 0 0 0 0 0 2 0 0 1 0 2 0 1 1 2 0 1 0 0 0 2 0 0 0 0 2 0 0 0 0 0 0 2 0 2 0 0 2 0 2 0 0 0 1 1 1 2 2 0 0 0 0 1 
0 0 0 0 0 0 0 0 0 0 0 0 0 0 0 0 0 0 1 1 0 0 0 0 0 0 1 0 0 0 0 0 0 2 0 0 1 0 2 0 1 1 2 0 1 0 0 0 2 0 0 0 0 2 0 0 0 0 0 0 2 0 2 0 0 2 0 2 0 0 0 1 1 1 2 2 0 0 0 0 1 
1
0 0 0 0 0 0 0 0 0 
0 0 0 0 0 0 0 0 0 0 0 0 0 0 0 0 0 0 1 1 0 0 0 0 0 0 1 0 0 0 0 0 0 2 0 1 1 0 2 0 1 1 2 0 1 0 0 0 2 0 0 0 0 2 0 0 0 0 0 0 2 0 2 0 0 2 0 2 0 0 0 1 1 1 2 2 0 0 0 0 1 
0 0 0 0 0 0 0 0 0 0 0 0 0 0 0 0 0 0 1 1 0 0 0 0 0 0 1 0 0 0 0 0 0 2 0 1 1 0 2 0 1 1 2 0 1 0 0 0 2 0 0 0 0 2 0 0 0 0 0 0 2 0 2 0 0 2 0 2 0 0 0 1 1 1 2 2 0 0 0 0 1 
1
0 0 0 0 0 0 0 0 0 
0 0 0 0 0 0 0 0 0 0 0 0 0 0 0 0 0 0 1 1 0 0 0 0 0 2 1 0 0 0 0 0 0 2 0 1 1 0 2 0 1 1 2 0 1 0 0 0 2 0 0 0 0 2 0 0 0 0 0 0 2 0 2 0 0 2 0 2 0 0 0 1 1 1 2 2 0 0 0 0 1 
0 0 0 0 0 0 0 0 0 0 0 0 0 0 0 0 0 0 1 1 0 0 0 0 0 2 1 0 0 0 0 0 0 2 0 1 1 0 2 0 1 1 2 0 1 0 0 0 2 0 0 0 0 2 0 0 0 0 0 0 2 0 2 0 0 2 0 2 0 0 0 1 1 1 2 2 0 0 0 0 1 
1
0 0 0 0 0 0 0 0 0 
0 0 0 0 0 0 0 0 0 0 0 0 0 0 0 0 0 0 1 1 0 0 0 0 0 2 1 0 0 0 0 0 0 2 0 1 1 0 2 0 1 1 2 0 1 0 0 0 2 0 0 0 0 2 0 0 0 0 0 1 2 0 2 0 0 2 0 2 0 0 0 1 1 1 2 2 0 0 0 0 1 
0 0 0 0 0 0 0 0 0 0 0 0 0 0 0 0 0 0 1 1 0 0 0 0 0 2 1 0 0 0 0 0 0 2 0 1 1 0 2 0 1 1 2 0 1 0 0 0 2 0 0 0 0 2 0 0 0 0 0 1 2 0 2 0 0 2 0 2 0 0 0 1 1 1 2 2 0 0 0 0 1 
1
0 0 0 0 0 0 0 0 0 
0 0 0 0 0 0 0 2 0 0 0 0 0 0 0 0 0 0 1 1 0 0 0 0 0 2 1 0 0 0 0 0 0 2 0 1 1 0 2 0 1 1 2 0 1 0 0 0 2 0 0 0 0 2 0 0 0 0 0 1 2 0 2 0 0 2 0 2 0 0 0 1 1 1 2 2 0 0 0 0 1 
0 0 0 0 0 0 0 2 0 0 0 0 0 0 0 0 0 0 1 1 0 0 0 0 0 2 1 0 0 0 0 0 0 2 0 1 1 0 2 0 1 1 2 0 1 0 0 0 2 0 0 0 0 2 0 0 0 0 0 1 2 0 2 0 0 2 0 2 0 0 0 1 1 1 2 2 0 0 0 0 1 
1
0 0 0 0 0 0 0 0 0 
0 0 0 0 0 0 0 2 0 0 0 0 1 0 0 0 0 0 1 1 0 0 0 0 0 2 1 0 0 0 0 0 0 2 0 1 1 0 2 0 1 1 2 0 1 0 0 0 2 0 0 0 0 2 0 0 0 0 0 1 2 0 2 0 0 2 0 2 0 0 0 1 1 1 2 2 0 0 0 0 1 
0 0 0 0 0 0 0 2 0 0 0 0 1 0 0 0 0 0 1 1 0 0 0 0 0 2 1 0 0 0 0 0 0 2 0 1 1 0 2 0 1 1 2 0 1 0 0 0 2 0 0 0 0 2 0 0 0 0 0 1 2 0 2 0 0 2 0 2 0 0 0 1 1 1 2 2 0 0 0 0 1 
1
0 0 0 0 0 0 0 0 0 
0 0 0 0 0 0 0 2 0 0 0 0 1 0 0 0 0 0 1 1 0 0 0 0 0 2 1 0 0 2 0 0 0 2 0 1 1 0 2 0 1 1 2 0 1 0 0 0 2 0 0 0 0 2 0 0 0 0 0 1 2 0 2 0 0 2 0 2 0 0 0 1 1 1 2 2 0 0 0 0 1 
0 0 0 0 0 0 0 2 0 0 0 0 1 0 0 0 0 0 1 1 0 0 0 0 0 2 1 0 0 2 0 0 0 2 0 1 1 0 2 0 1 1 2 0 1 0 0 0 2 0 0 0 0 2 0 0 0 0 0 1 2 0 2 0 0 2 0 2 0 0 0 1 1 1 2 2 0 0 0 0 1 
1
0 0 0 0 0 0 0 0 0 
0 0 0 0 0 0 1 2 0 0 0 0 1 0 0 0 0 0 1 1 0 0 0 0 0 2 1 0 0 2 0 0 0 2 0 1 1 0 2 0 1 1 2 0 1 0 0 0 2 0 0 0 0 2 0 0 0 0 0 1 2 0 2 0 0 2 0 2 0 0 0 1 1 1 2 2 0 0 0 0 1 
0 0 0 0 0 0 1 2 0 0 0 0 1 0 0 0 0 0 1 1 0 0 0 0 0 2 1 0 0 2 0 0 0 2 0 1 1 0 2 0 1 1 2 0 1 0 0 0 2 0 0 0 0 2 0 0 0 0 0 1 2 0 2 0 0 2 0 2 0 0 0 1 1 1 2 2 0 0 0 0 1 
1
0 0 0 0 0 0 0 0 0 
0 0 0 0 0 0 1 2 0 2 0 0 1 0 0 0 0 0 1 1 0 0 0 0 0 2 1 0 0 2 0 0 0 2 0 1 1 0 2 0 1 1 2 0 1 0 0 0 2 0 0 0 0 2 0 0 0 0 0 1 2 0 2 0 0 2 0 2 0 0 0 1 1 1 2 2 0 0 0 0 1 
0 0 0 0 0 0 1 2 0 2 0 0 1 0 0 0 0 0 1 1 0 0 0 0 0 2 1 0 0 2 0 0 0 2 0 1 1 0 2 0 1 1 2 0 1 0 0 0 2 0 0 0 0 2 0 0 0 0 0 1 2 0 2 0 0 2 0 2 0 0 0 1 1 1 2 2 0 0 0 0 1 
1
0 0 0 0 0 0 0 0 0 
0 0 0 0 0 0 1 2 0 2 0 0 1 0 0 0 0 0 1 1 0 0 0 0 0 2 1 0 1 2 0 0 0 2 0 1 1 0 2 0 1 1 2 0 1 0 0 0 2 0 0 0 0 2 0 0 0 0 0 1 2 0 2 0 0 2 0 2 0 0 0 1 1 1 2 2 0 0 0 0 1 
0 0 0 0 0 0 1 2 0 2 0 0 1 0 0 0 0 0 1 1 0 0 0 0 0 2 1 0 1 2 0 0 0 2 0 1 1 0 2 0 1 1 2 0 1 0 0 0 2 0 0 0 0 2 0 0 0 0 0 1 2 0 2 0 0 2 0 2 0 0 0 1 1 1 2 2 0 0 0 0 1 
1
0 0 0 0 0 0 0 0 0 
0 0 0 0 0 0 1 2 0 2 0 0 1 0 0 0 0 0 1 1 0 0 2 0 0 2 1 0 1 2 0 0 0 2 0 1 1 0 2 0 1 1 2 0 1 0 0 0 2 0 0 0 0 2 0 0 0 0 0 1 2 0 2 0 0 2 0 2 0 0 0 1 1 1 2 2 0 0 0 0 1 
0 0 0 0 0 0 1 2 0 2 0 0 1 0 0 0 0 0 1 1 0 0 2 0 0 2 1 0 1 2 0 0 0 2 0 1 1 0 2 0 1 1 2 0 1 0 0 0 2 0 0 0 0 2 0 0 0 0 0 1 2 0 2 0 0 2 0 2 0 0 0 1 1 1 2 2 0 0 0 0 1 
1
0 0 0 0 0 0 0 0 0 
0 0 0 0 0 0 1 2 0 2 0 0 1 0 0 0 0 0 1 1 0 0 2 0 0 2 1 0 1 2 0 0 0 2 0 1 1 0 2 0 1 1 2 0 1 0 0 0 2 0 0 0 0 2 0 0 0 1 0 1 2 0 2 0 0 2 0 2 0 0 0 1 1 1 2 2 0 0 0 0 1 
0 0 0 0 0 0 1 2 0 2 0 0 1 0 0 0 0 0 1 1 0 0 2 0 0 2 1 0 1 2 0 0 0 2 0 1 1 0 2 0 1 1 2 0 1 0 0 0 2 0 0 0 0 2 0 0 0 1 0 1 2 0 2 0 0 2 0 2 0 0 0 1 1 1 2 2 0 0 0 0 1 
1
0 0 0 0 0 0 0 0 0 
0 2 0 0 0 0 1 2 0 2 0 0 1 0 0 0 0 0 1 1 0 0 2 0 0 2 1 0 1 2 0 0 0 2 0 1 1 0 2 0 1 1 2 0 1 0 0 0 2 0 0 0 0 2 0 0 0 1 0 1 2 0 2 0 0 2 0 2 0 0 0 1 1 1 2 2 0 0 0 0 1 
0 2 0 0 0 0 1 2 0 2 0 0 1 0 0 0 0 0 1 1 0 0 2 0 0 2 1 0 1 2 0 0 0 2 0 1 1 0 2 0 1 1 2 0 1 0 0 0 2 0 0 0 0 2 0 0 0 1 0 1 2 0 2 0 0 2 0 2 0 0 0 1 1 1 2 2 0 0 0 0 1 
1
0 0 0 0 0 0 0 0 0 
0 2 0 0 0 0 1 2 0 2 0 0 1 0 0 0 0 0 1 1 0 1 2 0 0 2 1 0 1 2 0 0 0 2 0 1 1 0 2 0 1 1 2 0 1 0 0 0 2 0 0 0 0 2 0 0 0 1 0 1 2 0 2 0 0 2 0 2 0 0 0 1 1 1 2 2 0 0 0 0 1 
0 2 0 0 0 0 1 2 0 2 0 0 1 0 0 0 0 0 1 1 0 1 2 0 0 2 1 0 1 2 0 0 0 2 0 1 1 0 2 0 1 1 2 0 1 0 0 0 2 0 0 0 0 2 0 0 0 1 0 1 2 0 2 0 0 2 0 2 0 0 0 1 1 1 2 2 0 0 0 0 1 
1
0 0 0 0 0 0 0 0 0 
0 2 0 0 0 0 1 2 0 2 0 0 1 0 0 0 0 0 1 1 0 1 2 0 0 2 1 0 1 2 0 0 0 2 0 1 1 0 2 0 1 1 2 0 1 0 0 0 2 0 0 0 0 2 0 0 0 1 0 1 2 0 2 2 0 2 0 2 0 0 0 1 1 1 2 2 0 0 0 0 1 
0 2 0 0 0 0 1 2 0 2 0 0 1 0 0 0 0 0 1 1 0 1 2 0 0 2 1 0 1 2 0 0 0 2 0 1 1 0 2 0 1 1 2 0 1 0 0 0 2 0 0 0 0 2 0 0 0 1 0 1 2 0 2 2 0 2 0 2 0 0 0 1 1 1 2 2 0 0 0 0 1 
1
0 0 0 0 0 0 0 0 0 
0 2 0 0 0 0 1 2 0 2 0 0 1 0 0 0 0 0 1 1 0 1 2 0 0 2 1 0 1 2 0 0 0 2 0 1 1 0 2 0 1 1 2 0 1 0 0 1 2 0 0 0 0 2 0 0 0 1 0 1 2 0 2 2 0 2 0 2 0 0 0 1 1 1 2 2 0 0 0 0 1 
0 2 0 0 0 0 1 2 0 2 0 0 1 0 0 0 0 0 1 1 0 1 2 0 0 2 1 0 1 2 0 0 0 2 0 1 1 0 2 0 1 1 2 0 1 0 0 1 2 0 0 0 0 2 0 0 0 1 0 1 2 0 2 2 0 2 0 2 0 0 0 1 1 1 2 2 0 0 0 0 1 
1
0 0 0 0 0 0 0 0 0 
0 2 0 0 0 0 1 2 0 2 0 0 1 0 0 0 0 0 1 1 0 1 2 0 0 2 1 0 1 2 0 0 0 2 0 1 1 0 2 0 1 1 2 0 1 0 0 1 2 0 0 0 0 2 0 0 0 1 0 1 2 0 2 2 0 2 0 2 0 2 0 1 1 1 2 2 0 0 0 0 1 
0 2 0 0 0 0 1 2 0 2 0 0 1 0 0 0 0 0 1 1 0 1 2 0 0 2 1 0 1 2 0 0 0 2 0 1 1 0 2 0 1 1 2 0 1 0 0 1 2 0 0 0 0 2 0 0 0 1 0 1 2 0 2 2 0 2 0 2 0 2 0 1 1 1 2 2 0 0 0 0 1 
1
0 0 0 0 0 0 0 0 0 
0 2 0 0 0 0 1 2 0 2 0 0 1 0 0 0 0 0 1 1 0 1 2 0 0 2 1 0 1 2 0 0 0 2 0 1 1 0 2 0 1 1 2 0 1 0 1 1 2 0 0 0 0 2 0 0 0 1 0 1 2 0 2 2 0 2 0 2 0 2 0 1 1 1 2 2 0 0 0 0 1 
0 2 0 0 0 0 1 2 0 2 0 0 1 0 0 0 0 0 1 1 0 1 2 0 0 2 1 0 1 2 0 0 0 2 0 1 1 0 2 0 1 1 2 0 1 0 1 1 2 0 0 0 0 2 0 0 0 1 0 1 2 0 2 2 0 2 0 2 0 2 0 1 1 1 2 2 0 0 0 0 1 
1
0 0 0 0 0 0 0 0 0 
0 2 0 0 0 0 1 2 0 2 0 0 1 0 0 0 0 0 1 1 0 1 2 0 0 2 1 0 1 2 0 0 0 2 0 1 1 0 2 0 1 1 2 0 1 0 1 1 2 0 0 0 0 2 0 0 0 1 2 1 2 0 2 2 0 2 0 2 0 2 0 1 1 1 2 2 0 0 0 0 1 
0 2 0 0 0 0 1 2 0 2 0 0 1 0 0 0 0 0 1 1 0 1 2 0 0 2 1 0 1 2 0 0 0 2 0 1 1 0 2 0 1 1 2 0 1 0 1 1 2 0 0 0 0 2 0 0 0 1 2 1 2 0 2 2 0 2 0 2 0 2 0 1 1 1 2 2 0 0 0 0 1 
1
0 1 0 0 0 0 0 0 0 
0 2 0 1 0 0 1 2 0 2 0 0 1 0 0 0 0 0 1 1 0 1 2 0 0 2 1 0 1 2 0 0 0 2 0 1 1 0 2 0 1 1 2 0 1 0 1 1 2 0 0 0 0 2 0 0 0 1 2 1 2 0 2 2 0 2 0 2 0 2 0 1 1 1 2 2 0 0 0 0 1 
0 2 0 17 16 16 1 2 0 2 0 0 17 16 16 0 0 0 1 1 0 17 18 16 0 2 1 0 1 2 0 0 0 2 0 1 1 0 2 0 1 1 2 0 1 0 1 1 2 0 0 0 0 2 0 0 0 1 2 1 2 0 2 2 0 2 0 2 0 2 0 1 1 1 2 2 0 0 0 0 1 
1
0 1 0 0 0 0 0 0 0 
0 2 0 1 0 0 1 2 0 2 0 0 1 0 0 0 0 0 1 1 2 1 2 0 0 2 1 0 1 2 0 0 0 2 0 1 1 0 2 0 1 1 2 0 1 0 1 1 2 0 0 0 0 2 0 0 0 1 2 1 2 0 2 2 0 2 0 2 0 2 0 1 1 1 2 2 0 0 0 0 1 
0 2 0 17 16 16 1 2 0 2 0 0 17 16 16 0 0 0 1 1 2 17 18 16 0 2 1 0 1 2 0 0 0 2 0 1 1 0 2 0 1 1 2 0 1 0 1 1 2 0 0 0 0 2 0 0 0 1 2 1 2 0 2 2 0 2 0 2 0 2 0 1 1 1 2 2 0 0 0 0 1 
1
0 1 0 0 0 0 0 0 0 
0 2 0 1 0 0 1 2 0 2 0 0 1 0 0 0 0 0 1 1 2 1 2 0 0 2 1 0 1 2 0 0 0 2 0 1 1 0 2 0 1 1 2 0 1 0 1 1 2 0 0 0 0 2 0 0 0 1 2 1 2 0 2 2 0 2 0 2 0 2 0 1 1 1 2 2 0 0 0 1 1 
0 2 0 17 16 16 1 2 0 2 0 0 17 16 16 0 0 0 1 1 2 17 18 16 0 2 1 0 1 2 0 0 0 2 0 1 1 0 2 0 1 1 2 0 1 0 1 1 2 0 0 0 0 2 0 0 0 1 2 1 2 0 2 2 0 2 0 2 0 2 0 1 1 1 2 2 0 0 0 1 1 
1
0 1 0 0 0 0 0 2 0 
0 2 0 1 0 0 1 2 0 2 0 0 1 0 0 0 0 0 1 1 2 1 2 0 0 2 1 0 1 2 0 0 0 2 0 1 1 0 2 0 1 1 2 0 1 0 1 1 2 0 0 0 0 2 0 0 0 1 2 1 2 0 2 2 0 2 0 2 0 2 0 1 1 1 2 2 2 0 0 1 1 
0 2 0 17 16 16 1 2 0 2 0 0 17 16 16 0 0 0 1 1 2 17 18 16 0 2 1 0 1 2 0 0 0 2 0 1 1 0 2 0 1 1 2 0 1 0 1 1 2 0 0 0 0 2 0 0 0 33 34 33 2 0 2 2 0 2 32 34 32 2 0 1 1 1 2 34 34 32 0 1 1 
1
0 1 0 0 0 0 0 2 1 
0 2 0 1 0 0 1 2 0 2 0 0 1 0 0 0 0 0 1 1 2 1 2 0 0 2 1 0 1 2 0 0 0 2 0 1 1 0 2 0 1 1 2 0 1 0 1 1 2 0 0 0 0 2 0 0 0 1 2 1 2 0 2 2 0 2 0 2 0 2 0 1 1 1 2 2 2 0 1 1 1 
0 2 0 17 16 16 1 2 0 2 0 0 17 16 16 0 0 0 1 1 2 17 18 16 0 2 1 0 1 2 0 0 0 2 0 1 1 0 2 0 1 1 2 0 1 0 1 1 2 0 0 0 0 2 0 0 0 33 34 33 18 16 18 2 0 2 32 34 32 18 16 17 1 1 2 34 34 32 17 17 17 
1
0 1 0 0 0 0 2 2 1 
0 2 0 1 0 0 1 2 0 2 0 0 1 0 0 0 0 0 1 1 2 1 2 0 0 2 1 0 1 2 0 0 0 2 0 1 1 0 2 0 1 1 2 0 1 0 1 1 2 0 0 0 0 2 0 0 2 1 2 1 2 0 2 2 0 2 0 2 0 2 0 1 1 1 2 2 2 0 1 1 1 
0 2 0 17 16 16 1 2 0 2 0 0 17 16 16 0 0 0 1 1 2 17 18 16 0 2 1 0 1 2 0 0 0 2 0 1 1 0 2 0 1 1 2 0 1 0 1 1 2 0 0 0 0 2 32 32 34 33 34 33 18 16 18 34 32 34 32 34 32 18 16 17 33 33 34 34 34 32 17 17 17 
1
0 1 1 0 0 0 2 2 1 
0 2 0 1 0 0 1 2 0 2 0 0 1 0 0 0 1 0 1 1 2 1 2 0 0 2 1 0 1 2 0 0 0 2 0 1 1 0 2 0 1 1 2 0 1 0 1 1 2 0 0 0 0 2 0 0 2 1 2 1 2 0 2 2 0 2 0 2 0 2 0 1 1 1 2 2 2 0 1 1 1 
0 2 0 17 16 16 17 18 16 2 0 0 17 16 16 16 17 16 1 1 2 17 18 16 16 18 17 0 1 2 0 0 0 2 0 1 1 0 2 0 1 1 2 0 1 0 1 1 2 0 0 0 0 2 32 32 34 33 34 33 18 16 18 34 32 34 32 34 32 18 16 17 33 33 34 34 34 32 17 17 17 
1
0 1 1 0 0 0 2 2 1 
0 2 0 1 0 0 1 2 0 2 0 0 1 0 0 0 1 0 1 1 2 1 2 0 0 2 1 0 1 2 0 0 0 2 0 1 1 0 2 2 1 1 2 0 1 0 1 1 2 0 0 0 0 2 0 0 2 1 2 1 2 0 2 2 0 2 0 2 0 2 0 1 1 1 2 2 2 0 1 1 1 
0 2 0 17 16 16 17 18 16 2 0 0 17 16 16 16 17 16 1 1 2 17 18 16 16 18 17 0 1 2 0 0 0 2 0 1 1 0 2 2 1 1 2 0 1 0 1 1 2 0 0 0 0 2 32 32 34 33 34 33 18 16 18 34 32 34 32 34 32 18 16 17 33 33 34 34 34 32 17 17 17 
1
0 1 1 0 0 0 2 2 1 
0 2 0 1 0 0 1 2 0 2 0 0 1 0 0 0 1 0 1 1 2 1 2 0 0 2 1 1 1 2 0 0 0 2 0 1 1 0 2 2 1 1 2 0 1 0 1 1 2 0 0 0 0 2 0 0 2 1 2 1 2 0 2 2 0 2 0 2 0 2 0 1 1 1 2 2 2 0 1 1 1 
0 2 0 17 16 16 17 18 16 2 0 0 17 16 16 16 17 16 1 1 2 17 18 16 16 18 17 1 1 2 0 0 0 2 0 1 1 0 2 2 1 1 2 0 1 0 1 1 2 0 0 0 0 2 32 32 34 33 34 33 18 16 18 34 32 34 32 34 32 18 16 17 33 33 34 34 34 32 17 17 17 
1
0 1 1 0 0 0 2 2 1 
0 2 0 1 0 0 1 2 0 2 2 0 1 0 0 0 1 0 1 1 2 1 2 0 0 2 1 1 1 2 0 0 0 2 0 1 1 0 2 2 1 1 2 0 1 0 1 1 2 0 0 0 0 2 0 0 2 1 2 1 2 0 2 2 0 2 0 2 0 2 0 1 1 1 2 2 2 0 1 1 1 
0 2 0 17 16 16 17 18 16 2 2 0 17 16 16 16 17 16 1 1 2 17 18 16 16 18 17 1 1 2 0 0 0 2 0 1 1 0 2 2 1 1 2 0 1 0 1 1 2 0 0 0 0 2 32 32 34 33 34 33 18 16 18 34 32 34 32 34 32 18 16 17 33 33 34 34 34 32 17 17 17 
1
0 1 1 0 0 0 2 2 1 
0 2 0 1 0 0 1 2 0 2 2 0 1 0 0 0 1 0 1 1 2 1 2 0 0 2 1 1 1 2 1 0 0 2 0 1 1 0 2 2 1 1 2 0 1 0 1 1 2 0 0 0 0 2 0 0 2 1 2 1 2 0 2 2 0 2 0 2 0 2 0 1 1 1 2 2 2 0 1 1 1 
0 2 0 17 16 16 17 18 16 2 2 0 17 16 16 16 17 16 1 1 2 17 18 16 16 18 17 1 1 2 1 0 0 2 0 1 1 0 2 2 1 1 2 0 1 0 1 1 2 0 0 0 0 2 32 32 34 33 34 33 18 16 18 34 32 34 32 34 32 18 16 17 33 33 34 34 34 32 17 17 17 
1
2 1 1 0 0 0 2 2 1 
2 2 0 1 0 0 1 2 0 2 2 0 1 0 0 0 1 0 1 1 2 1 2 0 0 2 1 1 1 2 1 0 0 2 0 1 1 0 2 2 1 1 2 0 1 0 1 1 2 0 0 0 0 2 0 0 2 1 2 1 2 0 2 2 0 2 0 2 0 2 0 1 1 1 2 2 2 0 1 1 1 
34 34 32 17 16 16 17 18 16 34 34 32 17 16 16 16 17 16 33 33 34 17 18 16 16 18 17 1 1 2 1 0 0 2 0 1 1 0 2 2 1 1 2 0 1 0 1 1 2 0 0 0 0 2 32 32 34 33 34 33 18 16 18 34 32 34 32 34 32 18 16 17 33 33 34 34 34 32 17 17 17 
1
2 1 1 0 0 0 2 2 1 
2 2 0 1 0 0 1 2 0 2 2 0 1 0 0 0 1 0 1 1 2 1 2 0 0 2 1 1 1 2 1 0 0 2 0 1 1 0 2 2 1 1 2 1 1 0 1 1 2 0 0 0 0 2 0 0 2 1 2 1 2 0 2 2 0 2 0 2 0 2 0 1 1 1 2 2 2 0 1 1 1 
34 34 32 17 16 16 17 18 16 34 34 32 17 16 16 16 17 16 33 33 34 17 18 16 16 18 17 1 1 2 1 0 0 2 0 1 1 0 2 2 1 1 2 1 1 0 1 1 2 0 0 0 0 2 32 32 34 33 34 33 18 16 18 34 32 34 32 34 32 18 16 17 33 33 34 34 34 32 17 17 17 
1
2 1 1 0 0 0 2 2 1 
2 2 0 1 0 0 1 2 0 2 2 0 1 0 0 0 1 0 1 1 2 1 2 0 0 2 1 1 1 2 1 0 0 2 0 1 1 0 2 2 1 1 2 1 1 0 1 1 2 0 2 0 0 2 0 0 2 1 2 1 2 0 2 2 0 2 0 2 0 2 0 1 1 1 2 2 2 0 1 1 1 
34 34 32 17 16 16 17 18 16 34 34 32 17 16 16 16 17 16 33 33 34 17 18 16 16 18 17 1 1 2 1 0 0 2 0 1 1 0 2 2 1 1 2 1 1 0 1 1 2 0 2 0 0 2 32 32 34 33 34 33 18 16 18 34 32 34 32 34 32 18 16 17 33 33 34 34 34 32 17 17 17 
1
2 1 1 0 0 1 2 2 1 
2 2 0 1 0 0 1 2 0 2 2 0 1 0 0 0 1 0 1 1 2 1 2 0 0 2 1 1 1 2 1 0 0 2 0 1 1 0 2 2 1 1 2 1 1 0 1 1 2 0 2 1 0 2 0 0 2 1 2 1 2 0 2 2 0 2 0 2 0 2 0 1 1 1 2 2 2 0 1 1 1 
34 34 32 17 16 16 17 18 16 34 34 32 17 16 16 16 17 16 33 33 34 17 18 16 16 18 17 1 1 2 1 0 0 18 16 17 1 0 2 2 1 1 18 17 17 0 1 1 2 0 2 17 16 18 32 32 34 33 34 33 18 16 18 34 32 34 32 34 32 18 16 17 33 33 34 34 34 32 17 17 17 
1
2 1 1 0 0 1 2 2 1 
2 2 0 1 0 0 1 2 0 2 2 0 1 0 0 0 1 0 1 1 2 1 2 0 0 2 1 1 1 2 1 0 0 2 0 1 1 0 2 2 1 1 2 1 1 0 1 1 2 0 2 1 0 2 0 0 2 1 2 1 2 0 2 2 0 2 0 2 0 2 0 1 1 1 2 2 2 0 1 1 1 
34 34 32 17 16 16 17 18 16 34 34 32 17 16 16 16 17 16 33 33 34 17 18 16 16 18 17 1 1 2 1 0 0 18 16 17 1 0 2 2 1 1 18 17 17 0 1 1 2 0 2 17 16 18 32 32 34 33 34 33 18 16 18 34 32 34 32 34 32 18 16 17 33 33 34 34 34 32 17 17 17 
1
