0 0 0 0 0 0 0 0 0 
0 0 0 0 0 0 0 0 0 0 0 0 0 0 0 0 0 0 0 0 0 0 0 0 0 0 0 0 0 0 0 0 0 0 0 0 0 0 0 0 1 0 0 0 0 0 0 0 0 0 0 0 0 0 0 0 0 0 0 0 0 0 0 0 0 0 0 0 0 0 0 0 0 0 0 0 0 0 0 0 0 
0 0 0 0 0 0 0 0 0 0 0 0 0 0 0 0 0 0 0 0 0 0 0 0 0 0 0 0 0 0 0 0 0 0 0 0 0 0 0 0 1 0 0 0 0 0 0 0 0 0 0 0 0 0 0 0 0 0 0 0 0 0 0 0 0 0 0 0 0 0 0 0 0 0 0 0 0 0 0 0 0 
1
0 0 0 0 0 0 0 0 0 
0 0 0 0 0 0 0 0 0 0 0 0 0 0 0 0 0 0 0 0 0 0 0 0 0 0 0 0 0 0 0 0 0 0 0 0 0 0 0 0 1 0 0 0 0 0 0 0 0 2 0 0 0 0 0 0 0 0 0 0 0 0 0 0 0 0 0 0 0 0 0 0 0 0 0 0 0 0 0 0 0 
0 0 0 0 0 0 0 0 0 0 0 0 0 0 0 0 0 0 0 0 0 0 0 0 0 0 0 0 0 0 0 0 0 0 0 0 0 0 0 0 1 0 0 0 0 0 0 0 0 2 0 0 0 0 0 0 0 0 0 0 0 0 0 0 0 0 0 0 0 0 0 0 0 0 0 0 0 0 0 0 0 
1
0 0 0 0 0 0 0 0 0 
0 0 0 0 0 0 0 0 0 0 0 0 0 0 0 0 0 0 0 0 0 0 0 0 0 0 0 0 0 0 0 0 0 0 0 0 0 0 0 0 1 0 0 0 0 0 0 0 0 2 0 0 0 0 0 0 0 0 0 0 0 0 0 0 0 0 0 0 0 0 0 0 0 0 0 0 0 1 0 0 0 
0 0 0 0 0 0 0 0 0 0 0 0 0 0 0 0 0 0 0 0 0 0 0 0 0 0 0 0 0 0 0 0 0 0 0 0 0 0 0 0 1 0 0 0 0 0 0 0 0 2 0 0 0 0 0 0 0 0 0 0 0 0 0 0 0 0 0 0 0 0 0 0 0 0 0 0 0 1 0 0 0 
1
0 0 0 0 0 0 0 0 0 
0 0 0 0 0 0 0 0 0 0 0 0 0 0 0 0 0 0 0 0 0 0 0 0 0 0 0 0 0 0 0 0 0 0 0 0 0 0 0 0 1 0 0 0 0 0 0 0 0 2 0 0 0 0 0 0 0 0 0 0 0 0 0 0 0 0 0 0 0 2 0 0 0 0 0 0 0 1 0 0 0 
0 0 0 0 0 0 0 0 0 0 0 0 0 0 0 0 0 0 0 0 0 0 0 0 0 0 0 0 0 0 0 0 0 0 0 0 0 0 0 0 1 0 0 0 0 0 0 0 0 2 0 0 0 0 0 0 0 0 0 0 0 0 0 0 0 0 0 0 0 2 0 0 0 0 0 0 0 1 0 0 0 
1
0 0 0 0 0 0 0 0 0 
0 0 0 0 0 0 0 0 0 0 0 0 0 0 0 0 0 0 0 0 0 0 0 0 0 0 0 0 0 0 0 0 0 0 0 0 1 0 0 0 1 0 0 0 0 0 0 0 0 2 0 0 0 0 0 0 0 0 0 0 0 0 0 0 0 0 0 0 0 2 0 0 0 0 0 0 0 1 0 0 0 
0 0 0 0 0 0 0 0 0 0 0 0 0 0 0 0 0 0 0 0 0 0 0 0 0 0 0 0 0 0 0 0 0 0 0 0 1 0 0 0 1 0 0 0 0 0 0 0 0 2 0 0 0 0 0 0 0 0 0 0 0 0 0 0 0 0 0 0 0 2 0 0 0 0 0 0 0 1 0 0 0 
1
0 0 0 0 0 0 0 0 0 
0 0 0 0 0 0 0 0 0 0 0 0 0 0 0 0 0 0 0 0 0 0 0 0 0 0 0 0 0 2 0 0 0 0 0 0 1 0 0 0 1 0 0 0 0 0 0 0 0 2 0 0 0 0 0 0 0 0 0 0 0 0 0 0 0 0 0 0 0 2 0 0 0 0 0 0 0 1 0 0 0 
0 0 0 0 0 0 0 0 0 0 0 0 0 0 0 0 0 0 0 0 0 0 0 0 0 0 0 0 0 2 0 0 0 0 0 0 1 0 0 0 1 0 0 0 0 0 0 0 0 2 0 0 0 0 0 0 0 0 0 0 0 0 0 0 0 0 0 0 0 2 0 0 0 0 0 0 0 1 0 0 0 
1
0 0 0 0 0 0 0 0 0 
0 0 0 0 0 0 0 0 0 0 0 0 0 0 0 0 0 0 0 0 0 0 0 0 0 1 0 0 0 2 0 0 0 0 0 0 1 0 0 0 1 0 0 0 0 0 0 0 0 2 0 0 0 0 0 0 0 0 0 0 0 0 0 0 0 0 0 0 0 2 0 0 0 0 0 0 0 1 0 0 0 
0 0 0 0 0 0 0 0 0 0 0 0 0 0 0 0 0 0 0 0 0 0 0 0 0 1 0 0 0 2 0 0 0 0 0 0 1 0 0 0 1 0 0 0 0 0 0 0 0 2 0 0 0 0 0 0 0 0 0 0 0 0 0 0 0 0 0 0 0 2 0 0 0 0 0 0 0 1 0 0 0 
1
0 0 0 0 0 0 0 0 0 
0 0 0 0 0 0 0 0 0 0 0 0 0 0 0 0 0 0 0 0 0 0 0 0 0 1 0 0 0 2 0 0 0 0 0 0 1 0 0 0 1 0 0 0 0 0 0 0 0 2 0 0 0 0 0 0 0 0 0 0 0 0 0 0 0 0 0 0 2 2 0 0 0 0 0 0 0 1 0 0 0 
0 0 0 0 0 0 0 0 0 0 0 0 0 0 0 0 0 0 0 0 0 0 0 0 0 1 0 0 0 2 0 0 0 0 0 0 1 0 0 0 1 0 0 0 0 0 0 0 0 2 0 0 0 0 0 0 0 0 0 0 0 0 0 0 0 0 0 0 2 2 0 0 0 0 0 0 0 1 0 0 0 
1
0 0 0 0 0 0 0 0 0 
0 0 0 0 0 0 0 0 0 0 0 0 0 0 0 0 0 0 0 0 0 0 0 0 0 1 0 0 0 2 0 0 0 0 0 0 1 0 0 0 1 0 0 0 0 0 0 0 0 2 0 1 0 0 0 0 0 0 0 0 0 0 0 0 0 0 0 0 2 2 0 0 0 0 0 0 0 1 0 0 0 
0 0 0 0 0 0 0 0 0 0 0 0 0 0 0 0 0 0 0 0 0 0 0 0 0 1 0 0 0 2 0 0 0 0 0 0 1 0 0 0 1 0 0 0 0 0 0 0 0 2 0 1 0 0 0 0 0 0 0 0 0 0 0 0 0 0 0 0 2 2 0 0 0 0 0 0 0 1 0 0 0 
1
0 0 0 0 0 0 0 0 0 
0 0 0 0 0 0 0 0 0 0 0 0 0 0 0 0 0 0 0 0 0 0 0 0 0 1 0 0 0 2 0 0 0 0 0 0 1 0 0 0 1 0 0 0 0 0 0 0 0 2 0 1 0 0 0 0 2 0 0 0 0 0 0 0 0 0 0 0 2 2 0 0 0 0 0 0 0 1 0 0 0 
0 0 0 0 0 0 0 0 0 0 0 0 0 0 0 0 0 0 0 0 0 0 0 0 0 1 0 0 0 2 0 0 0 0 0 0 1 0 0 0 1 0 0 0 0 0 0 0 0 2 0 1 0 0 0 0 2 0 0 0 0 0 0 0 0 0 0 0 2 2 0 0 0 0 0 0 0 1 0 0 0 
1
0 0 0 0 0 0 0 0 0 
0 0 0 0 0 0 0 0 0 0 0 0 0 0 0 0 0 0 0 0 0 0 0 0 0 1 1 0 0 2 0 0 0 0 0 0 1 0 0 0 1 0 0 0 0 0 0 0 0 2 0 1 0 0 0 0 2 0 0 0 0 0 0 0 0 0 0 0 2 2 0 0 0 0 0 0 0 1 0 0 0 
0 0 0 0 0 0 0 0 0 0 0 0 0 0 0 0 0 0 0 0 0 0 0 0 0 1 1 0 0 2 0 0 0 0 0 0 1 0 0 0 1 0 0 0 0 0 0 0 0 2 0 1 0 0 0 0 2 0 0 0 0 0 0 0 0 0 0 0 2 2 0 0 0 0 0 0 0 1 0 0 0 
1
0 0 0 0 0 0 0 0 0 
0 0 0 0 0 0 0 0 0 0 0 0 0 0 0 0 0 0 0 0 0 0 0 0 0 1 1 0 0 2 0 0 0 0 0 0 1 0 0 0 1 0 0 0 0 0 0 0 0 2 0 1 0 0 0 0 2 0 0 0 0 0 0 0 0 0 0 0 2 2 0 2 0 0 0 0 0 1 0 0 0 
0 0 0 0 0 0 0 0 0 0 0 0 0 0 0 0 0 0 0 0 0 0 0 0 0 1 1 0 0 2 0 0 0 0 0 0 1 0 0 0 1 0 0 0 0 0 0 0 0 2 0 1 0 0 0 0 2 0 0 0 0 0 0 0 0 0 0 0 2 2 0 2 0 0 0 0 0 1 0 0 0 
1
0 0 0 0 0 0 0 0 0 
0 0 0 0 0 0 0 0 0 0 0 0 0 0 0 0 0 0 0 0 0 0 0 0 0 1 1 0 0 2 0 0 0 1 0 0 1 0 0 0 1 0 0 0 0 0 0 0 0 2 0 1 0 0 0 0 2 0 0 0 0 0 0 0 0 0 0 0 2 2 0 2 0 0 0 0 0 1 0 0 0 
0 0 0 0 0 0 0 0 0 0 0 0 0 0 0 0 0 0 0 0 0 0 0 0 0 1 1 0 0 2 0 0 0 1 0 0 1 0 0 0 1 0 0 0 0 0 0 0 0 2 0 1 0 0 0 0 2 0 0 0 0 0 0 0 0 0 0 0 2 2 0 2 0 0 0 0 0 1 0 0 0 
1
0 0 0 0 0 0 0 0 0 
0 0 0 0 0 0 0 0 0 0 0 0 0 0 0 0 0 0 0 2 0 0 0 0 0 1 1 0 0 2 0 0 0 1 0 0 1 0 0 0 1 0 0 0 0 0 0 0 0 2 0 1 0 0 0 0 2 0 0 0 0 0 0 0 0 0 0 0 2 2 0 2 0 0 0 0 0 1 0 0 0 
0 0 0 0 0 0 0 0 0 0 0 0 0 0 0 0 0 0 0 2 0 0 0 0 0 1 1 0 0 2 0 0 0 1 0 0 1 0 0 0 1 0 0 0 0 0 0 0 0 2 0 1 0 0 0 0 2 0 0 0 0 0 0 0 0 0 0 0 2 2 0 2 0 0 0 0 0 1 0 0 0 
1
0 0 0 0 0 0 0 0 0 
0 0 0 0 0 0 0 0 0 0 0 0 0 0 0 0 0 0 0 2 0 0 0 0 0 1 1 0 0 2 0 0 0 1 0 0 1 0 0 0 1 0 0 0 0 0 0 0 0 2 0 1 0 0 0 0 2 0 0 0 0 0 0 0 0 0 0 0 2 2 0 2 0 0 0 1 0 1 0 0 0 
0 0 0 0 0 0 0 0 0 0 0 0 0 0 0 0 0 0 0 2 0 0 0 0 0 1 1 0 0 2 0 0 0 1 0 0 1 0 0 0 1 0 0 0 0 0 0 0 0 2 0 1 0 0 0 0 2 0 0 0 0 0 0 0 0 0 0 0 2 2 0 2 0 0 0 1 0 1 0 0 0 
1
0 0 0 0 0 0 0 0 0 
0 0 0 0 0 0 0 0 0 0 0 0 0 0 0 0 0 0 0 2 0 0 0 0 0 1 1 0 0 2 0 0 0 1 0 0 1 0 0 0 1 0 0 0 0 0 0 0 0 2 0 1 0 0 0 2 2 0 0 0 0 0 0 0 0 0 0 0 2 2 0 2 0 0 0 1 0 1 0 0 0 
0 0 0 0 0 0 0 0 0 0 0 0 0 0 0 0 0 0 0 2 0 0 0 0 0 1 1 0 0 2 0 0 0 1 0 0 1 0 0 0 1 0 0 0 0 0 0 0 0 2 0 1 0 0 0 2 2 0 0 0 0 0 0 0 0 0 0 0 2 2 0 2 0 0 0 1 0 1 0 0 0 
1
0 0 0 0 0 0 0 0 0 
0 0 0 0 0 0 0 0 0 0 0 0 0 0 0 0 0 0 0 2 0 0 1 0 0 1 1 0 0 2 0 0 0 1 0 0 1 0 0 0 1 0 0 0 0 0 0 0 0 2 0 1 0 0 0 2 2 0 0 0 0 0 0 0 0 0 0 0 2 2 0 2 0 0 0 1 0 1 0 0 0 
0 0 0 0 0 0 0 0 0 0 0 0 0 0 0 0 0 0 0 2 0 0 1 0 0 1 1 0 0 2 0 0 0 1 0 0 1 0 0 0 1 0 0 0 0 0 0 0 0 2 0 1 0 0 0 2 2 0 0 0 0 0 0 0 0 0 0 0 2 2 0 2 0 0 0 1 0 1 0 0 0 
1
0 0 0 0 0 0 0 0 0 
0 0 0 0 0 0 0 0 0 0 0 0 0 0 0 0 0 0 0 2 0 0 1 0 0 1 1 0 0 2 0 0 0 1 0 0 1 0 0 0 1 0 0 0 0 0 0 0 0 2 0 1 0 0 0 2 2 0 0 0 0 0 0 0 0 0 2 0 2 2 0 2 0 0 0 1 0 1 0 0 0 
0 0 0 0 0 0 0 0 0 0 0 0 0 0 0 0 0 0 0 2 0 0 1 0 0 1 1 0 0 2 0 0 0 1 0 0 1 0 0 0 1 0 0 0 0 0 0 0 0 2 0 1 0 0 0 2 2 0 0 0 0 0 0 0 0 0 2 0 2 2 0 2 0 0 0 1 0 1 0 0 0 
1
0 0 0 0 0 0 0 0 0 
0 0 0 0 0 0 0 0 0 0 0 0 0 0 0 0 0 0 0 2 0 0 1 0 0 1 1 0 0 2 0 0 0 1 0 0 1 0 1 0 1 0 0 0 0 0 0 0 0 2 0 1 0 0 0 2 2 0 0 0 0 0 0 0 0 0 2 0 2 2 0 2 0 0 0 1 0 1 0 0 0 
0 0 0 0 0 0 0 0 0 0 0 0 0 0 0 0 0 0 0 2 0 0 1 0 0 1 1 0 0 2 0 0 0 1 0 0 1 0 1 0 1 0 0 0 0 0 0 0 0 2 0 1 0 0 0 2 2 0 0 0 0 0 0 0 0 0 2 0 2 2 0 2 0 0 0 1 0 1 0 0 0 
1
0 0 0 0 0 0 0 0 0 
0 0 0 0 0 0 0 0 0 0 0 0 0 0 0 0 0 0 0 2 0 0 1 0 0 1 1 0 0 2 0 0 0 1 0 0 1 0 1 0 1 0 2 0 0 0 0 0 0 2 0 1 0 0 0 2 2 0 0 0 0 0 0 0 0 0 2 0 2 2 0 2 0 0 0 1 0 1 0 0 0 
0 0 0 0 0 0 0 0 0 0 0 0 0 0 0 0 0 0 0 2 0 0 1 0 0 1 1 0 0 2 0 0 0 1 0 0 1 0 1 0 1 0 2 0 0 0 0 0 0 2 0 1 0 0 0 2 2 0 0 0 0 0 0 0 0 0 2 0 2 2 0 2 0 0 0 1 0 1 0 0 0 
1
0 0 0 1 0 0 0 0 0 
0 0 0 0 0 0 0 0 0 0 0 0 0 0 0 0 0 0 0 2 0 0 1 0 0 1 1 0 0 2 0 0 0 1 0 0 1 1 1 0 1 0 2 0 0 0 0 0 0 2 0 1 0 0 0 2 2 0 0 0 0 0 0 0 0 0 2 0 2 2 0 2 0 0 0 1 0 1 0 0 0 
0 0 0 0 0 0 0 0 0 0 0 0 0 0 0 0 0 0 0 2 0 0 1 0 0 1 1 16 16 18 0 0 0 1 0 0 17 17 17 0 1 0 2 0 0 16 16 16 0 2 0 1 0 0 0 2 2 0 0 0 0 0 0 0 0 0 2 0 2 2 0 2 0 0 0 1 0 1 0 0 0 
1
0 0 0 1 0 0 0 0 0 
0 0 0 0 0 0 0 0 0 0 0 0 0 0 0 0 0 0 0 2 0 0 1 0 0 1 1 0 0 2 0 0 0 1 0 0 1 1 1 0 1 0 2 0 0 0 0 0 0 2 2 1 0 0 0 2 2 0 0 0 0 0 0 0 0 0 2 0 2 2 0 2 0 0 0 1 0 1 0 0 0 
0 0 0 0 0 0 0 0 0 0 0 0 0 0 0 0 0 0 0 2 0 0 1 0 0 1 1 16 16 18 0 0 0 1 0 0 17 17 17 0 1 0 2 0 0 16 16 16 0 2 2 1 0 0 0 2 2 0 0 0 0 0 0 0 0 0 2 0 2 2 0 2 0 0 0 1 0 1 0 0 0 
1
0 0 0 1 0 0 0 0 0 
0 0 0 0 0 0 0 0 0 0 0 0 0 0 0 0 0 0 0 2 0 0 1 0 0 1 1 0 0 2 0 0 0 1 0 0 1 1 1 0 1 0 2 0 0 0 0 0 0 2 2 1 0 0 0 2 2 0 0 0 0 0 1 0 0 0 2 0 2 2 0 2 0 0 0 1 0 1 0 0 0 
0 0 0 0 0 0 0 0 0 0 0 0 0 0 0 0 0 0 0 2 0 0 1 0 0 1 1 16 16 18 0 0 0 1 0 0 17 17 17 0 1 0 2 0 0 16 16 16 0 2 2 1 0 0 0 2 2 0 0 0 0 0 1 0 0 0 2 0 2 2 0 2 0 0 0 1 0 1 0 0 0 
1
0 0 0 1 0 0 0 0 0 
0 0 0 0 0 0 0 0 0 0 0 0 0 0 0 0 0 0 0 2 0 0 1 0 2 1 1 0 0 2 0 0 0 1 0 0 1 1 1 0 1 0 2 0 0 0 0 0 0 2 2 1 0 0 0 2 2 0 0 0 0 0 1 0 0 0 2 0 2 2 0 2 0 0 0 1 0 1 0 0 0 
0 0 0 0 0 0 0 0 0 0 0 0 0 0 0 0 0 0 0 2 0 0 1 0 2 1 1 16 16 18 0 0 0 1 0 0 17 17 17 0 1 0 2 0 0 16 16 16 0 2 2 1 0 0 0 2 2 0 0 0 0 0 1 0 0 0 2 0 2 2 0 2 0 0 0 1 0 1 0 0 0 
1
0 0 0 1 0 0 0 0 0 
0 0 0 0 0 0 0 0 0 0 0 0 0 0 0 0 0 0 0 2 0 0 1 0 2 1 1 0 0 2 0 0 0 1 0 0 1 1 1 0 1 0 2 0 0 0 0 0 0 2 2 1 0 0 1 2 2 0 0 0 0 0 1 0 0 0 2 0 2 2 0 2 0 0 0 1 0 1 0 0 0 
0 0 0 0 0 0 0 0 0 0 0 0 0 0 0 0 0 0 0 2 0 0 1 0 2 1 1 16 16 18 0 0 0 1 0 0 17 17 17 0 1 0 2 0 0 16 16 16 0 2 2 1 0 0 1 2 2 0 0 0 0 0 1 0 0 0 2 0 2 2 0 2 0 0 0 1 0 1 0 0 0 
1
0 0 0 1 0 0 0 0 0 
0 0 0 0 0 0 0 0 0 0 0 0 0 0 0 0 0 0 2 2 0 0 1 0 2 1 1 0 0 2 0 0 0 1 0 0 1 1 1 0 1 0 2 0 0 0 0 0 0 2 2 1 0 0 1 2 2 0 0 0 0 0 1 0 0 0 2 0 2 2 0 2 0 0 0 1 0 1 0 0 0 
0 0 0 0 0 0 0 0 0 0 0 0 0 0 0 0 0 0 2 2 0 0 1 0 2 1 1 16 16 18 0 0 0 1 0 0 17 17 17 0 1 0 2 0 0 16 16 16 0 2 2 1 0 0 1 2 2 0 0 0 0 0 1 0 0 0 2 0 2 2 0 2 0 0 0 1 0 1 0 0 0 
1
0 0 0 1 0 0 0 0 0 
0 0 0 0 0 0 0 0 0 0 0 0 0 0 0 0 0 0 2 2 0 0 1 0 2 1 1 0 0 2 0 0 0 1 0 0 1 1 1 0 1 0 2 0 0 0 0 0 0 2 2 1 0 0 1 2 2 0 0 0 0 0 1 0 0 0 2 0 2 2 0 2 1 0 0 1 0 1 0 0 0 
0 0 0 0 0 0 0 0 0 0 0 0 0 0 0 0 0 0 2 2 0 0 1 0 2 1 1 16 16 18 0 0 0 1 0 0 17 17 17 0 1 0 2 0 0 16 16 16 0 2 2 1 0 0 1 2 2 0 0 0 0 0 1 0 0 0 2 0 2 2 0 2 1 0 0 1 0 1 0 0 0 
1
0 0 0 1 0 0 0 0 0 
0 0 0 0 0 0 0 0 0 0 0 0 0 0 0 0 0 0 2 2 0 0 1 0 2 1 1 0 0 2 0 0 0 1 0 0 1 1 1 0 1 0 2 0 0 0 0 0 0 2 2 1 0 0 1 2 2 0 0 0 0 0 1 0 0 0 2 0 2 2 0 2 1 0 2 1 0 1 0 0 0 
0 0 0 0 0 0 0 0 0 0 0 0 0 0 0 0 0 0 2 2 0 0 1 0 2 1 1 16 16 18 0 0 0 1 0 0 17 17 17 0 1 0 2 0 0 16 16 16 0 2 2 1 0 0 1 2 2 0 0 0 0 0 1 0 0 0 2 0 2 2 0 2 1 0 2 1 0 1 0 0 0 
1
0 0 0 1 0 0 0 0 0 
0 0 0 0 0 0 0 0 0 0 0 0 0 0 0 0 0 0 2 2 0 0 1 0 2 1 1 0 0 2 0 0 0 1 0 0 1 1 1 0 1 0 2 0 0 0 0 0 0 2 2 1 0 0 1 2 2 0 0 0 0 1 1 0 0 0 2 0 2 2 0 2 1 0 2 1 0 1 0 0 0 
0 0 0 0 0 0 0 0 0 0 0 0 0 0 0 0 0 0 2 2 0 0 1 0 2 1 1 16 16 18 0 0 0 1 0 0 17 17 17 0 1 0 2 0 0 16 16 16 0 2 2 1 0 0 1 2 2 0 0 0 0 1 1 0 0 0 2 0 2 2 0 2 1 0 2 1 0 1 0 0 0 
1
0 0 0 1 0 0 0 0 0 
0 0 0 2 0 0 0 0 0 0 0 0 0 0 0 0 0 0 2 2 0 0 1 0 2 1 1 0 0 2 0 0 0 1 0 0 1 1 1 0 1 0 2 0 0 0 0 0 0 2 2 1 0 0 1 2 2 0 0 0 0 1 1 0 0 0 2 0 2 2 0 2 1 0 2 1 0 1 0 0 0 
0 0 0 2 0 0 0 0 0 0 0 0 0 0 0 0 0 0 2 2 0 0 1 0 2 1 1 16 16 18 0 0 0 1 0 0 17 17 17 0 1 0 2 0 0 16 16 16 0 2 2 1 0 0 1 2 2 0 0 0 0 1 1 0 0 0 2 0 2 2 0 2 1 0 2 1 0 1 0 0 0 
1
0 0 0 1 0 0 0 0 0 
0 0 0 2 0 0 0 0 0 0 0 1 0 0 0 0 0 0 2 2 0 0 1 0 2 1 1 0 0 2 0 0 0 1 0 0 1 1 1 0 1 0 2 0 0 0 0 0 0 2 2 1 0 0 1 2 2 0 0 0 0 1 1 0 0 0 2 0 2 2 0 2 1 0 2 1 0 1 0 0 0 
0 0 0 2 0 0 0 0 0 0 0 1 0 0 0 0 0 0 2 2 0 0 1 0 2 1 1 16 16 18 0 0 0 1 0 0 17 17 17 0 1 0 2 0 0 16 16 16 0 2 2 1 0 0 1 2 2 0 0 0 0 1 1 0 0 0 2 0 2 2 0 2 1 0 2 1 0 1 0 0 0 
1
0 0 0 1 0 0 0 0 0 
0 0 0 2 0 0 0 0 0 0 0 1 0 0 0 0 0 0 2 2 0 0 1 0 2 1 1 0 0 2 0 0 0 1 0 0 1 1 1 0 1 0 2 0 2 0 0 0 0 2 2 1 0 0 1 2 2 0 0 0 0 1 1 0 0 0 2 0 2 2 0 2 1 0 2 1 0 1 0 0 0 
0 0 0 2 0 0 0 0 0 0 0 1 0 0 0 0 0 0 2 2 0 0 1 0 2 1 1 16 16 18 0 0 0 1 0 0 17 17 17 0 1 0 2 0 2 16 16 16 0 2 2 1 0 0 1 2 2 0 0 0 0 1 1 0 0 0 2 0 2 2 0 2 1 0 2 1 0 1 0 0 0 
1
0 0 0 1 0 0 0 0 0 
0 0 0 2 0 0 0 0 0 0 0 1 0 0 0 0 0 0 2 2 0 0 1 0 2 1 1 0 0 2 0 0 0 1 0 1 1 1 1 0 1 0 2 0 2 0 0 0 0 2 2 1 0 0 1 2 2 0 0 0 0 1 1 0 0 0 2 0 2 2 0 2 1 0 2 1 0 1 0 0 0 
0 0 0 2 0 0 0 0 0 0 0 1 0 0 0 0 0 0 2 2 0 0 1 0 2 1 1 16 16 18 0 0 0 1 0 1 17 17 17 0 1 0 2 0 2 16 16 16 0 2 2 1 0 0 1 2 2 0 0 0 0 1 1 0 0 0 2 0 2 2 0 2 1 0 2 1 0 1 0 0 0 
1
0 0 0 1 0 0 0 0 0 
0 0 0 2 0 0 2 0 0 0 0 1 0 0 0 0 0 0 2 2 0 0 1 0 2 1 1 0 0 2 0 0 0 1 0 1 1 1 1 0 1 0 2 0 2 0 0 0 0 2 2 1 0 0 1 2 2 0 0 0 0 1 1 0 0 0 2 0 2 2 0 2 1 0 2 1 0 1 0 0 0 
0 0 0 2 0 0 2 0 0 0 0 1 0 0 0 0 0 0 2 2 0 0 1 0 2 1 1 16 16 18 0 0 0 1 0 1 17 17 17 0 1 0 2 0 2 16 16 16 0 2 2 1 0 0 1 2 2 0 0 0 0 1 1 0 0 0 2 0 2 2 0 2 1 0 2 1 0 1 0 0 0 
1
0 0 0 1 0 0 0 0 0 
0 0 1 2 0 0 2 0 0 0 0 1 0 0 0 0 0 0 2 2 0 0 1 0 2 1 1 0 0 2 0 0 0 1 0 1 1 1 1 0 1 0 2 0 2 0 0 0 0 2 2 1 0 0 1 2 2 0 0 0 0 1 1 0 0 0 2 0 2 2 0 2 1 0 2 1 0 1 0 0 0 
0 0 1 2 0 0 2 0 0 0 0 1 0 0 0 0 0 0 2 2 0 0 1 0 2 1 1 16 16 18 0 0 0 1 0 1 17 17 17 0 1 0 2 0 2 16 16 16 0 2 2 1 0 0 1 2 2 0 0 0 0 1 1 0 0 0 2 0 2 2 0 2 1 0 2 1 0 1 0 0 0 
1
0 0 0 1 0 0 0 0 0 
0 0 1 2 0 0 2 0 2 0 0 1 0 0 0 0 0 0 2 2 0 0 1 0 2 1 1 0 0 2 0 0 0 1 0 1 1 1 1 0 1 0 2 0 2 0 0 0 0 2 2 1 0 0 1 2 2 0 0 0 0 1 1 0 0 0 2 0 2 2 0 2 1 0 2 1 0 1 0 0 0 
0 0 1 2 0 0 2 0 2 0 0 1 0 0 0 0 0 0 2 2 0 0 1 0 2 1 1 16 16 18 0 0 0 1 0 1 17 17 17 0 1 0 2 0 2 16 16 16 0 2 2 1 0 0 1 2 2 0 0 0 0 1 1 0 0 0 2 0 2 2 0 2 1 0 2 1 0 1 0 0 0 
1
0 0 0 1 0 0 0 0 0 
0 0 1 2 0 0 2 1 2 0 0 1 0 0 0 0 0 0 2 2 0 0 1 0 2 1 1 0 0 2 0 0 0 1 0 1 1 1 1 0 1 0 2 0 2 0 0 0 0 2 2 1 0 0 1 2 2 0 0 0 0 1 1 0 0 0 2 0 2 2 0 2 1 0 2 1 0 1 0 0 0 
0 0 1 2 0 0 2 1 2 0 0 1 0 0 0 0 0 0 2 2 0 0 1 0 2 1 1 16 16 18 0 0 0 1 0 1 17 17 17 0 1 0 2 0 2 16 16 16 0 2 2 1 0 0 1 2 2 0 0 0 0 1 1 0 0 0 2 0 2 2 0 2 1 0 2 1 0 1 0 0 0 
1
0 0 0 1 0 0 0 0 0 
0 0 1 2 0 0 2 1 2 0 0 1 0 0 0 0 0 0 2 2 0 2 1 0 2 1 1 0 0 2 0 0 0 1 0 1 1 1 1 0 1 0 2 0 2 0 0 0 0 2 2 1 0 0 1 2 2 0 0 0 0 1 1 0 0 0 2 0 2 2 0 2 1 0 2 1 0 1 0 0 0 
0 0 1 2 0 0 2 1 2 0 0 1 0 0 0 0 0 0 2 2 0 2 1 0 2 1 1 16 16 18 0 0 0 1 0 1 17 17 17 0 1 0 2 0 2 16 16 16 0 2 2 1 0 0 1 2 2 0 0 0 0 1 1 0 0 0 2 0 2 2 0 2 1 0 2 1 0 1 0 0 0 
1
0 0 0 1 0 0 0 0 0 
0 0 1 2 0 0 2 1 2 0 0 1 0 0 0 0 0 0 2 2 0 2 1 0 2 1 1 0 0 2 0 0 0 1 0 1 1 1 1 0 1 0 2 0 2 0 0 0 0 2 2 1 0 0 1 2 2 0 0 0 0 1 1 0 0 0 2 0 2 2 0 2 1 1 2 1 0 1 0 0 0 
0 0 1 2 0 0 2 1 2 0 0 1 0 0 0 0 0 0 2 2 0 2 1 0 2 1 1 16 16 18 0 0 0 1 0 1 17 17 17 0 1 0 2 0 2 16 16 16 0 2 2 1 0 0 1 2 2 0 0 0 0 1 1 0 0 0 2 0 2 2 0 2 1 1 2 1 0 1 0 0 0 
1
0 0 0 1 0 0 0 0 0 
0 0 1 2 0 0 2 1 2 0 0 1 0 0 0 0 0 0 2 2 0 2 1 0 2 1 1 0 0 2 0 0 0 1 0 1 1 1 1 0 1 0 2 0 2 0 0 0 0 2 2 1 0 0 1 2 2 0 0 0 0 1 1 0 0 0 2 0 2 2 0 2 1 1 2 1 2 1 0 0 0 
0 0 1 2 0 0 2 1 2 0 0 1 0 0 0 0 0 0 2 2 0 2 1 0 2 1 1 16 16 18 0 0 0 1 0 1 17 17 17 0 1 0 2 0 2 16 16 16 0 2 2 1 0 0 1 2 2 0 0 0 0 1 1 0 0 0 2 0 2 2 0 2 1 1 2 1 2 1 0 0 0 
1
0 0 0 1 0 0 0 0 0 
0 0 1 2 0 0 2 1 2 0 0 1 0 0 0 0 0 0 2 2 0 2 1 0 2 1 1 0 0 2 0 0 0 1 0 1 1 1 1 0 1 0 2 0 2 0 0 0 0 2 2 1 0 0 1 2 2 0 0 0 0 1 1 0 0 0 2 1 2 2 0 2 1 1 2 1 2 1 0 0 0 
0 0 1 2 0 0 2 1 2 0 0 1 0 0 0 0 0 0 2 2 0 2 1 0 2 1 1 16 16 18 0 0 0 1 0 1 17 17 17 0 1 0 2 0 2 16 16 16 0 2 2 1 0 0 1 2 2 0 0 0 0 1 1 0 0 0 2 1 2 2 0 2 1 1 2 1 2 1 0 0 0 
1
0 0 0 1 2 0 0 0 0 
0 0 1 2 0 0 2 1 2 0 0 1 0 0 0 0 0 0 2 2 0 2 1 0 2 1 1 0 0 2 0 0 0 1 0 1 1 1 1 0 1 0 2 0 2 0 0 0 2 2 2 1 0 0 1 2 2 0 0 0 0 1 1 0 0 0 2 1 2 2 0 2 1 1 2 1 2 1 0 0 0 
0 0 1 2 0 0 2 1 2 0 0 1 0 0 0 0 0 0 2 2 0 2 1 0 2 1 1 16 16 18 32 32 32 1 0 1 17 17 17 32 33 32 2 0 2 16 16 16 34 34 34 1 0 0 1 2 2 0 0 0 0 1 1 0 0 0 2 1 2 2 0 2 1 1 2 1 2 1 0 0 0 
1
0 0 0 1 2 0 1 0 0 
0 0 1 2 0 0 2 1 2 0 0 1 0 0 0 0 0 0 2 2 0 2 1 0 2 1 1 0 0 2 0 0 0 1 0 1 1 1 1 0 1 0 2 0 2 0 0 0 2 2 2 1 0 0 1 2 2 0 0 0 0 1 1 1 0 0 2 1 2 2 0 2 1 1 2 1 2 1 0 0 0 
0 0 1 2 0 0 2 1 2 0 0 1 0 0 0 0 0 0 2 2 0 2 1 0 2 1 1 16 16 18 32 32 32 1 0 1 17 17 17 32 33 32 2 0 2 16 16 16 34 34 34 1 0 0 17 18 18 0 0 0 0 1 1 17 16 16 2 1 2 2 0 2 17 17 18 1 2 1 0 0 0 
1
0 0 0 1 2 0 1 0 0 
0 0 1 2 0 0 2 1 2 0 0 1 0 0 0 0 0 0 2 2 0 2 1 0 2 1 1 0 0 2 0 0 0 1 0 1 1 1 1 0 1 0 2 0 2 0 0 0 2 2 2 1 0 0 1 2 2 0 2 0 0 1 1 1 0 0 2 1 2 2 0 2 1 1 2 1 2 1 0 0 0 
0 0 1 2 0 0 2 1 2 0 0 1 0 0 0 0 0 0 2 2 0 2 1 0 2 1 1 16 16 18 32 32 32 1 0 1 17 17 17 32 33 32 2 0 2 16 16 16 34 34 34 1 0 0 17 18 18 0 2 0 0 1 1 17 16 16 2 1 2 2 0 2 17 17 18 1 2 1 0 0 0 
1
0 0 0 1 2 0 1 0 0 
0 0 1 2 1 0 2 1 2 0 0 1 0 0 0 0 0 0 2 2 0 2 1 0 2 1 1 0 0 2 0 0 0 1 0 1 1 1 1 0 1 0 2 0 2 0 0 0 2 2 2 1 0 0 1 2 2 0 2 0 0 1 1 1 0 0 2 1 2 2 0 2 1 1 2 1 2 1 0 0 0 
0 0 1 2 1 0 2 1 2 0 0 1 0 0 0 0 0 0 2 2 0 2 1 0 2 1 1 16 16 18 32 32 32 1 0 1 17 17 17 32 33 32 2 0 2 16 16 16 34 34 34 1 0 0 17 18 18 0 2 0 0 1 1 17 16 16 2 1 2 2 0 2 17 17 18 1 2 1 0 0 0 
1
0 0 0 1 2 0 1 0 0 
0 0 1 2 1 0 2 1 2 0 0 1 0 0 0 0 0 0 2 2 0 2 1 2 2 1 1 0 0 2 0 0 0 1 0 1 1 1 1 0 1 0 2 0 2 0 0 0 2 2 2 1 0 0 1 2 2 0 2 0 0 1 1 1 0 0 2 1 2 2 0 2 1 1 2 1 2 1 0 0 0 
0 0 1 2 1 0 2 1 2 0 0 1 0 0 0 0 0 0 2 2 0 2 1 2 2 1 1 16 16 18 32 32 32 1 0 1 17 17 17 32 33 32 2 0 2 16 16 16 34 34 34 1 0 0 17 18 18 0 2 0 0 1 1 17 16 16 2 1 2 2 0 2 17 17 18 1 2 1 0 0 0 
1
0 0 0 1 2 0 1 0 1 
0 0 1 2 1 0 2 1 2 0 0 1 0 0 0 0 0 0 2 2 0 2 1 2 2 1 1 0 0 2 0 0 0 1 0 1 1 1 1 0 1 0 2 0 2 0 0 0 2 2 2 1 0 0 1 2 2 0 2 0 1 1 1 1 0 0 2 1 2 2 0 2 1 1 2 1 2 1 0 0 0 
0 0 1 2 1 0 2 1 2 0 0 1 0 0 0 0 0 0 2 2 0 2 1 2 2 1 1 16 16 18 32 32 32 1 0 1 17 17 17 32 33 32 2 0 2 16 16 16 34 34 34 1 0 0 17 18 18 0 2 0 17 17 17 17 16 16 2 1 2 18 16 18 17 17 18 1 2 1 16 16 16 
1
0 0 0 1 2 0 1 0 1 
0 2 1 2 1 0 2 1 2 0 0 1 0 0 0 0 0 0 2 2 0 2 1 2 2 1 1 0 0 2 0 0 0 1 0 1 1 1 1 0 1 0 2 0 2 0 0 0 2 2 2 1 0 0 1 2 2 0 2 0 1 1 1 1 0 0 2 1 2 2 0 2 1 1 2 1 2 1 0 0 0 
0 2 1 2 1 0 2 1 2 0 0 1 0 0 0 0 0 0 2 2 0 2 1 2 2 1 1 16 16 18 32 32 32 1 0 1 17 17 17 32 33 32 2 0 2 16 16 16 34 34 34 1 0 0 17 18 18 0 2 0 17 17 17 17 16 16 2 1 2 18 16 18 17 17 18 1 2 1 16 16 16 
1
0 1 0 1 2 0 1 0 1 
0 2 1 2 1 0 2 1 2 0 0 1 0 1 0 0 0 0 2 2 0 2 1 2 2 1 1 0 0 2 0 0 0 1 0 1 1 1 1 0 1 0 2 0 2 0 0 0 2 2 2 1 0 0 1 2 2 0 2 0 1 1 1 1 0 0 2 1 2 2 0 2 1 1 2 1 2 1 0 0 0 
0 2 1 18 17 16 2 1 2 0 0 1 16 17 16 0 0 0 2 2 0 18 17 18 2 1 1 16 16 18 32 32 32 1 0 1 17 17 17 32 33 32 2 0 2 16 16 16 34 34 34 1 0 0 17 18 18 0 2 0 17 17 17 17 16 16 2 1 2 18 16 18 17 17 18 1 2 1 16 16 16 
1
0 1 0 1 2 0 1 0 1 
0 2 1 2 1 0 2 1 2 0 0 1 0 1 0 0 0 2 2 2 0 2 1 2 2 1 1 0 0 2 0 0 0 1 0 1 1 1 1 0 1 0 2 0 2 0 0 0 2 2 2 1 0 0 1 2 2 0 2 0 1 1 1 1 0 0 2 1 2 2 0 2 1 1 2 1 2 1 0 0 0 
0 2 1 18 17 16 2 1 2 0 0 1 16 17 16 0 0 2 2 2 0 18 17 18 2 1 1 16 16 18 32 32 32 1 0 1 17 17 17 32 33 32 2 0 2 16 16 16 34 34 34 1 0 0 17 18 18 0 2 0 17 17 17 17 16 16 2 1 2 18 16 18 17 17 18 1 2 1 16 16 16 
1
0 1 0 1 2 0 1 0 1 
0 2 1 2 1 0 2 1 2 0 0 1 0 1 0 0 0 2 2 2 0 2 1 2 2 1 1 0 0 2 0 0 0 1 0 1 1 1 1 0 1 0 2 0 2 0 0 0 2 2 2 1 1 0 1 2 2 0 2 0 1 1 1 1 0 0 2 1 2 2 0 2 1 1 2 1 2 1 0 0 0 
0 2 1 18 17 16 2 1 2 0 0 1 16 17 16 0 0 2 2 2 0 18 17 18 2 1 1 16 16 18 32 32 32 1 0 1 17 17 17 32 33 32 2 0 2 16 16 16 34 34 34 1 1 0 17 18 18 0 2 0 17 17 17 17 16 16 2 1 2 18 16 18 17 17 18 1 2 1 16 16 16 
1
0 1 0 1 2 0 1 0 1 
0 2 1 2 1 0 2 1 2 0 0 1 0 1 0 0 0 2 2 2 0 2 1 2 2 1 1 0 0 2 0 0 0 1 0 1 1 1 1 0 1 0 2 0 2 0 0 0 2 2 2 1 1 0 1 2 2 0 2 2 1 1 1 1 0 0 2 1 2 2 0 2 1 1 2 1 2 1 0 0 0 
0 2 1 18 17 16 2 1 2 0 0 1 16 17 16 0 0 2 2 2 0 18 17 18 2 1 1 16 16 18 32 32 32 1 0 1 17 17 17 32 33 32 2 0 2 16 16 16 34 34 34 1 1 0 17 18 18 0 2 2 17 17 17 17 16 16 2 1 2 18 16 18 17 17 18 1 2 1 16 16 16 
1
0 1 1 1 2 0 1 0 1 
0 2 1 2 1 0 2 1 2 0 0 1 0 1 0 0 1 2 2 2 0 2 1 2 2 1 1 0 0 2 0 0 0 1 0 1 1 1 1 0 1 0 2 0 2 0 0 0 2 2 2 1 1 0 1 2 2 0 2 2 1 1 1 1 0 0 2 1 2 2 0 2 1 1 2 1 2 1 0 0 0 
0 2 1 18 17 16 18 17 18 0 0 1 16 17 16 16 17 18 2 2 0 18 17 18 18 17 17 16 16 18 32 32 32 1 0 1 17 17 17 32 33 32 2 0 2 16 16 16 34 34 34 1 1 0 17 18 18 0 2 2 17 17 17 17 16 16 2 1 2 18 16 18 17 17 18 1 2 1 16 16 16 
1
0 1 1 1 2 0 1 0 1 
0 2 1 2 1 0 2 1 2 0 0 1 0 1 0 0 1 2 2 2 0 2 1 2 2 1 1 0 0 2 0 0 0 1 2 1 1 1 1 0 1 0 2 0 2 0 0 0 2 2 2 1 1 0 1 2 2 0 2 2 1 1 1 1 0 0 2 1 2 2 0 2 1 1 2 1 2 1 0 0 0 
0 2 1 18 17 16 18 17 18 0 0 1 16 17 16 16 17 18 2 2 0 18 17 18 18 17 17 16 16 18 32 32 32 1 2 1 17 17 17 32 33 32 2 0 2 16 16 16 34 34 34 1 1 0 17 18 18 0 2 2 17 17 17 17 16 16 2 1 2 18 16 18 17 17 18 1 2 1 16 16 16 
1
1 1 1 1 2 0 1 0 1 
0 2 1 2 1 0 2 1 2 0 0 1 0 1 0 0 1 2 2 2 1 2 1 2 2 1 1 0 0 2 0 0 0 1 2 1 1 1 1 0 1 0 2 0 2 0 0 0 2 2 2 1 1 0 1 2 2 0 2 2 1 1 1 1 0 0 2 1 2 2 0 2 1 1 2 1 2 1 0 0 0 
16 18 17 18 17 16 18 17 18 16 16 17 16 17 16 16 17 18 18 18 17 18 17 18 18 17 17 16 16 18 32 32 32 1 2 1 17 17 17 32 33 32 2 0 2 16 16 16 34 34 34 1 1 0 17 18 18 0 2 2 17 17 17 17 16 16 2 1 2 18 16 18 17 17 18 1 2 1 16 16 16 
1
1 1 1 1 2 0 1 0 1 
0 2 1 2 1 0 2 1 2 0 0 1 0 1 0 0 1 2 2 2 1 2 1 2 2 1 1 0 0 2 0 0 0 1 2 1 1 1 1 0 1 0 2 0 2 0 0 0 2 2 2 1 1 0 1 2 2 0 2 2 1 1 1 1 0 0 2 1 2 2 0 2 1 1 2 1 2 1 0 0 0 
16 18 17 18 17 16 18 17 18 16 16 17 16 17 16 16 17 18 18 18 17 18 17 18 18 17 17 16 16 18 32 32 32 1 2 1 17 17 17 32 33 32 2 0 2 16 16 16 34 34 34 1 1 0 17 18 18 0 2 2 17 17 17 17 16 16 2 1 2 18 16 18 17 17 18 1 2 1 16 16 16 
1
