0 0 0 0 0 0 0 0 0 
0 0 0 0 0 0 0 0 0 0 0 0 0 0 0 0 0 0 0 0 0 0 0 0 0 0 0 0 0 0 0 0 0 0 0 0 0 0 0 0 1 0 0 0 0 0 0 0 0 0 0 0 0 0 0 0 0 0 0 0 0 0 0 0 0 0 0 0 0 0 0 0 0 0 0 0 0 0 0 0 0 
0 0 0 0 0 0 0 0 0 0 0 0 0 0 0 0 0 0 0 0 0 0 0 0 0 0 0 0 0 0 0 0 0 0 0 0 0 0 0 0 1 0 0 0 0 0 0 0 0 0 0 0 0 0 0 0 0 0 0 0 0 0 0 0 0 0 0 0 0 0 0 0 0 0 0 0 0 0 0 0 0 
1
0 0 0 0 0 0 0 0 0 
0 0 0 0 0 0 0 0 0 0 0 0 0 0 0 0 0 0 0 0 0 0 0 0 0 0 0 0 0 0 0 0 0 0 0 0 0 0 0 0 1 0 0 0 0 0 0 0 0 2 0 0 0 0 0 0 0 0 0 0 0 0 0 0 0 0 0 0 0 0 0 0 0 0 0 0 0 0 0 0 0 
0 0 0 0 0 0 0 0 0 0 0 0 0 0 0 0 0 0 0 0 0 0 0 0 0 0 0 0 0 0 0 0 0 0 0 0 0 0 0 0 1 0 0 0 0 0 0 0 0 2 0 0 0 0 0 0 0 0 0 0 0 0 0 0 0 0 0 0 0 0 0 0 0 0 0 0 0 0 0 0 0 
1
0 0 0 0 0 0 0 0 0 
0 0 0 0 0 0 0 0 0 0 0 0 0 0 0 0 0 0 0 0 0 0 0 0 0 0 0 0 0 0 0 0 0 0 0 0 0 0 0 0 1 0 0 0 0 0 0 0 0 2 0 0 0 0 0 0 0 0 0 0 0 0 0 0 0 0 0 0 0 0 0 0 0 0 0 0 0 1 0 0 0 
0 0 0 0 0 0 0 0 0 0 0 0 0 0 0 0 0 0 0 0 0 0 0 0 0 0 0 0 0 0 0 0 0 0 0 0 0 0 0 0 1 0 0 0 0 0 0 0 0 2 0 0 0 0 0 0 0 0 0 0 0 0 0 0 0 0 0 0 0 0 0 0 0 0 0 0 0 1 0 0 0 
1
0 0 0 0 0 0 0 0 0 
0 0 0 0 0 0 0 0 0 0 0 0 0 0 0 0 0 0 0 0 0 0 0 0 0 0 0 0 0 0 0 0 0 0 0 0 0 0 0 0 1 0 0 0 0 0 0 0 0 2 0 0 0 0 0 0 0 0 0 0 0 0 0 0 0 0 0 0 0 2 0 0 0 0 0 0 0 1 0 0 0 
0 0 0 0 0 0 0 0 0 0 0 0 0 0 0 0 0 0 0 0 0 0 0 0 0 0 0 0 0 0 0 0 0 0 0 0 0 0 0 0 1 0 0 0 0 0 0 0 0 2 0 0 0 0 0 0 0 0 0 0 0 0 0 0 0 0 0 0 0 2 0 0 0 0 0 0 0 1 0 0 0 
1
0 0 0 0 0 0 0 0 0 
0 0 0 0 0 0 0 0 0 0 0 0 0 0 0 0 0 0 0 0 0 0 0 0 0 0 0 0 0 0 0 0 0 0 0 0 1 0 0 0 1 0 0 0 0 0 0 0 0 2 0 0 0 0 0 0 0 0 0 0 0 0 0 0 0 0 0 0 0 2 0 0 0 0 0 0 0 1 0 0 0 
0 0 0 0 0 0 0 0 0 0 0 0 0 0 0 0 0 0 0 0 0 0 0 0 0 0 0 0 0 0 0 0 0 0 0 0 1 0 0 0 1 0 0 0 0 0 0 0 0 2 0 0 0 0 0 0 0 0 0 0 0 0 0 0 0 0 0 0 0 2 0 0 0 0 0 0 0 1 0 0 0 
1
0 0 0 0 0 0 0 0 0 
0 0 0 0 0 0 0 0 0 0 0 0 0 0 0 0 0 0 0 0 0 0 0 0 0 0 0 2 0 0 0 0 0 0 0 0 1 0 0 0 1 0 0 0 0 0 0 0 0 2 0 0 0 0 0 0 0 0 0 0 0 0 0 0 0 0 0 0 0 2 0 0 0 0 0 0 0 1 0 0 0 
0 0 0 0 0 0 0 0 0 0 0 0 0 0 0 0 0 0 0 0 0 0 0 0 0 0 0 2 0 0 0 0 0 0 0 0 1 0 0 0 1 0 0 0 0 0 0 0 0 2 0 0 0 0 0 0 0 0 0 0 0 0 0 0 0 0 0 0 0 2 0 0 0 0 0 0 0 1 0 0 0 
1
0 0 0 0 0 0 0 0 0 
0 0 0 0 0 0 0 0 0 0 0 0 0 0 0 0 0 0 0 1 0 0 0 0 0 0 0 2 0 0 0 0 0 0 0 0 1 0 0 0 1 0 0 0 0 0 0 0 0 2 0 0 0 0 0 0 0 0 0 0 0 0 0 0 0 0 0 0 0 2 0 0 0 0 0 0 0 1 0 0 0 
0 0 0 0 0 0 0 0 0 0 0 0 0 0 0 0 0 0 0 1 0 0 0 0 0 0 0 2 0 0 0 0 0 0 0 0 1 0 0 0 1 0 0 0 0 0 0 0 0 2 0 0 0 0 0 0 0 0 0 0 0 0 0 0 0 0 0 0 0 2 0 0 0 0 0 0 0 1 0 0 0 
1
0 0 0 0 0 0 0 0 0 
0 0 0 0 0 0 0 0 0 0 0 0 0 0 0 0 0 0 0 1 0 0 0 0 0 0 0 2 0 0 0 0 0 0 0 0 1 0 0 0 1 0 0 0 0 0 0 0 0 2 0 0 0 0 0 0 0 0 0 0 0 0 0 0 0 0 0 0 0 2 0 0 0 0 0 0 2 1 0 0 0 
0 0 0 0 0 0 0 0 0 0 0 0 0 0 0 0 0 0 0 1 0 0 0 0 0 0 0 2 0 0 0 0 0 0 0 0 1 0 0 0 1 0 0 0 0 0 0 0 0 2 0 0 0 0 0 0 0 0 0 0 0 0 0 0 0 0 0 0 0 2 0 0 0 0 0 0 2 1 0 0 0 
1
0 0 0 0 0 0 0 0 0 
0 0 0 0 0 0 0 0 0 0 0 0 0 0 0 0 0 0 0 1 0 0 0 0 0 0 0 2 0 0 0 0 0 0 0 0 1 0 0 0 1 0 0 0 0 0 0 0 0 2 0 0 0 0 0 0 0 0 0 0 0 0 0 0 0 0 0 0 1 2 0 0 0 0 0 0 2 1 0 0 0 
0 0 0 0 0 0 0 0 0 0 0 0 0 0 0 0 0 0 0 1 0 0 0 0 0 0 0 2 0 0 0 0 0 0 0 0 1 0 0 0 1 0 0 0 0 0 0 0 0 2 0 0 0 0 0 0 0 0 0 0 0 0 0 0 0 0 0 0 1 2 0 0 0 0 0 0 2 1 0 0 0 
1
0 0 0 0 0 0 0 0 0 
0 0 0 0 0 0 0 0 0 0 0 0 0 0 0 0 0 0 0 1 0 0 0 0 0 0 0 2 0 0 0 0 0 0 0 0 1 0 0 0 1 0 2 0 0 0 0 0 0 2 0 0 0 0 0 0 0 0 0 0 0 0 0 0 0 0 0 0 1 2 0 0 0 0 0 0 2 1 0 0 0 
0 0 0 0 0 0 0 0 0 0 0 0 0 0 0 0 0 0 0 1 0 0 0 0 0 0 0 2 0 0 0 0 0 0 0 0 1 0 0 0 1 0 2 0 0 0 0 0 0 2 0 0 0 0 0 0 0 0 0 0 0 0 0 0 0 0 0 0 1 2 0 0 0 0 0 0 2 1 0 0 0 
1
0 0 0 0 0 0 0 0 0 
0 0 0 0 0 0 0 0 0 0 0 0 0 0 0 0 0 0 0 1 0 0 0 0 0 0 0 2 0 0 0 0 0 0 0 0 1 0 1 0 1 0 2 0 0 0 0 0 0 2 0 0 0 0 0 0 0 0 0 0 0 0 0 0 0 0 0 0 1 2 0 0 0 0 0 0 2 1 0 0 0 
0 0 0 0 0 0 0 0 0 0 0 0 0 0 0 0 0 0 0 1 0 0 0 0 0 0 0 2 0 0 0 0 0 0 0 0 1 0 1 0 1 0 2 0 0 0 0 0 0 2 0 0 0 0 0 0 0 0 0 0 0 0 0 0 0 0 0 0 1 2 0 0 0 0 0 0 2 1 0 0 0 
1
0 0 0 0 0 0 0 0 0 
0 0 0 0 0 0 0 0 0 0 0 0 0 0 0 0 0 0 0 1 0 0 0 0 0 0 0 2 0 0 0 0 0 0 0 0 1 0 1 0 1 0 2 0 2 0 0 0 0 2 0 0 0 0 0 0 0 0 0 0 0 0 0 0 0 0 0 0 1 2 0 0 0 0 0 0 2 1 0 0 0 
0 0 0 0 0 0 0 0 0 0 0 0 0 0 0 0 0 0 0 1 0 0 0 0 0 0 0 2 0 0 0 0 0 0 0 0 1 0 1 0 1 0 2 0 2 0 0 0 0 2 0 0 0 0 0 0 0 0 0 0 0 0 0 0 0 0 0 0 1 2 0 0 0 0 0 0 2 1 0 0 0 
1
0 0 0 0 0 0 0 0 0 
0 0 0 0 0 0 0 0 0 0 0 0 0 0 0 0 0 0 0 1 0 0 0 0 0 0 0 2 0 0 0 0 0 0 0 0 1 0 1 0 1 0 2 1 2 0 0 0 0 2 0 0 0 0 0 0 0 0 0 0 0 0 0 0 0 0 0 0 1 2 0 0 0 0 0 0 2 1 0 0 0 
0 0 0 0 0 0 0 0 0 0 0 0 0 0 0 0 0 0 0 1 0 0 0 0 0 0 0 2 0 0 0 0 0 0 0 0 1 0 1 0 1 0 2 1 2 0 0 0 0 2 0 0 0 0 0 0 0 0 0 0 0 0 0 0 0 0 0 0 1 2 0 0 0 0 0 0 2 1 0 0 0 
1
0 0 0 0 0 0 0 0 0 
0 0 0 0 0 0 0 0 0 0 0 0 0 0 0 0 0 0 0 1 0 0 0 0 0 0 0 2 0 0 0 0 0 0 0 0 1 0 1 0 1 0 2 1 2 0 0 0 0 2 2 0 0 0 0 0 0 0 0 0 0 0 0 0 0 0 0 0 1 2 0 0 0 0 0 0 2 1 0 0 0 
0 0 0 0 0 0 0 0 0 0 0 0 0 0 0 0 0 0 0 1 0 0 0 0 0 0 0 2 0 0 0 0 0 0 0 0 1 0 1 0 1 0 2 1 2 0 0 0 0 2 2 0 0 0 0 0 0 0 0 0 0 0 0 0 0 0 0 0 1 2 0 0 0 0 0 0 2 1 0 0 0 
1
0 0 0 0 0 0 0 0 0 
0 0 0 0 0 0 0 0 0 0 0 0 0 0 0 0 0 0 0 1 0 0 0 0 0 0 0 2 0 0 0 0 0 0 0 0 1 0 1 0 1 0 2 1 2 0 0 0 0 2 2 0 0 0 0 0 0 0 0 0 0 0 0 0 0 0 0 0 1 2 0 0 0 0 0 0 2 1 1 0 0 
0 0 0 0 0 0 0 0 0 0 0 0 0 0 0 0 0 0 0 1 0 0 0 0 0 0 0 2 0 0 0 0 0 0 0 0 1 0 1 0 1 0 2 1 2 0 0 0 0 2 2 0 0 0 0 0 0 0 0 0 0 0 0 0 0 0 0 0 1 2 0 0 0 0 0 0 2 1 1 0 0 
1
0 0 0 0 0 0 0 0 0 
0 0 0 0 0 0 0 0 0 0 0 0 0 0 0 0 0 0 0 1 0 0 0 0 0 0 0 2 0 0 0 0 0 0 0 0 1 0 1 0 1 0 2 1 2 0 0 0 0 2 2 0 0 0 0 0 0 0 0 0 0 0 0 2 0 0 0 0 1 2 0 0 0 0 0 0 2 1 1 0 0 
0 0 0 0 0 0 0 0 0 0 0 0 0 0 0 0 0 0 0 1 0 0 0 0 0 0 0 2 0 0 0 0 0 0 0 0 1 0 1 0 1 0 2 1 2 0 0 0 0 2 2 0 0 0 0 0 0 0 0 0 0 0 0 2 0 0 0 0 1 2 0 0 0 0 0 0 2 1 1 0 0 
1
0 0 0 0 0 0 0 0 0 
0 0 0 0 0 0 0 0 0 0 0 0 0 0 0 0 0 0 0 1 0 0 0 0 0 0 0 2 0 1 0 0 0 0 0 0 1 0 1 0 1 0 2 1 2 0 0 0 0 2 2 0 0 0 0 0 0 0 0 0 0 0 0 2 0 0 0 0 1 2 0 0 0 0 0 0 2 1 1 0 0 
0 0 0 0 0 0 0 0 0 0 0 0 0 0 0 0 0 0 0 1 0 0 0 0 0 0 0 2 0 1 0 0 0 0 0 0 1 0 1 0 1 0 2 1 2 0 0 0 0 2 2 0 0 0 0 0 0 0 0 0 0 0 0 2 0 0 0 0 1 2 0 0 0 0 0 0 2 1 1 0 0 
1
0 0 0 0 0 0 0 0 0 
0 0 0 0 0 0 0 0 0 0 0 0 0 0 0 0 0 0 0 1 0 0 0 0 0 0 2 2 0 1 0 0 0 0 0 0 1 0 1 0 1 0 2 1 2 0 0 0 0 2 2 0 0 0 0 0 0 0 0 0 0 0 0 2 0 0 0 0 1 2 0 0 0 0 0 0 2 1 1 0 0 
0 0 0 0 0 0 0 0 0 0 0 0 0 0 0 0 0 0 0 1 0 0 0 0 0 0 2 2 0 1 0 0 0 0 0 0 1 0 1 0 1 0 2 1 2 0 0 0 0 2 2 0 0 0 0 0 0 0 0 0 0 0 0 2 0 0 0 0 1 2 0 0 0 0 0 0 2 1 1 0 0 
1
0 0 0 0 0 0 0 0 0 
0 0 0 0 0 0 0 0 0 0 0 0 0 0 0 0 0 0 0 1 0 0 0 0 0 0 2 2 0 1 0 0 0 0 0 0 1 0 1 0 1 0 2 1 2 0 0 0 0 2 2 0 0 0 0 0 0 0 0 0 0 0 0 2 0 0 0 0 1 2 0 0 0 0 0 0 2 1 1 0 1 
0 0 0 0 0 0 0 0 0 0 0 0 0 0 0 0 0 0 0 1 0 0 0 0 0 0 2 2 0 1 0 0 0 0 0 0 1 0 1 0 1 0 2 1 2 0 0 0 0 2 2 0 0 0 0 0 0 0 0 0 0 0 0 2 0 0 0 0 1 2 0 0 0 0 0 0 2 1 1 0 1 
1
0 0 0 0 0 0 0 0 0 
0 0 0 0 0 0 0 0 0 0 0 0 0 0 0 0 0 0 0 1 0 0 0 0 0 0 2 2 0 1 0 0 0 0 0 0 1 0 1 0 1 0 2 1 2 0 0 0 0 2 2 0 0 0 0 0 0 0 0 0 0 0 0 2 0 0 0 0 1 2 0 2 0 0 0 0 2 1 1 0 1 
0 0 0 0 0 0 0 0 0 0 0 0 0 0 0 0 0 0 0 1 0 0 0 0 0 0 2 2 0 1 0 0 0 0 0 0 1 0 1 0 1 0 2 1 2 0 0 0 0 2 2 0 0 0 0 0 0 0 0 0 0 0 0 2 0 0 0 0 1 2 0 2 0 0 0 0 2 1 1 0 1 
1
0 0 0 0 0 0 0 0 0 
0 0 0 0 0 0 0 0 0 0 0 0 0 0 0 0 0 0 0 1 0 0 0 0 0 0 2 2 0 1 0 0 0 0 0 0 1 0 1 0 1 0 2 1 2 0 0 0 0 2 2 1 0 0 0 0 0 0 0 0 0 0 0 2 0 0 0 0 1 2 0 2 0 0 0 0 2 1 1 0 1 
0 0 0 0 0 0 0 0 0 0 0 0 0 0 0 0 0 0 0 1 0 0 0 0 0 0 2 2 0 1 0 0 0 0 0 0 1 0 1 0 1 0 2 1 2 0 0 0 0 2 2 1 0 0 0 0 0 0 0 0 0 0 0 2 0 0 0 0 1 2 0 2 0 0 0 0 2 1 1 0 1 
1
0 0 0 0 0 0 0 0 0 
0 0 0 0 0 0 0 0 0 0 0 0 0 0 0 0 0 0 0 1 0 0 0 0 0 0 2 2 0 1 0 0 0 0 0 0 1 0 1 0 1 0 2 1 2 0 0 0 0 2 2 1 0 0 2 0 0 0 0 0 0 0 0 2 0 0 0 0 1 2 0 2 0 0 0 0 2 1 1 0 1 
0 0 0 0 0 0 0 0 0 0 0 0 0 0 0 0 0 0 0 1 0 0 0 0 0 0 2 2 0 1 0 0 0 0 0 0 1 0 1 0 1 0 2 1 2 0 0 0 0 2 2 1 0 0 2 0 0 0 0 0 0 0 0 2 0 0 0 0 1 2 0 2 0 0 0 0 2 1 1 0 1 
1
0 0 0 0 0 0 0 0 0 
0 1 0 0 0 0 0 0 0 0 0 0 0 0 0 0 0 0 0 1 0 0 0 0 0 0 2 2 0 1 0 0 0 0 0 0 1 0 1 0 1 0 2 1 2 0 0 0 0 2 2 1 0 0 2 0 0 0 0 0 0 0 0 2 0 0 0 0 1 2 0 2 0 0 0 0 2 1 1 0 1 
0 1 0 0 0 0 0 0 0 0 0 0 0 0 0 0 0 0 0 1 0 0 0 0 0 0 2 2 0 1 0 0 0 0 0 0 1 0 1 0 1 0 2 1 2 0 0 0 0 2 2 1 0 0 2 0 0 0 0 0 0 0 0 2 0 0 0 0 1 2 0 2 0 0 0 0 2 1 1 0 1 
1
0 0 0 0 0 0 0 0 0 
0 1 0 0 0 0 0 0 0 0 0 0 2 0 0 0 0 0 0 1 0 0 0 0 0 0 2 2 0 1 0 0 0 0 0 0 1 0 1 0 1 0 2 1 2 0 0 0 0 2 2 1 0 0 2 0 0 0 0 0 0 0 0 2 0 0 0 0 1 2 0 2 0 0 0 0 2 1 1 0 1 
0 1 0 0 0 0 0 0 0 0 0 0 2 0 0 0 0 0 0 1 0 0 0 0 0 0 2 2 0 1 0 0 0 0 0 0 1 0 1 0 1 0 2 1 2 0 0 0 0 2 2 1 0 0 2 0 0 0 0 0 0 0 0 2 0 0 0 0 1 2 0 2 0 0 0 0 2 1 1 0 1 
1
0 0 0 1 0 0 0 0 0 
0 1 0 0 0 0 0 0 0 0 0 0 2 0 0 0 0 0 0 1 0 0 0 0 0 0 2 2 0 1 0 0 0 0 0 0 1 0 1 0 1 0 2 1 2 0 0 1 0 2 2 1 0 0 2 0 0 0 0 0 0 0 0 2 0 0 0 0 1 2 0 2 0 0 0 0 2 1 1 0 1 
0 1 0 0 0 0 0 0 0 0 0 0 2 0 0 0 0 0 0 1 0 0 0 0 0 0 2 18 16 17 0 0 0 0 0 0 17 16 17 0 1 0 2 1 2 16 16 17 0 2 2 1 0 0 2 0 0 0 0 0 0 0 0 2 0 0 0 0 1 2 0 2 0 0 0 0 2 1 1 0 1 
1
0 0 0 1 0 0 0 0 2 
0 1 0 0 0 0 0 0 0 0 0 0 2 0 0 0 0 0 0 1 0 0 0 0 0 0 2 2 0 1 0 0 0 0 0 0 1 0 1 0 1 0 2 1 2 0 0 1 0 2 2 1 0 0 2 0 0 0 0 0 0 0 0 2 0 0 0 0 1 2 2 2 0 0 0 0 2 1 1 0 1 
0 1 0 0 0 0 0 0 0 0 0 0 2 0 0 0 0 0 0 1 0 0 0 0 0 0 2 18 16 17 0 0 0 0 0 0 17 16 17 0 1 0 2 1 2 16 16 17 0 2 2 1 0 0 2 0 0 0 0 0 32 32 32 2 0 0 0 0 1 34 34 34 0 0 0 0 2 1 33 32 33 
1
0 0 0 1 0 0 0 0 2 
0 1 0 0 0 0 0 0 0 0 0 0 2 0 0 0 0 0 0 1 0 0 0 0 0 0 2 2 0 1 0 0 0 0 0 0 1 0 1 0 1 0 2 1 2 0 0 1 1 2 2 1 0 0 2 0 0 0 0 0 0 0 0 2 0 0 0 0 1 2 2 2 0 0 0 0 2 1 1 0 1 
0 1 0 0 0 0 0 0 0 0 0 0 2 0 0 0 0 0 0 1 0 0 0 0 0 0 2 18 16 17 0 0 0 0 0 0 17 16 17 0 1 0 2 1 2 16 16 17 1 2 2 1 0 0 2 0 0 0 0 0 32 32 32 2 0 0 0 0 1 34 34 34 0 0 0 0 2 1 33 32 33 
1
0 0 0 1 0 0 0 0 2 
0 1 0 0 0 0 0 0 0 0 0 0 2 0 0 0 0 0 0 1 0 0 0 0 0 0 2 2 0 1 0 0 0 0 0 0 1 0 1 0 1 0 2 1 2 0 0 1 1 2 2 1 0 0 2 2 0 0 0 0 0 0 0 2 0 0 0 0 1 2 2 2 0 0 0 0 2 1 1 0 1 
0 1 0 0 0 0 0 0 0 0 0 0 2 0 0 0 0 0 0 1 0 0 0 0 0 0 2 18 16 17 0 0 0 0 0 0 17 16 17 0 1 0 2 1 2 16 16 17 1 2 2 1 0 0 2 2 0 0 0 0 32 32 32 2 0 0 0 0 1 34 34 34 0 0 0 0 2 1 33 32 33 
1
0 0 0 1 0 0 0 0 2 
0 1 0 1 0 0 0 0 0 0 0 0 2 0 0 0 0 0 0 1 0 0 0 0 0 0 2 2 0 1 0 0 0 0 0 0 1 0 1 0 1 0 2 1 2 0 0 1 1 2 2 1 0 0 2 2 0 0 0 0 0 0 0 2 0 0 0 0 1 2 2 2 0 0 0 0 2 1 1 0 1 
0 1 0 1 0 0 0 0 0 0 0 0 2 0 0 0 0 0 0 1 0 0 0 0 0 0 2 18 16 17 0 0 0 0 0 0 17 16 17 0 1 0 2 1 2 16 16 17 1 2 2 1 0 0 2 2 0 0 0 0 32 32 32 2 0 0 0 0 1 34 34 34 0 0 0 0 2 1 33 32 33 
1
0 0 0 1 0 0 0 0 2 
2 1 0 1 0 0 0 0 0 0 0 0 2 0 0 0 0 0 0 1 0 0 0 0 0 0 2 2 0 1 0 0 0 0 0 0 1 0 1 0 1 0 2 1 2 0 0 1 1 2 2 1 0 0 2 2 0 0 0 0 0 0 0 2 0 0 0 0 1 2 2 2 0 0 0 0 2 1 1 0 1 
2 1 0 1 0 0 0 0 0 0 0 0 2 0 0 0 0 0 0 1 0 0 0 0 0 0 2 18 16 17 0 0 0 0 0 0 17 16 17 0 1 0 2 1 2 16 16 17 1 2 2 1 0 0 2 2 0 0 0 0 32 32 32 2 0 0 0 0 1 34 34 34 0 0 0 0 2 1 33 32 33 
1
1 0 0 1 0 0 0 0 2 
2 1 0 1 0 0 0 0 0 0 1 0 2 0 0 0 0 0 0 1 0 0 0 0 0 0 2 2 0 1 0 0 0 0 0 0 1 0 1 0 1 0 2 1 2 0 0 1 1 2 2 1 0 0 2 2 0 0 0 0 0 0 0 2 0 0 0 0 1 2 2 2 0 0 0 0 2 1 1 0 1 
18 17 16 1 0 0 0 0 0 16 17 16 2 0 0 0 0 0 16 17 16 0 0 0 0 0 2 18 16 17 0 0 0 0 0 0 17 16 17 0 1 0 2 1 2 16 16 17 1 2 2 1 0 0 2 2 0 0 0 0 32 32 32 2 0 0 0 0 1 34 34 34 0 0 0 0 2 1 33 32 33 
1
1 0 0 1 0 0 0 0 2 
2 1 0 1 0 0 0 0 0 0 1 0 2 0 0 0 0 0 0 1 0 0 0 0 0 0 2 2 0 1 0 0 2 0 0 0 1 0 1 0 1 0 2 1 2 0 0 1 1 2 2 1 0 0 2 2 0 0 0 0 0 0 0 2 0 0 0 0 1 2 2 2 0 0 0 0 2 1 1 0 1 
18 17 16 1 0 0 0 0 0 16 17 16 2 0 0 0 0 0 16 17 16 0 0 0 0 0 2 18 16 17 0 0 2 0 0 0 17 16 17 0 1 0 2 1 2 16 16 17 1 2 2 1 0 0 2 2 0 0 0 0 32 32 32 2 0 0 0 0 1 34 34 34 0 0 0 0 2 1 33 32 33 
1
1 0 0 1 0 0 0 0 2 
2 1 0 1 0 0 0 0 0 0 1 0 2 0 0 0 0 0 0 1 0 0 0 0 0 1 2 2 0 1 0 0 2 0 0 0 1 0 1 0 1 0 2 1 2 0 0 1 1 2 2 1 0 0 2 2 0 0 0 0 0 0 0 2 0 0 0 0 1 2 2 2 0 0 0 0 2 1 1 0 1 
18 17 16 1 0 0 0 0 0 16 17 16 2 0 0 0 0 0 16 17 16 0 0 0 0 1 2 18 16 17 0 0 2 0 0 0 17 16 17 0 1 0 2 1 2 16 16 17 1 2 2 1 0 0 2 2 0 0 0 0 32 32 32 2 0 0 0 0 1 34 34 34 0 0 0 0 2 1 33 32 33 
1
1 0 0 1 0 0 0 0 2 
2 1 0 1 0 0 0 0 0 0 1 0 2 0 0 0 0 0 0 1 0 0 0 0 0 1 2 2 0 1 0 0 2 0 0 0 1 0 1 0 1 0 2 1 2 0 0 1 1 2 2 1 0 0 2 2 0 0 2 0 0 0 0 2 0 0 0 0 1 2 2 2 0 0 0 0 2 1 1 0 1 
18 17 16 1 0 0 0 0 0 16 17 16 2 0 0 0 0 0 16 17 16 0 0 0 0 1 2 18 16 17 0 0 2 0 0 0 17 16 17 0 1 0 2 1 2 16 16 17 1 2 2 1 0 0 2 2 0 0 2 0 32 32 32 2 0 0 0 0 1 34 34 34 0 0 0 0 2 1 33 32 33 
1
1 0 0 1 0 0 0 0 2 
2 1 0 1 1 0 0 0 0 0 1 0 2 0 0 0 0 0 0 1 0 0 0 0 0 1 2 2 0 1 0 0 2 0 0 0 1 0 1 0 1 0 2 1 2 0 0 1 1 2 2 1 0 0 2 2 0 0 2 0 0 0 0 2 0 0 0 0 1 2 2 2 0 0 0 0 2 1 1 0 1 
18 17 16 1 1 0 0 0 0 16 17 16 2 0 0 0 0 0 16 17 16 0 0 0 0 1 2 18 16 17 0 0 2 0 0 0 17 16 17 0 1 0 2 1 2 16 16 17 1 2 2 1 0 0 2 2 0 0 2 0 32 32 32 2 0 0 0 0 1 34 34 34 0 0 0 0 2 1 33 32 33 
1
1 0 0 1 0 0 0 0 2 
2 1 0 1 1 0 0 0 0 0 1 0 2 0 2 0 0 0 0 1 0 0 0 0 0 1 2 2 0 1 0 0 2 0 0 0 1 0 1 0 1 0 2 1 2 0 0 1 1 2 2 1 0 0 2 2 0 0 2 0 0 0 0 2 0 0 0 0 1 2 2 2 0 0 0 0 2 1 1 0 1 
18 17 16 1 1 0 0 0 0 16 17 16 2 0 2 0 0 0 16 17 16 0 0 0 0 1 2 18 16 17 0 0 2 0 0 0 17 16 17 0 1 0 2 1 2 16 16 17 1 2 2 1 0 0 2 2 0 0 2 0 32 32 32 2 0 0 0 0 1 34 34 34 0 0 0 0 2 1 33 32 33 
1
1 0 0 1 0 0 0 0 2 
2 1 0 1 1 0 0 0 0 0 1 0 2 0 2 0 0 0 0 1 0 0 0 0 0 1 2 2 0 1 0 0 2 0 1 0 1 0 1 0 1 0 2 1 2 0 0 1 1 2 2 1 0 0 2 2 0 0 2 0 0 0 0 2 0 0 0 0 1 2 2 2 0 0 0 0 2 1 1 0 1 
18 17 16 1 1 0 0 0 0 16 17 16 2 0 2 0 0 0 16 17 16 0 0 0 0 1 2 18 16 17 0 0 2 0 1 0 17 16 17 0 1 0 2 1 2 16 16 17 1 2 2 1 0 0 2 2 0 0 2 0 32 32 32 2 0 0 0 0 1 34 34 34 0 0 0 0 2 1 33 32 33 
1
1 2 0 1 0 0 0 0 2 
2 1 0 1 1 0 0 0 0 0 1 0 2 2 2 0 0 0 0 1 0 0 0 0 0 1 2 2 0 1 0 0 2 0 1 0 1 0 1 0 1 0 2 1 2 0 0 1 1 2 2 1 0 0 2 2 0 0 2 0 0 0 0 2 0 0 0 0 1 2 2 2 0 0 0 0 2 1 1 0 1 
18 17 16 33 33 32 0 0 0 16 17 16 34 34 34 0 0 0 16 17 16 32 32 32 0 1 2 18 16 17 0 0 2 0 1 0 17 16 17 0 1 0 2 1 2 16 16 17 1 2 2 1 0 0 2 2 0 0 2 0 32 32 32 2 0 0 0 0 1 34 34 34 0 0 0 0 2 1 33 32 33 
1
1 2 0 1 0 0 0 0 2 
2 1 0 1 1 0 0 0 0 0 1 0 2 2 2 0 0 0 0 1 0 0 0 0 0 1 2 2 0 1 0 0 2 0 1 0 1 0 1 0 1 1 2 1 2 0 0 1 1 2 2 1 0 0 2 2 0 0 2 0 0 0 0 2 0 0 0 0 1 2 2 2 0 0 0 0 2 1 1 0 1 
18 17 16 33 33 32 0 0 0 16 17 16 34 34 34 0 0 0 16 17 16 32 32 32 0 1 2 18 16 17 0 0 2 0 1 0 17 16 17 0 1 1 2 1 2 16 16 17 1 2 2 1 0 0 2 2 0 0 2 0 32 32 32 2 0 0 0 0 1 34 34 34 0 0 0 0 2 1 33 32 33 
1
1 2 0 1 0 0 0 0 2 
2 1 0 1 1 0 0 0 0 0 1 0 2 2 2 0 0 0 0 1 0 0 0 0 0 1 2 2 0 1 0 0 2 0 1 2 1 0 1 0 1 1 2 1 2 0 0 1 1 2 2 1 0 0 2 2 0 0 2 0 0 0 0 2 0 0 0 0 1 2 2 2 0 0 0 0 2 1 1 0 1 
18 17 16 33 33 32 0 0 0 16 17 16 34 34 34 0 0 0 16 17 16 32 32 32 0 1 2 18 16 17 0 0 2 0 1 2 17 16 17 0 1 1 2 1 2 16 16 17 1 2 2 1 0 0 2 2 0 0 2 0 32 32 32 2 0 0 0 0 1 34 34 34 0 0 0 0 2 1 33 32 33 
1
1 2 0 1 0 0 0 0 2 
2 1 0 1 1 0 0 0 0 0 1 0 2 2 2 0 1 0 0 1 0 0 0 0 0 1 2 2 0 1 0 0 2 0 1 2 1 0 1 0 1 1 2 1 2 0 0 1 1 2 2 1 0 0 2 2 0 0 2 0 0 0 0 2 0 0 0 0 1 2 2 2 0 0 0 0 2 1 1 0 1 
18 17 16 33 33 32 0 0 0 16 17 16 34 34 34 0 1 0 16 17 16 32 32 32 0 1 2 18 16 17 0 0 2 0 1 2 17 16 17 0 1 1 2 1 2 16 16 17 1 2 2 1 0 0 2 2 0 0 2 0 32 32 32 2 0 0 0 0 1 34 34 34 0 0 0 0 2 1 33 32 33 
1
1 2 0 1 0 0 0 0 2 
2 1 0 1 1 0 0 0 0 0 1 0 2 2 2 0 1 0 0 1 0 0 0 0 0 1 2 2 0 1 0 0 2 0 1 2 1 0 1 2 1 1 2 1 2 0 0 1 1 2 2 1 0 0 2 2 0 0 2 0 0 0 0 2 0 0 0 0 1 2 2 2 0 0 0 0 2 1 1 0 1 
18 17 16 33 33 32 0 0 0 16 17 16 34 34 34 0 1 0 16 17 16 32 32 32 0 1 2 18 16 17 0 0 2 0 1 2 17 16 17 2 1 1 2 1 2 16 16 17 1 2 2 1 0 0 2 2 0 0 2 0 32 32 32 2 0 0 0 0 1 34 34 34 0 0 0 0 2 1 33 32 33 
1
1 2 0 1 0 0 0 0 2 
2 1 0 1 1 0 0 0 0 0 1 0 2 2 2 0 1 0 0 1 0 0 0 0 0 1 2 2 0 1 0 0 2 0 1 2 1 0 1 2 1 1 2 1 2 0 0 1 1 2 2 1 0 0 2 2 0 0 2 0 0 0 0 2 0 0 0 1 1 2 2 2 0 0 0 0 2 1 1 0 1 
18 17 16 33 33 32 0 0 0 16 17 16 34 34 34 0 1 0 16 17 16 32 32 32 0 1 2 18 16 17 0 0 2 0 1 2 17 16 17 2 1 1 2 1 2 16 16 17 1 2 2 1 0 0 2 2 0 0 2 0 32 32 32 2 0 0 0 1 1 34 34 34 0 0 0 0 2 1 33 32 33 
1
1 2 0 1 0 0 0 0 2 
2 1 0 1 1 0 0 0 0 0 1 0 2 2 2 0 1 0 0 1 0 0 0 0 0 1 2 2 0 1 0 2 2 0 1 2 1 0 1 2 1 1 2 1 2 0 0 1 1 2 2 1 0 0 2 2 0 0 2 0 0 0 0 2 0 0 0 1 1 2 2 2 0 0 0 0 2 1 1 0 1 
18 17 16 33 33 32 0 0 0 16 17 16 34 34 34 0 1 0 16 17 16 32 32 32 0 1 2 18 16 17 0 2 2 0 1 2 17 16 17 2 1 1 2 1 2 16 16 17 1 2 2 1 0 0 2 2 0 0 2 0 32 32 32 2 0 0 0 1 1 34 34 34 0 0 0 0 2 1 33 32 33 
1
1 2 0 1 0 1 0 0 2 
2 1 0 1 1 0 0 0 0 0 1 0 2 2 2 0 1 0 0 1 0 0 0 0 0 1 2 2 0 1 0 2 2 0 1 2 1 0 1 2 1 1 2 1 2 0 0 1 1 2 2 1 1 0 2 2 0 0 2 0 0 0 0 2 0 0 0 1 1 2 2 2 0 0 0 0 2 1 1 0 1 
18 17 16 33 33 32 0 0 0 16 17 16 34 34 34 0 1 0 16 17 16 32 32 32 0 1 2 18 16 17 0 2 2 16 17 18 17 16 17 2 1 1 18 17 18 16 16 17 1 2 2 17 17 16 2 2 0 0 2 0 32 32 32 2 0 0 0 1 1 34 34 34 0 0 0 0 2 1 33 32 33 
1
1 2 0 1 0 1 0 0 2 
2 1 0 1 1 0 0 0 0 0 1 0 2 2 2 0 1 0 0 1 0 0 0 0 0 1 2 2 0 1 0 2 2 0 1 2 1 0 1 2 1 1 2 1 2 0 0 1 1 2 2 1 1 0 2 2 0 0 2 0 0 0 0 2 0 0 2 1 1 2 2 2 0 0 0 0 2 1 1 0 1 
18 17 16 33 33 32 0 0 0 16 17 16 34 34 34 0 1 0 16 17 16 32 32 32 0 1 2 18 16 17 0 2 2 16 17 18 17 16 17 2 1 1 18 17 18 16 16 17 1 2 2 17 17 16 2 2 0 0 2 0 32 32 32 2 0 0 2 1 1 34 34 34 0 0 0 0 2 1 33 32 33 
1
1 2 0 1 0 1 0 0 2 
2 1 0 1 1 0 0 0 1 0 1 0 2 2 2 0 1 0 0 1 0 0 0 0 0 1 2 2 0 1 0 2 2 0 1 2 1 0 1 2 1 1 2 1 2 0 0 1 1 2 2 1 1 0 2 2 0 0 2 0 0 0 0 2 0 0 2 1 1 2 2 2 0 0 0 0 2 1 1 0 1 
18 17 16 33 33 32 0 0 1 16 17 16 34 34 34 0 1 0 16 17 16 32 32 32 0 1 2 18 16 17 0 2 2 16 17 18 17 16 17 2 1 1 18 17 18 16 16 17 1 2 2 17 17 16 2 2 0 0 2 0 32 32 32 2 0 0 2 1 1 34 34 34 0 0 0 0 2 1 33 32 33 
1
1 2 0 1 0 1 0 0 2 
2 1 0 1 1 0 0 0 1 0 1 0 2 2 2 0 1 0 0 1 0 0 0 0 2 1 2 2 0 1 0 2 2 0 1 2 1 0 1 2 1 1 2 1 2 0 0 1 1 2 2 1 1 0 2 2 0 0 2 0 0 0 0 2 0 0 2 1 1 2 2 2 0 0 0 0 2 1 1 0 1 
18 17 16 33 33 32 0 0 1 16 17 16 34 34 34 0 1 0 16 17 16 32 32 32 2 1 2 18 16 17 0 2 2 16 17 18 17 16 17 2 1 1 18 17 18 16 16 17 1 2 2 17 17 16 2 2 0 0 2 0 32 32 32 2 0 0 2 1 1 34 34 34 0 0 0 0 2 1 33 32 33 
1
1 2 0 1 0 1 0 0 2 
2 1 0 1 1 0 0 0 1 0 1 0 2 2 2 0 1 0 0 1 0 0 0 0 2 1 2 2 0 1 0 2 2 0 1 2 1 0 1 2 1 1 2 1 2 0 0 1 1 2 2 1 1 0 2 2 0 0 2 0 0 0 0 2 1 0 2 1 1 2 2 2 0 0 0 0 2 1 1 0 1 
18 17 16 33 33 32 0 0 1 16 17 16 34 34 34 0 1 0 16 17 16 32 32 32 2 1 2 18 16 17 0 2 2 16 17 18 17 16 17 2 1 1 18 17 18 16 16 17 1 2 2 17 17 16 2 2 0 0 2 0 32 32 32 2 1 0 2 1 1 34 34 34 0 0 0 0 2 1 33 32 33 
1
1 2 0 1 2 1 0 0 2 
2 1 0 1 1 0 0 0 1 0 1 0 2 2 2 0 1 0 0 1 0 0 0 0 2 1 2 2 0 1 2 2 2 0 1 2 1 0 1 2 1 1 2 1 2 0 0 1 1 2 2 1 1 0 2 2 0 0 2 0 0 0 0 2 1 0 2 1 1 2 2 2 0 0 0 0 2 1 1 0 1 
18 17 16 33 33 32 0 0 1 16 17 16 34 34 34 0 1 0 16 17 16 32 32 32 2 1 2 18 16 17 34 34 34 16 17 18 17 16 17 34 33 33 18 17 18 16 16 17 33 34 34 17 17 16 2 2 0 0 2 0 32 32 32 2 1 0 2 1 1 34 34 34 0 0 0 0 2 1 33 32 33 
1
1 2 0 1 2 1 0 0 2 
2 1 0 1 1 0 0 0 1 0 1 0 2 2 2 0 1 0 0 1 0 0 0 0 2 1 2 2 0 1 2 2 2 0 1 2 1 0 1 2 1 1 2 1 2 0 0 1 1 2 2 1 1 0 2 2 1 0 2 0 0 0 0 2 1 0 2 1 1 2 2 2 0 0 0 0 2 1 1 0 1 
18 17 16 33 33 32 0 0 1 16 17 16 34 34 34 0 1 0 16 17 16 32 32 32 2 1 2 18 16 17 34 34 34 16 17 18 17 16 17 34 33 33 18 17 18 16 16 17 33 34 34 17 17 16 2 2 1 0 2 0 32 32 32 2 1 0 2 1 1 34 34 34 0 0 0 0 2 1 33 32 33 
1
1 2 0 1 2 1 0 0 2 
2 1 0 1 1 0 0 0 1 0 1 0 2 2 2 0 1 2 0 1 0 0 0 0 2 1 2 2 0 1 2 2 2 0 1 2 1 0 1 2 1 1 2 1 2 0 0 1 1 2 2 1 1 0 2 2 1 0 2 0 0 0 0 2 1 0 2 1 1 2 2 2 0 0 0 0 2 1 1 0 1 
18 17 16 33 33 32 0 0 1 16 17 16 34 34 34 0 1 2 16 17 16 32 32 32 2 1 2 18 16 17 34 34 34 16 17 18 17 16 17 34 33 33 18 17 18 16 16 17 33 34 34 17 17 16 2 2 1 0 2 0 32 32 32 2 1 0 2 1 1 34 34 34 0 0 0 0 2 1 33 32 33 
1
1 2 0 1 2 1 0 1 2 
2 1 0 1 1 0 0 0 1 0 1 0 2 2 2 0 1 2 0 1 0 0 0 0 2 1 2 2 0 1 2 2 2 0 1 2 1 0 1 2 1 1 2 1 2 0 0 1 1 2 2 1 1 0 2 2 1 0 2 1 0 0 0 2 1 0 2 1 1 2 2 2 0 0 0 0 2 1 1 0 1 
18 17 16 33 33 32 0 0 1 16 17 16 34 34 34 0 1 2 16 17 16 32 32 32 2 1 2 18 16 17 34 34 34 16 17 18 17 16 17 34 33 33 18 17 18 16 16 17 33 34 34 17 17 16 2 2 1 16 18 17 32 32 32 2 1 0 18 17 17 34 34 34 0 0 0 16 18 17 33 32 33 
1
1 2 0 1 2 1 0 1 2 
2 1 0 1 1 0 0 0 1 0 1 0 2 2 2 2 1 2 0 1 0 0 0 0 2 1 2 2 0 1 2 2 2 0 1 2 1 0 1 2 1 1 2 1 2 0 0 1 1 2 2 1 1 0 2 2 1 0 2 1 0 0 0 2 1 0 2 1 1 2 2 2 0 0 0 0 2 1 1 0 1 
18 17 16 33 33 32 0 0 1 16 17 16 34 34 34 2 1 2 16 17 16 32 32 32 2 1 2 18 16 17 34 34 34 16 17 18 17 16 17 34 33 33 18 17 18 16 16 17 33 34 34 17 17 16 2 2 1 16 18 17 32 32 32 2 1 0 18 17 17 34 34 34 0 0 0 16 18 17 33 32 33 
1
1 2 0 1 2 1 1 1 2 
2 1 0 1 1 0 0 0 1 0 1 0 2 2 2 2 1 2 0 1 0 0 0 0 2 1 2 2 0 1 2 2 2 0 1 2 1 0 1 2 1 1 2 1 2 0 0 1 1 2 2 1 1 0 2 2 1 0 2 1 0 0 0 2 1 0 2 1 1 2 2 2 1 0 0 0 2 1 1 0 1 
18 17 16 33 33 32 0 0 1 16 17 16 34 34 34 2 1 2 16 17 16 32 32 32 2 1 2 18 16 17 34 34 34 16 17 18 17 16 17 34 33 33 18 17 18 16 16 17 33 34 34 17 17 16 18 18 17 16 18 17 32 32 32 18 17 16 18 17 17 34 34 34 17 16 16 16 18 17 33 32 33 
1
1 2 0 1 2 1 1 1 2 
2 1 0 1 1 0 0 0 1 0 1 0 2 2 2 2 1 2 0 1 0 0 0 0 2 1 2 2 0 1 2 2 2 0 1 2 1 0 1 2 1 1 2 1 2 0 0 1 1 2 2 1 1 0 2 2 1 0 2 1 0 0 0 2 1 0 2 1 1 2 2 2 1 0 0 0 2 1 1 0 1 
18 17 16 33 33 32 0 0 1 16 17 16 34 34 34 2 1 2 16 17 16 32 32 32 2 1 2 18 16 17 34 34 34 16 17 18 17 16 17 34 33 33 18 17 18 16 16 17 33 34 34 17 17 16 18 18 17 16 18 17 32 32 32 18 17 16 18 17 17 34 34 34 17 16 16 16 18 17 33 32 33 
1
