0 0 0 0 0 0 0 0 0 
0 0 0 0 0 0 0 0 0 0 0 0 0 0 0 0 0 0 0 0 0 0 0 0 0 0 0 0 0 0 0 0 0 0 0 0 0 0 0 0 1 0 0 0 0 0 0 0 0 0 0 0 0 0 0 0 0 0 0 0 0 0 0 0 0 0 0 0 0 0 0 0 0 0 0 0 0 0 0 0 0 
0 0 0 0 0 0 0 0 0 0 0 0 0 0 0 0 0 0 0 0 0 0 0 0 0 0 0 0 0 0 0 0 0 0 0 0 0 0 0 0 1 0 0 0 0 0 0 0 0 0 0 0 0 0 0 0 0 0 0 0 0 0 0 0 0 0 0 0 0 0 0 0 0 0 0 0 0 0 0 0 0 
0
0 0 0 0 0 0 0 0 0 
0 0 0 0 0 0 0 0 0 0 0 0 0 0 0 0 0 0 0 0 0 0 0 0 0 0 0 0 0 0 0 0 0 0 0 0 0 0 0 0 1 0 0 0 0 0 0 0 2 0 0 0 0 0 0 0 0 0 0 0 0 0 0 0 0 0 0 0 0 0 0 0 0 0 0 0 0 0 0 0 0 
0 0 0 0 0 0 0 0 0 0 0 0 0 0 0 0 0 0 0 0 0 0 0 0 0 0 0 0 0 0 0 0 0 0 0 0 0 0 0 0 1 0 0 0 0 0 0 0 2 0 0 0 0 0 0 0 0 0 0 0 0 0 0 0 0 0 0 0 0 0 0 0 0 0 0 0 0 0 0 0 0 
0
0 0 0 0 0 0 0 0 0 
0 0 0 0 0 0 0 0 0 0 0 0 0 0 0 0 0 0 0 0 0 0 0 0 0 0 0 0 0 0 0 0 0 0 0 0 0 0 0 0 1 0 0 0 0 0 0 0 2 0 0 0 0 0 0 0 0 0 0 0 0 0 0 0 0 0 0 0 0 0 0 0 1 0 0 0 0 0 0 0 0 
0 0 0 0 0 0 0 0 0 0 0 0 0 0 0 0 0 0 0 0 0 0 0 0 0 0 0 0 0 0 0 0 0 0 0 0 0 0 0 0 1 0 0 0 0 0 0 0 2 0 0 0 0 0 0 0 0 0 0 0 0 0 0 0 0 0 0 0 0 0 0 0 1 0 0 0 0 0 0 0 0 
0
0 0 0 0 0 0 0 0 0 
0 0 0 0 0 0 0 0 0 0 0 0 0 0 0 0 0 0 0 0 0 0 0 0 0 0 0 0 0 0 0 0 0 0 0 0 0 0 0 0 1 0 0 0 0 0 0 0 2 0 0 0 0 0 2 0 0 0 0 0 0 0 0 0 0 0 0 0 0 0 0 0 1 0 0 0 0 0 0 0 0 
0 0 0 0 0 0 0 0 0 0 0 0 0 0 0 0 0 0 0 0 0 0 0 0 0 0 0 0 0 0 0 0 0 0 0 0 0 0 0 0 1 0 0 0 0 0 0 0 2 0 0 0 0 0 2 0 0 0 0 0 0 0 0 0 0 0 0 0 0 0 0 0 1 0 0 0 0 0 0 0 0 
0
0 0 0 0 0 0 0 0 0 
0 1 0 0 0 0 0 0 0 0 0 0 0 0 0 0 0 0 0 0 0 0 0 0 0 0 0 0 0 0 0 0 0 0 0 0 0 0 0 0 1 0 0 0 0 0 0 0 2 0 0 0 0 0 2 0 0 0 0 0 0 0 0 0 0 0 0 0 0 0 0 0 1 0 0 0 0 0 0 0 0 
0 1 0 0 0 0 0 0 0 0 0 0 0 0 0 0 0 0 0 0 0 0 0 0 0 0 0 0 0 0 0 0 0 0 0 0 0 0 0 0 1 0 0 0 0 0 0 0 2 0 0 0 0 0 2 0 0 0 0 0 0 0 0 0 0 0 0 0 0 0 0 0 1 0 0 0 0 0 0 0 0 
0
0 0 0 0 0 0 0 0 0 
0 1 0 0 0 0 0 0 0 0 0 0 0 0 2 0 0 0 0 0 0 0 0 0 0 0 0 0 0 0 0 0 0 0 0 0 0 0 0 0 1 0 0 0 0 0 0 0 2 0 0 0 0 0 2 0 0 0 0 0 0 0 0 0 0 0 0 0 0 0 0 0 1 0 0 0 0 0 0 0 0 
0 1 0 0 0 0 0 0 0 0 0 0 0 0 2 0 0 0 0 0 0 0 0 0 0 0 0 0 0 0 0 0 0 0 0 0 0 0 0 0 1 0 0 0 0 0 0 0 2 0 0 0 0 0 2 0 0 0 0 0 0 0 0 0 0 0 0 0 0 0 0 0 1 0 0 0 0 0 0 0 0 
0
0 0 0 0 0 0 0 0 0 
0 1 0 0 0 0 0 0 0 0 0 0 0 0 2 0 0 0 0 0 0 0 0 0 0 0 0 0 0 0 0 0 0 0 0 0 0 0 0 0 1 0 1 0 0 0 0 0 2 0 0 0 0 0 2 0 0 0 0 0 0 0 0 0 0 0 0 0 0 0 0 0 1 0 0 0 0 0 0 0 0 
0 1 0 0 0 0 0 0 0 0 0 0 0 0 2 0 0 0 0 0 0 0 0 0 0 0 0 0 0 0 0 0 0 0 0 0 0 0 0 0 1 0 1 0 0 0 0 0 2 0 0 0 0 0 2 0 0 0 0 0 0 0 0 0 0 0 0 0 0 0 0 0 1 0 0 0 0 0 0 0 0 
0
0 0 0 0 0 0 0 0 0 
0 1 0 0 0 0 0 0 0 0 0 0 0 0 2 0 0 0 0 0 0 0 0 0 0 0 0 0 0 2 0 0 0 0 0 0 0 0 0 0 1 0 1 0 0 0 0 0 2 0 0 0 0 0 2 0 0 0 0 0 0 0 0 0 0 0 0 0 0 0 0 0 1 0 0 0 0 0 0 0 0 
0 1 0 0 0 0 0 0 0 0 0 0 0 0 2 0 0 0 0 0 0 0 0 0 0 0 0 0 0 2 0 0 0 0 0 0 0 0 0 0 1 0 1 0 0 0 0 0 2 0 0 0 0 0 2 0 0 0 0 0 0 0 0 0 0 0 0 0 0 0 0 0 1 0 0 0 0 0 0 0 0 
0
0 0 0 0 0 0 0 0 0 
0 1 0 0 0 0 0 0 1 0 0 0 0 0 2 0 0 0 0 0 0 0 0 0 0 0 0 0 0 2 0 0 0 0 0 0 0 0 0 0 1 0 1 0 0 0 0 0 2 0 0 0 0 0 2 0 0 0 0 0 0 0 0 0 0 0 0 0 0 0 0 0 1 0 0 0 0 0 0 0 0 
0 1 0 0 0 0 0 0 1 0 0 0 0 0 2 0 0 0 0 0 0 0 0 0 0 0 0 0 0 2 0 0 0 0 0 0 0 0 0 0 1 0 1 0 0 0 0 0 2 0 0 0 0 0 2 0 0 0 0 0 0 0 0 0 0 0 0 0 0 0 0 0 1 0 0 0 0 0 0 0 0 
0
0 0 0 0 0 0 0 0 0 
0 1 0 0 0 0 2 0 1 0 0 0 0 0 2 0 0 0 0 0 0 0 0 0 0 0 0 0 0 2 0 0 0 0 0 0 0 0 0 0 1 0 1 0 0 0 0 0 2 0 0 0 0 0 2 0 0 0 0 0 0 0 0 0 0 0 0 0 0 0 0 0 1 0 0 0 0 0 0 0 0 
0 1 0 0 0 0 2 0 1 0 0 0 0 0 2 0 0 0 0 0 0 0 0 0 0 0 0 0 0 2 0 0 0 0 0 0 0 0 0 0 1 0 1 0 0 0 0 0 2 0 0 0 0 0 2 0 0 0 0 0 0 0 0 0 0 0 0 0 0 0 0 0 1 0 0 0 0 0 0 0 0 
0
0 0 0 0 0 0 0 0 0 
0 1 0 0 0 0 2 0 1 0 0 0 0 0 2 0 0 0 0 1 0 0 0 0 0 0 0 0 0 2 0 0 0 0 0 0 0 0 0 0 1 0 1 0 0 0 0 0 2 0 0 0 0 0 2 0 0 0 0 0 0 0 0 0 0 0 0 0 0 0 0 0 1 0 0 0 0 0 0 0 0 
0 1 0 0 0 0 2 0 1 0 0 0 0 0 2 0 0 0 0 1 0 0 0 0 0 0 0 0 0 2 0 0 0 0 0 0 0 0 0 0 1 0 1 0 0 0 0 0 2 0 0 0 0 0 2 0 0 0 0 0 0 0 0 0 0 0 0 0 0 0 0 0 1 0 0 0 0 0 0 0 0 
0
0 0 0 0 0 0 0 0 0 
0 1 0 0 0 0 2 0 1 0 0 0 0 0 2 0 0 0 0 1 0 0 0 0 0 0 0 0 0 2 0 0 0 0 0 0 0 0 0 0 1 0 1 0 0 0 0 0 2 0 0 0 0 0 2 0 0 0 0 0 0 0 0 0 0 0 0 0 0 0 0 0 1 0 0 0 2 0 0 0 0 
0 1 0 0 0 0 2 0 1 0 0 0 0 0 2 0 0 0 0 1 0 0 0 0 0 0 0 0 0 2 0 0 0 0 0 0 0 0 0 0 1 0 1 0 0 0 0 0 2 0 0 0 0 0 2 0 0 0 0 0 0 0 0 0 0 0 0 0 0 0 0 0 1 0 0 0 2 0 0 0 0 
0
0 0 0 0 0 0 0 0 0 
0 1 0 0 0 0 2 0 1 0 0 0 0 0 2 0 0 0 0 1 0 0 0 0 0 0 0 0 0 2 0 0 0 0 0 0 0 0 0 0 1 0 1 0 0 0 0 0 2 0 0 0 0 0 2 0 0 1 0 0 0 0 0 0 0 0 0 0 0 0 0 0 1 0 0 0 2 0 0 0 0 
0 1 0 0 0 0 2 0 1 0 0 0 0 0 2 0 0 0 0 1 0 0 0 0 0 0 0 0 0 2 0 0 0 0 0 0 0 0 0 0 1 0 1 0 0 0 0 0 2 0 0 0 0 0 2 0 0 1 0 0 0 0 0 0 0 0 0 0 0 0 0 0 1 0 0 0 2 0 0 0 0 
0
0 0 0 0 0 0 0 0 0 
0 1 0 0 0 0 2 0 1 0 2 0 0 0 2 0 0 0 0 1 0 0 0 0 0 0 0 0 0 2 0 0 0 0 0 0 0 0 0 0 1 0 1 0 0 0 0 0 2 0 0 0 0 0 2 0 0 1 0 0 0 0 0 0 0 0 0 0 0 0 0 0 1 0 0 0 2 0 0 0 0 
0 1 0 0 0 0 2 0 1 0 2 0 0 0 2 0 0 0 0 1 0 0 0 0 0 0 0 0 0 2 0 0 0 0 0 0 0 0 0 0 1 0 1 0 0 0 0 0 2 0 0 0 0 0 2 0 0 1 0 0 0 0 0 0 0 0 0 0 0 0 0 0 1 0 0 0 2 0 0 0 0 
0
0 0 0 0 0 0 0 0 0 
0 1 0 0 0 0 2 0 1 0 2 0 0 0 2 0 0 0 0 1 0 0 0 0 0 0 0 0 0 2 0 0 0 0 0 0 0 0 0 0 1 0 1 0 0 0 0 0 2 0 1 0 0 0 2 0 0 1 0 0 0 0 0 0 0 0 0 0 0 0 0 0 1 0 0 0 2 0 0 0 0 
0 1 0 0 0 0 2 0 1 0 2 0 0 0 2 0 0 0 0 1 0 0 0 0 0 0 0 0 0 2 0 0 0 0 0 0 0 0 0 0 1 0 1 0 0 0 0 0 2 0 1 0 0 0 2 0 0 1 0 0 0 0 0 0 0 0 0 0 0 0 0 0 1 0 0 0 2 0 0 0 0 
0
0 0 0 0 0 0 0 0 0 
0 1 0 0 0 0 2 0 1 0 2 0 0 0 2 0 0 0 0 1 0 0 0 0 0 0 0 0 0 2 0 0 0 0 0 0 0 0 0 0 1 0 1 0 0 0 0 0 2 0 1 0 0 0 2 0 0 1 0 0 0 0 0 0 0 0 0 0 0 0 0 0 1 0 0 0 2 0 0 2 0 
0 1 0 0 0 0 2 0 1 0 2 0 0 0 2 0 0 0 0 1 0 0 0 0 0 0 0 0 0 2 0 0 0 0 0 0 0 0 0 0 1 0 1 0 0 0 0 0 2 0 1 0 0 0 2 0 0 1 0 0 0 0 0 0 0 0 0 0 0 0 0 0 1 0 0 0 2 0 0 2 0 
0
0 0 0 0 0 0 0 0 0 
0 1 0 0 0 0 2 0 1 0 2 0 0 0 2 0 0 0 0 1 0 0 0 0 0 0 0 0 0 2 0 0 0 0 0 0 0 0 0 0 1 0 1 0 0 0 0 0 2 0 1 0 0 0 2 0 0 1 0 0 0 0 0 0 0 0 0 0 0 0 0 0 1 0 0 1 2 0 0 2 0 
0 1 0 0 0 0 2 0 1 0 2 0 0 0 2 0 0 0 0 1 0 0 0 0 0 0 0 0 0 2 0 0 0 0 0 0 0 0 0 0 1 0 1 0 0 0 0 0 2 0 1 0 0 0 2 0 0 1 0 0 0 0 0 0 0 0 0 0 0 0 0 0 1 0 0 1 2 0 0 2 0 
0
0 0 0 0 0 0 0 0 0 
0 1 0 0 0 0 2 0 1 0 2 0 0 0 2 0 0 0 0 1 0 0 0 0 0 0 0 0 0 2 0 0 0 0 0 0 0 0 0 0 1 0 1 0 0 0 0 0 2 0 1 0 0 0 2 0 0 1 0 0 0 0 0 0 2 0 0 0 0 0 0 0 1 0 0 1 2 0 0 2 0 
0 1 0 0 0 0 2 0 1 0 2 0 0 0 2 0 0 0 0 1 0 0 0 0 0 0 0 0 0 2 0 0 0 0 0 0 0 0 0 0 1 0 1 0 0 0 0 0 2 0 1 0 0 0 2 0 0 1 0 0 0 0 0 0 2 0 0 0 0 0 0 0 1 0 0 1 2 0 0 2 0 
0
0 0 0 0 1 0 0 0 0 
0 1 0 0 0 0 2 0 1 0 2 0 0 0 2 0 0 0 0 1 0 0 0 0 0 0 0 0 0 2 1 0 0 0 0 0 0 0 0 0 1 0 1 0 0 0 0 0 2 0 1 0 0 0 2 0 0 1 0 0 0 0 0 0 2 0 0 0 0 0 0 0 1 0 0 1 2 0 0 2 0 
0 1 0 0 0 0 2 0 1 0 2 0 0 0 2 0 0 0 0 1 0 0 0 0 0 0 0 0 0 2 17 16 16 0 0 0 0 0 0 16 17 16 1 0 0 0 0 0 18 16 17 0 0 0 2 0 0 1 0 0 0 0 0 0 2 0 0 0 0 0 0 0 1 0 0 1 2 0 0 2 0 
0
0 0 0 0 1 0 0 0 0 
0 1 0 0 0 0 2 0 1 0 2 0 0 0 2 0 0 0 0 1 2 0 0 0 0 0 0 0 0 2 1 0 0 0 0 0 0 0 0 0 1 0 1 0 0 0 0 0 2 0 1 0 0 0 2 0 0 1 0 0 0 0 0 0 2 0 0 0 0 0 0 0 1 0 0 1 2 0 0 2 0 
0 1 0 0 0 0 2 0 1 0 2 0 0 0 2 0 0 0 0 1 2 0 0 0 0 0 0 0 0 2 17 16 16 0 0 0 0 0 0 16 17 16 1 0 0 0 0 0 18 16 17 0 0 0 2 0 0 1 0 0 0 0 0 0 2 0 0 0 0 0 0 0 1 0 0 1 2 0 0 2 0 
0
0 0 0 0 1 0 0 0 0 
0 1 0 0 0 0 2 0 1 0 2 0 0 0 2 0 0 0 0 1 2 0 0 0 0 0 0 0 0 2 1 0 0 0 0 0 0 0 0 0 1 0 1 0 0 0 0 0 2 0 1 0 0 0 2 0 0 1 0 0 0 0 0 0 2 0 0 0 0 0 0 0 1 0 0 1 2 0 0 2 1 
0 1 0 0 0 0 2 0 1 0 2 0 0 0 2 0 0 0 0 1 2 0 0 0 0 0 0 0 0 2 17 16 16 0 0 0 0 0 0 16 17 16 1 0 0 0 0 0 18 16 17 0 0 0 2 0 0 1 0 0 0 0 0 0 2 0 0 0 0 0 0 0 1 0 0 1 2 0 0 2 1 
0
0 0 0 0 1 0 0 0 0 
0 1 0 0 0 0 2 0 1 0 2 0 0 0 2 0 0 0 0 1 2 0 0 0 0 0 0 0 0 2 1 0 0 0 0 0 0 0 0 0 1 0 1 0 0 0 0 0 2 0 1 0 0 0 2 0 0 1 0 0 0 0 0 0 2 0 0 0 0 0 0 2 1 0 0 1 2 0 0 2 1 
0 1 0 0 0 0 2 0 1 0 2 0 0 0 2 0 0 0 0 1 2 0 0 0 0 0 0 0 0 2 17 16 16 0 0 0 0 0 0 16 17 16 1 0 0 0 0 0 18 16 17 0 0 0 2 0 0 1 0 0 0 0 0 0 2 0 0 0 0 0 0 2 1 0 0 1 2 0 0 2 1 
0
0 0 0 0 1 0 0 0 0 
0 1 0 0 0 0 2 0 1 0 2 0 0 0 2 0 0 0 0 1 2 0 0 0 0 0 0 0 0 2 1 0 0 0 0 1 0 0 0 0 1 0 1 0 0 0 0 0 2 0 1 0 0 0 2 0 0 1 0 0 0 0 0 0 2 0 0 0 0 0 0 2 1 0 0 1 2 0 0 2 1 
0 1 0 0 0 0 2 0 1 0 2 0 0 0 2 0 0 0 0 1 2 0 0 0 0 0 0 0 0 2 17 16 16 0 0 1 0 0 0 16 17 16 1 0 0 0 0 0 18 16 17 0 0 0 2 0 0 1 0 0 0 0 0 0 2 0 0 0 0 0 0 2 1 0 0 1 2 0 0 2 1 
0
0 0 0 0 1 0 0 0 0 
0 1 0 0 0 0 2 0 1 0 2 0 0 0 2 0 0 0 0 1 2 0 0 0 0 0 2 0 0 2 1 0 0 0 0 1 0 0 0 0 1 0 1 0 0 0 0 0 2 0 1 0 0 0 2 0 0 1 0 0 0 0 0 0 2 0 0 0 0 0 0 2 1 0 0 1 2 0 0 2 1 
0 1 0 0 0 0 2 0 1 0 2 0 0 0 2 0 0 0 0 1 2 0 0 0 0 0 2 0 0 2 17 16 16 0 0 1 0 0 0 16 17 16 1 0 0 0 0 0 18 16 17 0 0 0 2 0 0 1 0 0 0 0 0 0 2 0 0 0 0 0 0 2 1 0 0 1 2 0 0 2 1 
0
0 0 0 0 1 0 0 0 0 
0 1 0 0 0 0 2 0 1 0 2 0 0 0 2 0 0 0 0 1 2 0 0 0 0 0 2 0 0 2 1 0 0 0 0 1 0 0 0 0 1 0 1 0 0 0 0 0 2 0 1 0 0 0 2 0 0 1 0 0 0 0 0 0 2 0 0 0 0 1 0 2 1 0 0 1 2 0 0 2 1 
0 1 0 0 0 0 2 0 1 0 2 0 0 0 2 0 0 0 0 1 2 0 0 0 0 0 2 0 0 2 17 16 16 0 0 1 0 0 0 16 17 16 1 0 0 0 0 0 18 16 17 0 0 0 2 0 0 1 0 0 0 0 0 0 2 0 0 0 0 1 0 2 1 0 0 1 2 0 0 2 1 
0
0 0 0 0 1 0 0 0 0 
0 1 0 0 0 0 2 0 1 0 2 0 0 0 2 0 0 0 0 1 2 0 0 0 0 0 2 0 0 2 1 0 0 0 0 1 0 0 0 0 1 0 1 0 0 0 0 2 2 0 1 0 0 0 2 0 0 1 0 0 0 0 0 0 2 0 0 0 0 1 0 2 1 0 0 1 2 0 0 2 1 
0 1 0 0 0 0 2 0 1 0 2 0 0 0 2 0 0 0 0 1 2 0 0 0 0 0 2 0 0 2 17 16 16 0 0 1 0 0 0 16 17 16 1 0 0 0 0 2 18 16 17 0 0 0 2 0 0 1 0 0 0 0 0 0 2 0 0 0 0 1 0 2 1 0 0 1 2 0 0 2 1 
0
0 0 0 0 1 0 0 0 0 
0 1 0 0 0 0 2 0 1 0 2 0 0 0 2 0 0 0 0 1 2 0 0 0 0 0 2 0 0 2 1 0 0 0 0 1 0 0 0 0 1 0 1 0 0 0 0 2 2 0 1 0 0 0 2 0 0 1 0 0 1 0 0 0 2 0 0 0 0 1 0 2 1 0 0 1 2 0 0 2 1 
0 1 0 0 0 0 2 0 1 0 2 0 0 0 2 0 0 0 0 1 2 0 0 0 0 0 2 0 0 2 17 16 16 0 0 1 0 0 0 16 17 16 1 0 0 0 0 2 18 16 17 0 0 0 2 0 0 1 0 0 1 0 0 0 2 0 0 0 0 1 0 2 1 0 0 1 2 0 0 2 1 
0
0 0 0 0 1 0 0 0 0 
0 1 2 0 0 0 2 0 1 0 2 0 0 0 2 0 0 0 0 1 2 0 0 0 0 0 2 0 0 2 1 0 0 0 0 1 0 0 0 0 1 0 1 0 0 0 0 2 2 0 1 0 0 0 2 0 0 1 0 0 1 0 0 0 2 0 0 0 0 1 0 2 1 0 0 1 2 0 0 2 1 
0 1 2 0 0 0 2 0 1 0 2 0 0 0 2 0 0 0 0 1 2 0 0 0 0 0 2 0 0 2 17 16 16 0 0 1 0 0 0 16 17 16 1 0 0 0 0 2 18 16 17 0 0 0 2 0 0 1 0 0 1 0 0 0 2 0 0 0 0 1 0 2 1 0 0 1 2 0 0 2 1 
0
0 0 0 0 1 0 0 0 0 
0 1 2 0 0 0 2 0 1 0 2 0 0 0 2 1 0 0 0 1 2 0 0 0 0 0 2 0 0 2 1 0 0 0 0 1 0 0 0 0 1 0 1 0 0 0 0 2 2 0 1 0 0 0 2 0 0 1 0 0 1 0 0 0 2 0 0 0 0 1 0 2 1 0 0 1 2 0 0 2 1 
0 1 2 0 0 0 2 0 1 0 2 0 0 0 2 1 0 0 0 1 2 0 0 0 0 0 2 0 0 2 17 16 16 0 0 1 0 0 0 16 17 16 1 0 0 0 0 2 18 16 17 0 0 0 2 0 0 1 0 0 1 0 0 0 2 0 0 0 0 1 0 2 1 0 0 1 2 0 0 2 1 
0
0 0 0 2 1 0 0 0 0 
0 1 2 0 0 0 2 0 1 0 2 0 0 0 2 1 0 0 0 1 2 0 0 0 0 0 2 0 0 2 1 0 0 0 0 1 0 0 2 0 1 0 1 0 0 0 0 2 2 0 1 0 0 0 2 0 0 1 0 0 1 0 0 0 2 0 0 0 0 1 0 2 1 0 0 1 2 0 0 2 1 
0 1 2 0 0 0 2 0 1 0 2 0 0 0 2 1 0 0 0 1 2 0 0 0 0 0 2 32 32 34 17 16 16 0 0 1 32 32 34 16 17 16 1 0 0 32 32 34 18 16 17 0 0 0 2 0 0 1 0 0 1 0 0 0 2 0 0 0 0 1 0 2 1 0 0 1 2 0 0 2 1 
0
0 0 0 2 1 0 0 0 0 
0 1 2 0 0 0 2 0 1 0 2 0 0 0 2 1 0 0 0 1 2 0 0 0 0 0 2 0 0 2 1 0 0 1 0 1 0 0 2 0 1 0 1 0 0 0 0 2 2 0 1 0 0 0 2 0 0 1 0 0 1 0 0 0 2 0 0 0 0 1 0 2 1 0 0 1 2 0 0 2 1 
0 1 2 0 0 0 2 0 1 0 2 0 0 0 2 1 0 0 0 1 2 0 0 0 0 0 2 32 32 34 17 16 16 1 0 1 32 32 34 16 17 16 1 0 0 32 32 34 18 16 17 0 0 0 2 0 0 1 0 0 1 0 0 0 2 0 0 0 0 1 0 2 1 0 0 1 2 0 0 2 1 
0
2 0 0 2 1 0 0 0 0 
0 1 2 0 0 0 2 0 1 0 2 2 0 0 2 1 0 0 0 1 2 0 0 0 0 0 2 0 0 2 1 0 0 1 0 1 0 0 2 0 1 0 1 0 0 0 0 2 2 0 1 0 0 0 2 0 0 1 0 0 1 0 0 0 2 0 0 0 0 1 0 2 1 0 0 1 2 0 0 2 1 
32 33 34 0 0 0 2 0 1 32 34 34 0 0 2 1 0 0 32 33 34 0 0 0 0 0 2 32 32 34 17 16 16 1 0 1 32 32 34 16 17 16 1 0 0 32 32 34 18 16 17 0 0 0 2 0 0 1 0 0 1 0 0 0 2 0 0 0 0 1 0 2 1 0 0 1 2 0 0 2 1 
0
2 0 0 2 1 0 0 0 0 
0 1 2 0 0 0 2 0 1 0 2 2 0 0 2 1 0 0 0 1 2 0 0 0 0 0 2 0 0 2 1 0 0 1 0 1 0 0 2 0 1 0 1 0 0 0 0 2 2 0 1 0 0 1 2 0 0 1 0 0 1 0 0 0 2 0 0 0 0 1 0 2 1 0 0 1 2 0 0 2 1 
32 33 34 0 0 0 2 0 1 32 34 34 0 0 2 1 0 0 32 33 34 0 0 0 0 0 2 32 32 34 17 16 16 1 0 1 32 32 34 16 17 16 1 0 0 32 32 34 18 16 17 0 0 1 2 0 0 1 0 0 1 0 0 0 2 0 0 0 0 1 0 2 1 0 0 1 2 0 0 2 1 
0
2 0 0 2 1 0 0 0 0 
0 1 2 0 0 0 2 0 1 0 2 2 0 0 2 1 0 0 0 1 2 0 0 0 0 0 2 0 0 2 1 0 0 1 0 1 0 0 2 0 1 0 1 0 0 0 0 2 2 0 1 0 0 1 2 0 0 1 0 0 1 0 2 0 2 0 0 0 0 1 0 2 1 0 0 1 2 0 0 2 1 
32 33 34 0 0 0 2 0 1 32 34 34 0 0 2 1 0 0 32 33 34 0 0 0 0 0 2 32 32 34 17 16 16 1 0 1 32 32 34 16 17 16 1 0 0 32 32 34 18 16 17 0 0 1 2 0 0 1 0 0 1 0 2 0 2 0 0 0 0 1 0 2 1 0 0 1 2 0 0 2 1 
0
2 0 0 2 1 0 0 0 0 
0 1 2 0 0 0 2 1 1 0 2 2 0 0 2 1 0 0 0 1 2 0 0 0 0 0 2 0 0 2 1 0 0 1 0 1 0 0 2 0 1 0 1 0 0 0 0 2 2 0 1 0 0 1 2 0 0 1 0 0 1 0 2 0 2 0 0 0 0 1 0 2 1 0 0 1 2 0 0 2 1 
32 33 34 0 0 0 2 1 1 32 34 34 0 0 2 1 0 0 32 33 34 0 0 0 0 0 2 32 32 34 17 16 16 1 0 1 32 32 34 16 17 16 1 0 0 32 32 34 18 16 17 0 0 1 2 0 0 1 0 0 1 0 2 0 2 0 0 0 0 1 0 2 1 0 0 1 2 0 0 2 1 
0
2 0 0 2 1 0 0 0 0 
0 1 2 0 0 0 2 1 1 0 2 2 0 0 2 1 0 0 0 1 2 0 2 0 0 0 2 0 0 2 1 0 0 1 0 1 0 0 2 0 1 0 1 0 0 0 0 2 2 0 1 0 0 1 2 0 0 1 0 0 1 0 2 0 2 0 0 0 0 1 0 2 1 0 0 1 2 0 0 2 1 
32 33 34 0 0 0 2 1 1 32 34 34 0 0 2 1 0 0 32 33 34 0 2 0 0 0 2 32 32 34 17 16 16 1 0 1 32 32 34 16 17 16 1 0 0 32 32 34 18 16 17 0 0 1 2 0 0 1 0 0 1 0 2 0 2 0 0 0 0 1 0 2 1 0 0 1 2 0 0 2 1 
0
2 0 0 2 1 0 0 0 0 
0 1 2 0 0 0 2 1 1 0 2 2 0 0 2 1 0 0 0 1 2 0 2 0 0 0 2 0 0 2 1 0 0 1 0 1 0 0 2 0 1 0 1 0 0 0 0 2 2 0 1 0 0 1 2 0 0 1 0 0 1 0 2 0 2 0 0 0 0 1 0 2 1 0 0 1 2 1 0 2 1 
32 33 34 0 0 0 2 1 1 32 34 34 0 0 2 1 0 0 32 33 34 0 2 0 0 0 2 32 32 34 17 16 16 1 0 1 32 32 34 16 17 16 1 0 0 32 32 34 18 16 17 0 0 1 2 0 0 1 0 0 1 0 2 0 2 0 0 0 0 1 0 2 1 0 0 1 2 1 0 2 1 
0
2 0 0 2 1 0 0 0 0 
0 1 2 0 0 0 2 1 1 0 2 2 0 0 2 1 0 0 0 1 2 0 2 0 0 0 2 0 0 2 1 0 0 1 0 1 0 0 2 0 1 0 1 0 0 0 0 2 2 0 1 0 0 1 2 0 0 1 0 0 1 2 2 0 2 0 0 0 0 1 0 2 1 0 0 1 2 1 0 2 1 
32 33 34 0 0 0 2 1 1 32 34 34 0 0 2 1 0 0 32 33 34 0 2 0 0 0 2 32 32 34 17 16 16 1 0 1 32 32 34 16 17 16 1 0 0 32 32 34 18 16 17 0 0 1 2 0 0 1 0 0 1 2 2 0 2 0 0 0 0 1 0 2 1 0 0 1 2 1 0 2 1 
0
2 0 0 2 1 0 0 0 0 
0 1 2 0 0 1 2 1 1 0 2 2 0 0 2 1 0 0 0 1 2 0 2 0 0 0 2 0 0 2 1 0 0 1 0 1 0 0 2 0 1 0 1 0 0 0 0 2 2 0 1 0 0 1 2 0 0 1 0 0 1 2 2 0 2 0 0 0 0 1 0 2 1 0 0 1 2 1 0 2 1 
32 33 34 0 0 1 2 1 1 32 34 34 0 0 2 1 0 0 32 33 34 0 2 0 0 0 2 32 32 34 17 16 16 1 0 1 32 32 34 16 17 16 1 0 0 32 32 34 18 16 17 0 0 1 2 0 0 1 0 0 1 2 2 0 2 0 0 0 0 1 0 2 1 0 0 1 2 1 0 2 1 
0
2 0 0 2 1 0 0 0 0 
0 1 2 0 0 1 2 1 1 0 2 2 0 0 2 1 0 0 0 1 2 0 2 0 0 2 2 0 0 2 1 0 0 1 0 1 0 0 2 0 1 0 1 0 0 0 0 2 2 0 1 0 0 1 2 0 0 1 0 0 1 2 2 0 2 0 0 0 0 1 0 2 1 0 0 1 2 1 0 2 1 
32 33 34 0 0 1 2 1 1 32 34 34 0 0 2 1 0 0 32 33 34 0 2 0 0 2 2 32 32 34 17 16 16 1 0 1 32 32 34 16 17 16 1 0 0 32 32 34 18 16 17 0 0 1 2 0 0 1 0 0 1 2 2 0 2 0 0 0 0 1 0 2 1 0 0 1 2 1 0 2 1 
0
2 0 0 2 1 0 0 0 0 
0 1 2 0 0 1 2 1 1 0 2 2 0 0 2 1 0 0 0 1 2 0 2 0 0 2 2 0 0 2 1 0 0 1 0 1 0 0 2 0 1 0 1 0 0 0 0 2 2 0 1 0 0 1 2 0 0 1 0 0 1 2 2 0 2 0 0 0 1 1 0 2 1 0 0 1 2 1 0 2 1 
32 33 34 0 0 1 2 1 1 32 34 34 0 0 2 1 0 0 32 33 34 0 2 0 0 2 2 32 32 34 17 16 16 1 0 1 32 32 34 16 17 16 1 0 0 32 32 34 18 16 17 0 0 1 2 0 0 1 0 0 1 2 2 0 2 0 0 0 1 1 0 2 1 0 0 1 2 1 0 2 1 
0
2 0 0 2 1 0 0 0 0 
0 1 2 0 0 1 2 1 1 0 2 2 0 0 2 1 0 0 0 1 2 0 2 0 0 2 2 0 0 2 1 0 0 1 0 1 0 0 2 0 1 0 1 0 0 0 0 2 2 0 1 0 2 1 2 0 0 1 0 0 1 2 2 0 2 0 0 0 1 1 0 2 1 0 0 1 2 1 0 2 1 
32 33 34 0 0 1 2 1 1 32 34 34 0 0 2 1 0 0 32 33 34 0 2 0 0 2 2 32 32 34 17 16 16 1 0 1 32 32 34 16 17 16 1 0 0 32 32 34 18 16 17 0 2 1 2 0 0 1 0 0 1 2 2 0 2 0 0 0 1 1 0 2 1 0 0 1 2 1 0 2 1 
0
2 0 0 2 1 0 0 0 0 
0 1 2 0 0 1 2 1 1 0 2 2 0 0 2 1 0 0 0 1 2 0 2 0 0 2 2 0 0 2 1 0 0 1 0 1 0 0 2 0 1 0 1 0 0 0 0 2 2 0 1 0 2 1 2 0 0 1 1 0 1 2 2 0 2 0 0 0 1 1 0 2 1 0 0 1 2 1 0 2 1 
32 33 34 0 0 1 2 1 1 32 34 34 0 0 2 1 0 0 32 33 34 0 2 0 0 2 2 32 32 34 17 16 16 1 0 1 32 32 34 16 17 16 1 0 0 32 32 34 18 16 17 0 2 1 2 0 0 1 1 0 1 2 2 0 2 0 0 0 1 1 0 2 1 0 0 1 2 1 0 2 1 
0
2 0 0 2 1 0 0 0 0 
0 1 2 0 0 1 2 1 1 0 2 2 0 0 2 1 0 0 0 1 2 0 2 2 0 2 2 0 0 2 1 0 0 1 0 1 0 0 2 0 1 0 1 0 0 0 0 2 2 0 1 0 2 1 2 0 0 1 1 0 1 2 2 0 2 0 0 0 1 1 0 2 1 0 0 1 2 1 0 2 1 
32 33 34 0 0 1 2 1 1 32 34 34 0 0 2 1 0 0 32 33 34 0 2 2 0 2 2 32 32 34 17 16 16 1 0 1 32 32 34 16 17 16 1 0 0 32 32 34 18 16 17 0 2 1 2 0 0 1 1 0 1 2 2 0 2 0 0 0 1 1 0 2 1 0 0 1 2 1 0 2 1 
0
2 0 0 2 1 0 0 0 1 
0 1 2 0 0 1 2 1 1 0 2 2 0 0 2 1 0 0 0 1 2 0 2 2 0 2 2 0 0 2 1 0 0 1 0 1 0 0 2 0 1 0 1 0 0 0 0 2 2 0 1 0 2 1 2 0 0 1 1 0 1 2 2 0 2 0 0 0 1 1 1 2 1 0 0 1 2 1 0 2 1 
32 33 34 0 0 1 2 1 1 32 34 34 0 0 2 1 0 0 32 33 34 0 2 2 0 2 2 32 32 34 17 16 16 1 0 1 32 32 34 16 17 16 1 0 0 32 32 34 18 16 17 0 2 1 2 0 0 1 1 0 17 18 18 0 2 0 0 0 1 17 17 18 1 0 0 1 2 1 16 18 17 
0
2 0 0 2 1 0 2 0 1 
0 1 2 0 0 1 2 1 1 0 2 2 0 0 2 1 0 0 0 1 2 0 2 2 0 2 2 0 0 2 1 0 0 1 0 1 0 0 2 0 1 0 1 0 0 0 0 2 2 0 1 0 2 1 2 0 0 1 1 0 1 2 2 0 2 0 0 0 1 1 1 2 1 0 2 1 2 1 0 2 1 
32 33 34 0 0 1 2 1 1 32 34 34 0 0 2 1 0 0 32 33 34 0 2 2 0 2 2 32 32 34 17 16 16 1 0 1 32 32 34 16 17 16 1 0 0 32 32 34 18 16 17 0 2 1 34 32 32 1 1 0 17 18 18 32 34 32 0 0 1 17 17 18 33 32 34 1 2 1 16 18 17 
0
2 0 0 2 1 0 2 0 1 
0 1 2 0 0 1 2 1 1 0 2 2 0 0 2 1 0 0 0 1 2 0 2 2 0 2 2 0 0 2 1 0 0 1 0 1 0 0 2 0 1 0 1 0 0 0 0 2 2 0 1 0 2 1 2 0 0 1 1 0 1 2 2 0 2 0 0 0 1 1 1 2 1 0 2 1 2 1 0 2 1 
32 33 34 0 0 1 2 1 1 32 34 34 0 0 2 1 0 0 32 33 34 0 2 2 0 2 2 32 32 34 17 16 16 1 0 1 32 32 34 16 17 16 1 0 0 32 32 34 18 16 17 0 2 1 34 32 32 1 1 0 17 18 18 32 34 32 0 0 1 17 17 18 33 32 34 1 2 1 16 18 17 
0
