0 0 0 0 0 0 0 0 0 
0 0 0 0 0 0 0 0 0 0 0 0 0 0 0 0 0 0 0 0 0 0 0 0 0 0 0 0 0 0 0 0 0 0 0 0 0 0 0 0 1 0 0 0 0 0 0 0 0 0 0 0 0 0 0 0 0 0 0 0 0 0 0 0 0 0 0 0 0 0 0 0 0 0 0 0 0 0 0 0 0 
0 0 0 0 0 0 0 0 0 0 0 0 0 0 0 0 0 0 0 0 0 0 0 0 0 0 0 0 0 0 0 0 0 0 0 0 0 0 0 0 1 0 0 0 0 0 0 0 0 0 0 0 0 0 0 0 0 0 0 0 0 0 0 0 0 0 0 0 0 0 0 0 0 0 0 0 0 0 0 0 0 
1
0 0 0 0 0 0 0 0 0 
0 0 0 0 0 0 0 0 0 0 0 0 0 0 0 0 0 0 0 0 0 0 0 0 0 0 0 0 0 0 2 0 0 0 0 0 0 0 0 0 1 0 0 0 0 0 0 0 0 0 0 0 0 0 0 0 0 0 0 0 0 0 0 0 0 0 0 0 0 0 0 0 0 0 0 0 0 0 0 0 0 
0 0 0 0 0 0 0 0 0 0 0 0 0 0 0 0 0 0 0 0 0 0 0 0 0 0 0 0 0 0 2 0 0 0 0 0 0 0 0 0 1 0 0 0 0 0 0 0 0 0 0 0 0 0 0 0 0 0 0 0 0 0 0 0 0 0 0 0 0 0 0 0 0 0 0 0 0 0 0 0 0 
1
0 0 0 0 0 0 0 0 0 
1 0 0 0 0 0 0 0 0 0 0 0 0 0 0 0 0 0 0 0 0 0 0 0 0 0 0 0 0 0 2 0 0 0 0 0 0 0 0 0 1 0 0 0 0 0 0 0 0 0 0 0 0 0 0 0 0 0 0 0 0 0 0 0 0 0 0 0 0 0 0 0 0 0 0 0 0 0 0 0 0 
1 0 0 0 0 0 0 0 0 0 0 0 0 0 0 0 0 0 0 0 0 0 0 0 0 0 0 0 0 0 2 0 0 0 0 0 0 0 0 0 1 0 0 0 0 0 0 0 0 0 0 0 0 0 0 0 0 0 0 0 0 0 0 0 0 0 0 0 0 0 0 0 0 0 0 0 0 0 0 0 0 
1
0 0 0 0 0 0 0 0 0 
1 2 0 0 0 0 0 0 0 0 0 0 0 0 0 0 0 0 0 0 0 0 0 0 0 0 0 0 0 0 2 0 0 0 0 0 0 0 0 0 1 0 0 0 0 0 0 0 0 0 0 0 0 0 0 0 0 0 0 0 0 0 0 0 0 0 0 0 0 0 0 0 0 0 0 0 0 0 0 0 0 
1 2 0 0 0 0 0 0 0 0 0 0 0 0 0 0 0 0 0 0 0 0 0 0 0 0 0 0 0 0 2 0 0 0 0 0 0 0 0 0 1 0 0 0 0 0 0 0 0 0 0 0 0 0 0 0 0 0 0 0 0 0 0 0 0 0 0 0 0 0 0 0 0 0 0 0 0 0 0 0 0 
1
0 0 0 0 0 0 0 0 0 
1 2 0 0 0 1 0 0 0 0 0 0 0 0 0 0 0 0 0 0 0 0 0 0 0 0 0 0 0 0 2 0 0 0 0 0 0 0 0 0 1 0 0 0 0 0 0 0 0 0 0 0 0 0 0 0 0 0 0 0 0 0 0 0 0 0 0 0 0 0 0 0 0 0 0 0 0 0 0 0 0 
1 2 0 0 0 1 0 0 0 0 0 0 0 0 0 0 0 0 0 0 0 0 0 0 0 0 0 0 0 0 2 0 0 0 0 0 0 0 0 0 1 0 0 0 0 0 0 0 0 0 0 0 0 0 0 0 0 0 0 0 0 0 0 0 0 0 0 0 0 0 0 0 0 0 0 0 0 0 0 0 0 
1
0 0 0 0 0 0 0 0 0 
1 2 0 0 0 1 0 0 2 0 0 0 0 0 0 0 0 0 0 0 0 0 0 0 0 0 0 0 0 0 2 0 0 0 0 0 0 0 0 0 1 0 0 0 0 0 0 0 0 0 0 0 0 0 0 0 0 0 0 0 0 0 0 0 0 0 0 0 0 0 0 0 0 0 0 0 0 0 0 0 0 
1 2 0 0 0 1 0 0 2 0 0 0 0 0 0 0 0 0 0 0 0 0 0 0 0 0 0 0 0 0 2 0 0 0 0 0 0 0 0 0 1 0 0 0 0 0 0 0 0 0 0 0 0 0 0 0 0 0 0 0 0 0 0 0 0 0 0 0 0 0 0 0 0 0 0 0 0 0 0 0 0 
1
0 0 0 0 0 0 0 0 0 
1 2 0 0 0 1 0 1 2 0 0 0 0 0 0 0 0 0 0 0 0 0 0 0 0 0 0 0 0 0 2 0 0 0 0 0 0 0 0 0 1 0 0 0 0 0 0 0 0 0 0 0 0 0 0 0 0 0 0 0 0 0 0 0 0 0 0 0 0 0 0 0 0 0 0 0 0 0 0 0 0 
1 2 0 0 0 1 0 1 2 0 0 0 0 0 0 0 0 0 0 0 0 0 0 0 0 0 0 0 0 0 2 0 0 0 0 0 0 0 0 0 1 0 0 0 0 0 0 0 0 0 0 0 0 0 0 0 0 0 0 0 0 0 0 0 0 0 0 0 0 0 0 0 0 0 0 0 0 0 0 0 0 
1
0 0 0 0 0 0 0 0 0 
1 2 0 0 0 1 0 1 2 0 0 0 2 0 0 0 0 0 0 0 0 0 0 0 0 0 0 0 0 0 2 0 0 0 0 0 0 0 0 0 1 0 0 0 0 0 0 0 0 0 0 0 0 0 0 0 0 0 0 0 0 0 0 0 0 0 0 0 0 0 0 0 0 0 0 0 0 0 0 0 0 
1 2 0 0 0 1 0 1 2 0 0 0 2 0 0 0 0 0 0 0 0 0 0 0 0 0 0 0 0 0 2 0 0 0 0 0 0 0 0 0 1 0 0 0 0 0 0 0 0 0 0 0 0 0 0 0 0 0 0 0 0 0 0 0 0 0 0 0 0 0 0 0 0 0 0 0 0 0 0 0 0 
1
0 0 0 0 0 0 0 0 0 
1 2 0 0 0 1 0 1 2 0 0 0 2 0 0 0 0 0 0 0 0 0 0 0 0 0 0 0 0 0 2 0 0 0 0 0 0 0 0 0 1 0 0 0 0 1 0 0 0 0 0 0 0 0 0 0 0 0 0 0 0 0 0 0 0 0 0 0 0 0 0 0 0 0 0 0 0 0 0 0 0 
1 2 0 0 0 1 0 1 2 0 0 0 2 0 0 0 0 0 0 0 0 0 0 0 0 0 0 0 0 0 2 0 0 0 0 0 0 0 0 0 1 0 0 0 0 1 0 0 0 0 0 0 0 0 0 0 0 0 0 0 0 0 0 0 0 0 0 0 0 0 0 0 0 0 0 0 0 0 0 0 0 
1
0 0 0 0 0 0 0 0 0 
1 2 0 0 0 1 0 1 2 0 0 0 2 0 0 0 0 0 0 0 0 0 0 0 0 0 0 0 0 0 2 0 0 0 0 0 0 0 0 0 1 0 0 0 0 1 0 0 0 0 0 0 0 0 0 0 0 0 0 0 0 0 0 0 0 2 0 0 0 0 0 0 0 0 0 0 0 0 0 0 0 
1 2 0 0 0 1 0 1 2 0 0 0 2 0 0 0 0 0 0 0 0 0 0 0 0 0 0 0 0 0 2 0 0 0 0 0 0 0 0 0 1 0 0 0 0 1 0 0 0 0 0 0 0 0 0 0 0 0 0 0 0 0 0 0 0 2 0 0 0 0 0 0 0 0 0 0 0 0 0 0 0 
1
0 0 0 0 0 0 0 0 0 
1 2 0 0 0 1 0 1 2 0 0 0 2 0 0 0 0 0 0 0 0 0 0 0 0 0 0 0 0 0 2 0 0 0 0 0 0 0 0 0 1 0 0 0 1 1 0 0 0 0 0 0 0 0 0 0 0 0 0 0 0 0 0 0 0 2 0 0 0 0 0 0 0 0 0 0 0 0 0 0 0 
1 2 0 0 0 1 0 1 2 0 0 0 2 0 0 0 0 0 0 0 0 0 0 0 0 0 0 0 0 0 2 0 0 0 0 0 0 0 0 0 1 0 0 0 1 1 0 0 0 0 0 0 0 0 0 0 0 0 0 0 0 0 0 0 0 2 0 0 0 0 0 0 0 0 0 0 0 0 0 0 0 
1
0 0 0 0 0 0 0 0 0 
1 2 0 0 0 1 0 1 2 0 0 0 2 0 0 0 0 0 0 0 0 0 0 0 0 0 0 0 0 0 2 0 0 0 0 0 0 0 0 0 1 0 0 0 1 1 0 0 0 0 0 2 0 0 0 0 0 0 0 0 0 0 0 0 0 2 0 0 0 0 0 0 0 0 0 0 0 0 0 0 0 
1 2 0 0 0 1 0 1 2 0 0 0 2 0 0 0 0 0 0 0 0 0 0 0 0 0 0 0 0 0 2 0 0 0 0 0 0 0 0 0 1 0 0 0 1 1 0 0 0 0 0 2 0 0 0 0 0 0 0 0 0 0 0 0 0 2 0 0 0 0 0 0 0 0 0 0 0 0 0 0 0 
1
0 0 0 0 0 0 0 0 0 
1 2 0 0 0 1 0 1 2 0 0 0 2 0 0 0 0 0 0 0 0 0 0 0 0 0 0 0 0 0 2 0 0 0 0 0 0 0 0 0 1 0 0 0 1 1 0 0 0 0 0 2 0 0 0 0 0 0 0 0 0 0 0 0 1 2 0 0 0 0 0 0 0 0 0 0 0 0 0 0 0 
1 2 0 0 0 1 0 1 2 0 0 0 2 0 0 0 0 0 0 0 0 0 0 0 0 0 0 0 0 0 2 0 0 0 0 0 0 0 0 0 1 0 0 0 1 1 0 0 0 0 0 2 0 0 0 0 0 0 0 0 0 0 0 0 1 2 0 0 0 0 0 0 0 0 0 0 0 0 0 0 0 
1
0 0 0 0 0 0 0 0 0 
1 2 0 0 0 1 0 1 2 0 0 0 2 0 0 0 0 0 0 0 0 0 0 0 0 0 0 0 0 0 2 2 0 0 0 0 0 0 0 0 1 0 0 0 1 1 0 0 0 0 0 2 0 0 0 0 0 0 0 0 0 0 0 0 1 2 0 0 0 0 0 0 0 0 0 0 0 0 0 0 0 
1 2 0 0 0 1 0 1 2 0 0 0 2 0 0 0 0 0 0 0 0 0 0 0 0 0 0 0 0 0 2 2 0 0 0 0 0 0 0 0 1 0 0 0 1 1 0 0 0 0 0 2 0 0 0 0 0 0 0 0 0 0 0 0 1 2 0 0 0 0 0 0 0 0 0 0 0 0 0 0 0 
1
0 0 0 0 0 0 0 0 0 
1 2 0 0 0 1 0 1 2 0 0 0 2 0 0 0 0 0 0 0 0 0 0 1 0 0 0 0 0 0 2 2 0 0 0 0 0 0 0 0 1 0 0 0 1 1 0 0 0 0 0 2 0 0 0 0 0 0 0 0 0 0 0 0 1 2 0 0 0 0 0 0 0 0 0 0 0 0 0 0 0 
1 2 0 0 0 1 0 1 2 0 0 0 2 0 0 0 0 0 0 0 0 0 0 1 0 0 0 0 0 0 2 2 0 0 0 0 0 0 0 0 1 0 0 0 1 1 0 0 0 0 0 2 0 0 0 0 0 0 0 0 0 0 0 0 1 2 0 0 0 0 0 0 0 0 0 0 0 0 0 0 0 
1
0 0 0 0 0 0 0 0 0 
1 2 0 0 0 1 0 1 2 0 0 0 2 0 0 0 0 0 0 0 0 0 0 1 0 0 0 0 0 0 2 2 0 0 0 0 0 0 0 0 1 0 0 0 1 1 0 0 0 0 0 2 0 0 0 0 0 0 0 0 0 0 0 0 1 2 0 0 0 0 0 0 0 0 0 0 0 0 0 2 0 
1 2 0 0 0 1 0 1 2 0 0 0 2 0 0 0 0 0 0 0 0 0 0 1 0 0 0 0 0 0 2 2 0 0 0 0 0 0 0 0 1 0 0 0 1 1 0 0 0 0 0 2 0 0 0 0 0 0 0 0 0 0 0 0 1 2 0 0 0 0 0 0 0 0 0 0 0 0 0 2 0 
1
0 0 0 0 0 0 0 0 0 
1 2 0 0 0 1 0 1 2 0 0 0 2 0 0 0 0 0 0 0 0 0 0 1 0 0 0 0 0 0 2 2 0 0 0 0 0 0 0 0 1 0 0 0 1 1 0 0 0 0 0 2 0 0 0 0 0 0 0 0 0 0 0 0 1 2 1 0 0 0 0 0 0 0 0 0 0 0 0 2 0 
1 2 0 0 0 1 0 1 2 0 0 0 2 0 0 0 0 0 0 0 0 0 0 1 0 0 0 0 0 0 2 2 0 0 0 0 0 0 0 0 1 0 0 0 1 1 0 0 0 0 0 2 0 0 0 0 0 0 0 0 0 0 0 0 1 2 1 0 0 0 0 0 0 0 0 0 0 0 0 2 0 
1
0 0 0 0 0 0 0 0 0 
1 2 0 0 0 1 0 1 2 0 0 0 2 0 0 0 0 0 0 0 0 0 0 1 0 0 0 0 0 0 2 2 0 0 0 0 0 0 0 0 1 0 0 0 1 1 0 2 0 0 0 2 0 0 0 0 0 0 0 0 0 0 0 0 1 2 1 0 0 0 0 0 0 0 0 0 0 0 0 2 0 
1 2 0 0 0 1 0 1 2 0 0 0 2 0 0 0 0 0 0 0 0 0 0 1 0 0 0 0 0 0 2 2 0 0 0 0 0 0 0 0 1 0 0 0 1 1 0 2 0 0 0 2 0 0 0 0 0 0 0 0 0 0 0 0 1 2 1 0 0 0 0 0 0 0 0 0 0 0 0 2 0 
1
0 0 0 0 0 0 0 0 0 
1 2 0 0 0 1 0 1 2 0 0 0 2 0 0 0 0 0 0 0 0 0 0 1 0 0 0 0 0 0 2 2 0 0 0 0 0 0 0 0 1 0 0 0 1 1 0 2 0 0 0 2 0 0 0 0 0 0 0 0 0 0 0 0 1 2 1 0 0 0 0 0 0 0 0 0 0 0 0 2 1 
1 2 0 0 0 1 0 1 2 0 0 0 2 0 0 0 0 0 0 0 0 0 0 1 0 0 0 0 0 0 2 2 0 0 0 0 0 0 0 0 1 0 0 0 1 1 0 2 0 0 0 2 0 0 0 0 0 0 0 0 0 0 0 0 1 2 1 0 0 0 0 0 0 0 0 0 0 0 0 2 1 
1
0 0 0 0 0 0 0 0 0 
1 2 0 0 0 1 0 1 2 0 0 0 2 0 0 0 0 0 0 0 0 0 0 1 0 0 0 0 0 0 2 2 0 0 0 0 0 0 0 0 1 0 0 0 1 1 0 2 0 0 0 2 0 0 0 0 0 0 0 0 0 0 0 0 1 2 1 0 0 2 0 0 0 0 0 0 0 0 0 2 1 
1 2 0 0 0 1 0 1 2 0 0 0 2 0 0 0 0 0 0 0 0 0 0 1 0 0 0 0 0 0 2 2 0 0 0 0 0 0 0 0 1 0 0 0 1 1 0 2 0 0 0 2 0 0 0 0 0 0 0 0 0 0 0 0 1 2 1 0 0 2 0 0 0 0 0 0 0 0 0 2 1 
1
0 0 0 0 0 0 0 0 0 
1 2 0 0 0 1 0 1 2 0 0 0 2 0 0 0 0 0 0 0 0 0 0 1 0 0 0 1 0 0 2 2 0 0 0 0 0 0 0 0 1 0 0 0 1 1 0 2 0 0 0 2 0 0 0 0 0 0 0 0 0 0 0 0 1 2 1 0 0 2 0 0 0 0 0 0 0 0 0 2 1 
1 2 0 0 0 1 0 1 2 0 0 0 2 0 0 0 0 0 0 0 0 0 0 1 0 0 0 1 0 0 2 2 0 0 0 0 0 0 0 0 1 0 0 0 1 1 0 2 0 0 0 2 0 0 0 0 0 0 0 0 0 0 0 0 1 2 1 0 0 2 0 0 0 0 0 0 0 0 0 2 1 
1
0 0 0 0 0 0 0 0 0 
1 2 0 0 0 1 0 1 2 0 0 0 2 0 0 0 0 0 0 2 0 0 0 1 0 0 0 1 0 0 2 2 0 0 0 0 0 0 0 0 1 0 0 0 1 1 0 2 0 0 0 2 0 0 0 0 0 0 0 0 0 0 0 0 1 2 1 0 0 2 0 0 0 0 0 0 0 0 0 2 1 
1 2 0 0 0 1 0 1 2 0 0 0 2 0 0 0 0 0 0 2 0 0 0 1 0 0 0 1 0 0 2 2 0 0 0 0 0 0 0 0 1 0 0 0 1 1 0 2 0 0 0 2 0 0 0 0 0 0 0 0 0 0 0 0 1 2 1 0 0 2 0 0 0 0 0 0 0 0 0 2 1 
1
0 0 0 0 0 0 0 0 0 
1 2 0 0 0 1 0 1 2 0 0 0 2 0 0 0 0 0 0 2 0 0 0 1 0 0 0 1 0 0 2 2 0 0 0 0 0 0 0 0 1 0 0 0 1 1 0 2 0 0 0 2 0 0 0 0 0 0 0 0 0 0 0 0 1 2 1 0 0 2 0 0 0 0 0 1 0 0 0 2 1 
1 2 0 0 0 1 0 1 2 0 0 0 2 0 0 0 0 0 0 2 0 0 0 1 0 0 0 1 0 0 2 2 0 0 0 0 0 0 0 0 1 0 0 0 1 1 0 2 0 0 0 2 0 0 0 0 0 0 0 0 0 0 0 0 1 2 1 0 0 2 0 0 0 0 0 1 0 0 0 2 1 
1
0 0 0 0 0 0 0 0 0 
1 2 0 0 0 1 0 1 2 0 0 0 2 0 0 0 0 0 0 2 0 0 0 1 0 0 0 1 0 0 2 2 0 0 0 0 0 0 0 0 1 0 0 0 1 1 0 2 0 0 0 2 0 0 0 0 0 0 0 0 0 0 0 0 1 2 1 0 0 2 0 0 0 0 2 1 0 0 0 2 1 
1 2 0 0 0 1 0 1 2 0 0 0 2 0 0 0 0 0 0 2 0 0 0 1 0 0 0 1 0 0 2 2 0 0 0 0 0 0 0 0 1 0 0 0 1 1 0 2 0 0 0 2 0 0 0 0 0 0 0 0 0 0 0 0 1 2 1 0 0 2 0 0 0 0 2 1 0 0 0 2 1 
1
0 0 0 0 0 0 0 0 0 
1 2 0 0 0 1 0 1 2 0 0 0 2 0 0 0 0 0 0 2 0 0 0 1 0 0 0 1 0 0 2 2 0 0 0 0 0 0 0 0 1 0 0 0 1 1 0 2 0 0 0 2 0 0 0 0 0 0 0 0 0 0 0 0 1 2 1 0 0 2 0 1 0 0 2 1 0 0 0 2 1 
1 2 0 0 0 1 0 1 2 0 0 0 2 0 0 0 0 0 0 2 0 0 0 1 0 0 0 1 0 0 2 2 0 0 0 0 0 0 0 0 1 0 0 0 1 1 0 2 0 0 0 2 0 0 0 0 0 0 0 0 0 0 0 0 1 2 1 0 0 2 0 1 0 0 2 1 0 0 0 2 1 
1
0 0 0 0 0 0 0 0 0 
1 2 0 0 0 1 0 1 2 0 0 0 2 0 0 0 0 0 0 2 0 0 0 1 0 0 0 1 0 0 2 2 0 0 0 0 0 0 0 0 1 0 2 0 1 1 0 2 0 0 0 2 0 0 0 0 0 0 0 0 0 0 0 0 1 2 1 0 0 2 0 1 0 0 2 1 0 0 0 2 1 
1 2 0 0 0 1 0 1 2 0 0 0 2 0 0 0 0 0 0 2 0 0 0 1 0 0 0 1 0 0 2 2 0 0 0 0 0 0 0 0 1 0 2 0 1 1 0 2 0 0 0 2 0 0 0 0 0 0 0 0 0 0 0 0 1 2 1 0 0 2 0 1 0 0 2 1 0 0 0 2 1 
1
0 0 0 0 0 0 0 0 0 
1 2 0 0 0 1 0 1 2 0 0 0 2 0 0 0 0 0 0 2 0 0 0 1 0 0 0 1 0 1 2 2 0 0 0 0 0 0 0 0 1 0 2 0 1 1 0 2 0 0 0 2 0 0 0 0 0 0 0 0 0 0 0 0 1 2 1 0 0 2 0 1 0 0 2 1 0 0 0 2 1 
1 2 0 0 0 1 0 1 2 0 0 0 2 0 0 0 0 0 0 2 0 0 0 1 0 0 0 1 0 1 2 2 0 0 0 0 0 0 0 0 1 0 2 0 1 1 0 2 0 0 0 2 0 0 0 0 0 0 0 0 0 0 0 0 1 2 1 0 0 2 0 1 0 0 2 1 0 0 0 2 1 
1
0 0 0 0 0 0 0 0 0 
1 2 0 0 0 1 0 1 2 0 0 0 2 0 0 0 0 0 0 2 0 0 0 1 2 0 0 1 0 1 2 2 0 0 0 0 0 0 0 0 1 0 2 0 1 1 0 2 0 0 0 2 0 0 0 0 0 0 0 0 0 0 0 0 1 2 1 0 0 2 0 1 0 0 2 1 0 0 0 2 1 
1 2 0 0 0 1 0 1 2 0 0 0 2 0 0 0 0 0 0 2 0 0 0 1 2 0 0 1 0 1 2 2 0 0 0 0 0 0 0 0 1 0 2 0 1 1 0 2 0 0 0 2 0 0 0 0 0 0 0 0 0 0 0 0 1 2 1 0 0 2 0 1 0 0 2 1 0 0 0 2 1 
1
0 0 0 0 0 0 0 0 0 
1 2 0 0 0 1 0 1 2 0 0 0 2 0 0 0 0 0 0 2 0 0 0 1 2 0 0 1 0 1 2 2 0 0 0 0 0 0 0 0 1 0 2 0 1 1 0 2 0 0 0 2 0 0 0 0 0 0 0 0 0 0 0 0 1 2 1 0 0 2 0 1 0 1 2 1 0 0 0 2 1 
1 2 0 0 0 1 0 1 2 0 0 0 2 0 0 0 0 0 0 2 0 0 0 1 2 0 0 1 0 1 2 2 0 0 0 0 0 0 0 0 1 0 2 0 1 1 0 2 0 0 0 2 0 0 0 0 0 0 0 0 0 0 0 0 1 2 1 0 0 2 0 1 0 1 2 1 0 0 0 2 1 
1
0 0 0 0 0 0 0 0 0 
1 2 0 0 0 1 0 1 2 0 0 0 2 0 0 0 0 0 0 2 0 0 0 1 2 0 0 1 0 1 2 2 0 0 0 0 0 0 0 0 1 0 2 0 1 1 0 2 0 0 0 2 0 0 0 0 0 2 0 0 0 0 0 0 1 2 1 0 0 2 0 1 0 1 2 1 0 0 0 2 1 
1 2 0 0 0 1 0 1 2 0 0 0 2 0 0 0 0 0 0 2 0 0 0 1 2 0 0 1 0 1 2 2 0 0 0 0 0 0 0 0 1 0 2 0 1 1 0 2 0 0 0 2 0 0 0 0 0 2 0 0 0 0 0 0 1 2 1 0 0 2 0 1 0 1 2 1 0 0 0 2 1 
1
0 0 0 0 0 0 0 0 0 
1 2 0 0 0 1 0 1 2 0 0 0 2 0 0 0 0 0 0 2 1 0 0 1 2 0 0 1 0 1 2 2 0 0 0 0 0 0 0 0 1 0 2 0 1 1 0 2 0 0 0 2 0 0 0 0 0 2 0 0 0 0 0 0 1 2 1 0 0 2 0 1 0 1 2 1 0 0 0 2 1 
1 2 0 0 0 1 0 1 2 0 0 0 2 0 0 0 0 0 0 2 1 0 0 1 2 0 0 1 0 1 2 2 0 0 0 0 0 0 0 0 1 0 2 0 1 1 0 2 0 0 0 2 0 0 0 0 0 2 0 0 0 0 0 0 1 2 1 0 0 2 0 1 0 1 2 1 0 0 0 2 1 
1
0 0 0 0 0 0 0 0 0 
1 2 0 0 0 1 0 1 2 0 0 0 2 0 0 0 0 0 0 2 1 0 0 1 2 0 0 1 0 1 2 2 0 0 0 0 0 0 0 0 1 0 2 0 1 1 0 2 0 0 0 2 0 0 0 0 0 2 0 0 0 0 2 0 1 2 1 0 0 2 0 1 0 1 2 1 0 0 0 2 1 
1 2 0 0 0 1 0 1 2 0 0 0 2 0 0 0 0 0 0 2 1 0 0 1 2 0 0 1 0 1 2 2 0 0 0 0 0 0 0 0 1 0 2 0 1 1 0 2 0 0 0 2 0 0 0 0 0 2 0 0 0 0 2 0 1 2 1 0 0 2 0 1 0 1 2 1 0 0 0 2 1 
1
0 0 0 0 0 0 0 0 0 
1 2 0 0 0 1 0 1 2 0 0 0 2 0 0 0 1 0 0 2 1 0 0 1 2 0 0 1 0 1 2 2 0 0 0 0 0 0 0 0 1 0 2 0 1 1 0 2 0 0 0 2 0 0 0 0 0 2 0 0 0 0 2 0 1 2 1 0 0 2 0 1 0 1 2 1 0 0 0 2 1 
1 2 0 0 0 1 0 1 2 0 0 0 2 0 0 0 1 0 0 2 1 0 0 1 2 0 0 1 0 1 2 2 0 0 0 0 0 0 0 0 1 0 2 0 1 1 0 2 0 0 0 2 0 0 0 0 0 2 0 0 0 0 2 0 1 2 1 0 0 2 0 1 0 1 2 1 0 0 0 2 1 
1
0 0 0 0 0 0 0 0 0 
1 2 0 0 0 1 0 1 2 0 0 0 2 0 0 0 1 0 0 2 1 0 0 1 2 0 0 1 0 1 2 2 0 0 0 0 0 0 0 0 1 0 2 0 1 1 0 2 0 0 2 2 0 0 0 0 0 2 0 0 0 0 2 0 1 2 1 0 0 2 0 1 0 1 2 1 0 0 0 2 1 
1 2 0 0 0 1 0 1 2 0 0 0 2 0 0 0 1 0 0 2 1 0 0 1 2 0 0 1 0 1 2 2 0 0 0 0 0 0 0 0 1 0 2 0 1 1 0 2 0 0 2 2 0 0 0 0 0 2 0 0 0 0 2 0 1 2 1 0 0 2 0 1 0 1 2 1 0 0 0 2 1 
1
0 0 0 0 0 0 0 0 0 
1 2 0 0 0 1 0 1 2 0 0 0 2 0 0 0 1 0 0 2 1 0 0 1 2 0 0 1 0 1 2 2 0 0 0 0 0 0 0 0 1 0 2 0 1 1 0 2 0 0 2 2 0 0 0 0 0 2 0 0 0 1 2 0 1 2 1 0 0 2 0 1 0 1 2 1 0 0 0 2 1 
1 2 0 0 0 1 0 1 2 0 0 0 2 0 0 0 1 0 0 2 1 0 0 1 2 0 0 1 0 1 2 2 0 0 0 0 0 0 0 0 1 0 2 0 1 1 0 2 0 0 2 2 0 0 0 0 0 2 0 0 0 1 2 0 1 2 1 0 0 2 0 1 0 1 2 1 0 0 0 2 1 
1
0 0 0 0 0 0 0 0 0 
1 2 0 0 0 1 0 1 2 0 0 0 2 2 0 0 1 0 0 2 1 0 0 1 2 0 0 1 0 1 2 2 0 0 0 0 0 0 0 0 1 0 2 0 1 1 0 2 0 0 2 2 0 0 0 0 0 2 0 0 0 1 2 0 1 2 1 0 0 2 0 1 0 1 2 1 0 0 0 2 1 
1 2 0 0 0 1 0 1 2 0 0 0 2 2 0 0 1 0 0 2 1 0 0 1 2 0 0 1 0 1 2 2 0 0 0 0 0 0 0 0 1 0 2 0 1 1 0 2 0 0 2 2 0 0 0 0 0 2 0 0 0 1 2 0 1 2 1 0 0 2 0 1 0 1 2 1 0 0 0 2 1 
1
0 0 0 0 0 0 0 0 0 
1 2 0 0 0 1 0 1 2 0 0 0 2 2 0 0 1 0 0 2 1 0 0 1 2 0 0 1 0 1 2 2 0 0 0 0 0 0 0 1 1 0 2 0 1 1 0 2 0 0 2 2 0 0 0 0 0 2 0 0 0 1 2 0 1 2 1 0 0 2 0 1 0 1 2 1 0 0 0 2 1 
1 2 0 0 0 1 0 1 2 0 0 0 2 2 0 0 1 0 0 2 1 0 0 1 2 0 0 1 0 1 2 2 0 0 0 0 0 0 0 1 1 0 2 0 1 1 0 2 0 0 2 2 0 0 0 0 0 2 0 0 0 1 2 0 1 2 1 0 0 2 0 1 0 1 2 1 0 0 0 2 1 
1
0 0 0 0 0 0 0 0 0 
1 2 0 0 0 1 0 1 2 0 0 0 2 2 0 0 1 0 0 2 1 0 0 1 2 0 0 1 2 1 2 2 0 0 0 0 0 0 0 1 1 0 2 0 1 1 0 2 0 0 2 2 0 0 0 0 0 2 0 0 0 1 2 0 1 2 1 0 0 2 0 1 0 1 2 1 0 0 0 2 1 
1 2 0 0 0 1 0 1 2 0 0 0 2 2 0 0 1 0 0 2 1 0 0 1 2 0 0 1 2 1 2 2 0 0 0 0 0 0 0 1 1 0 2 0 1 1 0 2 0 0 2 2 0 0 0 0 0 2 0 0 0 1 2 0 1 2 1 0 0 2 0 1 0 1 2 1 0 0 0 2 1 
1
0 1 0 0 0 0 0 0 0 
1 2 0 0 0 1 0 1 2 0 0 0 2 2 1 0 1 0 0 2 1 0 0 1 2 0 0 1 2 1 2 2 0 0 0 0 0 0 0 1 1 0 2 0 1 1 0 2 0 0 2 2 0 0 0 0 0 2 0 0 0 1 2 0 1 2 1 0 0 2 0 1 0 1 2 1 0 0 0 2 1 
1 2 0 16 16 17 0 1 2 0 0 0 18 18 17 0 1 0 0 2 1 16 16 17 2 0 0 1 2 1 2 2 0 0 0 0 0 0 0 1 1 0 2 0 1 1 0 2 0 0 2 2 0 0 0 0 0 2 0 0 0 1 2 0 1 2 1 0 0 2 0 1 0 1 2 1 0 0 0 2 1 
1
0 1 0 0 0 0 0 0 0 
1 2 0 0 0 1 0 1 2 0 0 0 2 2 1 0 1 0 0 2 1 0 0 1 2 0 0 1 2 1 2 2 0 0 0 0 0 0 0 1 1 0 2 0 1 1 0 2 0 0 2 2 0 2 0 0 0 2 0 0 0 1 2 0 1 2 1 0 0 2 0 1 0 1 2 1 0 0 0 2 1 
1 2 0 16 16 17 0 1 2 0 0 0 18 18 17 0 1 0 0 2 1 16 16 17 2 0 0 1 2 1 2 2 0 0 0 0 0 0 0 1 1 0 2 0 1 1 0 2 0 0 2 2 0 2 0 0 0 2 0 0 0 1 2 0 1 2 1 0 0 2 0 1 0 1 2 1 0 0 0 2 1 
1
0 1 0 0 0 0 0 0 0 
1 2 0 0 0 1 0 1 2 0 0 0 2 2 1 0 1 0 0 2 1 0 0 1 2 0 0 1 2 1 2 2 0 0 0 0 0 0 0 1 1 0 2 0 1 1 0 2 0 0 2 2 0 2 0 0 0 2 0 0 0 1 2 0 1 2 1 0 0 2 1 1 0 1 2 1 0 0 0 2 1 
1 2 0 16 16 17 0 1 2 0 0 0 18 18 17 0 1 0 0 2 1 16 16 17 2 0 0 1 2 1 2 2 0 0 0 0 0 0 0 1 1 0 2 0 1 1 0 2 0 0 2 2 0 2 0 0 0 2 0 0 0 1 2 0 1 2 1 0 0 2 1 1 0 1 2 1 0 0 0 2 1 
1
0 1 0 0 0 0 0 0 0 
1 2 0 0 0 1 0 1 2 0 0 0 2 2 1 0 1 0 0 2 1 0 0 1 2 0 0 1 2 1 2 2 0 0 0 0 0 0 0 1 1 2 2 0 1 1 0 2 0 0 2 2 0 2 0 0 0 2 0 0 0 1 2 0 1 2 1 0 0 2 1 1 0 1 2 1 0 0 0 2 1 
1 2 0 16 16 17 0 1 2 0 0 0 18 18 17 0 1 0 0 2 1 16 16 17 2 0 0 1 2 1 2 2 0 0 0 0 0 0 0 1 1 2 2 0 1 1 0 2 0 0 2 2 0 2 0 0 0 2 0 0 0 1 2 0 1 2 1 0 0 2 1 1 0 1 2 1 0 0 0 2 1 
1
0 1 0 0 0 0 0 0 0 
1 2 0 0 0 1 0 1 2 0 0 0 2 2 1 0 1 0 0 2 1 0 0 1 2 0 0 1 2 1 2 2 0 0 0 0 0 0 0 1 1 2 2 0 1 1 0 2 0 0 2 2 1 2 0 0 0 2 0 0 0 1 2 0 1 2 1 0 0 2 1 1 0 1 2 1 0 0 0 2 1 
1 2 0 16 16 17 0 1 2 0 0 0 18 18 17 0 1 0 0 2 1 16 16 17 2 0 0 1 2 1 2 2 0 0 0 0 0 0 0 1 1 2 2 0 1 1 0 2 0 0 2 2 1 2 0 0 0 2 0 0 0 1 2 0 1 2 1 0 0 2 1 1 0 1 2 1 0 0 0 2 1 
1
0 1 0 0 0 0 0 0 0 
1 2 0 0 0 1 0 1 2 0 0 0 2 2 1 0 1 0 0 2 1 0 0 1 2 0 0 1 2 1 2 2 0 0 0 0 0 0 0 1 1 2 2 0 1 1 0 2 0 0 2 2 1 2 0 0 0 2 0 0 0 1 2 0 1 2 1 2 0 2 1 1 0 1 2 1 0 0 0 2 1 
1 2 0 16 16 17 0 1 2 0 0 0 18 18 17 0 1 0 0 2 1 16 16 17 2 0 0 1 2 1 2 2 0 0 0 0 0 0 0 1 1 2 2 0 1 1 0 2 0 0 2 2 1 2 0 0 0 2 0 0 0 1 2 0 1 2 1 2 0 2 1 1 0 1 2 1 0 0 0 2 1 
1
0 1 0 0 0 0 0 0 0 
1 2 0 0 0 1 0 1 2 0 0 0 2 2 1 0 1 0 0 2 1 0 0 1 2 0 0 1 2 1 2 2 1 0 0 0 0 0 0 1 1 2 2 0 1 1 0 2 0 0 2 2 1 2 0 0 0 2 0 0 0 1 2 0 1 2 1 2 0 2 1 1 0 1 2 1 0 0 0 2 1 
1 2 0 16 16 17 0 1 2 0 0 0 18 18 17 0 1 0 0 2 1 16 16 17 2 0 0 1 2 1 2 2 1 0 0 0 0 0 0 1 1 2 2 0 1 1 0 2 0 0 2 2 1 2 0 0 0 2 0 0 0 1 2 0 1 2 1 2 0 2 1 1 0 1 2 1 0 0 0 2 1 
1
0 1 0 0 0 0 0 0 0 
1 2 0 0 0 1 0 1 2 0 0 0 2 2 1 2 1 0 0 2 1 0 0 1 2 0 0 1 2 1 2 2 1 0 0 0 0 0 0 1 1 2 2 0 1 1 0 2 0 0 2 2 1 2 0 0 0 2 0 0 0 1 2 0 1 2 1 2 0 2 1 1 0 1 2 1 0 0 0 2 1 
1 2 0 16 16 17 0 1 2 0 0 0 18 18 17 2 1 0 0 2 1 16 16 17 2 0 0 1 2 1 2 2 1 0 0 0 0 0 0 1 1 2 2 0 1 1 0 2 0 0 2 2 1 2 0 0 0 2 0 0 0 1 2 0 1 2 1 2 0 2 1 1 0 1 2 1 0 0 0 2 1 
1
0 1 0 0 0 0 0 0 0 
1 2 0 0 0 1 0 1 2 0 0 0 2 2 1 2 1 0 0 2 1 0 0 1 2 0 0 1 2 1 2 2 1 0 0 0 0 0 1 1 1 2 2 0 1 1 0 2 0 0 2 2 1 2 0 0 0 2 0 0 0 1 2 0 1 2 1 2 0 2 1 1 0 1 2 1 0 0 0 2 1 
1 2 0 16 16 17 0 1 2 0 0 0 18 18 17 2 1 0 0 2 1 16 16 17 2 0 0 1 2 1 2 2 1 0 0 0 0 0 1 1 1 2 2 0 1 1 0 2 0 0 2 2 1 2 0 0 0 2 0 0 0 1 2 0 1 2 1 2 0 2 1 1 0 1 2 1 0 0 0 2 1 
1
0 1 0 0 0 2 0 0 0 
1 2 0 0 0 1 0 1 2 0 0 0 2 2 1 2 1 0 0 2 1 0 0 1 2 0 0 1 2 1 2 2 1 2 0 0 0 0 1 1 1 2 2 0 1 1 0 2 0 0 2 2 1 2 0 0 0 2 0 0 0 1 2 0 1 2 1 2 0 2 1 1 0 1 2 1 0 0 0 2 1 
1 2 0 16 16 17 0 1 2 0 0 0 18 18 17 2 1 0 0 2 1 16 16 17 2 0 0 1 2 1 2 2 1 34 32 32 0 0 1 1 1 2 34 32 33 1 0 2 0 0 2 34 33 34 0 0 0 2 0 0 0 1 2 0 1 2 1 2 0 2 1 1 0 1 2 1 0 0 0 2 1 
1
1 1 0 0 0 2 0 0 0 
1 2 0 0 0 1 0 1 2 0 1 0 2 2 1 2 1 0 0 2 1 0 0 1 2 0 0 1 2 1 2 2 1 2 0 0 0 0 1 1 1 2 2 0 1 1 0 2 0 0 2 2 1 2 0 0 0 2 0 0 0 1 2 0 1 2 1 2 0 2 1 1 0 1 2 1 0 0 0 2 1 
17 18 16 16 16 17 0 1 2 16 17 16 18 18 17 2 1 0 16 18 17 16 16 17 2 0 0 1 2 1 2 2 1 34 32 32 0 0 1 1 1 2 34 32 33 1 0 2 0 0 2 34 33 34 0 0 0 2 0 0 0 1 2 0 1 2 1 2 0 2 1 1 0 1 2 1 0 0 0 2 1 
1
1 1 0 0 0 2 0 0 0 
1 2 0 0 0 1 0 1 2 0 1 0 2 2 1 2 1 0 0 2 1 0 0 1 2 0 0 1 2 1 2 2 1 2 0 0 0 0 1 1 1 2 2 0 1 1 0 2 2 0 2 2 1 2 0 0 0 2 0 0 0 1 2 0 1 2 1 2 0 2 1 1 0 1 2 1 0 0 0 2 1 
17 18 16 16 16 17 0 1 2 16 17 16 18 18 17 2 1 0 16 18 17 16 16 17 2 0 0 1 2 1 2 2 1 34 32 32 0 0 1 1 1 2 34 32 33 1 0 2 2 0 2 34 33 34 0 0 0 2 0 0 0 1 2 0 1 2 1 2 0 2 1 1 0 1 2 1 0 0 0 2 1 
1
1 1 0 0 0 2 1 0 0 
1 2 0 0 0 1 0 1 2 0 1 0 2 2 1 2 1 0 0 2 1 0 0 1 2 0 0 1 2 1 2 2 1 2 0 0 0 0 1 1 1 2 2 0 1 1 0 2 2 0 2 2 1 2 0 1 0 2 0 0 0 1 2 0 1 2 1 2 0 2 1 1 0 1 2 1 0 0 0 2 1 
17 18 16 16 16 17 0 1 2 16 17 16 18 18 17 2 1 0 16 18 17 16 16 17 2 0 0 1 2 1 2 2 1 34 32 32 0 0 1 1 1 2 34 32 33 1 0 2 2 0 2 34 33 34 16 17 16 2 0 0 0 1 2 16 17 18 1 2 0 2 1 1 16 17 18 1 0 0 0 2 1 
1
1 1 0 0 0 2 1 0 0 
1 2 0 0 0 1 0 1 2 0 1 0 2 2 1 2 1 0 0 2 1 0 0 1 2 0 0 1 2 1 2 2 1 2 0 0 0 2 1 1 1 2 2 0 1 1 0 2 2 0 2 2 1 2 0 1 0 2 0 0 0 1 2 0 1 2 1 2 0 2 1 1 0 1 2 1 0 0 0 2 1 
17 18 16 16 16 17 0 1 2 16 17 16 18 18 17 2 1 0 16 18 17 16 16 17 2 0 0 1 2 1 2 2 1 34 32 32 0 2 1 1 1 2 34 32 33 1 0 2 2 0 2 34 33 34 16 17 16 2 0 0 0 1 2 16 17 18 1 2 0 2 1 1 16 17 18 1 0 0 0 2 1 
1
1 1 0 0 0 2 1 0 0 
1 2 0 0 0 1 0 1 2 0 1 0 2 2 1 2 1 0 0 2 1 0 0 1 2 0 0 1 2 1 2 2 1 2 0 0 0 2 1 1 1 2 2 0 1 1 0 2 2 1 2 2 1 2 0 1 0 2 0 0 0 1 2 0 1 2 1 2 0 2 1 1 0 1 2 1 0 0 0 2 1 
17 18 16 16 16 17 0 1 2 16 17 16 18 18 17 2 1 0 16 18 17 16 16 17 2 0 0 1 2 1 2 2 1 34 32 32 0 2 1 1 1 2 34 32 33 1 0 2 2 1 2 34 33 34 16 17 16 2 0 0 0 1 2 16 17 18 1 2 0 2 1 1 16 17 18 1 0 0 0 2 1 
1
1 1 0 0 0 2 1 2 0 
1 2 0 0 0 1 0 1 2 0 1 0 2 2 1 2 1 0 0 2 1 0 0 1 2 0 0 1 2 1 2 2 1 2 0 0 0 2 1 1 1 2 2 0 1 1 0 2 2 1 2 2 1 2 0 1 0 2 0 0 0 1 2 0 1 2 1 2 0 2 1 1 0 1 2 1 0 2 0 2 1 
17 18 16 16 16 17 0 1 2 16 17 16 18 18 17 2 1 0 16 18 17 16 16 17 2 0 0 1 2 1 2 2 1 34 32 32 0 2 1 1 1 2 34 32 33 1 0 2 2 1 2 34 33 34 16 17 16 34 32 32 0 1 2 16 17 18 33 34 32 2 1 1 16 17 18 33 32 34 0 2 1 
1
1 1 0 0 0 2 1 2 1 
1 2 0 0 0 1 0 1 2 0 1 0 2 2 1 2 1 0 0 2 1 0 0 1 2 0 0 1 2 1 2 2 1 2 0 0 0 2 1 1 1 2 2 0 1 1 0 2 2 1 2 2 1 2 0 1 0 2 0 0 1 1 2 0 1 2 1 2 0 2 1 1 0 1 2 1 0 2 0 2 1 
17 18 16 16 16 17 0 1 2 16 17 16 18 18 17 2 1 0 16 18 17 16 16 17 2 0 0 1 2 1 2 2 1 34 32 32 0 2 1 1 1 2 34 32 33 1 0 2 2 1 2 34 33 34 16 17 16 34 32 32 17 17 18 16 17 18 33 34 32 18 17 17 16 17 18 33 32 34 16 18 17 
1
1 1 2 0 0 2 1 2 1 
1 2 0 0 0 1 2 1 2 0 1 0 2 2 1 2 1 0 0 2 1 0 0 1 2 0 0 1 2 1 2 2 1 2 0 0 0 2 1 1 1 2 2 0 1 1 0 2 2 1 2 2 1 2 0 1 0 2 0 0 1 1 2 0 1 2 1 2 0 2 1 1 0 1 2 1 0 2 0 2 1 
17 18 16 16 16 17 34 33 34 16 17 16 18 18 17 34 33 32 16 18 17 16 16 17 34 32 32 1 2 1 2 2 1 34 32 32 0 2 1 1 1 2 34 32 33 1 0 2 2 1 2 34 33 34 16 17 16 34 32 32 17 17 18 16 17 18 33 34 32 18 17 17 16 17 18 33 32 34 16 18 17 
1
1 1 2 1 0 2 1 2 1 
1 2 0 0 0 1 2 1 2 0 1 0 2 2 1 2 1 0 0 2 1 0 0 1 2 0 0 1 2 1 2 2 1 2 0 0 1 2 1 1 1 2 2 0 1 1 0 2 2 1 2 2 1 2 0 1 0 2 0 0 1 1 2 0 1 2 1 2 0 2 1 1 0 1 2 1 0 2 0 2 1 
17 18 16 16 16 17 34 33 34 16 17 16 18 18 17 34 33 32 16 18 17 16 16 17 34 32 32 17 18 17 2 2 1 34 32 32 17 18 17 1 1 2 34 32 33 17 16 18 2 1 2 34 33 34 16 17 16 34 32 32 17 17 18 16 17 18 33 34 32 18 17 17 16 17 18 33 32 34 16 18 17 
1
1 1 2 1 0 2 1 2 1 
1 2 0 0 0 1 2 1 2 0 1 0 2 2 1 2 1 0 0 2 1 0 0 1 2 0 0 1 2 1 2 2 1 2 0 0 1 2 1 1 1 2 2 0 1 1 0 2 2 1 2 2 1 2 0 1 0 2 0 0 1 1 2 0 1 2 1 2 0 2 1 1 0 1 2 1 0 2 0 2 1 
17 18 16 16 16 17 34 33 34 16 17 16 18 18 17 34 33 32 16 18 17 16 16 17 34 32 32 17 18 17 2 2 1 34 32 32 17 18 17 1 1 2 34 32 33 17 16 18 2 1 2 34 33 34 16 17 16 34 32 32 17 17 18 16 17 18 33 34 32 18 17 17 16 17 18 33 32 34 16 18 17 
1
