0 0 0 0 0 0 0 0 0 
0 0 0 0 0 0 0 0 0 0 0 0 0 0 0 0 0 0 0 0 0 0 0 0 0 0 0 0 0 0 0 0 0 0 0 0 0 0 0 0 0 0 0 0 0 0 0 0 0 0 0 0 0 0 0 0 0 0 0 0 0 0 0 0 0 0 0 0 0 0 1 0 0 0 0 0 0 0 0 0 0 
0 0 0 0 0 0 0 0 0 0 0 0 0 0 0 0 0 0 0 0 0 0 0 0 0 0 0 0 0 0 0 0 0 0 0 0 0 0 0 0 0 0 0 0 0 0 0 0 0 0 0 0 0 0 0 0 0 0 0 0 0 0 0 0 0 0 0 0 0 0 1 0 0 0 0 0 0 0 0 0 0 
1
0 0 0 0 0 0 0 0 0 
0 0 0 0 0 0 0 0 0 0 0 0 0 0 0 0 0 0 0 0 0 0 0 0 0 0 0 0 0 0 0 0 2 0 0 0 0 0 0 0 0 0 0 0 0 0 0 0 0 0 0 0 0 0 0 0 0 0 0 0 0 0 0 0 0 0 0 0 0 0 1 0 0 0 0 0 0 0 0 0 0 
0 0 0 0 0 0 0 0 0 0 0 0 0 0 0 0 0 0 0 0 0 0 0 0 0 0 0 0 0 0 0 0 2 0 0 0 0 0 0 0 0 0 0 0 0 0 0 0 0 0 0 0 0 0 0 0 0 0 0 0 0 0 0 0 0 0 0 0 0 0 1 0 0 0 0 0 0 0 0 0 0 
1
0 0 0 0 0 0 0 0 0 
0 0 0 0 0 0 0 0 0 0 0 0 0 0 0 0 1 0 0 0 0 0 0 0 0 0 0 0 0 0 0 0 2 0 0 0 0 0 0 0 0 0 0 0 0 0 0 0 0 0 0 0 0 0 0 0 0 0 0 0 0 0 0 0 0 0 0 0 0 0 1 0 0 0 0 0 0 0 0 0 0 
0 0 0 0 0 0 0 0 0 0 0 0 0 0 0 0 1 0 0 0 0 0 0 0 0 0 0 0 0 0 0 0 2 0 0 0 0 0 0 0 0 0 0 0 0 0 0 0 0 0 0 0 0 0 0 0 0 0 0 0 0 0 0 0 0 0 0 0 0 0 1 0 0 0 0 0 0 0 0 0 0 
1
0 0 0 0 0 0 0 0 0 
0 0 0 0 0 0 0 0 0 0 0 0 0 0 0 0 1 0 0 0 0 0 0 0 0 0 0 0 0 0 0 0 2 0 0 0 0 0 0 2 0 0 0 0 0 0 0 0 0 0 0 0 0 0 0 0 0 0 0 0 0 0 0 0 0 0 0 0 0 0 1 0 0 0 0 0 0 0 0 0 0 
0 0 0 0 0 0 0 0 0 0 0 0 0 0 0 0 1 0 0 0 0 0 0 0 0 0 0 0 0 0 0 0 2 0 0 0 0 0 0 2 0 0 0 0 0 0 0 0 0 0 0 0 0 0 0 0 0 0 0 0 0 0 0 0 0 0 0 0 0 0 1 0 0 0 0 0 0 0 0 0 0 
1
0 0 0 0 0 0 0 0 0 
0 0 0 0 0 0 0 0 0 0 0 0 0 0 0 0 1 0 0 0 0 0 0 0 0 0 0 0 0 0 0 0 2 0 0 0 0 1 0 2 0 0 0 0 0 0 0 0 0 0 0 0 0 0 0 0 0 0 0 0 0 0 0 0 0 0 0 0 0 0 1 0 0 0 0 0 0 0 0 0 0 
0 0 0 0 0 0 0 0 0 0 0 0 0 0 0 0 1 0 0 0 0 0 0 0 0 0 0 0 0 0 0 0 2 0 0 0 0 1 0 2 0 0 0 0 0 0 0 0 0 0 0 0 0 0 0 0 0 0 0 0 0 0 0 0 0 0 0 0 0 0 1 0 0 0 0 0 0 0 0 0 0 
1
0 0 0 0 0 0 0 0 0 
0 0 0 0 0 0 0 0 0 0 0 0 0 0 0 0 1 0 0 0 0 0 0 0 0 0 0 0 0 0 0 0 2 0 0 0 0 1 0 2 0 0 0 0 0 0 0 0 2 0 0 0 0 0 0 0 0 0 0 0 0 0 0 0 0 0 0 0 0 0 1 0 0 0 0 0 0 0 0 0 0 
0 0 0 0 0 0 0 0 0 0 0 0 0 0 0 0 1 0 0 0 0 0 0 0 0 0 0 0 0 0 0 0 2 0 0 0 0 1 0 2 0 0 0 0 0 0 0 0 2 0 0 0 0 0 0 0 0 0 0 0 0 0 0 0 0 0 0 0 0 0 1 0 0 0 0 0 0 0 0 0 0 
1
0 0 0 0 0 0 0 0 0 
0 0 0 0 0 0 0 0 0 0 0 0 0 0 0 0 1 0 0 0 0 0 0 0 0 0 0 0 0 0 0 0 2 0 0 0 0 1 0 2 0 0 0 0 0 0 0 0 2 0 0 0 0 0 1 0 0 0 0 0 0 0 0 0 0 0 0 0 0 0 1 0 0 0 0 0 0 0 0 0 0 
0 0 0 0 0 0 0 0 0 0 0 0 0 0 0 0 1 0 0 0 0 0 0 0 0 0 0 0 0 0 0 0 2 0 0 0 0 1 0 2 0 0 0 0 0 0 0 0 2 0 0 0 0 0 1 0 0 0 0 0 0 0 0 0 0 0 0 0 0 0 1 0 0 0 0 0 0 0 0 0 0 
1
0 0 0 0 0 0 0 0 0 
0 2 0 0 0 0 0 0 0 0 0 0 0 0 0 0 1 0 0 0 0 0 0 0 0 0 0 0 0 0 0 0 2 0 0 0 0 1 0 2 0 0 0 0 0 0 0 0 2 0 0 0 0 0 1 0 0 0 0 0 0 0 0 0 0 0 0 0 0 0 1 0 0 0 0 0 0 0 0 0 0 
0 2 0 0 0 0 0 0 0 0 0 0 0 0 0 0 1 0 0 0 0 0 0 0 0 0 0 0 0 0 0 0 2 0 0 0 0 1 0 2 0 0 0 0 0 0 0 0 2 0 0 0 0 0 1 0 0 0 0 0 0 0 0 0 0 0 0 0 0 0 1 0 0 0 0 0 0 0 0 0 0 
1
0 0 0 0 0 0 0 0 0 
0 2 0 1 0 0 0 0 0 0 0 0 0 0 0 0 1 0 0 0 0 0 0 0 0 0 0 0 0 0 0 0 2 0 0 0 0 1 0 2 0 0 0 0 0 0 0 0 2 0 0 0 0 0 1 0 0 0 0 0 0 0 0 0 0 0 0 0 0 0 1 0 0 0 0 0 0 0 0 0 0 
0 2 0 1 0 0 0 0 0 0 0 0 0 0 0 0 1 0 0 0 0 0 0 0 0 0 0 0 0 0 0 0 2 0 0 0 0 1 0 2 0 0 0 0 0 0 0 0 2 0 0 0 0 0 1 0 0 0 0 0 0 0 0 0 0 0 0 0 0 0 1 0 0 0 0 0 0 0 0 0 0 
1
0 0 0 0 0 0 0 0 0 
0 2 0 1 0 0 0 0 0 0 0 0 0 0 0 0 1 0 2 0 0 0 0 0 0 0 0 0 0 0 0 0 2 0 0 0 0 1 0 2 0 0 0 0 0 0 0 0 2 0 0 0 0 0 1 0 0 0 0 0 0 0 0 0 0 0 0 0 0 0 1 0 0 0 0 0 0 0 0 0 0 
0 2 0 1 0 0 0 0 0 0 0 0 0 0 0 0 1 0 2 0 0 0 0 0 0 0 0 0 0 0 0 0 2 0 0 0 0 1 0 2 0 0 0 0 0 0 0 0 2 0 0 0 0 0 1 0 0 0 0 0 0 0 0 0 0 0 0 0 0 0 1 0 0 0 0 0 0 0 0 0 0 
1
0 0 0 0 0 0 0 0 0 
0 2 0 1 0 0 0 0 0 0 0 0 0 0 0 0 1 0 2 0 0 0 0 0 0 0 0 0 0 0 0 0 2 0 0 0 0 1 0 2 0 0 0 0 0 0 0 0 2 0 0 0 0 0 1 0 0 0 0 0 0 0 0 0 0 0 0 0 0 0 1 0 1 0 0 0 0 0 0 0 0 
0 2 0 1 0 0 0 0 0 0 0 0 0 0 0 0 1 0 2 0 0 0 0 0 0 0 0 0 0 0 0 0 2 0 0 0 0 1 0 2 0 0 0 0 0 0 0 0 2 0 0 0 0 0 1 0 0 0 0 0 0 0 0 0 0 0 0 0 0 0 1 0 1 0 0 0 0 0 0 0 0 
1
0 0 0 0 0 0 0 0 0 
0 2 0 1 0 0 0 0 0 0 0 0 0 0 0 0 1 0 2 0 0 0 0 0 0 0 0 0 0 0 0 0 2 0 0 0 0 1 0 2 0 0 0 0 0 0 0 0 2 0 0 0 0 0 1 0 2 0 0 0 0 0 0 0 0 0 0 0 0 0 1 0 1 0 0 0 0 0 0 0 0 
0 2 0 1 0 0 0 0 0 0 0 0 0 0 0 0 1 0 2 0 0 0 0 0 0 0 0 0 0 0 0 0 2 0 0 0 0 1 0 2 0 0 0 0 0 0 0 0 2 0 0 0 0 0 1 0 2 0 0 0 0 0 0 0 0 0 0 0 0 0 1 0 1 0 0 0 0 0 0 0 0 
1
0 0 0 0 0 0 0 0 0 
0 2 0 1 0 0 0 0 0 0 0 0 0 0 0 0 1 0 2 0 0 0 0 0 1 0 0 0 0 0 0 0 2 0 0 0 0 1 0 2 0 0 0 0 0 0 0 0 2 0 0 0 0 0 1 0 2 0 0 0 0 0 0 0 0 0 0 0 0 0 1 0 1 0 0 0 0 0 0 0 0 
0 2 0 1 0 0 0 0 0 0 0 0 0 0 0 0 1 0 2 0 0 0 0 0 1 0 0 0 0 0 0 0 2 0 0 0 0 1 0 2 0 0 0 0 0 0 0 0 2 0 0 0 0 0 1 0 2 0 0 0 0 0 0 0 0 0 0 0 0 0 1 0 1 0 0 0 0 0 0 0 0 
1
0 0 0 0 0 0 0 0 0 
0 2 0 1 0 0 0 0 0 0 0 0 0 0 0 0 1 0 2 0 0 0 0 0 1 0 0 0 0 0 0 0 2 0 0 0 0 1 0 2 0 0 0 0 0 0 0 0 2 0 0 0 0 0 1 0 2 0 0 0 0 0 0 0 0 0 0 0 0 0 1 0 1 0 2 0 0 0 0 0 0 
0 2 0 1 0 0 0 0 0 0 0 0 0 0 0 0 1 0 2 0 0 0 0 0 1 0 0 0 0 0 0 0 2 0 0 0 0 1 0 2 0 0 0 0 0 0 0 0 2 0 0 0 0 0 1 0 2 0 0 0 0 0 0 0 0 0 0 0 0 0 1 0 1 0 2 0 0 0 0 0 0 
1
0 0 0 0 0 0 0 0 0 
0 2 0 1 0 0 0 0 0 0 0 0 0 0 0 0 1 0 2 0 0 0 0 0 1 0 0 0 0 0 0 0 2 0 0 0 0 1 0 2 0 0 0 0 0 0 0 0 2 0 0 0 0 0 1 0 2 0 0 0 0 0 0 0 0 0 0 0 0 0 1 0 1 0 2 0 0 0 0 1 0 
0 2 0 1 0 0 0 0 0 0 0 0 0 0 0 0 1 0 2 0 0 0 0 0 1 0 0 0 0 0 0 0 2 0 0 0 0 1 0 2 0 0 0 0 0 0 0 0 2 0 0 0 0 0 1 0 2 0 0 0 0 0 0 0 0 0 0 0 0 0 1 0 1 0 2 0 0 0 0 1 0 
1
0 0 0 0 0 0 0 0 0 
0 2 0 1 0 0 0 0 0 0 0 0 0 0 0 0 1 0 2 0 0 0 0 0 1 0 0 0 0 0 0 0 2 0 0 0 0 1 0 2 0 0 0 0 0 0 0 0 2 0 0 0 0 0 1 0 2 0 0 0 0 0 0 0 0 0 0 0 2 0 1 0 1 0 2 0 0 0 0 1 0 
0 2 0 1 0 0 0 0 0 0 0 0 0 0 0 0 1 0 2 0 0 0 0 0 1 0 0 0 0 0 0 0 2 0 0 0 0 1 0 2 0 0 0 0 0 0 0 0 2 0 0 0 0 0 1 0 2 0 0 0 0 0 0 0 0 0 0 0 2 0 1 0 1 0 2 0 0 0 0 1 0 
1
0 0 0 0 0 0 0 0 0 
0 2 0 1 0 0 0 0 0 0 0 0 0 0 0 0 1 0 2 0 0 0 0 0 1 0 0 0 0 0 0 0 2 1 0 0 0 1 0 2 0 0 0 0 0 0 0 0 2 0 0 0 0 0 1 0 2 0 0 0 0 0 0 0 0 0 0 0 2 0 1 0 1 0 2 0 0 0 0 1 0 
0 2 0 1 0 0 0 0 0 0 0 0 0 0 0 0 1 0 2 0 0 0 0 0 1 0 0 0 0 0 0 0 2 1 0 0 0 1 0 2 0 0 0 0 0 0 0 0 2 0 0 0 0 0 1 0 2 0 0 0 0 0 0 0 0 0 0 0 2 0 1 0 1 0 2 0 0 0 0 1 0 
1
0 0 0 0 0 0 0 0 0 
0 2 0 1 0 0 0 0 0 0 0 0 0 0 0 0 1 0 2 0 2 0 0 0 1 0 0 0 0 0 0 0 2 1 0 0 0 1 0 2 0 0 0 0 0 0 0 0 2 0 0 0 0 0 1 0 2 0 0 0 0 0 0 0 0 0 0 0 2 0 1 0 1 0 2 0 0 0 0 1 0 
0 2 0 1 0 0 0 0 0 0 0 0 0 0 0 0 1 0 2 0 2 0 0 0 1 0 0 0 0 0 0 0 2 1 0 0 0 1 0 2 0 0 0 0 0 0 0 0 2 0 0 0 0 0 1 0 2 0 0 0 0 0 0 0 0 0 0 0 2 0 1 0 1 0 2 0 0 0 0 1 0 
1
0 0 0 0 0 0 0 0 1 
0 2 0 1 0 0 0 0 0 0 0 0 0 0 0 0 1 0 2 0 2 0 0 0 1 0 0 0 0 0 0 0 2 1 0 0 0 1 0 2 0 0 0 0 0 0 0 0 2 0 0 0 0 0 1 0 2 0 0 0 0 1 0 0 0 0 0 0 2 0 1 0 1 0 2 0 0 0 0 1 0 
0 2 0 1 0 0 0 0 0 0 0 0 0 0 0 0 1 0 2 0 2 0 0 0 1 0 0 0 0 0 0 0 2 1 0 0 0 1 0 2 0 0 0 0 0 0 0 0 2 0 0 0 0 0 1 0 2 0 0 0 16 17 16 0 0 0 0 0 2 16 17 16 1 0 2 0 0 0 16 17 16 
1
0 0 0 0 0 0 0 0 1 
0 2 0 1 0 0 0 0 0 0 0 0 0 0 0 0 1 0 2 0 2 0 0 2 1 0 0 0 0 0 0 0 2 1 0 0 0 1 0 2 0 0 0 0 0 0 0 0 2 0 0 0 0 0 1 0 2 0 0 0 0 1 0 0 0 0 0 0 2 0 1 0 1 0 2 0 0 0 0 1 0 
0 2 0 1 0 0 0 0 0 0 0 0 0 0 0 0 1 0 2 0 2 0 0 2 1 0 0 0 0 0 0 0 2 1 0 0 0 1 0 2 0 0 0 0 0 0 0 0 2 0 0 0 0 0 1 0 2 0 0 0 16 17 16 0 0 0 0 0 2 16 17 16 1 0 2 0 0 0 16 17 16 
1
0 0 0 0 0 0 0 0 1 
0 2 0 1 0 0 0 0 0 0 0 0 0 0 0 0 1 0 2 0 2 0 0 2 1 0 0 0 0 0 0 0 2 1 0 0 0 1 0 2 0 0 0 0 0 0 0 0 2 0 0 0 0 0 1 0 2 0 0 0 0 1 0 0 0 0 1 0 2 0 1 0 1 0 2 0 0 0 0 1 0 
0 2 0 1 0 0 0 0 0 0 0 0 0 0 0 0 1 0 2 0 2 0 0 2 1 0 0 0 0 0 0 0 2 1 0 0 0 1 0 2 0 0 0 0 0 0 0 0 2 0 0 0 0 0 1 0 2 0 0 0 16 17 16 0 0 0 1 0 2 16 17 16 1 0 2 0 0 0 16 17 16 
1
0 0 0 0 0 0 0 0 1 
0 2 0 1 0 0 0 0 0 0 0 0 0 0 0 0 1 0 2 0 2 0 0 2 1 0 0 0 0 2 0 0 2 1 0 0 0 1 0 2 0 0 0 0 0 0 0 0 2 0 0 0 0 0 1 0 2 0 0 0 0 1 0 0 0 0 1 0 2 0 1 0 1 0 2 0 0 0 0 1 0 
0 2 0 1 0 0 0 0 0 0 0 0 0 0 0 0 1 0 2 0 2 0 0 2 1 0 0 0 0 2 0 0 2 1 0 0 0 1 0 2 0 0 0 0 0 0 0 0 2 0 0 0 0 0 1 0 2 0 0 0 16 17 16 0 0 0 1 0 2 16 17 16 1 0 2 0 0 0 16 17 16 
1
0 0 1 0 0 0 0 0 1 
0 2 0 1 0 0 0 0 1 0 0 0 0 0 0 0 1 0 2 0 2 0 0 2 1 0 0 0 0 2 0 0 2 1 0 0 0 1 0 2 0 0 0 0 0 0 0 0 2 0 0 0 0 0 1 0 2 0 0 0 0 1 0 0 0 0 1 0 2 0 1 0 1 0 2 0 0 0 0 1 0 
0 2 0 1 0 0 16 16 17 0 0 0 0 0 0 16 17 16 2 0 2 0 0 2 17 16 16 0 0 2 0 0 2 1 0 0 0 1 0 2 0 0 0 0 0 0 0 0 2 0 0 0 0 0 1 0 2 0 0 0 16 17 16 0 0 0 1 0 2 16 17 16 1 0 2 0 0 0 16 17 16 
1
0 0 1 0 0 0 0 0 1 
0 2 0 1 0 0 0 0 1 0 0 0 0 0 0 0 1 0 2 0 2 0 0 2 1 0 0 0 0 2 0 0 2 1 0 0 0 1 0 2 0 0 0 0 0 0 0 0 2 0 0 0 0 0 1 0 2 0 0 0 0 1 0 2 0 0 1 0 2 0 1 0 1 0 2 0 0 0 0 1 0 
0 2 0 1 0 0 16 16 17 0 0 0 0 0 0 16 17 16 2 0 2 0 0 2 17 16 16 0 0 2 0 0 2 1 0 0 0 1 0 2 0 0 0 0 0 0 0 0 2 0 0 0 0 0 1 0 2 0 0 0 16 17 16 2 0 0 1 0 2 16 17 16 1 0 2 0 0 0 16 17 16 
1
0 0 1 0 0 0 0 0 1 
0 2 0 1 0 0 0 0 1 0 0 0 0 0 0 0 1 0 2 0 2 0 0 2 1 0 0 0 0 2 0 0 2 1 0 0 0 1 0 2 0 0 0 0 0 0 1 0 2 0 0 0 0 0 1 0 2 0 0 0 0 1 0 2 0 0 1 0 2 0 1 0 1 0 2 0 0 0 0 1 0 
0 2 0 1 0 0 16 16 17 0 0 0 0 0 0 16 17 16 2 0 2 0 0 2 17 16 16 0 0 2 0 0 2 1 0 0 0 1 0 2 0 0 0 0 0 0 1 0 2 0 0 0 0 0 1 0 2 0 0 0 16 17 16 2 0 0 1 0 2 16 17 16 1 0 2 0 0 0 16 17 16 
1
0 0 1 0 0 0 0 0 1 
0 2 0 1 0 0 0 0 1 0 0 0 0 0 0 0 1 0 2 0 2 0 0 2 1 0 0 0 0 2 0 0 2 1 0 0 0 1 0 2 0 0 0 0 0 0 1 0 2 0 0 0 0 0 1 0 2 0 0 0 0 1 0 2 0 0 1 2 2 0 1 0 1 0 2 0 0 0 0 1 0 
0 2 0 1 0 0 16 16 17 0 0 0 0 0 0 16 17 16 2 0 2 0 0 2 17 16 16 0 0 2 0 0 2 1 0 0 0 1 0 2 0 0 0 0 0 0 1 0 2 0 0 0 0 0 1 0 2 0 0 0 16 17 16 2 0 0 1 2 2 16 17 16 1 0 2 0 0 0 16 17 16 
1
0 0 1 0 0 0 0 0 1 
0 2 0 1 0 0 0 0 1 0 0 0 0 0 0 0 1 0 2 0 2 0 0 2 1 0 0 0 0 2 0 0 2 1 0 0 0 1 0 2 0 1 0 0 0 0 1 0 2 0 0 0 0 0 1 0 2 0 0 0 0 1 0 2 0 0 1 2 2 0 1 0 1 0 2 0 0 0 0 1 0 
0 2 0 1 0 0 16 16 17 0 0 0 0 0 0 16 17 16 2 0 2 0 0 2 17 16 16 0 0 2 0 0 2 1 0 0 0 1 0 2 0 1 0 0 0 0 1 0 2 0 0 0 0 0 1 0 2 0 0 0 16 17 16 2 0 0 1 2 2 16 17 16 1 0 2 0 0 0 16 17 16 
1
0 0 1 0 0 0 0 0 1 
0 2 0 1 0 0 0 0 1 0 0 0 0 0 0 0 1 0 2 0 2 0 0 2 1 0 0 0 0 2 0 0 2 1 0 0 0 1 0 2 0 1 0 0 2 0 1 0 2 0 0 0 0 0 1 0 2 0 0 0 0 1 0 2 0 0 1 2 2 0 1 0 1 0 2 0 0 0 0 1 0 
0 2 0 1 0 0 16 16 17 0 0 0 0 0 0 16 17 16 2 0 2 0 0 2 17 16 16 0 0 2 0 0 2 1 0 0 0 1 0 2 0 1 0 0 2 0 1 0 2 0 0 0 0 0 1 0 2 0 0 0 16 17 16 2 0 0 1 2 2 16 17 16 1 0 2 0 0 0 16 17 16 
1
0 0 1 0 0 0 0 0 1 
0 2 0 1 0 0 0 0 1 0 0 0 0 0 0 0 1 0 2 0 2 0 0 2 1 0 0 0 0 2 0 0 2 1 0 0 0 1 0 2 0 1 1 0 2 0 1 0 2 0 0 0 0 0 1 0 2 0 0 0 0 1 0 2 0 0 1 2 2 0 1 0 1 0 2 0 0 0 0 1 0 
0 2 0 1 0 0 16 16 17 0 0 0 0 0 0 16 17 16 2 0 2 0 0 2 17 16 16 0 0 2 0 0 2 1 0 0 0 1 0 2 0 1 1 0 2 0 1 0 2 0 0 0 0 0 1 0 2 0 0 0 16 17 16 2 0 0 1 2 2 16 17 16 1 0 2 0 0 0 16 17 16 
1
0 0 1 0 0 0 0 0 1 
0 2 0 1 0 0 0 0 1 0 0 0 0 0 0 0 1 0 2 0 2 0 0 2 1 0 0 0 2 2 0 0 2 1 0 0 0 1 0 2 0 1 1 0 2 0 1 0 2 0 0 0 0 0 1 0 2 0 0 0 0 1 0 2 0 0 1 2 2 0 1 0 1 0 2 0 0 0 0 1 0 
0 2 0 1 0 0 16 16 17 0 0 0 0 0 0 16 17 16 2 0 2 0 0 2 17 16 16 0 2 2 0 0 2 1 0 0 0 1 0 2 0 1 1 0 2 0 1 0 2 0 0 0 0 0 1 0 2 0 0 0 16 17 16 2 0 0 1 2 2 16 17 16 1 0 2 0 0 0 16 17 16 
1
0 0 1 0 0 0 0 0 1 
0 2 0 1 1 0 0 0 1 0 0 0 0 0 0 0 1 0 2 0 2 0 0 2 1 0 0 0 2 2 0 0 2 1 0 0 0 1 0 2 0 1 1 0 2 0 1 0 2 0 0 0 0 0 1 0 2 0 0 0 0 1 0 2 0 0 1 2 2 0 1 0 1 0 2 0 0 0 0 1 0 
0 2 0 1 1 0 16 16 17 0 0 0 0 0 0 16 17 16 2 0 2 0 0 2 17 16 16 0 2 2 0 0 2 1 0 0 0 1 0 2 0 1 1 0 2 0 1 0 2 0 0 0 0 0 1 0 2 0 0 0 16 17 16 2 0 0 1 2 2 16 17 16 1 0 2 0 0 0 16 17 16 
1
0 0 1 0 0 0 0 0 1 
0 2 0 1 1 0 0 0 1 0 0 0 0 0 0 0 1 0 2 0 2 0 2 2 1 0 0 0 2 2 0 0 2 1 0 0 0 1 0 2 0 1 1 0 2 0 1 0 2 0 0 0 0 0 1 0 2 0 0 0 0 1 0 2 0 0 1 2 2 0 1 0 1 0 2 0 0 0 0 1 0 
0 2 0 1 1 0 16 16 17 0 0 0 0 0 0 16 17 16 2 0 2 0 2 2 17 16 16 0 2 2 0 0 2 1 0 0 0 1 0 2 0 1 1 0 2 0 1 0 2 0 0 0 0 0 1 0 2 0 0 0 16 17 16 2 0 0 1 2 2 16 17 16 1 0 2 0 0 0 16 17 16 
1
0 0 1 0 0 0 0 0 1 
0 2 0 1 1 0 0 0 1 0 0 0 0 0 0 0 1 0 2 0 2 0 2 2 1 0 0 0 2 2 0 0 2 1 0 0 0 1 0 2 0 1 1 0 2 0 1 0 2 0 0 0 0 0 1 0 2 0 0 0 0 1 0 2 0 0 1 2 2 0 1 0 1 0 2 1 0 0 0 1 0 
0 2 0 1 1 0 16 16 17 0 0 0 0 0 0 16 17 16 2 0 2 0 2 2 17 16 16 0 2 2 0 0 2 1 0 0 0 1 0 2 0 1 1 0 2 0 1 0 2 0 0 0 0 0 1 0 2 0 0 0 16 17 16 2 0 0 1 2 2 16 17 16 1 0 2 1 0 0 16 17 16 
1
0 0 1 0 0 0 0 0 1 
0 2 0 1 1 0 0 0 1 0 0 0 0 0 0 0 1 0 2 0 2 0 2 2 1 0 0 0 2 2 0 0 2 1 0 0 0 1 0 2 0 1 1 0 2 0 1 0 2 0 0 0 0 0 1 0 2 0 0 0 0 1 0 2 0 0 1 2 2 0 1 0 1 2 2 1 0 0 0 1 0 
0 2 0 1 1 0 16 16 17 0 0 0 0 0 0 16 17 16 2 0 2 0 2 2 17 16 16 0 2 2 0 0 2 1 0 0 0 1 0 2 0 1 1 0 2 0 1 0 2 0 0 0 0 0 1 0 2 0 0 0 16 17 16 2 0 0 1 2 2 16 17 16 1 2 2 1 0 0 16 17 16 
1
0 0 1 0 0 0 0 1 1 
0 2 0 1 1 0 0 0 1 0 0 0 0 0 0 0 1 0 2 0 2 0 2 2 1 0 0 0 2 2 0 0 2 1 0 0 0 1 0 2 0 1 1 0 2 0 1 0 2 0 0 0 0 0 1 0 2 1 0 0 0 1 0 2 0 0 1 2 2 0 1 0 1 2 2 1 0 0 0 1 0 
0 2 0 1 1 0 16 16 17 0 0 0 0 0 0 16 17 16 2 0 2 0 2 2 17 16 16 0 2 2 0 0 2 1 0 0 0 1 0 2 0 1 1 0 2 0 1 0 2 0 0 0 0 0 1 0 2 17 16 16 16 17 16 2 0 0 17 18 18 16 17 16 1 2 2 17 16 16 16 17 16 
1
0 0 1 0 0 0 0 1 1 
0 2 2 1 1 0 0 0 1 0 0 0 0 0 0 0 1 0 2 0 2 0 2 2 1 0 0 0 2 2 0 0 2 1 0 0 0 1 0 2 0 1 1 0 2 0 1 0 2 0 0 0 0 0 1 0 2 1 0 0 0 1 0 2 0 0 1 2 2 0 1 0 1 2 2 1 0 0 0 1 0 
0 2 2 1 1 0 16 16 17 0 0 0 0 0 0 16 17 16 2 0 2 0 2 2 17 16 16 0 2 2 0 0 2 1 0 0 0 1 0 2 0 1 1 0 2 0 1 0 2 0 0 0 0 0 1 0 2 17 16 16 16 17 16 2 0 0 17 18 18 16 17 16 1 2 2 17 16 16 16 17 16 
1
0 0 1 0 0 0 0 1 1 
0 2 2 1 1 0 0 0 1 0 0 0 0 0 0 0 1 0 2 0 2 0 2 2 1 0 0 0 2 2 0 0 2 1 0 0 0 1 0 2 0 1 1 0 2 0 1 0 2 0 0 0 0 0 1 0 2 1 0 0 0 1 0 2 0 1 1 2 2 0 1 0 1 2 2 1 0 0 0 1 0 
0 2 2 1 1 0 16 16 17 0 0 0 0 0 0 16 17 16 2 0 2 0 2 2 17 16 16 0 2 2 0 0 2 1 0 0 0 1 0 2 0 1 1 0 2 0 1 0 2 0 0 0 0 0 1 0 2 17 16 16 16 17 16 2 0 1 17 18 18 16 17 16 1 2 2 17 16 16 16 17 16 
1
0 0 1 0 0 0 0 1 1 
0 2 2 1 1 0 0 0 1 0 0 0 0 0 0 0 1 0 2 0 2 0 2 2 1 0 0 0 2 2 0 0 2 1 0 0 0 1 0 2 0 1 1 0 2 0 1 0 2 0 0 0 2 0 1 0 2 1 0 0 0 1 0 2 0 1 1 2 2 0 1 0 1 2 2 1 0 0 0 1 0 
0 2 2 1 1 0 16 16 17 0 0 0 0 0 0 16 17 16 2 0 2 0 2 2 17 16 16 0 2 2 0 0 2 1 0 0 0 1 0 2 0 1 1 0 2 0 1 0 2 0 0 0 2 0 1 0 2 17 16 16 16 17 16 2 0 1 17 18 18 16 17 16 1 2 2 17 16 16 16 17 16 
1
0 0 1 0 0 0 0 1 1 
0 2 2 1 1 0 0 0 1 0 0 0 0 0 0 0 1 0 2 0 2 0 2 2 1 0 0 0 2 2 0 0 2 1 0 0 0 1 0 2 0 1 1 0 2 0 1 0 2 0 0 0 2 0 1 0 2 1 0 0 0 1 0 2 1 1 1 2 2 0 1 0 1 2 2 1 0 0 0 1 0 
0 2 2 1 1 0 16 16 17 0 0 0 0 0 0 16 17 16 2 0 2 0 2 2 17 16 16 0 2 2 0 0 2 1 0 0 0 1 0 2 0 1 1 0 2 0 1 0 2 0 0 0 2 0 1 0 2 17 16 16 16 17 16 2 1 1 17 18 18 16 17 16 1 2 2 17 16 16 16 17 16 
1
0 0 1 0 2 0 0 1 1 
0 2 2 1 1 0 0 0 1 0 0 0 0 0 0 0 1 0 2 0 2 0 2 2 1 0 0 0 2 2 2 0 2 1 0 0 0 1 0 2 0 1 1 0 2 0 1 0 2 0 0 0 2 0 1 0 2 1 0 0 0 1 0 2 1 1 1 2 2 0 1 0 1 2 2 1 0 0 0 1 0 
0 2 2 1 1 0 16 16 17 0 0 0 0 0 0 16 17 16 2 0 2 0 2 2 17 16 16 0 2 2 34 32 34 1 0 0 0 1 0 34 32 33 1 0 2 0 1 0 34 32 32 0 2 0 1 0 2 17 16 16 16 17 16 2 1 1 17 18 18 16 17 16 1 2 2 17 16 16 16 17 16 
1
0 0 1 0 2 0 0 1 1 
0 2 2 1 1 0 0 0 1 0 0 1 0 0 0 0 1 0 2 0 2 0 2 2 1 0 0 0 2 2 2 0 2 1 0 0 0 1 0 2 0 1 1 0 2 0 1 0 2 0 0 0 2 0 1 0 2 1 0 0 0 1 0 2 1 1 1 2 2 0 1 0 1 2 2 1 0 0 0 1 0 
0 2 2 1 1 0 16 16 17 0 0 1 0 0 0 16 17 16 2 0 2 0 2 2 17 16 16 0 2 2 34 32 34 1 0 0 0 1 0 34 32 33 1 0 2 0 1 0 34 32 32 0 2 0 1 0 2 17 16 16 16 17 16 2 1 1 17 18 18 16 17 16 1 2 2 17 16 16 16 17 16 
1
0 0 1 0 2 0 0 1 1 
0 2 2 1 1 0 0 0 1 0 0 1 0 0 0 0 1 0 2 0 2 0 2 2 1 0 0 0 2 2 2 0 2 1 0 2 0 1 0 2 0 1 1 0 2 0 1 0 2 0 0 0 2 0 1 0 2 1 0 0 0 1 0 2 1 1 1 2 2 0 1 0 1 2 2 1 0 0 0 1 0 
0 2 2 1 1 0 16 16 17 0 0 1 0 0 0 16 17 16 2 0 2 0 2 2 17 16 16 0 2 2 34 32 34 1 0 2 0 1 0 34 32 33 1 0 2 0 1 0 34 32 32 0 2 0 1 0 2 17 16 16 16 17 16 2 1 1 17 18 18 16 17 16 1 2 2 17 16 16 16 17 16 
1
0 0 1 0 2 0 0 1 1 
0 2 2 1 1 0 0 0 1 0 0 1 0 0 0 0 1 0 2 0 2 0 2 2 1 0 0 0 2 2 2 0 2 1 0 2 0 1 0 2 0 1 1 0 2 0 1 0 2 0 0 0 2 0 1 1 2 1 0 0 0 1 0 2 1 1 1 2 2 0 1 0 1 2 2 1 0 0 0 1 0 
0 2 2 1 1 0 16 16 17 0 0 1 0 0 0 16 17 16 2 0 2 0 2 2 17 16 16 0 2 2 34 32 34 1 0 2 0 1 0 34 32 33 1 0 2 0 1 0 34 32 32 0 2 0 1 1 2 17 16 16 16 17 16 2 1 1 17 18 18 16 17 16 1 2 2 17 16 16 16 17 16 
1
0 0 1 0 2 0 0 1 1 
0 2 2 1 1 0 0 0 1 0 0 1 0 0 2 0 1 0 2 0 2 0 2 2 1 0 0 0 2 2 2 0 2 1 0 2 0 1 0 2 0 1 1 0 2 0 1 0 2 0 0 0 2 0 1 1 2 1 0 0 0 1 0 2 1 1 1 2 2 0 1 0 1 2 2 1 0 0 0 1 0 
0 2 2 1 1 0 16 16 17 0 0 1 0 0 2 16 17 16 2 0 2 0 2 2 17 16 16 0 2 2 34 32 34 1 0 2 0 1 0 34 32 33 1 0 2 0 1 0 34 32 32 0 2 0 1 1 2 17 16 16 16 17 16 2 1 1 17 18 18 16 17 16 1 2 2 17 16 16 16 17 16 
1
0 0 1 0 2 1 0 1 1 
0 2 2 1 1 0 0 0 1 0 0 1 0 0 2 0 1 0 2 0 2 0 2 2 1 0 0 0 2 2 2 0 2 1 0 2 0 1 0 2 0 1 1 0 2 0 1 0 2 0 0 1 2 0 1 1 2 1 0 0 0 1 0 2 1 1 1 2 2 0 1 0 1 2 2 1 0 0 0 1 0 
0 2 2 1 1 0 16 16 17 0 0 1 0 0 2 16 17 16 2 0 2 0 2 2 17 16 16 0 2 2 34 32 34 17 16 18 0 1 0 34 32 33 17 16 18 0 1 0 34 32 32 17 18 16 1 1 2 17 16 16 16 17 16 2 1 1 17 18 18 16 17 16 1 2 2 17 16 16 16 17 16 
1
0 0 1 0 2 1 0 1 1 
0 2 2 1 1 0 0 0 1 0 0 1 0 0 2 0 1 0 2 0 2 0 2 2 1 0 0 0 2 2 2 0 2 1 0 2 0 1 0 2 0 1 1 0 2 0 1 0 2 0 0 1 2 0 1 1 2 1 0 0 0 1 0 2 1 1 1 2 2 0 1 0 1 2 2 1 0 0 0 1 0 
0 2 2 1 1 0 16 16 17 0 0 1 0 0 2 16 17 16 2 0 2 0 2 2 17 16 16 0 2 2 34 32 34 17 16 18 0 1 0 34 32 33 17 16 18 0 1 0 34 32 32 17 18 16 1 1 2 17 16 16 16 17 16 2 1 1 17 18 18 16 17 16 1 2 2 17 16 16 16 17 16 
1
