0 0 0 0 0 0 0 0 0 
0 0 0 0 0 0 0 0 0 0 0 0 0 0 0 0 0 0 0 0 0 0 0 0 0 0 0 0 0 0 0 0 0 0 0 0 0 0 0 0 1 0 0 0 0 0 0 0 0 0 0 0 0 0 0 0 0 0 0 0 0 0 0 0 0 0 0 0 0 0 0 0 0 0 0 0 0 0 0 0 0 
0 0 0 0 0 0 0 0 0 0 0 0 0 0 0 0 0 0 0 0 0 0 0 0 0 0 0 0 0 0 0 0 0 0 0 0 0 0 0 0 1 0 0 0 0 0 0 0 0 0 0 0 0 0 0 0 0 0 0 0 0 0 0 0 0 0 0 0 0 0 0 0 0 0 0 0 0 0 0 0 0 
0
0 0 0 0 0 0 0 0 0 
0 0 0 0 0 0 0 0 0 0 0 0 0 0 0 0 0 0 0 0 0 0 0 0 0 0 0 0 0 0 0 0 0 0 0 0 0 0 0 0 1 0 0 0 0 0 0 0 0 0 2 0 0 0 0 0 0 0 0 0 0 0 0 0 0 0 0 0 0 0 0 0 0 0 0 0 0 0 0 0 0 
0 0 0 0 0 0 0 0 0 0 0 0 0 0 0 0 0 0 0 0 0 0 0 0 0 0 0 0 0 0 0 0 0 0 0 0 0 0 0 0 1 0 0 0 0 0 0 0 0 0 2 0 0 0 0 0 0 0 0 0 0 0 0 0 0 0 0 0 0 0 0 0 0 0 0 0 0 0 0 0 0 
0
0 0 0 0 0 0 0 0 0 
0 0 0 0 0 0 0 0 0 0 0 0 0 0 0 0 0 0 0 0 0 0 0 0 0 0 0 0 0 0 0 0 0 0 0 0 0 0 0 0 1 0 0 0 0 0 0 0 0 0 2 0 0 0 0 0 0 0 0 0 1 0 0 0 0 0 0 0 0 0 0 0 0 0 0 0 0 0 0 0 0 
0 0 0 0 0 0 0 0 0 0 0 0 0 0 0 0 0 0 0 0 0 0 0 0 0 0 0 0 0 0 0 0 0 0 0 0 0 0 0 0 1 0 0 0 0 0 0 0 0 0 2 0 0 0 0 0 0 0 0 0 1 0 0 0 0 0 0 0 0 0 0 0 0 0 0 0 0 0 0 0 0 
0
0 0 0 0 0 0 0 0 0 
0 0 0 0 0 0 0 0 0 0 0 0 0 0 0 0 0 0 0 2 0 0 0 0 0 0 0 0 0 0 0 0 0 0 0 0 0 0 0 0 1 0 0 0 0 0 0 0 0 0 2 0 0 0 0 0 0 0 0 0 1 0 0 0 0 0 0 0 0 0 0 0 0 0 0 0 0 0 0 0 0 
0 0 0 0 0 0 0 0 0 0 0 0 0 0 0 0 0 0 0 2 0 0 0 0 0 0 0 0 0 0 0 0 0 0 0 0 0 0 0 0 1 0 0 0 0 0 0 0 0 0 2 0 0 0 0 0 0 0 0 0 1 0 0 0 0 0 0 0 0 0 0 0 0 0 0 0 0 0 0 0 0 
0
0 0 0 0 0 0 0 0 0 
0 0 0 0 0 0 0 0 0 0 0 0 0 0 0 0 0 0 0 2 0 0 0 0 0 0 0 0 0 0 0 0 0 0 0 0 0 0 0 0 1 0 0 0 0 0 0 0 0 0 2 0 0 0 0 0 0 0 0 1 1 0 0 0 0 0 0 0 0 0 0 0 0 0 0 0 0 0 0 0 0 
0 0 0 0 0 0 0 0 0 0 0 0 0 0 0 0 0 0 0 2 0 0 0 0 0 0 0 0 0 0 0 0 0 0 0 0 0 0 0 0 1 0 0 0 0 0 0 0 0 0 2 0 0 0 0 0 0 0 0 1 1 0 0 0 0 0 0 0 0 0 0 0 0 0 0 0 0 0 0 0 0 
0
0 0 0 0 0 0 0 0 0 
0 0 0 0 0 0 0 0 0 0 0 0 0 0 0 2 0 0 0 2 0 0 0 0 0 0 0 0 0 0 0 0 0 0 0 0 0 0 0 0 1 0 0 0 0 0 0 0 0 0 2 0 0 0 0 0 0 0 0 1 1 0 0 0 0 0 0 0 0 0 0 0 0 0 0 0 0 0 0 0 0 
0 0 0 0 0 0 0 0 0 0 0 0 0 0 0 2 0 0 0 2 0 0 0 0 0 0 0 0 0 0 0 0 0 0 0 0 0 0 0 0 1 0 0 0 0 0 0 0 0 0 2 0 0 0 0 0 0 0 0 1 1 0 0 0 0 0 0 0 0 0 0 0 0 0 0 0 0 0 0 0 0 
0
0 0 0 0 0 0 0 0 0 
0 0 0 0 0 0 0 0 0 0 0 0 0 0 0 2 0 0 0 2 0 0 0 0 0 0 0 0 0 0 0 0 0 0 0 0 0 0 0 0 1 0 0 0 0 0 1 0 0 0 2 0 0 0 0 0 0 0 0 1 1 0 0 0 0 0 0 0 0 0 0 0 0 0 0 0 0 0 0 0 0 
0 0 0 0 0 0 0 0 0 0 0 0 0 0 0 2 0 0 0 2 0 0 0 0 0 0 0 0 0 0 0 0 0 0 0 0 0 0 0 0 1 0 0 0 0 0 1 0 0 0 2 0 0 0 0 0 0 0 0 1 1 0 0 0 0 0 0 0 0 0 0 0 0 0 0 0 0 0 0 0 0 
0
0 0 0 0 0 0 0 0 0 
0 0 0 0 0 0 0 0 0 0 0 0 0 0 0 2 0 0 0 2 0 0 0 0 0 0 0 0 0 0 0 0 0 0 0 0 0 0 0 0 1 0 0 0 0 0 1 0 0 0 2 0 0 0 0 0 0 0 0 1 1 0 0 0 0 0 0 0 2 0 0 0 0 0 0 0 0 0 0 0 0 
0 0 0 0 0 0 0 0 0 0 0 0 0 0 0 2 0 0 0 2 0 0 0 0 0 0 0 0 0 0 0 0 0 0 0 0 0 0 0 0 1 0 0 0 0 0 1 0 0 0 2 0 0 0 0 0 0 0 0 1 1 0 0 0 0 0 0 0 2 0 0 0 0 0 0 0 0 0 0 0 0 
0
0 0 0 0 0 0 0 0 0 
0 0 0 0 0 0 0 0 0 0 0 0 0 0 0 2 0 0 0 2 0 0 0 0 0 0 0 0 0 0 0 0 0 0 0 0 0 0 0 0 1 0 0 0 0 0 1 0 0 0 2 0 0 1 0 0 0 0 0 1 1 0 0 0 0 0 0 0 2 0 0 0 0 0 0 0 0 0 0 0 0 
0 0 0 0 0 0 0 0 0 0 0 0 0 0 0 2 0 0 0 2 0 0 0 0 0 0 0 0 0 0 0 0 0 0 0 0 0 0 0 0 1 0 0 0 0 0 1 0 0 0 2 0 0 1 0 0 0 0 0 1 1 0 0 0 0 0 0 0 2 0 0 0 0 0 0 0 0 0 0 0 0 
0
0 0 0 0 0 0 0 0 0 
0 0 0 0 0 0 0 0 0 0 0 0 0 0 0 2 0 0 0 2 0 0 0 0 0 0 0 0 0 0 0 0 0 0 0 0 0 0 0 0 1 0 0 0 0 0 1 0 0 0 2 0 0 1 0 0 0 0 0 1 1 0 2 0 0 0 0 0 2 0 0 0 0 0 0 0 0 0 0 0 0 
0 0 0 0 0 0 0 0 0 0 0 0 0 0 0 2 0 0 0 2 0 0 0 0 0 0 0 0 0 0 0 0 0 0 0 0 0 0 0 0 1 0 0 0 0 0 1 0 0 0 2 0 0 1 0 0 0 0 0 1 1 0 2 0 0 0 0 0 2 0 0 0 0 0 0 0 0 0 0 0 0 
0
0 0 0 0 0 0 0 0 0 
0 0 0 0 0 0 0 0 0 0 0 0 0 0 0 2 0 1 0 2 0 0 0 0 0 0 0 0 0 0 0 0 0 0 0 0 0 0 0 0 1 0 0 0 0 0 1 0 0 0 2 0 0 1 0 0 0 0 0 1 1 0 2 0 0 0 0 0 2 0 0 0 0 0 0 0 0 0 0 0 0 
0 0 0 0 0 0 0 0 0 0 0 0 0 0 0 2 0 1 0 2 0 0 0 0 0 0 0 0 0 0 0 0 0 0 0 0 0 0 0 0 1 0 0 0 0 0 1 0 0 0 2 0 0 1 0 0 0 0 0 1 1 0 2 0 0 0 0 0 2 0 0 0 0 0 0 0 0 0 0 0 0 
0
0 0 0 0 0 0 0 0 0 
0 0 0 0 0 0 0 0 0 0 0 0 0 0 0 2 0 1 0 2 0 0 0 0 0 0 0 0 0 0 0 0 0 0 0 0 0 0 0 0 1 0 0 0 0 0 1 0 0 0 2 2 0 1 0 0 0 0 0 1 1 0 2 0 0 0 0 0 2 0 0 0 0 0 0 0 0 0 0 0 0 
0 0 0 0 0 0 0 0 0 0 0 0 0 0 0 2 0 1 0 2 0 0 0 0 0 0 0 0 0 0 0 0 0 0 0 0 0 0 0 0 1 0 0 0 0 0 1 0 0 0 2 2 0 1 0 0 0 0 0 1 1 0 2 0 0 0 0 0 2 0 0 0 0 0 0 0 0 0 0 0 0 
0
0 0 0 0 0 0 0 0 0 
0 0 0 0 0 0 0 0 0 0 0 0 0 0 0 2 0 1 0 2 0 0 0 0 0 0 0 0 0 0 0 0 0 0 0 0 0 0 0 0 1 0 0 0 0 0 1 0 0 0 2 2 0 1 0 0 0 0 0 1 1 0 2 0 0 0 0 0 2 0 0 0 1 0 0 0 0 0 0 0 0 
0 0 0 0 0 0 0 0 0 0 0 0 0 0 0 2 0 1 0 2 0 0 0 0 0 0 0 0 0 0 0 0 0 0 0 0 0 0 0 0 1 0 0 0 0 0 1 0 0 0 2 2 0 1 0 0 0 0 0 1 1 0 2 0 0 0 0 0 2 0 0 0 1 0 0 0 0 0 0 0 0 
0
0 0 0 0 0 0 0 0 0 
0 0 0 0 0 0 0 0 0 0 0 0 0 0 0 2 0 1 0 2 0 0 0 0 0 0 0 0 0 0 0 0 0 0 0 0 0 0 0 0 1 0 0 0 0 0 1 0 0 0 2 2 0 1 0 2 0 0 0 1 1 0 2 0 0 0 0 0 2 0 0 0 1 0 0 0 0 0 0 0 0 
0 0 0 0 0 0 0 0 0 0 0 0 0 0 0 2 0 1 0 2 0 0 0 0 0 0 0 0 0 0 0 0 0 0 0 0 0 0 0 0 1 0 0 0 0 0 1 0 0 0 2 2 0 1 0 2 0 0 0 1 1 0 2 0 0 0 0 0 2 0 0 0 1 0 0 0 0 0 0 0 0 
0
0 0 0 0 0 0 0 0 0 
0 0 0 0 0 0 0 0 0 0 0 0 0 1 0 2 0 1 0 2 0 0 0 0 0 0 0 0 0 0 0 0 0 0 0 0 0 0 0 0 1 0 0 0 0 0 1 0 0 0 2 2 0 1 0 2 0 0 0 1 1 0 2 0 0 0 0 0 2 0 0 0 1 0 0 0 0 0 0 0 0 
0 0 0 0 0 0 0 0 0 0 0 0 0 1 0 2 0 1 0 2 0 0 0 0 0 0 0 0 0 0 0 0 0 0 0 0 0 0 0 0 1 0 0 0 0 0 1 0 0 0 2 2 0 1 0 2 0 0 0 1 1 0 2 0 0 0 0 0 2 0 0 0 1 0 0 0 0 0 0 0 0 
0
0 0 0 0 0 0 0 0 0 
0 0 0 0 0 0 0 0 0 0 0 0 0 1 0 2 0 1 0 2 0 0 0 0 0 0 0 0 0 0 0 0 0 0 0 0 0 0 0 0 1 2 0 0 0 0 1 0 0 0 2 2 0 1 0 2 0 0 0 1 1 0 2 0 0 0 0 0 2 0 0 0 1 0 0 0 0 0 0 0 0 
0 0 0 0 0 0 0 0 0 0 0 0 0 1 0 2 0 1 0 2 0 0 0 0 0 0 0 0 0 0 0 0 0 0 0 0 0 0 0 0 1 2 0 0 0 0 1 0 0 0 2 2 0 1 0 2 0 0 0 1 1 0 2 0 0 0 0 0 2 0 0 0 1 0 0 0 0 0 0 0 0 
0
0 0 0 0 0 0 0 0 0 
0 0 0 0 0 0 0 0 0 0 0 0 0 1 0 2 0 1 0 2 0 0 0 0 0 0 0 0 0 0 0 0 0 1 0 0 0 0 0 0 1 2 0 0 0 0 1 0 0 0 2 2 0 1 0 2 0 0 0 1 1 0 2 0 0 0 0 0 2 0 0 0 1 0 0 0 0 0 0 0 0 
0 0 0 0 0 0 0 0 0 0 0 0 0 1 0 2 0 1 0 2 0 0 0 0 0 0 0 0 0 0 0 0 0 1 0 0 0 0 0 0 1 2 0 0 0 0 1 0 0 0 2 2 0 1 0 2 0 0 0 1 1 0 2 0 0 0 0 0 2 0 0 0 1 0 0 0 0 0 0 0 0 
0
0 0 0 0 0 0 0 0 0 
0 0 0 0 0 0 0 0 0 0 0 0 0 1 0 2 0 1 0 2 2 0 0 0 0 0 0 0 0 0 0 0 0 1 0 0 0 0 0 0 1 2 0 0 0 0 1 0 0 0 2 2 0 1 0 2 0 0 0 1 1 0 2 0 0 0 0 0 2 0 0 0 1 0 0 0 0 0 0 0 0 
0 0 0 0 0 0 0 0 0 0 0 0 0 1 0 2 0 1 0 2 2 0 0 0 0 0 0 0 0 0 0 0 0 1 0 0 0 0 0 0 1 2 0 0 0 0 1 0 0 0 2 2 0 1 0 2 0 0 0 1 1 0 2 0 0 0 0 0 2 0 0 0 1 0 0 0 0 0 0 0 0 
0
0 0 0 0 0 0 0 0 0 
0 0 0 0 0 0 0 0 0 0 0 0 0 1 0 2 0 1 0 2 2 0 0 0 0 0 0 0 0 0 0 0 0 1 0 0 0 0 0 0 1 2 0 0 0 0 1 0 0 0 2 2 0 1 0 2 0 0 0 1 1 0 2 0 0 0 0 0 2 1 0 0 1 0 0 0 0 0 0 0 0 
0 0 0 0 0 0 0 0 0 0 0 0 0 1 0 2 0 1 0 2 2 0 0 0 0 0 0 0 0 0 0 0 0 1 0 0 0 0 0 0 1 2 0 0 0 0 1 0 0 0 2 2 0 1 0 2 0 0 0 1 1 0 2 0 0 0 0 0 2 1 0 0 1 0 0 0 0 0 0 0 0 
0
0 0 0 0 0 0 0 0 0 
0 0 0 0 0 0 0 0 0 0 0 0 0 1 0 2 0 1 0 2 2 0 0 0 0 0 0 2 0 0 0 0 0 1 0 0 0 0 0 0 1 2 0 0 0 0 1 0 0 0 2 2 0 1 0 2 0 0 0 1 1 0 2 0 0 0 0 0 2 1 0 0 1 0 0 0 0 0 0 0 0 
0 0 0 0 0 0 0 0 0 0 0 0 0 1 0 2 0 1 0 2 2 0 0 0 0 0 0 2 0 0 0 0 0 1 0 0 0 0 0 0 1 2 0 0 0 0 1 0 0 0 2 2 0 1 0 2 0 0 0 1 1 0 2 0 0 0 0 0 2 1 0 0 1 0 0 0 0 0 0 0 0 
0
0 0 0 0 0 0 0 0 0 
0 0 0 0 0 0 0 0 0 0 0 0 0 1 0 2 0 1 1 2 2 0 0 0 0 0 0 2 0 0 0 0 0 1 0 0 0 0 0 0 1 2 0 0 0 0 1 0 0 0 2 2 0 1 0 2 0 0 0 1 1 0 2 0 0 0 0 0 2 1 0 0 1 0 0 0 0 0 0 0 0 
0 0 0 0 0 0 0 0 0 0 0 0 0 1 0 2 0 1 1 2 2 0 0 0 0 0 0 2 0 0 0 0 0 1 0 0 0 0 0 0 1 2 0 0 0 0 1 0 0 0 2 2 0 1 0 2 0 0 0 1 1 0 2 0 0 0 0 0 2 1 0 0 1 0 0 0 0 0 0 0 0 
0
0 0 0 0 0 0 0 0 0 
0 0 0 0 0 0 0 0 0 0 0 0 0 1 0 2 0 1 1 2 2 0 0 0 0 0 0 2 0 0 0 0 0 1 0 0 0 0 0 0 1 2 0 0 0 0 1 0 0 0 2 2 0 1 0 2 2 0 0 1 1 0 2 0 0 0 0 0 2 1 0 0 1 0 0 0 0 0 0 0 0 
0 0 0 0 0 0 0 0 0 0 0 0 0 1 0 2 0 1 1 2 2 0 0 0 0 0 0 2 0 0 0 0 0 1 0 0 0 0 0 0 1 2 0 0 0 0 1 0 0 0 2 2 0 1 0 2 2 0 0 1 1 0 2 0 0 0 0 0 2 1 0 0 1 0 0 0 0 0 0 0 0 
0
0 0 0 0 0 0 0 0 0 
0 0 0 0 0 0 0 0 1 0 0 0 0 1 0 2 0 1 1 2 2 0 0 0 0 0 0 2 0 0 0 0 0 1 0 0 0 0 0 0 1 2 0 0 0 0 1 0 0 0 2 2 0 1 0 2 2 0 0 1 1 0 2 0 0 0 0 0 2 1 0 0 1 0 0 0 0 0 0 0 0 
0 0 0 0 0 0 0 0 1 0 0 0 0 1 0 2 0 1 1 2 2 0 0 0 0 0 0 2 0 0 0 0 0 1 0 0 0 0 0 0 1 2 0 0 0 0 1 0 0 0 2 2 0 1 0 2 2 0 0 1 1 0 2 0 0 0 0 0 2 1 0 0 1 0 0 0 0 0 0 0 0 
0
0 0 0 0 0 0 0 0 0 
0 0 0 0 0 0 2 0 1 0 0 0 0 1 0 2 0 1 1 2 2 0 0 0 0 0 0 2 0 0 0 0 0 1 0 0 0 0 0 0 1 2 0 0 0 0 1 0 0 0 2 2 0 1 0 2 2 0 0 1 1 0 2 0 0 0 0 0 2 1 0 0 1 0 0 0 0 0 0 0 0 
0 0 0 0 0 0 2 0 1 0 0 0 0 1 0 2 0 1 1 2 2 0 0 0 0 0 0 2 0 0 0 0 0 1 0 0 0 0 0 0 1 2 0 0 0 0 1 0 0 0 2 2 0 1 0 2 2 0 0 1 1 0 2 0 0 0 0 0 2 1 0 0 1 0 0 0 0 0 0 0 0 
0
0 0 0 0 0 0 0 0 0 
0 0 0 0 0 0 2 0 1 0 1 0 0 1 0 2 0 1 1 2 2 0 0 0 0 0 0 2 0 0 0 0 0 1 0 0 0 0 0 0 1 2 0 0 0 0 1 0 0 0 2 2 0 1 0 2 2 0 0 1 1 0 2 0 0 0 0 0 2 1 0 0 1 0 0 0 0 0 0 0 0 
0 0 0 0 0 0 2 0 1 0 1 0 0 1 0 2 0 1 1 2 2 0 0 0 0 0 0 2 0 0 0 0 0 1 0 0 0 0 0 0 1 2 0 0 0 0 1 0 0 0 2 2 0 1 0 2 2 0 0 1 1 0 2 0 0 0 0 0 2 1 0 0 1 0 0 0 0 0 0 0 0 
0
0 0 0 0 2 0 0 0 0 
0 0 0 0 0 0 2 0 1 0 1 0 0 1 0 2 0 1 1 2 2 0 0 0 0 0 0 2 0 0 0 0 2 1 0 0 0 0 0 0 1 2 0 0 0 0 1 0 0 0 2 2 0 1 0 2 2 0 0 1 1 0 2 0 0 0 0 0 2 1 0 0 1 0 0 0 0 0 0 0 0 
0 0 0 0 0 0 2 0 1 0 1 0 0 1 0 2 0 1 1 2 2 0 0 0 0 0 0 2 0 0 32 32 34 1 0 0 0 0 0 32 33 34 0 0 0 0 1 0 32 32 34 2 0 1 0 2 2 0 0 1 1 0 2 0 0 0 0 0 2 1 0 0 1 0 0 0 0 0 0 0 0 
0
0 0 1 0 2 0 0 0 0 
0 0 0 0 0 0 2 0 1 0 1 0 0 1 0 2 0 1 1 2 2 0 0 0 0 0 1 2 0 0 0 0 2 1 0 0 0 0 0 0 1 2 0 0 0 0 1 0 0 0 2 2 0 1 0 2 2 0 0 1 1 0 2 0 0 0 0 0 2 1 0 0 1 0 0 0 0 0 0 0 0 
0 0 0 0 0 0 18 16 17 0 1 0 0 1 0 18 16 17 1 2 2 0 0 0 16 16 17 2 0 0 32 32 34 1 0 0 0 0 0 32 33 34 0 0 0 0 1 0 32 32 34 2 0 1 0 2 2 0 0 1 1 0 2 0 0 0 0 0 2 1 0 0 1 0 0 0 0 0 0 0 0 
0
0 0 1 0 2 0 0 0 0 
0 0 0 0 0 0 2 0 1 0 1 0 0 1 0 2 0 1 1 2 2 0 0 0 0 0 1 2 0 0 0 0 2 1 0 0 0 0 0 0 1 2 0 0 0 0 1 0 0 0 2 2 0 1 0 2 2 0 0 1 1 0 2 0 0 0 0 0 2 1 0 0 1 0 0 0 0 0 2 0 0 
0 0 0 0 0 0 18 16 17 0 1 0 0 1 0 18 16 17 1 2 2 0 0 0 16 16 17 2 0 0 32 32 34 1 0 0 0 0 0 32 33 34 0 0 0 0 1 0 32 32 34 2 0 1 0 2 2 0 0 1 1 0 2 0 0 0 0 0 2 1 0 0 1 0 0 0 0 0 2 0 0 
0
0 0 1 0 2 0 0 0 0 
0 0 0 0 0 0 2 0 1 0 1 0 0 1 0 2 0 1 1 2 2 0 0 0 0 0 1 2 0 0 0 0 2 1 0 0 0 0 0 0 1 2 0 0 0 0 1 0 0 0 2 2 0 1 1 2 2 0 0 1 1 0 2 0 0 0 0 0 2 1 0 0 1 0 0 0 0 0 2 0 0 
0 0 0 0 0 0 18 16 17 0 1 0 0 1 0 18 16 17 1 2 2 0 0 0 16 16 17 2 0 0 32 32 34 1 0 0 0 0 0 32 33 34 0 0 0 0 1 0 32 32 34 2 0 1 1 2 2 0 0 1 1 0 2 0 0 0 0 0 2 1 0 0 1 0 0 0 0 0 2 0 0 
0
0 0 1 0 2 0 0 0 0 
0 0 0 0 0 0 2 0 1 0 1 2 0 1 0 2 0 1 1 2 2 0 0 0 0 0 1 2 0 0 0 0 2 1 0 0 0 0 0 0 1 2 0 0 0 0 1 0 0 0 2 2 0 1 1 2 2 0 0 1 1 0 2 0 0 0 0 0 2 1 0 0 1 0 0 0 0 0 2 0 0 
0 0 0 0 0 0 18 16 17 0 1 2 0 1 0 18 16 17 1 2 2 0 0 0 16 16 17 2 0 0 32 32 34 1 0 0 0 0 0 32 33 34 0 0 0 0 1 0 32 32 34 2 0 1 1 2 2 0 0 1 1 0 2 0 0 0 0 0 2 1 0 0 1 0 0 0 0 0 2 0 0 
0
0 0 1 0 2 1 0 0 0 
0 0 0 0 0 0 2 0 1 0 1 2 0 1 0 2 0 1 1 2 2 0 0 0 0 0 1 2 0 0 0 0 2 1 0 0 0 0 0 0 1 2 0 1 0 0 1 0 0 0 2 2 0 1 1 2 2 0 0 1 1 0 2 0 0 0 0 0 2 1 0 0 1 0 0 0 0 0 2 0 0 
0 0 0 0 0 0 18 16 17 0 1 2 0 1 0 18 16 17 1 2 2 0 0 0 16 16 17 2 0 0 32 32 34 17 16 16 0 0 0 32 33 34 16 17 16 0 1 0 32 32 34 18 16 17 1 2 2 0 0 1 1 0 2 0 0 0 0 0 2 1 0 0 1 0 0 0 0 0 2 0 0 
0
2 0 1 0 2 1 0 0 0 
0 0 2 0 0 0 2 0 1 0 1 2 0 1 0 2 0 1 1 2 2 0 0 0 0 0 1 2 0 0 0 0 2 1 0 0 0 0 0 0 1 2 0 1 0 0 1 0 0 0 2 2 0 1 1 2 2 0 0 1 1 0 2 0 0 0 0 0 2 1 0 0 1 0 0 0 0 0 2 0 0 
32 32 34 0 0 0 18 16 17 32 33 34 0 1 0 18 16 17 33 34 34 0 0 0 16 16 17 2 0 0 32 32 34 17 16 16 0 0 0 32 33 34 16 17 16 0 1 0 32 32 34 18 16 17 1 2 2 0 0 1 1 0 2 0 0 0 0 0 2 1 0 0 1 0 0 0 0 0 2 0 0 
0
2 0 1 0 2 1 0 0 0 
0 0 2 0 0 0 2 0 1 0 1 2 0 1 0 2 0 1 1 2 2 0 0 0 0 0 1 2 0 0 0 0 2 1 0 0 0 0 0 0 1 2 0 1 0 0 1 0 0 0 2 2 0 1 1 2 2 0 0 1 1 0 2 0 0 0 0 0 2 1 1 0 1 0 0 0 0 0 2 0 0 
32 32 34 0 0 0 18 16 17 32 33 34 0 1 0 18 16 17 33 34 34 0 0 0 16 16 17 2 0 0 32 32 34 17 16 16 0 0 0 32 33 34 16 17 16 0 1 0 32 32 34 18 16 17 1 2 2 0 0 1 1 0 2 0 0 0 0 0 2 1 1 0 1 0 0 0 0 0 2 0 0 
0
2 0 1 0 2 1 0 0 0 
0 0 2 0 0 0 2 0 1 0 1 2 0 1 0 2 0 1 1 2 2 0 0 0 0 0 1 2 0 0 0 0 2 1 0 0 0 0 0 0 1 2 0 1 0 0 1 0 0 0 2 2 0 1 1 2 2 0 0 1 1 0 2 0 0 0 0 0 2 1 1 0 1 0 0 0 0 0 2 2 0 
32 32 34 0 0 0 18 16 17 32 33 34 0 1 0 18 16 17 33 34 34 0 0 0 16 16 17 2 0 0 32 32 34 17 16 16 0 0 0 32 33 34 16 17 16 0 1 0 32 32 34 18 16 17 1 2 2 0 0 1 1 0 2 0 0 0 0 0 2 1 1 0 1 0 0 0 0 0 2 2 0 
0
2 0 1 0 2 1 0 0 0 
0 0 2 0 0 0 2 0 1 0 1 2 0 1 0 2 0 1 1 2 2 0 0 0 0 0 1 2 0 0 0 0 2 1 0 0 0 0 0 0 1 2 0 1 0 0 1 0 0 0 2 2 0 1 1 2 2 0 0 1 1 0 2 0 0 0 0 0 2 1 1 0 1 0 0 0 1 0 2 2 0 
32 32 34 0 0 0 18 16 17 32 33 34 0 1 0 18 16 17 33 34 34 0 0 0 16 16 17 2 0 0 32 32 34 17 16 16 0 0 0 32 33 34 16 17 16 0 1 0 32 32 34 18 16 17 1 2 2 0 0 1 1 0 2 0 0 0 0 0 2 1 1 0 1 0 0 0 1 0 2 2 0 
0
2 0 1 0 2 1 0 0 0 
0 0 2 0 0 0 2 0 1 0 1 2 0 1 0 2 0 1 1 2 2 0 0 0 0 0 1 2 0 0 0 0 2 1 0 0 0 0 0 0 1 2 0 1 0 0 1 0 0 0 2 2 0 1 1 2 2 0 0 1 1 0 2 0 0 0 2 0 2 1 1 0 1 0 0 0 1 0 2 2 0 
32 32 34 0 0 0 18 16 17 32 33 34 0 1 0 18 16 17 33 34 34 0 0 0 16 16 17 2 0 0 32 32 34 17 16 16 0 0 0 32 33 34 16 17 16 0 1 0 32 32 34 18 16 17 1 2 2 0 0 1 1 0 2 0 0 0 2 0 2 1 1 0 1 0 0 0 1 0 2 2 0 
0
2 0 1 0 2 1 0 0 0 
0 0 2 0 0 0 2 0 1 0 1 2 0 1 0 2 0 1 1 2 2 0 0 0 0 0 1 2 1 0 0 0 2 1 0 0 0 0 0 0 1 2 0 1 0 0 1 0 0 0 2 2 0 1 1 2 2 0 0 1 1 0 2 0 0 0 2 0 2 1 1 0 1 0 0 0 1 0 2 2 0 
32 32 34 0 0 0 18 16 17 32 33 34 0 1 0 18 16 17 33 34 34 0 0 0 16 16 17 2 1 0 32 32 34 17 16 16 0 0 0 32 33 34 16 17 16 0 1 0 32 32 34 18 16 17 1 2 2 0 0 1 1 0 2 0 0 0 2 0 2 1 1 0 1 0 0 0 1 0 2 2 0 
0
2 0 1 0 2 1 0 0 0 
0 0 2 0 0 0 2 0 1 0 1 2 0 1 0 2 0 1 1 2 2 2 0 0 0 0 1 2 1 0 0 0 2 1 0 0 0 0 0 0 1 2 0 1 0 0 1 0 0 0 2 2 0 1 1 2 2 0 0 1 1 0 2 0 0 0 2 0 2 1 1 0 1 0 0 0 1 0 2 2 0 
32 32 34 0 0 0 18 16 17 32 33 34 0 1 0 18 16 17 33 34 34 2 0 0 16 16 17 2 1 0 32 32 34 17 16 16 0 0 0 32 33 34 16 17 16 0 1 0 32 32 34 18 16 17 1 2 2 0 0 1 1 0 2 0 0 0 2 0 2 1 1 0 1 0 0 0 1 0 2 2 0 
0
2 0 1 0 2 1 0 0 0 
0 0 2 0 0 0 2 0 1 0 1 2 0 1 0 2 0 1 1 2 2 2 0 0 0 0 1 2 1 0 0 0 2 1 0 0 0 0 0 0 1 2 0 1 0 0 1 0 0 0 2 2 0 1 1 2 2 0 0 1 1 0 2 0 0 0 2 0 2 1 1 0 1 1 0 0 1 0 2 2 0 
32 32 34 0 0 0 18 16 17 32 33 34 0 1 0 18 16 17 33 34 34 2 0 0 16 16 17 2 1 0 32 32 34 17 16 16 0 0 0 32 33 34 16 17 16 0 1 0 32 32 34 18 16 17 1 2 2 0 0 1 1 0 2 0 0 0 2 0 2 1 1 0 1 1 0 0 1 0 2 2 0 
0
2 0 1 0 2 1 0 0 0 
0 0 2 0 0 0 2 0 1 0 1 2 0 1 0 2 0 1 1 2 2 2 0 0 0 0 1 2 1 0 0 0 2 1 0 0 0 0 0 0 1 2 0 1 0 0 1 0 0 0 2 2 0 1 1 2 2 0 0 1 1 0 2 0 0 0 2 0 2 1 1 0 1 1 0 2 1 0 2 2 0 
32 32 34 0 0 0 18 16 17 32 33 34 0 1 0 18 16 17 33 34 34 2 0 0 16 16 17 2 1 0 32 32 34 17 16 16 0 0 0 32 33 34 16 17 16 0 1 0 32 32 34 18 16 17 1 2 2 0 0 1 1 0 2 0 0 0 2 0 2 1 1 0 1 1 0 2 1 0 2 2 0 
0
2 0 1 0 2 1 1 0 0 
0 0 2 0 0 0 2 0 1 0 1 2 0 1 0 2 0 1 1 2 2 2 0 0 0 0 1 2 1 0 0 0 2 1 0 0 0 0 0 0 1 2 0 1 0 0 1 0 0 0 2 2 0 1 1 2 2 0 0 1 1 0 2 1 0 0 2 0 2 1 1 0 1 1 0 2 1 0 2 2 0 
32 32 34 0 0 0 18 16 17 32 33 34 0 1 0 18 16 17 33 34 34 2 0 0 16 16 17 2 1 0 32 32 34 17 16 16 0 0 0 32 33 34 16 17 16 0 1 0 32 32 34 18 16 17 17 18 18 0 0 1 1 0 2 17 16 16 2 0 2 1 1 0 17 17 16 2 1 0 2 2 0 
0
2 0 1 0 2 1 1 0 0 
0 0 2 0 0 0 2 0 1 0 1 2 0 1 0 2 0 1 1 2 2 2 0 0 0 0 1 2 1 0 0 0 2 1 0 0 2 0 0 0 1 2 0 1 0 0 1 0 0 0 2 2 0 1 1 2 2 0 0 1 1 0 2 1 0 0 2 0 2 1 1 0 1 1 0 2 1 0 2 2 0 
32 32 34 0 0 0 18 16 17 32 33 34 0 1 0 18 16 17 33 34 34 2 0 0 16 16 17 2 1 0 32 32 34 17 16 16 2 0 0 32 33 34 16 17 16 0 1 0 32 32 34 18 16 17 17 18 18 0 0 1 1 0 2 17 16 16 2 0 2 1 1 0 17 17 16 2 1 0 2 2 0 
0
2 0 1 1 2 1 1 0 0 
0 0 2 0 0 0 2 0 1 0 1 2 0 1 0 2 0 1 1 2 2 2 0 0 0 0 1 2 1 0 0 0 2 1 0 0 2 1 0 0 1 2 0 1 0 0 1 0 0 0 2 2 0 1 1 2 2 0 0 1 1 0 2 1 0 0 2 0 2 1 1 0 1 1 0 2 1 0 2 2 0 
32 32 34 0 0 0 18 16 17 32 33 34 0 1 0 18 16 17 33 34 34 2 0 0 16 16 17 18 17 16 32 32 34 17 16 16 18 17 16 32 33 34 16 17 16 16 17 16 32 32 34 18 16 17 17 18 18 0 0 1 1 0 2 17 16 16 2 0 2 1 1 0 17 17 16 2 1 0 2 2 0 
0
2 0 1 1 2 1 1 0 2 
0 0 2 0 0 0 2 0 1 0 1 2 0 1 0 2 0 1 1 2 2 2 0 0 0 0 1 2 1 0 0 0 2 1 0 0 2 1 0 0 1 2 0 1 0 0 1 0 0 0 2 2 0 1 1 2 2 0 0 1 1 0 2 1 0 0 2 0 2 1 1 0 1 1 0 2 1 0 2 2 2 
32 32 34 0 0 0 18 16 17 32 33 34 0 1 0 18 16 17 33 34 34 2 0 0 16 16 17 18 17 16 32 32 34 17 16 16 18 17 16 32 33 34 16 17 16 16 17 16 32 32 34 18 16 17 17 18 18 0 0 1 33 32 34 17 16 16 2 0 2 33 33 32 17 17 16 2 1 0 34 34 34 
0
2 0 1 1 2 1 1 0 2 
0 0 2 0 0 0 2 0 1 0 1 2 0 1 0 2 0 1 1 2 2 2 0 0 0 0 1 2 1 0 0 0 2 1 0 0 2 1 0 0 1 2 0 1 0 0 1 0 0 0 2 2 0 1 1 2 2 0 0 1 1 0 2 1 0 0 2 0 2 1 1 0 1 1 0 2 1 0 2 2 2 
32 32 34 0 0 0 18 16 17 32 33 34 0 1 0 18 16 17 33 34 34 2 0 0 16 16 17 18 17 16 32 32 34 17 16 16 18 17 16 32 33 34 16 17 16 16 17 16 32 32 34 18 16 17 17 18 18 0 0 1 33 32 34 17 16 16 2 0 2 33 33 32 17 17 16 2 1 0 34 34 34 
0
