0 0 0 0 0 0 0 0 0 
0 0 0 0 0 0 0 0 0 0 0 0 0 0 0 0 0 0 0 0 0 0 0 0 0 0 0 0 0 0 0 0 0 0 0 0 0 0 0 0 1 0 0 0 0 0 0 0 0 0 0 0 0 0 0 0 0 0 0 0 0 0 0 0 0 0 0 0 0 0 0 0 0 0 0 0 0 0 0 0 0 
0 0 0 0 0 0 0 0 0 0 0 0 0 0 0 0 0 0 0 0 0 0 0 0 0 0 0 0 0 0 0 0 0 0 0 0 0 0 0 0 1 0 0 0 0 0 0 0 0 0 0 0 0 0 0 0 0 0 0 0 0 0 0 0 0 0 0 0 0 0 0 0 0 0 0 0 0 0 0 0 0 
0
0 0 0 0 0 0 0 0 0 
0 0 0 0 0 0 0 0 0 0 0 0 0 0 0 0 0 0 0 0 0 0 0 0 0 0 0 0 0 0 0 0 0 0 0 0 0 0 0 0 1 0 0 0 0 0 0 0 2 0 0 0 0 0 0 0 0 0 0 0 0 0 0 0 0 0 0 0 0 0 0 0 0 0 0 0 0 0 0 0 0 
0 0 0 0 0 0 0 0 0 0 0 0 0 0 0 0 0 0 0 0 0 0 0 0 0 0 0 0 0 0 0 0 0 0 0 0 0 0 0 0 1 0 0 0 0 0 0 0 2 0 0 0 0 0 0 0 0 0 0 0 0 0 0 0 0 0 0 0 0 0 0 0 0 0 0 0 0 0 0 0 0 
0
0 0 0 0 0 0 0 0 0 
0 0 0 0 0 0 0 0 0 0 0 0 0 0 0 0 0 0 0 0 0 0 0 0 0 0 0 0 0 0 0 0 0 0 0 0 0 0 0 0 1 0 0 0 0 0 0 0 2 0 0 0 0 0 0 0 0 0 0 0 0 0 0 1 0 0 0 0 0 0 0 0 0 0 0 0 0 0 0 0 0 
0 0 0 0 0 0 0 0 0 0 0 0 0 0 0 0 0 0 0 0 0 0 0 0 0 0 0 0 0 0 0 0 0 0 0 0 0 0 0 0 1 0 0 0 0 0 0 0 2 0 0 0 0 0 0 0 0 0 0 0 0 0 0 1 0 0 0 0 0 0 0 0 0 0 0 0 0 0 0 0 0 
0
0 0 0 0 0 0 0 0 0 
0 0 0 0 0 0 0 0 0 0 0 0 0 0 0 0 0 0 0 0 0 0 0 0 0 0 0 0 0 0 0 0 0 0 0 0 0 0 0 0 1 0 0 0 0 0 2 0 2 0 0 0 0 0 0 0 0 0 0 0 0 0 0 1 0 0 0 0 0 0 0 0 0 0 0 0 0 0 0 0 0 
0 0 0 0 0 0 0 0 0 0 0 0 0 0 0 0 0 0 0 0 0 0 0 0 0 0 0 0 0 0 0 0 0 0 0 0 0 0 0 0 1 0 0 0 0 0 2 0 2 0 0 0 0 0 0 0 0 0 0 0 0 0 0 1 0 0 0 0 0 0 0 0 0 0 0 0 0 0 0 0 0 
0
0 0 0 0 0 0 0 0 0 
0 0 0 0 0 0 0 0 0 0 0 0 0 0 0 0 0 0 0 0 0 0 0 0 0 0 0 0 0 0 0 0 0 0 0 0 0 0 0 0 1 0 0 0 0 0 2 0 2 0 0 0 0 0 0 0 0 0 0 0 0 0 0 1 0 0 0 0 0 0 0 0 0 0 0 0 1 0 0 0 0 
0 0 0 0 0 0 0 0 0 0 0 0 0 0 0 0 0 0 0 0 0 0 0 0 0 0 0 0 0 0 0 0 0 0 0 0 0 0 0 0 1 0 0 0 0 0 2 0 2 0 0 0 0 0 0 0 0 0 0 0 0 0 0 1 0 0 0 0 0 0 0 0 0 0 0 0 1 0 0 0 0 
0
0 0 0 0 0 0 0 0 0 
0 0 0 0 0 0 0 0 0 0 0 0 0 0 0 0 0 0 0 0 0 0 0 0 0 0 0 0 0 0 0 0 0 0 0 0 0 0 0 0 1 0 0 0 0 0 2 0 2 0 0 0 0 0 0 0 0 0 0 0 0 0 0 1 0 0 2 0 0 0 0 0 0 0 0 0 1 0 0 0 0 
0 0 0 0 0 0 0 0 0 0 0 0 0 0 0 0 0 0 0 0 0 0 0 0 0 0 0 0 0 0 0 0 0 0 0 0 0 0 0 0 1 0 0 0 0 0 2 0 2 0 0 0 0 0 0 0 0 0 0 0 0 0 0 1 0 0 2 0 0 0 0 0 0 0 0 0 1 0 0 0 0 
0
0 0 0 0 0 0 0 0 0 
0 0 0 0 0 0 0 0 0 0 0 0 0 0 0 0 0 0 0 0 0 0 0 0 0 0 0 0 0 1 0 0 0 0 0 0 0 0 0 0 1 0 0 0 0 0 2 0 2 0 0 0 0 0 0 0 0 0 0 0 0 0 0 1 0 0 2 0 0 0 0 0 0 0 0 0 1 0 0 0 0 
0 0 0 0 0 0 0 0 0 0 0 0 0 0 0 0 0 0 0 0 0 0 0 0 0 0 0 0 0 1 0 0 0 0 0 0 0 0 0 0 1 0 0 0 0 0 2 0 2 0 0 0 0 0 0 0 0 0 0 0 0 0 0 1 0 0 2 0 0 0 0 0 0 0 0 0 1 0 0 0 0 
0
0 0 0 0 0 0 0 0 0 
0 0 0 0 0 0 0 2 0 0 0 0 0 0 0 0 0 0 0 0 0 0 0 0 0 0 0 0 0 1 0 0 0 0 0 0 0 0 0 0 1 0 0 0 0 0 2 0 2 0 0 0 0 0 0 0 0 0 0 0 0 0 0 1 0 0 2 0 0 0 0 0 0 0 0 0 1 0 0 0 0 
0 0 0 0 0 0 0 2 0 0 0 0 0 0 0 0 0 0 0 0 0 0 0 0 0 0 0 0 0 1 0 0 0 0 0 0 0 0 0 0 1 0 0 0 0 0 2 0 2 0 0 0 0 0 0 0 0 0 0 0 0 0 0 1 0 0 2 0 0 0 0 0 0 0 0 0 1 0 0 0 0 
0
0 0 0 0 0 0 0 0 0 
0 0 0 0 1 0 0 2 0 0 0 0 0 0 0 0 0 0 0 0 0 0 0 0 0 0 0 0 0 1 0 0 0 0 0 0 0 0 0 0 1 0 0 0 0 0 2 0 2 0 0 0 0 0 0 0 0 0 0 0 0 0 0 1 0 0 2 0 0 0 0 0 0 0 0 0 1 0 0 0 0 
0 0 0 0 1 0 0 2 0 0 0 0 0 0 0 0 0 0 0 0 0 0 0 0 0 0 0 0 0 1 0 0 0 0 0 0 0 0 0 0 1 0 0 0 0 0 2 0 2 0 0 0 0 0 0 0 0 0 0 0 0 0 0 1 0 0 2 0 0 0 0 0 0 0 0 0 1 0 0 0 0 
0
0 0 0 0 0 0 0 0 0 
0 0 0 0 1 0 0 2 0 0 0 0 0 0 0 0 0 0 0 0 0 0 2 0 0 0 0 0 0 1 0 0 0 0 0 0 0 0 0 0 1 0 0 0 0 0 2 0 2 0 0 0 0 0 0 0 0 0 0 0 0 0 0 1 0 0 2 0 0 0 0 0 0 0 0 0 1 0 0 0 0 
0 0 0 0 1 0 0 2 0 0 0 0 0 0 0 0 0 0 0 0 0 0 2 0 0 0 0 0 0 1 0 0 0 0 0 0 0 0 0 0 1 0 0 0 0 0 2 0 2 0 0 0 0 0 0 0 0 0 0 0 0 0 0 1 0 0 2 0 0 0 0 0 0 0 0 0 1 0 0 0 0 
0
0 0 0 0 0 0 0 0 0 
0 0 0 0 1 0 0 2 0 0 0 0 0 0 0 0 0 0 0 0 0 0 2 0 0 0 0 0 0 1 0 0 0 0 0 0 0 0 0 0 1 0 0 0 0 0 2 0 2 0 0 0 0 0 0 0 0 0 1 0 0 0 0 1 0 0 2 0 0 0 0 0 0 0 0 0 1 0 0 0 0 
0 0 0 0 1 0 0 2 0 0 0 0 0 0 0 0 0 0 0 0 0 0 2 0 0 0 0 0 0 1 0 0 0 0 0 0 0 0 0 0 1 0 0 0 0 0 2 0 2 0 0 0 0 0 0 0 0 0 1 0 0 0 0 1 0 0 2 0 0 0 0 0 0 0 0 0 1 0 0 0 0 
0
0 0 0 0 0 0 0 0 0 
0 0 0 2 1 0 0 2 0 0 0 0 0 0 0 0 0 0 0 0 0 0 2 0 0 0 0 0 0 1 0 0 0 0 0 0 0 0 0 0 1 0 0 0 0 0 2 0 2 0 0 0 0 0 0 0 0 0 1 0 0 0 0 1 0 0 2 0 0 0 0 0 0 0 0 0 1 0 0 0 0 
0 0 0 2 1 0 0 2 0 0 0 0 0 0 0 0 0 0 0 0 0 0 2 0 0 0 0 0 0 1 0 0 0 0 0 0 0 0 0 0 1 0 0 0 0 0 2 0 2 0 0 0 0 0 0 0 0 0 1 0 0 0 0 1 0 0 2 0 0 0 0 0 0 0 0 0 1 0 0 0 0 
0
0 0 0 0 0 0 0 0 0 
0 0 1 2 1 0 0 2 0 0 0 0 0 0 0 0 0 0 0 0 0 0 2 0 0 0 0 0 0 1 0 0 0 0 0 0 0 0 0 0 1 0 0 0 0 0 2 0 2 0 0 0 0 0 0 0 0 0 1 0 0 0 0 1 0 0 2 0 0 0 0 0 0 0 0 0 1 0 0 0 0 
0 0 1 2 1 0 0 2 0 0 0 0 0 0 0 0 0 0 0 0 0 0 2 0 0 0 0 0 0 1 0 0 0 0 0 0 0 0 0 0 1 0 0 0 0 0 2 0 2 0 0 0 0 0 0 0 0 0 1 0 0 0 0 1 0 0 2 0 0 0 0 0 0 0 0 0 1 0 0 0 0 
0
0 0 0 0 0 0 0 0 0 
0 0 1 2 1 0 0 2 2 0 0 0 0 0 0 0 0 0 0 0 0 0 2 0 0 0 0 0 0 1 0 0 0 0 0 0 0 0 0 0 1 0 0 0 0 0 2 0 2 0 0 0 0 0 0 0 0 0 1 0 0 0 0 1 0 0 2 0 0 0 0 0 0 0 0 0 1 0 0 0 0 
0 0 1 2 1 0 0 2 2 0 0 0 0 0 0 0 0 0 0 0 0 0 2 0 0 0 0 0 0 1 0 0 0 0 0 0 0 0 0 0 1 0 0 0 0 0 2 0 2 0 0 0 0 0 0 0 0 0 1 0 0 0 0 1 0 0 2 0 0 0 0 0 0 0 0 0 1 0 0 0 0 
0
0 0 0 0 0 0 0 0 0 
0 0 1 2 1 0 1 2 2 0 0 0 0 0 0 0 0 0 0 0 0 0 2 0 0 0 0 0 0 1 0 0 0 0 0 0 0 0 0 0 1 0 0 0 0 0 2 0 2 0 0 0 0 0 0 0 0 0 1 0 0 0 0 1 0 0 2 0 0 0 0 0 0 0 0 0 1 0 0 0 0 
0 0 1 2 1 0 1 2 2 0 0 0 0 0 0 0 0 0 0 0 0 0 2 0 0 0 0 0 0 1 0 0 0 0 0 0 0 0 0 0 1 0 0 0 0 0 2 0 2 0 0 0 0 0 0 0 0 0 1 0 0 0 0 1 0 0 2 0 0 0 0 0 0 0 0 0 1 0 0 0 0 
0
0 0 0 0 0 0 0 0 0 
0 2 1 2 1 0 1 2 2 0 0 0 0 0 0 0 0 0 0 0 0 0 2 0 0 0 0 0 0 1 0 0 0 0 0 0 0 0 0 0 1 0 0 0 0 0 2 0 2 0 0 0 0 0 0 0 0 0 1 0 0 0 0 1 0 0 2 0 0 0 0 0 0 0 0 0 1 0 0 0 0 
0 2 1 2 1 0 1 2 2 0 0 0 0 0 0 0 0 0 0 0 0 0 2 0 0 0 0 0 0 1 0 0 0 0 0 0 0 0 0 0 1 0 0 0 0 0 2 0 2 0 0 0 0 0 0 0 0 0 1 0 0 0 0 1 0 0 2 0 0 0 0 0 0 0 0 0 1 0 0 0 0 
0
0 0 0 0 0 0 0 0 0 
0 2 1 2 1 0 1 2 2 0 0 0 0 0 1 0 0 0 0 0 0 0 2 0 0 0 0 0 0 1 0 0 0 0 0 0 0 0 0 0 1 0 0 0 0 0 2 0 2 0 0 0 0 0 0 0 0 0 1 0 0 0 0 1 0 0 2 0 0 0 0 0 0 0 0 0 1 0 0 0 0 
0 2 1 2 1 0 1 2 2 0 0 0 0 0 1 0 0 0 0 0 0 0 2 0 0 0 0 0 0 1 0 0 0 0 0 0 0 0 0 0 1 0 0 0 0 0 2 0 2 0 0 0 0 0 0 0 0 0 1 0 0 0 0 1 0 0 2 0 0 0 0 0 0 0 0 0 1 0 0 0 0 
0
0 0 0 0 0 0 0 0 0 
0 2 1 2 1 0 1 2 2 0 0 0 0 0 1 0 0 0 0 0 0 0 2 0 0 0 0 0 0 1 0 0 0 0 0 0 0 0 0 0 1 0 0 0 2 0 2 0 2 0 0 0 0 0 0 0 0 0 1 0 0 0 0 1 0 0 2 0 0 0 0 0 0 0 0 0 1 0 0 0 0 
0 2 1 2 1 0 1 2 2 0 0 0 0 0 1 0 0 0 0 0 0 0 2 0 0 0 0 0 0 1 0 0 0 0 0 0 0 0 0 0 1 0 0 0 2 0 2 0 2 0 0 0 0 0 0 0 0 0 1 0 0 0 0 1 0 0 2 0 0 0 0 0 0 0 0 0 1 0 0 0 0 
0
0 0 0 0 0 0 0 0 0 
0 2 1 2 1 0 1 2 2 0 0 0 0 0 1 0 0 0 0 0 0 0 2 0 0 0 0 0 0 1 0 0 0 0 0 0 0 0 0 0 1 0 0 0 2 0 2 0 2 0 0 0 1 0 0 0 0 0 1 0 0 0 0 1 0 0 2 0 0 0 0 0 0 0 0 0 1 0 0 0 0 
0 2 1 2 1 0 1 2 2 0 0 0 0 0 1 0 0 0 0 0 0 0 2 0 0 0 0 0 0 1 0 0 0 0 0 0 0 0 0 0 1 0 0 0 2 0 2 0 2 0 0 0 1 0 0 0 0 0 1 0 0 0 0 1 0 0 2 0 0 0 0 0 0 0 0 0 1 0 0 0 0 
0
0 0 0 0 0 0 0 0 0 
0 2 1 2 1 0 1 2 2 0 0 0 0 0 1 0 0 0 0 0 0 0 2 0 0 0 0 0 0 1 0 0 0 0 0 0 0 0 0 0 1 0 0 0 2 0 2 0 2 0 0 0 1 0 0 0 0 0 1 0 0 0 0 1 0 0 2 2 0 0 0 0 0 0 0 0 1 0 0 0 0 
0 2 1 2 1 0 1 2 2 0 0 0 0 0 1 0 0 0 0 0 0 0 2 0 0 0 0 0 0 1 0 0 0 0 0 0 0 0 0 0 1 0 0 0 2 0 2 0 2 0 0 0 1 0 0 0 0 0 1 0 0 0 0 1 0 0 2 2 0 0 0 0 0 0 0 0 1 0 0 0 0 
0
0 0 0 0 0 0 0 0 0 
0 2 1 2 1 0 1 2 2 0 0 0 0 0 1 0 0 0 0 0 0 0 2 0 0 0 0 0 0 1 0 0 0 0 0 0 0 0 0 0 1 0 0 0 2 0 2 0 2 0 1 0 1 0 0 0 0 0 1 0 0 0 0 1 0 0 2 2 0 0 0 0 0 0 0 0 1 0 0 0 0 
0 2 1 2 1 0 1 2 2 0 0 0 0 0 1 0 0 0 0 0 0 0 2 0 0 0 0 0 0 1 0 0 0 0 0 0 0 0 0 0 1 0 0 0 2 0 2 0 2 0 1 0 1 0 0 0 0 0 1 0 0 0 0 1 0 0 2 2 0 0 0 0 0 0 0 0 1 0 0 0 0 
0
0 0 0 0 0 0 0 0 0 
0 2 1 2 1 0 1 2 2 0 0 0 0 0 1 0 0 0 0 0 0 0 2 0 0 0 0 0 0 1 0 0 0 0 0 0 0 0 0 0 1 0 0 0 2 0 2 0 2 0 1 0 1 0 0 0 0 0 1 0 0 0 0 1 0 0 2 2 0 0 0 0 0 0 0 0 1 0 0 0 2 
0 2 1 2 1 0 1 2 2 0 0 0 0 0 1 0 0 0 0 0 0 0 2 0 0 0 0 0 0 1 0 0 0 0 0 0 0 0 0 0 1 0 0 0 2 0 2 0 2 0 1 0 1 0 0 0 0 0 1 0 0 0 0 1 0 0 2 2 0 0 0 0 0 0 0 0 1 0 0 0 2 
0
0 0 0 0 0 0 0 0 0 
0 2 1 2 1 0 1 2 2 0 0 0 0 0 1 0 0 0 0 0 0 0 2 0 0 0 0 0 0 1 0 0 0 0 0 0 0 0 0 0 1 0 0 0 2 0 2 0 2 0 1 0 1 0 0 0 0 0 1 0 0 0 0 1 0 0 2 2 0 0 0 1 0 0 0 0 1 0 0 0 2 
0 2 1 2 1 0 1 2 2 0 0 0 0 0 1 0 0 0 0 0 0 0 2 0 0 0 0 0 0 1 0 0 0 0 0 0 0 0 0 0 1 0 0 0 2 0 2 0 2 0 1 0 1 0 0 0 0 0 1 0 0 0 0 1 0 0 2 2 0 0 0 1 0 0 0 0 1 0 0 0 2 
0
0 0 0 0 0 0 0 0 0 
0 2 1 2 1 0 1 2 2 0 0 0 0 0 1 0 0 0 0 0 0 0 2 0 0 0 0 0 0 1 0 0 0 0 0 0 0 0 0 0 1 0 2 0 2 0 2 0 2 0 1 0 1 0 0 0 0 0 1 0 0 0 0 1 0 0 2 2 0 0 0 1 0 0 0 0 1 0 0 0 2 
0 2 1 2 1 0 1 2 2 0 0 0 0 0 1 0 0 0 0 0 0 0 2 0 0 0 0 0 0 1 0 0 0 0 0 0 0 0 0 0 1 0 2 0 2 0 2 0 2 0 1 0 1 0 0 0 0 0 1 0 0 0 0 1 0 0 2 2 0 0 0 1 0 0 0 0 1 0 0 0 2 
0
0 0 0 0 0 0 0 0 0 
0 2 1 2 1 0 1 2 2 0 0 0 0 0 1 0 0 0 0 0 0 0 2 0 0 0 0 0 0 1 0 0 0 0 0 0 0 0 1 0 1 0 2 0 2 0 2 0 2 0 1 0 1 0 0 0 0 0 1 0 0 0 0 1 0 0 2 2 0 0 0 1 0 0 0 0 1 0 0 0 2 
0 2 1 2 1 0 1 2 2 0 0 0 0 0 1 0 0 0 0 0 0 0 2 0 0 0 0 0 0 1 0 0 0 0 0 0 0 0 1 0 1 0 2 0 2 0 2 0 2 0 1 0 1 0 0 0 0 0 1 0 0 0 0 1 0 0 2 2 0 0 0 1 0 0 0 0 1 0 0 0 2 
0
0 0 0 0 0 2 0 0 0 
0 2 1 2 1 0 1 2 2 0 0 0 0 0 1 0 0 0 0 0 0 0 2 0 0 0 0 0 0 1 0 0 0 0 0 0 0 0 1 0 1 0 2 2 2 0 2 0 2 0 1 0 1 0 0 0 0 0 1 0 0 0 0 1 0 0 2 2 0 0 0 1 0 0 0 0 1 0 0 0 2 
0 2 1 2 1 0 1 2 2 0 0 0 0 0 1 0 0 0 0 0 0 0 2 0 0 0 0 0 0 1 0 0 0 32 32 32 0 0 1 0 1 0 34 34 34 0 2 0 2 0 1 32 33 32 0 0 0 0 1 0 0 0 0 1 0 0 2 2 0 0 0 1 0 0 0 0 1 0 0 0 2 
0
0 0 0 0 1 2 0 0 0 
0 2 1 2 1 0 1 2 2 0 0 0 0 0 1 0 0 0 0 0 0 0 2 0 0 0 0 0 0 1 1 0 0 0 0 0 0 0 1 0 1 0 2 2 2 0 2 0 2 0 1 0 1 0 0 0 0 0 1 0 0 0 0 1 0 0 2 2 0 0 0 1 0 0 0 0 1 0 0 0 2 
0 2 1 2 1 0 1 2 2 0 0 0 0 0 1 0 0 0 0 0 0 0 2 0 0 0 0 0 0 1 17 16 16 32 32 32 0 0 1 16 17 16 34 34 34 0 2 0 18 16 17 32 33 32 0 0 0 0 1 0 0 0 0 1 0 0 2 2 0 0 0 1 0 0 0 0 1 0 0 0 2 
0
0 0 0 0 1 2 0 0 0 
0 2 1 2 1 0 1 2 2 0 2 0 0 0 1 0 0 0 0 0 0 0 2 0 0 0 0 0 0 1 1 0 0 0 0 0 0 0 1 0 1 0 2 2 2 0 2 0 2 0 1 0 1 0 0 0 0 0 1 0 0 0 0 1 0 0 2 2 0 0 0 1 0 0 0 0 1 0 0 0 2 
0 2 1 2 1 0 1 2 2 0 2 0 0 0 1 0 0 0 0 0 0 0 2 0 0 0 0 0 0 1 17 16 16 32 32 32 0 0 1 16 17 16 34 34 34 0 2 0 18 16 17 32 33 32 0 0 0 0 1 0 0 0 0 1 0 0 2 2 0 0 0 1 0 0 0 0 1 0 0 0 2 
0
0 0 0 0 1 2 0 0 0 
0 2 1 2 1 0 1 2 2 0 2 0 0 0 1 1 0 0 0 0 0 0 2 0 0 0 0 0 0 1 1 0 0 0 0 0 0 0 1 0 1 0 2 2 2 0 2 0 2 0 1 0 1 0 0 0 0 0 1 0 0 0 0 1 0 0 2 2 0 0 0 1 0 0 0 0 1 0 0 0 2 
0 2 1 2 1 0 1 2 2 0 2 0 0 0 1 1 0 0 0 0 0 0 2 0 0 0 0 0 0 1 17 16 16 32 32 32 0 0 1 16 17 16 34 34 34 0 2 0 18 16 17 32 33 32 0 0 0 0 1 0 0 0 0 1 0 0 2 2 0 0 0 1 0 0 0 0 1 0 0 0 2 
0
0 0 0 0 1 2 0 0 0 
0 2 1 2 1 0 1 2 2 0 2 0 0 0 1 1 0 0 0 0 0 0 2 0 0 0 0 0 0 1 1 0 0 0 0 0 0 0 1 0 1 0 2 2 2 0 2 2 2 0 1 0 1 0 0 0 0 0 1 0 0 0 0 1 0 0 2 2 0 0 0 1 0 0 0 0 1 0 0 0 2 
0 2 1 2 1 0 1 2 2 0 2 0 0 0 1 1 0 0 0 0 0 0 2 0 0 0 0 0 0 1 17 16 16 32 32 32 0 0 1 16 17 16 34 34 34 0 2 2 18 16 17 32 33 32 0 0 0 0 1 0 0 0 0 1 0 0 2 2 0 0 0 1 0 0 0 0 1 0 0 0 2 
0
0 0 0 0 1 2 0 0 0 
0 2 1 2 1 0 1 2 2 0 2 0 0 0 1 1 0 0 0 0 0 0 2 0 0 0 0 0 0 1 1 0 0 0 0 0 0 0 1 0 1 0 2 2 2 0 2 2 2 0 1 0 1 0 0 0 0 0 1 0 0 0 0 1 0 0 2 2 0 1 0 1 0 0 0 0 1 0 0 0 2 
0 2 1 2 1 0 1 2 2 0 2 0 0 0 1 1 0 0 0 0 0 0 2 0 0 0 0 0 0 1 17 16 16 32 32 32 0 0 1 16 17 16 34 34 34 0 2 2 18 16 17 32 33 32 0 0 0 0 1 0 0 0 0 1 0 0 2 2 0 1 0 1 0 0 0 0 1 0 0 0 2 
0
0 0 0 0 1 2 0 0 0 
0 2 1 2 1 0 1 2 2 0 2 0 0 0 1 1 0 0 0 0 0 0 2 0 0 0 0 0 0 1 1 0 0 0 0 0 2 0 1 0 1 0 2 2 2 0 2 2 2 0 1 0 1 0 0 0 0 0 1 0 0 0 0 1 0 0 2 2 0 1 0 1 0 0 0 0 1 0 0 0 2 
0 2 1 2 1 0 1 2 2 0 2 0 0 0 1 1 0 0 0 0 0 0 2 0 0 0 0 0 0 1 17 16 16 32 32 32 2 0 1 16 17 16 34 34 34 0 2 2 18 16 17 32 33 32 0 0 0 0 1 0 0 0 0 1 0 0 2 2 0 1 0 1 0 0 0 0 1 0 0 0 2 
0
0 0 0 0 1 2 0 0 0 
0 2 1 2 1 0 1 2 2 0 2 0 0 0 1 1 0 0 0 0 0 0 2 0 0 0 0 0 1 1 1 0 0 0 0 0 2 0 1 0 1 0 2 2 2 0 2 2 2 0 1 0 1 0 0 0 0 0 1 0 0 0 0 1 0 0 2 2 0 1 0 1 0 0 0 0 1 0 0 0 2 
0 2 1 2 1 0 1 2 2 0 2 0 0 0 1 1 0 0 0 0 0 0 2 0 0 0 0 0 1 1 17 16 16 32 32 32 2 0 1 16 17 16 34 34 34 0 2 2 18 16 17 32 33 32 0 0 0 0 1 0 0 0 0 1 0 0 2 2 0 1 0 1 0 0 0 0 1 0 0 0 2 
0
0 0 0 0 1 2 0 0 0 
0 2 1 2 1 0 1 2 2 0 2 0 2 0 1 1 0 0 0 0 0 0 2 0 0 0 0 0 1 1 1 0 0 0 0 0 2 0 1 0 1 0 2 2 2 0 2 2 2 0 1 0 1 0 0 0 0 0 1 0 0 0 0 1 0 0 2 2 0 1 0 1 0 0 0 0 1 0 0 0 2 
0 2 1 2 1 0 1 2 2 0 2 0 2 0 1 1 0 0 0 0 0 0 2 0 0 0 0 0 1 1 17 16 16 32 32 32 2 0 1 16 17 16 34 34 34 0 2 2 18 16 17 32 33 32 0 0 0 0 1 0 0 0 0 1 0 0 2 2 0 1 0 1 0 0 0 0 1 0 0 0 2 
0
0 0 0 0 1 2 0 0 0 
0 2 1 2 1 0 1 2 2 0 2 0 2 0 1 1 0 0 0 0 0 0 2 0 0 0 0 0 1 1 1 0 0 0 0 0 2 1 1 0 1 0 2 2 2 0 2 2 2 0 1 0 1 0 0 0 0 0 1 0 0 0 0 1 0 0 2 2 0 1 0 1 0 0 0 0 1 0 0 0 2 
0 2 1 2 1 0 1 2 2 0 2 0 2 0 1 1 0 0 0 0 0 0 2 0 0 0 0 0 1 1 17 16 16 32 32 32 2 1 1 16 17 16 34 34 34 0 2 2 18 16 17 32 33 32 0 0 0 0 1 0 0 0 0 1 0 0 2 2 0 1 0 1 0 0 0 0 1 0 0 0 2 
0
0 0 0 0 1 2 0 0 0 
0 2 1 2 1 0 1 2 2 0 2 0 2 0 1 1 2 0 0 0 0 0 2 0 0 0 0 0 1 1 1 0 0 0 0 0 2 1 1 0 1 0 2 2 2 0 2 2 2 0 1 0 1 0 0 0 0 0 1 0 0 0 0 1 0 0 2 2 0 1 0 1 0 0 0 0 1 0 0 0 2 
0 2 1 2 1 0 1 2 2 0 2 0 2 0 1 1 2 0 0 0 0 0 2 0 0 0 0 0 1 1 17 16 16 32 32 32 2 1 1 16 17 16 34 34 34 0 2 2 18 16 17 32 33 32 0 0 0 0 1 0 0 0 0 1 0 0 2 2 0 1 0 1 0 0 0 0 1 0 0 0 2 
0
0 0 1 0 1 2 0 0 0 
0 2 1 2 1 0 1 2 2 0 2 0 2 0 1 1 2 0 0 0 0 0 2 0 1 0 0 0 1 1 1 0 0 0 0 0 2 1 1 0 1 0 2 2 2 0 2 2 2 0 1 0 1 0 0 0 0 0 1 0 0 0 0 1 0 0 2 2 0 1 0 1 0 0 0 0 1 0 0 0 2 
0 2 1 2 1 0 17 18 18 0 2 0 2 0 1 17 18 16 0 0 0 0 2 0 17 16 16 0 1 1 17 16 16 32 32 32 2 1 1 16 17 16 34 34 34 0 2 2 18 16 17 32 33 32 0 0 0 0 1 0 0 0 0 1 0 0 2 2 0 1 0 1 0 0 0 0 1 0 0 0 2 
0
0 0 1 0 1 2 0 0 0 
0 2 1 2 1 0 1 2 2 0 2 0 2 0 1 1 2 0 0 0 0 0 2 0 1 0 0 0 1 1 1 0 0 0 0 0 2 1 1 0 1 0 2 2 2 0 2 2 2 0 1 0 1 0 0 0 0 0 1 0 0 0 0 1 2 0 2 2 0 1 0 1 0 0 0 0 1 0 0 0 2 
0 2 1 2 1 0 17 18 18 0 2 0 2 0 1 17 18 16 0 0 0 0 2 0 17 16 16 0 1 1 17 16 16 32 32 32 2 1 1 16 17 16 34 34 34 0 2 2 18 16 17 32 33 32 0 0 0 0 1 0 0 0 0 1 2 0 2 2 0 1 0 1 0 0 0 0 1 0 0 0 2 
0
0 0 1 0 1 2 0 0 0 
0 2 1 2 1 0 1 2 2 0 2 0 2 0 1 1 2 0 0 0 0 0 2 0 1 0 0 0 1 1 1 0 0 0 0 0 2 1 1 0 1 0 2 2 2 0 2 2 2 0 1 0 1 0 0 0 0 0 1 0 0 1 0 1 2 0 2 2 0 1 0 1 0 0 0 0 1 0 0 0 2 
0 2 1 2 1 0 17 18 18 0 2 0 2 0 1 17 18 16 0 0 0 0 2 0 17 16 16 0 1 1 17 16 16 32 32 32 2 1 1 16 17 16 34 34 34 0 2 2 18 16 17 32 33 32 0 0 0 0 1 0 0 1 0 1 2 0 2 2 0 1 0 1 0 0 0 0 1 0 0 0 2 
0
0 0 1 0 1 2 0 0 0 
0 2 1 2 1 0 1 2 2 0 2 0 2 0 1 1 2 0 0 0 0 0 2 2 1 0 0 0 1 1 1 0 0 0 0 0 2 1 1 0 1 0 2 2 2 0 2 2 2 0 1 0 1 0 0 0 0 0 1 0 0 1 0 1 2 0 2 2 0 1 0 1 0 0 0 0 1 0 0 0 2 
0 2 1 2 1 0 17 18 18 0 2 0 2 0 1 17 18 16 0 0 0 0 2 2 17 16 16 0 1 1 17 16 16 32 32 32 2 1 1 16 17 16 34 34 34 0 2 2 18 16 17 32 33 32 0 0 0 0 1 0 0 1 0 1 2 0 2 2 0 1 0 1 0 0 0 0 1 0 0 0 2 
0
0 0 1 0 1 2 0 0 0 
0 2 1 2 1 0 1 2 2 0 2 0 2 0 1 1 2 0 0 0 0 0 2 2 1 0 0 0 1 1 1 0 0 0 0 0 2 1 1 0 1 0 2 2 2 0 2 2 2 0 1 0 1 0 0 0 0 0 1 0 1 1 0 1 2 0 2 2 0 1 0 1 0 0 0 0 1 0 0 0 2 
0 2 1 2 1 0 17 18 18 0 2 0 2 0 1 17 18 16 0 0 0 0 2 2 17 16 16 0 1 1 17 16 16 32 32 32 2 1 1 16 17 16 34 34 34 0 2 2 18 16 17 32 33 32 0 0 0 0 1 0 1 1 0 1 2 0 2 2 0 1 0 1 0 0 0 0 1 0 0 0 2 
0
2 0 1 0 1 2 0 0 0 
0 2 1 2 1 0 1 2 2 0 2 0 2 0 1 1 2 0 0 2 0 0 2 2 1 0 0 0 1 1 1 0 0 0 0 0 2 1 1 0 1 0 2 2 2 0 2 2 2 0 1 0 1 0 0 0 0 0 1 0 1 1 0 1 2 0 2 2 0 1 0 1 0 0 0 0 1 0 0 0 2 
32 34 33 2 1 0 17 18 18 32 34 32 2 0 1 17 18 16 32 34 32 0 2 2 17 16 16 0 1 1 17 16 16 32 32 32 2 1 1 16 17 16 34 34 34 0 2 2 18 16 17 32 33 32 0 0 0 0 1 0 1 1 0 1 2 0 2 2 0 1 0 1 0 0 0 0 1 0 0 0 2 
0
2 0 1 0 1 2 0 0 0 
0 2 1 2 1 0 1 2 2 0 2 0 2 0 1 1 2 0 0 2 0 0 2 2 1 0 0 0 1 1 1 0 0 0 0 0 2 1 1 0 1 0 2 2 2 0 2 2 2 0 1 0 1 0 0 0 0 0 1 0 1 1 0 1 2 0 2 2 0 1 0 1 0 0 0 1 1 0 0 0 2 
32 34 33 2 1 0 17 18 18 32 34 32 2 0 1 17 18 16 32 34 32 0 2 2 17 16 16 0 1 1 17 16 16 32 32 32 2 1 1 16 17 16 34 34 34 0 2 2 18 16 17 32 33 32 0 0 0 0 1 0 1 1 0 1 2 0 2 2 0 1 0 1 0 0 0 1 1 0 0 0 2 
0
2 0 1 0 1 2 0 0 0 
0 2 1 2 1 0 1 2 2 0 2 0 2 0 1 1 2 0 0 2 0 0 2 2 1 0 0 0 1 1 1 0 0 0 0 0 2 1 1 0 1 0 2 2 2 0 2 2 2 0 1 0 1 0 0 0 0 0 1 0 1 1 0 1 2 0 2 2 0 1 0 1 0 0 2 1 1 0 0 0 2 
32 34 33 2 1 0 17 18 18 32 34 32 2 0 1 17 18 16 32 34 32 0 2 2 17 16 16 0 1 1 17 16 16 32 32 32 2 1 1 16 17 16 34 34 34 0 2 2 18 16 17 32 33 32 0 0 0 0 1 0 1 1 0 1 2 0 2 2 0 1 0 1 0 0 2 1 1 0 0 0 2 
0
2 0 1 0 1 2 0 0 0 
0 2 1 2 1 0 1 2 2 0 2 0 2 0 1 1 2 0 0 2 0 0 2 2 1 0 0 0 1 1 1 0 0 0 0 0 2 1 1 0 1 0 2 2 2 0 2 2 2 0 1 0 1 0 0 0 0 0 1 0 1 1 0 1 2 0 2 2 0 1 0 1 0 0 2 1 1 0 0 1 2 
32 34 33 2 1 0 17 18 18 32 34 32 2 0 1 17 18 16 32 34 32 0 2 2 17 16 16 0 1 1 17 16 16 32 32 32 2 1 1 16 17 16 34 34 34 0 2 2 18 16 17 32 33 32 0 0 0 0 1 0 1 1 0 1 2 0 2 2 0 1 0 1 0 0 2 1 1 0 0 1 2 
0
2 0 1 0 1 2 0 0 0 
0 2 1 2 1 0 1 2 2 0 2 0 2 0 1 1 2 0 0 2 0 0 2 2 1 0 0 0 1 1 1 0 0 0 0 0 2 1 1 0 1 0 2 2 2 0 2 2 2 0 1 0 1 0 0 0 0 0 1 0 1 1 0 1 2 0 2 2 0 1 0 1 0 0 2 1 1 2 0 1 2 
32 34 33 2 1 0 17 18 18 32 34 32 2 0 1 17 18 16 32 34 32 0 2 2 17 16 16 0 1 1 17 16 16 32 32 32 2 1 1 16 17 16 34 34 34 0 2 2 18 16 17 32 33 32 0 0 0 0 1 0 1 1 0 1 2 0 2 2 0 1 0 1 0 0 2 1 1 2 0 1 2 
0
2 0 1 0 1 2 0 0 1 
0 2 1 2 1 0 1 2 2 0 2 0 2 0 1 1 2 0 0 2 0 0 2 2 1 0 0 0 1 1 1 0 0 0 0 0 2 1 1 0 1 0 2 2 2 0 2 2 2 0 1 0 1 0 0 0 0 0 1 0 1 1 0 1 2 0 2 2 0 1 0 1 0 0 2 1 1 2 1 1 2 
32 34 33 2 1 0 17 18 18 32 34 32 2 0 1 17 18 16 32 34 32 0 2 2 17 16 16 0 1 1 17 16 16 32 32 32 2 1 1 16 17 16 34 34 34 0 2 2 18 16 17 32 33 32 0 0 0 0 1 0 17 17 16 1 2 0 2 2 0 17 16 17 0 0 2 1 1 2 17 17 18 
0
2 0 1 0 1 2 0 0 1 
0 2 1 2 1 0 1 2 2 0 2 0 2 0 1 1 2 0 0 2 0 0 2 2 1 0 0 0 1 1 1 0 0 0 0 0 2 1 1 0 1 0 2 2 2 0 2 2 2 0 1 0 1 0 0 2 0 0 1 0 1 1 0 1 2 0 2 2 0 1 0 1 0 0 2 1 1 2 1 1 2 
32 34 33 2 1 0 17 18 18 32 34 32 2 0 1 17 18 16 32 34 32 0 2 2 17 16 16 0 1 1 17 16 16 32 32 32 2 1 1 16 17 16 34 34 34 0 2 2 18 16 17 32 33 32 0 2 0 0 1 0 17 17 16 1 2 0 2 2 0 17 16 17 0 0 2 1 1 2 17 17 18 
0
2 0 1 0 1 2 0 0 1 
0 2 1 2 1 0 1 2 2 0 2 0 2 1 1 1 2 0 0 2 0 0 2 2 1 0 0 0 1 1 1 0 0 0 0 0 2 1 1 0 1 0 2 2 2 0 2 2 2 0 1 0 1 0 0 2 0 0 1 0 1 1 0 1 2 0 2 2 0 1 0 1 0 0 2 1 1 2 1 1 2 
32 34 33 2 1 0 17 18 18 32 34 32 2 1 1 17 18 16 32 34 32 0 2 2 17 16 16 0 1 1 17 16 16 32 32 32 2 1 1 16 17 16 34 34 34 0 2 2 18 16 17 32 33 32 0 2 0 0 1 0 17 17 16 1 2 0 2 2 0 17 16 17 0 0 2 1 1 2 17 17 18 
0
2 0 1 0 1 2 2 0 1 
0 2 1 2 1 0 1 2 2 0 2 0 2 1 1 1 2 0 0 2 0 0 2 2 1 0 0 0 1 1 1 0 0 0 0 0 2 1 1 0 1 0 2 2 2 0 2 2 2 0 1 0 1 0 0 2 0 0 1 0 1 1 0 1 2 0 2 2 0 1 0 1 0 2 2 1 1 2 1 1 2 
32 34 33 2 1 0 17 18 18 32 34 32 2 1 1 17 18 16 32 34 32 0 2 2 17 16 16 0 1 1 17 16 16 32 32 32 2 1 1 16 17 16 34 34 34 0 2 2 18 16 17 32 33 32 32 34 32 0 1 0 17 17 16 33 34 32 2 2 0 17 16 17 32 34 34 1 1 2 17 17 18 
0
2 0 1 0 1 2 2 0 1 
0 2 1 2 1 0 1 2 2 0 2 0 2 1 1 1 2 0 0 2 0 0 2 2 1 0 0 0 1 1 1 0 0 0 0 0 2 1 1 0 1 0 2 2 2 0 2 2 2 0 1 0 1 0 0 2 0 1 1 0 1 1 0 1 2 0 2 2 0 1 0 1 0 2 2 1 1 2 1 1 2 
32 34 33 2 1 0 17 18 18 32 34 32 2 1 1 17 18 16 32 34 32 0 2 2 17 16 16 0 1 1 17 16 16 32 32 32 2 1 1 16 17 16 34 34 34 0 2 2 18 16 17 32 33 32 32 34 32 1 1 0 17 17 16 33 34 32 2 2 0 17 16 17 32 34 34 1 1 2 17 17 18 
0
2 0 1 2 1 2 2 0 1 
0 2 1 2 1 0 1 2 2 0 2 0 2 1 1 1 2 0 0 2 0 0 2 2 1 0 0 0 1 1 1 0 0 0 0 0 2 1 1 0 1 0 2 2 2 2 2 2 2 0 1 0 1 0 0 2 0 1 1 0 1 1 0 1 2 0 2 2 0 1 0 1 0 2 2 1 1 2 1 1 2 
32 34 33 2 1 0 17 18 18 32 34 32 2 1 1 17 18 16 32 34 32 0 2 2 17 16 16 32 33 33 17 16 16 32 32 32 34 33 33 16 17 16 34 34 34 34 34 34 18 16 17 32 33 32 32 34 32 1 1 0 17 17 16 33 34 32 2 2 0 17 16 17 32 34 34 1 1 2 17 17 18 
0
2 0 1 2 1 2 2 0 1 
0 2 1 2 1 0 1 2 2 0 2 0 2 1 1 1 2 0 0 2 0 0 2 2 1 0 0 0 1 1 1 0 0 0 0 0 2 1 1 0 1 0 2 2 2 2 2 2 2 0 1 0 1 0 0 2 0 1 1 0 1 1 0 1 2 0 2 2 0 1 0 1 0 2 2 1 1 2 1 1 2 
32 34 33 2 1 0 17 18 18 32 34 32 2 1 1 17 18 16 32 34 32 0 2 2 17 16 16 32 33 33 17 16 16 32 32 32 34 33 33 16 17 16 34 34 34 34 34 34 18 16 17 32 33 32 32 34 32 1 1 0 17 17 16 33 34 32 2 2 0 17 16 17 32 34 34 1 1 2 17 17 18 
0
