0 0 0 0 0 0 0 0 0 
0 0 0 0 0 0 0 0 0 0 0 0 0 0 0 0 0 0 0 0 0 0 0 0 0 0 0 0 0 0 0 0 0 0 0 0 0 0 0 0 0 0 0 0 0 0 0 0 0 0 0 0 0 0 0 0 0 0 0 0 0 0 0 0 0 0 0 0 0 0 0 1 0 0 0 0 0 0 0 0 0 
0 0 0 0 0 0 0 0 0 0 0 0 0 0 0 0 0 0 0 0 0 0 0 0 0 0 0 0 0 0 0 0 0 0 0 0 0 0 0 0 0 0 0 0 0 0 0 0 0 0 0 0 0 0 0 0 0 0 0 0 0 0 0 0 0 0 0 0 0 0 0 1 0 0 0 0 0 0 0 0 0 
1
0 0 0 0 0 0 0 0 0 
0 0 0 0 0 0 0 0 0 0 0 0 0 0 0 0 0 0 0 0 0 0 0 0 0 0 0 0 0 0 0 0 0 0 0 0 0 0 0 0 0 0 2 0 0 0 0 0 0 0 0 0 0 0 0 0 0 0 0 0 0 0 0 0 0 0 0 0 0 0 0 1 0 0 0 0 0 0 0 0 0 
0 0 0 0 0 0 0 0 0 0 0 0 0 0 0 0 0 0 0 0 0 0 0 0 0 0 0 0 0 0 0 0 0 0 0 0 0 0 0 0 0 0 2 0 0 0 0 0 0 0 0 0 0 0 0 0 0 0 0 0 0 0 0 0 0 0 0 0 0 0 0 1 0 0 0 0 0 0 0 0 0 
1
0 0 0 0 0 0 0 0 0 
0 0 0 0 0 0 0 0 0 0 0 0 0 0 0 0 0 0 0 0 0 0 0 0 0 0 0 0 0 0 0 0 0 0 0 0 0 0 0 0 0 0 2 0 0 0 0 1 0 0 0 0 0 0 0 0 0 0 0 0 0 0 0 0 0 0 0 0 0 0 0 1 0 0 0 0 0 0 0 0 0 
0 0 0 0 0 0 0 0 0 0 0 0 0 0 0 0 0 0 0 0 0 0 0 0 0 0 0 0 0 0 0 0 0 0 0 0 0 0 0 0 0 0 2 0 0 0 0 1 0 0 0 0 0 0 0 0 0 0 0 0 0 0 0 0 0 0 0 0 0 0 0 1 0 0 0 0 0 0 0 0 0 
1
0 0 0 0 0 0 0 0 0 
0 0 0 0 0 0 0 0 0 0 0 0 0 0 0 0 0 0 0 0 0 0 0 0 0 0 0 0 0 0 0 0 0 0 0 0 0 0 0 0 0 0 2 0 0 0 0 1 0 0 0 0 0 0 0 0 0 0 0 0 0 0 0 0 0 0 0 0 0 0 2 1 0 0 0 0 0 0 0 0 0 
0 0 0 0 0 0 0 0 0 0 0 0 0 0 0 0 0 0 0 0 0 0 0 0 0 0 0 0 0 0 0 0 0 0 0 0 0 0 0 0 0 0 2 0 0 0 0 1 0 0 0 0 0 0 0 0 0 0 0 0 0 0 0 0 0 0 0 0 0 0 2 1 0 0 0 0 0 0 0 0 0 
1
0 0 0 0 0 0 0 0 0 
0 0 0 0 0 0 0 0 0 0 0 0 0 0 0 0 0 0 0 0 0 0 0 0 0 0 0 0 0 0 0 0 0 0 0 0 0 0 0 0 1 0 2 0 0 0 0 1 0 0 0 0 0 0 0 0 0 0 0 0 0 0 0 0 0 0 0 0 0 0 2 1 0 0 0 0 0 0 0 0 0 
0 0 0 0 0 0 0 0 0 0 0 0 0 0 0 0 0 0 0 0 0 0 0 0 0 0 0 0 0 0 0 0 0 0 0 0 0 0 0 0 1 0 2 0 0 0 0 1 0 0 0 0 0 0 0 0 0 0 0 0 0 0 0 0 0 0 0 0 0 0 2 1 0 0 0 0 0 0 0 0 0 
1
0 0 0 0 0 0 0 0 0 
0 0 0 0 0 0 0 0 0 0 0 0 0 0 0 0 0 0 0 0 0 0 0 0 0 0 0 0 0 0 2 0 0 0 0 0 0 0 0 0 1 0 2 0 0 0 0 1 0 0 0 0 0 0 0 0 0 0 0 0 0 0 0 0 0 0 0 0 0 0 2 1 0 0 0 0 0 0 0 0 0 
0 0 0 0 0 0 0 0 0 0 0 0 0 0 0 0 0 0 0 0 0 0 0 0 0 0 0 0 0 0 2 0 0 0 0 0 0 0 0 0 1 0 2 0 0 0 0 1 0 0 0 0 0 0 0 0 0 0 0 0 0 0 0 0 0 0 0 0 0 0 2 1 0 0 0 0 0 0 0 0 0 
1
0 0 0 0 0 0 0 0 0 
0 0 0 0 0 0 0 0 0 1 0 0 0 0 0 0 0 0 0 0 0 0 0 0 0 0 0 0 0 0 2 0 0 0 0 0 0 0 0 0 1 0 2 0 0 0 0 1 0 0 0 0 0 0 0 0 0 0 0 0 0 0 0 0 0 0 0 0 0 0 2 1 0 0 0 0 0 0 0 0 0 
0 0 0 0 0 0 0 0 0 1 0 0 0 0 0 0 0 0 0 0 0 0 0 0 0 0 0 0 0 0 2 0 0 0 0 0 0 0 0 0 1 0 2 0 0 0 0 1 0 0 0 0 0 0 0 0 0 0 0 0 0 0 0 0 0 0 0 0 0 0 2 1 0 0 0 0 0 0 0 0 0 
1
0 0 0 0 0 0 0 0 0 
0 0 0 0 0 0 0 0 0 1 0 0 0 0 0 0 0 0 0 0 0 0 0 0 0 0 0 0 0 0 2 0 0 0 0 0 0 0 0 0 1 0 2 0 0 2 0 1 0 0 0 0 0 0 0 0 0 0 0 0 0 0 0 0 0 0 0 0 0 0 2 1 0 0 0 0 0 0 0 0 0 
0 0 0 0 0 0 0 0 0 1 0 0 0 0 0 0 0 0 0 0 0 0 0 0 0 0 0 0 0 0 2 0 0 0 0 0 0 0 0 0 1 0 2 0 0 2 0 1 0 0 0 0 0 0 0 0 0 0 0 0 0 0 0 0 0 0 0 0 0 0 2 1 0 0 0 0 0 0 0 0 0 
1
0 0 0 0 0 0 0 0 0 
0 0 0 0 0 0 0 0 0 1 0 0 0 0 0 0 0 0 0 0 0 0 0 0 0 0 0 0 0 0 2 0 0 0 0 0 0 0 0 0 1 0 2 0 0 2 0 1 0 0 0 0 0 0 0 0 0 0 0 0 0 0 0 0 0 0 0 0 0 0 2 1 0 1 0 0 0 0 0 0 0 
0 0 0 0 0 0 0 0 0 1 0 0 0 0 0 0 0 0 0 0 0 0 0 0 0 0 0 0 0 0 2 0 0 0 0 0 0 0 0 0 1 0 2 0 0 2 0 1 0 0 0 0 0 0 0 0 0 0 0 0 0 0 0 0 0 0 0 0 0 0 2 1 0 1 0 0 0 0 0 0 0 
1
0 0 0 0 0 0 0 0 0 
0 0 0 0 0 0 0 0 0 1 0 0 0 0 0 0 0 0 0 0 0 0 0 0 0 0 0 0 0 0 2 0 0 0 0 0 0 0 0 0 1 0 2 0 0 2 0 1 0 0 0 0 0 0 0 0 0 0 0 0 0 0 0 0 0 0 0 0 0 0 2 1 0 1 0 0 2 0 0 0 0 
0 0 0 0 0 0 0 0 0 1 0 0 0 0 0 0 0 0 0 0 0 0 0 0 0 0 0 0 0 0 2 0 0 0 0 0 0 0 0 0 1 0 2 0 0 2 0 1 0 0 0 0 0 0 0 0 0 0 0 0 0 0 0 0 0 0 0 0 0 0 2 1 0 1 0 0 2 0 0 0 0 
1
0 0 0 0 0 0 0 0 0 
0 0 0 0 0 0 0 0 0 1 0 0 0 0 0 0 0 0 0 0 0 0 0 0 0 0 0 0 0 0 2 0 0 0 0 0 0 0 0 0 1 0 2 0 0 2 0 1 0 0 0 0 0 0 0 0 0 0 0 1 0 0 0 0 0 0 0 0 0 0 2 1 0 1 0 0 2 0 0 0 0 
0 0 0 0 0 0 0 0 0 1 0 0 0 0 0 0 0 0 0 0 0 0 0 0 0 0 0 0 0 0 2 0 0 0 0 0 0 0 0 0 1 0 2 0 0 2 0 1 0 0 0 0 0 0 0 0 0 0 0 1 0 0 0 0 0 0 0 0 0 0 2 1 0 1 0 0 2 0 0 0 0 
1
0 0 0 0 0 0 0 0 0 
0 0 0 0 0 0 0 0 0 1 0 0 0 0 0 0 2 0 0 0 0 0 0 0 0 0 0 0 0 0 2 0 0 0 0 0 0 0 0 0 1 0 2 0 0 2 0 1 0 0 0 0 0 0 0 0 0 0 0 1 0 0 0 0 0 0 0 0 0 0 2 1 0 1 0 0 2 0 0 0 0 
0 0 0 0 0 0 0 0 0 1 0 0 0 0 0 0 2 0 0 0 0 0 0 0 0 0 0 0 0 0 2 0 0 0 0 0 0 0 0 0 1 0 2 0 0 2 0 1 0 0 0 0 0 0 0 0 0 0 0 1 0 0 0 0 0 0 0 0 0 0 2 1 0 1 0 0 2 0 0 0 0 
1
0 0 0 0 0 0 0 0 0 
0 0 0 0 0 0 0 0 0 1 0 0 0 0 0 0 2 0 0 0 0 0 0 0 0 0 0 0 0 0 2 0 0 0 0 0 0 0 0 0 1 0 2 0 0 2 0 1 0 1 0 0 0 0 0 0 0 0 0 1 0 0 0 0 0 0 0 0 0 0 2 1 0 1 0 0 2 0 0 0 0 
0 0 0 0 0 0 0 0 0 1 0 0 0 0 0 0 2 0 0 0 0 0 0 0 0 0 0 0 0 0 2 0 0 0 0 0 0 0 0 0 1 0 2 0 0 2 0 1 0 1 0 0 0 0 0 0 0 0 0 1 0 0 0 0 0 0 0 0 0 0 2 1 0 1 0 0 2 0 0 0 0 
1
0 0 0 0 0 0 0 0 0 
0 0 0 0 0 0 0 0 0 1 0 0 0 0 0 0 2 0 0 0 0 0 0 0 0 0 0 0 0 0 2 0 0 0 0 0 0 0 0 0 1 0 2 0 0 2 0 1 0 1 0 0 0 0 0 0 0 0 2 1 0 0 0 0 0 0 0 0 0 0 2 1 0 1 0 0 2 0 0 0 0 
0 0 0 0 0 0 0 0 0 1 0 0 0 0 0 0 2 0 0 0 0 0 0 0 0 0 0 0 0 0 2 0 0 0 0 0 0 0 0 0 1 0 2 0 0 2 0 1 0 1 0 0 0 0 0 0 0 0 2 1 0 0 0 0 0 0 0 0 0 0 2 1 0 1 0 0 2 0 0 0 0 
1
0 0 0 0 0 0 0 0 0 
0 0 0 0 0 0 0 0 0 1 0 0 0 0 0 0 2 0 0 0 0 0 1 0 0 0 0 0 0 0 2 0 0 0 0 0 0 0 0 0 1 0 2 0 0 2 0 1 0 1 0 0 0 0 0 0 0 0 2 1 0 0 0 0 0 0 0 0 0 0 2 1 0 1 0 0 2 0 0 0 0 
0 0 0 0 0 0 0 0 0 1 0 0 0 0 0 0 2 0 0 0 0 0 1 0 0 0 0 0 0 0 2 0 0 0 0 0 0 0 0 0 1 0 2 0 0 2 0 1 0 1 0 0 0 0 0 0 0 0 2 1 0 0 0 0 0 0 0 0 0 0 2 1 0 1 0 0 2 0 0 0 0 
1
0 0 0 0 0 0 0 2 0 
0 0 0 0 0 0 0 0 0 1 0 0 0 0 0 0 2 0 0 0 0 0 1 0 0 0 0 0 0 0 2 0 0 0 0 0 0 0 0 0 1 0 2 0 0 2 0 1 0 1 0 0 0 0 0 0 0 0 2 1 0 0 0 0 0 0 0 2 0 0 2 1 0 1 0 0 2 0 0 0 0 
0 0 0 0 0 0 0 0 0 1 0 0 0 0 0 0 2 0 0 0 0 0 1 0 0 0 0 0 0 0 2 0 0 0 0 0 0 0 0 0 1 0 2 0 0 2 0 1 0 1 0 0 0 0 0 0 0 32 34 33 0 0 0 0 0 0 32 34 32 0 2 1 0 1 0 32 34 32 0 0 0 
1
0 0 0 0 1 0 0 2 0 
0 0 0 0 0 0 0 0 0 1 0 0 0 0 0 0 2 0 0 0 0 0 1 0 0 0 0 0 0 0 2 1 0 0 0 0 0 0 0 0 1 0 2 0 0 2 0 1 0 1 0 0 0 0 0 0 0 0 2 1 0 0 0 0 0 0 0 2 0 0 2 1 0 1 0 0 2 0 0 0 0 
0 0 0 0 0 0 0 0 0 1 0 0 0 0 0 0 2 0 0 0 0 0 1 0 0 0 0 0 0 0 18 17 16 0 0 0 0 0 0 16 17 16 2 0 0 2 0 1 16 17 16 0 0 0 0 0 0 32 34 33 0 0 0 0 0 0 32 34 32 0 2 1 0 1 0 32 34 32 0 0 0 
1
0 0 0 0 1 0 0 2 0 
0 0 0 0 2 0 0 0 0 1 0 0 0 0 0 0 2 0 0 0 0 0 1 0 0 0 0 0 0 0 2 1 0 0 0 0 0 0 0 0 1 0 2 0 0 2 0 1 0 1 0 0 0 0 0 0 0 0 2 1 0 0 0 0 0 0 0 2 0 0 2 1 0 1 0 0 2 0 0 0 0 
0 0 0 0 2 0 0 0 0 1 0 0 0 0 0 0 2 0 0 0 0 0 1 0 0 0 0 0 0 0 18 17 16 0 0 0 0 0 0 16 17 16 2 0 0 2 0 1 16 17 16 0 0 0 0 0 0 32 34 33 0 0 0 0 0 0 32 34 32 0 2 1 0 1 0 32 34 32 0 0 0 
1
0 0 0 0 1 0 0 2 0 
0 0 0 0 2 0 0 0 0 1 0 0 0 0 0 0 2 0 0 0 0 1 1 0 0 0 0 0 0 0 2 1 0 0 0 0 0 0 0 0 1 0 2 0 0 2 0 1 0 1 0 0 0 0 0 0 0 0 2 1 0 0 0 0 0 0 0 2 0 0 2 1 0 1 0 0 2 0 0 0 0 
0 0 0 0 2 0 0 0 0 1 0 0 0 0 0 0 2 0 0 0 0 1 1 0 0 0 0 0 0 0 18 17 16 0 0 0 0 0 0 16 17 16 2 0 0 2 0 1 16 17 16 0 0 0 0 0 0 32 34 33 0 0 0 0 0 0 32 34 32 0 2 1 0 1 0 32 34 32 0 0 0 
1
0 0 0 0 1 0 0 2 0 
0 0 0 0 2 0 0 0 0 1 0 0 0 0 0 0 2 0 0 0 0 1 1 0 0 0 0 0 0 0 2 1 0 0 0 0 0 0 0 0 1 0 2 0 0 2 0 1 0 1 0 0 0 0 0 0 0 0 2 1 0 0 0 0 2 0 0 2 0 0 2 1 0 1 0 0 2 0 0 0 0 
0 0 0 0 2 0 0 0 0 1 0 0 0 0 0 0 2 0 0 0 0 1 1 0 0 0 0 0 0 0 18 17 16 0 0 0 0 0 0 16 17 16 2 0 0 2 0 1 16 17 16 0 0 0 0 0 0 32 34 33 0 0 0 0 2 0 32 34 32 0 2 1 0 1 0 32 34 32 0 0 0 
1
0 0 0 0 1 0 0 2 0 
0 0 0 0 2 0 0 0 0 1 0 0 0 0 0 0 2 0 0 0 0 1 1 0 0 0 0 0 0 0 2 1 0 0 0 0 0 0 0 0 1 0 2 0 0 2 0 1 0 1 0 0 0 0 0 0 0 0 2 1 0 1 0 0 2 0 0 2 0 0 2 1 0 1 0 0 2 0 0 0 0 
0 0 0 0 2 0 0 0 0 1 0 0 0 0 0 0 2 0 0 0 0 1 1 0 0 0 0 0 0 0 18 17 16 0 0 0 0 0 0 16 17 16 2 0 0 2 0 1 16 17 16 0 0 0 0 0 0 32 34 33 0 1 0 0 2 0 32 34 32 0 2 1 0 1 0 32 34 32 0 0 0 
1
0 0 0 0 1 0 0 2 0 
0 0 0 0 2 2 0 0 0 1 0 0 0 0 0 0 2 0 0 0 0 1 1 0 0 0 0 0 0 0 2 1 0 0 0 0 0 0 0 0 1 0 2 0 0 2 0 1 0 1 0 0 0 0 0 0 0 0 2 1 0 1 0 0 2 0 0 2 0 0 2 1 0 1 0 0 2 0 0 0 0 
0 0 0 0 2 2 0 0 0 1 0 0 0 0 0 0 2 0 0 0 0 1 1 0 0 0 0 0 0 0 18 17 16 0 0 0 0 0 0 16 17 16 2 0 0 2 0 1 16 17 16 0 0 0 0 0 0 32 34 33 0 1 0 0 2 0 32 34 32 0 2 1 0 1 0 32 34 32 0 0 0 
1
0 0 0 0 1 0 0 2 0 
0 0 0 0 2 2 0 0 1 1 0 0 0 0 0 0 2 0 0 0 0 1 1 0 0 0 0 0 0 0 2 1 0 0 0 0 0 0 0 0 1 0 2 0 0 2 0 1 0 1 0 0 0 0 0 0 0 0 2 1 0 1 0 0 2 0 0 2 0 0 2 1 0 1 0 0 2 0 0 0 0 
0 0 0 0 2 2 0 0 1 1 0 0 0 0 0 0 2 0 0 0 0 1 1 0 0 0 0 0 0 0 18 17 16 0 0 0 0 0 0 16 17 16 2 0 0 2 0 1 16 17 16 0 0 0 0 0 0 32 34 33 0 1 0 0 2 0 32 34 32 0 2 1 0 1 0 32 34 32 0 0 0 
1
0 0 0 0 1 0 0 2 0 
0 0 0 0 2 2 0 2 1 1 0 0 0 0 0 0 2 0 0 0 0 1 1 0 0 0 0 0 0 0 2 1 0 0 0 0 0 0 0 0 1 0 2 0 0 2 0 1 0 1 0 0 0 0 0 0 0 0 2 1 0 1 0 0 2 0 0 2 0 0 2 1 0 1 0 0 2 0 0 0 0 
0 0 0 0 2 2 0 2 1 1 0 0 0 0 0 0 2 0 0 0 0 1 1 0 0 0 0 0 0 0 18 17 16 0 0 0 0 0 0 16 17 16 2 0 0 2 0 1 16 17 16 0 0 0 0 0 0 32 34 33 0 1 0 0 2 0 32 34 32 0 2 1 0 1 0 32 34 32 0 0 0 
1
0 0 0 0 1 0 0 2 0 
0 0 0 1 2 2 0 2 1 1 0 0 0 0 0 0 2 0 0 0 0 1 1 0 0 0 0 0 0 0 2 1 0 0 0 0 0 0 0 0 1 0 2 0 0 2 0 1 0 1 0 0 0 0 0 0 0 0 2 1 0 1 0 0 2 0 0 2 0 0 2 1 0 1 0 0 2 0 0 0 0 
0 0 0 1 2 2 0 2 1 1 0 0 0 0 0 0 2 0 0 0 0 1 1 0 0 0 0 0 0 0 18 17 16 0 0 0 0 0 0 16 17 16 2 0 0 2 0 1 16 17 16 0 0 0 0 0 0 32 34 33 0 1 0 0 2 0 32 34 32 0 2 1 0 1 0 32 34 32 0 0 0 
1
0 0 0 0 1 0 0 2 0 
0 0 0 1 2 2 0 2 1 1 2 0 0 0 0 0 2 0 0 0 0 1 1 0 0 0 0 0 0 0 2 1 0 0 0 0 0 0 0 0 1 0 2 0 0 2 0 1 0 1 0 0 0 0 0 0 0 0 2 1 0 1 0 0 2 0 0 2 0 0 2 1 0 1 0 0 2 0 0 0 0 
0 0 0 1 2 2 0 2 1 1 2 0 0 0 0 0 2 0 0 0 0 1 1 0 0 0 0 0 0 0 18 17 16 0 0 0 0 0 0 16 17 16 2 0 0 2 0 1 16 17 16 0 0 0 0 0 0 32 34 33 0 1 0 0 2 0 32 34 32 0 2 1 0 1 0 32 34 32 0 0 0 
1
0 0 0 0 1 0 0 2 0 
0 0 0 1 2 2 0 2 1 1 2 0 0 0 0 0 2 0 0 0 0 1 1 0 0 0 0 0 0 0 2 1 0 0 0 0 0 0 0 0 1 0 2 0 0 2 0 1 0 1 0 0 0 0 0 0 0 0 2 1 0 1 0 0 2 0 0 2 0 0 2 1 0 1 0 0 2 0 1 0 0 
0 0 0 1 2 2 0 2 1 1 2 0 0 0 0 0 2 0 0 0 0 1 1 0 0 0 0 0 0 0 18 17 16 0 0 0 0 0 0 16 17 16 2 0 0 2 0 1 16 17 16 0 0 0 0 0 0 32 34 33 0 1 0 0 2 0 32 34 32 0 2 1 0 1 0 32 34 32 1 0 0 
1
0 0 0 0 1 0 0 2 0 
0 0 0 1 2 2 0 2 1 1 2 0 0 0 0 0 2 0 0 0 0 1 1 0 0 0 0 0 0 0 2 1 0 0 0 0 0 0 0 0 1 0 2 0 0 2 0 1 0 1 0 0 0 0 0 0 2 0 2 1 0 1 0 0 2 0 0 2 0 0 2 1 0 1 0 0 2 0 1 0 0 
0 0 0 1 2 2 0 2 1 1 2 0 0 0 0 0 2 0 0 0 0 1 1 0 0 0 0 0 0 0 18 17 16 0 0 0 0 0 0 16 17 16 2 0 0 2 0 1 16 17 16 0 0 0 0 0 2 32 34 33 0 1 0 0 2 0 32 34 32 0 2 1 0 1 0 32 34 32 1 0 0 
1
0 0 0 0 1 0 0 2 0 
0 0 0 1 2 2 0 2 1 1 2 0 0 0 0 0 2 1 0 0 0 1 1 0 0 0 0 0 0 0 2 1 0 0 0 0 0 0 0 0 1 0 2 0 0 2 0 1 0 1 0 0 0 0 0 0 2 0 2 1 0 1 0 0 2 0 0 2 0 0 2 1 0 1 0 0 2 0 1 0 0 
0 0 0 1 2 2 0 2 1 1 2 0 0 0 0 0 2 1 0 0 0 1 1 0 0 0 0 0 0 0 18 17 16 0 0 0 0 0 0 16 17 16 2 0 0 2 0 1 16 17 16 0 0 0 0 0 2 32 34 33 0 1 0 0 2 0 32 34 32 0 2 1 0 1 0 32 34 32 1 0 0 
1
0 0 0 0 1 0 0 2 0 
0 0 0 1 2 2 0 2 1 1 2 0 0 0 0 0 2 1 0 0 0 1 1 0 0 0 0 0 0 0 2 1 0 0 2 0 0 0 0 0 1 0 2 0 0 2 0 1 0 1 0 0 0 0 0 0 2 0 2 1 0 1 0 0 2 0 0 2 0 0 2 1 0 1 0 0 2 0 1 0 0 
0 0 0 1 2 2 0 2 1 1 2 0 0 0 0 0 2 1 0 0 0 1 1 0 0 0 0 0 0 0 18 17 16 0 2 0 0 0 0 16 17 16 2 0 0 2 0 1 16 17 16 0 0 0 0 0 2 32 34 33 0 1 0 0 2 0 32 34 32 0 2 1 0 1 0 32 34 32 1 0 0 
1
0 1 0 0 1 0 0 2 0 
0 0 0 1 2 2 0 2 1 1 2 0 0 0 0 0 2 1 0 0 0 1 1 1 0 0 0 0 0 0 2 1 0 0 2 0 0 0 0 0 1 0 2 0 0 2 0 1 0 1 0 0 0 0 0 0 2 0 2 1 0 1 0 0 2 0 0 2 0 0 2 1 0 1 0 0 2 0 1 0 0 
0 0 0 17 18 18 0 2 1 1 2 0 16 16 16 0 2 1 0 0 0 17 17 17 0 0 0 0 0 0 18 17 16 0 2 0 0 0 0 16 17 16 2 0 0 2 0 1 16 17 16 0 0 0 0 0 2 32 34 33 0 1 0 0 2 0 32 34 32 0 2 1 0 1 0 32 34 32 1 0 0 
1
0 1 0 0 1 0 0 2 0 
0 0 0 1 2 2 0 2 1 1 2 0 0 0 0 0 2 1 0 0 0 1 1 1 0 0 0 0 0 0 2 1 0 0 2 0 0 0 0 0 1 0 2 0 0 2 0 1 0 1 0 0 0 0 0 0 2 0 2 1 2 1 0 0 2 0 0 2 0 0 2 1 0 1 0 0 2 0 1 0 0 
0 0 0 17 18 18 0 2 1 1 2 0 16 16 16 0 2 1 0 0 0 17 17 17 0 0 0 0 0 0 18 17 16 0 2 0 0 0 0 16 17 16 2 0 0 2 0 1 16 17 16 0 0 0 0 0 2 32 34 33 2 1 0 0 2 0 32 34 32 0 2 1 0 1 0 32 34 32 1 0 0 
1
0 1 0 0 1 0 0 2 0 
0 0 1 1 2 2 0 2 1 1 2 0 0 0 0 0 2 1 0 0 0 1 1 1 0 0 0 0 0 0 2 1 0 0 2 0 0 0 0 0 1 0 2 0 0 2 0 1 0 1 0 0 0 0 0 0 2 0 2 1 2 1 0 0 2 0 0 2 0 0 2 1 0 1 0 0 2 0 1 0 0 
0 0 1 17 18 18 0 2 1 1 2 0 16 16 16 0 2 1 0 0 0 17 17 17 0 0 0 0 0 0 18 17 16 0 2 0 0 0 0 16 17 16 2 0 0 2 0 1 16 17 16 0 0 0 0 0 2 32 34 33 2 1 0 0 2 0 32 34 32 0 2 1 0 1 0 32 34 32 1 0 0 
1
0 1 2 0 1 0 0 2 0 
0 0 1 1 2 2 0 2 1 1 2 0 0 0 0 0 2 1 0 0 0 1 1 1 0 2 0 0 0 0 2 1 0 0 2 0 0 0 0 0 1 0 2 0 0 2 0 1 0 1 0 0 0 0 0 0 2 0 2 1 2 1 0 0 2 0 0 2 0 0 2 1 0 1 0 0 2 0 1 0 0 
0 0 1 17 18 18 32 34 33 1 2 0 16 16 16 32 34 33 0 0 0 17 17 17 32 34 32 0 0 0 18 17 16 0 2 0 0 0 0 16 17 16 2 0 0 2 0 1 16 17 16 0 0 0 0 0 2 32 34 33 2 1 0 0 2 0 32 34 32 0 2 1 0 1 0 32 34 32 1 0 0 
1
0 1 2 0 1 0 0 2 0 
0 0 1 1 2 2 0 2 1 1 2 0 0 0 0 0 2 1 0 0 0 1 1 1 0 2 0 0 0 0 2 1 0 0 2 0 0 0 0 0 1 0 2 0 0 2 0 1 0 1 0 0 0 0 0 0 2 0 2 1 2 1 0 0 2 0 0 2 0 0 2 1 0 1 0 0 2 0 1 0 1 
0 0 1 17 18 18 32 34 33 1 2 0 16 16 16 32 34 33 0 0 0 17 17 17 32 34 32 0 0 0 18 17 16 0 2 0 0 0 0 16 17 16 2 0 0 2 0 1 16 17 16 0 0 0 0 0 2 32 34 33 2 1 0 0 2 0 32 34 32 0 2 1 0 1 0 32 34 32 1 0 1 
1
0 1 2 0 1 0 0 2 0 
0 0 1 1 2 2 0 2 1 1 2 0 0 0 0 0 2 1 0 0 0 1 1 1 0 2 0 0 0 0 2 1 0 0 2 0 0 0 0 0 1 0 2 0 0 2 0 1 0 1 0 0 0 0 0 0 2 0 2 1 2 1 2 0 2 0 0 2 0 0 2 1 0 1 0 0 2 0 1 0 1 
0 0 1 17 18 18 32 34 33 1 2 0 16 16 16 32 34 33 0 0 0 17 17 17 32 34 32 0 0 0 18 17 16 0 2 0 0 0 0 16 17 16 2 0 0 2 0 1 16 17 16 0 0 0 0 0 2 32 34 33 2 1 2 0 2 0 32 34 32 0 2 1 0 1 0 32 34 32 1 0 1 
1
0 1 2 0 1 0 0 2 1 
0 0 1 1 2 2 0 2 1 1 2 0 0 0 0 0 2 1 0 0 0 1 1 1 0 2 0 0 0 0 2 1 0 0 2 0 0 0 0 0 1 0 2 0 0 2 0 1 0 1 0 0 0 0 0 0 2 0 2 1 2 1 2 0 2 0 0 2 0 0 2 1 0 1 0 0 2 0 1 1 1 
0 0 1 17 18 18 32 34 33 1 2 0 16 16 16 32 34 33 0 0 0 17 17 17 32 34 32 0 0 0 18 17 16 0 2 0 0 0 0 16 17 16 2 0 0 2 0 1 16 17 16 0 0 0 0 0 2 32 34 33 18 17 18 0 2 0 32 34 32 16 18 17 0 1 0 32 34 32 17 17 17 
1
0 1 2 0 1 0 0 2 1 
0 0 1 1 2 2 0 2 1 1 2 0 0 0 0 0 2 1 0 0 2 1 1 1 0 2 0 0 0 0 2 1 0 0 2 0 0 0 0 0 1 0 2 0 0 2 0 1 0 1 0 0 0 0 0 0 2 0 2 1 2 1 2 0 2 0 0 2 0 0 2 1 0 1 0 0 2 0 1 1 1 
0 0 1 17 18 18 32 34 33 1 2 0 16 16 16 32 34 33 0 0 2 17 17 17 32 34 32 0 0 0 18 17 16 0 2 0 0 0 0 16 17 16 2 0 0 2 0 1 16 17 16 0 0 0 0 0 2 32 34 33 18 17 18 0 2 0 32 34 32 16 18 17 0 1 0 32 34 32 17 17 17 
1
0 1 2 0 1 0 0 2 1 
0 0 1 1 2 2 0 2 1 1 2 0 0 0 0 0 2 1 1 0 2 1 1 1 0 2 0 0 0 0 2 1 0 0 2 0 0 0 0 0 1 0 2 0 0 2 0 1 0 1 0 0 0 0 0 0 2 0 2 1 2 1 2 0 2 0 0 2 0 0 2 1 0 1 0 0 2 0 1 1 1 
0 0 1 17 18 18 32 34 33 1 2 0 16 16 16 32 34 33 1 0 2 17 17 17 32 34 32 0 0 0 18 17 16 0 2 0 0 0 0 16 17 16 2 0 0 2 0 1 16 17 16 0 0 0 0 0 2 32 34 33 18 17 18 0 2 0 32 34 32 16 18 17 0 1 0 32 34 32 17 17 17 
1
0 1 2 0 1 0 2 2 1 
0 0 1 1 2 2 0 2 1 1 2 0 0 0 0 0 2 1 1 0 2 1 1 1 0 2 0 0 0 0 2 1 0 0 2 0 0 0 0 0 1 0 2 0 0 2 0 1 0 1 0 0 0 0 0 0 2 0 2 1 2 1 2 0 2 0 0 2 0 0 2 1 2 1 0 0 2 0 1 1 1 
0 0 1 17 18 18 32 34 33 1 2 0 16 16 16 32 34 33 1 0 2 17 17 17 32 34 32 0 0 0 18 17 16 0 2 0 0 0 0 16 17 16 2 0 0 2 0 1 16 17 16 0 0 0 32 32 34 32 34 33 18 17 18 32 34 32 32 34 32 16 18 17 34 33 32 32 34 32 17 17 17 
1
1 1 2 0 1 0 2 2 1 
1 0 1 1 2 2 0 2 1 1 2 0 0 0 0 0 2 1 1 0 2 1 1 1 0 2 0 0 0 0 2 1 0 0 2 0 0 0 0 0 1 0 2 0 0 2 0 1 0 1 0 0 0 0 0 0 2 0 2 1 2 1 2 0 2 0 0 2 0 0 2 1 2 1 0 0 2 0 1 1 1 
17 16 17 17 18 18 32 34 33 17 18 16 16 16 16 32 34 33 17 16 18 17 17 17 32 34 32 0 0 0 18 17 16 0 2 0 0 0 0 16 17 16 2 0 0 2 0 1 16 17 16 0 0 0 32 32 34 32 34 33 18 17 18 32 34 32 32 34 32 16 18 17 34 33 32 32 34 32 17 17 17 
1
1 1 2 0 1 0 2 2 1 
1 0 1 1 2 2 0 2 1 1 2 0 0 0 0 0 2 1 1 0 2 1 1 1 0 2 0 0 0 0 2 1 0 0 2 0 0 0 0 0 1 0 2 0 0 2 0 1 0 1 0 0 0 0 0 0 2 0 2 1 2 1 2 0 2 0 0 2 0 0 2 1 2 1 0 0 2 0 1 1 1 
17 16 17 17 18 18 32 34 33 17 18 16 16 16 16 32 34 33 17 16 18 17 17 17 32 34 32 0 0 0 18 17 16 0 2 0 0 0 0 16 17 16 2 0 0 2 0 1 16 17 16 0 0 0 32 32 34 32 34 33 18 17 18 32 34 32 32 34 32 16 18 17 34 33 32 32 34 32 17 17 17 
1
