0 0 0 0 0 0 0 0 0 
0 0 0 0 0 0 0 0 0 0 0 0 0 0 0 0 0 0 0 0 1 0 0 0 0 0 0 0 0 0 0 0 0 0 0 0 0 0 0 0 0 0 0 0 0 0 0 0 0 0 0 0 0 0 0 0 0 0 0 0 0 0 0 0 0 0 0 0 0 0 0 0 0 0 0 0 0 0 0 0 0 
0 0 0 0 0 0 0 0 0 0 0 0 0 0 0 0 0 0 0 0 1 0 0 0 0 0 0 0 0 0 0 0 0 0 0 0 0 0 0 0 0 0 0 0 0 0 0 0 0 0 0 0 0 0 0 0 0 0 0 0 0 0 0 0 0 0 0 0 0 0 0 0 0 0 0 0 0 0 0 0 0 
0
0 0 0 0 0 0 0 0 0 
0 0 0 0 0 0 0 0 0 0 0 0 0 0 0 0 0 0 0 0 1 0 0 0 0 0 0 0 0 0 0 0 0 0 0 0 0 0 0 0 0 0 0 0 0 0 0 0 0 0 0 0 0 0 0 0 0 0 0 0 0 0 0 0 0 0 0 0 0 0 0 0 0 0 0 0 0 0 2 0 0 
0 0 0 0 0 0 0 0 0 0 0 0 0 0 0 0 0 0 0 0 1 0 0 0 0 0 0 0 0 0 0 0 0 0 0 0 0 0 0 0 0 0 0 0 0 0 0 0 0 0 0 0 0 0 0 0 0 0 0 0 0 0 0 0 0 0 0 0 0 0 0 0 0 0 0 0 0 0 2 0 0 
0
0 0 0 0 0 0 0 0 0 
0 0 0 0 0 0 0 0 0 0 0 0 0 0 0 0 0 0 0 0 1 0 0 0 0 0 0 0 0 0 0 0 0 0 0 0 0 0 0 0 0 0 0 0 0 0 0 0 0 0 0 0 0 0 0 0 0 0 0 0 0 0 0 0 0 0 0 0 0 0 0 0 1 0 0 0 0 0 2 0 0 
0 0 0 0 0 0 0 0 0 0 0 0 0 0 0 0 0 0 0 0 1 0 0 0 0 0 0 0 0 0 0 0 0 0 0 0 0 0 0 0 0 0 0 0 0 0 0 0 0 0 0 0 0 0 0 0 0 0 0 0 0 0 0 0 0 0 0 0 0 0 0 0 1 0 0 0 0 0 2 0 0 
0
0 0 0 0 0 0 0 0 0 
0 0 0 0 0 0 0 0 0 0 0 0 0 0 0 0 0 0 0 0 1 0 0 0 0 0 0 0 0 0 0 0 0 0 0 0 0 0 0 0 0 0 0 0 0 0 0 0 0 0 0 0 0 0 0 0 0 0 0 0 0 0 0 0 0 0 0 0 0 0 0 0 1 2 0 0 0 0 2 0 0 
0 0 0 0 0 0 0 0 0 0 0 0 0 0 0 0 0 0 0 0 1 0 0 0 0 0 0 0 0 0 0 0 0 0 0 0 0 0 0 0 0 0 0 0 0 0 0 0 0 0 0 0 0 0 0 0 0 0 0 0 0 0 0 0 0 0 0 0 0 0 0 0 1 2 0 0 0 0 2 0 0 
0
0 0 0 0 0 0 0 0 0 
0 0 0 0 0 0 0 0 0 0 0 0 0 0 0 0 0 0 0 0 1 0 0 0 0 0 0 0 0 0 0 0 0 0 0 0 0 0 0 0 0 0 0 0 0 0 0 0 0 0 0 0 0 0 0 0 0 1 0 0 0 0 0 0 0 0 0 0 0 0 0 0 1 2 0 0 0 0 2 0 0 
0 0 0 0 0 0 0 0 0 0 0 0 0 0 0 0 0 0 0 0 1 0 0 0 0 0 0 0 0 0 0 0 0 0 0 0 0 0 0 0 0 0 0 0 0 0 0 0 0 0 0 0 0 0 0 0 0 1 0 0 0 0 0 0 0 0 0 0 0 0 0 0 1 2 0 0 0 0 2 0 0 
0
0 0 0 0 0 0 0 0 0 
0 2 0 0 0 0 0 0 0 0 0 0 0 0 0 0 0 0 0 0 1 0 0 0 0 0 0 0 0 0 0 0 0 0 0 0 0 0 0 0 0 0 0 0 0 0 0 0 0 0 0 0 0 0 0 0 0 1 0 0 0 0 0 0 0 0 0 0 0 0 0 0 1 2 0 0 0 0 2 0 0 
0 2 0 0 0 0 0 0 0 0 0 0 0 0 0 0 0 0 0 0 1 0 0 0 0 0 0 0 0 0 0 0 0 0 0 0 0 0 0 0 0 0 0 0 0 0 0 0 0 0 0 0 0 0 0 0 0 1 0 0 0 0 0 0 0 0 0 0 0 0 0 0 1 2 0 0 0 0 2 0 0 
0
0 0 0 0 0 0 0 0 0 
0 2 0 0 0 1 0 0 0 0 0 0 0 0 0 0 0 0 0 0 1 0 0 0 0 0 0 0 0 0 0 0 0 0 0 0 0 0 0 0 0 0 0 0 0 0 0 0 0 0 0 0 0 0 0 0 0 1 0 0 0 0 0 0 0 0 0 0 0 0 0 0 1 2 0 0 0 0 2 0 0 
0 2 0 0 0 1 0 0 0 0 0 0 0 0 0 0 0 0 0 0 1 0 0 0 0 0 0 0 0 0 0 0 0 0 0 0 0 0 0 0 0 0 0 0 0 0 0 0 0 0 0 0 0 0 0 0 0 1 0 0 0 0 0 0 0 0 0 0 0 0 0 0 1 2 0 0 0 0 2 0 0 
0
0 0 0 0 0 0 0 0 0 
0 2 0 0 0 1 0 0 2 0 0 0 0 0 0 0 0 0 0 0 1 0 0 0 0 0 0 0 0 0 0 0 0 0 0 0 0 0 0 0 0 0 0 0 0 0 0 0 0 0 0 0 0 0 0 0 0 1 0 0 0 0 0 0 0 0 0 0 0 0 0 0 1 2 0 0 0 0 2 0 0 
0 2 0 0 0 1 0 0 2 0 0 0 0 0 0 0 0 0 0 0 1 0 0 0 0 0 0 0 0 0 0 0 0 0 0 0 0 0 0 0 0 0 0 0 0 0 0 0 0 0 0 0 0 0 0 0 0 1 0 0 0 0 0 0 0 0 0 0 0 0 0 0 1 2 0 0 0 0 2 0 0 
0
0 0 0 0 0 0 0 0 0 
0 2 0 0 0 1 0 0 2 0 0 0 0 0 0 0 0 0 0 0 1 0 0 0 1 0 0 0 0 0 0 0 0 0 0 0 0 0 0 0 0 0 0 0 0 0 0 0 0 0 0 0 0 0 0 0 0 1 0 0 0 0 0 0 0 0 0 0 0 0 0 0 1 2 0 0 0 0 2 0 0 
0 2 0 0 0 1 0 0 2 0 0 0 0 0 0 0 0 0 0 0 1 0 0 0 1 0 0 0 0 0 0 0 0 0 0 0 0 0 0 0 0 0 0 0 0 0 0 0 0 0 0 0 0 0 0 0 0 1 0 0 0 0 0 0 0 0 0 0 0 0 0 0 1 2 0 0 0 0 2 0 0 
0
0 0 0 0 0 0 0 0 0 
0 2 0 0 0 1 0 0 2 0 0 0 0 0 0 0 0 0 0 0 1 0 0 0 1 0 0 0 0 0 0 0 0 0 0 0 0 0 0 0 0 0 0 0 0 0 0 0 0 0 0 0 0 0 0 0 0 1 0 0 0 0 0 0 2 0 0 0 0 0 0 0 1 2 0 0 0 0 2 0 0 
0 2 0 0 0 1 0 0 2 0 0 0 0 0 0 0 0 0 0 0 1 0 0 0 1 0 0 0 0 0 0 0 0 0 0 0 0 0 0 0 0 0 0 0 0 0 0 0 0 0 0 0 0 0 0 0 0 1 0 0 0 0 0 0 2 0 0 0 0 0 0 0 1 2 0 0 0 0 2 0 0 
0
0 0 0 0 0 0 0 0 0 
0 2 0 0 0 1 0 0 2 0 0 0 0 0 0 0 0 0 0 0 1 0 0 0 1 0 0 0 0 0 0 0 0 0 0 0 0 0 0 1 0 0 0 0 0 0 0 0 0 0 0 0 0 0 0 0 0 1 0 0 0 0 0 0 2 0 0 0 0 0 0 0 1 2 0 0 0 0 2 0 0 
0 2 0 0 0 1 0 0 2 0 0 0 0 0 0 0 0 0 0 0 1 0 0 0 1 0 0 0 0 0 0 0 0 0 0 0 0 0 0 1 0 0 0 0 0 0 0 0 0 0 0 0 0 0 0 0 0 1 0 0 0 0 0 0 2 0 0 0 0 0 0 0 1 2 0 0 0 0 2 0 0 
0
0 0 0 0 0 0 0 0 0 
0 2 0 0 0 1 0 0 2 0 0 0 0 0 0 0 0 0 0 0 1 0 0 0 1 0 0 0 0 2 0 0 0 0 0 0 0 0 0 1 0 0 0 0 0 0 0 0 0 0 0 0 0 0 0 0 0 1 0 0 0 0 0 0 2 0 0 0 0 0 0 0 1 2 0 0 0 0 2 0 0 
0 2 0 0 0 1 0 0 2 0 0 0 0 0 0 0 0 0 0 0 1 0 0 0 1 0 0 0 0 2 0 0 0 0 0 0 0 0 0 1 0 0 0 0 0 0 0 0 0 0 0 0 0 0 0 0 0 1 0 0 0 0 0 0 2 0 0 0 0 0 0 0 1 2 0 0 0 0 2 0 0 
0
0 0 0 0 0 0 0 0 0 
0 2 0 0 0 1 0 0 2 0 0 0 0 0 0 0 1 0 0 0 1 0 0 0 1 0 0 0 0 2 0 0 0 0 0 0 0 0 0 1 0 0 0 0 0 0 0 0 0 0 0 0 0 0 0 0 0 1 0 0 0 0 0 0 2 0 0 0 0 0 0 0 1 2 0 0 0 0 2 0 0 
0 2 0 0 0 1 0 0 2 0 0 0 0 0 0 0 1 0 0 0 1 0 0 0 1 0 0 0 0 2 0 0 0 0 0 0 0 0 0 1 0 0 0 0 0 0 0 0 0 0 0 0 0 0 0 0 0 1 0 0 0 0 0 0 2 0 0 0 0 0 0 0 1 2 0 0 0 0 2 0 0 
0
0 0 0 0 0 0 0 0 0 
0 2 0 0 0 1 0 0 2 0 0 0 0 0 0 0 1 0 0 0 1 0 0 0 1 0 0 0 0 2 0 0 0 0 0 0 0 0 0 1 0 2 0 0 0 0 0 0 0 0 0 0 0 0 0 0 0 1 0 0 0 0 0 0 2 0 0 0 0 0 0 0 1 2 0 0 0 0 2 0 0 
0 2 0 0 0 1 0 0 2 0 0 0 0 0 0 0 1 0 0 0 1 0 0 0 1 0 0 0 0 2 0 0 0 0 0 0 0 0 0 1 0 2 0 0 0 0 0 0 0 0 0 0 0 0 0 0 0 1 0 0 0 0 0 0 2 0 0 0 0 0 0 0 1 2 0 0 0 0 2 0 0 
0
0 0 0 0 0 0 0 0 0 
0 2 0 0 0 1 0 0 2 0 0 0 0 0 0 0 1 0 0 0 1 0 0 0 1 0 0 0 0 2 0 0 0 0 0 0 0 0 0 1 0 2 0 0 1 0 0 0 0 0 0 0 0 0 0 0 0 1 0 0 0 0 0 0 2 0 0 0 0 0 0 0 1 2 0 0 0 0 2 0 0 
0 2 0 0 0 1 0 0 2 0 0 0 0 0 0 0 1 0 0 0 1 0 0 0 1 0 0 0 0 2 0 0 0 0 0 0 0 0 0 1 0 2 0 0 1 0 0 0 0 0 0 0 0 0 0 0 0 1 0 0 0 0 0 0 2 0 0 0 0 0 0 0 1 2 0 0 0 0 2 0 0 
0
0 0 0 0 0 0 0 0 0 
0 2 0 0 0 1 0 0 2 0 0 0 0 0 0 0 1 0 0 0 1 0 0 0 1 0 0 0 0 2 0 0 0 2 0 0 0 0 0 1 0 2 0 0 1 0 0 0 0 0 0 0 0 0 0 0 0 1 0 0 0 0 0 0 2 0 0 0 0 0 0 0 1 2 0 0 0 0 2 0 0 
0 2 0 0 0 1 0 0 2 0 0 0 0 0 0 0 1 0 0 0 1 0 0 0 1 0 0 0 0 2 0 0 0 2 0 0 0 0 0 1 0 2 0 0 1 0 0 0 0 0 0 0 0 0 0 0 0 1 0 0 0 0 0 0 2 0 0 0 0 0 0 0 1 2 0 0 0 0 2 0 0 
0
0 0 0 0 0 0 0 0 0 
0 2 0 0 0 1 0 0 2 0 1 0 0 0 0 0 1 0 0 0 1 0 0 0 1 0 0 0 0 2 0 0 0 2 0 0 0 0 0 1 0 2 0 0 1 0 0 0 0 0 0 0 0 0 0 0 0 1 0 0 0 0 0 0 2 0 0 0 0 0 0 0 1 2 0 0 0 0 2 0 0 
0 2 0 0 0 1 0 0 2 0 1 0 0 0 0 0 1 0 0 0 1 0 0 0 1 0 0 0 0 2 0 0 0 2 0 0 0 0 0 1 0 2 0 0 1 0 0 0 0 0 0 0 0 0 0 0 0 1 0 0 0 0 0 0 2 0 0 0 0 0 0 0 1 2 0 0 0 0 2 0 0 
0
0 0 0 0 0 0 0 0 0 
0 2 0 0 0 1 0 0 2 0 1 0 0 0 0 0 1 0 0 0 1 0 0 0 1 0 0 0 0 2 0 0 0 2 0 0 0 0 0 1 0 2 0 0 1 0 0 0 0 0 2 0 0 0 0 0 0 1 0 0 0 0 0 0 2 0 0 0 0 0 0 0 1 2 0 0 0 0 2 0 0 
0 2 0 0 0 1 0 0 2 0 1 0 0 0 0 0 1 0 0 0 1 0 0 0 1 0 0 0 0 2 0 0 0 2 0 0 0 0 0 1 0 2 0 0 1 0 0 0 0 0 2 0 0 0 0 0 0 1 0 0 0 0 0 0 2 0 0 0 0 0 0 0 1 2 0 0 0 0 2 0 0 
0
0 0 0 0 0 0 0 0 0 
0 2 0 0 0 1 0 0 2 0 1 0 0 0 0 0 1 0 0 0 1 0 0 0 1 0 0 0 0 2 0 0 0 2 0 0 0 0 0 1 0 2 0 0 1 0 0 0 0 0 2 0 0 0 0 0 0 1 0 0 0 0 1 0 2 0 0 0 0 0 0 0 1 2 0 0 0 0 2 0 0 
0 2 0 0 0 1 0 0 2 0 1 0 0 0 0 0 1 0 0 0 1 0 0 0 1 0 0 0 0 2 0 0 0 2 0 0 0 0 0 1 0 2 0 0 1 0 0 0 0 0 2 0 0 0 0 0 0 1 0 0 0 0 1 0 2 0 0 0 0 0 0 0 1 2 0 0 0 0 2 0 0 
0
0 0 0 0 0 0 0 0 0 
0 2 0 0 0 1 0 0 2 0 1 0 0 0 0 2 1 0 0 0 1 0 0 0 1 0 0 0 0 2 0 0 0 2 0 0 0 0 0 1 0 2 0 0 1 0 0 0 0 0 2 0 0 0 0 0 0 1 0 0 0 0 1 0 2 0 0 0 0 0 0 0 1 2 0 0 0 0 2 0 0 
0 2 0 0 0 1 0 0 2 0 1 0 0 0 0 2 1 0 0 0 1 0 0 0 1 0 0 0 0 2 0 0 0 2 0 0 0 0 0 1 0 2 0 0 1 0 0 0 0 0 2 0 0 0 0 0 0 1 0 0 0 0 1 0 2 0 0 0 0 0 0 0 1 2 0 0 0 0 2 0 0 
0
0 0 0 0 0 0 0 0 0 
0 2 0 0 0 1 0 0 2 0 1 0 0 0 0 2 1 0 0 0 1 0 0 0 1 0 0 1 0 2 0 0 0 2 0 0 0 0 0 1 0 2 0 0 1 0 0 0 0 0 2 0 0 0 0 0 0 1 0 0 0 0 1 0 2 0 0 0 0 0 0 0 1 2 0 0 0 0 2 0 0 
0 2 0 0 0 1 0 0 2 0 1 0 0 0 0 2 1 0 0 0 1 0 0 0 1 0 0 1 0 2 0 0 0 2 0 0 0 0 0 1 0 2 0 0 1 0 0 0 0 0 2 0 0 0 0 0 0 1 0 0 0 0 1 0 2 0 0 0 0 0 0 0 1 2 0 0 0 0 2 0 0 
0
0 0 0 0 0 0 0 0 0 
0 2 0 0 0 1 0 0 2 0 1 0 0 0 0 2 1 0 0 2 1 0 0 0 1 0 0 1 0 2 0 0 0 2 0 0 0 0 0 1 0 2 0 0 1 0 0 0 0 0 2 0 0 0 0 0 0 1 0 0 0 0 1 0 2 0 0 0 0 0 0 0 1 2 0 0 0 0 2 0 0 
0 2 0 0 0 1 0 0 2 0 1 0 0 0 0 2 1 0 0 2 1 0 0 0 1 0 0 1 0 2 0 0 0 2 0 0 0 0 0 1 0 2 0 0 1 0 0 0 0 0 2 0 0 0 0 0 0 1 0 0 0 0 1 0 2 0 0 0 0 0 0 0 1 2 0 0 0 0 2 0 0 
0
0 0 0 0 0 0 0 0 0 
0 2 0 0 0 1 0 0 2 0 1 0 0 0 0 2 1 0 0 2 1 0 0 0 1 0 0 1 0 2 0 0 0 2 0 0 0 0 0 1 0 2 0 0 1 0 0 0 0 0 2 0 0 0 0 0 0 1 0 0 0 0 1 0 2 0 0 0 0 0 0 0 1 2 0 0 0 1 2 0 0 
0 2 0 0 0 1 0 0 2 0 1 0 0 0 0 2 1 0 0 2 1 0 0 0 1 0 0 1 0 2 0 0 0 2 0 0 0 0 0 1 0 2 0 0 1 0 0 0 0 0 2 0 0 0 0 0 0 1 0 0 0 0 1 0 2 0 0 0 0 0 0 0 1 2 0 0 0 1 2 0 0 
0
0 0 0 0 0 0 0 0 0 
0 2 0 0 0 1 0 0 2 0 1 0 0 0 0 2 1 0 0 2 1 0 0 0 1 0 0 1 0 2 0 0 0 2 0 0 0 0 0 1 0 2 0 0 1 0 0 0 0 0 2 0 0 0 0 0 0 1 0 0 0 0 1 0 2 0 0 0 0 2 0 0 1 2 0 0 0 1 2 0 0 
0 2 0 0 0 1 0 0 2 0 1 0 0 0 0 2 1 0 0 2 1 0 0 0 1 0 0 1 0 2 0 0 0 2 0 0 0 0 0 1 0 2 0 0 1 0 0 0 0 0 2 0 0 0 0 0 0 1 0 0 0 0 1 0 2 0 0 0 0 2 0 0 1 2 0 0 0 1 2 0 0 
0
0 0 0 0 0 0 0 0 0 
0 2 0 0 0 1 0 0 2 0 1 0 0 0 0 2 1 0 0 2 1 0 0 0 1 0 0 1 0 2 0 0 0 2 0 0 1 0 0 1 0 2 0 0 1 0 0 0 0 0 2 0 0 0 0 0 0 1 0 0 0 0 1 0 2 0 0 0 0 2 0 0 1 2 0 0 0 1 2 0 0 
0 2 0 0 0 1 0 0 2 0 1 0 0 0 0 2 1 0 0 2 1 0 0 0 1 0 0 1 0 2 0 0 0 2 0 0 1 0 0 1 0 2 0 0 1 0 0 0 0 0 2 0 0 0 0 0 0 1 0 0 0 0 1 0 2 0 0 0 0 2 0 0 1 2 0 0 0 1 2 0 0 
0
0 0 0 0 0 0 0 0 0 
0 2 0 0 0 1 0 0 2 0 1 0 0 0 0 2 1 0 0 2 1 0 0 0 1 0 0 1 0 2 0 0 0 2 0 0 1 0 0 1 0 2 0 0 1 0 0 2 0 0 2 0 0 0 0 0 0 1 0 0 0 0 1 0 2 0 0 0 0 2 0 0 1 2 0 0 0 1 2 0 0 
0 2 0 0 0 1 0 0 2 0 1 0 0 0 0 2 1 0 0 2 1 0 0 0 1 0 0 1 0 2 0 0 0 2 0 0 1 0 0 1 0 2 0 0 1 0 0 2 0 0 2 0 0 0 0 0 0 1 0 0 0 0 1 0 2 0 0 0 0 2 0 0 1 2 0 0 0 1 2 0 0 
0
0 0 0 0 0 0 0 0 0 
0 2 0 0 0 1 0 0 2 0 1 0 0 0 0 2 1 0 0 2 1 0 0 0 1 0 0 1 0 2 0 0 0 2 0 0 1 0 0 1 0 2 0 0 1 0 0 2 0 0 2 0 0 0 0 0 0 1 0 0 1 0 1 0 2 0 0 0 0 2 0 0 1 2 0 0 0 1 2 0 0 
0 2 0 0 0 1 0 0 2 0 1 0 0 0 0 2 1 0 0 2 1 0 0 0 1 0 0 1 0 2 0 0 0 2 0 0 1 0 0 1 0 2 0 0 1 0 0 2 0 0 2 0 0 0 0 0 0 1 0 0 1 0 1 0 2 0 0 0 0 2 0 0 1 2 0 0 0 1 2 0 0 
0
0 0 0 0 0 0 0 0 0 
0 2 0 0 0 1 0 0 2 2 1 0 0 0 0 2 1 0 0 2 1 0 0 0 1 0 0 1 0 2 0 0 0 2 0 0 1 0 0 1 0 2 0 0 1 0 0 2 0 0 2 0 0 0 0 0 0 1 0 0 1 0 1 0 2 0 0 0 0 2 0 0 1 2 0 0 0 1 2 0 0 
0 2 0 0 0 1 0 0 2 2 1 0 0 0 0 2 1 0 0 2 1 0 0 0 1 0 0 1 0 2 0 0 0 2 0 0 1 0 0 1 0 2 0 0 1 0 0 2 0 0 2 0 0 0 0 0 0 1 0 0 1 0 1 0 2 0 0 0 0 2 0 0 1 2 0 0 0 1 2 0 0 
0
0 0 0 0 0 0 0 0 0 
0 2 0 0 0 1 0 0 2 2 1 0 0 0 0 2 1 0 0 2 1 0 0 0 1 0 0 1 0 2 0 0 0 2 0 0 1 0 0 1 0 2 0 0 1 0 1 2 0 0 2 0 0 0 0 0 0 1 0 0 1 0 1 0 2 0 0 0 0 2 0 0 1 2 0 0 0 1 2 0 0 
0 2 0 0 0 1 0 0 2 2 1 0 0 0 0 2 1 0 0 2 1 0 0 0 1 0 0 1 0 2 0 0 0 2 0 0 1 0 0 1 0 2 0 0 1 0 1 2 0 0 2 0 0 0 0 0 0 1 0 0 1 0 1 0 2 0 0 0 0 2 0 0 1 2 0 0 0 1 2 0 0 
0
0 0 0 0 0 0 0 0 0 
0 2 0 0 0 1 0 0 2 2 1 0 0 0 0 2 1 0 0 2 1 0 0 0 1 0 0 1 0 2 0 0 0 2 0 0 1 0 0 1 0 2 0 0 1 0 1 2 0 0 2 0 0 0 0 0 0 1 0 0 1 0 1 0 2 0 0 0 2 2 0 0 1 2 0 0 0 1 2 0 0 
0 2 0 0 0 1 0 0 2 2 1 0 0 0 0 2 1 0 0 2 1 0 0 0 1 0 0 1 0 2 0 0 0 2 0 0 1 0 0 1 0 2 0 0 1 0 1 2 0 0 2 0 0 0 0 0 0 1 0 0 1 0 1 0 2 0 0 0 2 2 0 0 1 2 0 0 0 1 2 0 0 
0
0 0 0 0 0 0 0 0 0 
0 2 0 0 0 1 0 0 2 2 1 0 0 0 0 2 1 0 0 2 1 0 0 0 1 0 0 1 0 2 0 0 0 2 1 0 1 0 0 1 0 2 0 0 1 0 1 2 0 0 2 0 0 0 0 0 0 1 0 0 1 0 1 0 2 0 0 0 2 2 0 0 1 2 0 0 0 1 2 0 0 
0 2 0 0 0 1 0 0 2 2 1 0 0 0 0 2 1 0 0 2 1 0 0 0 1 0 0 1 0 2 0 0 0 2 1 0 1 0 0 1 0 2 0 0 1 0 1 2 0 0 2 0 0 0 0 0 0 1 0 0 1 0 1 0 2 0 0 0 2 2 0 0 1 2 0 0 0 1 2 0 0 
0
0 0 0 0 0 0 0 0 0 
0 2 0 0 0 1 0 0 2 2 1 0 0 0 0 2 1 0 0 2 1 0 0 2 1 0 0 1 0 2 0 0 0 2 1 0 1 0 0 1 0 2 0 0 1 0 1 2 0 0 2 0 0 0 0 0 0 1 0 0 1 0 1 0 2 0 0 0 2 2 0 0 1 2 0 0 0 1 2 0 0 
0 2 0 0 0 1 0 0 2 2 1 0 0 0 0 2 1 0 0 2 1 0 0 2 1 0 0 1 0 2 0 0 0 2 1 0 1 0 0 1 0 2 0 0 1 0 1 2 0 0 2 0 0 0 0 0 0 1 0 0 1 0 1 0 2 0 0 0 2 2 0 0 1 2 0 0 0 1 2 0 0 
0
0 0 0 0 0 0 0 0 0 
0 2 0 0 0 1 0 0 2 2 1 0 0 0 0 2 1 0 0 2 1 0 0 2 1 0 0 1 0 2 0 0 0 2 1 0 1 0 0 1 0 2 0 0 1 0 1 2 0 0 2 0 0 0 0 0 0 1 0 0 1 0 1 0 2 0 0 0 2 2 0 1 1 2 0 0 0 1 2 0 0 
0 2 0 0 0 1 0 0 2 2 1 0 0 0 0 2 1 0 0 2 1 0 0 2 1 0 0 1 0 2 0 0 0 2 1 0 1 0 0 1 0 2 0 0 1 0 1 2 0 0 2 0 0 0 0 0 0 1 0 0 1 0 1 0 2 0 0 0 2 2 0 1 1 2 0 0 0 1 2 0 0 
0
0 0 0 0 0 0 0 0 0 
0 2 0 0 0 1 0 0 2 2 1 0 0 0 0 2 1 0 0 2 1 0 0 2 1 0 0 1 0 2 0 0 0 2 1 0 1 0 0 1 0 2 0 0 1 0 1 2 0 0 2 0 2 0 0 0 0 1 0 0 1 0 1 0 2 0 0 0 2 2 0 1 1 2 0 0 0 1 2 0 0 
0 2 0 0 0 1 0 0 2 2 1 0 0 0 0 2 1 0 0 2 1 0 0 2 1 0 0 1 0 2 0 0 0 2 1 0 1 0 0 1 0 2 0 0 1 0 1 2 0 0 2 0 2 0 0 0 0 1 0 0 1 0 1 0 2 0 0 0 2 2 0 1 1 2 0 0 0 1 2 0 0 
0
0 0 0 0 0 0 0 0 0 
0 2 0 0 0 1 0 0 2 2 1 0 0 0 0 2 1 0 0 2 1 0 0 2 1 0 0 1 0 2 0 0 0 2 1 0 1 0 0 1 0 2 0 0 1 0 1 2 0 0 2 0 2 0 0 0 0 1 0 1 1 0 1 0 2 0 0 0 2 2 0 1 1 2 0 0 0 1 2 0 0 
0 2 0 0 0 1 0 0 2 2 1 0 0 0 0 2 1 0 0 2 1 0 0 2 1 0 0 1 0 2 0 0 0 2 1 0 1 0 0 1 0 2 0 0 1 0 1 2 0 0 2 0 2 0 0 0 0 1 0 1 1 0 1 0 2 0 0 0 2 2 0 1 1 2 0 0 0 1 2 0 0 
0
0 0 0 0 0 0 0 0 0 
0 2 0 0 0 1 2 0 2 2 1 0 0 0 0 2 1 0 0 2 1 0 0 2 1 0 0 1 0 2 0 0 0 2 1 0 1 0 0 1 0 2 0 0 1 0 1 2 0 0 2 0 2 0 0 0 0 1 0 1 1 0 1 0 2 0 0 0 2 2 0 1 1 2 0 0 0 1 2 0 0 
0 2 0 0 0 1 2 0 2 2 1 0 0 0 0 2 1 0 0 2 1 0 0 2 1 0 0 1 0 2 0 0 0 2 1 0 1 0 0 1 0 2 0 0 1 0 1 2 0 0 2 0 2 0 0 0 0 1 0 1 1 0 1 0 2 0 0 0 2 2 0 1 1 2 0 0 0 1 2 0 0 
0
0 0 0 0 0 0 0 0 0 
0 2 1 0 0 1 2 0 2 2 1 0 0 0 0 2 1 0 0 2 1 0 0 2 1 0 0 1 0 2 0 0 0 2 1 0 1 0 0 1 0 2 0 0 1 0 1 2 0 0 2 0 2 0 0 0 0 1 0 1 1 0 1 0 2 0 0 0 2 2 0 1 1 2 0 0 0 1 2 0 0 
0 2 1 0 0 1 2 0 2 2 1 0 0 0 0 2 1 0 0 2 1 0 0 2 1 0 0 1 0 2 0 0 0 2 1 0 1 0 0 1 0 2 0 0 1 0 1 2 0 0 2 0 2 0 0 0 0 1 0 1 1 0 1 0 2 0 0 0 2 2 0 1 1 2 0 0 0 1 2 0 0 
0
0 0 0 0 0 0 0 0 0 
0 2 1 0 0 1 2 0 2 2 1 0 0 0 0 2 1 0 0 2 1 0 0 2 1 0 2 1 0 2 0 0 0 2 1 0 1 0 0 1 0 2 0 0 1 0 1 2 0 0 2 0 2 0 0 0 0 1 0 1 1 0 1 0 2 0 0 0 2 2 0 1 1 2 0 0 0 1 2 0 0 
0 2 1 0 0 1 2 0 2 2 1 0 0 0 0 2 1 0 0 2 1 0 0 2 1 0 2 1 0 2 0 0 0 2 1 0 1 0 0 1 0 2 0 0 1 0 1 2 0 0 2 0 2 0 0 0 0 1 0 1 1 0 1 0 2 0 0 0 2 2 0 1 1 2 0 0 0 1 2 0 0 
0
0 0 0 0 0 0 0 0 0 
0 2 1 0 0 1 2 0 2 2 1 0 0 0 0 2 1 0 0 2 1 0 0 2 1 0 2 1 0 2 0 0 0 2 1 0 1 0 0 1 0 2 0 0 1 0 1 2 0 0 2 0 2 0 0 0 0 1 0 1 1 0 1 0 2 0 0 0 2 2 0 1 1 2 0 0 0 1 2 1 0 
0 2 1 0 0 1 2 0 2 2 1 0 0 0 0 2 1 0 0 2 1 0 0 2 1 0 2 1 0 2 0 0 0 2 1 0 1 0 0 1 0 2 0 0 1 0 1 2 0 0 2 0 2 0 0 0 0 1 0 1 1 0 1 0 2 0 0 0 2 2 0 1 1 2 0 0 0 1 2 1 0 
0
0 0 0 0 0 0 0 0 0 
0 2 1 0 0 1 2 0 2 2 1 0 0 0 0 2 1 0 0 2 1 0 0 2 1 0 2 1 0 2 0 0 0 2 1 0 1 0 0 1 0 2 0 0 1 0 1 2 0 0 2 0 2 0 0 0 0 1 2 1 1 0 1 0 2 0 0 0 2 2 0 1 1 2 0 0 0 1 2 1 0 
0 2 1 0 0 1 2 0 2 2 1 0 0 0 0 2 1 0 0 2 1 0 0 2 1 0 2 1 0 2 0 0 0 2 1 0 1 0 0 1 0 2 0 0 1 0 1 2 0 0 2 0 2 0 0 0 0 1 2 1 1 0 1 0 2 0 0 0 2 2 0 1 1 2 0 0 0 1 2 1 0 
0
0 0 0 0 0 0 0 0 0 
0 2 1 0 0 1 2 0 2 2 1 0 0 0 0 2 1 0 0 2 1 0 1 2 1 0 2 1 0 2 0 0 0 2 1 0 1 0 0 1 0 2 0 0 1 0 1 2 0 0 2 0 2 0 0 0 0 1 2 1 1 0 1 0 2 0 0 0 2 2 0 1 1 2 0 0 0 1 2 1 0 
0 2 1 0 0 1 2 0 2 2 1 0 0 0 0 2 1 0 0 2 1 0 1 2 1 0 2 1 0 2 0 0 0 2 1 0 1 0 0 1 0 2 0 0 1 0 1 2 0 0 2 0 2 0 0 0 0 1 2 1 1 0 1 0 2 0 0 0 2 2 0 1 1 2 0 0 0 1 2 1 0 
0
0 0 0 0 0 0 0 0 0 
0 2 1 0 0 1 2 0 2 2 1 0 0 0 0 2 1 0 0 2 1 0 1 2 1 0 2 1 0 2 0 0 0 2 1 0 1 0 0 1 0 2 0 0 1 0 1 2 0 0 2 0 2 0 0 0 0 1 2 1 1 0 1 0 2 0 0 2 2 2 0 1 1 2 0 0 0 1 2 1 0 
0 2 1 0 0 1 2 0 2 2 1 0 0 0 0 2 1 0 0 2 1 0 1 2 1 0 2 1 0 2 0 0 0 2 1 0 1 0 0 1 0 2 0 0 1 0 1 2 0 0 2 0 2 0 0 0 0 1 2 1 1 0 1 0 2 0 0 2 2 2 0 1 1 2 0 0 0 1 2 1 0 
0
0 0 0 0 0 0 0 0 0 
0 2 1 0 0 1 2 0 2 2 1 0 0 0 0 2 1 0 0 2 1 0 1 2 1 0 2 1 0 2 0 0 1 2 1 0 1 0 0 1 0 2 0 0 1 0 1 2 0 0 2 0 2 0 0 0 0 1 2 1 1 0 1 0 2 0 0 2 2 2 0 1 1 2 0 0 0 1 2 1 0 
0 2 1 0 0 1 2 0 2 2 1 0 0 0 0 2 1 0 0 2 1 0 1 2 1 0 2 1 0 2 0 0 1 2 1 0 1 0 0 1 0 2 0 0 1 0 1 2 0 0 2 0 2 0 0 0 0 1 2 1 1 0 1 0 2 0 0 2 2 2 0 1 1 2 0 0 0 1 2 1 0 
0
0 0 2 0 0 0 0 0 0 
0 2 1 0 0 1 2 2 2 2 1 0 0 0 0 2 1 0 0 2 1 0 1 2 1 0 2 1 0 2 0 0 1 2 1 0 1 0 0 1 0 2 0 0 1 0 1 2 0 0 2 0 2 0 0 0 0 1 2 1 1 0 1 0 2 0 0 2 2 2 0 1 1 2 0 0 0 1 2 1 0 
0 2 1 0 0 1 34 34 34 2 1 0 0 0 0 34 33 32 0 2 1 0 1 2 33 32 34 1 0 2 0 0 1 2 1 0 1 0 0 1 0 2 0 0 1 0 1 2 0 0 2 0 2 0 0 0 0 1 2 1 1 0 1 0 2 0 0 2 2 2 0 1 1 2 0 0 0 1 2 1 0 
0
0 0 2 0 0 0 0 0 0 
0 2 1 1 0 1 2 2 2 2 1 0 0 0 0 2 1 0 0 2 1 0 1 2 1 0 2 1 0 2 0 0 1 2 1 0 1 0 0 1 0 2 0 0 1 0 1 2 0 0 2 0 2 0 0 0 0 1 2 1 1 0 1 0 2 0 0 2 2 2 0 1 1 2 0 0 0 1 2 1 0 
0 2 1 1 0 1 34 34 34 2 1 0 0 0 0 34 33 32 0 2 1 0 1 2 33 32 34 1 0 2 0 0 1 2 1 0 1 0 0 1 0 2 0 0 1 0 1 2 0 0 2 0 2 0 0 0 0 1 2 1 1 0 1 0 2 0 0 2 2 2 0 1 1 2 0 0 0 1 2 1 0 
0
0 0 2 0 0 0 0 0 0 
0 2 1 1 0 1 2 2 2 2 1 0 0 0 0 2 1 0 2 2 1 0 1 2 1 0 2 1 0 2 0 0 1 2 1 0 1 0 0 1 0 2 0 0 1 0 1 2 0 0 2 0 2 0 0 0 0 1 2 1 1 0 1 0 2 0 0 2 2 2 0 1 1 2 0 0 0 1 2 1 0 
0 2 1 1 0 1 34 34 34 2 1 0 0 0 0 34 33 32 2 2 1 0 1 2 33 32 34 1 0 2 0 0 1 2 1 0 1 0 0 1 0 2 0 0 1 0 1 2 0 0 2 0 2 0 0 0 0 1 2 1 1 0 1 0 2 0 0 2 2 2 0 1 1 2 0 0 0 1 2 1 0 
0
0 0 2 0 0 0 0 0 0 
0 2 1 1 0 1 2 2 2 2 1 0 0 0 0 2 1 0 2 2 1 0 1 2 1 0 2 1 0 2 0 0 1 2 1 0 1 0 0 1 0 2 0 0 1 0 1 2 0 0 2 0 2 0 1 0 0 1 2 1 1 0 1 0 2 0 0 2 2 2 0 1 1 2 0 0 0 1 2 1 0 
0 2 1 1 0 1 34 34 34 2 1 0 0 0 0 34 33 32 2 2 1 0 1 2 33 32 34 1 0 2 0 0 1 2 1 0 1 0 0 1 0 2 0 0 1 0 1 2 0 0 2 0 2 0 1 0 0 1 2 1 1 0 1 0 2 0 0 2 2 2 0 1 1 2 0 0 0 1 2 1 0 
0
2 0 2 0 0 0 0 0 0 
2 2 1 1 0 1 2 2 2 2 1 0 0 0 0 2 1 0 2 2 1 0 1 2 1 0 2 1 0 2 0 0 1 2 1 0 1 0 0 1 0 2 0 0 1 0 1 2 0 0 2 0 2 0 1 0 0 1 2 1 1 0 1 0 2 0 0 2 2 2 0 1 1 2 0 0 0 1 2 1 0 
34 34 33 1 0 1 34 34 34 34 33 32 0 0 0 34 33 32 34 34 33 0 1 2 33 32 34 1 0 2 0 0 1 2 1 0 1 0 0 1 0 2 0 0 1 0 1 2 0 0 2 0 2 0 1 0 0 1 2 1 1 0 1 0 2 0 0 2 2 2 0 1 1 2 0 0 0 1 2 1 0 
0
2 0 2 0 0 0 0 0 0 
2 2 1 1 0 1 2 2 2 2 1 0 0 0 0 2 1 0 2 2 1 0 1 2 1 0 2 1 0 2 1 0 1 2 1 0 1 0 0 1 0 2 0 0 1 0 1 2 0 0 2 0 2 0 1 0 0 1 2 1 1 0 1 0 2 0 0 2 2 2 0 1 1 2 0 0 0 1 2 1 0 
34 34 33 1 0 1 34 34 34 34 33 32 0 0 0 34 33 32 34 34 33 0 1 2 33 32 34 1 0 2 1 0 1 2 1 0 1 0 0 1 0 2 0 0 1 0 1 2 0 0 2 0 2 0 1 0 0 1 2 1 1 0 1 0 2 0 0 2 2 2 0 1 1 2 0 0 0 1 2 1 0 
0
2 0 2 0 0 0 0 0 0 
2 2 1 1 0 1 2 2 2 2 1 0 0 0 0 2 1 0 2 2 1 0 1 2 1 0 2 1 0 2 1 0 1 2 1 0 1 0 0 1 0 2 0 0 1 0 1 2 2 0 2 0 2 0 1 0 0 1 2 1 1 0 1 0 2 0 0 2 2 2 0 1 1 2 0 0 0 1 2 1 0 
34 34 33 1 0 1 34 34 34 34 33 32 0 0 0 34 33 32 34 34 33 0 1 2 33 32 34 1 0 2 1 0 1 2 1 0 1 0 0 1 0 2 0 0 1 0 1 2 2 0 2 0 2 0 1 0 0 1 2 1 1 0 1 0 2 0 0 2 2 2 0 1 1 2 0 0 0 1 2 1 0 
0
2 0 2 0 0 0 0 0 0 
2 2 1 1 0 1 2 2 2 2 1 0 0 0 0 2 1 0 2 2 1 0 1 2 1 0 2 1 0 2 1 0 1 2 1 0 1 0 0 1 0 2 0 0 1 0 1 2 2 0 2 0 2 0 1 0 0 1 2 1 1 0 1 0 2 1 0 2 2 2 0 1 1 2 0 0 0 1 2 1 0 
34 34 33 1 0 1 34 34 34 34 33 32 0 0 0 34 33 32 34 34 33 0 1 2 33 32 34 1 0 2 1 0 1 2 1 0 1 0 0 1 0 2 0 0 1 0 1 2 2 0 2 0 2 0 1 0 0 1 2 1 1 0 1 0 2 1 0 2 2 2 0 1 1 2 0 0 0 1 2 1 0 
0
2 0 2 0 0 0 0 0 0 
2 2 1 1 0 1 2 2 2 2 1 0 0 0 0 2 1 0 2 2 1 0 1 2 1 0 2 1 0 2 1 0 1 2 1 2 1 0 0 1 0 2 0 0 1 0 1 2 2 0 2 0 2 0 1 0 0 1 2 1 1 0 1 0 2 1 0 2 2 2 0 1 1 2 0 0 0 1 2 1 0 
34 34 33 1 0 1 34 34 34 34 33 32 0 0 0 34 33 32 34 34 33 0 1 2 33 32 34 1 0 2 1 0 1 2 1 2 1 0 0 1 0 2 0 0 1 0 1 2 2 0 2 0 2 0 1 0 0 1 2 1 1 0 1 0 2 1 0 2 2 2 0 1 1 2 0 0 0 1 2 1 0 
0
2 0 2 0 0 0 0 0 0 
2 2 1 1 0 1 2 2 2 2 1 0 0 0 0 2 1 0 2 2 1 0 1 2 1 0 2 1 0 2 1 0 1 2 1 2 1 0 0 1 0 2 0 0 1 0 1 2 2 0 2 0 2 0 1 1 0 1 2 1 1 0 1 0 2 1 0 2 2 2 0 1 1 2 0 0 0 1 2 1 0 
34 34 33 1 0 1 34 34 34 34 33 32 0 0 0 34 33 32 34 34 33 0 1 2 33 32 34 1 0 2 1 0 1 2 1 2 1 0 0 1 0 2 0 0 1 0 1 2 2 0 2 0 2 0 1 1 0 1 2 1 1 0 1 0 2 1 0 2 2 2 0 1 1 2 0 0 0 1 2 1 0 
0
2 0 2 0 0 0 0 0 0 
2 2 1 1 0 1 2 2 2 2 1 0 0 0 2 2 1 0 2 2 1 0 1 2 1 0 2 1 0 2 1 0 1 2 1 2 1 0 0 1 0 2 0 0 1 0 1 2 2 0 2 0 2 0 1 1 0 1 2 1 1 0 1 0 2 1 0 2 2 2 0 1 1 2 0 0 0 1 2 1 0 
34 34 33 1 0 1 34 34 34 34 33 32 0 0 2 34 33 32 34 34 33 0 1 2 33 32 34 1 0 2 1 0 1 2 1 2 1 0 0 1 0 2 0 0 1 0 1 2 2 0 2 0 2 0 1 1 0 1 2 1 1 0 1 0 2 1 0 2 2 2 0 1 1 2 0 0 0 1 2 1 0 
0
2 0 2 0 0 0 0 0 0 
2 2 1 1 0 1 2 2 2 2 1 0 0 0 2 2 1 0 2 2 1 0 1 2 1 0 2 1 0 2 1 0 1 2 1 2 1 0 0 1 0 2 0 0 1 0 1 2 2 0 2 1 2 0 1 1 0 1 2 1 1 0 1 0 2 1 0 2 2 2 0 1 1 2 0 0 0 1 2 1 0 
34 34 33 1 0 1 34 34 34 34 33 32 0 0 2 34 33 32 34 34 33 0 1 2 33 32 34 1 0 2 1 0 1 2 1 2 1 0 0 1 0 2 0 0 1 0 1 2 2 0 2 1 2 0 1 1 0 1 2 1 1 0 1 0 2 1 0 2 2 2 0 1 1 2 0 0 0 1 2 1 0 
0
2 0 2 0 0 0 0 0 0 
2 2 1 1 0 1 2 2 2 2 1 0 0 0 2 2 1 0 2 2 1 0 1 2 1 0 2 1 0 2 1 0 1 2 1 2 1 0 0 1 0 2 0 0 1 0 1 2 2 0 2 1 2 0 1 1 0 1 2 1 1 0 1 2 2 1 0 2 2 2 0 1 1 2 0 0 0 1 2 1 0 
34 34 33 1 0 1 34 34 34 34 33 32 0 0 2 34 33 32 34 34 33 0 1 2 33 32 34 1 0 2 1 0 1 2 1 2 1 0 0 1 0 2 0 0 1 0 1 2 2 0 2 1 2 0 1 1 0 1 2 1 1 0 1 2 2 1 0 2 2 2 0 1 1 2 0 0 0 1 2 1 0 
0
2 0 2 0 0 0 0 0 0 
2 2 1 1 0 1 2 2 2 2 1 0 0 0 2 2 1 0 2 2 1 0 1 2 1 0 2 1 1 2 1 0 1 2 1 2 1 0 0 1 0 2 0 0 1 0 1 2 2 0 2 1 2 0 1 1 0 1 2 1 1 0 1 2 2 1 0 2 2 2 0 1 1 2 0 0 0 1 2 1 0 
34 34 33 1 0 1 34 34 34 34 33 32 0 0 2 34 33 32 34 34 33 0 1 2 33 32 34 1 1 2 1 0 1 2 1 2 1 0 0 1 0 2 0 0 1 0 1 2 2 0 2 1 2 0 1 1 0 1 2 1 1 0 1 2 2 1 0 2 2 2 0 1 1 2 0 0 0 1 2 1 0 
0
2 0 2 0 0 0 0 0 0 
2 2 1 1 0 1 2 2 2 2 1 0 0 2 2 2 1 0 2 2 1 0 1 2 1 0 2 1 1 2 1 0 1 2 1 2 1 0 0 1 0 2 0 0 1 0 1 2 2 0 2 1 2 0 1 1 0 1 2 1 1 0 1 2 2 1 0 2 2 2 0 1 1 2 0 0 0 1 2 1 0 
34 34 33 1 0 1 34 34 34 34 33 32 0 2 2 34 33 32 34 34 33 0 1 2 33 32 34 1 1 2 1 0 1 2 1 2 1 0 0 1 0 2 0 0 1 0 1 2 2 0 2 1 2 0 1 1 0 1 2 1 1 0 1 2 2 1 0 2 2 2 0 1 1 2 0 0 0 1 2 1 0 
0
2 0 2 0 1 0 0 0 0 
2 2 1 1 0 1 2 2 2 2 1 0 0 2 2 2 1 0 2 2 1 0 1 2 1 0 2 1 1 2 1 1 1 2 1 2 1 0 0 1 0 2 0 0 1 0 1 2 2 0 2 1 2 0 1 1 0 1 2 1 1 0 1 2 2 1 0 2 2 2 0 1 1 2 0 0 0 1 2 1 0 
34 34 33 1 0 1 34 34 34 34 33 32 0 2 2 34 33 32 34 34 33 0 1 2 33 32 34 1 1 2 17 17 17 2 1 2 1 0 0 17 16 18 0 0 1 0 1 2 18 16 18 1 2 0 1 1 0 1 2 1 1 0 1 2 2 1 0 2 2 2 0 1 1 2 0 0 0 1 2 1 0 
0
2 2 2 0 1 0 0 0 0 
2 2 1 1 0 1 2 2 2 2 1 0 2 2 2 2 1 0 2 2 1 0 1 2 1 0 2 1 1 2 1 1 1 2 1 2 1 0 0 1 0 2 0 0 1 0 1 2 2 0 2 1 2 0 1 1 0 1 2 1 1 0 1 2 2 1 0 2 2 2 0 1 1 2 0 0 0 1 2 1 0 
34 34 33 33 32 33 34 34 34 34 33 32 34 34 34 34 33 32 34 34 33 32 33 34 33 32 34 1 1 2 17 17 17 2 1 2 1 0 0 17 16 18 0 0 1 0 1 2 18 16 18 1 2 0 1 1 0 1 2 1 1 0 1 2 2 1 0 2 2 2 0 1 1 2 0 0 0 1 2 1 0 
0
2 2 2 0 1 0 0 0 0 
2 2 1 1 0 1 2 2 2 2 1 0 2 2 2 2 1 0 2 2 1 0 1 2 1 0 2 1 1 2 1 1 1 2 1 2 1 0 0 1 0 2 0 0 1 0 1 2 2 0 2 1 2 0 1 1 0 1 2 1 1 0 1 2 2 1 0 2 2 2 0 1 1 2 0 0 0 1 2 1 0 
34 34 33 33 32 33 34 34 34 34 33 32 34 34 34 34 33 32 34 34 33 32 33 34 33 32 34 1 1 2 17 17 17 2 1 2 1 0 0 17 16 18 0 0 1 0 1 2 18 16 18 1 2 0 1 1 0 1 2 1 1 0 1 2 2 1 0 2 2 2 0 1 1 2 0 0 0 1 2 1 0 
0
