0 0 0 0 0 0 0 0 0 
0 0 0 0 0 0 0 0 0 0 0 0 0 0 0 0 0 0 0 0 0 0 0 0 0 0 0 0 0 0 0 0 0 0 0 0 0 0 0 0 1 0 0 0 0 0 0 0 0 0 0 0 0 0 0 0 0 0 0 0 0 0 0 0 0 0 0 0 0 0 0 0 0 0 0 0 0 0 0 0 0 
0 0 0 0 0 0 0 0 0 0 0 0 0 0 0 0 0 0 0 0 0 0 0 0 0 0 0 0 0 0 0 0 0 0 0 0 0 0 0 0 1 0 0 0 0 0 0 0 0 0 0 0 0 0 0 0 0 0 0 0 0 0 0 0 0 0 0 0 0 0 0 0 0 0 0 0 0 0 0 0 0 
0
0 0 0 0 0 0 0 0 0 
0 0 0 0 0 0 0 0 0 0 0 0 0 0 0 0 0 0 0 0 0 0 0 0 0 0 0 0 0 0 2 0 0 0 0 0 0 0 0 0 1 0 0 0 0 0 0 0 0 0 0 0 0 0 0 0 0 0 0 0 0 0 0 0 0 0 0 0 0 0 0 0 0 0 0 0 0 0 0 0 0 
0 0 0 0 0 0 0 0 0 0 0 0 0 0 0 0 0 0 0 0 0 0 0 0 0 0 0 0 0 0 2 0 0 0 0 0 0 0 0 0 1 0 0 0 0 0 0 0 0 0 0 0 0 0 0 0 0 0 0 0 0 0 0 0 0 0 0 0 0 0 0 0 0 0 0 0 0 0 0 0 0 
0
0 0 0 0 0 0 0 0 0 
0 0 0 0 0 0 0 0 0 0 0 0 0 0 0 0 0 0 0 0 1 0 0 0 0 0 0 0 0 0 2 0 0 0 0 0 0 0 0 0 1 0 0 0 0 0 0 0 0 0 0 0 0 0 0 0 0 0 0 0 0 0 0 0 0 0 0 0 0 0 0 0 0 0 0 0 0 0 0 0 0 
0 0 0 0 0 0 0 0 0 0 0 0 0 0 0 0 0 0 0 0 1 0 0 0 0 0 0 0 0 0 2 0 0 0 0 0 0 0 0 0 1 0 0 0 0 0 0 0 0 0 0 0 0 0 0 0 0 0 0 0 0 0 0 0 0 0 0 0 0 0 0 0 0 0 0 0 0 0 0 0 0 
0
0 0 0 0 0 0 0 0 0 
0 0 0 0 0 0 0 0 0 0 0 0 0 0 0 0 0 0 0 0 1 0 0 0 0 0 0 0 0 0 2 0 0 0 0 0 0 0 0 0 1 0 0 0 0 0 0 0 0 0 0 0 0 0 0 0 0 0 0 0 0 2 0 0 0 0 0 0 0 0 0 0 0 0 0 0 0 0 0 0 0 
0 0 0 0 0 0 0 0 0 0 0 0 0 0 0 0 0 0 0 0 1 0 0 0 0 0 0 0 0 0 2 0 0 0 0 0 0 0 0 0 1 0 0 0 0 0 0 0 0 0 0 0 0 0 0 0 0 0 0 0 0 2 0 0 0 0 0 0 0 0 0 0 0 0 0 0 0 0 0 0 0 
0
0 0 0 0 0 0 0 0 0 
0 0 0 0 1 0 0 0 0 0 0 0 0 0 0 0 0 0 0 0 1 0 0 0 0 0 0 0 0 0 2 0 0 0 0 0 0 0 0 0 1 0 0 0 0 0 0 0 0 0 0 0 0 0 0 0 0 0 0 0 0 2 0 0 0 0 0 0 0 0 0 0 0 0 0 0 0 0 0 0 0 
0 0 0 0 1 0 0 0 0 0 0 0 0 0 0 0 0 0 0 0 1 0 0 0 0 0 0 0 0 0 2 0 0 0 0 0 0 0 0 0 1 0 0 0 0 0 0 0 0 0 0 0 0 0 0 0 0 0 0 0 0 2 0 0 0 0 0 0 0 0 0 0 0 0 0 0 0 0 0 0 0 
0
0 0 0 0 0 0 0 0 0 
0 0 0 0 1 2 0 0 0 0 0 0 0 0 0 0 0 0 0 0 1 0 0 0 0 0 0 0 0 0 2 0 0 0 0 0 0 0 0 0 1 0 0 0 0 0 0 0 0 0 0 0 0 0 0 0 0 0 0 0 0 2 0 0 0 0 0 0 0 0 0 0 0 0 0 0 0 0 0 0 0 
0 0 0 0 1 2 0 0 0 0 0 0 0 0 0 0 0 0 0 0 1 0 0 0 0 0 0 0 0 0 2 0 0 0 0 0 0 0 0 0 1 0 0 0 0 0 0 0 0 0 0 0 0 0 0 0 0 0 0 0 0 2 0 0 0 0 0 0 0 0 0 0 0 0 0 0 0 0 0 0 0 
0
0 0 0 0 0 0 0 0 0 
0 0 0 0 1 2 0 0 0 0 0 0 0 0 0 0 1 0 0 0 1 0 0 0 0 0 0 0 0 0 2 0 0 0 0 0 0 0 0 0 1 0 0 0 0 0 0 0 0 0 0 0 0 0 0 0 0 0 0 0 0 2 0 0 0 0 0 0 0 0 0 0 0 0 0 0 0 0 0 0 0 
0 0 0 0 1 2 0 0 0 0 0 0 0 0 0 0 1 0 0 0 1 0 0 0 0 0 0 0 0 0 2 0 0 0 0 0 0 0 0 0 1 0 0 0 0 0 0 0 0 0 0 0 0 0 0 0 0 0 0 0 0 2 0 0 0 0 0 0 0 0 0 0 0 0 0 0 0 0 0 0 0 
0
0 0 0 0 0 0 0 0 0 
0 0 0 0 1 2 0 0 0 0 0 0 0 0 0 0 1 0 0 0 1 0 0 0 0 0 0 0 0 0 2 0 0 0 0 0 0 0 0 2 1 0 0 0 0 0 0 0 0 0 0 0 0 0 0 0 0 0 0 0 0 2 0 0 0 0 0 0 0 0 0 0 0 0 0 0 0 0 0 0 0 
0 0 0 0 1 2 0 0 0 0 0 0 0 0 0 0 1 0 0 0 1 0 0 0 0 0 0 0 0 0 2 0 0 0 0 0 0 0 0 2 1 0 0 0 0 0 0 0 0 0 0 0 0 0 0 0 0 0 0 0 0 2 0 0 0 0 0 0 0 0 0 0 0 0 0 0 0 0 0 0 0 
0
0 0 0 0 0 0 0 0 0 
0 0 0 0 1 2 0 0 0 0 0 0 0 0 0 0 1 0 0 0 1 0 0 0 0 0 0 0 0 0 2 0 0 0 0 0 0 0 1 2 1 0 0 0 0 0 0 0 0 0 0 0 0 0 0 0 0 0 0 0 0 2 0 0 0 0 0 0 0 0 0 0 0 0 0 0 0 0 0 0 0 
0 0 0 0 1 2 0 0 0 0 0 0 0 0 0 0 1 0 0 0 1 0 0 0 0 0 0 0 0 0 2 0 0 0 0 0 0 0 1 2 1 0 0 0 0 0 0 0 0 0 0 0 0 0 0 0 0 0 0 0 0 2 0 0 0 0 0 0 0 0 0 0 0 0 0 0 0 0 0 0 0 
0
0 0 0 0 0 0 0 0 0 
0 0 0 0 1 2 0 0 0 0 0 0 0 0 0 0 1 0 0 0 1 0 0 0 0 0 0 0 0 0 2 0 0 0 0 0 0 0 1 2 1 0 0 0 2 0 0 0 0 0 0 0 0 0 0 0 0 0 0 0 0 2 0 0 0 0 0 0 0 0 0 0 0 0 0 0 0 0 0 0 0 
0 0 0 0 1 2 0 0 0 0 0 0 0 0 0 0 1 0 0 0 1 0 0 0 0 0 0 0 0 0 2 0 0 0 0 0 0 0 1 2 1 0 0 0 2 0 0 0 0 0 0 0 0 0 0 0 0 0 0 0 0 2 0 0 0 0 0 0 0 0 0 0 0 0 0 0 0 0 0 0 0 
0
0 0 0 0 0 0 0 0 0 
0 0 0 0 1 2 0 0 0 0 0 0 0 0 0 0 1 0 0 0 1 0 0 0 0 0 0 0 0 0 2 0 0 0 0 1 0 0 1 2 1 0 0 0 2 0 0 0 0 0 0 0 0 0 0 0 0 0 0 0 0 2 0 0 0 0 0 0 0 0 0 0 0 0 0 0 0 0 0 0 0 
0 0 0 0 1 2 0 0 0 0 0 0 0 0 0 0 1 0 0 0 1 0 0 0 0 0 0 0 0 0 2 0 0 0 0 1 0 0 1 2 1 0 0 0 2 0 0 0 0 0 0 0 0 0 0 0 0 0 0 0 0 2 0 0 0 0 0 0 0 0 0 0 0 0 0 0 0 0 0 0 0 
0
0 0 0 0 0 0 0 0 0 
0 0 0 0 1 2 0 0 0 0 0 0 0 0 0 0 1 0 0 0 1 0 0 0 2 0 0 0 0 0 2 0 0 0 0 1 0 0 1 2 1 0 0 0 2 0 0 0 0 0 0 0 0 0 0 0 0 0 0 0 0 2 0 0 0 0 0 0 0 0 0 0 0 0 0 0 0 0 0 0 0 
0 0 0 0 1 2 0 0 0 0 0 0 0 0 0 0 1 0 0 0 1 0 0 0 2 0 0 0 0 0 2 0 0 0 0 1 0 0 1 2 1 0 0 0 2 0 0 0 0 0 0 0 0 0 0 0 0 0 0 0 0 2 0 0 0 0 0 0 0 0 0 0 0 0 0 0 0 0 0 0 0 
0
0 0 0 0 0 0 0 0 0 
0 0 0 0 1 2 0 0 0 0 0 0 0 0 0 0 1 0 0 0 1 0 0 0 2 0 0 0 0 0 2 0 0 0 0 1 0 0 1 2 1 0 0 0 2 0 0 0 0 0 0 0 0 0 0 0 0 0 0 0 0 2 0 0 0 0 0 0 0 0 0 0 1 0 0 0 0 0 0 0 0 
0 0 0 0 1 2 0 0 0 0 0 0 0 0 0 0 1 0 0 0 1 0 0 0 2 0 0 0 0 0 2 0 0 0 0 1 0 0 1 2 1 0 0 0 2 0 0 0 0 0 0 0 0 0 0 0 0 0 0 0 0 2 0 0 0 0 0 0 0 0 0 0 1 0 0 0 0 0 0 0 0 
0
0 0 0 0 0 0 0 0 0 
0 0 0 0 1 2 0 0 0 0 0 0 0 0 0 0 1 0 0 0 1 0 0 0 2 0 0 0 0 0 2 0 0 0 0 1 0 0 1 2 1 0 0 0 2 0 0 0 0 0 0 0 0 0 0 0 0 0 0 0 0 2 0 0 0 0 0 0 0 0 0 0 1 2 0 0 0 0 0 0 0 
0 0 0 0 1 2 0 0 0 0 0 0 0 0 0 0 1 0 0 0 1 0 0 0 2 0 0 0 0 0 2 0 0 0 0 1 0 0 1 2 1 0 0 0 2 0 0 0 0 0 0 0 0 0 0 0 0 0 0 0 0 2 0 0 0 0 0 0 0 0 0 0 1 2 0 0 0 0 0 0 0 
0
0 0 0 0 0 0 0 0 0 
0 0 0 0 1 2 0 0 0 0 0 0 0 0 0 0 1 0 0 0 1 0 0 0 2 0 0 0 0 0 2 0 0 0 0 1 0 0 1 2 1 0 0 0 2 0 0 0 0 0 0 0 0 0 0 0 0 0 1 0 0 2 0 0 0 0 0 0 0 0 0 0 1 2 0 0 0 0 0 0 0 
0 0 0 0 1 2 0 0 0 0 0 0 0 0 0 0 1 0 0 0 1 0 0 0 2 0 0 0 0 0 2 0 0 0 0 1 0 0 1 2 1 0 0 0 2 0 0 0 0 0 0 0 0 0 0 0 0 0 1 0 0 2 0 0 0 0 0 0 0 0 0 0 1 2 0 0 0 0 0 0 0 
0
0 0 0 0 0 0 0 0 0 
0 0 0 0 1 2 0 0 0 0 0 0 0 0 0 0 1 0 0 0 1 0 0 2 2 0 0 0 0 0 2 0 0 0 0 1 0 0 1 2 1 0 0 0 2 0 0 0 0 0 0 0 0 0 0 0 0 0 1 0 0 2 0 0 0 0 0 0 0 0 0 0 1 2 0 0 0 0 0 0 0 
0 0 0 0 1 2 0 0 0 0 0 0 0 0 0 0 1 0 0 0 1 0 0 2 2 0 0 0 0 0 2 0 0 0 0 1 0 0 1 2 1 0 0 0 2 0 0 0 0 0 0 0 0 0 0 0 0 0 1 0 0 2 0 0 0 0 0 0 0 0 0 0 1 2 0 0 0 0 0 0 0 
0
0 0 0 0 0 0 0 0 0 
0 0 0 0 1 2 0 0 0 0 0 0 0 0 0 0 1 0 0 0 1 0 0 2 2 0 0 0 0 0 2 0 0 0 0 1 0 0 1 2 1 0 0 0 2 0 0 0 0 0 0 0 0 0 0 0 0 0 1 0 1 2 0 0 0 0 0 0 0 0 0 0 1 2 0 0 0 0 0 0 0 
0 0 0 0 1 2 0 0 0 0 0 0 0 0 0 0 1 0 0 0 1 0 0 2 2 0 0 0 0 0 2 0 0 0 0 1 0 0 1 2 1 0 0 0 2 0 0 0 0 0 0 0 0 0 0 0 0 0 1 0 1 2 0 0 0 0 0 0 0 0 0 0 1 2 0 0 0 0 0 0 0 
0
0 0 0 0 0 0 0 0 0 
2 0 0 0 1 2 0 0 0 0 0 0 0 0 0 0 1 0 0 0 1 0 0 2 2 0 0 0 0 0 2 0 0 0 0 1 0 0 1 2 1 0 0 0 2 0 0 0 0 0 0 0 0 0 0 0 0 0 1 0 1 2 0 0 0 0 0 0 0 0 0 0 1 2 0 0 0 0 0 0 0 
2 0 0 0 1 2 0 0 0 0 0 0 0 0 0 0 1 0 0 0 1 0 0 2 2 0 0 0 0 0 2 0 0 0 0 1 0 0 1 2 1 0 0 0 2 0 0 0 0 0 0 0 0 0 0 0 0 0 1 0 1 2 0 0 0 0 0 0 0 0 0 0 1 2 0 0 0 0 0 0 0 
0
0 0 0 0 0 0 0 0 0 
2 0 0 0 1 2 0 0 0 0 0 1 0 0 0 0 1 0 0 0 1 0 0 2 2 0 0 0 0 0 2 0 0 0 0 1 0 0 1 2 1 0 0 0 2 0 0 0 0 0 0 0 0 0 0 0 0 0 1 0 1 2 0 0 0 0 0 0 0 0 0 0 1 2 0 0 0 0 0 0 0 
2 0 0 0 1 2 0 0 0 0 0 1 0 0 0 0 1 0 0 0 1 0 0 2 2 0 0 0 0 0 2 0 0 0 0 1 0 0 1 2 1 0 0 0 2 0 0 0 0 0 0 0 0 0 0 0 0 0 1 0 1 2 0 0 0 0 0 0 0 0 0 0 1 2 0 0 0 0 0 0 0 
0
0 0 0 0 0 0 0 0 0 
2 0 0 0 1 2 0 0 0 0 0 1 0 0 0 0 1 0 0 0 1 0 0 2 2 0 0 0 0 0 2 0 0 0 0 1 0 0 1 2 1 0 2 0 2 0 0 0 0 0 0 0 0 0 0 0 0 0 1 0 1 2 0 0 0 0 0 0 0 0 0 0 1 2 0 0 0 0 0 0 0 
2 0 0 0 1 2 0 0 0 0 0 1 0 0 0 0 1 0 0 0 1 0 0 2 2 0 0 0 0 0 2 0 0 0 0 1 0 0 1 2 1 0 2 0 2 0 0 0 0 0 0 0 0 0 0 0 0 0 1 0 1 2 0 0 0 0 0 0 0 0 0 0 1 2 0 0 0 0 0 0 0 
0
0 0 0 0 0 0 0 0 0 
2 0 0 0 1 2 0 0 0 0 0 1 0 0 0 0 1 0 0 0 1 0 0 2 2 0 0 0 0 0 2 0 0 0 0 1 0 0 1 2 1 0 2 0 2 0 1 0 0 0 0 0 0 0 0 0 0 0 1 0 1 2 0 0 0 0 0 0 0 0 0 0 1 2 0 0 0 0 0 0 0 
2 0 0 0 1 2 0 0 0 0 0 1 0 0 0 0 1 0 0 0 1 0 0 2 2 0 0 0 0 0 2 0 0 0 0 1 0 0 1 2 1 0 2 0 2 0 1 0 0 0 0 0 0 0 0 0 0 0 1 0 1 2 0 0 0 0 0 0 0 0 0 0 1 2 0 0 0 0 0 0 0 
0
0 0 0 0 0 0 0 0 0 
2 0 0 0 1 2 0 0 0 0 0 1 0 0 0 0 1 0 0 0 1 0 0 2 2 0 0 0 0 0 2 0 0 0 0 1 0 0 1 2 1 0 2 0 2 0 1 0 0 0 0 0 0 0 0 0 0 0 1 0 1 2 0 0 0 0 0 0 2 0 0 0 1 2 0 0 0 0 0 0 0 
2 0 0 0 1 2 0 0 0 0 0 1 0 0 0 0 1 0 0 0 1 0 0 2 2 0 0 0 0 0 2 0 0 0 0 1 0 0 1 2 1 0 2 0 2 0 1 0 0 0 0 0 0 0 0 0 0 0 1 0 1 2 0 0 0 0 0 0 2 0 0 0 1 2 0 0 0 0 0 0 0 
0
0 0 0 0 0 0 0 0 0 
2 0 0 0 1 2 0 0 0 0 0 1 0 0 0 0 1 0 0 0 1 0 0 2 2 0 0 0 0 0 2 0 0 0 0 1 0 0 1 2 1 0 2 0 2 0 1 0 0 0 0 1 0 0 0 0 0 0 1 0 1 2 0 0 0 0 0 0 2 0 0 0 1 2 0 0 0 0 0 0 0 
2 0 0 0 1 2 0 0 0 0 0 1 0 0 0 0 1 0 0 0 1 0 0 2 2 0 0 0 0 0 2 0 0 0 0 1 0 0 1 2 1 0 2 0 2 0 1 0 0 0 0 1 0 0 0 0 0 0 1 0 1 2 0 0 0 0 0 0 2 0 0 0 1 2 0 0 0 0 0 0 0 
0
0 0 0 0 0 0 0 0 0 
2 0 0 0 1 2 0 0 0 0 0 1 0 0 0 0 1 0 0 0 1 0 0 2 2 0 0 0 0 0 2 0 0 0 0 1 0 0 1 2 1 0 2 0 2 0 1 0 0 0 0 1 0 0 0 2 0 0 1 0 1 2 0 0 0 0 0 0 2 0 0 0 1 2 0 0 0 0 0 0 0 
2 0 0 0 1 2 0 0 0 0 0 1 0 0 0 0 1 0 0 0 1 0 0 2 2 0 0 0 0 0 2 0 0 0 0 1 0 0 1 2 1 0 2 0 2 0 1 0 0 0 0 1 0 0 0 2 0 0 1 0 1 2 0 0 0 0 0 0 2 0 0 0 1 2 0 0 0 0 0 0 0 
0
0 0 0 0 0 0 0 0 0 
2 0 0 0 1 2 0 0 0 0 0 1 0 0 0 0 1 0 0 0 1 0 1 2 2 0 0 0 0 0 2 0 0 0 0 1 0 0 1 2 1 0 2 0 2 0 1 0 0 0 0 1 0 0 0 2 0 0 1 0 1 2 0 0 0 0 0 0 2 0 0 0 1 2 0 0 0 0 0 0 0 
2 0 0 0 1 2 0 0 0 0 0 1 0 0 0 0 1 0 0 0 1 0 1 2 2 0 0 0 0 0 2 0 0 0 0 1 0 0 1 2 1 0 2 0 2 0 1 0 0 0 0 1 0 0 0 2 0 0 1 0 1 2 0 0 0 0 0 0 2 0 0 0 1 2 0 0 0 0 0 0 0 
0
0 0 0 0 0 0 0 0 0 
2 0 0 0 1 2 0 0 0 0 0 1 0 0 0 0 1 0 0 0 1 0 1 2 2 0 0 0 0 0 2 0 0 0 0 1 0 0 1 2 1 0 2 0 2 0 1 0 0 0 0 1 0 0 0 2 0 0 1 2 1 2 0 0 0 0 0 0 2 0 0 0 1 2 0 0 0 0 0 0 0 
2 0 0 0 1 2 0 0 0 0 0 1 0 0 0 0 1 0 0 0 1 0 1 2 2 0 0 0 0 0 2 0 0 0 0 1 0 0 1 2 1 0 2 0 2 0 1 0 0 0 0 1 0 0 0 2 0 0 1 2 1 2 0 0 0 0 0 0 2 0 0 0 1 2 0 0 0 0 0 0 0 
0
0 0 0 0 0 0 0 0 0 
2 0 0 0 1 2 1 0 0 0 0 1 0 0 0 0 1 0 0 0 1 0 1 2 2 0 0 0 0 0 2 0 0 0 0 1 0 0 1 2 1 0 2 0 2 0 1 0 0 0 0 1 0 0 0 2 0 0 1 2 1 2 0 0 0 0 0 0 2 0 0 0 1 2 0 0 0 0 0 0 0 
2 0 0 0 1 2 1 0 0 0 0 1 0 0 0 0 1 0 0 0 1 0 1 2 2 0 0 0 0 0 2 0 0 0 0 1 0 0 1 2 1 0 2 0 2 0 1 0 0 0 0 1 0 0 0 2 0 0 1 2 1 2 0 0 0 0 0 0 2 0 0 0 1 2 0 0 0 0 0 0 0 
0
0 0 0 0 0 0 0 0 0 
2 0 2 0 1 2 1 0 0 0 0 1 0 0 0 0 1 0 0 0 1 0 1 2 2 0 0 0 0 0 2 0 0 0 0 1 0 0 1 2 1 0 2 0 2 0 1 0 0 0 0 1 0 0 0 2 0 0 1 2 1 2 0 0 0 0 0 0 2 0 0 0 1 2 0 0 0 0 0 0 0 
2 0 2 0 1 2 1 0 0 0 0 1 0 0 0 0 1 0 0 0 1 0 1 2 2 0 0 0 0 0 2 0 0 0 0 1 0 0 1 2 1 0 2 0 2 0 1 0 0 0 0 1 0 0 0 2 0 0 1 2 1 2 0 0 0 0 0 0 2 0 0 0 1 2 0 0 0 0 0 0 0 
0
0 0 1 0 0 0 0 0 0 
2 0 2 0 1 2 1 0 0 0 0 1 0 0 0 0 1 0 0 0 1 0 1 2 2 0 1 0 0 0 2 0 0 0 0 1 0 0 1 2 1 0 2 0 2 0 1 0 0 0 0 1 0 0 0 2 0 0 1 2 1 2 0 0 0 0 0 0 2 0 0 0 1 2 0 0 0 0 0 0 0 
2 0 2 0 1 2 17 16 16 0 0 1 0 0 0 16 17 16 0 0 1 0 1 2 18 16 17 0 0 0 2 0 0 0 0 1 0 0 1 2 1 0 2 0 2 0 1 0 0 0 0 1 0 0 0 2 0 0 1 2 1 2 0 0 0 0 0 0 2 0 0 0 1 2 0 0 0 0 0 0 0 
0
0 0 1 0 0 0 0 0 0 
2 0 2 0 1 2 1 0 0 0 0 1 0 0 0 0 1 0 0 0 1 0 1 2 2 0 1 0 0 0 2 0 0 0 0 1 0 0 1 2 1 0 2 0 2 0 1 0 0 0 0 1 0 0 0 2 0 0 1 2 1 2 0 0 0 0 0 0 2 0 2 0 1 2 0 0 0 0 0 0 0 
2 0 2 0 1 2 17 16 16 0 0 1 0 0 0 16 17 16 0 0 1 0 1 2 18 16 17 0 0 0 2 0 0 0 0 1 0 0 1 2 1 0 2 0 2 0 1 0 0 0 0 1 0 0 0 2 0 0 1 2 1 2 0 0 0 0 0 0 2 0 2 0 1 2 0 0 0 0 0 0 0 
0
0 0 1 0 0 0 0 0 0 
2 0 2 0 1 2 1 0 0 0 0 1 0 0 0 0 1 0 0 0 1 0 1 2 2 0 1 0 0 0 2 0 0 0 0 1 0 0 1 2 1 0 2 0 2 0 1 0 1 0 0 1 0 0 0 2 0 0 1 2 1 2 0 0 0 0 0 0 2 0 2 0 1 2 0 0 0 0 0 0 0 
2 0 2 0 1 2 17 16 16 0 0 1 0 0 0 16 17 16 0 0 1 0 1 2 18 16 17 0 0 0 2 0 0 0 0 1 0 0 1 2 1 0 2 0 2 0 1 0 1 0 0 1 0 0 0 2 0 0 1 2 1 2 0 0 0 0 0 0 2 0 2 0 1 2 0 0 0 0 0 0 0 
0
0 0 1 0 0 0 2 0 0 
2 0 2 0 1 2 1 0 0 0 0 1 0 0 0 0 1 0 0 0 1 0 1 2 2 0 1 0 0 0 2 0 0 0 0 1 0 0 1 2 1 0 2 0 2 0 1 0 1 0 0 1 0 0 0 2 0 0 1 2 1 2 0 0 2 0 0 0 2 0 2 0 1 2 0 0 0 0 0 0 0 
2 0 2 0 1 2 17 16 16 0 0 1 0 0 0 16 17 16 0 0 1 0 1 2 18 16 17 0 0 0 2 0 0 0 0 1 0 0 1 2 1 0 2 0 2 0 1 0 1 0 0 1 0 0 32 34 32 0 1 2 1 2 0 32 34 32 0 0 2 0 2 0 33 34 32 0 0 0 0 0 0 
0
0 0 1 0 1 0 2 0 0 
2 0 2 0 1 2 1 0 0 0 0 1 0 0 0 0 1 0 0 0 1 0 1 2 2 0 1 0 0 0 2 0 1 0 0 1 0 0 1 2 1 0 2 0 2 0 1 0 1 0 0 1 0 0 0 2 0 0 1 2 1 2 0 0 2 0 0 0 2 0 2 0 1 2 0 0 0 0 0 0 0 
2 0 2 0 1 2 17 16 16 0 0 1 0 0 0 16 17 16 0 0 1 0 1 2 18 16 17 0 0 0 18 16 17 0 0 1 0 0 1 18 17 16 2 0 2 0 1 0 17 16 16 1 0 0 32 34 32 0 1 2 1 2 0 32 34 32 0 0 2 0 2 0 33 34 32 0 0 0 0 0 0 
0
0 0 1 0 1 0 2 0 2 
2 0 2 0 1 2 1 0 0 0 0 1 0 0 0 0 1 0 0 0 1 0 1 2 2 0 1 0 0 0 2 0 1 0 0 1 0 0 1 2 1 0 2 0 2 0 1 0 1 0 0 1 0 0 0 2 0 0 1 2 1 2 0 0 2 0 0 0 2 0 2 0 1 2 0 0 0 0 0 2 0 
2 0 2 0 1 2 17 16 16 0 0 1 0 0 0 16 17 16 0 0 1 0 1 2 18 16 17 0 0 0 18 16 17 0 0 1 0 0 1 18 17 16 2 0 2 0 1 0 17 16 16 1 0 0 32 34 32 0 1 2 33 34 32 32 34 32 0 0 2 32 34 32 33 34 32 0 0 0 32 34 32 
0
0 0 1 0 1 0 2 0 2 
2 0 2 0 1 2 1 0 0 0 0 1 0 0 0 0 1 0 0 0 1 0 1 2 2 0 1 0 0 0 2 0 1 0 0 1 0 0 1 2 1 0 2 0 2 0 1 0 1 0 0 1 0 0 0 2 0 0 1 2 1 2 0 0 2 0 0 0 2 0 2 0 1 2 0 0 0 1 0 2 0 
2 0 2 0 1 2 17 16 16 0 0 1 0 0 0 16 17 16 0 0 1 0 1 2 18 16 17 0 0 0 18 16 17 0 0 1 0 0 1 18 17 16 2 0 2 0 1 0 17 16 16 1 0 0 32 34 32 0 1 2 33 34 32 32 34 32 0 0 2 32 34 32 33 34 32 0 0 1 32 34 32 
0
2 0 1 0 1 0 2 0 2 
2 2 2 0 1 2 1 0 0 0 0 1 0 0 0 0 1 0 0 0 1 0 1 2 2 0 1 0 0 0 2 0 1 0 0 1 0 0 1 2 1 0 2 0 2 0 1 0 1 0 0 1 0 0 0 2 0 0 1 2 1 2 0 0 2 0 0 0 2 0 2 0 1 2 0 0 0 1 0 2 0 
34 34 34 0 1 2 17 16 16 32 32 33 0 0 0 16 17 16 32 32 33 0 1 2 18 16 17 0 0 0 18 16 17 0 0 1 0 0 1 18 17 16 2 0 2 0 1 0 17 16 16 1 0 0 32 34 32 0 1 2 33 34 32 32 34 32 0 0 2 32 34 32 33 34 32 0 0 1 32 34 32 
0
2 1 1 0 1 0 2 0 2 
2 2 2 0 1 2 1 0 0 0 0 1 0 1 0 0 1 0 0 0 1 0 1 2 2 0 1 0 0 0 2 0 1 0 0 1 0 0 1 2 1 0 2 0 2 0 1 0 1 0 0 1 0 0 0 2 0 0 1 2 1 2 0 0 2 0 0 0 2 0 2 0 1 2 0 0 0 1 0 2 0 
34 34 34 16 17 18 17 16 16 32 32 33 16 17 16 16 17 16 32 32 33 16 17 18 18 16 17 0 0 0 18 16 17 0 0 1 0 0 1 18 17 16 2 0 2 0 1 0 17 16 16 1 0 0 32 34 32 0 1 2 33 34 32 32 34 32 0 0 2 32 34 32 33 34 32 0 0 1 32 34 32 
0
2 1 1 0 1 0 2 0 2 
2 2 2 0 1 2 1 0 0 0 0 1 0 1 0 0 1 0 0 0 1 0 1 2 2 0 1 0 0 0 2 0 1 0 0 1 2 0 1 2 1 0 2 0 2 0 1 0 1 0 0 1 0 0 0 2 0 0 1 2 1 2 0 0 2 0 0 0 2 0 2 0 1 2 0 0 0 1 0 2 0 
34 34 34 16 17 18 17 16 16 32 32 33 16 17 16 16 17 16 32 32 33 16 17 18 18 16 17 0 0 0 18 16 17 0 0 1 2 0 1 18 17 16 2 0 2 0 1 0 17 16 16 1 0 0 32 34 32 0 1 2 33 34 32 32 34 32 0 0 2 32 34 32 33 34 32 0 0 1 32 34 32 
0
2 1 1 0 1 0 2 0 2 
2 2 2 0 1 2 1 0 0 0 0 1 0 1 0 0 1 0 0 0 1 0 1 2 2 0 1 1 0 0 2 0 1 0 0 1 2 0 1 2 1 0 2 0 2 0 1 0 1 0 0 1 0 0 0 2 0 0 1 2 1 2 0 0 2 0 0 0 2 0 2 0 1 2 0 0 0 1 0 2 0 
34 34 34 16 17 18 17 16 16 32 32 33 16 17 16 16 17 16 32 32 33 16 17 18 18 16 17 1 0 0 18 16 17 0 0 1 2 0 1 18 17 16 2 0 2 0 1 0 17 16 16 1 0 0 32 34 32 0 1 2 33 34 32 32 34 32 0 0 2 32 34 32 33 34 32 0 0 1 32 34 32 
0
2 1 1 0 1 0 2 0 2 
2 2 2 0 1 2 1 0 0 0 0 1 0 1 0 0 1 0 0 0 1 0 1 2 2 0 1 1 0 0 2 0 1 0 0 1 2 0 1 2 1 0 2 0 2 0 1 0 1 0 0 1 0 0 0 2 0 0 1 2 1 2 0 0 2 0 2 0 2 0 2 0 1 2 0 0 0 1 0 2 0 
34 34 34 16 17 18 17 16 16 32 32 33 16 17 16 16 17 16 32 32 33 16 17 18 18 16 17 1 0 0 18 16 17 0 0 1 2 0 1 18 17 16 2 0 2 0 1 0 17 16 16 1 0 0 32 34 32 0 1 2 33 34 32 32 34 32 2 0 2 32 34 32 33 34 32 0 0 1 32 34 32 
0
2 1 1 0 1 0 2 0 2 
2 2 2 0 1 2 1 0 0 0 0 1 0 1 0 0 1 0 0 0 1 0 1 2 2 0 1 1 0 0 2 0 1 0 0 1 2 0 1 2 1 0 2 0 2 1 1 0 1 0 0 1 0 0 0 2 0 0 1 2 1 2 0 0 2 0 2 0 2 0 2 0 1 2 0 0 0 1 0 2 0 
34 34 34 16 17 18 17 16 16 32 32 33 16 17 16 16 17 16 32 32 33 16 17 18 18 16 17 1 0 0 18 16 17 0 0 1 2 0 1 18 17 16 2 0 2 1 1 0 17 16 16 1 0 0 32 34 32 0 1 2 33 34 32 32 34 32 2 0 2 32 34 32 33 34 32 0 0 1 32 34 32 
0
2 1 1 0 1 0 2 0 2 
2 2 2 0 1 2 1 0 0 0 0 1 0 1 0 0 1 0 0 0 1 0 1 2 2 0 1 1 0 0 2 0 1 0 0 1 2 0 1 2 1 0 2 0 2 1 1 0 1 0 0 1 0 0 0 2 0 2 1 2 1 2 0 0 2 0 2 0 2 0 2 0 1 2 0 0 0 1 0 2 0 
34 34 34 16 17 18 17 16 16 32 32 33 16 17 16 16 17 16 32 32 33 16 17 18 18 16 17 1 0 0 18 16 17 0 0 1 2 0 1 18 17 16 2 0 2 1 1 0 17 16 16 1 0 0 32 34 32 2 1 2 33 34 32 32 34 32 2 0 2 32 34 32 33 34 32 0 0 1 32 34 32 
0
2 1 1 0 1 0 2 0 2 
2 2 2 0 1 2 1 0 0 0 0 1 0 1 0 0 1 0 0 0 1 0 1 2 2 0 1 1 0 0 2 0 1 0 0 1 2 0 1 2 1 0 2 0 2 1 1 0 1 0 0 1 1 0 0 2 0 2 1 2 1 2 0 0 2 0 2 0 2 0 2 0 1 2 0 0 0 1 0 2 0 
34 34 34 16 17 18 17 16 16 32 32 33 16 17 16 16 17 16 32 32 33 16 17 18 18 16 17 1 0 0 18 16 17 0 0 1 2 0 1 18 17 16 2 0 2 1 1 0 17 16 16 1 1 0 32 34 32 2 1 2 33 34 32 32 34 32 2 0 2 32 34 32 33 34 32 0 0 1 32 34 32 
0
2 1 1 0 1 0 2 2 2 
2 2 2 0 1 2 1 0 0 0 0 1 0 1 0 0 1 0 0 0 1 0 1 2 2 0 1 1 0 0 2 0 1 0 0 1 2 0 1 2 1 0 2 0 2 1 1 0 1 0 0 1 1 0 0 2 0 2 1 2 1 2 0 0 2 0 2 2 2 0 2 0 1 2 0 0 0 1 0 2 0 
34 34 34 16 17 18 17 16 16 32 32 33 16 17 16 16 17 16 32 32 33 16 17 18 18 16 17 1 0 0 18 16 17 0 0 1 2 0 1 18 17 16 2 0 2 1 1 0 17 16 16 1 1 0 32 34 32 34 33 34 33 34 32 32 34 32 34 34 34 32 34 32 33 34 32 32 32 33 32 34 32 
0
2 1 1 0 1 0 2 2 2 
2 2 2 0 1 2 1 0 0 0 0 1 0 1 0 0 1 0 0 0 1 0 1 2 2 0 1 1 0 0 2 0 1 0 0 1 2 0 1 2 1 0 2 0 2 1 1 0 1 0 0 1 1 0 0 2 0 2 1 2 1 2 0 0 2 0 2 2 2 0 2 0 1 2 0 0 0 1 0 2 0 
34 34 34 16 17 18 17 16 16 32 32 33 16 17 16 16 17 16 32 32 33 16 17 18 18 16 17 1 0 0 18 16 17 0 0 1 2 0 1 18 17 16 2 0 2 1 1 0 17 16 16 1 1 0 32 34 32 34 33 34 33 34 32 32 34 32 34 34 34 32 34 32 33 34 32 32 32 33 32 34 32 
0
