0 0 0 0 0 0 0 0 0 
0 0 0 0 0 0 0 0 0 0 0 0 0 0 0 0 0 0 0 0 0 0 0 0 0 0 0 0 0 0 0 0 0 0 0 0 0 0 0 0 1 0 0 0 0 0 0 0 0 0 0 0 0 0 0 0 0 0 0 0 0 0 0 0 0 0 0 0 0 0 0 0 0 0 0 0 0 0 0 0 0 
0 0 0 0 0 0 0 0 0 0 0 0 0 0 0 0 0 0 0 0 0 0 0 0 0 0 0 0 0 0 0 0 0 0 0 0 0 0 0 0 1 0 0 0 0 0 0 0 0 0 0 0 0 0 0 0 0 0 0 0 0 0 0 0 0 0 0 0 0 0 0 0 0 0 0 0 0 0 0 0 0 
0
0 0 0 0 0 0 0 0 0 
0 0 0 0 0 0 0 0 0 0 0 0 0 0 0 0 0 0 0 0 0 0 0 0 0 0 0 0 0 0 2 0 0 0 0 0 0 0 0 0 1 0 0 0 0 0 0 0 0 0 0 0 0 0 0 0 0 0 0 0 0 0 0 0 0 0 0 0 0 0 0 0 0 0 0 0 0 0 0 0 0 
0 0 0 0 0 0 0 0 0 0 0 0 0 0 0 0 0 0 0 0 0 0 0 0 0 0 0 0 0 0 2 0 0 0 0 0 0 0 0 0 1 0 0 0 0 0 0 0 0 0 0 0 0 0 0 0 0 0 0 0 0 0 0 0 0 0 0 0 0 0 0 0 0 0 0 0 0 0 0 0 0 
0
0 0 0 0 0 0 0 0 0 
0 1 0 0 0 0 0 0 0 0 0 0 0 0 0 0 0 0 0 0 0 0 0 0 0 0 0 0 0 0 2 0 0 0 0 0 0 0 0 0 1 0 0 0 0 0 0 0 0 0 0 0 0 0 0 0 0 0 0 0 0 0 0 0 0 0 0 0 0 0 0 0 0 0 0 0 0 0 0 0 0 
0 1 0 0 0 0 0 0 0 0 0 0 0 0 0 0 0 0 0 0 0 0 0 0 0 0 0 0 0 0 2 0 0 0 0 0 0 0 0 0 1 0 0 0 0 0 0 0 0 0 0 0 0 0 0 0 0 0 0 0 0 0 0 0 0 0 0 0 0 0 0 0 0 0 0 0 0 0 0 0 0 
0
0 0 0 0 0 0 0 0 0 
0 1 0 0 2 0 0 0 0 0 0 0 0 0 0 0 0 0 0 0 0 0 0 0 0 0 0 0 0 0 2 0 0 0 0 0 0 0 0 0 1 0 0 0 0 0 0 0 0 0 0 0 0 0 0 0 0 0 0 0 0 0 0 0 0 0 0 0 0 0 0 0 0 0 0 0 0 0 0 0 0 
0 1 0 0 2 0 0 0 0 0 0 0 0 0 0 0 0 0 0 0 0 0 0 0 0 0 0 0 0 0 2 0 0 0 0 0 0 0 0 0 1 0 0 0 0 0 0 0 0 0 0 0 0 0 0 0 0 0 0 0 0 0 0 0 0 0 0 0 0 0 0 0 0 0 0 0 0 0 0 0 0 
0
0 0 0 0 0 0 0 0 0 
0 1 0 0 2 0 0 0 0 0 0 0 0 0 0 0 0 0 0 0 0 0 1 0 0 0 0 0 0 0 2 0 0 0 0 0 0 0 0 0 1 0 0 0 0 0 0 0 0 0 0 0 0 0 0 0 0 0 0 0 0 0 0 0 0 0 0 0 0 0 0 0 0 0 0 0 0 0 0 0 0 
0 1 0 0 2 0 0 0 0 0 0 0 0 0 0 0 0 0 0 0 0 0 1 0 0 0 0 0 0 0 2 0 0 0 0 0 0 0 0 0 1 0 0 0 0 0 0 0 0 0 0 0 0 0 0 0 0 0 0 0 0 0 0 0 0 0 0 0 0 0 0 0 0 0 0 0 0 0 0 0 0 
0
0 0 0 0 0 0 0 0 0 
0 1 0 0 2 0 0 0 0 0 0 0 0 0 0 0 0 0 0 0 0 0 1 0 0 0 0 0 0 0 2 0 0 0 0 0 0 0 0 0 1 0 0 0 0 0 0 0 0 0 0 0 0 0 0 0 0 0 0 0 0 0 0 0 0 0 0 0 2 0 0 0 0 0 0 0 0 0 0 0 0 
0 1 0 0 2 0 0 0 0 0 0 0 0 0 0 0 0 0 0 0 0 0 1 0 0 0 0 0 0 0 2 0 0 0 0 0 0 0 0 0 1 0 0 0 0 0 0 0 0 0 0 0 0 0 0 0 0 0 0 0 0 0 0 0 0 0 0 0 2 0 0 0 0 0 0 0 0 0 0 0 0 
0
0 0 0 0 0 0 0 0 0 
0 1 0 0 2 0 0 0 0 0 0 0 0 0 0 0 0 0 0 0 0 0 1 0 0 0 0 0 0 0 2 0 0 0 0 0 0 0 0 0 1 0 0 0 1 0 0 0 0 0 0 0 0 0 0 0 0 0 0 0 0 0 0 0 0 0 0 0 2 0 0 0 0 0 0 0 0 0 0 0 0 
0 1 0 0 2 0 0 0 0 0 0 0 0 0 0 0 0 0 0 0 0 0 1 0 0 0 0 0 0 0 2 0 0 0 0 0 0 0 0 0 1 0 0 0 1 0 0 0 0 0 0 0 0 0 0 0 0 0 0 0 0 0 0 0 0 0 0 0 2 0 0 0 0 0 0 0 0 0 0 0 0 
0
0 0 0 0 0 0 0 0 0 
0 1 0 0 2 0 0 0 0 0 0 0 0 0 0 0 0 0 0 0 0 0 1 0 0 0 0 0 0 0 2 0 0 0 0 2 0 0 0 0 1 0 0 0 1 0 0 0 0 0 0 0 0 0 0 0 0 0 0 0 0 0 0 0 0 0 0 0 2 0 0 0 0 0 0 0 0 0 0 0 0 
0 1 0 0 2 0 0 0 0 0 0 0 0 0 0 0 0 0 0 0 0 0 1 0 0 0 0 0 0 0 2 0 0 0 0 2 0 0 0 0 1 0 0 0 1 0 0 0 0 0 0 0 0 0 0 0 0 0 0 0 0 0 0 0 0 0 0 0 2 0 0 0 0 0 0 0 0 0 0 0 0 
0
0 0 0 0 0 0 0 0 0 
0 1 0 0 2 0 0 1 0 0 0 0 0 0 0 0 0 0 0 0 0 0 1 0 0 0 0 0 0 0 2 0 0 0 0 2 0 0 0 0 1 0 0 0 1 0 0 0 0 0 0 0 0 0 0 0 0 0 0 0 0 0 0 0 0 0 0 0 2 0 0 0 0 0 0 0 0 0 0 0 0 
0 1 0 0 2 0 0 1 0 0 0 0 0 0 0 0 0 0 0 0 0 0 1 0 0 0 0 0 0 0 2 0 0 0 0 2 0 0 0 0 1 0 0 0 1 0 0 0 0 0 0 0 0 0 0 0 0 0 0 0 0 0 0 0 0 0 0 0 2 0 0 0 0 0 0 0 0 0 0 0 0 
0
0 0 0 0 0 0 0 0 0 
0 1 0 0 2 0 0 1 0 0 0 0 0 0 0 0 0 0 0 0 0 2 1 0 0 0 0 0 0 0 2 0 0 0 0 2 0 0 0 0 1 0 0 0 1 0 0 0 0 0 0 0 0 0 0 0 0 0 0 0 0 0 0 0 0 0 0 0 2 0 0 0 0 0 0 0 0 0 0 0 0 
0 1 0 0 2 0 0 1 0 0 0 0 0 0 0 0 0 0 0 0 0 2 1 0 0 0 0 0 0 0 2 0 0 0 0 2 0 0 0 0 1 0 0 0 1 0 0 0 0 0 0 0 0 0 0 0 0 0 0 0 0 0 0 0 0 0 0 0 2 0 0 0 0 0 0 0 0 0 0 0 0 
0
0 0 0 0 0 0 0 0 0 
0 1 0 0 2 0 0 1 0 0 0 0 0 0 0 0 0 0 0 0 0 2 1 0 0 0 0 0 0 0 2 0 0 0 0 2 0 0 0 0 1 0 0 0 1 0 0 0 0 0 0 0 0 0 0 0 0 0 0 0 0 0 0 0 0 0 0 0 2 0 0 0 1 0 0 0 0 0 0 0 0 
0 1 0 0 2 0 0 1 0 0 0 0 0 0 0 0 0 0 0 0 0 2 1 0 0 0 0 0 0 0 2 0 0 0 0 2 0 0 0 0 1 0 0 0 1 0 0 0 0 0 0 0 0 0 0 0 0 0 0 0 0 0 0 0 0 0 0 0 2 0 0 0 1 0 0 0 0 0 0 0 0 
0
0 0 0 0 0 0 0 0 0 
0 1 0 0 2 0 0 1 0 0 0 0 0 0 0 0 0 0 0 0 0 2 1 0 0 0 0 0 0 0 2 0 0 0 0 2 0 0 0 0 1 0 0 0 1 0 0 0 0 0 0 0 0 0 0 0 0 0 0 0 0 0 0 2 0 0 0 0 2 0 0 0 1 0 0 0 0 0 0 0 0 
0 1 0 0 2 0 0 1 0 0 0 0 0 0 0 0 0 0 0 0 0 2 1 0 0 0 0 0 0 0 2 0 0 0 0 2 0 0 0 0 1 0 0 0 1 0 0 0 0 0 0 0 0 0 0 0 0 0 0 0 0 0 0 2 0 0 0 0 2 0 0 0 1 0 0 0 0 0 0 0 0 
0
0 0 0 0 0 0 0 0 0 
0 1 0 0 2 0 0 1 0 0 0 0 0 0 0 0 0 0 0 0 0 2 1 0 0 0 0 1 0 0 2 0 0 0 0 2 0 0 0 0 1 0 0 0 1 0 0 0 0 0 0 0 0 0 0 0 0 0 0 0 0 0 0 2 0 0 0 0 2 0 0 0 1 0 0 0 0 0 0 0 0 
0 1 0 0 2 0 0 1 0 0 0 0 0 0 0 0 0 0 0 0 0 2 1 0 0 0 0 1 0 0 2 0 0 0 0 2 0 0 0 0 1 0 0 0 1 0 0 0 0 0 0 0 0 0 0 0 0 0 0 0 0 0 0 2 0 0 0 0 2 0 0 0 1 0 0 0 0 0 0 0 0 
0
0 0 0 0 0 0 0 0 0 
0 1 0 0 2 0 0 1 0 0 0 0 0 0 0 0 0 0 0 2 0 2 1 0 0 0 0 1 0 0 2 0 0 0 0 2 0 0 0 0 1 0 0 0 1 0 0 0 0 0 0 0 0 0 0 0 0 0 0 0 0 0 0 2 0 0 0 0 2 0 0 0 1 0 0 0 0 0 0 0 0 
0 1 0 0 2 0 0 1 0 0 0 0 0 0 0 0 0 0 0 2 0 2 1 0 0 0 0 1 0 0 2 0 0 0 0 2 0 0 0 0 1 0 0 0 1 0 0 0 0 0 0 0 0 0 0 0 0 0 0 0 0 0 0 2 0 0 0 0 2 0 0 0 1 0 0 0 0 0 0 0 0 
0
0 0 0 0 0 0 0 0 0 
0 1 0 0 2 0 0 1 0 0 0 0 0 0 0 0 0 0 0 2 0 2 1 0 0 0 0 1 0 0 2 0 0 0 0 2 0 0 0 0 1 0 0 0 1 0 0 0 0 0 0 0 0 0 0 0 0 0 0 1 0 0 0 2 0 0 0 0 2 0 0 0 1 0 0 0 0 0 0 0 0 
0 1 0 0 2 0 0 1 0 0 0 0 0 0 0 0 0 0 0 2 0 2 1 0 0 0 0 1 0 0 2 0 0 0 0 2 0 0 0 0 1 0 0 0 1 0 0 0 0 0 0 0 0 0 0 0 0 0 0 1 0 0 0 2 0 0 0 0 2 0 0 0 1 0 0 0 0 0 0 0 0 
0
0 0 0 0 0 0 0 0 0 
0 1 0 0 2 0 0 1 0 0 0 0 0 0 0 0 0 0 0 2 0 2 1 0 0 2 0 1 0 0 2 0 0 0 0 2 0 0 0 0 1 0 0 0 1 0 0 0 0 0 0 0 0 0 0 0 0 0 0 1 0 0 0 2 0 0 0 0 2 0 0 0 1 0 0 0 0 0 0 0 0 
0 1 0 0 2 0 0 1 0 0 0 0 0 0 0 0 0 0 0 2 0 2 1 0 0 2 0 1 0 0 2 0 0 0 0 2 0 0 0 0 1 0 0 0 1 0 0 0 0 0 0 0 0 0 0 0 0 0 0 1 0 0 0 2 0 0 0 0 2 0 0 0 1 0 0 0 0 0 0 0 0 
0
0 0 0 0 0 0 0 0 0 
0 1 0 0 2 0 0 1 0 0 0 0 0 0 0 0 0 0 0 2 0 2 1 0 0 2 0 1 0 0 2 0 0 0 0 2 0 0 0 0 1 0 0 0 1 0 0 0 0 0 0 0 0 0 0 0 0 0 0 1 0 0 0 2 0 0 0 0 2 0 0 0 1 0 0 1 0 0 0 0 0 
0 1 0 0 2 0 0 1 0 0 0 0 0 0 0 0 0 0 0 2 0 2 1 0 0 2 0 1 0 0 2 0 0 0 0 2 0 0 0 0 1 0 0 0 1 0 0 0 0 0 0 0 0 0 0 0 0 0 0 1 0 0 0 2 0 0 0 0 2 0 0 0 1 0 0 1 0 0 0 0 0 
0
0 0 0 0 0 0 0 0 0 
0 1 0 0 2 0 0 1 0 0 0 0 0 0 0 0 0 0 0 2 0 2 1 0 0 2 0 1 0 0 2 0 0 0 0 2 0 0 0 0 1 0 0 0 1 0 0 0 0 0 0 0 0 0 0 0 0 0 0 1 0 0 0 2 0 2 0 0 2 0 0 0 1 0 0 1 0 0 0 0 0 
0 1 0 0 2 0 0 1 0 0 0 0 0 0 0 0 0 0 0 2 0 2 1 0 0 2 0 1 0 0 2 0 0 0 0 2 0 0 0 0 1 0 0 0 1 0 0 0 0 0 0 0 0 0 0 0 0 0 0 1 0 0 0 2 0 2 0 0 2 0 0 0 1 0 0 1 0 0 0 0 0 
0
0 0 0 0 0 0 0 0 0 
0 1 0 0 2 0 0 1 0 0 0 0 0 0 0 0 0 0 0 2 0 2 1 0 0 2 0 1 0 0 2 0 0 0 0 2 0 0 0 0 1 0 1 0 1 0 0 0 0 0 0 0 0 0 0 0 0 0 0 1 0 0 0 2 0 2 0 0 2 0 0 0 1 0 0 1 0 0 0 0 0 
0 1 0 0 2 0 0 1 0 0 0 0 0 0 0 0 0 0 0 2 0 2 1 0 0 2 0 1 0 0 2 0 0 0 0 2 0 0 0 0 1 0 1 0 1 0 0 0 0 0 0 0 0 0 0 0 0 0 0 1 0 0 0 2 0 2 0 0 2 0 0 0 1 0 0 1 0 0 0 0 0 
0
0 0 0 0 0 0 0 0 0 
0 1 0 0 2 0 0 1 0 0 0 0 0 0 0 0 0 0 0 2 0 2 1 0 0 2 0 1 2 0 2 0 0 0 0 2 0 0 0 0 1 0 1 0 1 0 0 0 0 0 0 0 0 0 0 0 0 0 0 1 0 0 0 2 0 2 0 0 2 0 0 0 1 0 0 1 0 0 0 0 0 
0 1 0 0 2 0 0 1 0 0 0 0 0 0 0 0 0 0 0 2 0 2 1 0 0 2 0 1 2 0 2 0 0 0 0 2 0 0 0 0 1 0 1 0 1 0 0 0 0 0 0 0 0 0 0 0 0 0 0 1 0 0 0 2 0 2 0 0 2 0 0 0 1 0 0 1 0 0 0 0 0 
0
0 0 0 0 0 0 0 0 0 
0 1 0 0 2 0 0 1 0 0 0 0 1 0 0 0 0 0 0 2 0 2 1 0 0 2 0 1 2 0 2 0 0 0 0 2 0 0 0 0 1 0 1 0 1 0 0 0 0 0 0 0 0 0 0 0 0 0 0 1 0 0 0 2 0 2 0 0 2 0 0 0 1 0 0 1 0 0 0 0 0 
0 1 0 0 2 0 0 1 0 0 0 0 1 0 0 0 0 0 0 2 0 2 1 0 0 2 0 1 2 0 2 0 0 0 0 2 0 0 0 0 1 0 1 0 1 0 0 0 0 0 0 0 0 0 0 0 0 0 0 1 0 0 0 2 0 2 0 0 2 0 0 0 1 0 0 1 0 0 0 0 0 
0
0 0 0 0 0 0 0 0 0 
0 1 0 0 2 0 0 1 0 0 0 0 1 0 0 0 0 0 0 2 0 2 1 0 0 2 0 1 2 0 2 0 0 0 0 2 2 0 0 0 1 0 1 0 1 0 0 0 0 0 0 0 0 0 0 0 0 0 0 1 0 0 0 2 0 2 0 0 2 0 0 0 1 0 0 1 0 0 0 0 0 
0 1 0 0 2 0 0 1 0 0 0 0 1 0 0 0 0 0 0 2 0 2 1 0 0 2 0 1 2 0 2 0 0 0 0 2 2 0 0 0 1 0 1 0 1 0 0 0 0 0 0 0 0 0 0 0 0 0 0 1 0 0 0 2 0 2 0 0 2 0 0 0 1 0 0 1 0 0 0 0 0 
0
0 0 0 0 0 0 0 0 0 
0 1 0 0 2 0 0 1 0 0 0 0 1 0 0 0 0 0 0 2 0 2 1 0 0 2 0 1 2 0 2 0 0 0 0 2 2 0 0 0 1 0 1 0 1 0 0 1 0 0 0 0 0 0 0 0 0 0 0 1 0 0 0 2 0 2 0 0 2 0 0 0 1 0 0 1 0 0 0 0 0 
0 1 0 0 2 0 0 1 0 0 0 0 1 0 0 0 0 0 0 2 0 2 1 0 0 2 0 1 2 0 2 0 0 0 0 2 2 0 0 0 1 0 1 0 1 0 0 1 0 0 0 0 0 0 0 0 0 0 0 1 0 0 0 2 0 2 0 0 2 0 0 0 1 0 0 1 0 0 0 0 0 
0
0 0 0 0 0 0 0 0 0 
0 1 0 0 2 0 0 1 0 0 0 0 1 0 0 0 0 0 0 2 0 2 1 0 0 2 0 1 2 0 2 0 0 0 0 2 2 0 0 0 1 0 1 0 1 0 0 1 0 0 0 0 0 0 0 0 0 0 0 1 2 0 0 2 0 2 0 0 2 0 0 0 1 0 0 1 0 0 0 0 0 
0 1 0 0 2 0 0 1 0 0 0 0 1 0 0 0 0 0 0 2 0 2 1 0 0 2 0 1 2 0 2 0 0 0 0 2 2 0 0 0 1 0 1 0 1 0 0 1 0 0 0 0 0 0 0 0 0 0 0 1 2 0 0 2 0 2 0 0 2 0 0 0 1 0 0 1 0 0 0 0 0 
0
0 0 0 0 0 0 0 0 0 
0 1 1 0 2 0 0 1 0 0 0 0 1 0 0 0 0 0 0 2 0 2 1 0 0 2 0 1 2 0 2 0 0 0 0 2 2 0 0 0 1 0 1 0 1 0 0 1 0 0 0 0 0 0 0 0 0 0 0 1 2 0 0 2 0 2 0 0 2 0 0 0 1 0 0 1 0 0 0 0 0 
0 1 1 0 2 0 0 1 0 0 0 0 1 0 0 0 0 0 0 2 0 2 1 0 0 2 0 1 2 0 2 0 0 0 0 2 2 0 0 0 1 0 1 0 1 0 0 1 0 0 0 0 0 0 0 0 0 0 0 1 2 0 0 2 0 2 0 0 2 0 0 0 1 0 0 1 0 0 0 0 0 
0
0 0 0 0 0 0 0 0 0 
0 1 1 0 2 0 0 1 0 0 0 0 1 0 0 0 0 0 0 2 0 2 1 0 0 2 2 1 2 0 2 0 0 0 0 2 2 0 0 0 1 0 1 0 1 0 0 1 0 0 0 0 0 0 0 0 0 0 0 1 2 0 0 2 0 2 0 0 2 0 0 0 1 0 0 1 0 0 0 0 0 
0 1 1 0 2 0 0 1 0 0 0 0 1 0 0 0 0 0 0 2 0 2 1 0 0 2 2 1 2 0 2 0 0 0 0 2 2 0 0 0 1 0 1 0 1 0 0 1 0 0 0 0 0 0 0 0 0 0 0 1 2 0 0 2 0 2 0 0 2 0 0 0 1 0 0 1 0 0 0 0 0 
0
0 0 0 0 0 0 0 0 0 
0 1 1 0 2 0 0 1 0 0 0 0 1 0 0 0 0 0 0 2 0 2 1 0 0 2 2 1 2 0 2 0 0 0 0 2 2 0 0 0 1 0 1 0 1 0 0 1 0 0 0 0 0 0 0 0 0 0 0 1 2 0 0 2 0 2 0 0 2 0 0 0 1 0 0 1 0 0 0 1 0 
0 1 1 0 2 0 0 1 0 0 0 0 1 0 0 0 0 0 0 2 0 2 1 0 0 2 2 1 2 0 2 0 0 0 0 2 2 0 0 0 1 0 1 0 1 0 0 1 0 0 0 0 0 0 0 0 0 0 0 1 2 0 0 2 0 2 0 0 2 0 0 0 1 0 0 1 0 0 0 1 0 
0
0 0 0 0 0 0 0 0 0 
0 1 1 0 2 0 0 1 0 0 0 0 1 0 0 0 0 0 0 2 0 2 1 0 0 2 2 1 2 0 2 0 0 0 0 2 2 0 0 0 1 0 1 0 1 0 0 1 0 0 0 0 0 0 0 0 0 0 0 1 2 0 0 2 0 2 0 0 2 0 0 0 1 0 0 1 0 2 0 1 0 
0 1 1 0 2 0 0 1 0 0 0 0 1 0 0 0 0 0 0 2 0 2 1 0 0 2 2 1 2 0 2 0 0 0 0 2 2 0 0 0 1 0 1 0 1 0 0 1 0 0 0 0 0 0 0 0 0 0 0 1 2 0 0 2 0 2 0 0 2 0 0 0 1 0 0 1 0 2 0 1 0 
0
0 0 0 0 0 0 0 0 0 
0 1 1 0 2 0 0 1 0 0 0 0 1 0 0 0 0 0 0 2 0 2 1 0 0 2 2 1 2 0 2 0 0 0 0 2 2 0 0 0 1 0 1 0 1 0 0 1 0 0 0 0 0 0 0 0 0 0 0 1 2 0 0 2 0 2 0 0 2 0 0 0 1 0 0 1 0 2 0 1 1 
0 1 1 0 2 0 0 1 0 0 0 0 1 0 0 0 0 0 0 2 0 2 1 0 0 2 2 1 2 0 2 0 0 0 0 2 2 0 0 0 1 0 1 0 1 0 0 1 0 0 0 0 0 0 0 0 0 0 0 1 2 0 0 2 0 2 0 0 2 0 0 0 1 0 0 1 0 2 0 1 1 
0
0 0 0 0 0 0 0 0 0 
0 1 1 0 2 0 0 1 0 0 0 0 1 0 0 0 0 0 0 2 0 2 1 0 0 2 2 1 2 0 2 0 0 0 0 2 2 0 0 0 1 0 1 0 1 0 0 1 0 0 0 0 0 0 0 0 0 0 0 1 2 2 0 2 0 2 0 0 2 0 0 0 1 0 0 1 0 2 0 1 1 
0 1 1 0 2 0 0 1 0 0 0 0 1 0 0 0 0 0 0 2 0 2 1 0 0 2 2 1 2 0 2 0 0 0 0 2 2 0 0 0 1 0 1 0 1 0 0 1 0 0 0 0 0 0 0 0 0 0 0 1 2 2 0 2 0 2 0 0 2 0 0 0 1 0 0 1 0 2 0 1 1 
0
0 0 0 0 0 0 0 0 0 
0 1 1 0 2 0 0 1 0 0 0 0 1 0 1 0 0 0 0 2 0 2 1 0 0 2 2 1 2 0 2 0 0 0 0 2 2 0 0 0 1 0 1 0 1 0 0 1 0 0 0 0 0 0 0 0 0 0 0 1 2 2 0 2 0 2 0 0 2 0 0 0 1 0 0 1 0 2 0 1 1 
0 1 1 0 2 0 0 1 0 0 0 0 1 0 1 0 0 0 0 2 0 2 1 0 0 2 2 1 2 0 2 0 0 0 0 2 2 0 0 0 1 0 1 0 1 0 0 1 0 0 0 0 0 0 0 0 0 0 0 1 2 2 0 2 0 2 0 0 2 0 0 0 1 0 0 1 0 2 0 1 1 
0
0 0 0 0 0 0 0 0 0 
0 1 1 0 2 0 0 1 0 0 0 0 1 0 1 0 0 0 0 2 0 2 1 0 0 2 2 1 2 0 2 0 0 2 0 2 2 0 0 0 1 0 1 0 1 0 0 1 0 0 0 0 0 0 0 0 0 0 0 1 2 2 0 2 0 2 0 0 2 0 0 0 1 0 0 1 0 2 0 1 1 
0 1 1 0 2 0 0 1 0 0 0 0 1 0 1 0 0 0 0 2 0 2 1 0 0 2 2 1 2 0 2 0 0 2 0 2 2 0 0 0 1 0 1 0 1 0 0 1 0 0 0 0 0 0 0 0 0 0 0 1 2 2 0 2 0 2 0 0 2 0 0 0 1 0 0 1 0 2 0 1 1 
0
0 0 0 0 0 0 0 0 0 
0 1 1 0 2 0 0 1 0 0 0 1 1 0 1 0 0 0 0 2 0 2 1 0 0 2 2 1 2 0 2 0 0 2 0 2 2 0 0 0 1 0 1 0 1 0 0 1 0 0 0 0 0 0 0 0 0 0 0 1 2 2 0 2 0 2 0 0 2 0 0 0 1 0 0 1 0 2 0 1 1 
0 1 1 0 2 0 0 1 0 0 0 1 1 0 1 0 0 0 0 2 0 2 1 0 0 2 2 1 2 0 2 0 0 2 0 2 2 0 0 0 1 0 1 0 1 0 0 1 0 0 0 0 0 0 0 0 0 0 0 1 2 2 0 2 0 2 0 0 2 0 0 0 1 0 0 1 0 2 0 1 1 
0
0 0 0 0 0 2 0 0 0 
0 1 1 0 2 0 0 1 0 0 0 1 1 0 1 0 0 0 0 2 0 2 1 0 0 2 2 1 2 0 2 0 0 2 2 2 2 0 0 0 1 0 1 0 1 0 0 1 0 0 0 0 0 0 0 0 0 0 0 1 2 2 0 2 0 2 0 0 2 0 0 0 1 0 0 1 0 2 0 1 1 
0 1 1 0 2 0 0 1 0 0 0 1 1 0 1 0 0 0 0 2 0 2 1 0 0 2 2 1 2 0 2 0 0 34 34 34 2 0 0 0 1 0 33 32 33 0 0 1 0 0 0 32 32 32 0 0 0 0 0 1 2 2 0 2 0 2 0 0 2 0 0 0 1 0 0 1 0 2 0 1 1 
0
0 1 0 0 0 2 0 0 0 
0 1 1 0 2 0 0 1 0 0 0 1 1 1 1 0 0 0 0 2 0 2 1 0 0 2 2 1 2 0 2 0 0 2 2 2 2 0 0 0 1 0 1 0 1 0 0 1 0 0 0 0 0 0 0 0 0 0 0 1 2 2 0 2 0 2 0 0 2 0 0 0 1 0 0 1 0 2 0 1 1 
0 1 1 16 18 16 0 1 0 0 0 1 17 17 17 0 0 0 0 2 0 18 17 16 0 2 2 1 2 0 2 0 0 34 34 34 2 0 0 0 1 0 33 32 33 0 0 1 0 0 0 32 32 32 0 0 0 0 0 1 2 2 0 2 0 2 0 0 2 0 0 0 1 0 0 1 0 2 0 1 1 
0
0 1 0 0 0 2 0 0 0 
0 1 1 0 2 0 0 1 0 0 0 1 1 1 1 0 0 0 0 2 0 2 1 0 0 2 2 1 2 0 2 0 0 2 2 2 2 0 0 2 1 0 1 0 1 0 0 1 0 0 0 0 0 0 0 0 0 0 0 1 2 2 0 2 0 2 0 0 2 0 0 0 1 0 0 1 0 2 0 1 1 
0 1 1 16 18 16 0 1 0 0 0 1 17 17 17 0 0 0 0 2 0 18 17 16 0 2 2 1 2 0 2 0 0 34 34 34 2 0 0 2 1 0 33 32 33 0 0 1 0 0 0 32 32 32 0 0 0 0 0 1 2 2 0 2 0 2 0 0 2 0 0 0 1 0 0 1 0 2 0 1 1 
0
0 1 0 0 0 2 0 0 0 
0 1 1 0 2 0 0 1 0 0 0 1 1 1 1 0 0 0 0 2 0 2 1 0 0 2 2 1 2 0 2 0 0 2 2 2 2 0 0 2 1 0 1 0 1 0 1 1 0 0 0 0 0 0 0 0 0 0 0 1 2 2 0 2 0 2 0 0 2 0 0 0 1 0 0 1 0 2 0 1 1 
0 1 1 16 18 16 0 1 0 0 0 1 17 17 17 0 0 0 0 2 0 18 17 16 0 2 2 1 2 0 2 0 0 34 34 34 2 0 0 2 1 0 33 32 33 0 1 1 0 0 0 32 32 32 0 0 0 0 0 1 2 2 0 2 0 2 0 0 2 0 0 0 1 0 0 1 0 2 0 1 1 
0
0 1 0 0 0 2 0 0 0 
0 1 1 0 2 0 0 1 0 0 0 1 1 1 1 0 0 0 0 2 0 2 1 0 0 2 2 1 2 0 2 0 0 2 2 2 2 0 0 2 1 0 1 0 1 0 1 1 0 0 0 0 0 0 0 0 0 0 0 1 2 2 0 2 0 2 2 0 2 0 0 0 1 0 0 1 0 2 0 1 1 
0 1 1 16 18 16 0 1 0 0 0 1 17 17 17 0 0 0 0 2 0 18 17 16 0 2 2 1 2 0 2 0 0 34 34 34 2 0 0 2 1 0 33 32 33 0 1 1 0 0 0 32 32 32 0 0 0 0 0 1 2 2 0 2 0 2 2 0 2 0 0 0 1 0 0 1 0 2 0 1 1 
0
0 1 0 1 0 2 0 0 0 
0 1 1 0 2 0 0 1 0 0 0 1 1 1 1 0 0 0 0 2 0 2 1 0 0 2 2 1 2 0 2 0 0 2 2 2 2 1 0 2 1 0 1 0 1 0 1 1 0 0 0 0 0 0 0 0 0 0 0 1 2 2 0 2 0 2 2 0 2 0 0 0 1 0 0 1 0 2 0 1 1 
0 1 1 16 18 16 0 1 0 0 0 1 17 17 17 0 0 0 0 2 0 18 17 16 0 2 2 17 18 16 2 0 0 34 34 34 18 17 16 2 1 0 33 32 33 16 17 17 0 0 0 32 32 32 0 0 0 0 0 1 2 2 0 2 0 2 2 0 2 0 0 0 1 0 0 1 0 2 0 1 1 
0
0 1 0 1 2 2 0 0 0 
0 1 1 0 2 0 0 1 0 0 0 1 1 1 1 0 0 0 0 2 0 2 1 0 0 2 2 1 2 0 2 0 0 2 2 2 2 1 0 2 1 0 1 0 1 0 1 1 2 0 0 0 0 0 0 0 0 0 0 1 2 2 0 2 0 2 2 0 2 0 0 0 1 0 0 1 0 2 0 1 1 
0 1 1 16 18 16 0 1 0 0 0 1 17 17 17 0 0 0 0 2 0 18 17 16 0 2 2 17 18 16 34 32 32 34 34 34 18 17 16 34 33 32 33 32 33 16 17 17 34 32 32 32 32 32 0 0 0 0 0 1 2 2 0 2 0 2 2 0 2 0 0 0 1 0 0 1 0 2 0 1 1 
0
0 1 0 1 2 2 0 0 0 
0 1 1 0 2 0 0 1 0 0 0 1 1 1 1 0 0 0 0 2 0 2 1 0 0 2 2 1 2 0 2 0 0 2 2 2 2 1 0 2 1 0 1 0 1 0 1 1 2 0 0 0 0 0 0 0 0 0 0 1 2 2 0 2 1 2 2 0 2 0 0 0 1 0 0 1 0 2 0 1 1 
0 1 1 16 18 16 0 1 0 0 0 1 17 17 17 0 0 0 0 2 0 18 17 16 0 2 2 17 18 16 34 32 32 34 34 34 18 17 16 34 33 32 33 32 33 16 17 17 34 32 32 32 32 32 0 0 0 0 0 1 2 2 0 2 1 2 2 0 2 0 0 0 1 0 0 1 0 2 0 1 1 
0
0 1 2 1 2 2 0 0 0 
0 1 1 0 2 0 0 1 0 0 0 1 1 1 1 0 0 0 0 2 0 2 1 0 2 2 2 1 2 0 2 0 0 2 2 2 2 1 0 2 1 0 1 0 1 0 1 1 2 0 0 0 0 0 0 0 0 0 0 1 2 2 0 2 1 2 2 0 2 0 0 0 1 0 0 1 0 2 0 1 1 
0 1 1 16 18 16 32 33 32 0 0 1 17 17 17 32 32 32 0 2 0 18 17 16 34 34 34 17 18 16 34 32 32 34 34 34 18 17 16 34 33 32 33 32 33 16 17 17 34 32 32 32 32 32 0 0 0 0 0 1 2 2 0 2 1 2 2 0 2 0 0 0 1 0 0 1 0 2 0 1 1 
0
0 1 2 1 2 2 0 0 0 
0 1 1 0 2 0 0 1 0 0 0 1 1 1 1 0 0 0 0 2 0 2 1 0 2 2 2 1 2 0 2 0 0 2 2 2 2 1 0 2 1 0 1 0 1 0 1 1 2 0 0 0 0 0 0 0 0 0 0 1 2 2 0 2 1 2 2 0 2 0 0 0 1 1 0 1 0 2 0 1 1 
0 1 1 16 18 16 32 33 32 0 0 1 17 17 17 32 32 32 0 2 0 18 17 16 34 34 34 17 18 16 34 32 32 34 34 34 18 17 16 34 33 32 33 32 33 16 17 17 34 32 32 32 32 32 0 0 0 0 0 1 2 2 0 2 1 2 2 0 2 0 0 0 1 1 0 1 0 2 0 1 1 
0
0 1 2 1 2 2 0 0 0 
0 1 1 0 2 0 0 1 0 0 0 1 1 1 1 0 0 0 0 2 0 2 1 0 2 2 2 1 2 0 2 0 0 2 2 2 2 1 0 2 1 0 1 0 1 0 1 1 2 0 0 0 0 0 0 0 0 2 0 1 2 2 0 2 1 2 2 0 2 0 0 0 1 1 0 1 0 2 0 1 1 
0 1 1 16 18 16 32 33 32 0 0 1 17 17 17 32 32 32 0 2 0 18 17 16 34 34 34 17 18 16 34 32 32 34 34 34 18 17 16 34 33 32 33 32 33 16 17 17 34 32 32 32 32 32 0 0 0 2 0 1 2 2 0 2 1 2 2 0 2 0 0 0 1 1 0 1 0 2 0 1 1 
0
0 1 2 1 2 2 0 0 0 
0 1 1 0 2 0 0 1 0 0 0 1 1 1 1 0 0 0 1 2 0 2 1 0 2 2 2 1 2 0 2 0 0 2 2 2 2 1 0 2 1 0 1 0 1 0 1 1 2 0 0 0 0 0 0 0 0 2 0 1 2 2 0 2 1 2 2 0 2 0 0 0 1 1 0 1 0 2 0 1 1 
0 1 1 16 18 16 32 33 32 0 0 1 17 17 17 32 32 32 1 2 0 18 17 16 34 34 34 17 18 16 34 32 32 34 34 34 18 17 16 34 33 32 33 32 33 16 17 17 34 32 32 32 32 32 0 0 0 2 0 1 2 2 0 2 1 2 2 0 2 0 0 0 1 1 0 1 0 2 0 1 1 
0
0 1 2 1 2 2 0 0 0 
0 1 1 0 2 0 0 1 0 0 0 1 1 1 1 0 0 0 1 2 0 2 1 0 2 2 2 1 2 0 2 0 0 2 2 2 2 1 0 2 1 0 1 0 1 0 1 1 2 0 0 0 0 0 0 0 0 2 0 1 2 2 0 2 1 2 2 0 2 0 0 0 1 1 2 1 0 2 0 1 1 
0 1 1 16 18 16 32 33 32 0 0 1 17 17 17 32 32 32 1 2 0 18 17 16 34 34 34 17 18 16 34 32 32 34 34 34 18 17 16 34 33 32 33 32 33 16 17 17 34 32 32 32 32 32 0 0 0 2 0 1 2 2 0 2 1 2 2 0 2 0 0 0 1 1 2 1 0 2 0 1 1 
0
0 1 2 1 2 2 0 0 1 
0 1 1 0 2 0 0 1 0 0 0 1 1 1 1 0 0 0 1 2 0 2 1 0 2 2 2 1 2 0 2 0 0 2 2 2 2 1 0 2 1 0 1 0 1 0 1 1 2 0 0 0 0 0 0 0 0 2 0 1 2 2 0 2 1 2 2 0 2 0 0 0 1 1 2 1 0 2 1 1 1 
0 1 1 16 18 16 32 33 32 0 0 1 17 17 17 32 32 32 1 2 0 18 17 16 34 34 34 17 18 16 34 32 32 34 34 34 18 17 16 34 33 32 33 32 33 16 17 17 34 32 32 32 32 32 0 0 0 2 0 1 18 18 16 2 1 2 2 0 2 16 16 16 1 1 2 1 0 2 17 17 17 
0
0 1 2 1 2 2 2 0 1 
0 1 1 0 2 0 0 1 0 0 0 1 1 1 1 0 0 0 1 2 0 2 1 0 2 2 2 1 2 0 2 0 0 2 2 2 2 1 0 2 1 0 1 0 1 0 1 1 2 0 0 0 0 0 0 0 2 2 0 1 2 2 0 2 1 2 2 0 2 0 0 0 1 1 2 1 0 2 1 1 1 
0 1 1 16 18 16 32 33 32 0 0 1 17 17 17 32 32 32 1 2 0 18 17 16 34 34 34 17 18 16 34 32 32 34 34 34 18 17 16 34 33 32 33 32 33 16 17 17 34 32 32 32 32 32 32 32 34 2 0 1 18 18 16 34 33 34 2 0 2 16 16 16 33 33 34 1 0 2 17 17 17 
0
0 1 2 1 2 2 2 0 1 
0 1 1 0 2 0 0 1 0 0 0 1 1 1 1 0 0 0 1 2 0 2 1 0 2 2 2 1 2 0 2 0 0 2 2 2 2 1 0 2 1 0 1 0 1 0 1 1 2 0 0 0 0 0 0 0 2 2 0 1 2 2 0 2 1 2 2 0 2 0 0 0 1 1 2 1 0 2 1 1 1 
0 1 1 16 18 16 32 33 32 0 0 1 17 17 17 32 32 32 1 2 0 18 17 16 34 34 34 17 18 16 34 32 32 34 34 34 18 17 16 34 33 32 33 32 33 16 17 17 34 32 32 32 32 32 32 32 34 2 0 1 18 18 16 34 33 34 2 0 2 16 16 16 33 33 34 1 0 2 17 17 17 
0
