0 0 0 0 0 0 0 0 0 
0 0 0 0 0 0 0 0 0 0 1 0 0 0 0 0 0 0 0 0 0 0 0 0 0 0 0 0 0 0 0 0 0 0 0 0 0 0 0 0 0 0 0 0 0 0 0 0 0 0 0 0 0 0 0 0 0 0 0 0 0 0 0 0 0 0 0 0 0 0 0 0 0 0 0 0 0 0 0 0 0 
0 0 0 0 0 0 0 0 0 0 1 0 0 0 0 0 0 0 0 0 0 0 0 0 0 0 0 0 0 0 0 0 0 0 0 0 0 0 0 0 0 0 0 0 0 0 0 0 0 0 0 0 0 0 0 0 0 0 0 0 0 0 0 0 0 0 0 0 0 0 0 0 0 0 0 0 0 0 0 0 0 
1
0 0 0 0 0 0 0 0 0 
0 0 0 0 0 0 0 0 0 0 1 0 0 0 0 0 0 0 0 0 0 0 0 0 0 0 0 0 0 0 0 0 0 0 0 0 0 0 0 0 0 0 0 0 0 0 0 0 2 0 0 0 0 0 0 0 0 0 0 0 0 0 0 0 0 0 0 0 0 0 0 0 0 0 0 0 0 0 0 0 0 
0 0 0 0 0 0 0 0 0 0 1 0 0 0 0 0 0 0 0 0 0 0 0 0 0 0 0 0 0 0 0 0 0 0 0 0 0 0 0 0 0 0 0 0 0 0 0 0 2 0 0 0 0 0 0 0 0 0 0 0 0 0 0 0 0 0 0 0 0 0 0 0 0 0 0 0 0 0 0 0 0 
1
0 0 0 0 0 0 0 0 0 
0 0 0 0 0 0 0 0 0 0 1 0 0 0 0 0 0 0 0 0 0 0 0 0 0 0 0 0 0 0 0 0 0 0 0 0 0 0 0 0 0 0 0 0 0 0 0 0 2 0 0 0 0 0 0 0 0 0 0 0 0 0 0 0 0 0 0 0 0 0 0 0 1 0 0 0 0 0 0 0 0 
0 0 0 0 0 0 0 0 0 0 1 0 0 0 0 0 0 0 0 0 0 0 0 0 0 0 0 0 0 0 0 0 0 0 0 0 0 0 0 0 0 0 0 0 0 0 0 0 2 0 0 0 0 0 0 0 0 0 0 0 0 0 0 0 0 0 0 0 0 0 0 0 1 0 0 0 0 0 0 0 0 
1
0 0 0 0 0 0 0 0 0 
0 0 0 0 0 0 0 0 0 0 1 0 0 0 0 0 0 0 0 0 0 0 0 0 0 0 0 0 0 0 0 0 0 0 0 0 0 0 0 0 0 0 0 0 0 0 0 0 2 0 0 0 0 0 2 0 0 0 0 0 0 0 0 0 0 0 0 0 0 0 0 0 1 0 0 0 0 0 0 0 0 
0 0 0 0 0 0 0 0 0 0 1 0 0 0 0 0 0 0 0 0 0 0 0 0 0 0 0 0 0 0 0 0 0 0 0 0 0 0 0 0 0 0 0 0 0 0 0 0 2 0 0 0 0 0 2 0 0 0 0 0 0 0 0 0 0 0 0 0 0 0 0 0 1 0 0 0 0 0 0 0 0 
1
0 0 0 0 0 0 0 0 0 
1 0 0 0 0 0 0 0 0 0 1 0 0 0 0 0 0 0 0 0 0 0 0 0 0 0 0 0 0 0 0 0 0 0 0 0 0 0 0 0 0 0 0 0 0 0 0 0 2 0 0 0 0 0 2 0 0 0 0 0 0 0 0 0 0 0 0 0 0 0 0 0 1 0 0 0 0 0 0 0 0 
1 0 0 0 0 0 0 0 0 0 1 0 0 0 0 0 0 0 0 0 0 0 0 0 0 0 0 0 0 0 0 0 0 0 0 0 0 0 0 0 0 0 0 0 0 0 0 0 2 0 0 0 0 0 2 0 0 0 0 0 0 0 0 0 0 0 0 0 0 0 0 0 1 0 0 0 0 0 0 0 0 
1
0 0 0 0 0 0 0 0 0 
1 0 0 0 0 0 0 0 0 0 1 0 0 0 0 0 0 0 0 0 2 0 0 0 0 0 0 0 0 0 0 0 0 0 0 0 0 0 0 0 0 0 0 0 0 0 0 0 2 0 0 0 0 0 2 0 0 0 0 0 0 0 0 0 0 0 0 0 0 0 0 0 1 0 0 0 0 0 0 0 0 
1 0 0 0 0 0 0 0 0 0 1 0 0 0 0 0 0 0 0 0 2 0 0 0 0 0 0 0 0 0 0 0 0 0 0 0 0 0 0 0 0 0 0 0 0 0 0 0 2 0 0 0 0 0 2 0 0 0 0 0 0 0 0 0 0 0 0 0 0 0 0 0 1 0 0 0 0 0 0 0 0 
1
0 0 0 0 0 0 0 0 0 
1 0 0 0 0 0 0 0 0 0 1 0 0 0 0 0 0 0 0 0 2 0 0 0 0 0 0 0 0 0 0 0 0 0 0 0 0 0 0 0 0 0 0 0 0 0 0 0 2 0 0 0 0 0 2 0 0 0 0 0 0 0 0 0 0 0 0 0 0 0 1 0 1 0 0 0 0 0 0 0 0 
1 0 0 0 0 0 0 0 0 0 1 0 0 0 0 0 0 0 0 0 2 0 0 0 0 0 0 0 0 0 0 0 0 0 0 0 0 0 0 0 0 0 0 0 0 0 0 0 2 0 0 0 0 0 2 0 0 0 0 0 0 0 0 0 0 0 0 0 0 0 1 0 1 0 0 0 0 0 0 0 0 
1
0 0 0 0 0 0 0 0 0 
1 0 0 0 0 0 0 0 0 0 1 0 0 0 0 0 0 0 0 0 2 0 0 0 0 0 0 0 0 0 0 0 0 0 0 0 0 0 0 0 0 2 0 0 0 0 0 0 2 0 0 0 0 0 2 0 0 0 0 0 0 0 0 0 0 0 0 0 0 0 1 0 1 0 0 0 0 0 0 0 0 
1 0 0 0 0 0 0 0 0 0 1 0 0 0 0 0 0 0 0 0 2 0 0 0 0 0 0 0 0 0 0 0 0 0 0 0 0 0 0 0 0 2 0 0 0 0 0 0 2 0 0 0 0 0 2 0 0 0 0 0 0 0 0 0 0 0 0 0 0 0 1 0 1 0 0 0 0 0 0 0 0 
1
0 0 0 0 0 0 0 0 0 
1 0 0 0 0 0 0 0 0 0 1 0 0 0 0 0 0 0 0 0 2 0 0 0 0 0 0 0 0 0 0 0 0 0 0 0 0 0 0 0 0 2 0 0 0 0 0 0 2 0 0 0 0 1 2 0 0 0 0 0 0 0 0 0 0 0 0 0 0 0 1 0 1 0 0 0 0 0 0 0 0 
1 0 0 0 0 0 0 0 0 0 1 0 0 0 0 0 0 0 0 0 2 0 0 0 0 0 0 0 0 0 0 0 0 0 0 0 0 0 0 0 0 2 0 0 0 0 0 0 2 0 0 0 0 1 2 0 0 0 0 0 0 0 0 0 0 0 0 0 0 0 1 0 1 0 0 0 0 0 0 0 0 
1
0 0 0 0 0 0 0 0 0 
1 0 0 0 0 0 0 0 0 0 1 0 0 0 0 0 0 0 0 0 2 0 0 0 0 0 0 0 0 0 0 0 0 0 0 0 0 0 0 0 0 2 0 0 0 0 0 0 2 0 0 0 0 1 2 0 0 0 0 0 0 2 0 0 0 0 0 0 0 0 1 0 1 0 0 0 0 0 0 0 0 
1 0 0 0 0 0 0 0 0 0 1 0 0 0 0 0 0 0 0 0 2 0 0 0 0 0 0 0 0 0 0 0 0 0 0 0 0 0 0 0 0 2 0 0 0 0 0 0 2 0 0 0 0 1 2 0 0 0 0 0 0 2 0 0 0 0 0 0 0 0 1 0 1 0 0 0 0 0 0 0 0 
1
0 0 0 0 0 0 0 0 0 
1 0 0 0 0 0 0 0 0 0 1 0 1 0 0 0 0 0 0 0 2 0 0 0 0 0 0 0 0 0 0 0 0 0 0 0 0 0 0 0 0 2 0 0 0 0 0 0 2 0 0 0 0 1 2 0 0 0 0 0 0 2 0 0 0 0 0 0 0 0 1 0 1 0 0 0 0 0 0 0 0 
1 0 0 0 0 0 0 0 0 0 1 0 1 0 0 0 0 0 0 0 2 0 0 0 0 0 0 0 0 0 0 0 0 0 0 0 0 0 0 0 0 2 0 0 0 0 0 0 2 0 0 0 0 1 2 0 0 0 0 0 0 2 0 0 0 0 0 0 0 0 1 0 1 0 0 0 0 0 0 0 0 
1
0 0 0 0 0 0 0 0 0 
1 0 0 0 0 0 0 0 0 0 1 0 1 0 0 0 0 0 0 0 2 0 0 0 0 0 0 0 0 0 0 0 0 0 0 0 0 0 0 0 0 2 0 0 0 0 0 2 2 0 0 0 0 1 2 0 0 0 0 0 0 2 0 0 0 0 0 0 0 0 1 0 1 0 0 0 0 0 0 0 0 
1 0 0 0 0 0 0 0 0 0 1 0 1 0 0 0 0 0 0 0 2 0 0 0 0 0 0 0 0 0 0 0 0 0 0 0 0 0 0 0 0 2 0 0 0 0 0 2 2 0 0 0 0 1 2 0 0 0 0 0 0 2 0 0 0 0 0 0 0 0 1 0 1 0 0 0 0 0 0 0 0 
1
0 0 0 0 0 0 0 0 0 
1 0 0 0 0 0 0 0 0 0 1 0 1 0 0 0 0 0 0 0 2 0 0 0 0 0 0 0 0 0 0 0 0 0 0 0 0 0 0 0 0 2 0 0 0 0 0 2 2 0 0 0 0 1 2 0 0 0 0 0 0 2 0 0 0 0 0 0 0 1 1 0 1 0 0 0 0 0 0 0 0 
1 0 0 0 0 0 0 0 0 0 1 0 1 0 0 0 0 0 0 0 2 0 0 0 0 0 0 0 0 0 0 0 0 0 0 0 0 0 0 0 0 2 0 0 0 0 0 2 2 0 0 0 0 1 2 0 0 0 0 0 0 2 0 0 0 0 0 0 0 1 1 0 1 0 0 0 0 0 0 0 0 
1
0 0 0 0 0 0 0 0 0 
1 0 0 0 0 0 0 0 0 0 1 0 1 0 0 0 0 0 0 0 2 0 0 0 0 0 0 2 0 0 0 0 0 0 0 0 0 0 0 0 0 2 0 0 0 0 0 2 2 0 0 0 0 1 2 0 0 0 0 0 0 2 0 0 0 0 0 0 0 1 1 0 1 0 0 0 0 0 0 0 0 
1 0 0 0 0 0 0 0 0 0 1 0 1 0 0 0 0 0 0 0 2 0 0 0 0 0 0 2 0 0 0 0 0 0 0 0 0 0 0 0 0 2 0 0 0 0 0 2 2 0 0 0 0 1 2 0 0 0 0 0 0 2 0 0 0 0 0 0 0 1 1 0 1 0 0 0 0 0 0 0 0 
1
0 0 0 0 0 0 0 0 0 
1 0 0 0 0 0 0 0 0 0 1 1 1 0 0 0 0 0 0 0 2 0 0 0 0 0 0 2 0 0 0 0 0 0 0 0 0 0 0 0 0 2 0 0 0 0 0 2 2 0 0 0 0 1 2 0 0 0 0 0 0 2 0 0 0 0 0 0 0 1 1 0 1 0 0 0 0 0 0 0 0 
1 0 0 0 0 0 0 0 0 0 1 1 1 0 0 0 0 0 0 0 2 0 0 0 0 0 0 2 0 0 0 0 0 0 0 0 0 0 0 0 0 2 0 0 0 0 0 2 2 0 0 0 0 1 2 0 0 0 0 0 0 2 0 0 0 0 0 0 0 1 1 0 1 0 0 0 0 0 0 0 0 
1
0 0 0 0 0 0 0 0 0 
1 0 0 0 0 0 0 0 0 0 1 1 1 0 0 0 0 0 0 0 2 0 0 0 0 0 0 2 0 0 0 0 0 0 0 2 0 0 0 0 0 2 0 0 0 0 0 2 2 0 0 0 0 1 2 0 0 0 0 0 0 2 0 0 0 0 0 0 0 1 1 0 1 0 0 0 0 0 0 0 0 
1 0 0 0 0 0 0 0 0 0 1 1 1 0 0 0 0 0 0 0 2 0 0 0 0 0 0 2 0 0 0 0 0 0 0 2 0 0 0 0 0 2 0 0 0 0 0 2 2 0 0 0 0 1 2 0 0 0 0 0 0 2 0 0 0 0 0 0 0 1 1 0 1 0 0 0 0 0 0 0 0 
1
0 0 0 0 0 0 0 0 0 
1 0 0 0 0 0 0 0 0 0 1 1 1 0 0 0 0 0 0 0 2 0 0 0 0 1 0 2 0 0 0 0 0 0 0 2 0 0 0 0 0 2 0 0 0 0 0 2 2 0 0 0 0 1 2 0 0 0 0 0 0 2 0 0 0 0 0 0 0 1 1 0 1 0 0 0 0 0 0 0 0 
1 0 0 0 0 0 0 0 0 0 1 1 1 0 0 0 0 0 0 0 2 0 0 0 0 1 0 2 0 0 0 0 0 0 0 2 0 0 0 0 0 2 0 0 0 0 0 2 2 0 0 0 0 1 2 0 0 0 0 0 0 2 0 0 0 0 0 0 0 1 1 0 1 0 0 0 0 0 0 0 0 
1
0 0 0 0 0 0 0 0 0 
1 0 0 0 0 0 0 0 0 0 1 1 1 0 0 0 0 0 0 0 2 0 0 0 0 1 0 2 0 0 0 0 0 0 0 2 0 0 0 0 0 2 0 0 0 0 0 2 2 0 0 0 0 1 2 0 0 0 0 2 0 2 0 0 0 0 0 0 0 1 1 0 1 0 0 0 0 0 0 0 0 
1 0 0 0 0 0 0 0 0 0 1 1 1 0 0 0 0 0 0 0 2 0 0 0 0 1 0 2 0 0 0 0 0 0 0 2 0 0 0 0 0 2 0 0 0 0 0 2 2 0 0 0 0 1 2 0 0 0 0 2 0 2 0 0 0 0 0 0 0 1 1 0 1 0 0 0 0 0 0 0 0 
1
0 0 0 0 0 0 0 0 0 
1 0 0 0 0 0 0 0 0 0 1 1 1 0 0 0 0 0 0 0 2 0 0 0 1 1 0 2 0 0 0 0 0 0 0 2 0 0 0 0 0 2 0 0 0 0 0 2 2 0 0 0 0 1 2 0 0 0 0 2 0 2 0 0 0 0 0 0 0 1 1 0 1 0 0 0 0 0 0 0 0 
1 0 0 0 0 0 0 0 0 0 1 1 1 0 0 0 0 0 0 0 2 0 0 0 1 1 0 2 0 0 0 0 0 0 0 2 0 0 0 0 0 2 0 0 0 0 0 2 2 0 0 0 0 1 2 0 0 0 0 2 0 2 0 0 0 0 0 0 0 1 1 0 1 0 0 0 0 0 0 0 0 
1
0 0 0 0 0 0 0 0 0 
1 0 0 0 0 0 0 0 0 0 1 1 1 0 0 0 0 0 0 0 2 0 0 0 1 1 0 2 0 0 0 0 0 0 0 2 0 0 0 0 0 2 0 0 0 0 0 2 2 0 0 0 0 1 2 0 0 0 0 2 0 2 0 0 0 0 0 0 0 1 1 0 1 2 0 0 0 0 0 0 0 
1 0 0 0 0 0 0 0 0 0 1 1 1 0 0 0 0 0 0 0 2 0 0 0 1 1 0 2 0 0 0 0 0 0 0 2 0 0 0 0 0 2 0 0 0 0 0 2 2 0 0 0 0 1 2 0 0 0 0 2 0 2 0 0 0 0 0 0 0 1 1 0 1 2 0 0 0 0 0 0 0 
1
0 0 0 0 0 0 0 0 0 
1 0 0 0 0 0 0 0 0 0 1 1 1 0 0 0 0 0 0 0 2 0 0 0 1 1 0 2 0 0 0 0 0 0 0 2 0 0 0 0 0 2 0 0 0 0 0 2 2 0 0 0 0 1 2 0 0 0 0 2 0 2 0 0 0 0 1 0 0 1 1 0 1 2 0 0 0 0 0 0 0 
1 0 0 0 0 0 0 0 0 0 1 1 1 0 0 0 0 0 0 0 2 0 0 0 1 1 0 2 0 0 0 0 0 0 0 2 0 0 0 0 0 2 0 0 0 0 0 2 2 0 0 0 0 1 2 0 0 0 0 2 0 2 0 0 0 0 1 0 0 1 1 0 1 2 0 0 0 0 0 0 0 
1
0 0 0 0 0 0 0 0 0 
1 0 0 0 0 0 0 0 0 0 1 1 1 0 0 0 0 0 0 0 2 0 0 0 1 1 0 2 0 2 0 0 0 0 0 2 0 0 0 0 0 2 0 0 0 0 0 2 2 0 0 0 0 1 2 0 0 0 0 2 0 2 0 0 0 0 1 0 0 1 1 0 1 2 0 0 0 0 0 0 0 
1 0 0 0 0 0 0 0 0 0 1 1 1 0 0 0 0 0 0 0 2 0 0 0 1 1 0 2 0 2 0 0 0 0 0 2 0 0 0 0 0 2 0 0 0 0 0 2 2 0 0 0 0 1 2 0 0 0 0 2 0 2 0 0 0 0 1 0 0 1 1 0 1 2 0 0 0 0 0 0 0 
1
0 0 1 0 0 0 0 0 0 
1 0 0 0 0 0 0 0 0 0 1 1 1 0 0 0 0 0 0 0 2 0 0 0 1 1 1 2 0 2 0 0 0 0 0 2 0 0 0 0 0 2 0 0 0 0 0 2 2 0 0 0 0 1 2 0 0 0 0 2 0 2 0 0 0 0 1 0 0 1 1 0 1 2 0 0 0 0 0 0 0 
1 0 0 0 0 0 16 16 16 0 1 1 1 0 0 16 16 16 0 0 2 0 0 0 17 17 17 2 0 2 0 0 0 0 0 2 0 0 0 0 0 2 0 0 0 0 0 2 2 0 0 0 0 1 2 0 0 0 0 2 0 2 0 0 0 0 1 0 0 1 1 0 1 2 0 0 0 0 0 0 0 
1
0 0 1 0 0 0 0 0 0 
1 0 0 0 0 0 0 0 0 0 1 1 1 0 0 0 0 0 0 0 2 0 0 0 1 1 1 2 0 2 0 0 0 0 0 2 0 0 0 0 0 2 0 0 0 0 0 2 2 0 0 0 0 1 2 0 0 0 0 2 0 2 0 0 0 0 1 0 0 1 1 2 1 2 0 0 0 0 0 0 0 
1 0 0 0 0 0 16 16 16 0 1 1 1 0 0 16 16 16 0 0 2 0 0 0 17 17 17 2 0 2 0 0 0 0 0 2 0 0 0 0 0 2 0 0 0 0 0 2 2 0 0 0 0 1 2 0 0 0 0 2 0 2 0 0 0 0 1 0 0 1 1 2 1 2 0 0 0 0 0 0 0 
1
0 0 1 0 0 0 0 0 0 
1 0 0 0 0 0 0 0 0 0 1 1 1 0 0 0 0 0 0 0 2 0 0 0 1 1 1 2 0 2 0 0 0 0 0 2 0 0 0 0 0 2 0 0 0 0 0 2 2 0 0 1 0 1 2 0 0 0 0 2 0 2 0 0 0 0 1 0 0 1 1 2 1 2 0 0 0 0 0 0 0 
1 0 0 0 0 0 16 16 16 0 1 1 1 0 0 16 16 16 0 0 2 0 0 0 17 17 17 2 0 2 0 0 0 0 0 2 0 0 0 0 0 2 0 0 0 0 0 2 2 0 0 1 0 1 2 0 0 0 0 2 0 2 0 0 0 0 1 0 0 1 1 2 1 2 0 0 0 0 0 0 0 
1
0 0 1 0 0 0 0 0 0 
1 0 0 0 0 0 0 0 0 0 1 1 1 0 0 0 0 0 0 0 2 0 0 0 1 1 1 2 0 2 0 0 0 0 0 2 0 0 0 0 0 2 0 0 0 0 0 2 2 0 0 1 0 1 2 2 0 0 0 2 0 2 0 0 0 0 1 0 0 1 1 2 1 2 0 0 0 0 0 0 0 
1 0 0 0 0 0 16 16 16 0 1 1 1 0 0 16 16 16 0 0 2 0 0 0 17 17 17 2 0 2 0 0 0 0 0 2 0 0 0 0 0 2 0 0 0 0 0 2 2 0 0 1 0 1 2 2 0 0 0 2 0 2 0 0 0 0 1 0 0 1 1 2 1 2 0 0 0 0 0 0 0 
1
0 0 1 0 0 0 0 0 0 
1 0 0 0 0 0 0 0 0 0 1 1 1 1 0 0 0 0 0 0 2 0 0 0 1 1 1 2 0 2 0 0 0 0 0 2 0 0 0 0 0 2 0 0 0 0 0 2 2 0 0 1 0 1 2 2 0 0 0 2 0 2 0 0 0 0 1 0 0 1 1 2 1 2 0 0 0 0 0 0 0 
1 0 0 0 0 0 16 16 16 0 1 1 1 1 0 16 16 16 0 0 2 0 0 0 17 17 17 2 0 2 0 0 0 0 0 2 0 0 0 0 0 2 0 0 0 0 0 2 2 0 0 1 0 1 2 2 0 0 0 2 0 2 0 0 0 0 1 0 0 1 1 2 1 2 0 0 0 0 0 0 0 
1
0 0 1 0 0 0 0 0 0 
1 0 0 0 0 0 0 0 0 0 1 1 1 1 0 0 0 0 0 0 2 0 0 0 1 1 1 2 0 2 0 0 0 0 0 2 0 0 0 0 0 2 0 0 0 0 0 2 2 2 0 1 0 1 2 2 0 0 0 2 0 2 0 0 0 0 1 0 0 1 1 2 1 2 0 0 0 0 0 0 0 
1 0 0 0 0 0 16 16 16 0 1 1 1 1 0 16 16 16 0 0 2 0 0 0 17 17 17 2 0 2 0 0 0 0 0 2 0 0 0 0 0 2 0 0 0 0 0 2 2 2 0 1 0 1 2 2 0 0 0 2 0 2 0 0 0 0 1 0 0 1 1 2 1 2 0 0 0 0 0 0 0 
1
0 0 1 0 0 0 0 0 0 
1 0 0 0 0 0 0 0 0 0 1 1 1 1 0 0 0 0 0 0 2 0 0 0 1 1 1 2 0 2 0 0 0 0 0 2 0 0 0 0 0 2 0 0 0 0 0 2 2 2 0 1 0 1 2 2 0 0 0 2 0 2 0 0 0 0 1 1 0 1 1 2 1 2 0 0 0 0 0 0 0 
1 0 0 0 0 0 16 16 16 0 1 1 1 1 0 16 16 16 0 0 2 0 0 0 17 17 17 2 0 2 0 0 0 0 0 2 0 0 0 0 0 2 0 0 0 0 0 2 2 2 0 1 0 1 2 2 0 0 0 2 0 2 0 0 0 0 1 1 0 1 1 2 1 2 0 0 0 0 0 0 0 
1
0 0 1 0 0 0 0 0 0 
1 0 0 0 0 0 0 0 0 0 1 1 1 1 0 0 0 0 0 0 2 0 0 0 1 1 1 2 0 2 0 0 2 0 0 2 0 0 0 0 0 2 0 0 0 0 0 2 2 2 0 1 0 1 2 2 0 0 0 2 0 2 0 0 0 0 1 1 0 1 1 2 1 2 0 0 0 0 0 0 0 
1 0 0 0 0 0 16 16 16 0 1 1 1 1 0 16 16 16 0 0 2 0 0 0 17 17 17 2 0 2 0 0 2 0 0 2 0 0 0 0 0 2 0 0 0 0 0 2 2 2 0 1 0 1 2 2 0 0 0 2 0 2 0 0 0 0 1 1 0 1 1 2 1 2 0 0 0 0 0 0 0 
1
1 0 1 0 0 0 0 0 0 
1 0 0 0 0 0 0 0 0 1 1 1 1 1 0 0 0 0 0 0 2 0 0 0 1 1 1 2 0 2 0 0 2 0 0 2 0 0 0 0 0 2 0 0 0 0 0 2 2 2 0 1 0 1 2 2 0 0 0 2 0 2 0 0 0 0 1 1 0 1 1 2 1 2 0 0 0 0 0 0 0 
17 16 16 0 0 0 16 16 16 17 17 17 1 1 0 16 16 16 16 16 18 0 0 0 17 17 17 2 0 2 0 0 2 0 0 2 0 0 0 0 0 2 0 0 0 0 0 2 2 2 0 1 0 1 2 2 0 0 0 2 0 2 0 0 0 0 1 1 0 1 1 2 1 2 0 0 0 0 0 0 0 
1
1 0 1 0 0 0 0 0 0 
1 0 0 0 0 0 0 0 0 1 1 1 1 1 0 0 0 0 0 0 2 0 0 0 1 1 1 2 0 2 0 0 2 0 0 2 0 0 0 0 0 2 0 0 0 0 2 2 2 2 0 1 0 1 2 2 0 0 0 2 0 2 0 0 0 0 1 1 0 1 1 2 1 2 0 0 0 0 0 0 0 
17 16 16 0 0 0 16 16 16 17 17 17 1 1 0 16 16 16 16 16 18 0 0 0 17 17 17 2 0 2 0 0 2 0 0 2 0 0 0 0 0 2 0 0 0 0 2 2 2 2 0 1 0 1 2 2 0 0 0 2 0 2 0 0 0 0 1 1 0 1 1 2 1 2 0 0 0 0 0 0 0 
1
1 0 1 0 0 0 0 0 0 
1 0 0 0 0 0 0 0 0 1 1 1 1 1 0 0 0 0 0 0 2 0 0 0 1 1 1 2 0 2 0 0 2 0 0 2 0 0 0 0 0 2 0 0 0 0 2 2 2 2 0 1 0 1 2 2 0 0 0 2 0 2 0 0 0 0 1 1 0 1 1 2 1 2 0 0 1 0 0 0 0 
17 16 16 0 0 0 16 16 16 17 17 17 1 1 0 16 16 16 16 16 18 0 0 0 17 17 17 2 0 2 0 0 2 0 0 2 0 0 0 0 0 2 0 0 0 0 2 2 2 2 0 1 0 1 2 2 0 0 0 2 0 2 0 0 0 0 1 1 0 1 1 2 1 2 0 0 1 0 0 0 0 
1
1 0 1 0 0 0 0 0 0 
1 0 0 0 0 0 0 0 0 1 1 1 1 1 0 0 0 0 0 0 2 0 0 0 1 1 1 2 0 2 0 0 2 0 0 2 0 0 0 0 0 2 0 0 0 0 2 2 2 2 0 1 0 1 2 2 0 0 2 2 0 2 0 0 0 0 1 1 0 1 1 2 1 2 0 0 1 0 0 0 0 
17 16 16 0 0 0 16 16 16 17 17 17 1 1 0 16 16 16 16 16 18 0 0 0 17 17 17 2 0 2 0 0 2 0 0 2 0 0 0 0 0 2 0 0 0 0 2 2 2 2 0 1 0 1 2 2 0 0 2 2 0 2 0 0 0 0 1 1 0 1 1 2 1 2 0 0 1 0 0 0 0 
1
1 1 1 0 0 0 0 0 0 
1 0 0 0 0 0 0 0 0 1 1 1 1 1 1 0 0 0 0 0 2 0 0 0 1 1 1 2 0 2 0 0 2 0 0 2 0 0 0 0 0 2 0 0 0 0 2 2 2 2 0 1 0 1 2 2 0 0 2 2 0 2 0 0 0 0 1 1 0 1 1 2 1 2 0 0 1 0 0 0 0 
17 16 16 16 16 16 16 16 16 17 17 17 17 17 17 16 16 16 16 16 18 16 16 16 17 17 17 2 0 2 0 0 2 0 0 2 0 0 0 0 0 2 0 0 0 0 2 2 2 2 0 1 0 1 2 2 0 0 2 2 0 2 0 0 0 0 1 1 0 1 1 2 1 2 0 0 1 0 0 0 0 
1
1 1 1 0 0 0 0 0 0 
1 0 0 0 0 0 0 0 0 1 1 1 1 1 1 0 0 0 0 0 2 0 0 0 1 1 1 2 0 2 0 0 2 0 0 2 0 0 0 0 0 2 0 0 0 0 2 2 2 2 0 1 0 1 2 2 0 0 2 2 0 2 0 0 0 0 1 1 0 1 1 2 1 2 0 0 1 0 0 0 0 
17 16 16 16 16 16 16 16 16 17 17 17 17 17 17 16 16 16 16 16 18 16 16 16 17 17 17 2 0 2 0 0 2 0 0 2 0 0 0 0 0 2 0 0 0 0 2 2 2 2 0 1 0 1 2 2 0 0 2 2 0 2 0 0 0 0 1 1 0 1 1 2 1 2 0 0 1 0 0 0 0 
1
