0 0 0 0 0 0 0 0 0 
1 0 0 0 0 0 0 0 0 0 0 0 0 0 0 0 0 0 0 0 0 0 0 0 0 0 0 0 0 0 0 0 0 0 0 0 0 0 0 0 0 0 0 0 0 0 0 0 0 0 0 0 0 0 0 0 0 0 0 0 0 0 0 0 0 0 0 0 0 0 0 0 0 0 0 0 0 0 0 0 0 
1 0 0 0 0 0 0 0 0 0 0 0 0 0 0 0 0 0 0 0 0 0 0 0 0 0 0 0 0 0 0 0 0 0 0 0 0 0 0 0 0 0 0 0 0 0 0 0 0 0 0 0 0 0 0 0 0 0 0 0 0 0 0 0 0 0 0 0 0 0 0 0 0 0 0 0 0 0 0 0 0 
1
0 0 0 0 0 0 0 0 0 
1 0 0 0 0 0 0 0 0 0 0 2 0 0 0 0 0 0 0 0 0 0 0 0 0 0 0 0 0 0 0 0 0 0 0 0 0 0 0 0 0 0 0 0 0 0 0 0 0 0 0 0 0 0 0 0 0 0 0 0 0 0 0 0 0 0 0 0 0 0 0 0 0 0 0 0 0 0 0 0 0 
1 0 0 0 0 0 0 0 0 0 0 2 0 0 0 0 0 0 0 0 0 0 0 0 0 0 0 0 0 0 0 0 0 0 0 0 0 0 0 0 0 0 0 0 0 0 0 0 0 0 0 0 0 0 0 0 0 0 0 0 0 0 0 0 0 0 0 0 0 0 0 0 0 0 0 0 0 0 0 0 0 
1
0 0 0 0 0 0 0 0 0 
1 0 0 0 0 0 0 0 0 0 0 2 0 0 0 0 0 0 0 0 0 0 0 0 0 0 0 0 0 0 0 0 0 0 1 0 0 0 0 0 0 0 0 0 0 0 0 0 0 0 0 0 0 0 0 0 0 0 0 0 0 0 0 0 0 0 0 0 0 0 0 0 0 0 0 0 0 0 0 0 0 
1 0 0 0 0 0 0 0 0 0 0 2 0 0 0 0 0 0 0 0 0 0 0 0 0 0 0 0 0 0 0 0 0 0 1 0 0 0 0 0 0 0 0 0 0 0 0 0 0 0 0 0 0 0 0 0 0 0 0 0 0 0 0 0 0 0 0 0 0 0 0 0 0 0 0 0 0 0 0 0 0 
1
0 0 0 0 0 0 0 0 0 
1 0 0 2 0 0 0 0 0 0 0 2 0 0 0 0 0 0 0 0 0 0 0 0 0 0 0 0 0 0 0 0 0 0 1 0 0 0 0 0 0 0 0 0 0 0 0 0 0 0 0 0 0 0 0 0 0 0 0 0 0 0 0 0 0 0 0 0 0 0 0 0 0 0 0 0 0 0 0 0 0 
1 0 0 2 0 0 0 0 0 0 0 2 0 0 0 0 0 0 0 0 0 0 0 0 0 0 0 0 0 0 0 0 0 0 1 0 0 0 0 0 0 0 0 0 0 0 0 0 0 0 0 0 0 0 0 0 0 0 0 0 0 0 0 0 0 0 0 0 0 0 0 0 0 0 0 0 0 0 0 0 0 
1
0 0 0 0 0 0 0 0 0 
1 1 0 2 0 0 0 0 0 0 0 2 0 0 0 0 0 0 0 0 0 0 0 0 0 0 0 0 0 0 0 0 0 0 1 0 0 0 0 0 0 0 0 0 0 0 0 0 0 0 0 0 0 0 0 0 0 0 0 0 0 0 0 0 0 0 0 0 0 0 0 0 0 0 0 0 0 0 0 0 0 
1 1 0 2 0 0 0 0 0 0 0 2 0 0 0 0 0 0 0 0 0 0 0 0 0 0 0 0 0 0 0 0 0 0 1 0 0 0 0 0 0 0 0 0 0 0 0 0 0 0 0 0 0 0 0 0 0 0 0 0 0 0 0 0 0 0 0 0 0 0 0 0 0 0 0 0 0 0 0 0 0 
1
0 0 0 0 0 0 0 0 0 
1 1 0 2 0 0 0 0 0 0 0 2 0 0 0 0 0 0 0 0 0 2 0 0 0 0 0 0 0 0 0 0 0 0 1 0 0 0 0 0 0 0 0 0 0 0 0 0 0 0 0 0 0 0 0 0 0 0 0 0 0 0 0 0 0 0 0 0 0 0 0 0 0 0 0 0 0 0 0 0 0 
1 1 0 2 0 0 0 0 0 0 0 2 0 0 0 0 0 0 0 0 0 2 0 0 0 0 0 0 0 0 0 0 0 0 1 0 0 0 0 0 0 0 0 0 0 0 0 0 0 0 0 0 0 0 0 0 0 0 0 0 0 0 0 0 0 0 0 0 0 0 0 0 0 0 0 0 0 0 0 0 0 
1
0 0 0 0 0 0 0 0 0 
1 1 0 2 0 0 0 0 0 0 0 2 0 0 0 0 0 0 0 0 0 2 0 0 0 0 0 0 0 0 0 0 0 0 1 0 0 0 0 0 0 0 0 0 0 0 0 0 0 0 0 0 0 0 0 0 1 0 0 0 0 0 0 0 0 0 0 0 0 0 0 0 0 0 0 0 0 0 0 0 0 
1 1 0 2 0 0 0 0 0 0 0 2 0 0 0 0 0 0 0 0 0 2 0 0 0 0 0 0 0 0 0 0 0 0 1 0 0 0 0 0 0 0 0 0 0 0 0 0 0 0 0 0 0 0 0 0 1 0 0 0 0 0 0 0 0 0 0 0 0 0 0 0 0 0 0 0 0 0 0 0 0 
1
0 0 0 0 0 0 0 0 0 
1 1 0 2 0 0 0 0 0 0 0 2 0 0 0 0 2 0 0 0 0 2 0 0 0 0 0 0 0 0 0 0 0 0 1 0 0 0 0 0 0 0 0 0 0 0 0 0 0 0 0 0 0 0 0 0 1 0 0 0 0 0 0 0 0 0 0 0 0 0 0 0 0 0 0 0 0 0 0 0 0 
1 1 0 2 0 0 0 0 0 0 0 2 0 0 0 0 2 0 0 0 0 2 0 0 0 0 0 0 0 0 0 0 0 0 1 0 0 0 0 0 0 0 0 0 0 0 0 0 0 0 0 0 0 0 0 0 1 0 0 0 0 0 0 0 0 0 0 0 0 0 0 0 0 0 0 0 0 0 0 0 0 
1
0 0 0 0 0 0 0 0 0 
1 1 0 2 0 0 0 0 0 0 0 2 0 0 0 0 2 0 0 0 0 2 0 0 0 0 0 0 0 0 0 0 0 0 1 0 0 0 0 0 0 0 0 0 0 0 0 0 0 0 1 0 0 0 0 0 1 0 0 0 0 0 0 0 0 0 0 0 0 0 0 0 0 0 0 0 0 0 0 0 0 
1 1 0 2 0 0 0 0 0 0 0 2 0 0 0 0 2 0 0 0 0 2 0 0 0 0 0 0 0 0 0 0 0 0 1 0 0 0 0 0 0 0 0 0 0 0 0 0 0 0 1 0 0 0 0 0 1 0 0 0 0 0 0 0 0 0 0 0 0 0 0 0 0 0 0 0 0 0 0 0 0 
1
0 0 0 0 0 0 0 0 0 
1 1 0 2 0 0 0 0 0 0 0 2 0 0 0 0 2 0 0 0 0 2 0 0 0 0 0 0 0 0 0 0 0 0 1 0 0 0 0 0 0 0 0 0 0 0 0 0 0 0 1 0 0 0 0 0 1 0 0 0 0 0 0 0 0 0 0 0 0 0 0 2 0 0 0 0 0 0 0 0 0 
1 1 0 2 0 0 0 0 0 0 0 2 0 0 0 0 2 0 0 0 0 2 0 0 0 0 0 0 0 0 0 0 0 0 1 0 0 0 0 0 0 0 0 0 0 0 0 0 0 0 1 0 0 0 0 0 1 0 0 0 0 0 0 0 0 0 0 0 0 0 0 2 0 0 0 0 0 0 0 0 0 
1
0 0 0 0 0 0 0 0 0 
1 1 0 2 0 0 0 0 0 0 0 2 0 0 0 0 2 0 0 0 0 2 0 0 0 0 0 0 0 0 0 0 0 0 1 0 0 0 0 0 0 0 0 0 0 0 0 0 0 0 1 0 0 1 0 0 1 0 0 0 0 0 0 0 0 0 0 0 0 0 0 2 0 0 0 0 0 0 0 0 0 
1 1 0 2 0 0 0 0 0 0 0 2 0 0 0 0 2 0 0 0 0 2 0 0 0 0 0 0 0 0 0 0 0 0 1 0 0 0 0 0 0 0 0 0 0 0 0 0 0 0 1 0 0 1 0 0 1 0 0 0 0 0 0 0 0 0 0 0 0 0 0 2 0 0 0 0 0 0 0 0 0 
1
0 0 0 0 0 0 0 0 0 
1 1 0 2 0 0 0 0 0 0 0 2 0 0 0 0 2 0 0 0 0 2 0 0 0 0 0 0 0 0 0 0 0 0 1 0 0 0 0 0 0 0 0 0 0 0 0 0 0 0 1 0 0 1 0 0 1 0 0 0 0 2 0 0 0 0 0 0 0 0 0 2 0 0 0 0 0 0 0 0 0 
1 1 0 2 0 0 0 0 0 0 0 2 0 0 0 0 2 0 0 0 0 2 0 0 0 0 0 0 0 0 0 0 0 0 1 0 0 0 0 0 0 0 0 0 0 0 0 0 0 0 1 0 0 1 0 0 1 0 0 0 0 2 0 0 0 0 0 0 0 0 0 2 0 0 0 0 0 0 0 0 0 
1
0 0 0 0 0 0 0 0 0 
1 1 0 2 0 1 0 0 0 0 0 2 0 0 0 0 2 0 0 0 0 2 0 0 0 0 0 0 0 0 0 0 0 0 1 0 0 0 0 0 0 0 0 0 0 0 0 0 0 0 1 0 0 1 0 0 1 0 0 0 0 2 0 0 0 0 0 0 0 0 0 2 0 0 0 0 0 0 0 0 0 
1 1 0 2 0 1 0 0 0 0 0 2 0 0 0 0 2 0 0 0 0 2 0 0 0 0 0 0 0 0 0 0 0 0 1 0 0 0 0 0 0 0 0 0 0 0 0 0 0 0 1 0 0 1 0 0 1 0 0 0 0 2 0 0 0 0 0 0 0 0 0 2 0 0 0 0 0 0 0 0 0 
1
0 0 0 0 0 0 0 0 0 
1 1 0 2 0 1 2 0 0 0 0 2 0 0 0 0 2 0 0 0 0 2 0 0 0 0 0 0 0 0 0 0 0 0 1 0 0 0 0 0 0 0 0 0 0 0 0 0 0 0 1 0 0 1 0 0 1 0 0 0 0 2 0 0 0 0 0 0 0 0 0 2 0 0 0 0 0 0 0 0 0 
1 1 0 2 0 1 2 0 0 0 0 2 0 0 0 0 2 0 0 0 0 2 0 0 0 0 0 0 0 0 0 0 0 0 1 0 0 0 0 0 0 0 0 0 0 0 0 0 0 0 1 0 0 1 0 0 1 0 0 0 0 2 0 0 0 0 0 0 0 0 0 2 0 0 0 0 0 0 0 0 0 
1
1 0 0 0 0 0 0 0 0 
1 1 1 2 0 1 2 0 0 0 0 2 0 0 0 0 2 0 0 0 0 2 0 0 0 0 0 0 0 0 0 0 0 0 1 0 0 0 0 0 0 0 0 0 0 0 0 0 0 0 1 0 0 1 0 0 1 0 0 0 0 2 0 0 0 0 0 0 0 0 0 2 0 0 0 0 0 0 0 0 0 
17 17 17 2 0 1 2 0 0 16 16 18 0 0 0 0 2 0 16 16 16 2 0 0 0 0 0 0 0 0 0 0 0 0 1 0 0 0 0 0 0 0 0 0 0 0 0 0 0 0 1 0 0 1 0 0 1 0 0 0 0 2 0 0 0 0 0 0 0 0 0 2 0 0 0 0 0 0 0 0 0 
1
1 0 0 0 0 0 0 0 0 
1 1 1 2 0 1 2 0 2 0 0 2 0 0 0 0 2 0 0 0 0 2 0 0 0 0 0 0 0 0 0 0 0 0 1 0 0 0 0 0 0 0 0 0 0 0 0 0 0 0 1 0 0 1 0 0 1 0 0 0 0 2 0 0 0 0 0 0 0 0 0 2 0 0 0 0 0 0 0 0 0 
17 17 17 2 0 1 2 0 2 16 16 18 0 0 0 0 2 0 16 16 16 2 0 0 0 0 0 0 0 0 0 0 0 0 1 0 0 0 0 0 0 0 0 0 0 0 0 0 0 0 1 0 0 1 0 0 1 0 0 0 0 2 0 0 0 0 0 0 0 0 0 2 0 0 0 0 0 0 0 0 0 
1
1 0 0 0 0 0 0 0 0 
1 1 1 2 0 1 2 0 2 0 0 2 0 0 0 0 2 0 0 0 0 2 0 0 0 0 1 0 0 0 0 0 0 0 1 0 0 0 0 0 0 0 0 0 0 0 0 0 0 0 1 0 0 1 0 0 1 0 0 0 0 2 0 0 0 0 0 0 0 0 0 2 0 0 0 0 0 0 0 0 0 
17 17 17 2 0 1 2 0 2 16 16 18 0 0 0 0 2 0 16 16 16 2 0 0 0 0 1 0 0 0 0 0 0 0 1 0 0 0 0 0 0 0 0 0 0 0 0 0 0 0 1 0 0 1 0 0 1 0 0 0 0 2 0 0 0 0 0 0 0 0 0 2 0 0 0 0 0 0 0 0 0 
1
1 0 0 0 0 0 0 0 0 
1 1 1 2 0 1 2 0 2 0 0 2 0 0 0 0 2 0 0 0 0 2 0 0 0 0 1 0 0 0 0 0 0 0 1 0 0 0 0 0 0 0 0 0 0 0 0 0 0 0 1 0 0 1 0 0 1 0 0 0 0 2 0 0 0 0 0 0 0 0 2 2 0 0 0 0 0 0 0 0 0 
17 17 17 2 0 1 2 0 2 16 16 18 0 0 0 0 2 0 16 16 16 2 0 0 0 0 1 0 0 0 0 0 0 0 1 0 0 0 0 0 0 0 0 0 0 0 0 0 0 0 1 0 0 1 0 0 1 0 0 0 0 2 0 0 0 0 0 0 0 0 2 2 0 0 0 0 0 0 0 0 0 
1
1 0 0 0 0 0 0 0 0 
1 1 1 2 0 1 2 0 2 0 0 2 0 0 0 0 2 0 0 0 0 2 0 0 0 0 1 0 0 0 0 0 1 0 1 0 0 0 0 0 0 0 0 0 0 0 0 0 0 0 1 0 0 1 0 0 1 0 0 0 0 2 0 0 0 0 0 0 0 0 2 2 0 0 0 0 0 0 0 0 0 
17 17 17 2 0 1 2 0 2 16 16 18 0 0 0 0 2 0 16 16 16 2 0 0 0 0 1 0 0 0 0 0 1 0 1 0 0 0 0 0 0 0 0 0 0 0 0 0 0 0 1 0 0 1 0 0 1 0 0 0 0 2 0 0 0 0 0 0 0 0 2 2 0 0 0 0 0 0 0 0 0 
1
1 0 2 0 0 0 0 0 0 
1 1 1 2 0 1 2 0 2 0 0 2 0 0 0 0 2 0 0 0 0 2 0 0 2 0 1 0 0 0 0 0 1 0 1 0 0 0 0 0 0 0 0 0 0 0 0 0 0 0 1 0 0 1 0 0 1 0 0 0 0 2 0 0 0 0 0 0 0 0 2 2 0 0 0 0 0 0 0 0 0 
17 17 17 2 0 1 34 32 34 16 16 18 0 0 0 32 34 32 16 16 16 2 0 0 34 32 33 0 0 0 0 0 1 0 1 0 0 0 0 0 0 0 0 0 0 0 0 0 0 0 1 0 0 1 0 0 1 0 0 0 0 2 0 0 0 0 0 0 0 0 2 2 0 0 0 0 0 0 0 0 0 
1
1 0 2 0 0 0 0 0 0 
1 1 1 2 0 1 2 0 2 0 0 2 0 0 0 0 2 0 0 0 0 2 0 0 2 0 1 0 0 0 0 0 1 0 1 0 0 0 0 0 0 0 0 0 0 0 0 0 0 0 1 0 0 1 0 0 1 0 0 0 0 2 0 0 1 0 0 0 0 0 2 2 0 0 0 0 0 0 0 0 0 
17 17 17 2 0 1 34 32 34 16 16 18 0 0 0 32 34 32 16 16 16 2 0 0 34 32 33 0 0 0 0 0 1 0 1 0 0 0 0 0 0 0 0 0 0 0 0 0 0 0 1 0 0 1 0 0 1 0 0 0 0 2 0 0 1 0 0 0 0 0 2 2 0 0 0 0 0 0 0 0 0 
1
1 0 2 0 0 0 0 0 0 
1 1 1 2 0 1 2 0 2 0 0 2 0 0 0 0 2 0 0 0 0 2 0 0 2 0 1 0 0 0 0 0 1 0 1 0 0 0 0 2 0 0 0 0 0 0 0 0 0 0 1 0 0 1 0 0 1 0 0 0 0 2 0 0 1 0 0 0 0 0 2 2 0 0 0 0 0 0 0 0 0 
17 17 17 2 0 1 34 32 34 16 16 18 0 0 0 32 34 32 16 16 16 2 0 0 34 32 33 0 0 0 0 0 1 0 1 0 0 0 0 2 0 0 0 0 0 0 0 0 0 0 1 0 0 1 0 0 1 0 0 0 0 2 0 0 1 0 0 0 0 0 2 2 0 0 0 0 0 0 0 0 0 
1
1 0 2 0 0 0 0 0 0 
1 1 1 2 0 1 2 0 2 0 0 2 0 0 0 0 2 0 0 0 0 2 0 0 2 0 1 0 0 0 0 0 1 0 1 0 0 1 0 2 0 0 0 0 0 0 0 0 0 0 1 0 0 1 0 0 1 0 0 0 0 2 0 0 1 0 0 0 0 0 2 2 0 0 0 0 0 0 0 0 0 
17 17 17 2 0 1 34 32 34 16 16 18 0 0 0 32 34 32 16 16 16 2 0 0 34 32 33 0 0 0 0 0 1 0 1 0 0 1 0 2 0 0 0 0 0 0 0 0 0 0 1 0 0 1 0 0 1 0 0 0 0 2 0 0 1 0 0 0 0 0 2 2 0 0 0 0 0 0 0 0 0 
1
1 0 2 0 0 0 0 0 0 
1 1 1 2 0 1 2 0 2 0 0 2 0 0 0 0 2 0 0 0 0 2 0 0 2 0 1 0 0 0 0 0 1 0 1 0 0 1 0 2 0 2 0 0 0 0 0 0 0 0 1 0 0 1 0 0 1 0 0 0 0 2 0 0 1 0 0 0 0 0 2 2 0 0 0 0 0 0 0 0 0 
17 17 17 2 0 1 34 32 34 16 16 18 0 0 0 32 34 32 16 16 16 2 0 0 34 32 33 0 0 0 0 0 1 0 1 0 0 1 0 2 0 2 0 0 0 0 0 0 0 0 1 0 0 1 0 0 1 0 0 0 0 2 0 0 1 0 0 0 0 0 2 2 0 0 0 0 0 0 0 0 0 
1
1 0 2 0 0 0 0 0 0 
1 1 1 2 0 1 2 0 2 0 0 2 0 0 0 0 2 0 0 0 0 2 0 0 2 0 1 0 0 0 0 0 1 0 1 0 0 1 0 2 0 2 1 0 0 0 0 0 0 0 1 0 0 1 0 0 1 0 0 0 0 2 0 0 1 0 0 0 0 0 2 2 0 0 0 0 0 0 0 0 0 
17 17 17 2 0 1 34 32 34 16 16 18 0 0 0 32 34 32 16 16 16 2 0 0 34 32 33 0 0 0 0 0 1 0 1 0 0 1 0 2 0 2 1 0 0 0 0 0 0 0 1 0 0 1 0 0 1 0 0 0 0 2 0 0 1 0 0 0 0 0 2 2 0 0 0 0 0 0 0 0 0 
1
1 0 2 0 0 0 0 0 0 
1 1 1 2 0 1 2 0 2 0 0 2 0 0 0 0 2 0 0 0 0 2 0 0 2 0 1 0 2 0 0 0 1 0 1 0 0 1 0 2 0 2 1 0 0 0 0 0 0 0 1 0 0 1 0 0 1 0 0 0 0 2 0 0 1 0 0 0 0 0 2 2 0 0 0 0 0 0 0 0 0 
17 17 17 2 0 1 34 32 34 16 16 18 0 0 0 32 34 32 16 16 16 2 0 0 34 32 33 0 2 0 0 0 1 0 1 0 0 1 0 2 0 2 1 0 0 0 0 0 0 0 1 0 0 1 0 0 1 0 0 0 0 2 0 0 1 0 0 0 0 0 2 2 0 0 0 0 0 0 0 0 0 
1
1 0 2 0 0 0 0 0 0 
1 1 1 2 0 1 2 0 2 0 0 2 0 0 0 0 2 0 0 0 0 2 1 0 2 0 1 0 2 0 0 0 1 0 1 0 0 1 0 2 0 2 1 0 0 0 0 0 0 0 1 0 0 1 0 0 1 0 0 0 0 2 0 0 1 0 0 0 0 0 2 2 0 0 0 0 0 0 0 0 0 
17 17 17 2 0 1 34 32 34 16 16 18 0 0 0 32 34 32 16 16 16 2 1 0 34 32 33 0 2 0 0 0 1 0 1 0 0 1 0 2 0 2 1 0 0 0 0 0 0 0 1 0 0 1 0 0 1 0 0 0 0 2 0 0 1 0 0 0 0 0 2 2 0 0 0 0 0 0 0 0 0 
1
1 0 2 0 0 0 0 0 0 
1 1 1 2 0 1 2 0 2 0 0 2 0 0 0 0 2 0 0 0 0 2 1 0 2 0 1 0 2 0 0 0 1 0 1 0 0 1 0 2 0 2 1 0 0 0 0 0 0 0 1 0 0 1 0 0 1 0 0 0 0 2 0 0 1 0 0 0 0 0 2 2 0 0 0 2 0 0 0 0 0 
17 17 17 2 0 1 34 32 34 16 16 18 0 0 0 32 34 32 16 16 16 2 1 0 34 32 33 0 2 0 0 0 1 0 1 0 0 1 0 2 0 2 1 0 0 0 0 0 0 0 1 0 0 1 0 0 1 0 0 0 0 2 0 0 1 0 0 0 0 0 2 2 0 0 0 2 0 0 0 0 0 
1
1 0 2 0 0 0 1 0 0 
1 1 1 2 0 1 2 0 2 0 0 2 0 0 0 0 2 0 0 0 0 2 1 0 2 0 1 0 2 0 0 0 1 0 1 0 0 1 0 2 0 2 1 0 0 0 0 0 0 0 1 0 0 1 0 0 1 0 0 0 0 2 0 0 1 0 0 0 0 0 2 2 1 0 0 2 0 0 0 0 0 
17 17 17 2 0 1 34 32 34 16 16 18 0 0 0 32 34 32 16 16 16 2 1 0 34 32 33 0 2 0 0 0 1 0 1 0 0 1 0 2 0 2 1 0 0 0 0 0 0 0 1 0 0 1 16 16 17 0 0 0 0 2 0 16 17 16 0 0 0 0 2 2 17 16 16 2 0 0 0 0 0 
1
1 0 2 0 0 0 1 0 0 
1 1 1 2 0 1 2 0 2 0 0 2 0 0 0 0 2 0 0 0 0 2 1 0 2 0 1 0 2 0 0 0 1 0 1 0 0 1 0 2 0 2 1 0 0 0 0 0 0 0 1 0 0 1 0 0 1 0 0 0 2 2 0 0 1 0 0 0 0 0 2 2 1 0 0 2 0 0 0 0 0 
17 17 17 2 0 1 34 32 34 16 16 18 0 0 0 32 34 32 16 16 16 2 1 0 34 32 33 0 2 0 0 0 1 0 1 0 0 1 0 2 0 2 1 0 0 0 0 0 0 0 1 0 0 1 16 16 17 0 0 0 2 2 0 16 17 16 0 0 0 0 2 2 17 16 16 2 0 0 0 0 0 
1
1 0 2 0 0 0 1 0 0 
1 1 1 2 0 1 2 0 2 0 0 2 0 0 0 0 2 0 0 0 0 2 1 0 2 0 1 0 2 0 0 0 1 0 1 0 0 1 0 2 1 2 1 0 0 0 0 0 0 0 1 0 0 1 0 0 1 0 0 0 2 2 0 0 1 0 0 0 0 0 2 2 1 0 0 2 0 0 0 0 0 
17 17 17 2 0 1 34 32 34 16 16 18 0 0 0 32 34 32 16 16 16 2 1 0 34 32 33 0 2 0 0 0 1 0 1 0 0 1 0 2 1 2 1 0 0 0 0 0 0 0 1 0 0 1 16 16 17 0 0 0 2 2 0 16 17 16 0 0 0 0 2 2 17 16 16 2 0 0 0 0 0 
1
1 0 2 0 0 0 1 0 0 
1 1 1 2 0 1 2 0 2 0 0 2 0 0 0 0 2 0 0 0 0 2 1 0 2 0 1 0 2 0 0 0 1 0 1 0 0 1 0 2 1 2 1 0 0 0 0 0 0 2 1 0 0 1 0 0 1 0 0 0 2 2 0 0 1 0 0 0 0 0 2 2 1 0 0 2 0 0 0 0 0 
17 17 17 2 0 1 34 32 34 16 16 18 0 0 0 32 34 32 16 16 16 2 1 0 34 32 33 0 2 0 0 0 1 0 1 0 0 1 0 2 1 2 1 0 0 0 0 0 0 2 1 0 0 1 16 16 17 0 0 0 2 2 0 16 17 16 0 0 0 0 2 2 17 16 16 2 0 0 0 0 0 
1
1 0 2 0 0 0 1 0 0 
1 1 1 2 0 1 2 0 2 0 0 2 0 0 0 0 2 0 0 0 0 2 1 0 2 0 1 0 2 0 0 0 1 0 1 0 0 1 0 2 1 2 1 0 0 0 0 0 0 2 1 0 0 1 0 0 1 0 0 0 2 2 0 0 1 0 0 1 0 0 2 2 1 0 0 2 0 0 0 0 0 
17 17 17 2 0 1 34 32 34 16 16 18 0 0 0 32 34 32 16 16 16 2 1 0 34 32 33 0 2 0 0 0 1 0 1 0 0 1 0 2 1 2 1 0 0 0 0 0 0 2 1 0 0 1 16 16 17 0 0 0 2 2 0 16 17 16 0 1 0 0 2 2 17 16 16 2 0 0 0 0 0 
1
1 0 2 0 0 0 1 0 0 
1 1 1 2 0 1 2 0 2 0 0 2 0 0 0 0 2 0 0 0 0 2 1 0 2 0 1 0 2 0 0 2 1 0 1 0 0 1 0 2 1 2 1 0 0 0 0 0 0 2 1 0 0 1 0 0 1 0 0 0 2 2 0 0 1 0 0 1 0 0 2 2 1 0 0 2 0 0 0 0 0 
17 17 17 2 0 1 34 32 34 16 16 18 0 0 0 32 34 32 16 16 16 2 1 0 34 32 33 0 2 0 0 2 1 0 1 0 0 1 0 2 1 2 1 0 0 0 0 0 0 2 1 0 0 1 16 16 17 0 0 0 2 2 0 16 17 16 0 1 0 0 2 2 17 16 16 2 0 0 0 0 0 
1
1 0 2 0 0 0 1 0 0 
1 1 1 2 0 1 2 0 2 0 0 2 0 0 1 0 2 0 0 0 0 2 1 0 2 0 1 0 2 0 0 2 1 0 1 0 0 1 0 2 1 2 1 0 0 0 0 0 0 2 1 0 0 1 0 0 1 0 0 0 2 2 0 0 1 0 0 1 0 0 2 2 1 0 0 2 0 0 0 0 0 
17 17 17 2 0 1 34 32 34 16 16 18 0 0 1 32 34 32 16 16 16 2 1 0 34 32 33 0 2 0 0 2 1 0 1 0 0 1 0 2 1 2 1 0 0 0 0 0 0 2 1 0 0 1 16 16 17 0 0 0 2 2 0 16 17 16 0 1 0 0 2 2 17 16 16 2 0 0 0 0 0 
1
1 0 2 0 0 0 1 0 0 
1 1 1 2 0 1 2 0 2 0 0 2 0 0 1 0 2 0 0 0 0 2 1 0 2 0 1 0 2 0 0 2 1 0 1 2 0 1 0 2 1 2 1 0 0 0 0 0 0 2 1 0 0 1 0 0 1 0 0 0 2 2 0 0 1 0 0 1 0 0 2 2 1 0 0 2 0 0 0 0 0 
17 17 17 2 0 1 34 32 34 16 16 18 0 0 1 32 34 32 16 16 16 2 1 0 34 32 33 0 2 0 0 2 1 0 1 2 0 1 0 2 1 2 1 0 0 0 0 0 0 2 1 0 0 1 16 16 17 0 0 0 2 2 0 16 17 16 0 1 0 0 2 2 17 16 16 2 0 0 0 0 0 
1
1 0 2 0 1 0 1 0 0 
1 1 1 2 0 1 2 0 2 0 0 2 0 0 1 0 2 0 0 0 0 2 1 0 2 0 1 0 2 0 0 2 1 0 1 2 0 1 0 2 1 2 1 0 0 0 0 0 1 2 1 0 0 1 0 0 1 0 0 0 2 2 0 0 1 0 0 1 0 0 2 2 1 0 0 2 0 0 0 0 0 
17 17 17 2 0 1 34 32 34 16 16 18 0 0 1 32 34 32 16 16 16 2 1 0 34 32 33 0 2 0 16 18 17 0 1 2 0 1 0 18 17 18 1 0 0 0 0 0 17 18 17 0 0 1 16 16 17 0 0 0 2 2 0 16 17 16 0 1 0 0 2 2 17 16 16 2 0 0 0 0 0 
1
1 0 2 0 1 0 1 0 2 
1 1 1 2 0 1 2 0 2 0 0 2 0 0 1 0 2 0 0 0 0 2 1 0 2 0 1 0 2 0 0 2 1 0 1 2 0 1 0 2 1 2 1 0 0 0 0 0 1 2 1 0 0 1 0 0 1 0 0 0 2 2 0 0 1 0 0 1 0 0 2 2 1 0 0 2 0 0 0 2 0 
17 17 17 2 0 1 34 32 34 16 16 18 0 0 1 32 34 32 16 16 16 2 1 0 34 32 33 0 2 0 16 18 17 0 1 2 0 1 0 18 17 18 1 0 0 0 0 0 17 18 17 0 0 1 16 16 17 0 0 0 34 34 32 16 17 16 0 1 0 32 34 34 17 16 16 2 0 0 32 34 32 
1
1 0 2 0 1 0 1 0 2 
1 1 1 2 0 1 2 0 2 0 0 2 0 0 1 0 2 0 0 0 0 2 1 0 2 0 1 0 2 0 0 2 1 0 1 2 0 1 0 2 1 2 1 0 0 0 0 0 1 2 1 0 0 1 0 0 1 1 0 0 2 2 0 0 1 0 0 1 0 0 2 2 1 0 0 2 0 0 0 2 0 
17 17 17 2 0 1 34 32 34 16 16 18 0 0 1 32 34 32 16 16 16 2 1 0 34 32 33 0 2 0 16 18 17 0 1 2 0 1 0 18 17 18 1 0 0 0 0 0 17 18 17 0 0 1 16 16 17 1 0 0 34 34 32 16 17 16 0 1 0 32 34 34 17 16 16 2 0 0 32 34 32 
1
1 0 2 0 1 0 1 0 2 
1 1 1 2 0 1 2 0 2 0 0 2 0 0 1 0 2 0 0 0 0 2 1 0 2 0 1 0 2 0 0 2 1 0 1 2 0 1 0 2 1 2 1 0 0 0 0 0 1 2 1 0 0 1 0 0 1 1 0 2 2 2 0 0 1 0 0 1 0 0 2 2 1 0 0 2 0 0 0 2 0 
17 17 17 2 0 1 34 32 34 16 16 18 0 0 1 32 34 32 16 16 16 2 1 0 34 32 33 0 2 0 16 18 17 0 1 2 0 1 0 18 17 18 1 0 0 0 0 0 17 18 17 0 0 1 16 16 17 1 0 2 34 34 32 16 17 16 0 1 0 32 34 34 17 16 16 2 0 0 32 34 32 
1
1 0 2 0 1 0 1 1 2 
1 1 1 2 0 1 2 0 2 0 0 2 0 0 1 0 2 0 0 0 0 2 1 0 2 0 1 0 2 0 0 2 1 0 1 2 0 1 0 2 1 2 1 0 0 0 0 0 1 2 1 0 0 1 0 0 1 1 0 2 2 2 0 0 1 0 0 1 0 0 2 2 1 0 0 2 0 1 0 2 0 
17 17 17 2 0 1 34 32 34 16 16 18 0 0 1 32 34 32 16 16 16 2 1 0 34 32 33 0 2 0 16 18 17 0 1 2 0 1 0 18 17 18 1 0 0 0 0 0 17 18 17 0 0 1 16 16 17 17 16 18 34 34 32 16 17 16 16 17 16 32 34 34 17 16 16 18 16 17 32 34 32 
1
1 0 2 0 1 0 1 1 2 
1 1 1 2 0 1 2 0 2 0 0 2 0 0 1 0 2 0 0 0 0 2 1 0 2 0 1 0 2 0 0 2 1 0 1 2 0 1 0 2 1 2 1 0 0 0 0 0 1 2 1 0 2 1 0 0 1 1 0 2 2 2 0 0 1 0 0 1 0 0 2 2 1 0 0 2 0 1 0 2 0 
17 17 17 2 0 1 34 32 34 16 16 18 0 0 1 32 34 32 16 16 16 2 1 0 34 32 33 0 2 0 16 18 17 0 1 2 0 1 0 18 17 18 1 0 0 0 0 0 17 18 17 0 2 1 16 16 17 17 16 18 34 34 32 16 17 16 16 17 16 32 34 34 17 16 16 18 16 17 32 34 32 
1
1 1 2 0 1 0 1 1 2 
1 1 1 2 0 1 2 0 2 0 0 2 0 0 1 0 2 0 0 0 0 2 1 1 2 0 1 0 2 0 0 2 1 0 1 2 0 1 0 2 1 2 1 0 0 0 0 0 1 2 1 0 2 1 0 0 1 1 0 2 2 2 0 0 1 0 0 1 0 0 2 2 1 0 0 2 0 1 0 2 0 
17 17 17 18 16 17 34 32 34 16 16 18 16 16 17 32 34 32 16 16 16 18 17 17 34 32 33 0 2 0 16 18 17 0 1 2 0 1 0 18 17 18 1 0 0 0 0 0 17 18 17 0 2 1 16 16 17 17 16 18 34 34 32 16 17 16 16 17 16 32 34 34 17 16 16 18 16 17 32 34 32 
1
1 1 2 0 1 0 1 1 2 
1 1 1 2 0 1 2 0 2 0 0 2 0 0 1 0 2 0 0 0 0 2 1 1 2 0 1 0 2 0 0 2 1 0 1 2 0 1 0 2 1 2 1 0 0 0 0 0 1 2 1 0 2 1 0 0 1 1 0 2 2 2 0 0 1 0 0 1 0 0 2 2 1 0 0 2 0 1 0 2 0 
17 17 17 18 16 17 34 32 34 16 16 18 16 16 17 32 34 32 16 16 16 18 17 17 34 32 33 0 2 0 16 18 17 0 1 2 0 1 0 18 17 18 1 0 0 0 0 0 17 18 17 0 2 1 16 16 17 17 16 18 34 34 32 16 17 16 16 17 16 32 34 34 17 16 16 18 16 17 32 34 32 
1
