0 0 0 0 0 0 0 0 0 
0 0 0 0 0 0 0 0 0 0 0 0 0 0 0 0 0 0 0 0 0 0 0 0 0 0 0 0 0 0 0 0 0 0 0 0 0 0 0 0 0 0 0 0 0 0 0 0 0 0 0 0 0 0 0 0 0 0 0 0 0 0 0 0 0 0 0 0 0 0 0 0 0 0 0 0 0 0 0 0 1 
0 0 0 0 0 0 0 0 0 0 0 0 0 0 0 0 0 0 0 0 0 0 0 0 0 0 0 0 0 0 0 0 0 0 0 0 0 0 0 0 0 0 0 0 0 0 0 0 0 0 0 0 0 0 0 0 0 0 0 0 0 0 0 0 0 0 0 0 0 0 0 0 0 0 0 0 0 0 0 0 1 
1
0 0 0 0 0 0 0 0 0 
0 0 0 0 0 0 0 0 0 0 0 0 0 0 0 0 0 0 0 0 0 0 0 0 0 0 0 0 0 0 0 0 0 0 0 0 0 0 0 0 0 0 0 0 0 0 0 0 0 0 0 0 0 0 0 0 0 0 0 0 2 0 0 0 0 0 0 0 0 0 0 0 0 0 0 0 0 0 0 0 1 
0 0 0 0 0 0 0 0 0 0 0 0 0 0 0 0 0 0 0 0 0 0 0 0 0 0 0 0 0 0 0 0 0 0 0 0 0 0 0 0 0 0 0 0 0 0 0 0 0 0 0 0 0 0 0 0 0 0 0 0 2 0 0 0 0 0 0 0 0 0 0 0 0 0 0 0 0 0 0 0 1 
1
0 0 0 0 0 0 0 0 0 
1 0 0 0 0 0 0 0 0 0 0 0 0 0 0 0 0 0 0 0 0 0 0 0 0 0 0 0 0 0 0 0 0 0 0 0 0 0 0 0 0 0 0 0 0 0 0 0 0 0 0 0 0 0 0 0 0 0 0 0 2 0 0 0 0 0 0 0 0 0 0 0 0 0 0 0 0 0 0 0 1 
1 0 0 0 0 0 0 0 0 0 0 0 0 0 0 0 0 0 0 0 0 0 0 0 0 0 0 0 0 0 0 0 0 0 0 0 0 0 0 0 0 0 0 0 0 0 0 0 0 0 0 0 0 0 0 0 0 0 0 0 2 0 0 0 0 0 0 0 0 0 0 0 0 0 0 0 0 0 0 0 1 
1
0 0 0 0 0 0 0 0 0 
1 0 0 0 0 0 0 0 0 0 0 0 0 0 0 0 0 0 0 0 2 0 0 0 0 0 0 0 0 0 0 0 0 0 0 0 0 0 0 0 0 0 0 0 0 0 0 0 0 0 0 0 0 0 0 0 0 0 0 0 2 0 0 0 0 0 0 0 0 0 0 0 0 0 0 0 0 0 0 0 1 
1 0 0 0 0 0 0 0 0 0 0 0 0 0 0 0 0 0 0 0 2 0 0 0 0 0 0 0 0 0 0 0 0 0 0 0 0 0 0 0 0 0 0 0 0 0 0 0 0 0 0 0 0 0 0 0 0 0 0 0 2 0 0 0 0 0 0 0 0 0 0 0 0 0 0 0 0 0 0 0 1 
1
0 0 0 0 0 0 0 0 0 
1 0 0 0 0 0 0 0 0 0 0 0 0 0 0 0 0 0 0 0 2 0 0 0 0 0 0 0 0 0 0 0 0 0 0 0 0 0 0 0 0 0 0 0 0 0 0 0 0 0 0 0 0 0 0 0 0 0 0 0 2 1 0 0 0 0 0 0 0 0 0 0 0 0 0 0 0 0 0 0 1 
1 0 0 0 0 0 0 0 0 0 0 0 0 0 0 0 0 0 0 0 2 0 0 0 0 0 0 0 0 0 0 0 0 0 0 0 0 0 0 0 0 0 0 0 0 0 0 0 0 0 0 0 0 0 0 0 0 0 0 0 2 1 0 0 0 0 0 0 0 0 0 0 0 0 0 0 0 0 0 0 1 
1
0 0 0 0 0 0 0 0 0 
1 0 0 2 0 0 0 0 0 0 0 0 0 0 0 0 0 0 0 0 2 0 0 0 0 0 0 0 0 0 0 0 0 0 0 0 0 0 0 0 0 0 0 0 0 0 0 0 0 0 0 0 0 0 0 0 0 0 0 0 2 1 0 0 0 0 0 0 0 0 0 0 0 0 0 0 0 0 0 0 1 
1 0 0 2 0 0 0 0 0 0 0 0 0 0 0 0 0 0 0 0 2 0 0 0 0 0 0 0 0 0 0 0 0 0 0 0 0 0 0 0 0 0 0 0 0 0 0 0 0 0 0 0 0 0 0 0 0 0 0 0 2 1 0 0 0 0 0 0 0 0 0 0 0 0 0 0 0 0 0 0 1 
1
0 0 0 0 0 0 0 0 0 
1 1 0 2 0 0 0 0 0 0 0 0 0 0 0 0 0 0 0 0 2 0 0 0 0 0 0 0 0 0 0 0 0 0 0 0 0 0 0 0 0 0 0 0 0 0 0 0 0 0 0 0 0 0 0 0 0 0 0 0 2 1 0 0 0 0 0 0 0 0 0 0 0 0 0 0 0 0 0 0 1 
1 1 0 2 0 0 0 0 0 0 0 0 0 0 0 0 0 0 0 0 2 0 0 0 0 0 0 0 0 0 0 0 0 0 0 0 0 0 0 0 0 0 0 0 0 0 0 0 0 0 0 0 0 0 0 0 0 0 0 0 2 1 0 0 0 0 0 0 0 0 0 0 0 0 0 0 0 0 0 0 1 
1
0 0 0 0 0 0 0 0 0 
1 1 0 2 0 2 0 0 0 0 0 0 0 0 0 0 0 0 0 0 2 0 0 0 0 0 0 0 0 0 0 0 0 0 0 0 0 0 0 0 0 0 0 0 0 0 0 0 0 0 0 0 0 0 0 0 0 0 0 0 2 1 0 0 0 0 0 0 0 0 0 0 0 0 0 0 0 0 0 0 1 
1 1 0 2 0 2 0 0 0 0 0 0 0 0 0 0 0 0 0 0 2 0 0 0 0 0 0 0 0 0 0 0 0 0 0 0 0 0 0 0 0 0 0 0 0 0 0 0 0 0 0 0 0 0 0 0 0 0 0 0 2 1 0 0 0 0 0 0 0 0 0 0 0 0 0 0 0 0 0 0 1 
1
0 0 0 0 0 0 0 0 0 
1 1 0 2 0 2 0 0 1 0 0 0 0 0 0 0 0 0 0 0 2 0 0 0 0 0 0 0 0 0 0 0 0 0 0 0 0 0 0 0 0 0 0 0 0 0 0 0 0 0 0 0 0 0 0 0 0 0 0 0 2 1 0 0 0 0 0 0 0 0 0 0 0 0 0 0 0 0 0 0 1 
1 1 0 2 0 2 0 0 1 0 0 0 0 0 0 0 0 0 0 0 2 0 0 0 0 0 0 0 0 0 0 0 0 0 0 0 0 0 0 0 0 0 0 0 0 0 0 0 0 0 0 0 0 0 0 0 0 0 0 0 2 1 0 0 0 0 0 0 0 0 0 0 0 0 0 0 0 0 0 0 1 
1
0 0 0 0 0 0 0 0 0 
1 1 0 2 0 2 0 0 1 0 0 0 0 0 0 2 0 0 0 0 2 0 0 0 0 0 0 0 0 0 0 0 0 0 0 0 0 0 0 0 0 0 0 0 0 0 0 0 0 0 0 0 0 0 0 0 0 0 0 0 2 1 0 0 0 0 0 0 0 0 0 0 0 0 0 0 0 0 0 0 1 
1 1 0 2 0 2 0 0 1 0 0 0 0 0 0 2 0 0 0 0 2 0 0 0 0 0 0 0 0 0 0 0 0 0 0 0 0 0 0 0 0 0 0 0 0 0 0 0 0 0 0 0 0 0 0 0 0 0 0 0 2 1 0 0 0 0 0 0 0 0 0 0 0 0 0 0 0 0 0 0 1 
1
0 0 0 0 0 0 0 0 0 
1 1 0 2 0 2 0 0 1 0 0 0 0 0 0 2 0 0 0 0 2 0 0 0 0 0 0 0 0 0 0 0 0 0 0 0 1 0 0 0 0 0 0 0 0 0 0 0 0 0 0 0 0 0 0 0 0 0 0 0 2 1 0 0 0 0 0 0 0 0 0 0 0 0 0 0 0 0 0 0 1 
1 1 0 2 0 2 0 0 1 0 0 0 0 0 0 2 0 0 0 0 2 0 0 0 0 0 0 0 0 0 0 0 0 0 0 0 1 0 0 0 0 0 0 0 0 0 0 0 0 0 0 0 0 0 0 0 0 0 0 0 2 1 0 0 0 0 0 0 0 0 0 0 0 0 0 0 0 0 0 0 1 
1
0 0 0 0 0 0 0 0 0 
1 1 0 2 0 2 0 0 1 0 0 0 0 0 0 2 0 0 0 0 2 0 0 0 0 0 0 0 0 0 0 0 0 0 0 0 1 2 0 0 0 0 0 0 0 0 0 0 0 0 0 0 0 0 0 0 0 0 0 0 2 1 0 0 0 0 0 0 0 0 0 0 0 0 0 0 0 0 0 0 1 
1 1 0 2 0 2 0 0 1 0 0 0 0 0 0 2 0 0 0 0 2 0 0 0 0 0 0 0 0 0 0 0 0 0 0 0 1 2 0 0 0 0 0 0 0 0 0 0 0 0 0 0 0 0 0 0 0 0 0 0 2 1 0 0 0 0 0 0 0 0 0 0 0 0 0 0 0 0 0 0 1 
1
0 0 0 0 0 0 0 0 0 
1 1 0 2 0 2 0 0 1 0 0 0 0 0 0 2 0 0 0 0 2 0 0 0 0 0 0 0 0 0 0 0 0 0 0 0 1 2 0 0 1 0 0 0 0 0 0 0 0 0 0 0 0 0 0 0 0 0 0 0 2 1 0 0 0 0 0 0 0 0 0 0 0 0 0 0 0 0 0 0 1 
1 1 0 2 0 2 0 0 1 0 0 0 0 0 0 2 0 0 0 0 2 0 0 0 0 0 0 0 0 0 0 0 0 0 0 0 1 2 0 0 1 0 0 0 0 0 0 0 0 0 0 0 0 0 0 0 0 0 0 0 2 1 0 0 0 0 0 0 0 0 0 0 0 0 0 0 0 0 0 0 1 
1
0 0 0 0 0 0 0 0 0 
1 1 0 2 0 2 0 0 1 0 0 0 0 0 0 2 0 0 0 0 2 0 0 0 0 0 0 0 0 0 0 0 0 0 0 0 1 2 0 0 1 0 0 0 0 0 0 0 2 0 0 0 0 0 0 0 0 0 0 0 2 1 0 0 0 0 0 0 0 0 0 0 0 0 0 0 0 0 0 0 1 
1 1 0 2 0 2 0 0 1 0 0 0 0 0 0 2 0 0 0 0 2 0 0 0 0 0 0 0 0 0 0 0 0 0 0 0 1 2 0 0 1 0 0 0 0 0 0 0 2 0 0 0 0 0 0 0 0 0 0 0 2 1 0 0 0 0 0 0 0 0 0 0 0 0 0 0 0 0 0 0 1 
1
0 0 0 0 0 0 0 0 0 
1 1 0 2 0 2 0 0 1 0 0 0 0 0 0 2 0 0 0 0 2 0 0 0 0 0 0 0 0 0 0 0 0 0 0 0 1 2 0 0 1 0 0 0 0 0 0 0 2 0 0 0 0 0 0 0 0 0 0 0 2 1 0 0 0 0 0 0 0 0 0 0 1 0 0 0 0 0 0 0 1 
1 1 0 2 0 2 0 0 1 0 0 0 0 0 0 2 0 0 0 0 2 0 0 0 0 0 0 0 0 0 0 0 0 0 0 0 1 2 0 0 1 0 0 0 0 0 0 0 2 0 0 0 0 0 0 0 0 0 0 0 2 1 0 0 0 0 0 0 0 0 0 0 1 0 0 0 0 0 0 0 1 
1
0 0 0 0 0 0 0 0 0 
1 1 0 2 0 2 0 0 1 0 0 0 0 0 0 2 0 0 0 0 2 0 0 0 0 0 0 0 0 0 0 0 0 0 0 0 1 2 0 0 1 0 0 0 0 0 0 0 2 0 0 0 0 0 2 0 0 0 0 0 2 1 0 0 0 0 0 0 0 0 0 0 1 0 0 0 0 0 0 0 1 
1 1 0 2 0 2 0 0 1 0 0 0 0 0 0 2 0 0 0 0 2 0 0 0 0 0 0 0 0 0 0 0 0 0 0 0 1 2 0 0 1 0 0 0 0 0 0 0 2 0 0 0 0 0 2 0 0 0 0 0 2 1 0 0 0 0 0 0 0 0 0 0 1 0 0 0 0 0 0 0 1 
1
1 0 0 0 0 0 0 0 0 
1 1 1 2 0 2 0 0 1 0 0 0 0 0 0 2 0 0 0 0 2 0 0 0 0 0 0 0 0 0 0 0 0 0 0 0 1 2 0 0 1 0 0 0 0 0 0 0 2 0 0 0 0 0 2 0 0 0 0 0 2 1 0 0 0 0 0 0 0 0 0 0 1 0 0 0 0 0 0 0 1 
17 17 17 2 0 2 0 0 1 16 16 16 0 0 0 2 0 0 16 16 18 0 0 0 0 0 0 0 0 0 0 0 0 0 0 0 1 2 0 0 1 0 0 0 0 0 0 0 2 0 0 0 0 0 2 0 0 0 0 0 2 1 0 0 0 0 0 0 0 0 0 0 1 0 0 0 0 0 0 0 1 
1
1 0 0 0 0 0 0 0 0 
1 1 1 2 0 2 0 0 1 0 0 0 0 0 0 2 0 0 0 0 2 0 0 0 2 0 0 0 0 0 0 0 0 0 0 0 1 2 0 0 1 0 0 0 0 0 0 0 2 0 0 0 0 0 2 0 0 0 0 0 2 1 0 0 0 0 0 0 0 0 0 0 1 0 0 0 0 0 0 0 1 
17 17 17 2 0 2 0 0 1 16 16 16 0 0 0 2 0 0 16 16 18 0 0 0 2 0 0 0 0 0 0 0 0 0 0 0 1 2 0 0 1 0 0 0 0 0 0 0 2 0 0 0 0 0 2 0 0 0 0 0 2 1 0 0 0 0 0 0 0 0 0 0 1 0 0 0 0 0 0 0 1 
1
1 0 0 0 0 0 0 0 0 
1 1 1 2 0 2 0 0 1 0 0 0 0 0 0 2 0 0 0 0 2 0 0 0 2 0 0 0 0 0 0 0 0 0 0 0 1 2 0 0 1 0 0 0 0 0 0 0 2 0 0 0 0 0 2 1 0 0 0 0 2 1 0 0 0 0 0 0 0 0 0 0 1 0 0 0 0 0 0 0 1 
17 17 17 2 0 2 0 0 1 16 16 16 0 0 0 2 0 0 16 16 18 0 0 0 2 0 0 0 0 0 0 0 0 0 0 0 1 2 0 0 1 0 0 0 0 0 0 0 2 0 0 0 0 0 2 1 0 0 0 0 2 1 0 0 0 0 0 0 0 0 0 0 1 0 0 0 0 0 0 0 1 
1
1 0 0 0 0 0 0 0 0 
1 1 1 2 0 2 0 0 1 0 0 0 0 2 0 2 0 0 0 0 2 0 0 0 2 0 0 0 0 0 0 0 0 0 0 0 1 2 0 0 1 0 0 0 0 0 0 0 2 0 0 0 0 0 2 1 0 0 0 0 2 1 0 0 0 0 0 0 0 0 0 0 1 0 0 0 0 0 0 0 1 
17 17 17 2 0 2 0 0 1 16 16 16 0 2 0 2 0 0 16 16 18 0 0 0 2 0 0 0 0 0 0 0 0 0 0 0 1 2 0 0 1 0 0 0 0 0 0 0 2 0 0 0 0 0 2 1 0 0 0 0 2 1 0 0 0 0 0 0 0 0 0 0 1 0 0 0 0 0 0 0 1 
1
1 0 0 0 0 0 0 0 0 
1 1 1 2 0 2 0 0 1 0 0 0 0 2 0 2 0 0 0 0 2 0 0 0 2 0 0 0 0 0 0 0 0 0 0 0 1 2 0 0 1 0 0 0 0 0 0 0 2 1 0 0 0 0 2 1 0 0 0 0 2 1 0 0 0 0 0 0 0 0 0 0 1 0 0 0 0 0 0 0 1 
17 17 17 2 0 2 0 0 1 16 16 16 0 2 0 2 0 0 16 16 18 0 0 0 2 0 0 0 0 0 0 0 0 0 0 0 1 2 0 0 1 0 0 0 0 0 0 0 2 1 0 0 0 0 2 1 0 0 0 0 2 1 0 0 0 0 0 0 0 0 0 0 1 0 0 0 0 0 0 0 1 
1
1 0 0 0 0 0 0 0 0 
1 1 1 2 0 2 0 0 1 0 0 0 0 2 0 2 0 0 0 0 2 0 0 0 2 0 0 0 0 0 0 0 0 0 0 0 1 2 0 0 1 0 0 0 0 0 0 0 2 1 0 0 0 0 2 1 0 0 2 0 2 1 0 0 0 0 0 0 0 0 0 0 1 0 0 0 0 0 0 0 1 
17 17 17 2 0 2 0 0 1 16 16 16 0 2 0 2 0 0 16 16 18 0 0 0 2 0 0 0 0 0 0 0 0 0 0 0 1 2 0 0 1 0 0 0 0 0 0 0 2 1 0 0 0 0 2 1 0 0 2 0 2 1 0 0 0 0 0 0 0 0 0 0 1 0 0 0 0 0 0 0 1 
1
1 0 0 0 0 0 0 0 0 
1 1 1 2 1 2 0 0 1 0 0 0 0 2 0 2 0 0 0 0 2 0 0 0 2 0 0 0 0 0 0 0 0 0 0 0 1 2 0 0 1 0 0 0 0 0 0 0 2 1 0 0 0 0 2 1 0 0 2 0 2 1 0 0 0 0 0 0 0 0 0 0 1 0 0 0 0 0 0 0 1 
17 17 17 2 1 2 0 0 1 16 16 16 0 2 0 2 0 0 16 16 18 0 0 0 2 0 0 0 0 0 0 0 0 0 0 0 1 2 0 0 1 0 0 0 0 0 0 0 2 1 0 0 0 0 2 1 0 0 2 0 2 1 0 0 0 0 0 0 0 0 0 0 1 0 0 0 0 0 0 0 1 
1
1 0 0 0 0 0 0 0 0 
1 1 1 2 1 2 0 0 1 0 0 0 0 2 2 2 0 0 0 0 2 0 0 0 2 0 0 0 0 0 0 0 0 0 0 0 1 2 0 0 1 0 0 0 0 0 0 0 2 1 0 0 0 0 2 1 0 0 2 0 2 1 0 0 0 0 0 0 0 0 0 0 1 0 0 0 0 0 0 0 1 
17 17 17 2 1 2 0 0 1 16 16 16 0 2 2 2 0 0 16 16 18 0 0 0 2 0 0 0 0 0 0 0 0 0 0 0 1 2 0 0 1 0 0 0 0 0 0 0 2 1 0 0 0 0 2 1 0 0 2 0 2 1 0 0 0 0 0 0 0 0 0 0 1 0 0 0 0 0 0 0 1 
1
1 0 0 0 0 0 0 0 0 
1 1 1 2 1 2 0 0 1 0 0 0 0 2 2 2 0 0 0 0 2 0 0 0 2 0 0 0 0 0 0 0 0 0 0 0 1 2 0 0 1 0 0 0 1 0 0 0 2 1 0 0 0 0 2 1 0 0 2 0 2 1 0 0 0 0 0 0 0 0 0 0 1 0 0 0 0 0 0 0 1 
17 17 17 2 1 2 0 0 1 16 16 16 0 2 2 2 0 0 16 16 18 0 0 0 2 0 0 0 0 0 0 0 0 0 0 0 1 2 0 0 1 0 0 0 1 0 0 0 2 1 0 0 0 0 2 1 0 0 2 0 2 1 0 0 0 0 0 0 0 0 0 0 1 0 0 0 0 0 0 0 1 
1
1 0 0 0 0 0 0 0 0 
1 1 1 2 1 2 0 0 1 0 0 0 0 2 2 2 0 0 0 0 2 0 0 0 2 0 0 0 0 0 0 0 0 0 0 0 1 2 0 0 1 0 0 0 1 0 0 0 2 1 0 0 0 2 2 1 0 0 2 0 2 1 0 0 0 0 0 0 0 0 0 0 1 0 0 0 0 0 0 0 1 
17 17 17 2 1 2 0 0 1 16 16 16 0 2 2 2 0 0 16 16 18 0 0 0 2 0 0 0 0 0 0 0 0 0 0 0 1 2 0 0 1 0 0 0 1 0 0 0 2 1 0 0 0 2 2 1 0 0 2 0 2 1 0 0 0 0 0 0 0 0 0 0 1 0 0 0 0 0 0 0 1 
1
1 0 0 0 0 0 0 0 0 
1 1 1 2 1 2 0 0 1 0 0 0 0 2 2 2 0 0 0 0 2 0 0 0 2 0 0 0 0 0 0 0 0 0 0 0 1 2 0 0 1 0 0 0 1 0 0 0 2 1 0 0 0 2 2 1 0 0 2 0 2 1 0 0 0 0 0 0 0 1 0 0 1 0 0 0 0 0 0 0 1 
17 17 17 2 1 2 0 0 1 16 16 16 0 2 2 2 0 0 16 16 18 0 0 0 2 0 0 0 0 0 0 0 0 0 0 0 1 2 0 0 1 0 0 0 1 0 0 0 2 1 0 0 0 2 2 1 0 0 2 0 2 1 0 0 0 0 0 0 0 1 0 0 1 0 0 0 0 0 0 0 1 
1
1 0 0 0 0 0 0 0 0 
1 1 1 2 1 2 0 0 1 0 0 0 0 2 2 2 0 0 0 0 2 0 0 0 2 0 0 0 0 2 0 0 0 0 0 0 1 2 0 0 1 0 0 0 1 0 0 0 2 1 0 0 0 2 2 1 0 0 2 0 2 1 0 0 0 0 0 0 0 1 0 0 1 0 0 0 0 0 0 0 1 
17 17 17 2 1 2 0 0 1 16 16 16 0 2 2 2 0 0 16 16 18 0 0 0 2 0 0 0 0 2 0 0 0 0 0 0 1 2 0 0 1 0 0 0 1 0 0 0 2 1 0 0 0 2 2 1 0 0 2 0 2 1 0 0 0 0 0 0 0 1 0 0 1 0 0 0 0 0 0 0 1 
1
1 0 0 0 0 0 0 0 0 
1 1 1 2 1 2 1 0 1 0 0 0 0 2 2 2 0 0 0 0 2 0 0 0 2 0 0 0 0 2 0 0 0 0 0 0 1 2 0 0 1 0 0 0 1 0 0 0 2 1 0 0 0 2 2 1 0 0 2 0 2 1 0 0 0 0 0 0 0 1 0 0 1 0 0 0 0 0 0 0 1 
17 17 17 2 1 2 1 0 1 16 16 16 0 2 2 2 0 0 16 16 18 0 0 0 2 0 0 0 0 2 0 0 0 0 0 0 1 2 0 0 1 0 0 0 1 0 0 0 2 1 0 0 0 2 2 1 0 0 2 0 2 1 0 0 0 0 0 0 0 1 0 0 1 0 0 0 0 0 0 0 1 
1
1 0 0 0 0 0 0 0 0 
1 1 1 2 1 2 1 0 1 0 0 0 0 2 2 2 0 0 0 0 2 0 0 0 2 0 0 0 0 2 0 0 0 0 0 0 1 2 0 0 1 0 0 0 1 0 0 0 2 1 0 0 0 2 2 1 0 0 2 0 2 1 0 0 0 0 0 0 0 1 0 0 1 2 0 0 0 0 0 0 1 
17 17 17 2 1 2 1 0 1 16 16 16 0 2 2 2 0 0 16 16 18 0 0 0 2 0 0 0 0 2 0 0 0 0 0 0 1 2 0 0 1 0 0 0 1 0 0 0 2 1 0 0 0 2 2 1 0 0 2 0 2 1 0 0 0 0 0 0 0 1 0 0 1 2 0 0 0 0 0 0 1 
1
1 0 0 0 0 0 0 0 0 
1 1 1 2 1 2 1 0 1 0 0 0 0 2 2 2 0 0 0 0 2 0 0 0 2 0 0 0 0 2 0 0 0 0 0 0 1 2 0 0 1 0 0 0 1 0 0 0 2 1 0 0 0 2 2 1 0 1 2 0 2 1 0 0 0 0 0 0 0 1 0 0 1 2 0 0 0 0 0 0 1 
17 17 17 2 1 2 1 0 1 16 16 16 0 2 2 2 0 0 16 16 18 0 0 0 2 0 0 0 0 2 0 0 0 0 0 0 1 2 0 0 1 0 0 0 1 0 0 0 2 1 0 0 0 2 2 1 0 1 2 0 2 1 0 0 0 0 0 0 0 1 0 0 1 2 0 0 0 0 0 0 1 
1
1 0 0 0 0 0 0 0 0 
1 1 1 2 1 2 1 0 1 0 0 0 0 2 2 2 0 0 0 0 2 0 0 0 2 0 0 0 0 2 0 0 0 0 0 0 1 2 0 0 1 0 0 0 1 0 0 0 2 1 0 0 0 2 2 1 0 1 2 0 2 1 0 0 0 0 0 0 0 1 0 0 1 2 2 0 0 0 0 0 1 
17 17 17 2 1 2 1 0 1 16 16 16 0 2 2 2 0 0 16 16 18 0 0 0 2 0 0 0 0 2 0 0 0 0 0 0 1 2 0 0 1 0 0 0 1 0 0 0 2 1 0 0 0 2 2 1 0 1 2 0 2 1 0 0 0 0 0 0 0 1 0 0 1 2 2 0 0 0 0 0 1 
1
1 0 0 0 0 0 0 0 0 
1 1 1 2 1 2 1 0 1 0 0 0 0 2 2 2 0 0 0 0 2 0 0 0 2 0 0 0 0 2 0 0 0 0 0 0 1 2 0 0 1 0 0 0 1 0 0 0 2 1 0 0 0 2 2 1 0 1 2 0 2 1 0 0 0 0 0 0 0 1 1 0 1 2 2 0 0 0 0 0 1 
17 17 17 2 1 2 1 0 1 16 16 16 0 2 2 2 0 0 16 16 18 0 0 0 2 0 0 0 0 2 0 0 0 0 0 0 1 2 0 0 1 0 0 0 1 0 0 0 2 1 0 0 0 2 2 1 0 1 2 0 2 1 0 0 0 0 0 0 0 1 1 0 1 2 2 0 0 0 0 0 1 
1
1 0 0 0 0 0 0 0 0 
1 1 1 2 1 2 1 0 1 0 0 0 0 2 2 2 0 0 0 0 2 0 0 0 2 0 0 0 0 2 0 0 0 0 0 0 1 2 0 2 1 0 0 0 1 0 0 0 2 1 0 0 0 2 2 1 0 1 2 0 2 1 0 0 0 0 0 0 0 1 1 0 1 2 2 0 0 0 0 0 1 
17 17 17 2 1 2 1 0 1 16 16 16 0 2 2 2 0 0 16 16 18 0 0 0 2 0 0 0 0 2 0 0 0 0 0 0 1 2 0 2 1 0 0 0 1 0 0 0 2 1 0 0 0 2 2 1 0 1 2 0 2 1 0 0 0 0 0 0 0 1 1 0 1 2 2 0 0 0 0 0 1 
1
1 0 0 0 0 0 0 0 0 
1 1 1 2 1 2 1 0 1 0 0 0 0 2 2 2 0 0 0 0 2 0 0 0 2 0 0 0 0 2 0 0 0 0 0 0 1 2 0 2 1 0 0 0 1 1 0 0 2 1 0 0 0 2 2 1 0 1 2 0 2 1 0 0 0 0 0 0 0 1 1 0 1 2 2 0 0 0 0 0 1 
17 17 17 2 1 2 1 0 1 16 16 16 0 2 2 2 0 0 16 16 18 0 0 0 2 0 0 0 0 2 0 0 0 0 0 0 1 2 0 2 1 0 0 0 1 1 0 0 2 1 0 0 0 2 2 1 0 1 2 0 2 1 0 0 0 0 0 0 0 1 1 0 1 2 2 0 0 0 0 0 1 
1
1 0 0 0 0 0 0 0 0 
1 1 1 2 1 2 1 0 1 0 0 0 0 2 2 2 0 0 0 0 2 0 0 0 2 0 0 0 0 2 0 0 0 0 0 0 1 2 0 2 1 0 0 0 1 1 0 0 2 1 0 0 0 2 2 1 2 1 2 0 2 1 0 0 0 0 0 0 0 1 1 0 1 2 2 0 0 0 0 0 1 
17 17 17 2 1 2 1 0 1 16 16 16 0 2 2 2 0 0 16 16 18 0 0 0 2 0 0 0 0 2 0 0 0 0 0 0 1 2 0 2 1 0 0 0 1 1 0 0 2 1 0 0 0 2 2 1 2 1 2 0 2 1 0 0 0 0 0 0 0 1 1 0 1 2 2 0 0 0 0 0 1 
1
1 0 1 0 0 0 0 0 0 
1 1 1 2 1 2 1 1 1 0 0 0 0 2 2 2 0 0 0 0 2 0 0 0 2 0 0 0 0 2 0 0 0 0 0 0 1 2 0 2 1 0 0 0 1 1 0 0 2 1 0 0 0 2 2 1 2 1 2 0 2 1 0 0 0 0 0 0 0 1 1 0 1 2 2 0 0 0 0 0 1 
17 17 17 2 1 2 17 17 17 16 16 16 0 2 2 18 16 16 16 16 18 0 0 0 18 16 16 0 0 2 0 0 0 0 0 0 1 2 0 2 1 0 0 0 1 1 0 0 2 1 0 0 0 2 2 1 2 1 2 0 2 1 0 0 0 0 0 0 0 1 1 0 1 2 2 0 0 0 0 0 1 
1
1 2 1 0 0 0 0 0 0 
1 1 1 2 1 2 1 1 1 0 0 0 0 2 2 2 0 0 0 0 2 2 0 0 2 0 0 0 0 2 0 0 0 0 0 0 1 2 0 2 1 0 0 0 1 1 0 0 2 1 0 0 0 2 2 1 2 1 2 0 2 1 0 0 0 0 0 0 0 1 1 0 1 2 2 0 0 0 0 0 1 
17 17 17 34 33 34 17 17 17 16 16 16 32 34 34 18 16 16 16 16 18 34 32 32 18 16 16 0 0 2 0 0 0 0 0 0 1 2 0 2 1 0 0 0 1 1 0 0 2 1 0 0 0 2 2 1 2 1 2 0 2 1 0 0 0 0 0 0 0 1 1 0 1 2 2 0 0 0 0 0 1 
1
1 2 1 0 0 0 0 0 0 
1 1 1 2 1 2 1 1 1 0 0 0 0 2 2 2 0 0 0 0 2 2 0 0 2 0 0 0 0 2 0 0 0 0 0 0 1 2 0 2 1 0 0 0 1 1 0 0 2 1 0 0 0 2 2 1 2 1 2 0 2 1 0 0 1 0 0 0 0 1 1 0 1 2 2 0 0 0 0 0 1 
17 17 17 34 33 34 17 17 17 16 16 16 32 34 34 18 16 16 16 16 18 34 32 32 18 16 16 0 0 2 0 0 0 0 0 0 1 2 0 2 1 0 0 0 1 1 0 0 2 1 0 0 0 2 2 1 2 1 2 0 2 1 0 0 1 0 0 0 0 1 1 0 1 2 2 0 0 0 0 0 1 
1
1 2 1 0 0 0 0 0 0 
1 1 1 2 1 2 1 1 1 0 0 0 0 2 2 2 0 0 0 0 2 2 0 0 2 0 0 0 0 2 0 0 2 0 0 0 1 2 0 2 1 0 0 0 1 1 0 0 2 1 0 0 0 2 2 1 2 1 2 0 2 1 0 0 1 0 0 0 0 1 1 0 1 2 2 0 0 0 0 0 1 
17 17 17 34 33 34 17 17 17 16 16 16 32 34 34 18 16 16 16 16 18 34 32 32 18 16 16 0 0 2 0 0 2 0 0 0 1 2 0 2 1 0 0 0 1 1 0 0 2 1 0 0 0 2 2 1 2 1 2 0 2 1 0 0 1 0 0 0 0 1 1 0 1 2 2 0 0 0 0 0 1 
1
1 2 1 0 0 0 0 0 1 
1 1 1 2 1 2 1 1 1 0 0 0 0 2 2 2 0 0 0 0 2 2 0 0 2 0 0 0 0 2 0 0 2 0 0 0 1 2 0 2 1 0 0 0 1 1 0 0 2 1 0 0 0 2 2 1 2 1 2 0 2 1 0 0 1 0 0 0 0 1 1 1 1 2 2 0 0 0 0 0 1 
17 17 17 34 33 34 17 17 17 16 16 16 32 34 34 18 16 16 16 16 18 34 32 32 18 16 16 0 0 2 0 0 2 0 0 0 1 2 0 2 1 0 0 0 1 1 0 0 2 1 0 0 0 2 2 1 2 1 2 0 18 17 16 0 1 0 0 0 0 17 17 17 1 2 2 0 0 0 16 16 17 
1
1 2 1 0 0 0 0 0 1 
1 1 1 2 1 2 1 1 1 0 0 0 0 2 2 2 0 0 0 0 2 2 0 0 2 0 0 0 0 2 0 0 2 0 0 2 1 2 0 2 1 0 0 0 1 1 0 0 2 1 0 0 0 2 2 1 2 1 2 0 2 1 0 0 1 0 0 0 0 1 1 1 1 2 2 0 0 0 0 0 1 
17 17 17 34 33 34 17 17 17 16 16 16 32 34 34 18 16 16 16 16 18 34 32 32 18 16 16 0 0 2 0 0 2 0 0 2 1 2 0 2 1 0 0 0 1 1 0 0 2 1 0 0 0 2 2 1 2 1 2 0 18 17 16 0 1 0 0 0 0 17 17 17 1 2 2 0 0 0 16 16 17 
1
1 2 1 0 0 0 0 0 1 
1 1 1 2 1 2 1 1 1 0 0 0 0 2 2 2 0 0 0 0 2 2 0 0 2 0 0 0 0 2 0 0 2 0 0 2 1 2 0 2 1 0 0 0 1 1 0 0 2 1 0 0 0 2 2 1 2 1 2 0 2 1 0 0 1 0 0 0 0 1 1 1 1 2 2 0 1 0 0 0 1 
17 17 17 34 33 34 17 17 17 16 16 16 32 34 34 18 16 16 16 16 18 34 32 32 18 16 16 0 0 2 0 0 2 0 0 2 1 2 0 2 1 0 0 0 1 1 0 0 2 1 0 0 0 2 2 1 2 1 2 0 18 17 16 0 1 0 0 0 0 17 17 17 1 2 2 0 1 0 16 16 17 
1
1 2 1 0 0 0 0 0 1 
1 1 1 2 1 2 1 1 1 0 0 0 0 2 2 2 0 0 0 0 2 2 0 0 2 0 0 0 0 2 0 0 2 0 0 2 1 2 0 2 1 0 0 0 1 1 0 0 2 1 0 0 0 2 2 1 2 1 2 0 2 1 0 0 1 0 0 2 0 1 1 1 1 2 2 0 1 0 0 0 1 
17 17 17 34 33 34 17 17 17 16 16 16 32 34 34 18 16 16 16 16 18 34 32 32 18 16 16 0 0 2 0 0 2 0 0 2 1 2 0 2 1 0 0 0 1 1 0 0 2 1 0 0 0 2 2 1 2 1 2 0 18 17 16 0 1 0 0 2 0 17 17 17 1 2 2 0 1 0 16 16 17 
1
1 2 1 0 1 0 0 0 1 
1 1 1 2 1 2 1 1 1 0 0 0 0 2 2 2 0 0 0 0 2 2 0 0 2 0 0 0 0 2 0 1 2 0 0 2 1 2 0 2 1 0 0 0 1 1 0 0 2 1 0 0 0 2 2 1 2 1 2 0 2 1 0 0 1 0 0 2 0 1 1 1 1 2 2 0 1 0 0 0 1 
17 17 17 34 33 34 17 17 17 16 16 16 32 34 34 18 16 16 16 16 18 34 32 32 18 16 16 0 0 2 16 17 18 0 0 2 1 2 0 18 17 16 0 0 1 1 0 0 18 17 16 0 0 2 2 1 2 1 2 0 18 17 16 0 1 0 0 2 0 17 17 17 1 2 2 0 1 0 16 16 17 
1
1 2 1 0 1 0 0 0 1 
1 1 1 2 1 2 1 1 1 0 0 0 0 2 2 2 0 0 0 0 2 2 0 0 2 0 0 0 0 2 0 1 2 0 0 2 1 2 0 2 1 0 0 0 1 1 0 0 2 1 0 0 0 2 2 1 2 1 2 0 2 1 0 0 1 0 0 2 0 1 1 1 1 2 2 0 1 0 0 0 1 
17 17 17 34 33 34 17 17 17 16 16 16 32 34 34 18 16 16 16 16 18 34 32 32 18 16 16 0 0 2 16 17 18 0 0 2 1 2 0 18 17 16 0 0 1 1 0 0 18 17 16 0 0 2 2 1 2 1 2 0 18 17 16 0 1 0 0 2 0 17 17 17 1 2 2 0 1 0 16 16 17 
1
