0 0 0 0 0 0 0 0 0 
0 0 0 0 0 0 0 0 0 0 0 0 0 0 0 0 0 0 0 0 0 0 0 0 0 0 0 0 0 0 0 0 0 0 0 0 0 0 0 0 1 0 0 0 0 0 0 0 0 0 0 0 0 0 0 0 0 0 0 0 0 0 0 0 0 0 0 0 0 0 0 0 0 0 0 0 0 0 0 0 0 
0 0 0 0 0 0 0 0 0 0 0 0 0 0 0 0 0 0 0 0 0 0 0 0 0 0 0 0 0 0 0 0 0 0 0 0 0 0 0 0 1 0 0 0 0 0 0 0 0 0 0 0 0 0 0 0 0 0 0 0 0 0 0 0 0 0 0 0 0 0 0 0 0 0 0 0 0 0 0 0 0 
1
0 0 0 0 0 0 0 0 0 
0 0 0 0 0 0 0 0 0 0 0 0 0 0 0 0 0 0 0 0 0 0 0 0 0 0 0 0 0 0 0 0 0 0 0 0 0 0 0 2 1 0 0 0 0 0 0 0 0 0 0 0 0 0 0 0 0 0 0 0 0 0 0 0 0 0 0 0 0 0 0 0 0 0 0 0 0 0 0 0 0 
0 0 0 0 0 0 0 0 0 0 0 0 0 0 0 0 0 0 0 0 0 0 0 0 0 0 0 0 0 0 0 0 0 0 0 0 0 0 0 2 1 0 0 0 0 0 0 0 0 0 0 0 0 0 0 0 0 0 0 0 0 0 0 0 0 0 0 0 0 0 0 0 0 0 0 0 0 0 0 0 0 
1
0 0 0 0 0 0 0 0 0 
0 0 0 0 0 0 0 0 0 0 0 0 0 0 0 0 0 0 0 0 0 0 0 0 0 0 0 0 0 0 0 0 0 0 0 0 0 0 1 2 1 0 0 0 0 0 0 0 0 0 0 0 0 0 0 0 0 0 0 0 0 0 0 0 0 0 0 0 0 0 0 0 0 0 0 0 0 0 0 0 0 
0 0 0 0 0 0 0 0 0 0 0 0 0 0 0 0 0 0 0 0 0 0 0 0 0 0 0 0 0 0 0 0 0 0 0 0 0 0 1 2 1 0 0 0 0 0 0 0 0 0 0 0 0 0 0 0 0 0 0 0 0 0 0 0 0 0 0 0 0 0 0 0 0 0 0 0 0 0 0 0 0 
1
0 0 0 0 0 0 0 0 0 
0 0 0 0 0 0 0 0 0 0 0 0 0 0 0 0 0 0 0 0 0 0 0 0 0 0 0 0 0 0 0 0 0 0 0 0 0 0 1 2 1 0 0 0 0 0 0 0 0 0 0 0 0 2 0 0 0 0 0 0 0 0 0 0 0 0 0 0 0 0 0 0 0 0 0 0 0 0 0 0 0 
0 0 0 0 0 0 0 0 0 0 0 0 0 0 0 0 0 0 0 0 0 0 0 0 0 0 0 0 0 0 0 0 0 0 0 0 0 0 1 2 1 0 0 0 0 0 0 0 0 0 0 0 0 2 0 0 0 0 0 0 0 0 0 0 0 0 0 0 0 0 0 0 0 0 0 0 0 0 0 0 0 
1
0 0 0 0 0 0 0 0 0 
0 0 0 0 0 0 0 0 0 0 0 0 0 0 0 0 0 0 0 0 0 0 0 0 0 0 0 0 0 0 0 0 0 0 0 0 0 0 1 2 1 0 0 0 0 0 0 0 0 0 0 0 0 2 0 0 0 0 0 0 0 1 0 0 0 0 0 0 0 0 0 0 0 0 0 0 0 0 0 0 0 
0 0 0 0 0 0 0 0 0 0 0 0 0 0 0 0 0 0 0 0 0 0 0 0 0 0 0 0 0 0 0 0 0 0 0 0 0 0 1 2 1 0 0 0 0 0 0 0 0 0 0 0 0 2 0 0 0 0 0 0 0 1 0 0 0 0 0 0 0 0 0 0 0 0 0 0 0 0 0 0 0 
1
0 0 0 0 0 0 0 0 0 
0 0 0 0 0 0 0 0 0 0 0 0 0 0 0 0 0 0 0 0 0 0 2 0 0 0 0 0 0 0 0 0 0 0 0 0 0 0 1 2 1 0 0 0 0 0 0 0 0 0 0 0 0 2 0 0 0 0 0 0 0 1 0 0 0 0 0 0 0 0 0 0 0 0 0 0 0 0 0 0 0 
0 0 0 0 0 0 0 0 0 0 0 0 0 0 0 0 0 0 0 0 0 0 2 0 0 0 0 0 0 0 0 0 0 0 0 0 0 0 1 2 1 0 0 0 0 0 0 0 0 0 0 0 0 2 0 0 0 0 0 0 0 1 0 0 0 0 0 0 0 0 0 0 0 0 0 0 0 0 0 0 0 
1
0 0 0 0 0 0 0 0 0 
0 0 0 0 0 0 0 0 0 0 0 0 0 0 0 0 0 0 0 0 0 0 2 0 0 0 0 0 0 0 0 0 0 0 0 0 0 0 1 2 1 0 0 0 0 0 0 0 0 0 0 0 0 2 0 0 0 0 0 0 0 1 0 0 0 0 0 0 0 0 0 0 0 0 0 0 1 0 0 0 0 
0 0 0 0 0 0 0 0 0 0 0 0 0 0 0 0 0 0 0 0 0 0 2 0 0 0 0 0 0 0 0 0 0 0 0 0 0 0 1 2 1 0 0 0 0 0 0 0 0 0 0 0 0 2 0 0 0 0 0 0 0 1 0 0 0 0 0 0 0 0 0 0 0 0 0 0 1 0 0 0 0 
1
0 0 0 0 0 0 0 0 0 
0 0 0 0 0 0 0 0 0 0 0 0 0 0 0 0 0 0 0 0 0 0 2 0 0 0 0 0 0 0 0 0 0 0 0 0 0 0 1 2 1 0 0 0 0 0 0 0 0 0 0 0 0 2 0 0 0 0 2 0 0 1 0 0 0 0 0 0 0 0 0 0 0 0 0 0 1 0 0 0 0 
0 0 0 0 0 0 0 0 0 0 0 0 0 0 0 0 0 0 0 0 0 0 2 0 0 0 0 0 0 0 0 0 0 0 0 0 0 0 1 2 1 0 0 0 0 0 0 0 0 0 0 0 0 2 0 0 0 0 2 0 0 1 0 0 0 0 0 0 0 0 0 0 0 0 0 0 1 0 0 0 0 
1
0 0 0 0 0 0 0 0 0 
0 0 0 0 0 0 0 0 0 0 0 0 1 0 0 0 0 0 0 0 0 0 2 0 0 0 0 0 0 0 0 0 0 0 0 0 0 0 1 2 1 0 0 0 0 0 0 0 0 0 0 0 0 2 0 0 0 0 2 0 0 1 0 0 0 0 0 0 0 0 0 0 0 0 0 0 1 0 0 0 0 
0 0 0 0 0 0 0 0 0 0 0 0 1 0 0 0 0 0 0 0 0 0 2 0 0 0 0 0 0 0 0 0 0 0 0 0 0 0 1 2 1 0 0 0 0 0 0 0 0 0 0 0 0 2 0 0 0 0 2 0 0 1 0 0 0 0 0 0 0 0 0 0 0 0 0 0 1 0 0 0 0 
1
0 0 0 0 0 0 0 0 0 
0 0 0 0 0 0 0 0 0 0 0 0 1 0 0 0 0 0 0 0 0 0 2 0 0 0 0 0 0 0 0 0 0 0 0 0 0 0 1 2 1 0 0 0 0 2 0 0 0 0 0 0 0 2 0 0 0 0 2 0 0 1 0 0 0 0 0 0 0 0 0 0 0 0 0 0 1 0 0 0 0 
0 0 0 0 0 0 0 0 0 0 0 0 1 0 0 0 0 0 0 0 0 0 2 0 0 0 0 0 0 0 0 0 0 0 0 0 0 0 1 2 1 0 0 0 0 2 0 0 0 0 0 0 0 2 0 0 0 0 2 0 0 1 0 0 0 0 0 0 0 0 0 0 0 0 0 0 1 0 0 0 0 
1
0 0 0 0 0 0 0 0 0 
0 0 0 0 0 0 0 0 0 0 0 0 1 0 0 0 0 0 0 0 0 0 2 0 0 0 0 0 0 0 0 0 0 0 0 0 0 0 1 2 1 0 0 0 0 2 0 0 0 0 0 0 0 2 1 0 0 0 2 0 0 1 0 0 0 0 0 0 0 0 0 0 0 0 0 0 1 0 0 0 0 
0 0 0 0 0 0 0 0 0 0 0 0 1 0 0 0 0 0 0 0 0 0 2 0 0 0 0 0 0 0 0 0 0 0 0 0 0 0 1 2 1 0 0 0 0 2 0 0 0 0 0 0 0 2 1 0 0 0 2 0 0 1 0 0 0 0 0 0 0 0 0 0 0 0 0 0 1 0 0 0 0 
1
0 0 0 0 0 0 0 0 0 
2 0 0 0 0 0 0 0 0 0 0 0 1 0 0 0 0 0 0 0 0 0 2 0 0 0 0 0 0 0 0 0 0 0 0 0 0 0 1 2 1 0 0 0 0 2 0 0 0 0 0 0 0 2 1 0 0 0 2 0 0 1 0 0 0 0 0 0 0 0 0 0 0 0 0 0 1 0 0 0 0 
2 0 0 0 0 0 0 0 0 0 0 0 1 0 0 0 0 0 0 0 0 0 2 0 0 0 0 0 0 0 0 0 0 0 0 0 0 0 1 2 1 0 0 0 0 2 0 0 0 0 0 0 0 2 1 0 0 0 2 0 0 1 0 0 0 0 0 0 0 0 0 0 0 0 0 0 1 0 0 0 0 
1
0 0 0 0 0 0 0 0 0 
2 0 0 0 0 0 0 0 0 0 0 0 1 0 0 0 0 0 1 0 0 0 2 0 0 0 0 0 0 0 0 0 0 0 0 0 0 0 1 2 1 0 0 0 0 2 0 0 0 0 0 0 0 2 1 0 0 0 2 0 0 1 0 0 0 0 0 0 0 0 0 0 0 0 0 0 1 0 0 0 0 
2 0 0 0 0 0 0 0 0 0 0 0 1 0 0 0 0 0 1 0 0 0 2 0 0 0 0 0 0 0 0 0 0 0 0 0 0 0 1 2 1 0 0 0 0 2 0 0 0 0 0 0 0 2 1 0 0 0 2 0 0 1 0 0 0 0 0 0 0 0 0 0 0 0 0 0 1 0 0 0 0 
1
0 0 0 0 0 0 0 0 0 
2 0 0 0 0 0 0 0 0 0 0 0 1 0 0 0 0 0 1 0 0 0 2 0 0 0 0 0 0 0 0 0 0 0 0 0 0 0 1 2 1 0 0 0 0 2 0 0 0 0 0 0 0 2 1 0 2 0 2 0 0 1 0 0 0 0 0 0 0 0 0 0 0 0 0 0 1 0 0 0 0 
2 0 0 0 0 0 0 0 0 0 0 0 1 0 0 0 0 0 1 0 0 0 2 0 0 0 0 0 0 0 0 0 0 0 0 0 0 0 1 2 1 0 0 0 0 2 0 0 0 0 0 0 0 2 1 0 2 0 2 0 0 1 0 0 0 0 0 0 0 0 0 0 0 0 0 0 1 0 0 0 0 
1
0 0 0 0 0 0 0 0 0 
2 0 0 0 0 0 0 1 0 0 0 0 1 0 0 0 0 0 1 0 0 0 2 0 0 0 0 0 0 0 0 0 0 0 0 0 0 0 1 2 1 0 0 0 0 2 0 0 0 0 0 0 0 2 1 0 2 0 2 0 0 1 0 0 0 0 0 0 0 0 0 0 0 0 0 0 1 0 0 0 0 
2 0 0 0 0 0 0 1 0 0 0 0 1 0 0 0 0 0 1 0 0 0 2 0 0 0 0 0 0 0 0 0 0 0 0 0 0 0 1 2 1 0 0 0 0 2 0 0 0 0 0 0 0 2 1 0 2 0 2 0 0 1 0 0 0 0 0 0 0 0 0 0 0 0 0 0 1 0 0 0 0 
1
0 0 0 0 0 0 0 0 0 
2 0 0 0 0 2 0 1 0 0 0 0 1 0 0 0 0 0 1 0 0 0 2 0 0 0 0 0 0 0 0 0 0 0 0 0 0 0 1 2 1 0 0 0 0 2 0 0 0 0 0 0 0 2 1 0 2 0 2 0 0 1 0 0 0 0 0 0 0 0 0 0 0 0 0 0 1 0 0 0 0 
2 0 0 0 0 2 0 1 0 0 0 0 1 0 0 0 0 0 1 0 0 0 2 0 0 0 0 0 0 0 0 0 0 0 0 0 0 0 1 2 1 0 0 0 0 2 0 0 0 0 0 0 0 2 1 0 2 0 2 0 0 1 0 0 0 0 0 0 0 0 0 0 0 0 0 0 1 0 0 0 0 
1
0 0 0 0 0 0 0 0 0 
2 0 0 0 0 2 0 1 1 0 0 0 1 0 0 0 0 0 1 0 0 0 2 0 0 0 0 0 0 0 0 0 0 0 0 0 0 0 1 2 1 0 0 0 0 2 0 0 0 0 0 0 0 2 1 0 2 0 2 0 0 1 0 0 0 0 0 0 0 0 0 0 0 0 0 0 1 0 0 0 0 
2 0 0 0 0 2 0 1 1 0 0 0 1 0 0 0 0 0 1 0 0 0 2 0 0 0 0 0 0 0 0 0 0 0 0 0 0 0 1 2 1 0 0 0 0 2 0 0 0 0 0 0 0 2 1 0 2 0 2 0 0 1 0 0 0 0 0 0 0 0 0 0 0 0 0 0 1 0 0 0 0 
1
0 0 0 0 0 0 0 0 0 
2 0 0 0 0 2 2 1 1 0 0 0 1 0 0 0 0 0 1 0 0 0 2 0 0 0 0 0 0 0 0 0 0 0 0 0 0 0 1 2 1 0 0 0 0 2 0 0 0 0 0 0 0 2 1 0 2 0 2 0 0 1 0 0 0 0 0 0 0 0 0 0 0 0 0 0 1 0 0 0 0 
2 0 0 0 0 2 2 1 1 0 0 0 1 0 0 0 0 0 1 0 0 0 2 0 0 0 0 0 0 0 0 0 0 0 0 0 0 0 1 2 1 0 0 0 0 2 0 0 0 0 0 0 0 2 1 0 2 0 2 0 0 1 0 0 0 0 0 0 0 0 0 0 0 0 0 0 1 0 0 0 0 
1
0 0 0 0 0 0 0 0 0 
2 0 0 0 0 2 2 1 1 0 0 0 1 0 0 0 0 0 1 1 0 0 2 0 0 0 0 0 0 0 0 0 0 0 0 0 0 0 1 2 1 0 0 0 0 2 0 0 0 0 0 0 0 2 1 0 2 0 2 0 0 1 0 0 0 0 0 0 0 0 0 0 0 0 0 0 1 0 0 0 0 
2 0 0 0 0 2 2 1 1 0 0 0 1 0 0 0 0 0 1 1 0 0 2 0 0 0 0 0 0 0 0 0 0 0 0 0 0 0 1 2 1 0 0 0 0 2 0 0 0 0 0 0 0 2 1 0 2 0 2 0 0 1 0 0 0 0 0 0 0 0 0 0 0 0 0 0 1 0 0 0 0 
1
0 0 0 0 0 0 0 0 0 
2 0 0 0 0 2 2 1 1 0 0 0 1 0 0 0 0 0 1 1 0 0 2 0 0 0 0 0 0 0 0 0 0 0 0 0 0 0 1 2 1 0 0 0 0 2 0 0 0 0 0 0 0 2 1 0 2 0 2 0 0 1 0 0 0 0 0 2 0 0 0 0 0 0 0 0 1 0 0 0 0 
2 0 0 0 0 2 2 1 1 0 0 0 1 0 0 0 0 0 1 1 0 0 2 0 0 0 0 0 0 0 0 0 0 0 0 0 0 0 1 2 1 0 0 0 0 2 0 0 0 0 0 0 0 2 1 0 2 0 2 0 0 1 0 0 0 0 0 2 0 0 0 0 0 0 0 0 1 0 0 0 0 
1
0 0 0 0 0 0 0 0 0 
2 0 0 0 0 2 2 1 1 0 0 0 1 0 0 0 0 0 1 1 0 0 2 0 0 0 0 0 0 0 0 0 0 0 0 0 0 0 1 2 1 0 0 0 0 2 0 0 0 0 1 0 0 2 1 0 2 0 2 0 0 1 0 0 0 0 0 2 0 0 0 0 0 0 0 0 1 0 0 0 0 
2 0 0 0 0 2 2 1 1 0 0 0 1 0 0 0 0 0 1 1 0 0 2 0 0 0 0 0 0 0 0 0 0 0 0 0 0 0 1 2 1 0 0 0 0 2 0 0 0 0 1 0 0 2 1 0 2 0 2 0 0 1 0 0 0 0 0 2 0 0 0 0 0 0 0 0 1 0 0 0 0 
1
0 0 0 0 0 0 0 0 0 
2 0 0 0 0 2 2 1 1 0 0 0 1 0 0 0 0 0 1 1 0 0 2 0 0 0 0 0 0 0 0 0 0 0 0 0 0 0 1 2 1 0 0 0 0 2 0 0 0 0 1 0 0 2 1 0 2 0 2 0 0 1 0 0 0 0 0 2 0 0 0 2 0 0 0 0 1 0 0 0 0 
2 0 0 0 0 2 2 1 1 0 0 0 1 0 0 0 0 0 1 1 0 0 2 0 0 0 0 0 0 0 0 0 0 0 0 0 0 0 1 2 1 0 0 0 0 2 0 0 0 0 1 0 0 2 1 0 2 0 2 0 0 1 0 0 0 0 0 2 0 0 0 2 0 0 0 0 1 0 0 0 0 
1
0 0 0 0 0 0 0 0 0 
2 0 0 0 0 2 2 1 1 0 0 0 1 0 0 0 0 0 1 1 0 0 2 0 0 0 0 0 0 0 0 0 0 0 0 0 0 0 1 2 1 0 0 0 0 2 0 0 0 0 1 0 1 2 1 0 2 0 2 0 0 1 0 0 0 0 0 2 0 0 0 2 0 0 0 0 1 0 0 0 0 
2 0 0 0 0 2 2 1 1 0 0 0 1 0 0 0 0 0 1 1 0 0 2 0 0 0 0 0 0 0 0 0 0 0 0 0 0 0 1 2 1 0 0 0 0 2 0 0 0 0 1 0 1 2 1 0 2 0 2 0 0 1 0 0 0 0 0 2 0 0 0 2 0 0 0 0 1 0 0 0 0 
1
0 0 0 0 0 0 0 0 0 
2 0 0 0 0 2 2 1 1 0 0 0 1 0 0 0 0 0 1 1 0 0 2 0 0 0 0 0 0 0 0 0 0 0 0 0 0 0 1 2 1 0 0 0 0 2 0 0 0 0 1 0 1 2 1 0 2 0 2 2 0 1 0 0 0 0 0 2 0 0 0 2 0 0 0 0 1 0 0 0 0 
2 0 0 0 0 2 2 1 1 0 0 0 1 0 0 0 0 0 1 1 0 0 2 0 0 0 0 0 0 0 0 0 0 0 0 0 0 0 1 2 1 0 0 0 0 2 0 0 0 0 1 0 1 2 1 0 2 0 2 2 0 1 0 0 0 0 0 2 0 0 0 2 0 0 0 0 1 0 0 0 0 
1
0 0 0 0 0 0 0 0 0 
2 0 0 0 0 2 2 1 1 0 0 0 1 0 0 0 1 0 1 1 0 0 2 0 0 0 0 0 0 0 0 0 0 0 0 0 0 0 1 2 1 0 0 0 0 2 0 0 0 0 1 0 1 2 1 0 2 0 2 2 0 1 0 0 0 0 0 2 0 0 0 2 0 0 0 0 1 0 0 0 0 
2 0 0 0 0 2 2 1 1 0 0 0 1 0 0 0 1 0 1 1 0 0 2 0 0 0 0 0 0 0 0 0 0 0 0 0 0 0 1 2 1 0 0 0 0 2 0 0 0 0 1 0 1 2 1 0 2 0 2 2 0 1 0 0 0 0 0 2 0 0 0 2 0 0 0 0 1 0 0 0 0 
1
0 0 0 0 0 0 0 0 0 
2 0 0 0 0 2 2 1 1 0 0 0 1 0 0 0 1 0 1 1 0 0 2 0 0 0 0 0 0 0 0 0 0 0 0 0 0 0 1 2 1 0 0 0 0 2 0 0 2 0 1 0 1 2 1 0 2 0 2 2 0 1 0 0 0 0 0 2 0 0 0 2 0 0 0 0 1 0 0 0 0 
2 0 0 0 0 2 2 1 1 0 0 0 1 0 0 0 1 0 1 1 0 0 2 0 0 0 0 0 0 0 0 0 0 0 0 0 0 0 1 2 1 0 0 0 0 2 0 0 2 0 1 0 1 2 1 0 2 0 2 2 0 1 0 0 0 0 0 2 0 0 0 2 0 0 0 0 1 0 0 0 0 
1
0 0 0 0 0 0 0 0 0 
2 0 0 0 0 2 2 1 1 0 0 0 1 0 0 0 1 0 1 1 0 0 2 0 0 0 0 0 0 0 0 0 0 0 0 0 0 0 1 2 1 0 0 0 0 2 0 0 2 0 1 0 1 2 1 0 2 0 2 2 0 1 0 0 0 0 0 2 0 0 0 2 0 0 1 0 1 0 0 0 0 
2 0 0 0 0 2 2 1 1 0 0 0 1 0 0 0 1 0 1 1 0 0 2 0 0 0 0 0 0 0 0 0 0 0 0 0 0 0 1 2 1 0 0 0 0 2 0 0 2 0 1 0 1 2 1 0 2 0 2 2 0 1 0 0 0 0 0 2 0 0 0 2 0 0 1 0 1 0 0 0 0 
1
0 0 0 0 0 0 0 0 0 
2 0 0 0 0 2 2 1 1 0 0 0 1 0 0 0 1 0 1 1 0 0 2 0 0 0 0 0 0 0 0 0 0 0 0 0 0 0 1 2 1 0 0 0 0 2 0 0 2 0 1 0 1 2 1 0 2 0 2 2 0 1 0 0 0 0 0 2 0 0 0 2 0 0 1 0 1 0 0 0 2 
2 0 0 0 0 2 2 1 1 0 0 0 1 0 0 0 1 0 1 1 0 0 2 0 0 0 0 0 0 0 0 0 0 0 0 0 0 0 1 2 1 0 0 0 0 2 0 0 2 0 1 0 1 2 1 0 2 0 2 2 0 1 0 0 0 0 0 2 0 0 0 2 0 0 1 0 1 0 0 0 2 
1
0 0 0 0 0 0 0 0 0 
2 0 0 0 0 2 2 1 1 0 0 0 1 0 0 0 1 0 1 1 0 0 2 0 0 0 0 0 0 0 0 0 0 0 0 0 0 0 1 2 1 0 0 0 0 2 0 0 2 0 1 0 1 2 1 0 2 0 2 2 0 1 1 0 0 0 0 2 0 0 0 2 0 0 1 0 1 0 0 0 2 
2 0 0 0 0 2 2 1 1 0 0 0 1 0 0 0 1 0 1 1 0 0 2 0 0 0 0 0 0 0 0 0 0 0 0 0 0 0 1 2 1 0 0 0 0 2 0 0 2 0 1 0 1 2 1 0 2 0 2 2 0 1 1 0 0 0 0 2 0 0 0 2 0 0 1 0 1 0 0 0 2 
1
0 0 0 0 0 0 0 0 0 
2 0 0 0 0 2 2 1 1 0 0 0 1 0 0 2 1 0 1 1 0 0 2 0 0 0 0 0 0 0 0 0 0 0 0 0 0 0 1 2 1 0 0 0 0 2 0 0 2 0 1 0 1 2 1 0 2 0 2 2 0 1 1 0 0 0 0 2 0 0 0 2 0 0 1 0 1 0 0 0 2 
2 0 0 0 0 2 2 1 1 0 0 0 1 0 0 2 1 0 1 1 0 0 2 0 0 0 0 0 0 0 0 0 0 0 0 0 0 0 1 2 1 0 0 0 0 2 0 0 2 0 1 0 1 2 1 0 2 0 2 2 0 1 1 0 0 0 0 2 0 0 0 2 0 0 1 0 1 0 0 0 2 
1
0 0 0 0 0 0 0 0 0 
2 0 0 0 0 2 2 1 1 0 0 0 1 0 0 2 1 0 1 1 0 0 2 0 0 0 0 0 0 0 0 0 0 0 0 0 1 0 1 2 1 0 0 0 0 2 0 0 2 0 1 0 1 2 1 0 2 0 2 2 0 1 1 0 0 0 0 2 0 0 0 2 0 0 1 0 1 0 0 0 2 
2 0 0 0 0 2 2 1 1 0 0 0 1 0 0 2 1 0 1 1 0 0 2 0 0 0 0 0 0 0 0 0 0 0 0 0 1 0 1 2 1 0 0 0 0 2 0 0 2 0 1 0 1 2 1 0 2 0 2 2 0 1 1 0 0 0 0 2 0 0 0 2 0 0 1 0 1 0 0 0 2 
1
0 0 0 0 0 0 0 0 0 
2 0 0 0 0 2 2 1 1 0 0 0 1 0 0 2 1 0 1 1 0 0 2 0 0 0 0 0 2 0 0 0 0 0 0 0 1 0 1 2 1 0 0 0 0 2 0 0 2 0 1 0 1 2 1 0 2 0 2 2 0 1 1 0 0 0 0 2 0 0 0 2 0 0 1 0 1 0 0 0 2 
2 0 0 0 0 2 2 1 1 0 0 0 1 0 0 2 1 0 1 1 0 0 2 0 0 0 0 0 2 0 0 0 0 0 0 0 1 0 1 2 1 0 0 0 0 2 0 0 2 0 1 0 1 2 1 0 2 0 2 2 0 1 1 0 0 0 0 2 0 0 0 2 0 0 1 0 1 0 0 0 2 
1
0 0 0 0 0 0 0 0 0 
2 0 0 0 0 2 2 1 1 0 0 0 1 0 1 2 1 0 1 1 0 0 2 0 0 0 0 0 2 0 0 0 0 0 0 0 1 0 1 2 1 0 0 0 0 2 0 0 2 0 1 0 1 2 1 0 2 0 2 2 0 1 1 0 0 0 0 2 0 0 0 2 0 0 1 0 1 0 0 0 2 
2 0 0 0 0 2 2 1 1 0 0 0 1 0 1 2 1 0 1 1 0 0 2 0 0 0 0 0 2 0 0 0 0 0 0 0 1 0 1 2 1 0 0 0 0 2 0 0 2 0 1 0 1 2 1 0 2 0 2 2 0 1 1 0 0 0 0 2 0 0 0 2 0 0 1 0 1 0 0 0 2 
1
0 0 0 0 0 0 0 0 0 
2 0 0 0 0 2 2 1 1 0 0 0 1 0 1 2 1 0 1 1 0 0 2 0 0 0 0 0 2 0 0 0 0 0 0 0 1 0 1 2 1 0 0 0 2 2 0 0 2 0 1 0 1 2 1 0 2 0 2 2 0 1 1 0 0 0 0 2 0 0 0 2 0 0 1 0 1 0 0 0 2 
2 0 0 0 0 2 2 1 1 0 0 0 1 0 1 2 1 0 1 1 0 0 2 0 0 0 0 0 2 0 0 0 0 0 0 0 1 0 1 2 1 0 0 0 2 2 0 0 2 0 1 0 1 2 1 0 2 0 2 2 0 1 1 0 0 0 0 2 0 0 0 2 0 0 1 0 1 0 0 0 2 
1
0 0 0 0 0 0 0 0 0 
2 0 0 0 0 2 2 1 1 0 0 0 1 0 1 2 1 0 1 1 0 0 2 0 0 0 0 0 2 0 0 0 0 0 1 0 1 0 1 2 1 0 0 0 2 2 0 0 2 0 1 0 1 2 1 0 2 0 2 2 0 1 1 0 0 0 0 2 0 0 0 2 0 0 1 0 1 0 0 0 2 
2 0 0 0 0 2 2 1 1 0 0 0 1 0 1 2 1 0 1 1 0 0 2 0 0 0 0 0 2 0 0 0 0 0 1 0 1 0 1 2 1 0 0 0 2 2 0 0 2 0 1 0 1 2 1 0 2 0 2 2 0 1 1 0 0 0 0 2 0 0 0 2 0 0 1 0 1 0 0 0 2 
1
0 0 0 0 0 0 0 0 0 
2 0 0 0 0 2 2 1 1 0 0 0 1 0 1 2 1 0 1 1 0 2 2 0 0 0 0 0 2 0 0 0 0 0 1 0 1 0 1 2 1 0 0 0 2 2 0 0 2 0 1 0 1 2 1 0 2 0 2 2 0 1 1 0 0 0 0 2 0 0 0 2 0 0 1 0 1 0 0 0 2 
2 0 0 0 0 2 2 1 1 0 0 0 1 0 1 2 1 0 1 1 0 2 2 0 0 0 0 0 2 0 0 0 0 0 1 0 1 0 1 2 1 0 0 0 2 2 0 0 2 0 1 0 1 2 1 0 2 0 2 2 0 1 1 0 0 0 0 2 0 0 0 2 0 0 1 0 1 0 0 0 2 
1
0 0 0 0 0 0 0 0 0 
2 0 0 0 0 2 2 1 1 0 0 0 1 0 1 2 1 0 1 1 0 2 2 0 0 0 0 0 2 0 0 0 0 0 1 0 1 0 1 2 1 0 0 0 2 2 0 0 2 0 1 0 1 2 1 0 2 0 2 2 0 1 1 1 0 0 0 2 0 0 0 2 0 0 1 0 1 0 0 0 2 
2 0 0 0 0 2 2 1 1 0 0 0 1 0 1 2 1 0 1 1 0 2 2 0 0 0 0 0 2 0 0 0 0 0 1 0 1 0 1 2 1 0 0 0 2 2 0 0 2 0 1 0 1 2 1 0 2 0 2 2 0 1 1 1 0 0 0 2 0 0 0 2 0 0 1 0 1 0 0 0 2 
1
0 0 0 0 0 0 0 0 0 
2 0 0 0 0 2 2 1 1 0 0 0 1 0 1 2 1 0 1 1 0 2 2 0 0 0 0 0 2 0 0 0 0 0 1 0 1 0 1 2 1 0 0 0 2 2 2 0 2 0 1 0 1 2 1 0 2 0 2 2 0 1 1 1 0 0 0 2 0 0 0 2 0 0 1 0 1 0 0 0 2 
2 0 0 0 0 2 2 1 1 0 0 0 1 0 1 2 1 0 1 1 0 2 2 0 0 0 0 0 2 0 0 0 0 0 1 0 1 0 1 2 1 0 0 0 2 2 2 0 2 0 1 0 1 2 1 0 2 0 2 2 0 1 1 1 0 0 0 2 0 0 0 2 0 0 1 0 1 0 0 0 2 
1
0 0 0 0 0 0 0 0 0 
2 0 0 0 0 2 2 1 1 0 0 0 1 0 1 2 1 0 1 1 0 2 2 0 0 0 0 0 2 0 0 0 0 0 1 0 1 0 1 2 1 0 0 0 2 2 2 0 2 0 1 0 1 2 1 0 2 0 2 2 0 1 1 1 0 0 0 2 0 0 0 2 0 0 1 1 1 0 0 0 2 
2 0 0 0 0 2 2 1 1 0 0 0 1 0 1 2 1 0 1 1 0 2 2 0 0 0 0 0 2 0 0 0 0 0 1 0 1 0 1 2 1 0 0 0 2 2 2 0 2 0 1 0 1 2 1 0 2 0 2 2 0 1 1 1 0 0 0 2 0 0 0 2 0 0 1 1 1 0 0 0 2 
1
0 0 0 0 0 0 0 0 0 
2 0 0 0 0 2 2 1 1 0 0 0 1 0 1 2 1 0 1 1 0 2 2 0 0 0 0 0 2 0 0 0 0 0 1 0 1 0 1 2 1 0 0 0 2 2 2 0 2 0 1 0 1 2 1 0 2 0 2 2 0 1 1 1 0 0 0 2 0 0 0 2 2 0 1 1 1 0 0 0 2 
2 0 0 0 0 2 2 1 1 0 0 0 1 0 1 2 1 0 1 1 0 2 2 0 0 0 0 0 2 0 0 0 0 0 1 0 1 0 1 2 1 0 0 0 2 2 2 0 2 0 1 0 1 2 1 0 2 0 2 2 0 1 1 1 0 0 0 2 0 0 0 2 2 0 1 1 1 0 0 0 2 
1
0 0 0 0 0 0 1 0 0 
2 0 0 0 0 2 2 1 1 0 0 0 1 0 1 2 1 0 1 1 0 2 2 0 0 0 0 0 2 0 0 0 0 0 1 0 1 0 1 2 1 0 0 0 2 2 2 0 2 0 1 0 1 2 1 0 2 0 2 2 0 1 1 1 1 0 0 2 0 0 0 2 2 0 1 1 1 0 0 0 2 
2 0 0 0 0 2 2 1 1 0 0 0 1 0 1 2 1 0 1 1 0 2 2 0 0 0 0 0 2 0 0 0 0 0 1 0 1 0 1 2 1 0 0 0 2 2 2 0 2 0 1 0 1 2 17 16 18 0 2 2 0 1 1 17 17 16 0 2 0 0 0 2 18 16 17 1 1 0 0 0 2 
1
0 0 0 0 2 0 1 0 0 
2 0 0 0 0 2 2 1 1 0 0 0 1 0 1 2 1 0 1 1 0 2 2 0 0 0 0 0 2 0 2 0 0 0 1 0 1 0 1 2 1 0 0 0 2 2 2 0 2 0 1 0 1 2 1 0 2 0 2 2 0 1 1 1 1 0 0 2 0 0 0 2 2 0 1 1 1 0 0 0 2 
2 0 0 0 0 2 2 1 1 0 0 0 1 0 1 2 1 0 1 1 0 2 2 0 0 0 0 0 2 0 34 32 32 0 1 0 1 0 1 34 33 32 0 0 2 2 2 0 34 32 33 0 1 2 17 16 18 0 2 2 0 1 1 17 17 16 0 2 0 0 0 2 18 16 17 1 1 0 0 0 2 
1
1 0 0 0 2 0 1 0 0 
2 0 0 0 0 2 2 1 1 0 0 0 1 0 1 2 1 0 1 1 1 2 2 0 0 0 0 0 2 0 2 0 0 0 1 0 1 0 1 2 1 0 0 0 2 2 2 0 2 0 1 0 1 2 1 0 2 0 2 2 0 1 1 1 1 0 0 2 0 0 0 2 2 0 1 1 1 0 0 0 2 
18 16 16 0 0 2 2 1 1 16 16 16 1 0 1 2 1 0 17 17 17 2 2 0 0 0 0 0 2 0 34 32 32 0 1 0 1 0 1 34 33 32 0 0 2 2 2 0 34 32 33 0 1 2 17 16 18 0 2 2 0 1 1 17 17 16 0 2 0 0 0 2 18 16 17 1 1 0 0 0 2 
1
1 0 0 0 2 0 1 0 0 
2 0 0 0 0 2 2 1 1 0 0 0 1 0 1 2 1 0 1 1 1 2 2 0 0 0 0 0 2 0 2 0 0 0 1 0 1 0 1 2 1 0 0 0 2 2 2 0 2 0 1 0 1 2 1 0 2 0 2 2 0 1 1 1 1 0 0 2 0 0 0 2 2 0 1 1 1 0 0 2 2 
18 16 16 0 0 2 2 1 1 16 16 16 1 0 1 2 1 0 17 17 17 2 2 0 0 0 0 0 2 0 34 32 32 0 1 0 1 0 1 34 33 32 0 0 2 2 2 0 34 32 33 0 1 2 17 16 18 0 2 2 0 1 1 17 17 16 0 2 0 0 0 2 18 16 17 1 1 0 0 2 2 
1
1 0 0 0 2 0 1 1 0 
2 0 0 0 0 2 2 1 1 0 0 0 1 0 1 2 1 0 1 1 1 2 2 0 0 0 0 0 2 0 2 0 0 0 1 0 1 0 1 2 1 0 0 0 2 2 2 0 2 0 1 0 1 2 1 0 2 0 2 2 0 1 1 1 1 0 0 2 0 0 0 2 2 0 1 1 1 1 0 2 2 
18 16 16 0 0 2 2 1 1 16 16 16 1 0 1 2 1 0 17 17 17 2 2 0 0 0 0 0 2 0 34 32 32 0 1 0 1 0 1 34 33 32 0 0 2 2 2 0 34 32 33 0 1 2 17 16 18 16 18 18 0 1 1 17 17 16 16 18 16 0 0 2 18 16 17 17 17 17 0 2 2 
1
1 0 0 0 2 0 1 1 2 
2 0 0 0 0 2 2 1 1 0 0 0 1 0 1 2 1 0 1 1 1 2 2 0 0 0 0 0 2 0 2 0 0 0 1 0 1 0 1 2 1 0 0 0 2 2 2 0 2 0 1 0 1 2 1 0 2 0 2 2 0 1 1 1 1 0 0 2 0 0 0 2 2 0 1 1 1 1 2 2 2 
18 16 16 0 0 2 2 1 1 16 16 16 1 0 1 2 1 0 17 17 17 2 2 0 0 0 0 0 2 0 34 32 32 0 1 0 1 0 1 34 33 32 0 0 2 2 2 0 34 32 33 0 1 2 17 16 18 16 18 18 32 33 33 17 17 16 16 18 16 32 32 34 18 16 17 17 17 17 34 34 34 
1
1 0 0 1 2 0 1 1 2 
2 0 0 0 0 2 2 1 1 0 0 0 1 0 1 2 1 0 1 1 1 2 2 0 0 0 0 0 2 0 2 0 0 0 1 0 1 1 1 2 1 0 0 0 2 2 2 0 2 0 1 0 1 2 1 0 2 0 2 2 0 1 1 1 1 0 0 2 0 0 0 2 2 0 1 1 1 1 2 2 2 
18 16 16 0 0 2 2 1 1 16 16 16 1 0 1 2 1 0 17 17 17 2 2 0 0 0 0 16 18 16 34 32 32 0 1 0 17 17 17 34 33 32 0 0 2 18 18 16 34 32 33 0 1 2 17 16 18 16 18 18 32 33 33 17 17 16 16 18 16 32 32 34 18 16 17 17 17 17 34 34 34 
1
1 0 0 1 2 0 1 1 2 
2 0 0 0 0 2 2 1 1 0 0 0 1 0 1 2 1 0 1 1 1 2 2 0 0 0 0 0 2 0 2 0 0 0 1 0 1 1 1 2 1 0 0 0 2 2 2 0 2 0 1 0 1 2 1 0 2 0 2 2 0 1 1 1 1 0 0 2 0 0 0 2 2 0 1 1 1 1 2 2 2 
18 16 16 0 0 2 2 1 1 16 16 16 1 0 1 2 1 0 17 17 17 2 2 0 0 0 0 16 18 16 34 32 32 0 1 0 17 17 17 34 33 32 0 0 2 18 18 16 34 32 33 0 1 2 17 16 18 16 18 18 32 33 33 17 17 16 16 18 16 32 32 34 18 16 17 17 17 17 34 34 34 
1
