0 0 0 0 0 0 0 0 0 
1 0 0 0 0 0 0 0 0 0 0 0 0 0 0 0 0 0 0 0 0 0 0 0 0 0 0 0 0 0 0 0 0 0 0 0 0 0 0 0 0 0 0 0 0 0 0 0 0 0 0 0 0 0 0 0 0 0 0 0 0 0 0 0 0 0 0 0 0 0 0 0 0 0 0 0 0 0 0 0 0 
1 0 0 0 0 0 0 0 0 0 0 0 0 0 0 0 0 0 0 0 0 0 0 0 0 0 0 0 0 0 0 0 0 0 0 0 0 0 0 0 0 0 0 0 0 0 0 0 0 0 0 0 0 0 0 0 0 0 0 0 0 0 0 0 0 0 0 0 0 0 0 0 0 0 0 0 0 0 0 0 0 
0
0 0 0 0 0 0 0 0 0 
1 0 0 0 0 0 0 0 0 0 0 0 0 0 0 0 0 0 2 0 0 0 0 0 0 0 0 0 0 0 0 0 0 0 0 0 0 0 0 0 0 0 0 0 0 0 0 0 0 0 0 0 0 0 0 0 0 0 0 0 0 0 0 0 0 0 0 0 0 0 0 0 0 0 0 0 0 0 0 0 0 
1 0 0 0 0 0 0 0 0 0 0 0 0 0 0 0 0 0 2 0 0 0 0 0 0 0 0 0 0 0 0 0 0 0 0 0 0 0 0 0 0 0 0 0 0 0 0 0 0 0 0 0 0 0 0 0 0 0 0 0 0 0 0 0 0 0 0 0 0 0 0 0 0 0 0 0 0 0 0 0 0 
0
0 0 0 0 0 0 0 0 0 
1 0 0 0 0 0 0 0 0 0 0 0 0 0 0 0 0 0 2 0 0 0 0 0 0 0 0 0 0 0 0 0 0 0 0 0 0 0 0 0 0 0 0 0 0 0 0 0 0 0 0 0 0 0 1 0 0 0 0 0 0 0 0 0 0 0 0 0 0 0 0 0 0 0 0 0 0 0 0 0 0 
1 0 0 0 0 0 0 0 0 0 0 0 0 0 0 0 0 0 2 0 0 0 0 0 0 0 0 0 0 0 0 0 0 0 0 0 0 0 0 0 0 0 0 0 0 0 0 0 0 0 0 0 0 0 1 0 0 0 0 0 0 0 0 0 0 0 0 0 0 0 0 0 0 0 0 0 0 0 0 0 0 
0
0 0 0 0 0 0 0 0 0 
1 0 0 0 0 0 0 0 0 0 0 0 0 0 0 0 0 0 2 0 2 0 0 0 0 0 0 0 0 0 0 0 0 0 0 0 0 0 0 0 0 0 0 0 0 0 0 0 0 0 0 0 0 0 1 0 0 0 0 0 0 0 0 0 0 0 0 0 0 0 0 0 0 0 0 0 0 0 0 0 0 
1 0 0 0 0 0 0 0 0 0 0 0 0 0 0 0 0 0 2 0 2 0 0 0 0 0 0 0 0 0 0 0 0 0 0 0 0 0 0 0 0 0 0 0 0 0 0 0 0 0 0 0 0 0 1 0 0 0 0 0 0 0 0 0 0 0 0 0 0 0 0 0 0 0 0 0 0 0 0 0 0 
0
0 0 0 0 0 0 0 0 0 
1 0 0 0 0 0 0 0 0 0 0 0 0 0 0 0 0 0 2 0 2 0 0 0 0 0 0 0 0 0 0 0 0 0 0 0 0 0 0 0 0 0 0 0 0 0 0 0 0 0 0 0 0 0 1 0 0 0 0 0 0 1 0 0 0 0 0 0 0 0 0 0 0 0 0 0 0 0 0 0 0 
1 0 0 0 0 0 0 0 0 0 0 0 0 0 0 0 0 0 2 0 2 0 0 0 0 0 0 0 0 0 0 0 0 0 0 0 0 0 0 0 0 0 0 0 0 0 0 0 0 0 0 0 0 0 1 0 0 0 0 0 0 1 0 0 0 0 0 0 0 0 0 0 0 0 0 0 0 0 0 0 0 
0
0 0 0 0 0 0 0 0 0 
1 0 0 0 0 0 0 0 0 0 0 0 0 0 2 0 0 0 2 0 2 0 0 0 0 0 0 0 0 0 0 0 0 0 0 0 0 0 0 0 0 0 0 0 0 0 0 0 0 0 0 0 0 0 1 0 0 0 0 0 0 1 0 0 0 0 0 0 0 0 0 0 0 0 0 0 0 0 0 0 0 
1 0 0 0 0 0 0 0 0 0 0 0 0 0 2 0 0 0 2 0 2 0 0 0 0 0 0 0 0 0 0 0 0 0 0 0 0 0 0 0 0 0 0 0 0 0 0 0 0 0 0 0 0 0 1 0 0 0 0 0 0 1 0 0 0 0 0 0 0 0 0 0 0 0 0 0 0 0 0 0 0 
0
0 0 0 0 0 0 0 0 0 
1 0 0 0 0 0 0 0 0 0 0 0 0 0 2 0 0 0 2 0 2 0 0 0 0 0 0 0 0 0 0 0 0 0 1 0 0 0 0 0 0 0 0 0 0 0 0 0 0 0 0 0 0 0 1 0 0 0 0 0 0 1 0 0 0 0 0 0 0 0 0 0 0 0 0 0 0 0 0 0 0 
1 0 0 0 0 0 0 0 0 0 0 0 0 0 2 0 0 0 2 0 2 0 0 0 0 0 0 0 0 0 0 0 0 0 1 0 0 0 0 0 0 0 0 0 0 0 0 0 0 0 0 0 0 0 1 0 0 0 0 0 0 1 0 0 0 0 0 0 0 0 0 0 0 0 0 0 0 0 0 0 0 
0
0 0 0 0 0 0 0 0 0 
1 0 0 0 0 0 0 0 0 0 0 0 2 0 2 0 0 0 2 0 2 0 0 0 0 0 0 0 0 0 0 0 0 0 1 0 0 0 0 0 0 0 0 0 0 0 0 0 0 0 0 0 0 0 1 0 0 0 0 0 0 1 0 0 0 0 0 0 0 0 0 0 0 0 0 0 0 0 0 0 0 
1 0 0 0 0 0 0 0 0 0 0 0 2 0 2 0 0 0 2 0 2 0 0 0 0 0 0 0 0 0 0 0 0 0 1 0 0 0 0 0 0 0 0 0 0 0 0 0 0 0 0 0 0 0 1 0 0 0 0 0 0 1 0 0 0 0 0 0 0 0 0 0 0 0 0 0 0 0 0 0 0 
0
0 0 0 0 0 0 0 0 0 
1 0 0 0 0 0 0 0 0 0 0 0 2 0 2 0 0 0 2 0 2 0 0 0 0 0 0 0 0 1 0 0 0 0 1 0 0 0 0 0 0 0 0 0 0 0 0 0 0 0 0 0 0 0 1 0 0 0 0 0 0 1 0 0 0 0 0 0 0 0 0 0 0 0 0 0 0 0 0 0 0 
1 0 0 0 0 0 0 0 0 0 0 0 2 0 2 0 0 0 2 0 2 0 0 0 0 0 0 0 0 1 0 0 0 0 1 0 0 0 0 0 0 0 0 0 0 0 0 0 0 0 0 0 0 0 1 0 0 0 0 0 0 1 0 0 0 0 0 0 0 0 0 0 0 0 0 0 0 0 0 0 0 
0
0 0 0 0 0 0 0 0 0 
1 0 0 0 0 0 0 0 0 0 0 0 2 0 2 0 2 0 2 0 2 0 0 0 0 0 0 0 0 1 0 0 0 0 1 0 0 0 0 0 0 0 0 0 0 0 0 0 0 0 0 0 0 0 1 0 0 0 0 0 0 1 0 0 0 0 0 0 0 0 0 0 0 0 0 0 0 0 0 0 0 
1 0 0 0 0 0 0 0 0 0 0 0 2 0 2 0 2 0 2 0 2 0 0 0 0 0 0 0 0 1 0 0 0 0 1 0 0 0 0 0 0 0 0 0 0 0 0 0 0 0 0 0 0 0 1 0 0 0 0 0 0 1 0 0 0 0 0 0 0 0 0 0 0 0 0 0 0 0 0 0 0 
0
0 0 0 0 0 0 0 0 0 
1 0 0 0 0 0 0 0 0 0 0 0 2 0 2 0 2 0 2 0 2 0 0 0 0 0 0 0 0 1 0 0 1 0 1 0 0 0 0 0 0 0 0 0 0 0 0 0 0 0 0 0 0 0 1 0 0 0 0 0 0 1 0 0 0 0 0 0 0 0 0 0 0 0 0 0 0 0 0 0 0 
1 0 0 0 0 0 0 0 0 0 0 0 2 0 2 0 2 0 2 0 2 0 0 0 0 0 0 0 0 1 0 0 1 0 1 0 0 0 0 0 0 0 0 0 0 0 0 0 0 0 0 0 0 0 1 0 0 0 0 0 0 1 0 0 0 0 0 0 0 0 0 0 0 0 0 0 0 0 0 0 0 
0
0 0 0 0 0 0 0 0 0 
1 0 0 0 0 0 0 0 0 0 0 0 2 0 2 0 2 0 2 0 2 0 0 0 0 0 2 0 0 1 0 0 1 0 1 0 0 0 0 0 0 0 0 0 0 0 0 0 0 0 0 0 0 0 1 0 0 0 0 0 0 1 0 0 0 0 0 0 0 0 0 0 0 0 0 0 0 0 0 0 0 
1 0 0 0 0 0 0 0 0 0 0 0 2 0 2 0 2 0 2 0 2 0 0 0 0 0 2 0 0 1 0 0 1 0 1 0 0 0 0 0 0 0 0 0 0 0 0 0 0 0 0 0 0 0 1 0 0 0 0 0 0 1 0 0 0 0 0 0 0 0 0 0 0 0 0 0 0 0 0 0 0 
0
0 0 0 0 0 0 0 0 0 
1 0 0 0 0 0 0 0 0 0 0 0 2 0 2 0 2 0 2 0 2 0 0 0 0 0 2 0 0 1 0 0 1 0 1 0 0 0 0 0 0 0 0 0 0 0 0 0 0 0 0 0 0 0 1 0 0 0 0 0 0 1 0 0 0 0 0 0 0 0 1 0 0 0 0 0 0 0 0 0 0 
1 0 0 0 0 0 0 0 0 0 0 0 2 0 2 0 2 0 2 0 2 0 0 0 0 0 2 0 0 1 0 0 1 0 1 0 0 0 0 0 0 0 0 0 0 0 0 0 0 0 0 0 0 0 1 0 0 0 0 0 0 1 0 0 0 0 0 0 0 0 1 0 0 0 0 0 0 0 0 0 0 
0
0 0 0 0 0 0 0 0 0 
1 0 0 0 0 0 0 0 0 0 0 0 2 0 2 0 2 0 2 0 2 0 0 0 0 0 2 0 0 1 0 0 1 0 1 0 0 0 0 0 0 0 0 0 0 0 0 0 2 0 0 0 0 0 1 0 0 0 0 0 0 1 0 0 0 0 0 0 0 0 1 0 0 0 0 0 0 0 0 0 0 
1 0 0 0 0 0 0 0 0 0 0 0 2 0 2 0 2 0 2 0 2 0 0 0 0 0 2 0 0 1 0 0 1 0 1 0 0 0 0 0 0 0 0 0 0 0 0 0 2 0 0 0 0 0 1 0 0 0 0 0 0 1 0 0 0 0 0 0 0 0 1 0 0 0 0 0 0 0 0 0 0 
0
0 0 0 0 0 0 0 0 0 
1 0 0 0 0 0 0 0 0 0 0 0 2 0 2 0 2 0 2 0 2 0 0 0 0 0 2 0 0 1 0 0 1 0 1 0 0 0 0 0 0 0 0 0 0 0 0 0 2 0 0 0 0 0 1 0 0 0 0 0 0 1 0 1 0 0 0 0 0 0 1 0 0 0 0 0 0 0 0 0 0 
1 0 0 0 0 0 0 0 0 0 0 0 2 0 2 0 2 0 2 0 2 0 0 0 0 0 2 0 0 1 0 0 1 0 1 0 0 0 0 0 0 0 0 0 0 0 0 0 2 0 0 0 0 0 1 0 0 0 0 0 0 1 0 1 0 0 0 0 0 0 1 0 0 0 0 0 0 0 0 0 0 
0
0 0 0 0 0 0 0 0 0 
1 0 0 0 0 0 0 0 0 0 0 0 2 0 2 0 2 0 2 0 2 0 0 0 0 0 2 0 0 1 0 0 1 0 1 0 0 0 2 0 0 0 0 0 0 0 0 0 2 0 0 0 0 0 1 0 0 0 0 0 0 1 0 1 0 0 0 0 0 0 1 0 0 0 0 0 0 0 0 0 0 
1 0 0 0 0 0 0 0 0 0 0 0 2 0 2 0 2 0 2 0 2 0 0 0 0 0 2 0 0 1 0 0 1 0 1 0 0 0 2 0 0 0 0 0 0 0 0 0 2 0 0 0 0 0 1 0 0 0 0 0 0 1 0 1 0 0 0 0 0 0 1 0 0 0 0 0 0 0 0 0 0 
0
0 0 0 0 0 0 0 0 0 
1 0 0 0 0 0 0 0 0 0 0 0 2 0 2 0 2 0 2 0 2 0 0 0 0 0 2 0 0 1 0 0 1 0 1 0 0 0 2 0 0 0 0 1 0 0 0 0 2 0 0 0 0 0 1 0 0 0 0 0 0 1 0 1 0 0 0 0 0 0 1 0 0 0 0 0 0 0 0 0 0 
1 0 0 0 0 0 0 0 0 0 0 0 2 0 2 0 2 0 2 0 2 0 0 0 0 0 2 0 0 1 0 0 1 0 1 0 0 0 2 0 0 0 0 1 0 0 0 0 2 0 0 0 0 0 1 0 0 0 0 0 0 1 0 1 0 0 0 0 0 0 1 0 0 0 0 0 0 0 0 0 0 
0
0 0 0 0 0 0 0 0 0 
1 0 0 0 0 0 0 0 0 0 0 0 2 0 2 0 2 0 2 0 2 0 0 0 0 0 2 0 0 1 0 0 1 0 1 0 0 0 2 2 0 0 0 1 0 0 0 0 2 0 0 0 0 0 1 0 0 0 0 0 0 1 0 1 0 0 0 0 0 0 1 0 0 0 0 0 0 0 0 0 0 
1 0 0 0 0 0 0 0 0 0 0 0 2 0 2 0 2 0 2 0 2 0 0 0 0 0 2 0 0 1 0 0 1 0 1 0 0 0 2 2 0 0 0 1 0 0 0 0 2 0 0 0 0 0 1 0 0 0 0 0 0 1 0 1 0 0 0 0 0 0 1 0 0 0 0 0 0 0 0 0 0 
0
0 0 0 0 0 0 0 0 0 
1 0 0 0 0 0 0 0 0 0 0 0 2 0 2 0 2 0 2 0 2 0 0 0 0 0 2 0 0 1 0 0 1 0 1 0 0 0 2 2 0 0 0 1 0 1 0 0 2 0 0 0 0 0 1 0 0 0 0 0 0 1 0 1 0 0 0 0 0 0 1 0 0 0 0 0 0 0 0 0 0 
1 0 0 0 0 0 0 0 0 0 0 0 2 0 2 0 2 0 2 0 2 0 0 0 0 0 2 0 0 1 0 0 1 0 1 0 0 0 2 2 0 0 0 1 0 1 0 0 2 0 0 0 0 0 1 0 0 0 0 0 0 1 0 1 0 0 0 0 0 0 1 0 0 0 0 0 0 0 0 0 0 
0
0 0 0 0 0 0 0 0 0 
1 0 0 0 0 0 0 0 0 0 0 0 2 0 2 0 2 0 2 0 2 0 0 0 0 0 2 0 0 1 0 0 1 0 1 0 0 0 2 2 0 0 0 1 0 1 0 0 2 0 0 0 0 0 1 2 0 0 0 0 0 1 0 1 0 0 0 0 0 0 1 0 0 0 0 0 0 0 0 0 0 
1 0 0 0 0 0 0 0 0 0 0 0 2 0 2 0 2 0 2 0 2 0 0 0 0 0 2 0 0 1 0 0 1 0 1 0 0 0 2 2 0 0 0 1 0 1 0 0 2 0 0 0 0 0 1 2 0 0 0 0 0 1 0 1 0 0 0 0 0 0 1 0 0 0 0 0 0 0 0 0 0 
0
0 0 0 0 0 0 0 0 0 
1 0 0 0 0 0 0 0 0 0 0 0 2 1 2 0 2 0 2 0 2 0 0 0 0 0 2 0 0 1 0 0 1 0 1 0 0 0 2 2 0 0 0 1 0 1 0 0 2 0 0 0 0 0 1 2 0 0 0 0 0 1 0 1 0 0 0 0 0 0 1 0 0 0 0 0 0 0 0 0 0 
1 0 0 0 0 0 0 0 0 0 0 0 2 1 2 0 2 0 2 0 2 0 0 0 0 0 2 0 0 1 0 0 1 0 1 0 0 0 2 2 0 0 0 1 0 1 0 0 2 0 0 0 0 0 1 2 0 0 0 0 0 1 0 1 0 0 0 0 0 0 1 0 0 0 0 0 0 0 0 0 0 
0
0 0 0 0 2 0 0 0 0 
1 0 0 0 0 0 0 0 0 0 0 0 2 1 2 0 2 0 2 0 2 0 0 0 0 0 2 0 0 1 2 0 1 0 1 0 0 0 2 2 0 0 0 1 0 1 0 0 2 0 0 0 0 0 1 2 0 0 0 0 0 1 0 1 0 0 0 0 0 0 1 0 0 0 0 0 0 0 0 0 0 
1 0 0 0 0 0 0 0 0 0 0 0 2 1 2 0 2 0 2 0 2 0 0 0 0 0 2 0 0 1 34 32 33 0 1 0 0 0 2 34 32 32 0 1 0 1 0 0 34 32 32 0 0 0 1 2 0 0 0 0 0 1 0 1 0 0 0 0 0 0 1 0 0 0 0 0 0 0 0 0 0 
0
0 0 0 0 2 0 0 0 0 
1 0 0 0 0 0 0 0 0 0 0 0 2 1 2 0 2 0 2 1 2 0 0 0 0 0 2 0 0 1 2 0 1 0 1 0 0 0 2 2 0 0 0 1 0 1 0 0 2 0 0 0 0 0 1 2 0 0 0 0 0 1 0 1 0 0 0 0 0 0 1 0 0 0 0 0 0 0 0 0 0 
1 0 0 0 0 0 0 0 0 0 0 0 2 1 2 0 2 0 2 1 2 0 0 0 0 0 2 0 0 1 34 32 33 0 1 0 0 0 2 34 32 32 0 1 0 1 0 0 34 32 32 0 0 0 1 2 0 0 0 0 0 1 0 1 0 0 0 0 0 0 1 0 0 0 0 0 0 0 0 0 0 
0
0 0 0 0 2 0 0 0 0 
1 0 0 0 0 0 0 0 0 0 0 0 2 1 2 0 2 0 2 1 2 0 0 0 0 0 2 0 0 1 2 0 1 0 1 0 0 0 2 2 0 0 0 1 0 1 0 0 2 0 0 0 0 0 1 2 0 0 0 0 0 1 0 1 0 0 0 2 0 0 1 0 0 0 0 0 0 0 0 0 0 
1 0 0 0 0 0 0 0 0 0 0 0 2 1 2 0 2 0 2 1 2 0 0 0 0 0 2 0 0 1 34 32 33 0 1 0 0 0 2 34 32 32 0 1 0 1 0 0 34 32 32 0 0 0 1 2 0 0 0 0 0 1 0 1 0 0 0 2 0 0 1 0 0 0 0 0 0 0 0 0 0 
0
0 0 0 1 2 0 0 0 0 
1 0 0 0 0 0 0 0 0 0 0 0 2 1 2 0 2 0 2 1 2 0 0 0 0 0 2 0 0 1 2 0 1 0 1 0 0 1 2 2 0 0 0 1 0 1 0 0 2 0 0 0 0 0 1 2 0 0 0 0 0 1 0 1 0 0 0 2 0 0 1 0 0 0 0 0 0 0 0 0 0 
1 0 0 0 0 0 0 0 0 0 0 0 2 1 2 0 2 0 2 1 2 0 0 0 0 0 2 16 16 17 34 32 33 0 1 0 16 17 18 34 32 32 0 1 0 17 16 16 34 32 32 0 0 0 1 2 0 0 0 0 0 1 0 1 0 0 0 2 0 0 1 0 0 0 0 0 0 0 0 0 0 
0
0 0 0 1 2 0 0 0 0 
1 0 0 0 0 0 0 0 0 0 0 0 2 1 2 0 2 0 2 1 2 0 0 0 0 0 2 0 0 1 2 0 1 0 1 0 0 1 2 2 0 0 0 1 0 1 0 0 2 0 0 0 0 0 1 2 0 0 0 0 0 1 0 1 2 0 0 2 0 0 1 0 0 0 0 0 0 0 0 0 0 
1 0 0 0 0 0 0 0 0 0 0 0 2 1 2 0 2 0 2 1 2 0 0 0 0 0 2 16 16 17 34 32 33 0 1 0 16 17 18 34 32 32 0 1 0 17 16 16 34 32 32 0 0 0 1 2 0 0 0 0 0 1 0 1 2 0 0 2 0 0 1 0 0 0 0 0 0 0 0 0 0 
0
0 0 0 1 2 1 0 0 0 
1 0 0 0 0 0 0 0 0 0 0 0 2 1 2 0 2 0 2 1 2 0 0 0 0 0 2 0 0 1 2 0 1 0 1 0 0 1 2 2 0 0 0 1 0 1 0 0 2 0 0 0 1 0 1 2 0 0 0 0 0 1 0 1 2 0 0 2 0 0 1 0 0 0 0 0 0 0 0 0 0 
1 0 0 0 0 0 0 0 0 0 0 0 2 1 2 0 2 0 2 1 2 0 0 0 0 0 2 16 16 17 34 32 33 16 17 16 16 17 18 34 32 32 16 17 16 17 16 16 34 32 32 16 17 16 1 2 0 0 0 0 0 1 0 1 2 0 0 2 0 0 1 0 0 0 0 0 0 0 0 0 0 
0
0 0 0 1 2 1 0 0 0 
1 0 0 0 0 0 0 0 0 0 0 0 2 1 2 0 2 0 2 1 2 0 0 0 0 0 2 0 0 1 2 0 1 0 1 0 0 1 2 2 0 0 0 1 0 1 0 0 2 0 0 0 1 0 1 2 0 0 0 0 0 1 0 1 2 0 0 2 0 0 1 0 0 0 0 0 2 0 0 0 0 
1 0 0 0 0 0 0 0 0 0 0 0 2 1 2 0 2 0 2 1 2 0 0 0 0 0 2 16 16 17 34 32 33 16 17 16 16 17 18 34 32 32 16 17 16 17 16 16 34 32 32 16 17 16 1 2 0 0 0 0 0 1 0 1 2 0 0 2 0 0 1 0 0 0 0 0 2 0 0 0 0 
0
0 0 0 1 2 1 0 0 0 
1 0 0 0 0 0 0 0 0 0 0 0 2 1 2 0 2 0 2 1 2 0 0 0 0 0 2 0 0 1 2 0 1 0 1 0 0 1 2 2 0 0 0 1 0 1 0 0 2 0 0 0 1 0 1 2 0 0 1 0 0 1 0 1 2 0 0 2 0 0 1 0 0 0 0 0 2 0 0 0 0 
1 0 0 0 0 0 0 0 0 0 0 0 2 1 2 0 2 0 2 1 2 0 0 0 0 0 2 16 16 17 34 32 33 16 17 16 16 17 18 34 32 32 16 17 16 17 16 16 34 32 32 16 17 16 1 2 0 0 1 0 0 1 0 1 2 0 0 2 0 0 1 0 0 0 0 0 2 0 0 0 0 
0
0 0 0 1 2 1 0 0 0 
1 0 0 0 0 0 0 0 0 0 0 0 2 1 2 0 2 0 2 1 2 0 0 2 0 0 2 0 0 1 2 0 1 0 1 0 0 1 2 2 0 0 0 1 0 1 0 0 2 0 0 0 1 0 1 2 0 0 1 0 0 1 0 1 2 0 0 2 0 0 1 0 0 0 0 0 2 0 0 0 0 
1 0 0 0 0 0 0 0 0 0 0 0 2 1 2 0 2 0 2 1 2 0 0 2 0 0 2 16 16 17 34 32 33 16 17 16 16 17 18 34 32 32 16 17 16 17 16 16 34 32 32 16 17 16 1 2 0 0 1 0 0 1 0 1 2 0 0 2 0 0 1 0 0 0 0 0 2 0 0 0 0 
0
0 0 0 1 2 1 0 0 1 
1 0 0 0 0 0 0 0 0 0 0 0 2 1 2 0 2 0 2 1 2 0 0 2 0 0 2 0 0 1 2 0 1 0 1 0 0 1 2 2 0 0 0 1 0 1 0 0 2 0 0 0 1 0 1 2 0 0 1 0 0 1 0 1 2 0 0 2 0 0 1 0 0 0 0 0 2 0 0 1 0 
1 0 0 0 0 0 0 0 0 0 0 0 2 1 2 0 2 0 2 1 2 0 0 2 0 0 2 16 16 17 34 32 33 16 17 16 16 17 18 34 32 32 16 17 16 17 16 16 34 32 32 16 17 16 1 2 0 0 1 0 16 17 16 1 2 0 0 2 0 16 17 16 0 0 0 0 2 0 16 17 16 
0
0 0 0 1 2 1 0 0 1 
1 0 0 0 0 0 0 0 0 0 0 0 2 1 2 0 2 0 2 1 2 0 0 2 0 0 2 0 0 1 2 0 1 0 1 0 0 1 2 2 0 0 0 1 0 1 0 0 2 0 0 0 1 0 1 2 0 2 1 0 0 1 0 1 2 0 0 2 0 0 1 0 0 0 0 0 2 0 0 1 0 
1 0 0 0 0 0 0 0 0 0 0 0 2 1 2 0 2 0 2 1 2 0 0 2 0 0 2 16 16 17 34 32 33 16 17 16 16 17 18 34 32 32 16 17 16 17 16 16 34 32 32 16 17 16 1 2 0 2 1 0 16 17 16 1 2 0 0 2 0 16 17 16 0 0 0 0 2 0 16 17 16 
0
0 0 0 1 2 1 0 0 1 
1 0 0 0 0 0 0 0 0 0 1 0 2 1 2 0 2 0 2 1 2 0 0 2 0 0 2 0 0 1 2 0 1 0 1 0 0 1 2 2 0 0 0 1 0 1 0 0 2 0 0 0 1 0 1 2 0 2 1 0 0 1 0 1 2 0 0 2 0 0 1 0 0 0 0 0 2 0 0 1 0 
1 0 0 0 0 0 0 0 0 0 1 0 2 1 2 0 2 0 2 1 2 0 0 2 0 0 2 16 16 17 34 32 33 16 17 16 16 17 18 34 32 32 16 17 16 17 16 16 34 32 32 16 17 16 1 2 0 2 1 0 16 17 16 1 2 0 0 2 0 16 17 16 0 0 0 0 2 0 16 17 16 
0
0 0 0 1 2 1 2 0 1 
1 0 0 0 0 0 0 0 0 0 1 0 2 1 2 0 2 0 2 1 2 0 0 2 0 0 2 0 0 1 2 0 1 0 1 0 0 1 2 2 0 0 0 1 0 1 0 0 2 0 0 0 1 0 1 2 0 2 1 0 0 1 0 1 2 0 0 2 0 0 1 0 0 2 0 0 2 0 0 1 0 
1 0 0 0 0 0 0 0 0 0 1 0 2 1 2 0 2 0 2 1 2 0 0 2 0 0 2 16 16 17 34 32 33 16 17 16 16 17 18 34 32 32 16 17 16 17 16 16 34 32 32 16 17 16 33 34 32 2 1 0 16 17 16 33 34 32 0 2 0 16 17 16 32 34 32 0 2 0 16 17 16 
0
0 0 0 1 2 1 2 0 1 
1 0 0 0 0 0 0 0 0 0 1 0 2 1 2 0 2 0 2 1 2 0 0 2 0 0 2 0 0 1 2 0 1 0 1 0 0 1 2 2 0 0 0 1 0 1 0 0 2 0 0 0 1 0 1 2 0 2 1 0 0 1 0 1 2 0 0 2 0 0 1 0 0 2 0 0 2 1 0 1 0 
1 0 0 0 0 0 0 0 0 0 1 0 2 1 2 0 2 0 2 1 2 0 0 2 0 0 2 16 16 17 34 32 33 16 17 16 16 17 18 34 32 32 16 17 16 17 16 16 34 32 32 16 17 16 33 34 32 2 1 0 16 17 16 33 34 32 0 2 0 16 17 16 32 34 32 0 2 1 16 17 16 
0
0 0 2 1 2 1 2 0 1 
1 0 0 0 0 0 2 0 0 0 1 0 2 1 2 0 2 0 2 1 2 0 0 2 0 0 2 0 0 1 2 0 1 0 1 0 0 1 2 2 0 0 0 1 0 1 0 0 2 0 0 0 1 0 1 2 0 2 1 0 0 1 0 1 2 0 0 2 0 0 1 0 0 2 0 0 2 1 0 1 0 
1 0 0 0 0 0 34 32 32 0 1 0 2 1 2 32 34 32 2 1 2 0 0 2 32 32 34 16 16 17 34 32 33 16 17 16 16 17 18 34 32 32 16 17 16 17 16 16 34 32 32 16 17 16 33 34 32 2 1 0 16 17 16 33 34 32 0 2 0 16 17 16 32 34 32 0 2 1 16 17 16 
0
0 0 2 1 2 1 2 0 1 
1 0 0 0 0 0 2 0 0 0 1 0 2 1 2 0 2 0 2 1 2 0 0 2 0 0 2 0 0 1 2 0 1 0 1 0 0 1 2 2 0 0 0 1 0 1 0 0 2 0 0 0 1 0 1 2 0 2 1 0 0 1 0 1 2 0 0 2 0 0 1 0 0 2 0 0 2 1 0 1 0 
1 0 0 0 0 0 34 32 32 0 1 0 2 1 2 32 34 32 2 1 2 0 0 2 32 32 34 16 16 17 34 32 33 16 17 16 16 17 18 34 32 32 16 17 16 17 16 16 34 32 32 16 17 16 33 34 32 2 1 0 16 17 16 33 34 32 0 2 0 16 17 16 32 34 32 0 2 1 16 17 16 
0
