0 0 0 0 0 0 0 0 0 
0 0 0 0 0 0 0 0 0 0 0 0 0 0 0 0 0 0 0 0 0 0 0 0 0 0 0 0 0 0 0 0 0 0 0 0 0 0 0 0 1 0 0 0 0 0 0 0 0 0 0 0 0 0 0 0 0 0 0 0 0 0 0 0 0 0 0 0 0 0 0 0 0 0 0 0 0 0 0 0 0 
0 0 0 0 0 0 0 0 0 0 0 0 0 0 0 0 0 0 0 0 0 0 0 0 0 0 0 0 0 0 0 0 0 0 0 0 0 0 0 0 1 0 0 0 0 0 0 0 0 0 0 0 0 0 0 0 0 0 0 0 0 0 0 0 0 0 0 0 0 0 0 0 0 0 0 0 0 0 0 0 0 
0
0 0 0 0 0 0 0 0 0 
0 0 0 0 0 0 0 0 0 0 0 0 0 0 0 0 0 0 0 0 0 0 0 0 0 0 0 0 0 0 0 0 0 0 0 0 0 0 0 0 1 0 0 0 0 0 0 0 0 0 2 0 0 0 0 0 0 0 0 0 0 0 0 0 0 0 0 0 0 0 0 0 0 0 0 0 0 0 0 0 0 
0 0 0 0 0 0 0 0 0 0 0 0 0 0 0 0 0 0 0 0 0 0 0 0 0 0 0 0 0 0 0 0 0 0 0 0 0 0 0 0 1 0 0 0 0 0 0 0 0 0 2 0 0 0 0 0 0 0 0 0 0 0 0 0 0 0 0 0 0 0 0 0 0 0 0 0 0 0 0 0 0 
0
0 0 0 0 0 0 0 0 0 
0 0 0 0 0 0 0 0 0 0 0 0 0 0 0 0 0 0 0 0 0 0 0 0 0 0 0 0 0 0 0 0 0 0 0 0 0 0 0 0 1 0 0 0 0 0 0 0 0 0 2 0 0 0 0 0 0 0 0 0 0 0 0 0 0 0 0 0 0 0 0 0 0 0 0 0 0 0 0 0 1 
0 0 0 0 0 0 0 0 0 0 0 0 0 0 0 0 0 0 0 0 0 0 0 0 0 0 0 0 0 0 0 0 0 0 0 0 0 0 0 0 1 0 0 0 0 0 0 0 0 0 2 0 0 0 0 0 0 0 0 0 0 0 0 0 0 0 0 0 0 0 0 0 0 0 0 0 0 0 0 0 1 
0
0 0 0 0 0 0 0 0 0 
0 0 0 0 0 0 0 0 0 0 0 0 0 0 0 0 0 0 0 0 0 0 0 0 0 0 0 0 0 0 0 0 0 0 0 0 0 0 0 0 1 0 0 0 0 0 0 0 0 0 2 0 0 0 0 0 0 0 0 0 0 0 0 0 0 0 0 0 0 0 0 0 0 0 0 0 0 0 0 2 1 
0 0 0 0 0 0 0 0 0 0 0 0 0 0 0 0 0 0 0 0 0 0 0 0 0 0 0 0 0 0 0 0 0 0 0 0 0 0 0 0 1 0 0 0 0 0 0 0 0 0 2 0 0 0 0 0 0 0 0 0 0 0 0 0 0 0 0 0 0 0 0 0 0 0 0 0 0 0 0 2 1 
0
0 0 0 0 0 0 0 0 0 
0 0 0 0 0 0 0 0 0 0 0 0 0 0 0 0 0 0 0 0 0 0 0 0 0 0 0 0 0 0 0 0 0 0 0 0 0 0 0 0 1 0 0 0 0 0 0 0 0 0 2 0 0 0 0 0 0 1 0 0 0 0 0 0 0 0 0 0 0 0 0 0 0 0 0 0 0 0 0 2 1 
0 0 0 0 0 0 0 0 0 0 0 0 0 0 0 0 0 0 0 0 0 0 0 0 0 0 0 0 0 0 0 0 0 0 0 0 0 0 0 0 1 0 0 0 0 0 0 0 0 0 2 0 0 0 0 0 0 1 0 0 0 0 0 0 0 0 0 0 0 0 0 0 0 0 0 0 0 0 0 2 1 
0
0 0 0 0 0 0 0 0 0 
0 0 0 0 0 0 0 0 0 2 0 0 0 0 0 0 0 0 0 0 0 0 0 0 0 0 0 0 0 0 0 0 0 0 0 0 0 0 0 0 1 0 0 0 0 0 0 0 0 0 2 0 0 0 0 0 0 1 0 0 0 0 0 0 0 0 0 0 0 0 0 0 0 0 0 0 0 0 0 2 1 
0 0 0 0 0 0 0 0 0 2 0 0 0 0 0 0 0 0 0 0 0 0 0 0 0 0 0 0 0 0 0 0 0 0 0 0 0 0 0 0 1 0 0 0 0 0 0 0 0 0 2 0 0 0 0 0 0 1 0 0 0 0 0 0 0 0 0 0 0 0 0 0 0 0 0 0 0 0 0 2 1 
0
0 0 0 0 0 0 0 0 0 
0 0 0 0 0 0 0 0 0 2 0 0 0 0 0 0 0 0 0 0 0 0 0 0 0 0 0 0 0 1 0 0 0 0 0 0 0 0 0 0 1 0 0 0 0 0 0 0 0 0 2 0 0 0 0 0 0 1 0 0 0 0 0 0 0 0 0 0 0 0 0 0 0 0 0 0 0 0 0 2 1 
0 0 0 0 0 0 0 0 0 2 0 0 0 0 0 0 0 0 0 0 0 0 0 0 0 0 0 0 0 1 0 0 0 0 0 0 0 0 0 0 1 0 0 0 0 0 0 0 0 0 2 0 0 0 0 0 0 1 0 0 0 0 0 0 0 0 0 0 0 0 0 0 0 0 0 0 0 0 0 2 1 
0
0 0 0 0 0 0 0 0 0 
0 0 0 0 0 0 0 0 0 2 0 0 0 0 0 0 0 0 0 0 0 0 0 0 2 0 0 0 0 1 0 0 0 0 0 0 0 0 0 0 1 0 0 0 0 0 0 0 0 0 2 0 0 0 0 0 0 1 0 0 0 0 0 0 0 0 0 0 0 0 0 0 0 0 0 0 0 0 0 2 1 
0 0 0 0 0 0 0 0 0 2 0 0 0 0 0 0 0 0 0 0 0 0 0 0 2 0 0 0 0 1 0 0 0 0 0 0 0 0 0 0 1 0 0 0 0 0 0 0 0 0 2 0 0 0 0 0 0 1 0 0 0 0 0 0 0 0 0 0 0 0 0 0 0 0 0 0 0 0 0 2 1 
0
0 0 0 0 0 0 0 0 0 
0 0 0 0 0 0 0 0 0 2 0 0 0 0 0 0 0 0 0 0 0 0 0 0 2 0 0 0 0 1 0 0 0 0 0 0 0 0 0 0 1 0 0 0 0 0 0 0 0 0 2 0 0 0 0 0 0 1 0 0 0 0 0 1 0 0 0 0 0 0 0 0 0 0 0 0 0 0 0 2 1 
0 0 0 0 0 0 0 0 0 2 0 0 0 0 0 0 0 0 0 0 0 0 0 0 2 0 0 0 0 1 0 0 0 0 0 0 0 0 0 0 1 0 0 0 0 0 0 0 0 0 2 0 0 0 0 0 0 1 0 0 0 0 0 1 0 0 0 0 0 0 0 0 0 0 0 0 0 0 0 2 1 
0
0 0 0 0 0 0 0 0 0 
0 0 0 0 0 0 0 0 0 2 0 0 0 0 0 0 0 0 0 0 0 0 0 0 2 0 0 0 2 1 0 0 0 0 0 0 0 0 0 0 1 0 0 0 0 0 0 0 0 0 2 0 0 0 0 0 0 1 0 0 0 0 0 1 0 0 0 0 0 0 0 0 0 0 0 0 0 0 0 2 1 
0 0 0 0 0 0 0 0 0 2 0 0 0 0 0 0 0 0 0 0 0 0 0 0 2 0 0 0 2 1 0 0 0 0 0 0 0 0 0 0 1 0 0 0 0 0 0 0 0 0 2 0 0 0 0 0 0 1 0 0 0 0 0 1 0 0 0 0 0 0 0 0 0 0 0 0 0 0 0 2 1 
0
0 0 0 0 0 0 0 0 0 
0 0 0 0 0 0 0 0 0 2 0 0 0 0 0 0 0 0 0 0 0 0 0 1 2 0 0 0 2 1 0 0 0 0 0 0 0 0 0 0 1 0 0 0 0 0 0 0 0 0 2 0 0 0 0 0 0 1 0 0 0 0 0 1 0 0 0 0 0 0 0 0 0 0 0 0 0 0 0 2 1 
0 0 0 0 0 0 0 0 0 2 0 0 0 0 0 0 0 0 0 0 0 0 0 1 2 0 0 0 2 1 0 0 0 0 0 0 0 0 0 0 1 0 0 0 0 0 0 0 0 0 2 0 0 0 0 0 0 1 0 0 0 0 0 1 0 0 0 0 0 0 0 0 0 0 0 0 0 0 0 2 1 
0
0 0 0 0 0 0 0 0 0 
0 0 0 0 0 0 0 0 0 2 0 0 0 0 0 0 0 0 0 0 0 0 0 1 2 0 0 0 2 1 0 0 0 0 0 0 0 0 0 0 1 0 0 0 0 0 0 0 0 0 2 0 0 0 0 0 0 1 0 0 0 2 0 1 0 0 0 0 0 0 0 0 0 0 0 0 0 0 0 2 1 
0 0 0 0 0 0 0 0 0 2 0 0 0 0 0 0 0 0 0 0 0 0 0 1 2 0 0 0 2 1 0 0 0 0 0 0 0 0 0 0 1 0 0 0 0 0 0 0 0 0 2 0 0 0 0 0 0 1 0 0 0 2 0 1 0 0 0 0 0 0 0 0 0 0 0 0 0 0 0 2 1 
0
0 0 0 0 0 0 0 0 0 
0 0 0 0 0 0 0 0 0 2 0 0 0 0 0 0 0 0 0 0 0 1 0 1 2 0 0 0 2 1 0 0 0 0 0 0 0 0 0 0 1 0 0 0 0 0 0 0 0 0 2 0 0 0 0 0 0 1 0 0 0 2 0 1 0 0 0 0 0 0 0 0 0 0 0 0 0 0 0 2 1 
0 0 0 0 0 0 0 0 0 2 0 0 0 0 0 0 0 0 0 0 0 1 0 1 2 0 0 0 2 1 0 0 0 0 0 0 0 0 0 0 1 0 0 0 0 0 0 0 0 0 2 0 0 0 0 0 0 1 0 0 0 2 0 1 0 0 0 0 0 0 0 0 0 0 0 0 0 0 0 2 1 
0
0 0 0 0 0 0 0 0 0 
0 0 0 0 0 0 0 0 0 2 0 0 0 0 0 0 0 0 0 0 0 1 0 1 2 0 0 0 2 1 0 0 0 0 0 0 0 0 0 0 1 0 0 0 0 0 0 0 0 0 2 0 0 0 0 0 2 1 0 0 0 2 0 1 0 0 0 0 0 0 0 0 0 0 0 0 0 0 0 2 1 
0 0 0 0 0 0 0 0 0 2 0 0 0 0 0 0 0 0 0 0 0 1 0 1 2 0 0 0 2 1 0 0 0 0 0 0 0 0 0 0 1 0 0 0 0 0 0 0 0 0 2 0 0 0 0 0 2 1 0 0 0 2 0 1 0 0 0 0 0 0 0 0 0 0 0 0 0 0 0 2 1 
0
0 0 0 0 0 0 0 0 0 
0 0 0 0 0 0 0 0 0 2 0 0 0 0 0 0 0 0 0 0 0 1 0 1 2 1 0 0 2 1 0 0 0 0 0 0 0 0 0 0 1 0 0 0 0 0 0 0 0 0 2 0 0 0 0 0 2 1 0 0 0 2 0 1 0 0 0 0 0 0 0 0 0 0 0 0 0 0 0 2 1 
0 0 0 0 0 0 0 0 0 2 0 0 0 0 0 0 0 0 0 0 0 1 0 1 2 1 0 0 2 1 0 0 0 0 0 0 0 0 0 0 1 0 0 0 0 0 0 0 0 0 2 0 0 0 0 0 2 1 0 0 0 2 0 1 0 0 0 0 0 0 0 0 0 0 0 0 0 0 0 2 1 
0
0 0 0 0 0 0 0 0 0 
0 0 0 0 0 0 0 0 0 2 0 0 0 0 0 0 0 0 0 0 0 1 0 1 2 1 0 0 2 1 0 0 0 0 0 0 0 0 0 0 1 0 0 0 0 0 0 0 0 0 2 0 0 0 0 0 2 1 0 0 0 2 0 1 0 0 0 0 2 0 0 0 0 0 0 0 0 0 0 2 1 
0 0 0 0 0 0 0 0 0 2 0 0 0 0 0 0 0 0 0 0 0 1 0 1 2 1 0 0 2 1 0 0 0 0 0 0 0 0 0 0 1 0 0 0 0 0 0 0 0 0 2 0 0 0 0 0 2 1 0 0 0 2 0 1 0 0 0 0 2 0 0 0 0 0 0 0 0 0 0 2 1 
0
0 0 0 0 0 0 0 0 0 
0 0 0 0 0 0 0 0 0 2 0 0 0 0 0 0 0 0 0 0 0 1 0 1 2 1 0 0 2 1 0 0 0 0 1 0 0 0 0 0 1 0 0 0 0 0 0 0 0 0 2 0 0 0 0 0 2 1 0 0 0 2 0 1 0 0 0 0 2 0 0 0 0 0 0 0 0 0 0 2 1 
0 0 0 0 0 0 0 0 0 2 0 0 0 0 0 0 0 0 0 0 0 1 0 1 2 1 0 0 2 1 0 0 0 0 1 0 0 0 0 0 1 0 0 0 0 0 0 0 0 0 2 0 0 0 0 0 2 1 0 0 0 2 0 1 0 0 0 0 2 0 0 0 0 0 0 0 0 0 0 2 1 
0
0 0 0 0 0 0 0 0 0 
0 0 0 0 0 0 0 0 0 2 0 0 0 0 0 0 0 0 0 0 0 1 2 1 2 1 0 0 2 1 0 0 0 0 1 0 0 0 0 0 1 0 0 0 0 0 0 0 0 0 2 0 0 0 0 0 2 1 0 0 0 2 0 1 0 0 0 0 2 0 0 0 0 0 0 0 0 0 0 2 1 
0 0 0 0 0 0 0 0 0 2 0 0 0 0 0 0 0 0 0 0 0 1 2 1 2 1 0 0 2 1 0 0 0 0 1 0 0 0 0 0 1 0 0 0 0 0 0 0 0 0 2 0 0 0 0 0 2 1 0 0 0 2 0 1 0 0 0 0 2 0 0 0 0 0 0 0 0 0 0 2 1 
0
0 0 0 0 0 0 0 0 0 
0 0 0 0 0 0 0 0 0 2 0 0 0 0 0 0 0 0 0 0 0 1 2 1 2 1 0 0 2 1 0 0 0 0 1 0 0 0 0 0 1 0 0 0 0 0 0 0 0 0 2 0 0 0 0 0 2 1 0 0 0 2 0 1 0 0 0 1 2 0 0 0 0 0 0 0 0 0 0 2 1 
0 0 0 0 0 0 0 0 0 2 0 0 0 0 0 0 0 0 0 0 0 1 2 1 2 1 0 0 2 1 0 0 0 0 1 0 0 0 0 0 1 0 0 0 0 0 0 0 0 0 2 0 0 0 0 0 2 1 0 0 0 2 0 1 0 0 0 1 2 0 0 0 0 0 0 0 0 0 0 2 1 
0
0 0 0 0 0 0 0 0 0 
0 0 0 0 0 0 0 0 0 2 0 0 0 0 0 0 0 0 0 0 0 1 2 1 2 1 0 0 2 1 0 0 0 0 1 0 0 0 0 0 1 2 0 0 0 0 0 0 0 0 2 0 0 0 0 0 2 1 0 0 0 2 0 1 0 0 0 1 2 0 0 0 0 0 0 0 0 0 0 2 1 
0 0 0 0 0 0 0 0 0 2 0 0 0 0 0 0 0 0 0 0 0 1 2 1 2 1 0 0 2 1 0 0 0 0 1 0 0 0 0 0 1 2 0 0 0 0 0 0 0 0 2 0 0 0 0 0 2 1 0 0 0 2 0 1 0 0 0 1 2 0 0 0 0 0 0 0 0 0 0 2 1 
0
0 0 0 0 0 0 0 0 0 
0 0 0 0 0 0 0 0 0 2 0 0 0 0 0 0 0 0 0 0 0 1 2 1 2 1 0 0 2 1 0 0 0 1 1 0 0 0 0 0 1 2 0 0 0 0 0 0 0 0 2 0 0 0 0 0 2 1 0 0 0 2 0 1 0 0 0 1 2 0 0 0 0 0 0 0 0 0 0 2 1 
0 0 0 0 0 0 0 0 0 2 0 0 0 0 0 0 0 0 0 0 0 1 2 1 2 1 0 0 2 1 0 0 0 1 1 0 0 0 0 0 1 2 0 0 0 0 0 0 0 0 2 0 0 0 0 0 2 1 0 0 0 2 0 1 0 0 0 1 2 0 0 0 0 0 0 0 0 0 0 2 1 
0
0 0 0 0 0 0 0 0 0 
2 0 0 0 0 0 0 0 0 2 0 0 0 0 0 0 0 0 0 0 0 1 2 1 2 1 0 0 2 1 0 0 0 1 1 0 0 0 0 0 1 2 0 0 0 0 0 0 0 0 2 0 0 0 0 0 2 1 0 0 0 2 0 1 0 0 0 1 2 0 0 0 0 0 0 0 0 0 0 2 1 
2 0 0 0 0 0 0 0 0 2 0 0 0 0 0 0 0 0 0 0 0 1 2 1 2 1 0 0 2 1 0 0 0 1 1 0 0 0 0 0 1 2 0 0 0 0 0 0 0 0 2 0 0 0 0 0 2 1 0 0 0 2 0 1 0 0 0 1 2 0 0 0 0 0 0 0 0 0 0 2 1 
0
0 0 0 0 0 0 0 0 0 
2 0 0 0 0 0 0 0 0 2 0 0 0 0 0 0 0 0 1 0 0 1 2 1 2 1 0 0 2 1 0 0 0 1 1 0 0 0 0 0 1 2 0 0 0 0 0 0 0 0 2 0 0 0 0 0 2 1 0 0 0 2 0 1 0 0 0 1 2 0 0 0 0 0 0 0 0 0 0 2 1 
2 0 0 0 0 0 0 0 0 2 0 0 0 0 0 0 0 0 1 0 0 1 2 1 2 1 0 0 2 1 0 0 0 1 1 0 0 0 0 0 1 2 0 0 0 0 0 0 0 0 2 0 0 0 0 0 2 1 0 0 0 2 0 1 0 0 0 1 2 0 0 0 0 0 0 0 0 0 0 2 1 
0
0 0 0 0 0 0 0 0 0 
2 0 0 0 0 0 0 0 0 2 0 0 0 0 0 0 0 0 1 0 0 1 2 1 2 1 0 0 2 1 0 0 0 1 1 0 0 0 0 0 1 2 0 0 0 0 0 0 0 0 2 0 0 0 2 0 2 1 0 0 0 2 0 1 0 0 0 1 2 0 0 0 0 0 0 0 0 0 0 2 1 
2 0 0 0 0 0 0 0 0 2 0 0 0 0 0 0 0 0 1 0 0 1 2 1 2 1 0 0 2 1 0 0 0 1 1 0 0 0 0 0 1 2 0 0 0 0 0 0 0 0 2 0 0 0 2 0 2 1 0 0 0 2 0 1 0 0 0 1 2 0 0 0 0 0 0 0 0 0 0 2 1 
0
0 0 0 0 0 0 0 0 0 
2 0 1 0 0 0 0 0 0 2 0 0 0 0 0 0 0 0 1 0 0 1 2 1 2 1 0 0 2 1 0 0 0 1 1 0 0 0 0 0 1 2 0 0 0 0 0 0 0 0 2 0 0 0 2 0 2 1 0 0 0 2 0 1 0 0 0 1 2 0 0 0 0 0 0 0 0 0 0 2 1 
2 0 1 0 0 0 0 0 0 2 0 0 0 0 0 0 0 0 1 0 0 1 2 1 2 1 0 0 2 1 0 0 0 1 1 0 0 0 0 0 1 2 0 0 0 0 0 0 0 0 2 0 0 0 2 0 2 1 0 0 0 2 0 1 0 0 0 1 2 0 0 0 0 0 0 0 0 0 0 2 1 
0
0 0 0 0 0 0 0 0 0 
2 0 1 0 0 0 0 0 0 2 0 0 0 0 0 2 0 0 1 0 0 1 2 1 2 1 0 0 2 1 0 0 0 1 1 0 0 0 0 0 1 2 0 0 0 0 0 0 0 0 2 0 0 0 2 0 2 1 0 0 0 2 0 1 0 0 0 1 2 0 0 0 0 0 0 0 0 0 0 2 1 
2 0 1 0 0 0 0 0 0 2 0 0 0 0 0 2 0 0 1 0 0 1 2 1 2 1 0 0 2 1 0 0 0 1 1 0 0 0 0 0 1 2 0 0 0 0 0 0 0 0 2 0 0 0 2 0 2 1 0 0 0 2 0 1 0 0 0 1 2 0 0 0 0 0 0 0 0 0 0 2 1 
0
0 0 0 0 0 0 0 0 0 
2 0 1 0 0 0 0 0 0 2 0 0 0 0 0 2 0 0 1 0 0 1 2 1 2 1 0 0 2 1 0 0 0 1 1 0 0 0 1 0 1 2 0 0 0 0 0 0 0 0 2 0 0 0 2 0 2 1 0 0 0 2 0 1 0 0 0 1 2 0 0 0 0 0 0 0 0 0 0 2 1 
2 0 1 0 0 0 0 0 0 2 0 0 0 0 0 2 0 0 1 0 0 1 2 1 2 1 0 0 2 1 0 0 0 1 1 0 0 0 1 0 1 2 0 0 0 0 0 0 0 0 2 0 0 0 2 0 2 1 0 0 0 2 0 1 0 0 0 1 2 0 0 0 0 0 0 0 0 0 0 2 1 
0
0 0 0 0 0 0 0 0 0 
2 0 1 0 0 0 0 0 0 2 0 0 0 0 0 2 0 0 1 0 0 1 2 1 2 1 0 0 2 1 0 0 0 1 1 0 0 0 1 0 1 2 0 0 0 0 0 0 0 0 2 0 0 2 2 0 2 1 0 0 0 2 0 1 0 0 0 1 2 0 0 0 0 0 0 0 0 0 0 2 1 
2 0 1 0 0 0 0 0 0 2 0 0 0 0 0 2 0 0 1 0 0 1 2 1 2 1 0 0 2 1 0 0 0 1 1 0 0 0 1 0 1 2 0 0 0 0 0 0 0 0 2 0 0 2 2 0 2 1 0 0 0 2 0 1 0 0 0 1 2 0 0 0 0 0 0 0 0 0 0 2 1 
0
0 0 0 0 0 0 0 0 0 
2 0 1 0 0 0 0 0 0 2 0 0 0 0 0 2 0 0 1 0 0 1 2 1 2 1 0 0 2 1 0 0 0 1 1 0 0 0 1 0 1 2 0 0 0 0 0 0 0 0 2 0 0 2 2 0 2 1 0 0 0 2 0 1 0 0 0 1 2 0 0 1 0 0 0 0 0 0 0 2 1 
2 0 1 0 0 0 0 0 0 2 0 0 0 0 0 2 0 0 1 0 0 1 2 1 2 1 0 0 2 1 0 0 0 1 1 0 0 0 1 0 1 2 0 0 0 0 0 0 0 0 2 0 0 2 2 0 2 1 0 0 0 2 0 1 0 0 0 1 2 0 0 1 0 0 0 0 0 0 0 2 1 
0
0 0 0 0 0 0 0 0 0 
2 0 1 0 0 0 0 0 0 2 0 0 0 0 0 2 0 0 1 0 0 1 2 1 2 1 0 0 2 1 0 0 0 1 1 2 0 0 1 0 1 2 0 0 0 0 0 0 0 0 2 0 0 2 2 0 2 1 0 0 0 2 0 1 0 0 0 1 2 0 0 1 0 0 0 0 0 0 0 2 1 
2 0 1 0 0 0 0 0 0 2 0 0 0 0 0 2 0 0 1 0 0 1 2 1 2 1 0 0 2 1 0 0 0 1 1 2 0 0 1 0 1 2 0 0 0 0 0 0 0 0 2 0 0 2 2 0 2 1 0 0 0 2 0 1 0 0 0 1 2 0 0 1 0 0 0 0 0 0 0 2 1 
0
0 0 0 0 0 0 0 0 0 
2 0 1 0 0 0 0 0 0 2 0 0 0 0 0 2 1 0 1 0 0 1 2 1 2 1 0 0 2 1 0 0 0 1 1 2 0 0 1 0 1 2 0 0 0 0 0 0 0 0 2 0 0 2 2 0 2 1 0 0 0 2 0 1 0 0 0 1 2 0 0 1 0 0 0 0 0 0 0 2 1 
2 0 1 0 0 0 0 0 0 2 0 0 0 0 0 2 1 0 1 0 0 1 2 1 2 1 0 0 2 1 0 0 0 1 1 2 0 0 1 0 1 2 0 0 0 0 0 0 0 0 2 0 0 2 2 0 2 1 0 0 0 2 0 1 0 0 0 1 2 0 0 1 0 0 0 0 0 0 0 2 1 
0
0 0 0 0 0 0 0 0 0 
2 0 1 0 0 0 0 0 0 2 0 0 0 0 0 2 1 0 1 0 0 1 2 1 2 1 0 0 2 1 0 0 0 1 1 2 0 0 1 0 1 2 0 0 0 0 0 0 0 2 2 0 0 2 2 0 2 1 0 0 0 2 0 1 0 0 0 1 2 0 0 1 0 0 0 0 0 0 0 2 1 
2 0 1 0 0 0 0 0 0 2 0 0 0 0 0 2 1 0 1 0 0 1 2 1 2 1 0 0 2 1 0 0 0 1 1 2 0 0 1 0 1 2 0 0 0 0 0 0 0 2 2 0 0 2 2 0 2 1 0 0 0 2 0 1 0 0 0 1 2 0 0 1 0 0 0 0 0 0 0 2 1 
0
0 0 0 0 0 0 0 0 0 
2 0 1 0 0 0 0 0 0 2 0 0 0 0 0 2 1 0 1 0 0 1 2 1 2 1 0 0 2 1 0 0 0 1 1 2 0 0 1 0 1 2 0 0 0 0 0 0 0 2 2 0 0 2 2 0 2 1 1 0 0 2 0 1 0 0 0 1 2 0 0 1 0 0 0 0 0 0 0 2 1 
2 0 1 0 0 0 0 0 0 2 0 0 0 0 0 2 1 0 1 0 0 1 2 1 2 1 0 0 2 1 0 0 0 1 1 2 0 0 1 0 1 2 0 0 0 0 0 0 0 2 2 0 0 2 2 0 2 1 1 0 0 2 0 1 0 0 0 1 2 0 0 1 0 0 0 0 0 0 0 2 1 
0
0 0 0 0 0 0 0 0 0 
2 0 1 0 0 0 0 0 0 2 0 0 0 2 0 2 1 0 1 0 0 1 2 1 2 1 0 0 2 1 0 0 0 1 1 2 0 0 1 0 1 2 0 0 0 0 0 0 0 2 2 0 0 2 2 0 2 1 1 0 0 2 0 1 0 0 0 1 2 0 0 1 0 0 0 0 0 0 0 2 1 
2 0 1 0 0 0 0 0 0 2 0 0 0 2 0 2 1 0 1 0 0 1 2 1 2 1 0 0 2 1 0 0 0 1 1 2 0 0 1 0 1 2 0 0 0 0 0 0 0 2 2 0 0 2 2 0 2 1 1 0 0 2 0 1 0 0 0 1 2 0 0 1 0 0 0 0 0 0 0 2 1 
0
0 0 0 0 0 0 0 0 0 
2 0 1 0 0 0 0 0 0 2 0 0 0 2 0 2 1 0 1 0 0 1 2 1 2 1 0 0 2 1 0 1 0 1 1 2 0 0 1 0 1 2 0 0 0 0 0 0 0 2 2 0 0 2 2 0 2 1 1 0 0 2 0 1 0 0 0 1 2 0 0 1 0 0 0 0 0 0 0 2 1 
2 0 1 0 0 0 0 0 0 2 0 0 0 2 0 2 1 0 1 0 0 1 2 1 2 1 0 0 2 1 0 1 0 1 1 2 0 0 1 0 1 2 0 0 0 0 0 0 0 2 2 0 0 2 2 0 2 1 1 0 0 2 0 1 0 0 0 1 2 0 0 1 0 0 0 0 0 0 0 2 1 
0
0 0 0 0 0 0 0 0 0 
2 0 1 0 0 0 0 0 0 2 0 0 2 2 0 2 1 0 1 0 0 1 2 1 2 1 0 0 2 1 0 1 0 1 1 2 0 0 1 0 1 2 0 0 0 0 0 0 0 2 2 0 0 2 2 0 2 1 1 0 0 2 0 1 0 0 0 1 2 0 0 1 0 0 0 0 0 0 0 2 1 
2 0 1 0 0 0 0 0 0 2 0 0 2 2 0 2 1 0 1 0 0 1 2 1 2 1 0 0 2 1 0 1 0 1 1 2 0 0 1 0 1 2 0 0 0 0 0 0 0 2 2 0 0 2 2 0 2 1 1 0 0 2 0 1 0 0 0 1 2 0 0 1 0 0 0 0 0 0 0 2 1 
0
0 0 0 1 0 0 0 0 0 
2 0 1 0 0 0 0 0 0 2 0 0 2 2 0 2 1 0 1 0 0 1 2 1 2 1 0 0 2 1 0 1 0 1 1 2 0 0 1 0 1 2 0 0 0 0 0 1 0 2 2 0 0 2 2 0 2 1 1 0 0 2 0 1 0 0 0 1 2 0 0 1 0 0 0 0 0 0 0 2 1 
2 0 1 0 0 0 0 0 0 2 0 0 2 2 0 2 1 0 1 0 0 1 2 1 2 1 0 16 18 17 0 1 0 1 1 2 16 16 17 0 1 2 0 0 0 16 16 17 0 2 2 0 0 2 2 0 2 1 1 0 0 2 0 1 0 0 0 1 2 0 0 1 0 0 0 0 0 0 0 2 1 
0
0 0 0 1 0 0 0 0 2 
2 0 1 0 0 0 0 0 0 2 0 0 2 2 0 2 1 0 1 0 0 1 2 1 2 1 0 0 2 1 0 1 0 1 1 2 0 0 1 0 1 2 0 0 0 0 0 1 0 2 2 0 0 2 2 0 2 1 1 0 0 2 0 1 0 0 0 1 2 0 2 1 0 0 0 0 0 0 0 2 1 
2 0 1 0 0 0 0 0 0 2 0 0 2 2 0 2 1 0 1 0 0 1 2 1 2 1 0 16 18 17 0 1 0 1 1 2 16 16 17 0 1 2 0 0 0 16 16 17 0 2 2 0 0 2 2 0 2 1 1 0 32 34 32 1 0 0 0 1 2 32 34 33 0 0 0 0 0 0 32 34 33 
0
0 0 0 1 0 0 0 0 2 
2 0 1 0 0 0 0 0 0 2 0 0 2 2 0 2 1 0 1 0 0 1 2 1 2 1 0 0 2 1 1 1 0 1 1 2 0 0 1 0 1 2 0 0 0 0 0 1 0 2 2 0 0 2 2 0 2 1 1 0 0 2 0 1 0 0 0 1 2 0 2 1 0 0 0 0 0 0 0 2 1 
2 0 1 0 0 0 0 0 0 2 0 0 2 2 0 2 1 0 1 0 0 1 2 1 2 1 0 16 18 17 1 1 0 1 1 2 16 16 17 0 1 2 0 0 0 16 16 17 0 2 2 0 0 2 2 0 2 1 1 0 32 34 32 1 0 0 0 1 2 32 34 33 0 0 0 0 0 0 32 34 33 
0
0 0 0 1 0 0 0 0 2 
2 0 1 0 0 0 0 0 0 2 0 0 2 2 0 2 1 0 1 2 0 1 2 1 2 1 0 0 2 1 1 1 0 1 1 2 0 0 1 0 1 2 0 0 0 0 0 1 0 2 2 0 0 2 2 0 2 1 1 0 0 2 0 1 0 0 0 1 2 0 2 1 0 0 0 0 0 0 0 2 1 
2 0 1 0 0 0 0 0 0 2 0 0 2 2 0 2 1 0 1 2 0 1 2 1 2 1 0 16 18 17 1 1 0 1 1 2 16 16 17 0 1 2 0 0 0 16 16 17 0 2 2 0 0 2 2 0 2 1 1 0 32 34 32 1 0 0 0 1 2 32 34 33 0 0 0 0 0 0 32 34 33 
0
0 0 0 1 0 0 0 1 2 
2 0 1 0 0 0 0 0 0 2 0 0 2 2 0 2 1 0 1 2 0 1 2 1 2 1 0 0 2 1 1 1 0 1 1 2 0 0 1 0 1 2 0 0 0 0 0 1 0 2 2 0 0 2 2 0 2 1 1 1 0 2 0 1 0 0 0 1 2 0 2 1 0 0 0 0 0 0 0 2 1 
2 0 1 0 0 0 0 0 0 2 0 0 2 2 0 2 1 0 1 2 0 1 2 1 2 1 0 16 18 17 1 1 0 1 1 2 16 16 17 0 1 2 0 0 0 16 16 17 0 2 2 0 0 2 2 0 2 17 17 17 32 34 32 1 0 0 16 17 18 32 34 33 0 0 0 16 16 16 32 34 33 
0
0 0 2 1 0 0 0 1 2 
2 0 1 0 0 0 2 0 0 2 0 0 2 2 0 2 1 0 1 2 0 1 2 1 2 1 0 0 2 1 1 1 0 1 1 2 0 0 1 0 1 2 0 0 0 0 0 1 0 2 2 0 0 2 2 0 2 1 1 1 0 2 0 1 0 0 0 1 2 0 2 1 0 0 0 0 0 0 0 2 1 
2 0 1 0 0 0 34 32 32 2 0 0 2 2 0 34 33 32 1 2 0 1 2 1 34 33 32 16 18 17 1 1 0 1 1 2 16 16 17 0 1 2 0 0 0 16 16 17 0 2 2 0 0 2 2 0 2 17 17 17 32 34 32 1 0 0 16 17 18 32 34 33 0 0 0 16 16 16 32 34 33 
0
1 0 2 1 0 0 0 1 2 
2 0 1 0 0 0 2 0 0 2 1 0 2 2 0 2 1 0 1 2 0 1 2 1 2 1 0 0 2 1 1 1 0 1 1 2 0 0 1 0 1 2 0 0 0 0 0 1 0 2 2 0 0 2 2 0 2 1 1 1 0 2 0 1 0 0 0 1 2 0 2 1 0 0 0 0 0 0 0 2 1 
18 16 17 0 0 0 34 32 32 18 17 16 2 2 0 34 33 32 17 18 16 1 2 1 34 33 32 16 18 17 1 1 0 1 1 2 16 16 17 0 1 2 0 0 0 16 16 17 0 2 2 0 0 2 2 0 2 17 17 17 32 34 32 1 0 0 16 17 18 32 34 33 0 0 0 16 16 16 32 34 33 
0
1 0 2 1 2 0 0 1 2 
2 0 1 0 0 0 2 0 0 2 1 0 2 2 0 2 1 0 1 2 0 1 2 1 2 1 0 0 2 1 1 1 2 1 1 2 0 0 1 0 1 2 0 0 0 0 0 1 0 2 2 0 0 2 2 0 2 1 1 1 0 2 0 1 0 0 0 1 2 0 2 1 0 0 0 0 0 0 0 2 1 
18 16 17 0 0 0 34 32 32 18 17 16 2 2 0 34 33 32 17 18 16 1 2 1 34 33 32 16 18 17 33 33 34 1 1 2 16 16 17 32 33 34 0 0 0 16 16 17 32 34 34 0 0 2 2 0 2 17 17 17 32 34 32 1 0 0 16 17 18 32 34 33 0 0 0 16 16 16 32 34 33 
0
1 0 2 1 2 0 0 1 2 
2 0 1 0 0 0 2 0 0 2 1 0 2 2 0 2 1 0 1 2 0 1 2 1 2 1 0 0 2 1 1 1 2 1 1 2 0 0 1 0 1 2 0 0 0 0 0 1 0 2 2 0 0 2 2 1 2 1 1 1 0 2 0 1 0 0 0 1 2 0 2 1 0 0 0 0 0 0 0 2 1 
18 16 17 0 0 0 34 32 32 18 17 16 2 2 0 34 33 32 17 18 16 1 2 1 34 33 32 16 18 17 33 33 34 1 1 2 16 16 17 32 33 34 0 0 0 16 16 17 32 34 34 0 0 2 2 1 2 17 17 17 32 34 32 1 0 0 16 17 18 32 34 33 0 0 0 16 16 16 32 34 33 
0
1 2 2 1 2 0 0 1 2 
2 0 1 0 0 0 2 0 0 2 1 0 2 2 2 2 1 0 1 2 0 1 2 1 2 1 0 0 2 1 1 1 2 1 1 2 0 0 1 0 1 2 0 0 0 0 0 1 0 2 2 0 0 2 2 1 2 1 1 1 0 2 0 1 0 0 0 1 2 0 2 1 0 0 0 0 0 0 0 2 1 
18 16 17 32 32 32 34 32 32 18 17 16 34 34 34 34 33 32 17 18 16 33 34 33 34 33 32 16 18 17 33 33 34 1 1 2 16 16 17 32 33 34 0 0 0 16 16 17 32 34 34 0 0 2 2 1 2 17 17 17 32 34 32 1 0 0 16 17 18 32 34 33 0 0 0 16 16 16 32 34 33 
0
1 2 2 1 2 0 0 1 2 
2 0 1 0 0 0 2 0 0 2 1 0 2 2 2 2 1 0 1 2 0 1 2 1 2 1 0 0 2 1 1 1 2 1 1 2 0 0 1 0 1 2 0 0 1 0 0 1 0 2 2 0 0 2 2 1 2 1 1 1 0 2 0 1 0 0 0 1 2 0 2 1 0 0 0 0 0 0 0 2 1 
18 16 17 32 32 32 34 32 32 18 17 16 34 34 34 34 33 32 17 18 16 33 34 33 34 33 32 16 18 17 33 33 34 1 1 2 16 16 17 32 33 34 0 0 1 16 16 17 32 34 34 0 0 2 2 1 2 17 17 17 32 34 32 1 0 0 16 17 18 32 34 33 0 0 0 16 16 16 32 34 33 
0
1 2 2 1 2 0 0 1 2 
2 0 1 0 0 0 2 0 0 2 1 0 2 2 2 2 1 0 1 2 0 1 2 1 2 1 0 0 2 1 1 1 2 1 1 2 0 0 1 0 1 2 0 0 1 0 0 1 0 2 2 2 0 2 2 1 2 1 1 1 0 2 0 1 0 0 0 1 2 0 2 1 0 0 0 0 0 0 0 2 1 
18 16 17 32 32 32 34 32 32 18 17 16 34 34 34 34 33 32 17 18 16 33 34 33 34 33 32 16 18 17 33 33 34 1 1 2 16 16 17 32 33 34 0 0 1 16 16 17 32 34 34 2 0 2 2 1 2 17 17 17 32 34 32 1 0 0 16 17 18 32 34 33 0 0 0 16 16 16 32 34 33 
0
1 2 2 1 2 0 0 1 2 
2 0 1 0 0 0 2 0 0 2 1 0 2 2 2 2 1 0 1 2 0 1 2 1 2 1 0 0 2 1 1 1 2 1 1 2 0 0 1 0 1 2 0 0 1 0 0 1 0 2 2 2 0 2 2 1 2 1 1 1 0 2 0 1 0 0 0 1 2 0 2 1 1 0 0 0 0 0 0 2 1 
18 16 17 32 32 32 34 32 32 18 17 16 34 34 34 34 33 32 17 18 16 33 34 33 34 33 32 16 18 17 33 33 34 1 1 2 16 16 17 32 33 34 0 0 1 16 16 17 32 34 34 2 0 2 2 1 2 17 17 17 32 34 32 1 0 0 16 17 18 32 34 33 1 0 0 16 16 16 32 34 33 
0
1 2 2 1 2 0 0 1 2 
2 0 1 0 0 0 2 0 0 2 1 0 2 2 2 2 1 0 1 2 0 1 2 1 2 1 0 0 2 1 1 1 2 1 1 2 0 0 1 0 1 2 0 0 1 0 0 1 0 2 2 2 0 2 2 1 2 1 1 1 0 2 0 1 0 2 0 1 2 0 2 1 1 0 0 0 0 0 0 2 1 
18 16 17 32 32 32 34 32 32 18 17 16 34 34 34 34 33 32 17 18 16 33 34 33 34 33 32 16 18 17 33 33 34 1 1 2 16 16 17 32 33 34 0 0 1 16 16 17 32 34 34 2 0 2 2 1 2 17 17 17 32 34 32 1 0 2 16 17 18 32 34 33 1 0 0 16 16 16 32 34 33 
0
1 2 2 1 2 0 0 1 2 
2 0 1 0 0 0 2 0 0 2 1 0 2 2 2 2 1 0 1 2 0 1 2 1 2 1 0 0 2 1 1 1 2 1 1 2 0 0 1 0 1 2 0 1 1 0 0 1 0 2 2 2 0 2 2 1 2 1 1 1 0 2 0 1 0 2 0 1 2 0 2 1 1 0 0 0 0 0 0 2 1 
18 16 17 32 32 32 34 32 32 18 17 16 34 34 34 34 33 32 17 18 16 33 34 33 34 33 32 16 18 17 33 33 34 1 1 2 16 16 17 32 33 34 0 1 1 16 16 17 32 34 34 2 0 2 2 1 2 17 17 17 32 34 32 1 0 2 16 17 18 32 34 33 1 0 0 16 16 16 32 34 33 
0
1 2 2 1 2 2 0 1 2 
2 0 1 0 0 0 2 0 0 2 1 0 2 2 2 2 1 0 1 2 0 1 2 1 2 1 0 0 2 1 1 1 2 1 1 2 0 0 1 0 1 2 0 1 1 0 0 1 0 2 2 2 2 2 2 1 2 1 1 1 0 2 0 1 0 2 0 1 2 0 2 1 1 0 0 0 0 0 0 2 1 
18 16 17 32 32 32 34 32 32 18 17 16 34 34 34 34 33 32 17 18 16 33 34 33 34 33 32 16 18 17 33 33 34 33 33 34 16 16 17 32 33 34 32 33 33 16 16 17 32 34 34 34 34 34 2 1 2 17 17 17 32 34 32 1 0 2 16 17 18 32 34 33 1 0 0 16 16 16 32 34 33 
0
1 2 2 1 2 2 0 1 2 
2 0 1 0 0 0 2 0 0 2 1 0 2 2 2 2 1 0 1 2 0 1 2 1 2 1 0 0 2 1 1 1 2 1 1 2 0 0 1 0 1 2 0 1 1 0 0 1 0 2 2 2 2 2 2 1 2 1 1 1 0 2 0 1 0 2 0 1 2 0 2 1 1 0 0 0 0 0 0 2 1 
18 16 17 32 32 32 34 32 32 18 17 16 34 34 34 34 33 32 17 18 16 33 34 33 34 33 32 16 18 17 33 33 34 33 33 34 16 16 17 32 33 34 32 33 33 16 16 17 32 34 34 34 34 34 2 1 2 17 17 17 32 34 32 1 0 2 16 17 18 32 34 33 1 0 0 16 16 16 32 34 33 
0
