0 0 0 0 0 0 0 0 0 
0 0 0 0 0 0 0 0 0 0 0 0 0 0 0 0 0 0 0 0 0 0 0 0 0 0 0 0 0 0 0 0 0 0 0 0 0 0 1 0 0 0 0 0 0 0 0 0 0 0 0 0 0 0 0 0 0 0 0 0 0 0 0 0 0 0 0 0 0 0 0 0 0 0 0 0 0 0 0 0 0 
0 0 0 0 0 0 0 0 0 0 0 0 0 0 0 0 0 0 0 0 0 0 0 0 0 0 0 0 0 0 0 0 0 0 0 0 0 0 1 0 0 0 0 0 0 0 0 0 0 0 0 0 0 0 0 0 0 0 0 0 0 0 0 0 0 0 0 0 0 0 0 0 0 0 0 0 0 0 0 0 0 
0
0 0 0 0 0 0 0 0 0 
0 0 0 0 0 0 0 0 0 0 0 0 0 0 0 0 0 0 0 0 0 0 0 0 0 0 0 0 0 0 0 0 0 0 0 0 0 0 1 0 0 0 0 0 0 0 0 0 0 0 0 0 2 0 0 0 0 0 0 0 0 0 0 0 0 0 0 0 0 0 0 0 0 0 0 0 0 0 0 0 0 
0 0 0 0 0 0 0 0 0 0 0 0 0 0 0 0 0 0 0 0 0 0 0 0 0 0 0 0 0 0 0 0 0 0 0 0 0 0 1 0 0 0 0 0 0 0 0 0 0 0 0 0 2 0 0 0 0 0 0 0 0 0 0 0 0 0 0 0 0 0 0 0 0 0 0 0 0 0 0 0 0 
0
0 0 0 0 0 0 0 0 0 
0 0 0 0 0 0 0 0 0 0 0 0 0 0 0 0 0 0 0 0 0 0 0 0 0 0 0 0 0 0 0 0 0 0 0 0 0 0 1 0 0 0 0 0 0 0 0 0 0 0 0 0 2 0 0 0 0 1 0 0 0 0 0 0 0 0 0 0 0 0 0 0 0 0 0 0 0 0 0 0 0 
0 0 0 0 0 0 0 0 0 0 0 0 0 0 0 0 0 0 0 0 0 0 0 0 0 0 0 0 0 0 0 0 0 0 0 0 0 0 1 0 0 0 0 0 0 0 0 0 0 0 0 0 2 0 0 0 0 1 0 0 0 0 0 0 0 0 0 0 0 0 0 0 0 0 0 0 0 0 0 0 0 
0
0 0 0 0 0 0 0 0 0 
0 0 0 0 0 0 0 0 0 0 0 0 0 0 0 0 0 0 2 0 0 0 0 0 0 0 0 0 0 0 0 0 0 0 0 0 0 0 1 0 0 0 0 0 0 0 0 0 0 0 0 0 2 0 0 0 0 1 0 0 0 0 0 0 0 0 0 0 0 0 0 0 0 0 0 0 0 0 0 0 0 
0 0 0 0 0 0 0 0 0 0 0 0 0 0 0 0 0 0 2 0 0 0 0 0 0 0 0 0 0 0 0 0 0 0 0 0 0 0 1 0 0 0 0 0 0 0 0 0 0 0 0 0 2 0 0 0 0 1 0 0 0 0 0 0 0 0 0 0 0 0 0 0 0 0 0 0 0 0 0 0 0 
0
0 0 0 0 0 0 0 0 0 
0 0 0 0 0 0 0 0 0 0 0 0 0 0 0 0 0 0 2 0 0 0 0 0 0 0 0 0 0 0 0 0 0 0 0 0 0 0 1 0 0 0 0 0 0 0 0 0 0 0 0 0 2 0 0 1 0 1 0 0 0 0 0 0 0 0 0 0 0 0 0 0 0 0 0 0 0 0 0 0 0 
0 0 0 0 0 0 0 0 0 0 0 0 0 0 0 0 0 0 2 0 0 0 0 0 0 0 0 0 0 0 0 0 0 0 0 0 0 0 1 0 0 0 0 0 0 0 0 0 0 0 0 0 2 0 0 1 0 1 0 0 0 0 0 0 0 0 0 0 0 0 0 0 0 0 0 0 0 0 0 0 0 
0
0 0 0 0 0 0 0 0 0 
0 0 0 0 0 0 0 0 0 0 0 0 0 0 2 0 0 0 2 0 0 0 0 0 0 0 0 0 0 0 0 0 0 0 0 0 0 0 1 0 0 0 0 0 0 0 0 0 0 0 0 0 2 0 0 1 0 1 0 0 0 0 0 0 0 0 0 0 0 0 0 0 0 0 0 0 0 0 0 0 0 
0 0 0 0 0 0 0 0 0 0 0 0 0 0 2 0 0 0 2 0 0 0 0 0 0 0 0 0 0 0 0 0 0 0 0 0 0 0 1 0 0 0 0 0 0 0 0 0 0 0 0 0 2 0 0 1 0 1 0 0 0 0 0 0 0 0 0 0 0 0 0 0 0 0 0 0 0 0 0 0 0 
0
0 0 0 0 0 0 0 0 0 
0 0 0 0 0 0 0 0 0 0 0 0 0 0 2 0 0 0 2 0 0 0 0 0 0 0 0 0 0 0 0 0 0 0 0 1 0 0 1 0 0 0 0 0 0 0 0 0 0 0 0 0 2 0 0 1 0 1 0 0 0 0 0 0 0 0 0 0 0 0 0 0 0 0 0 0 0 0 0 0 0 
0 0 0 0 0 0 0 0 0 0 0 0 0 0 2 0 0 0 2 0 0 0 0 0 0 0 0 0 0 0 0 0 0 0 0 1 0 0 1 0 0 0 0 0 0 0 0 0 0 0 0 0 2 0 0 1 0 1 0 0 0 0 0 0 0 0 0 0 0 0 0 0 0 0 0 0 0 0 0 0 0 
0
0 0 0 0 0 0 0 0 0 
0 0 0 0 0 0 0 0 0 0 0 0 0 0 2 0 0 0 2 0 0 0 0 0 0 0 2 0 0 0 0 0 0 0 0 1 0 0 1 0 0 0 0 0 0 0 0 0 0 0 0 0 2 0 0 1 0 1 0 0 0 0 0 0 0 0 0 0 0 0 0 0 0 0 0 0 0 0 0 0 0 
0 0 0 0 0 0 0 0 0 0 0 0 0 0 2 0 0 0 2 0 0 0 0 0 0 0 2 0 0 0 0 0 0 0 0 1 0 0 1 0 0 0 0 0 0 0 0 0 0 0 0 0 2 0 0 1 0 1 0 0 0 0 0 0 0 0 0 0 0 0 0 0 0 0 0 0 0 0 0 0 0 
0
0 0 0 0 0 0 0 0 0 
0 0 0 0 0 0 0 0 0 0 0 0 0 0 2 0 0 0 2 0 0 0 0 0 0 0 2 0 0 0 0 0 0 0 0 1 0 0 1 0 0 0 0 0 0 0 0 0 0 0 0 0 2 0 0 1 0 1 0 0 0 0 0 0 0 0 0 0 0 1 0 0 0 0 0 0 0 0 0 0 0 
0 0 0 0 0 0 0 0 0 0 0 0 0 0 2 0 0 0 2 0 0 0 0 0 0 0 2 0 0 0 0 0 0 0 0 1 0 0 1 0 0 0 0 0 0 0 0 0 0 0 0 0 2 0 0 1 0 1 0 0 0 0 0 0 0 0 0 0 0 1 0 0 0 0 0 0 0 0 0 0 0 
0
0 0 0 0 0 0 0 0 0 
0 0 0 0 0 0 0 0 0 0 0 0 0 0 2 0 0 0 2 0 0 0 0 0 0 0 2 0 2 0 0 0 0 0 0 1 0 0 1 0 0 0 0 0 0 0 0 0 0 0 0 0 2 0 0 1 0 1 0 0 0 0 0 0 0 0 0 0 0 1 0 0 0 0 0 0 0 0 0 0 0 
0 0 0 0 0 0 0 0 0 0 0 0 0 0 2 0 0 0 2 0 0 0 0 0 0 0 2 0 2 0 0 0 0 0 0 1 0 0 1 0 0 0 0 0 0 0 0 0 0 0 0 0 2 0 0 1 0 1 0 0 0 0 0 0 0 0 0 0 0 1 0 0 0 0 0 0 0 0 0 0 0 
0
0 0 0 0 0 0 0 0 0 
0 0 0 0 0 0 0 0 0 0 0 0 0 1 2 0 0 0 2 0 0 0 0 0 0 0 2 0 2 0 0 0 0 0 0 1 0 0 1 0 0 0 0 0 0 0 0 0 0 0 0 0 2 0 0 1 0 1 0 0 0 0 0 0 0 0 0 0 0 1 0 0 0 0 0 0 0 0 0 0 0 
0 0 0 0 0 0 0 0 0 0 0 0 0 1 2 0 0 0 2 0 0 0 0 0 0 0 2 0 2 0 0 0 0 0 0 1 0 0 1 0 0 0 0 0 0 0 0 0 0 0 0 0 2 0 0 1 0 1 0 0 0 0 0 0 0 0 0 0 0 1 0 0 0 0 0 0 0 0 0 0 0 
0
0 0 0 0 0 0 0 0 0 
0 0 0 0 0 0 0 0 0 0 0 0 0 1 2 0 0 0 2 0 0 0 0 0 0 0 2 0 2 0 0 2 0 0 0 1 0 0 1 0 0 0 0 0 0 0 0 0 0 0 0 0 2 0 0 1 0 1 0 0 0 0 0 0 0 0 0 0 0 1 0 0 0 0 0 0 0 0 0 0 0 
0 0 0 0 0 0 0 0 0 0 0 0 0 1 2 0 0 0 2 0 0 0 0 0 0 0 2 0 2 0 0 2 0 0 0 1 0 0 1 0 0 0 0 0 0 0 0 0 0 0 0 0 2 0 0 1 0 1 0 0 0 0 0 0 0 0 0 0 0 1 0 0 0 0 0 0 0 0 0 0 0 
0
0 0 0 0 0 0 0 0 0 
0 0 0 1 0 0 0 0 0 0 0 0 0 1 2 0 0 0 2 0 0 0 0 0 0 0 2 0 2 0 0 2 0 0 0 1 0 0 1 0 0 0 0 0 0 0 0 0 0 0 0 0 2 0 0 1 0 1 0 0 0 0 0 0 0 0 0 0 0 1 0 0 0 0 0 0 0 0 0 0 0 
0 0 0 1 0 0 0 0 0 0 0 0 0 1 2 0 0 0 2 0 0 0 0 0 0 0 2 0 2 0 0 2 0 0 0 1 0 0 1 0 0 0 0 0 0 0 0 0 0 0 0 0 2 0 0 1 0 1 0 0 0 0 0 0 0 0 0 0 0 1 0 0 0 0 0 0 0 0 0 0 0 
0
0 0 0 0 0 0 0 0 0 
0 0 0 1 0 0 0 0 0 0 0 2 0 1 2 0 0 0 2 0 0 0 0 0 0 0 2 0 2 0 0 2 0 0 0 1 0 0 1 0 0 0 0 0 0 0 0 0 0 0 0 0 2 0 0 1 0 1 0 0 0 0 0 0 0 0 0 0 0 1 0 0 0 0 0 0 0 0 0 0 0 
0 0 0 1 0 0 0 0 0 0 0 2 0 1 2 0 0 0 2 0 0 0 0 0 0 0 2 0 2 0 0 2 0 0 0 1 0 0 1 0 0 0 0 0 0 0 0 0 0 0 0 0 2 0 0 1 0 1 0 0 0 0 0 0 0 0 0 0 0 1 0 0 0 0 0 0 0 0 0 0 0 
0
0 0 0 0 0 0 0 0 0 
0 0 0 1 0 0 0 0 0 0 0 2 0 1 2 0 0 0 2 0 0 0 0 0 0 0 2 0 2 0 0 2 0 0 0 1 0 0 1 0 0 0 0 1 0 0 0 0 0 0 0 0 2 0 0 1 0 1 0 0 0 0 0 0 0 0 0 0 0 1 0 0 0 0 0 0 0 0 0 0 0 
0 0 0 1 0 0 0 0 0 0 0 2 0 1 2 0 0 0 2 0 0 0 0 0 0 0 2 0 2 0 0 2 0 0 0 1 0 0 1 0 0 0 0 1 0 0 0 0 0 0 0 0 2 0 0 1 0 1 0 0 0 0 0 0 0 0 0 0 0 1 0 0 0 0 0 0 0 0 0 0 0 
0
0 0 0 0 0 0 0 0 0 
0 0 0 1 0 0 0 0 0 0 0 2 0 1 2 0 0 0 2 0 0 0 0 0 0 0 2 0 2 0 0 2 0 0 0 1 0 0 1 0 2 0 0 1 0 0 0 0 0 0 0 0 2 0 0 1 0 1 0 0 0 0 0 0 0 0 0 0 0 1 0 0 0 0 0 0 0 0 0 0 0 
0 0 0 1 0 0 0 0 0 0 0 2 0 1 2 0 0 0 2 0 0 0 0 0 0 0 2 0 2 0 0 2 0 0 0 1 0 0 1 0 2 0 0 1 0 0 0 0 0 0 0 0 2 0 0 1 0 1 0 0 0 0 0 0 0 0 0 0 0 1 0 0 0 0 0 0 0 0 0 0 0 
0
0 0 0 0 0 0 0 0 0 
0 0 0 1 0 0 0 0 0 0 0 2 0 1 2 0 0 0 2 0 0 0 0 0 0 0 2 0 2 0 0 2 0 0 0 1 0 0 1 0 2 0 0 1 0 0 0 0 0 1 0 0 2 0 0 1 0 1 0 0 0 0 0 0 0 0 0 0 0 1 0 0 0 0 0 0 0 0 0 0 0 
0 0 0 1 0 0 0 0 0 0 0 2 0 1 2 0 0 0 2 0 0 0 0 0 0 0 2 0 2 0 0 2 0 0 0 1 0 0 1 0 2 0 0 1 0 0 0 0 0 1 0 0 2 0 0 1 0 1 0 0 0 0 0 0 0 0 0 0 0 1 0 0 0 0 0 0 0 0 0 0 0 
0
0 0 0 0 0 0 0 0 0 
0 0 0 1 0 0 0 0 0 0 0 2 0 1 2 0 0 0 2 0 0 0 0 0 0 0 2 0 2 0 0 2 0 0 0 1 0 0 1 0 2 0 0 1 0 0 0 0 0 1 0 0 2 0 0 1 0 1 0 0 0 0 0 0 0 0 0 0 2 1 0 0 0 0 0 0 0 0 0 0 0 
0 0 0 1 0 0 0 0 0 0 0 2 0 1 2 0 0 0 2 0 0 0 0 0 0 0 2 0 2 0 0 2 0 0 0 1 0 0 1 0 2 0 0 1 0 0 0 0 0 1 0 0 2 0 0 1 0 1 0 0 0 0 0 0 0 0 0 0 2 1 0 0 0 0 0 0 0 0 0 0 0 
0
0 0 0 0 0 1 0 0 0 
0 0 0 1 0 0 0 0 0 0 0 2 0 1 2 0 0 0 2 0 0 0 0 0 0 0 2 0 2 0 0 2 0 0 0 1 0 0 1 0 2 0 0 1 0 0 0 0 0 1 0 1 2 0 0 1 0 1 0 0 0 0 0 0 0 0 0 0 2 1 0 0 0 0 0 0 0 0 0 0 0 
0 0 0 1 0 0 0 0 0 0 0 2 0 1 2 0 0 0 2 0 0 0 0 0 0 0 2 0 2 0 0 2 0 16 16 17 0 0 1 0 2 0 16 17 16 0 0 0 0 1 0 17 18 16 0 1 0 1 0 0 0 0 0 0 0 0 0 0 2 1 0 0 0 0 0 0 0 0 0 0 0 
0
0 0 0 0 0 1 0 0 0 
0 0 0 1 0 0 0 0 0 0 0 2 0 1 2 0 0 0 2 0 0 0 0 0 0 0 2 0 2 0 0 2 0 0 0 1 0 0 1 0 2 0 0 1 0 0 0 0 0 1 0 1 2 0 2 1 0 1 0 0 0 0 0 0 0 0 0 0 2 1 0 0 0 0 0 0 0 0 0 0 0 
0 0 0 1 0 0 0 0 0 0 0 2 0 1 2 0 0 0 2 0 0 0 0 0 0 0 2 0 2 0 0 2 0 16 16 17 0 0 1 0 2 0 16 17 16 0 0 0 0 1 0 17 18 16 2 1 0 1 0 0 0 0 0 0 0 0 0 0 2 1 0 0 0 0 0 0 0 0 0 0 0 
0
0 0 0 0 0 1 0 0 0 
0 0 1 1 0 0 0 0 0 0 0 2 0 1 2 0 0 0 2 0 0 0 0 0 0 0 2 0 2 0 0 2 0 0 0 1 0 0 1 0 2 0 0 1 0 0 0 0 0 1 0 1 2 0 2 1 0 1 0 0 0 0 0 0 0 0 0 0 2 1 0 0 0 0 0 0 0 0 0 0 0 
0 0 1 1 0 0 0 0 0 0 0 2 0 1 2 0 0 0 2 0 0 0 0 0 0 0 2 0 2 0 0 2 0 16 16 17 0 0 1 0 2 0 16 17 16 0 0 0 0 1 0 17 18 16 2 1 0 1 0 0 0 0 0 0 0 0 0 0 2 1 0 0 0 0 0 0 0 0 0 0 0 
0
0 0 0 0 0 1 0 0 0 
0 0 1 1 0 0 0 0 2 0 0 2 0 1 2 0 0 0 2 0 0 0 0 0 0 0 2 0 2 0 0 2 0 0 0 1 0 0 1 0 2 0 0 1 0 0 0 0 0 1 0 1 2 0 2 1 0 1 0 0 0 0 0 0 0 0 0 0 2 1 0 0 0 0 0 0 0 0 0 0 0 
0 0 1 1 0 0 0 0 2 0 0 2 0 1 2 0 0 0 2 0 0 0 0 0 0 0 2 0 2 0 0 2 0 16 16 17 0 0 1 0 2 0 16 17 16 0 0 0 0 1 0 17 18 16 2 1 0 1 0 0 0 0 0 0 0 0 0 0 2 1 0 0 0 0 0 0 0 0 0 0 0 
0
0 0 0 0 0 1 0 0 0 
0 0 1 1 0 0 0 0 2 0 0 2 0 1 2 1 0 0 2 0 0 0 0 0 0 0 2 0 2 0 0 2 0 0 0 1 0 0 1 0 2 0 0 1 0 0 0 0 0 1 0 1 2 0 2 1 0 1 0 0 0 0 0 0 0 0 0 0 2 1 0 0 0 0 0 0 0 0 0 0 0 
0 0 1 1 0 0 0 0 2 0 0 2 0 1 2 1 0 0 2 0 0 0 0 0 0 0 2 0 2 0 0 2 0 16 16 17 0 0 1 0 2 0 16 17 16 0 0 0 0 1 0 17 18 16 2 1 0 1 0 0 0 0 0 0 0 0 0 0 2 1 0 0 0 0 0 0 0 0 0 0 0 
0
0 0 0 0 0 1 0 0 0 
0 0 1 1 0 0 0 0 2 0 0 2 0 1 2 1 0 0 2 0 0 0 0 0 0 0 2 0 2 0 0 2 0 0 0 1 0 0 1 0 2 0 0 1 0 0 0 2 0 1 0 1 2 0 2 1 0 1 0 0 0 0 0 0 0 0 0 0 2 1 0 0 0 0 0 0 0 0 0 0 0 
0 0 1 1 0 0 0 0 2 0 0 2 0 1 2 1 0 0 2 0 0 0 0 0 0 0 2 0 2 0 0 2 0 16 16 17 0 0 1 0 2 0 16 17 16 0 0 2 0 1 0 17 18 16 2 1 0 1 0 0 0 0 0 0 0 0 0 0 2 1 0 0 0 0 0 0 0 0 0 0 0 
0
0 0 0 0 0 1 0 0 0 
0 0 1 1 0 0 0 0 2 0 0 2 0 1 2 1 0 0 2 0 0 0 0 0 0 0 2 0 2 0 0 2 0 0 0 1 0 0 1 0 2 0 0 1 0 0 0 2 0 1 0 1 2 0 2 1 0 1 0 0 0 0 0 0 0 0 0 0 2 1 1 0 0 0 0 0 0 0 0 0 0 
0 0 1 1 0 0 0 0 2 0 0 2 0 1 2 1 0 0 2 0 0 0 0 0 0 0 2 0 2 0 0 2 0 16 16 17 0 0 1 0 2 0 16 17 16 0 0 2 0 1 0 17 18 16 2 1 0 1 0 0 0 0 0 0 0 0 0 0 2 1 1 0 0 0 0 0 0 0 0 0 0 
0
0 0 0 0 0 1 0 0 0 
0 0 1 1 0 0 0 0 2 0 0 2 0 1 2 1 0 0 2 0 0 0 0 0 0 0 2 0 2 0 0 2 0 0 0 1 0 0 1 0 2 0 0 1 0 0 0 2 0 1 2 1 2 0 2 1 0 1 0 0 0 0 0 0 0 0 0 0 2 1 1 0 0 0 0 0 0 0 0 0 0 
0 0 1 1 0 0 0 0 2 0 0 2 0 1 2 1 0 0 2 0 0 0 0 0 0 0 2 0 2 0 0 2 0 16 16 17 0 0 1 0 2 0 16 17 16 0 0 2 0 1 2 17 18 16 2 1 0 1 0 0 0 0 0 0 0 0 0 0 2 1 1 0 0 0 0 0 0 0 0 0 0 
0
0 0 0 0 0 1 0 0 0 
0 0 1 1 0 0 0 0 2 0 0 2 0 1 2 1 0 0 2 0 0 0 0 0 0 0 2 0 2 0 0 2 0 0 0 1 0 0 1 0 2 0 0 1 0 0 0 2 0 1 2 1 2 0 2 1 0 1 0 0 0 0 0 0 0 0 0 0 2 1 1 0 0 0 0 0 0 0 0 0 1 
0 0 1 1 0 0 0 0 2 0 0 2 0 1 2 1 0 0 2 0 0 0 0 0 0 0 2 0 2 0 0 2 0 16 16 17 0 0 1 0 2 0 16 17 16 0 0 2 0 1 2 17 18 16 2 1 0 1 0 0 0 0 0 0 0 0 0 0 2 1 1 0 0 0 0 0 0 0 0 0 1 
0
0 0 0 0 0 1 0 0 0 
0 0 1 1 0 0 0 0 2 0 0 2 0 1 2 1 0 0 2 0 0 0 0 0 0 0 2 0 2 0 0 2 0 0 0 1 0 0 1 0 2 0 0 1 0 0 0 2 0 1 2 1 2 0 2 1 0 1 0 0 0 2 0 0 0 0 0 0 2 1 1 0 0 0 0 0 0 0 0 0 1 
0 0 1 1 0 0 0 0 2 0 0 2 0 1 2 1 0 0 2 0 0 0 0 0 0 0 2 0 2 0 0 2 0 16 16 17 0 0 1 0 2 0 16 17 16 0 0 2 0 1 2 17 18 16 2 1 0 1 0 0 0 2 0 0 0 0 0 0 2 1 1 0 0 0 0 0 0 0 0 0 1 
0
0 1 0 0 0 1 0 0 0 
0 0 1 1 0 0 0 0 2 0 0 2 0 1 2 1 0 0 2 0 0 0 0 1 0 0 2 0 2 0 0 2 0 0 0 1 0 0 1 0 2 0 0 1 0 0 0 2 0 1 2 1 2 0 2 1 0 1 0 0 0 2 0 0 0 0 0 0 2 1 1 0 0 0 0 0 0 0 0 0 1 
0 0 1 17 16 16 0 0 2 0 0 2 16 17 18 1 0 0 2 0 0 16 16 17 0 0 2 0 2 0 0 2 0 16 16 17 0 0 1 0 2 0 16 17 16 0 0 2 0 1 2 17 18 16 2 1 0 1 0 0 0 2 0 0 0 0 0 0 2 1 1 0 0 0 0 0 0 0 0 0 1 
0
0 1 0 0 0 1 0 0 0 
0 0 1 1 0 0 0 0 2 0 0 2 0 1 2 1 0 0 2 0 0 0 0 1 0 0 2 0 2 0 0 2 0 0 0 1 0 0 1 0 2 0 0 1 0 0 0 2 0 1 2 1 2 0 2 1 0 1 0 0 2 2 0 0 0 0 0 0 2 1 1 0 0 0 0 0 0 0 0 0 1 
0 0 1 17 16 16 0 0 2 0 0 2 16 17 18 1 0 0 2 0 0 16 16 17 0 0 2 0 2 0 0 2 0 16 16 17 0 0 1 0 2 0 16 17 16 0 0 2 0 1 2 17 18 16 2 1 0 1 0 0 2 2 0 0 0 0 0 0 2 1 1 0 0 0 0 0 0 0 0 0 1 
0
0 1 0 0 0 1 0 0 0 
1 0 1 1 0 0 0 0 2 0 0 2 0 1 2 1 0 0 2 0 0 0 0 1 0 0 2 0 2 0 0 2 0 0 0 1 0 0 1 0 2 0 0 1 0 0 0 2 0 1 2 1 2 0 2 1 0 1 0 0 2 2 0 0 0 0 0 0 2 1 1 0 0 0 0 0 0 0 0 0 1 
1 0 1 17 16 16 0 0 2 0 0 2 16 17 18 1 0 0 2 0 0 16 16 17 0 0 2 0 2 0 0 2 0 16 16 17 0 0 1 0 2 0 16 17 16 0 0 2 0 1 2 17 18 16 2 1 0 1 0 0 2 2 0 0 0 0 0 0 2 1 1 0 0 0 0 0 0 0 0 0 1 
0
0 1 0 0 0 1 0 0 0 
1 0 1 1 0 0 0 0 2 2 0 2 0 1 2 1 0 0 2 0 0 0 0 1 0 0 2 0 2 0 0 2 0 0 0 1 0 0 1 0 2 0 0 1 0 0 0 2 0 1 2 1 2 0 2 1 0 1 0 0 2 2 0 0 0 0 0 0 2 1 1 0 0 0 0 0 0 0 0 0 1 
1 0 1 17 16 16 0 0 2 2 0 2 16 17 18 1 0 0 2 0 0 16 16 17 0 0 2 0 2 0 0 2 0 16 16 17 0 0 1 0 2 0 16 17 16 0 0 2 0 1 2 17 18 16 2 1 0 1 0 0 2 2 0 0 0 0 0 0 2 1 1 0 0 0 0 0 0 0 0 0 1 
0
0 1 0 0 0 1 0 0 0 
1 0 1 1 0 0 0 0 2 2 0 2 0 1 2 1 0 0 2 0 0 0 0 1 0 0 2 0 2 0 0 2 0 0 0 1 0 0 1 0 2 0 0 1 0 1 0 2 0 1 2 1 2 0 2 1 0 1 0 0 2 2 0 0 0 0 0 0 2 1 1 0 0 0 0 0 0 0 0 0 1 
1 0 1 17 16 16 0 0 2 2 0 2 16 17 18 1 0 0 2 0 0 16 16 17 0 0 2 0 2 0 0 2 0 16 16 17 0 0 1 0 2 0 16 17 16 1 0 2 0 1 2 17 18 16 2 1 0 1 0 0 2 2 0 0 0 0 0 0 2 1 1 0 0 0 0 0 0 0 0 0 1 
0
0 1 0 0 0 1 0 0 0 
1 0 1 1 0 0 0 0 2 2 0 2 0 1 2 1 0 0 2 0 0 0 0 1 0 0 2 0 2 0 0 2 0 0 0 1 0 0 1 0 2 0 0 1 0 1 0 2 0 1 2 1 2 0 2 1 0 1 0 0 2 2 0 0 0 0 0 0 2 1 1 0 0 2 0 0 0 0 0 0 1 
1 0 1 17 16 16 0 0 2 2 0 2 16 17 18 1 0 0 2 0 0 16 16 17 0 0 2 0 2 0 0 2 0 16 16 17 0 0 1 0 2 0 16 17 16 1 0 2 0 1 2 17 18 16 2 1 0 1 0 0 2 2 0 0 0 0 0 0 2 1 1 0 0 2 0 0 0 0 0 0 1 
0
0 1 0 0 0 1 0 0 0 
1 0 1 1 0 0 0 0 2 2 0 2 0 1 2 1 0 0 2 0 0 0 0 1 0 0 2 0 2 0 0 2 0 0 0 1 0 0 1 0 2 0 0 1 0 1 0 2 0 1 2 1 2 0 2 1 0 1 0 0 2 2 0 0 0 0 1 0 2 1 1 0 0 2 0 0 0 0 0 0 1 
1 0 1 17 16 16 0 0 2 2 0 2 16 17 18 1 0 0 2 0 0 16 16 17 0 0 2 0 2 0 0 2 0 16 16 17 0 0 1 0 2 0 16 17 16 1 0 2 0 1 2 17 18 16 2 1 0 1 0 0 2 2 0 0 0 0 1 0 2 1 1 0 0 2 0 0 0 0 0 0 1 
0
0 1 0 0 0 1 0 0 0 
1 0 1 1 0 0 0 0 2 2 0 2 0 1 2 1 0 0 2 0 0 0 0 1 0 0 2 0 2 0 0 2 0 0 0 1 0 0 1 0 2 0 0 1 0 1 2 2 0 1 2 1 2 0 2 1 0 1 0 0 2 2 0 0 0 0 1 0 2 1 1 0 0 2 0 0 0 0 0 0 1 
1 0 1 17 16 16 0 0 2 2 0 2 16 17 18 1 0 0 2 0 0 16 16 17 0 0 2 0 2 0 0 2 0 16 16 17 0 0 1 0 2 0 16 17 16 1 2 2 0 1 2 17 18 16 2 1 0 1 0 0 2 2 0 0 0 0 1 0 2 1 1 0 0 2 0 0 0 0 0 0 1 
0
0 1 0 0 0 1 0 0 0 
1 0 1 1 0 0 0 0 2 2 0 2 0 1 2 1 0 0 2 0 0 0 0 1 0 0 2 0 2 0 0 2 0 0 0 1 0 0 1 0 2 0 0 1 0 1 2 2 0 1 2 1 2 0 2 1 0 1 0 0 2 2 0 0 0 0 1 0 2 1 1 0 0 2 0 0 1 0 0 0 1 
1 0 1 17 16 16 0 0 2 2 0 2 16 17 18 1 0 0 2 0 0 16 16 17 0 0 2 0 2 0 0 2 0 16 16 17 0 0 1 0 2 0 16 17 16 1 2 2 0 1 2 17 18 16 2 1 0 1 0 0 2 2 0 0 0 0 1 0 2 1 1 0 0 2 0 0 1 0 0 0 1 
0
0 1 0 0 0 1 0 0 0 
1 0 1 1 0 0 0 0 2 2 0 2 0 1 2 1 0 0 2 0 0 0 0 1 0 0 2 0 2 0 0 2 0 0 0 1 0 0 1 0 2 0 0 1 0 1 2 2 0 1 2 1 2 0 2 1 0 1 0 0 2 2 0 0 0 0 1 2 2 1 1 0 0 2 0 0 1 0 0 0 1 
1 0 1 17 16 16 0 0 2 2 0 2 16 17 18 1 0 0 2 0 0 16 16 17 0 0 2 0 2 0 0 2 0 16 16 17 0 0 1 0 2 0 16 17 16 1 2 2 0 1 2 17 18 16 2 1 0 1 0 0 2 2 0 0 0 0 1 2 2 1 1 0 0 2 0 0 1 0 0 0 1 
0
0 1 0 0 0 1 0 0 0 
1 0 1 1 0 0 0 0 2 2 0 2 0 1 2 1 0 0 2 0 0 0 0 1 0 0 2 0 2 0 0 2 1 0 0 1 0 0 1 0 2 0 0 1 0 1 2 2 0 1 2 1 2 0 2 1 0 1 0 0 2 2 0 0 0 0 1 2 2 1 1 0 0 2 0 0 1 0 0 0 1 
1 0 1 17 16 16 0 0 2 2 0 2 16 17 18 1 0 0 2 0 0 16 16 17 0 0 2 0 2 0 0 2 1 16 16 17 0 0 1 0 2 0 16 17 16 1 2 2 0 1 2 17 18 16 2 1 0 1 0 0 2 2 0 0 0 0 1 2 2 1 1 0 0 2 0 0 1 0 0 0 1 
0
0 1 2 0 0 1 0 0 0 
1 0 1 1 0 0 0 0 2 2 0 2 0 1 2 1 0 2 2 0 0 0 0 1 0 0 2 0 2 0 0 2 1 0 0 1 0 0 1 0 2 0 0 1 0 1 2 2 0 1 2 1 2 0 2 1 0 1 0 0 2 2 0 0 0 0 1 2 2 1 1 0 0 2 0 0 1 0 0 0 1 
1 0 1 17 16 16 32 32 34 2 0 2 16 17 18 33 32 34 2 0 0 16 16 17 32 32 34 0 2 0 0 2 1 16 16 17 0 0 1 0 2 0 16 17 16 1 2 2 0 1 2 17 18 16 2 1 0 1 0 0 2 2 0 0 0 0 1 2 2 1 1 0 0 2 0 0 1 0 0 0 1 
0
1 1 2 0 0 1 0 0 0 
1 1 1 1 0 0 0 0 2 2 0 2 0 1 2 1 0 2 2 0 0 0 0 1 0 0 2 0 2 0 0 2 1 0 0 1 0 0 1 0 2 0 0 1 0 1 2 2 0 1 2 1 2 0 2 1 0 1 0 0 2 2 0 0 0 0 1 2 2 1 1 0 0 2 0 0 1 0 0 0 1 
17 17 17 17 16 16 32 32 34 18 16 18 16 17 18 33 32 34 18 16 16 16 16 17 32 32 34 0 2 0 0 2 1 16 16 17 0 0 1 0 2 0 16 17 16 1 2 2 0 1 2 17 18 16 2 1 0 1 0 0 2 2 0 0 0 0 1 2 2 1 1 0 0 2 0 0 1 0 0 0 1 
0
1 1 2 0 0 1 0 0 0 
1 1 1 1 0 0 0 0 2 2 0 2 0 1 2 1 0 2 2 0 0 0 0 1 0 0 2 0 2 0 0 2 1 0 0 1 2 0 1 0 2 0 0 1 0 1 2 2 0 1 2 1 2 0 2 1 0 1 0 0 2 2 0 0 0 0 1 2 2 1 1 0 0 2 0 0 1 0 0 0 1 
17 17 17 17 16 16 32 32 34 18 16 18 16 17 18 33 32 34 18 16 16 16 16 17 32 32 34 0 2 0 0 2 1 16 16 17 2 0 1 0 2 0 16 17 16 1 2 2 0 1 2 17 18 16 2 1 0 1 0 0 2 2 0 0 0 0 1 2 2 1 1 0 0 2 0 0 1 0 0 0 1 
0
1 1 2 0 0 1 0 0 0 
1 1 1 1 0 0 0 0 2 2 0 2 0 1 2 1 0 2 2 0 0 0 0 1 0 0 2 0 2 0 0 2 1 0 0 1 2 1 1 0 2 0 0 1 0 1 2 2 0 1 2 1 2 0 2 1 0 1 0 0 2 2 0 0 0 0 1 2 2 1 1 0 0 2 0 0 1 0 0 0 1 
17 17 17 17 16 16 32 32 34 18 16 18 16 17 18 33 32 34 18 16 16 16 16 17 32 32 34 0 2 0 0 2 1 16 16 17 2 1 1 0 2 0 16 17 16 1 2 2 0 1 2 17 18 16 2 1 0 1 0 0 2 2 0 0 0 0 1 2 2 1 1 0 0 2 0 0 1 0 0 0 1 
0
1 1 2 0 0 1 0 0 0 
1 1 1 1 0 0 0 0 2 2 0 2 0 1 2 1 0 2 2 0 0 0 0 1 0 0 2 0 2 0 0 2 1 0 0 1 2 1 1 2 2 0 0 1 0 1 2 2 0 1 2 1 2 0 2 1 0 1 0 0 2 2 0 0 0 0 1 2 2 1 1 0 0 2 0 0 1 0 0 0 1 
17 17 17 17 16 16 32 32 34 18 16 18 16 17 18 33 32 34 18 16 16 16 16 17 32 32 34 0 2 0 0 2 1 16 16 17 2 1 1 2 2 0 16 17 16 1 2 2 0 1 2 17 18 16 2 1 0 1 0 0 2 2 0 0 0 0 1 2 2 1 1 0 0 2 0 0 1 0 0 0 1 
0
1 1 2 0 0 1 0 0 0 
1 1 1 1 0 0 0 0 2 2 0 2 0 1 2 1 0 2 2 0 0 0 0 1 0 0 2 1 2 0 0 2 1 0 0 1 2 1 1 2 2 0 0 1 0 1 2 2 0 1 2 1 2 0 2 1 0 1 0 0 2 2 0 0 0 0 1 2 2 1 1 0 0 2 0 0 1 0 0 0 1 
17 17 17 17 16 16 32 32 34 18 16 18 16 17 18 33 32 34 18 16 16 16 16 17 32 32 34 1 2 0 0 2 1 16 16 17 2 1 1 2 2 0 16 17 16 1 2 2 0 1 2 17 18 16 2 1 0 1 0 0 2 2 0 0 0 0 1 2 2 1 1 0 0 2 0 0 1 0 0 0 1 
0
1 1 2 0 0 1 0 0 0 
1 1 1 1 0 0 0 0 2 2 0 2 0 1 2 1 0 2 2 0 0 0 0 1 0 0 2 1 2 0 0 2 1 0 0 1 2 1 1 2 2 0 0 1 0 1 2 2 0 1 2 1 2 0 2 1 0 1 0 0 2 2 0 2 0 0 1 2 2 1 1 0 0 2 0 0 1 0 0 0 1 
17 17 17 17 16 16 32 32 34 18 16 18 16 17 18 33 32 34 18 16 16 16 16 17 32 32 34 1 2 0 0 2 1 16 16 17 2 1 1 2 2 0 16 17 16 1 2 2 0 1 2 17 18 16 2 1 0 1 0 0 2 2 0 2 0 0 1 2 2 1 1 0 0 2 0 0 1 0 0 0 1 
0
1 1 2 1 0 1 0 0 0 
1 1 1 1 0 0 0 0 2 2 0 2 0 1 2 1 0 2 2 0 0 0 0 1 0 0 2 1 2 1 0 2 1 0 0 1 2 1 1 2 2 0 0 1 0 1 2 2 0 1 2 1 2 0 2 1 0 1 0 0 2 2 0 2 0 0 1 2 2 1 1 0 0 2 0 0 1 0 0 0 1 
17 17 17 17 16 16 32 32 34 18 16 18 16 17 18 33 32 34 18 16 16 16 16 17 32 32 34 17 18 17 0 2 1 16 16 17 18 17 17 2 2 0 16 17 16 17 18 18 0 1 2 17 18 16 2 1 0 1 0 0 2 2 0 2 0 0 1 2 2 1 1 0 0 2 0 0 1 0 0 0 1 
0
1 1 2 1 0 1 2 0 0 
1 1 1 1 0 0 0 0 2 2 0 2 0 1 2 1 0 2 2 0 0 0 0 1 0 0 2 1 2 1 0 2 1 0 0 1 2 1 1 2 2 0 0 1 0 1 2 2 0 1 2 1 2 0 2 1 0 1 0 0 2 2 0 2 0 0 1 2 2 1 1 0 2 2 0 0 1 0 0 0 1 
17 17 17 17 16 16 32 32 34 18 16 18 16 17 18 33 32 34 18 16 16 16 16 17 32 32 34 17 18 17 0 2 1 16 16 17 18 17 17 2 2 0 16 17 16 17 18 18 0 1 2 17 18 16 34 33 32 1 0 0 2 2 0 34 32 32 1 2 2 1 1 0 34 34 32 0 1 0 0 0 1 
0
1 1 2 1 0 1 2 0 0 
1 1 1 1 0 0 0 0 2 2 0 2 0 1 2 1 0 2 2 0 0 0 0 1 0 0 2 1 2 1 1 2 1 0 0 1 2 1 1 2 2 0 0 1 0 1 2 2 0 1 2 1 2 0 2 1 0 1 0 0 2 2 0 2 0 0 1 2 2 1 1 0 2 2 0 0 1 0 0 0 1 
17 17 17 17 16 16 32 32 34 18 16 18 16 17 18 33 32 34 18 16 16 16 16 17 32 32 34 17 18 17 1 2 1 16 16 17 18 17 17 2 2 0 16 17 16 17 18 18 0 1 2 17 18 16 34 33 32 1 0 0 2 2 0 34 32 32 1 2 2 1 1 0 34 34 32 0 1 0 0 0 1 
0
1 1 2 1 2 1 2 0 0 
1 1 1 1 0 0 0 0 2 2 0 2 0 1 2 1 0 2 2 0 0 0 0 1 0 0 2 1 2 1 1 2 1 0 0 1 2 1 1 2 2 2 0 1 0 1 2 2 0 1 2 1 2 0 2 1 0 1 0 0 2 2 0 2 0 0 1 2 2 1 1 0 2 2 0 0 1 0 0 0 1 
17 17 17 17 16 16 32 32 34 18 16 18 16 17 18 33 32 34 18 16 16 16 16 17 32 32 34 17 18 17 33 34 33 16 16 17 18 17 17 34 34 34 16 17 16 17 18 18 32 33 34 17 18 16 34 33 32 1 0 0 2 2 0 34 32 32 1 2 2 1 1 0 34 34 32 0 1 0 0 0 1 
0
1 1 2 1 2 1 2 0 0 
1 1 1 1 0 0 0 0 2 2 0 2 0 1 2 1 0 2 2 0 0 0 0 1 0 0 2 1 2 1 1 2 1 0 0 1 2 1 1 2 2 2 0 1 0 1 2 2 0 1 2 1 2 0 2 1 0 1 0 0 2 2 0 2 0 0 1 2 2 1 1 0 2 2 0 0 1 0 0 0 1 
17 17 17 17 16 16 32 32 34 18 16 18 16 17 18 33 32 34 18 16 16 16 16 17 32 32 34 17 18 17 33 34 33 16 16 17 18 17 17 34 34 34 16 17 16 17 18 18 32 33 34 17 18 16 34 33 32 1 0 0 2 2 0 34 32 32 1 2 2 1 1 0 34 34 32 0 1 0 0 0 1 
0
