0 0 0 0 0 0 0 0 0 
0 0 0 0 0 0 0 0 0 0 0 0 0 0 0 0 0 0 0 0 0 0 0 0 0 0 0 0 0 0 0 0 0 0 0 0 0 0 0 0 1 0 0 0 0 0 0 0 0 0 0 0 0 0 0 0 0 0 0 0 0 0 0 0 0 0 0 0 0 0 0 0 0 0 0 0 0 0 0 0 0 
0 0 0 0 0 0 0 0 0 0 0 0 0 0 0 0 0 0 0 0 0 0 0 0 0 0 0 0 0 0 0 0 0 0 0 0 0 0 0 0 1 0 0 0 0 0 0 0 0 0 0 0 0 0 0 0 0 0 0 0 0 0 0 0 0 0 0 0 0 0 0 0 0 0 0 0 0 0 0 0 0 
0
0 0 0 0 0 0 0 0 0 
0 0 0 0 0 0 0 0 0 0 0 0 0 0 0 0 0 0 0 0 0 0 0 0 0 0 0 0 0 0 0 0 0 0 0 0 0 0 0 0 1 0 0 0 0 0 0 0 0 0 2 0 0 0 0 0 0 0 0 0 0 0 0 0 0 0 0 0 0 0 0 0 0 0 0 0 0 0 0 0 0 
0 0 0 0 0 0 0 0 0 0 0 0 0 0 0 0 0 0 0 0 0 0 0 0 0 0 0 0 0 0 0 0 0 0 0 0 0 0 0 0 1 0 0 0 0 0 0 0 0 0 2 0 0 0 0 0 0 0 0 0 0 0 0 0 0 0 0 0 0 0 0 0 0 0 0 0 0 0 0 0 0 
0
0 0 0 0 0 0 0 0 0 
0 0 0 0 0 0 0 0 0 0 0 0 0 0 0 0 0 0 0 0 0 0 0 0 0 0 0 0 0 0 0 0 0 0 0 0 0 0 0 0 1 0 0 0 0 0 0 0 0 0 2 0 0 0 0 0 0 0 0 0 0 0 0 0 0 0 0 0 0 0 0 0 0 0 0 0 0 0 1 0 0 
0 0 0 0 0 0 0 0 0 0 0 0 0 0 0 0 0 0 0 0 0 0 0 0 0 0 0 0 0 0 0 0 0 0 0 0 0 0 0 0 1 0 0 0 0 0 0 0 0 0 2 0 0 0 0 0 0 0 0 0 0 0 0 0 0 0 0 0 0 0 0 0 0 0 0 0 0 0 1 0 0 
0
0 0 0 0 0 0 0 0 0 
0 0 0 0 0 0 0 0 0 0 0 0 0 0 0 0 0 0 0 0 0 0 0 0 0 0 0 0 0 0 0 0 0 0 0 0 0 0 0 0 1 0 0 0 0 0 0 0 0 0 2 0 0 0 0 0 0 0 0 0 0 0 0 0 0 0 0 0 0 0 0 0 2 0 0 0 0 0 1 0 0 
0 0 0 0 0 0 0 0 0 0 0 0 0 0 0 0 0 0 0 0 0 0 0 0 0 0 0 0 0 0 0 0 0 0 0 0 0 0 0 0 1 0 0 0 0 0 0 0 0 0 2 0 0 0 0 0 0 0 0 0 0 0 0 0 0 0 0 0 0 0 0 0 2 0 0 0 0 0 1 0 0 
0
0 0 0 0 0 0 0 0 0 
0 0 0 0 0 0 0 0 0 0 0 0 0 0 0 0 0 0 0 0 0 0 0 0 0 0 0 0 0 0 0 0 0 0 0 0 0 0 0 0 1 0 0 0 0 0 0 0 0 0 2 0 0 0 1 0 0 0 0 0 0 0 0 0 0 0 0 0 0 0 0 0 2 0 0 0 0 0 1 0 0 
0 0 0 0 0 0 0 0 0 0 0 0 0 0 0 0 0 0 0 0 0 0 0 0 0 0 0 0 0 0 0 0 0 0 0 0 0 0 0 0 1 0 0 0 0 0 0 0 0 0 2 0 0 0 1 0 0 0 0 0 0 0 0 0 0 0 0 0 0 0 0 0 2 0 0 0 0 0 1 0 0 
0
0 0 0 0 0 0 0 0 0 
0 0 0 0 0 0 0 0 0 0 0 0 0 0 0 0 0 0 0 0 2 0 0 0 0 0 0 0 0 0 0 0 0 0 0 0 0 0 0 0 1 0 0 0 0 0 0 0 0 0 2 0 0 0 1 0 0 0 0 0 0 0 0 0 0 0 0 0 0 0 0 0 2 0 0 0 0 0 1 0 0 
0 0 0 0 0 0 0 0 0 0 0 0 0 0 0 0 0 0 0 0 2 0 0 0 0 0 0 0 0 0 0 0 0 0 0 0 0 0 0 0 1 0 0 0 0 0 0 0 0 0 2 0 0 0 1 0 0 0 0 0 0 0 0 0 0 0 0 0 0 0 0 0 2 0 0 0 0 0 1 0 0 
0
0 0 0 0 0 0 0 0 0 
0 0 0 0 0 0 0 0 0 0 0 0 0 0 0 0 0 0 0 0 2 0 0 0 0 0 0 0 0 0 0 0 0 0 0 0 0 0 0 0 1 0 0 0 0 0 0 0 0 0 2 0 0 0 1 0 0 0 0 0 0 0 0 0 0 0 0 0 0 1 0 0 2 0 0 0 0 0 1 0 0 
0 0 0 0 0 0 0 0 0 0 0 0 0 0 0 0 0 0 0 0 2 0 0 0 0 0 0 0 0 0 0 0 0 0 0 0 0 0 0 0 1 0 0 0 0 0 0 0 0 0 2 0 0 0 1 0 0 0 0 0 0 0 0 0 0 0 0 0 0 1 0 0 2 0 0 0 0 0 1 0 0 
0
0 0 0 0 0 0 0 0 0 
0 0 0 0 0 0 0 0 0 0 0 0 0 0 0 0 0 0 0 0 2 0 0 0 0 0 0 0 0 0 0 0 0 0 0 0 2 0 0 0 1 0 0 0 0 0 0 0 0 0 2 0 0 0 1 0 0 0 0 0 0 0 0 0 0 0 0 0 0 1 0 0 2 0 0 0 0 0 1 0 0 
0 0 0 0 0 0 0 0 0 0 0 0 0 0 0 0 0 0 0 0 2 0 0 0 0 0 0 0 0 0 0 0 0 0 0 0 2 0 0 0 1 0 0 0 0 0 0 0 0 0 2 0 0 0 1 0 0 0 0 0 0 0 0 0 0 0 0 0 0 1 0 0 2 0 0 0 0 0 1 0 0 
0
0 0 0 0 0 0 0 0 0 
0 0 0 0 0 0 0 0 0 0 0 0 0 0 0 0 0 0 0 0 2 0 0 0 0 0 0 0 0 1 0 0 0 0 0 0 2 0 0 0 1 0 0 0 0 0 0 0 0 0 2 0 0 0 1 0 0 0 0 0 0 0 0 0 0 0 0 0 0 1 0 0 2 0 0 0 0 0 1 0 0 
0 0 0 0 0 0 0 0 0 0 0 0 0 0 0 0 0 0 0 0 2 0 0 0 0 0 0 0 0 1 0 0 0 0 0 0 2 0 0 0 1 0 0 0 0 0 0 0 0 0 2 0 0 0 1 0 0 0 0 0 0 0 0 0 0 0 0 0 0 1 0 0 2 0 0 0 0 0 1 0 0 
0
0 0 0 0 0 0 0 0 0 
0 0 0 0 0 0 0 0 2 0 0 0 0 0 0 0 0 0 0 0 2 0 0 0 0 0 0 0 0 1 0 0 0 0 0 0 2 0 0 0 1 0 0 0 0 0 0 0 0 0 2 0 0 0 1 0 0 0 0 0 0 0 0 0 0 0 0 0 0 1 0 0 2 0 0 0 0 0 1 0 0 
0 0 0 0 0 0 0 0 2 0 0 0 0 0 0 0 0 0 0 0 2 0 0 0 0 0 0 0 0 1 0 0 0 0 0 0 2 0 0 0 1 0 0 0 0 0 0 0 0 0 2 0 0 0 1 0 0 0 0 0 0 0 0 0 0 0 0 0 0 1 0 0 2 0 0 0 0 0 1 0 0 
0
0 0 0 0 0 0 0 0 0 
0 0 0 0 0 0 0 1 2 0 0 0 0 0 0 0 0 0 0 0 2 0 0 0 0 0 0 0 0 1 0 0 0 0 0 0 2 0 0 0 1 0 0 0 0 0 0 0 0 0 2 0 0 0 1 0 0 0 0 0 0 0 0 0 0 0 0 0 0 1 0 0 2 0 0 0 0 0 1 0 0 
0 0 0 0 0 0 0 1 2 0 0 0 0 0 0 0 0 0 0 0 2 0 0 0 0 0 0 0 0 1 0 0 0 0 0 0 2 0 0 0 1 0 0 0 0 0 0 0 0 0 2 0 0 0 1 0 0 0 0 0 0 0 0 0 0 0 0 0 0 1 0 0 2 0 0 0 0 0 1 0 0 
0
0 0 0 0 0 0 0 0 0 
0 0 0 2 0 0 0 1 2 0 0 0 0 0 0 0 0 0 0 0 2 0 0 0 0 0 0 0 0 1 0 0 0 0 0 0 2 0 0 0 1 0 0 0 0 0 0 0 0 0 2 0 0 0 1 0 0 0 0 0 0 0 0 0 0 0 0 0 0 1 0 0 2 0 0 0 0 0 1 0 0 
0 0 0 2 0 0 0 1 2 0 0 0 0 0 0 0 0 0 0 0 2 0 0 0 0 0 0 0 0 1 0 0 0 0 0 0 2 0 0 0 1 0 0 0 0 0 0 0 0 0 2 0 0 0 1 0 0 0 0 0 0 0 0 0 0 0 0 0 0 1 0 0 2 0 0 0 0 0 1 0 0 
0
0 0 0 0 0 0 0 0 0 
1 0 0 2 0 0 0 1 2 0 0 0 0 0 0 0 0 0 0 0 2 0 0 0 0 0 0 0 0 1 0 0 0 0 0 0 2 0 0 0 1 0 0 0 0 0 0 0 0 0 2 0 0 0 1 0 0 0 0 0 0 0 0 0 0 0 0 0 0 1 0 0 2 0 0 0 0 0 1 0 0 
1 0 0 2 0 0 0 1 2 0 0 0 0 0 0 0 0 0 0 0 2 0 0 0 0 0 0 0 0 1 0 0 0 0 0 0 2 0 0 0 1 0 0 0 0 0 0 0 0 0 2 0 0 0 1 0 0 0 0 0 0 0 0 0 0 0 0 0 0 1 0 0 2 0 0 0 0 0 1 0 0 
0
0 0 0 0 0 0 0 0 0 
1 0 0 2 0 0 0 1 2 0 0 0 0 0 0 0 0 0 0 2 2 0 0 0 0 0 0 0 0 1 0 0 0 0 0 0 2 0 0 0 1 0 0 0 0 0 0 0 0 0 2 0 0 0 1 0 0 0 0 0 0 0 0 0 0 0 0 0 0 1 0 0 2 0 0 0 0 0 1 0 0 
1 0 0 2 0 0 0 1 2 0 0 0 0 0 0 0 0 0 0 2 2 0 0 0 0 0 0 0 0 1 0 0 0 0 0 0 2 0 0 0 1 0 0 0 0 0 0 0 0 0 2 0 0 0 1 0 0 0 0 0 0 0 0 0 0 0 0 0 0 1 0 0 2 0 0 0 0 0 1 0 0 
0
0 0 0 0 0 0 0 0 0 
1 0 0 2 0 0 0 1 2 0 0 0 0 0 0 0 0 0 0 2 2 0 0 0 0 0 0 0 0 1 0 0 0 0 0 0 2 0 0 0 1 0 0 0 0 0 0 0 0 0 2 0 0 0 1 0 0 0 0 0 0 0 0 0 0 0 0 0 0 1 0 0 2 0 0 0 0 1 1 0 0 
1 0 0 2 0 0 0 1 2 0 0 0 0 0 0 0 0 0 0 2 2 0 0 0 0 0 0 0 0 1 0 0 0 0 0 0 2 0 0 0 1 0 0 0 0 0 0 0 0 0 2 0 0 0 1 0 0 0 0 0 0 0 0 0 0 0 0 0 0 1 0 0 2 0 0 0 0 1 1 0 0 
0
0 0 0 0 0 0 0 0 0 
1 0 0 2 0 0 0 1 2 0 0 0 0 0 0 0 0 0 0 2 2 0 0 0 0 0 0 0 0 1 0 0 0 0 0 0 2 0 0 0 1 0 0 0 0 0 0 0 0 0 2 0 0 0 1 0 0 0 0 0 0 0 0 0 0 0 0 0 0 1 0 2 2 0 0 0 0 1 1 0 0 
1 0 0 2 0 0 0 1 2 0 0 0 0 0 0 0 0 0 0 2 2 0 0 0 0 0 0 0 0 1 0 0 0 0 0 0 2 0 0 0 1 0 0 0 0 0 0 0 0 0 2 0 0 0 1 0 0 0 0 0 0 0 0 0 0 0 0 0 0 1 0 2 2 0 0 0 0 1 1 0 0 
0
0 0 0 0 0 0 0 0 0 
1 0 0 2 0 0 0 1 2 0 0 0 0 0 0 0 0 0 0 2 2 0 0 0 0 0 0 0 0 1 0 0 0 0 0 0 2 0 0 0 1 0 0 0 1 0 0 0 0 0 2 0 0 0 1 0 0 0 0 0 0 0 0 0 0 0 0 0 0 1 0 2 2 0 0 0 0 1 1 0 0 
1 0 0 2 0 0 0 1 2 0 0 0 0 0 0 0 0 0 0 2 2 0 0 0 0 0 0 0 0 1 0 0 0 0 0 0 2 0 0 0 1 0 0 0 1 0 0 0 0 0 2 0 0 0 1 0 0 0 0 0 0 0 0 0 0 0 0 0 0 1 0 2 2 0 0 0 0 1 1 0 0 
0
0 0 0 0 0 0 0 0 0 
1 0 0 2 0 0 0 1 2 0 0 0 0 0 0 0 0 0 0 2 2 0 0 0 0 0 0 0 0 1 0 0 0 0 2 0 2 0 0 0 1 0 0 0 1 0 0 0 0 0 2 0 0 0 1 0 0 0 0 0 0 0 0 0 0 0 0 0 0 1 0 2 2 0 0 0 0 1 1 0 0 
1 0 0 2 0 0 0 1 2 0 0 0 0 0 0 0 0 0 0 2 2 0 0 0 0 0 0 0 0 1 0 0 0 0 2 0 2 0 0 0 1 0 0 0 1 0 0 0 0 0 2 0 0 0 1 0 0 0 0 0 0 0 0 0 0 0 0 0 0 1 0 2 2 0 0 0 0 1 1 0 0 
0
0 0 0 0 0 0 0 0 0 
1 0 0 2 0 0 0 1 2 0 0 0 0 0 0 0 0 0 0 2 2 0 1 0 0 0 0 0 0 1 0 0 0 0 2 0 2 0 0 0 1 0 0 0 1 0 0 0 0 0 2 0 0 0 1 0 0 0 0 0 0 0 0 0 0 0 0 0 0 1 0 2 2 0 0 0 0 1 1 0 0 
1 0 0 2 0 0 0 1 2 0 0 0 0 0 0 0 0 0 0 2 2 0 1 0 0 0 0 0 0 1 0 0 0 0 2 0 2 0 0 0 1 0 0 0 1 0 0 0 0 0 2 0 0 0 1 0 0 0 0 0 0 0 0 0 0 0 0 0 0 1 0 2 2 0 0 0 0 1 1 0 0 
0
0 0 0 0 0 0 0 0 0 
1 0 0 2 0 0 0 1 2 0 0 0 0 0 0 0 0 0 0 2 2 0 1 0 0 0 0 0 0 1 0 0 0 0 2 0 2 0 0 0 1 0 0 0 1 0 0 0 0 0 2 0 0 0 1 0 0 0 2 0 0 0 0 0 0 0 0 0 0 1 0 2 2 0 0 0 0 1 1 0 0 
1 0 0 2 0 0 0 1 2 0 0 0 0 0 0 0 0 0 0 2 2 0 1 0 0 0 0 0 0 1 0 0 0 0 2 0 2 0 0 0 1 0 0 0 1 0 0 0 0 0 2 0 0 0 1 0 0 0 2 0 0 0 0 0 0 0 0 0 0 1 0 2 2 0 0 0 0 1 1 0 0 
0
0 0 0 0 0 0 0 0 0 
1 0 0 2 0 0 0 1 2 0 0 0 0 0 0 0 0 0 0 2 2 0 1 1 0 0 0 0 0 1 0 0 0 0 2 0 2 0 0 0 1 0 0 0 1 0 0 0 0 0 2 0 0 0 1 0 0 0 2 0 0 0 0 0 0 0 0 0 0 1 0 2 2 0 0 0 0 1 1 0 0 
1 0 0 2 0 0 0 1 2 0 0 0 0 0 0 0 0 0 0 2 2 0 1 1 0 0 0 0 0 1 0 0 0 0 2 0 2 0 0 0 1 0 0 0 1 0 0 0 0 0 2 0 0 0 1 0 0 0 2 0 0 0 0 0 0 0 0 0 0 1 0 2 2 0 0 0 0 1 1 0 0 
0
0 0 0 0 0 0 0 0 0 
1 0 0 2 0 0 0 1 2 0 0 0 0 0 0 0 0 0 0 2 2 0 1 1 0 0 0 0 0 1 0 0 0 0 2 0 2 0 0 0 1 0 0 0 1 0 0 0 0 0 2 0 0 0 1 0 0 0 2 0 0 0 2 0 0 0 0 0 0 1 0 2 2 0 0 0 0 1 1 0 0 
1 0 0 2 0 0 0 1 2 0 0 0 0 0 0 0 0 0 0 2 2 0 1 1 0 0 0 0 0 1 0 0 0 0 2 0 2 0 0 0 1 0 0 0 1 0 0 0 0 0 2 0 0 0 1 0 0 0 2 0 0 0 2 0 0 0 0 0 0 1 0 2 2 0 0 0 0 1 1 0 0 
0
0 0 0 0 0 0 0 0 0 
1 0 0 2 0 0 0 1 2 0 0 0 0 0 0 0 0 0 0 2 2 0 1 1 0 1 0 0 0 1 0 0 0 0 2 0 2 0 0 0 1 0 0 0 1 0 0 0 0 0 2 0 0 0 1 0 0 0 2 0 0 0 2 0 0 0 0 0 0 1 0 2 2 0 0 0 0 1 1 0 0 
1 0 0 2 0 0 0 1 2 0 0 0 0 0 0 0 0 0 0 2 2 0 1 1 0 1 0 0 0 1 0 0 0 0 2 0 2 0 0 0 1 0 0 0 1 0 0 0 0 0 2 0 0 0 1 0 0 0 2 0 0 0 2 0 0 0 0 0 0 1 0 2 2 0 0 0 0 1 1 0 0 
0
0 0 0 0 0 0 0 0 0 
1 0 0 2 0 0 0 1 2 0 0 0 0 0 0 0 0 0 0 2 2 0 1 1 0 1 0 0 0 1 0 0 0 0 2 0 2 0 0 0 1 0 0 0 1 0 0 0 0 0 2 0 0 0 1 0 0 0 2 0 0 0 2 0 0 0 2 0 0 1 0 2 2 0 0 0 0 1 1 0 0 
1 0 0 2 0 0 0 1 2 0 0 0 0 0 0 0 0 0 0 2 2 0 1 1 0 1 0 0 0 1 0 0 0 0 2 0 2 0 0 0 1 0 0 0 1 0 0 0 0 0 2 0 0 0 1 0 0 0 2 0 0 0 2 0 0 0 2 0 0 1 0 2 2 0 0 0 0 1 1 0 0 
0
0 0 0 0 0 0 0 0 0 
1 0 0 2 0 0 0 1 2 0 0 0 0 0 0 0 0 0 0 2 2 0 1 1 0 1 0 0 0 1 0 0 0 0 2 0 2 0 1 0 1 0 0 0 1 0 0 0 0 0 2 0 0 0 1 0 0 0 2 0 0 0 2 0 0 0 2 0 0 1 0 2 2 0 0 0 0 1 1 0 0 
1 0 0 2 0 0 0 1 2 0 0 0 0 0 0 0 0 0 0 2 2 0 1 1 0 1 0 0 0 1 0 0 0 0 2 0 2 0 1 0 1 0 0 0 1 0 0 0 0 0 2 0 0 0 1 0 0 0 2 0 0 0 2 0 0 0 2 0 0 1 0 2 2 0 0 0 0 1 1 0 0 
0
0 0 0 0 0 0 0 0 0 
1 0 0 2 0 0 0 1 2 0 0 0 0 0 0 0 0 0 0 2 2 0 1 1 0 1 0 0 0 1 0 0 0 0 2 0 2 0 1 0 1 0 2 0 1 0 0 0 0 0 2 0 0 0 1 0 0 0 2 0 0 0 2 0 0 0 2 0 0 1 0 2 2 0 0 0 0 1 1 0 0 
1 0 0 2 0 0 0 1 2 0 0 0 0 0 0 0 0 0 0 2 2 0 1 1 0 1 0 0 0 1 0 0 0 0 2 0 2 0 1 0 1 0 2 0 1 0 0 0 0 0 2 0 0 0 1 0 0 0 2 0 0 0 2 0 0 0 2 0 0 1 0 2 2 0 0 0 0 1 1 0 0 
0
0 0 0 0 0 0 0 0 0 
1 0 0 2 0 0 0 1 2 0 0 0 0 0 0 0 0 0 0 2 2 0 1 1 0 1 0 0 0 1 0 0 0 0 2 0 2 0 1 0 1 0 2 0 1 1 0 0 0 0 2 0 0 0 1 0 0 0 2 0 0 0 2 0 0 0 2 0 0 1 0 2 2 0 0 0 0 1 1 0 0 
1 0 0 2 0 0 0 1 2 0 0 0 0 0 0 0 0 0 0 2 2 0 1 1 0 1 0 0 0 1 0 0 0 0 2 0 2 0 1 0 1 0 2 0 1 1 0 0 0 0 2 0 0 0 1 0 0 0 2 0 0 0 2 0 0 0 2 0 0 1 0 2 2 0 0 0 0 1 1 0 0 
0
0 0 0 0 0 0 0 0 0 
1 0 0 2 0 0 0 1 2 0 0 0 0 0 0 0 0 0 0 2 2 0 1 1 0 1 0 0 0 1 0 0 0 0 2 0 2 0 1 0 1 0 2 0 1 1 0 0 0 0 2 0 0 0 1 0 0 0 2 0 0 0 2 2 0 0 2 0 0 1 0 2 2 0 0 0 0 1 1 0 0 
1 0 0 2 0 0 0 1 2 0 0 0 0 0 0 0 0 0 0 2 2 0 1 1 0 1 0 0 0 1 0 0 0 0 2 0 2 0 1 0 1 0 2 0 1 1 0 0 0 0 2 0 0 0 1 0 0 0 2 0 0 0 2 2 0 0 2 0 0 1 0 2 2 0 0 0 0 1 1 0 0 
0
0 0 0 0 0 0 0 0 0 
1 0 0 2 0 0 0 1 2 0 0 0 0 0 0 0 0 0 0 2 2 0 1 1 0 1 0 0 0 1 0 0 0 0 2 0 2 0 1 0 1 0 2 0 1 1 1 0 0 0 2 0 0 0 1 0 0 0 2 0 0 0 2 2 0 0 2 0 0 1 0 2 2 0 0 0 0 1 1 0 0 
1 0 0 2 0 0 0 1 2 0 0 0 0 0 0 0 0 0 0 2 2 0 1 1 0 1 0 0 0 1 0 0 0 0 2 0 2 0 1 0 1 0 2 0 1 1 1 0 0 0 2 0 0 0 1 0 0 0 2 0 0 0 2 2 0 0 2 0 0 1 0 2 2 0 0 0 0 1 1 0 0 
0
0 0 0 0 0 0 0 0 0 
1 0 0 2 0 0 0 1 2 0 0 0 0 0 0 0 0 0 0 2 2 0 1 1 0 1 0 0 0 1 0 0 0 0 2 0 2 0 1 0 1 0 2 0 1 1 1 0 0 0 2 0 0 0 1 0 0 0 2 0 0 0 2 2 0 0 2 0 2 1 0 2 2 0 0 0 0 1 1 0 0 
1 0 0 2 0 0 0 1 2 0 0 0 0 0 0 0 0 0 0 2 2 0 1 1 0 1 0 0 0 1 0 0 0 0 2 0 2 0 1 0 1 0 2 0 1 1 1 0 0 0 2 0 0 0 1 0 0 0 2 0 0 0 2 2 0 0 2 0 2 1 0 2 2 0 0 0 0 1 1 0 0 
0
0 0 0 0 0 0 0 0 0 
1 0 0 2 0 0 0 1 2 0 0 0 0 0 0 0 0 0 0 2 2 0 1 1 0 1 0 0 0 1 0 0 0 0 2 0 2 0 1 0 1 0 2 0 1 1 1 0 0 0 2 1 0 0 1 0 0 0 2 0 0 0 2 2 0 0 2 0 2 1 0 2 2 0 0 0 0 1 1 0 0 
1 0 0 2 0 0 0 1 2 0 0 0 0 0 0 0 0 0 0 2 2 0 1 1 0 1 0 0 0 1 0 0 0 0 2 0 2 0 1 0 1 0 2 0 1 1 1 0 0 0 2 1 0 0 1 0 0 0 2 0 0 0 2 2 0 0 2 0 2 1 0 2 2 0 0 0 0 1 1 0 0 
0
0 0 0 0 0 0 0 0 0 
1 0 0 2 0 0 0 1 2 0 0 0 0 0 0 0 0 0 0 2 2 0 1 1 0 1 0 0 0 1 0 0 0 0 2 0 2 0 1 0 1 0 2 0 1 1 1 0 0 0 2 1 0 0 1 0 0 0 2 0 0 0 2 2 0 2 2 0 2 1 0 2 2 0 0 0 0 1 1 0 0 
1 0 0 2 0 0 0 1 2 0 0 0 0 0 0 0 0 0 0 2 2 0 1 1 0 1 0 0 0 1 0 0 0 0 2 0 2 0 1 0 1 0 2 0 1 1 1 0 0 0 2 1 0 0 1 0 0 0 2 0 0 0 2 2 0 2 2 0 2 1 0 2 2 0 0 0 0 1 1 0 0 
0
0 0 0 0 0 0 0 0 0 
1 0 0 2 0 0 0 1 2 0 0 0 0 0 0 0 0 0 0 2 2 0 1 1 0 1 0 0 0 1 0 0 0 0 2 0 2 0 1 0 1 0 2 0 1 1 1 0 0 0 2 1 1 0 1 0 0 0 2 0 0 0 2 2 0 2 2 0 2 1 0 2 2 0 0 0 0 1 1 0 0 
1 0 0 2 0 0 0 1 2 0 0 0 0 0 0 0 0 0 0 2 2 0 1 1 0 1 0 0 0 1 0 0 0 0 2 0 2 0 1 0 1 0 2 0 1 1 1 0 0 0 2 1 1 0 1 0 0 0 2 0 0 0 2 2 0 2 2 0 2 1 0 2 2 0 0 0 0 1 1 0 0 
0
0 0 0 0 0 0 0 0 0 
1 0 0 2 0 0 0 1 2 0 0 0 0 0 0 0 0 0 0 2 2 0 1 1 0 1 0 0 0 1 0 0 0 0 2 0 2 0 1 0 1 0 2 0 1 1 1 0 0 0 2 1 1 0 1 0 0 0 2 0 0 0 2 2 0 2 2 0 2 1 0 2 2 0 0 0 2 1 1 0 0 
1 0 0 2 0 0 0 1 2 0 0 0 0 0 0 0 0 0 0 2 2 0 1 1 0 1 0 0 0 1 0 0 0 0 2 0 2 0 1 0 1 0 2 0 1 1 1 0 0 0 2 1 1 0 1 0 0 0 2 0 0 0 2 2 0 2 2 0 2 1 0 2 2 0 0 0 2 1 1 0 0 
0
0 0 0 0 0 0 0 0 0 
1 0 0 2 0 0 0 1 2 0 0 0 0 0 0 0 0 0 0 2 2 0 1 1 0 1 0 0 0 1 0 0 0 0 2 0 2 0 1 0 1 0 2 0 1 1 1 0 0 0 2 1 1 0 1 0 0 0 2 0 0 0 2 2 0 2 2 0 2 1 0 2 2 0 0 1 2 1 1 0 0 
1 0 0 2 0 0 0 1 2 0 0 0 0 0 0 0 0 0 0 2 2 0 1 1 0 1 0 0 0 1 0 0 0 0 2 0 2 0 1 0 1 0 2 0 1 1 1 0 0 0 2 1 1 0 1 0 0 0 2 0 0 0 2 2 0 2 2 0 2 1 0 2 2 0 0 1 2 1 1 0 0 
0
0 0 0 0 0 0 2 0 0 
1 0 0 2 0 0 0 1 2 0 0 0 0 0 0 0 0 0 0 2 2 0 1 1 0 1 0 0 0 1 0 0 0 0 2 0 2 0 1 0 1 0 2 0 1 1 1 0 0 0 2 1 1 0 1 0 0 0 2 0 0 0 2 2 2 2 2 0 2 1 0 2 2 0 0 1 2 1 1 0 0 
1 0 0 2 0 0 0 1 2 0 0 0 0 0 0 0 0 0 0 2 2 0 1 1 0 1 0 0 0 1 0 0 0 0 2 0 2 0 1 0 1 0 2 0 1 1 1 0 0 0 2 1 1 0 33 32 32 0 2 0 0 0 2 34 34 34 2 0 2 1 0 2 34 32 32 1 2 1 1 0 0 
0
0 0 0 0 0 0 2 0 0 
1 0 0 2 0 0 0 1 2 0 0 0 0 0 0 0 0 0 0 2 2 0 1 1 0 1 0 0 0 1 0 0 0 0 2 0 2 0 1 1 1 0 2 0 1 1 1 0 0 0 2 1 1 0 1 0 0 0 2 0 0 0 2 2 2 2 2 0 2 1 0 2 2 0 0 1 2 1 1 0 0 
1 0 0 2 0 0 0 1 2 0 0 0 0 0 0 0 0 0 0 2 2 0 1 1 0 1 0 0 0 1 0 0 0 0 2 0 2 0 1 1 1 0 2 0 1 1 1 0 0 0 2 1 1 0 33 32 32 0 2 0 0 0 2 34 34 34 2 0 2 1 0 2 34 32 32 1 2 1 1 0 0 
0
0 0 0 0 0 0 2 0 0 
1 0 0 2 0 0 0 1 2 0 0 0 0 0 0 0 0 0 0 2 2 0 1 1 0 1 0 2 0 1 0 0 0 0 2 0 2 0 1 1 1 0 2 0 1 1 1 0 0 0 2 1 1 0 1 0 0 0 2 0 0 0 2 2 2 2 2 0 2 1 0 2 2 0 0 1 2 1 1 0 0 
1 0 0 2 0 0 0 1 2 0 0 0 0 0 0 0 0 0 0 2 2 0 1 1 0 1 0 2 0 1 0 0 0 0 2 0 2 0 1 1 1 0 2 0 1 1 1 0 0 0 2 1 1 0 33 32 32 0 2 0 0 0 2 34 34 34 2 0 2 1 0 2 34 32 32 1 2 1 1 0 0 
0
0 0 0 0 0 0 2 0 0 
1 1 0 2 0 0 0 1 2 0 0 0 0 0 0 0 0 0 0 2 2 0 1 1 0 1 0 2 0 1 0 0 0 0 2 0 2 0 1 1 1 0 2 0 1 1 1 0 0 0 2 1 1 0 1 0 0 0 2 0 0 0 2 2 2 2 2 0 2 1 0 2 2 0 0 1 2 1 1 0 0 
1 1 0 2 0 0 0 1 2 0 0 0 0 0 0 0 0 0 0 2 2 0 1 1 0 1 0 2 0 1 0 0 0 0 2 0 2 0 1 1 1 0 2 0 1 1 1 0 0 0 2 1 1 0 33 32 32 0 2 0 0 0 2 34 34 34 2 0 2 1 0 2 34 32 32 1 2 1 1 0 0 
0
0 0 0 0 0 0 2 0 0 
1 1 0 2 0 0 0 1 2 0 0 0 0 0 2 0 0 0 0 2 2 0 1 1 0 1 0 2 0 1 0 0 0 0 2 0 2 0 1 1 1 0 2 0 1 1 1 0 0 0 2 1 1 0 1 0 0 0 2 0 0 0 2 2 2 2 2 0 2 1 0 2 2 0 0 1 2 1 1 0 0 
1 1 0 2 0 0 0 1 2 0 0 0 0 0 2 0 0 0 0 2 2 0 1 1 0 1 0 2 0 1 0 0 0 0 2 0 2 0 1 1 1 0 2 0 1 1 1 0 0 0 2 1 1 0 33 32 32 0 2 0 0 0 2 34 34 34 2 0 2 1 0 2 34 32 32 1 2 1 1 0 0 
0
0 0 0 0 0 1 2 0 0 
1 1 0 2 0 0 0 1 2 0 0 0 0 0 2 0 0 0 0 2 2 0 1 1 0 1 0 2 0 1 0 0 0 0 2 0 2 0 1 1 1 0 2 0 1 1 1 0 0 0 2 1 1 1 1 0 0 0 2 0 0 0 2 2 2 2 2 0 2 1 0 2 2 0 0 1 2 1 1 0 0 
1 1 0 2 0 0 0 1 2 0 0 0 0 0 2 0 0 0 0 2 2 0 1 1 0 1 0 2 0 1 0 0 0 16 18 16 2 0 1 1 1 0 18 16 17 1 1 0 0 0 2 17 17 17 33 32 32 0 2 0 0 0 2 34 34 34 2 0 2 1 0 2 34 32 32 1 2 1 1 0 0 
0
0 0 0 0 0 1 2 0 2 
1 1 0 2 0 0 0 1 2 0 0 0 0 0 2 0 0 0 0 2 2 0 1 1 0 1 0 2 0 1 0 0 0 0 2 0 2 0 1 1 1 0 2 0 1 1 1 0 0 0 2 1 1 1 1 0 0 0 2 0 0 0 2 2 2 2 2 0 2 1 0 2 2 0 0 1 2 1 1 0 2 
1 1 0 2 0 0 0 1 2 0 0 0 0 0 2 0 0 0 0 2 2 0 1 1 0 1 0 2 0 1 0 0 0 16 18 16 2 0 1 1 1 0 18 16 17 1 1 0 0 0 2 17 17 17 33 32 32 0 2 0 32 32 34 34 34 34 2 0 2 33 32 34 34 32 32 1 2 1 33 32 34 
0
1 0 0 0 0 1 2 0 2 
1 1 1 2 0 0 0 1 2 0 0 0 0 0 2 0 0 0 0 2 2 0 1 1 0 1 0 2 0 1 0 0 0 0 2 0 2 0 1 1 1 0 2 0 1 1 1 0 0 0 2 1 1 1 1 0 0 0 2 0 0 0 2 2 2 2 2 0 2 1 0 2 2 0 0 1 2 1 1 0 2 
17 17 17 2 0 0 0 1 2 16 16 16 0 0 2 0 0 0 16 18 18 0 1 1 0 1 0 2 0 1 0 0 0 16 18 16 2 0 1 1 1 0 18 16 17 1 1 0 0 0 2 17 17 17 33 32 32 0 2 0 32 32 34 34 34 34 2 0 2 33 32 34 34 32 32 1 2 1 33 32 34 
0
1 0 0 0 0 1 2 0 2 
1 1 1 2 0 0 0 1 2 0 0 0 0 0 2 0 2 0 0 2 2 0 1 1 0 1 0 2 0 1 0 0 0 0 2 0 2 0 1 1 1 0 2 0 1 1 1 0 0 0 2 1 1 1 1 0 0 0 2 0 0 0 2 2 2 2 2 0 2 1 0 2 2 0 0 1 2 1 1 0 2 
17 17 17 2 0 0 0 1 2 16 16 16 0 0 2 0 2 0 16 18 18 0 1 1 0 1 0 2 0 1 0 0 0 16 18 16 2 0 1 1 1 0 18 16 17 1 1 0 0 0 2 17 17 17 33 32 32 0 2 0 32 32 34 34 34 34 2 0 2 33 32 34 34 32 32 1 2 1 33 32 34 
0
1 0 0 0 0 1 2 0 2 
1 1 1 2 0 0 0 1 2 0 0 0 0 0 2 0 2 0 0 2 2 0 1 1 0 1 0 2 0 1 0 1 0 0 2 0 2 0 1 1 1 0 2 0 1 1 1 0 0 0 2 1 1 1 1 0 0 0 2 0 0 0 2 2 2 2 2 0 2 1 0 2 2 0 0 1 2 1 1 0 2 
17 17 17 2 0 0 0 1 2 16 16 16 0 0 2 0 2 0 16 18 18 0 1 1 0 1 0 2 0 1 0 1 0 16 18 16 2 0 1 1 1 0 18 16 17 1 1 0 0 0 2 17 17 17 33 32 32 0 2 0 32 32 34 34 34 34 2 0 2 33 32 34 34 32 32 1 2 1 33 32 34 
0
1 0 0 0 0 1 2 0 2 
1 1 1 2 0 0 0 1 2 0 0 0 2 0 2 0 2 0 0 2 2 0 1 1 0 1 0 2 0 1 0 1 0 0 2 0 2 0 1 1 1 0 2 0 1 1 1 0 0 0 2 1 1 1 1 0 0 0 2 0 0 0 2 2 2 2 2 0 2 1 0 2 2 0 0 1 2 1 1 0 2 
17 17 17 2 0 0 0 1 2 16 16 16 2 0 2 0 2 0 16 18 18 0 1 1 0 1 0 2 0 1 0 1 0 16 18 16 2 0 1 1 1 0 18 16 17 1 1 0 0 0 2 17 17 17 33 32 32 0 2 0 32 32 34 34 34 34 2 0 2 33 32 34 34 32 32 1 2 1 33 32 34 
0
1 0 0 0 0 1 2 0 2 
1 1 1 2 0 0 0 1 2 0 0 0 2 0 2 0 2 0 0 2 2 0 1 1 0 1 0 2 1 1 0 1 0 0 2 0 2 0 1 1 1 0 2 0 1 1 1 0 0 0 2 1 1 1 1 0 0 0 2 0 0 0 2 2 2 2 2 0 2 1 0 2 2 0 0 1 2 1 1 0 2 
17 17 17 2 0 0 0 1 2 16 16 16 2 0 2 0 2 0 16 18 18 0 1 1 0 1 0 2 1 1 0 1 0 16 18 16 2 0 1 1 1 0 18 16 17 1 1 0 0 0 2 17 17 17 33 32 32 0 2 0 32 32 34 34 34 34 2 0 2 33 32 34 34 32 32 1 2 1 33 32 34 
0
1 0 0 0 0 1 2 0 2 
1 1 1 2 2 0 0 1 2 0 0 0 2 0 2 0 2 0 0 2 2 0 1 1 0 1 0 2 1 1 0 1 0 0 2 0 2 0 1 1 1 0 2 0 1 1 1 0 0 0 2 1 1 1 1 0 0 0 2 0 0 0 2 2 2 2 2 0 2 1 0 2 2 0 0 1 2 1 1 0 2 
17 17 17 2 2 0 0 1 2 16 16 16 2 0 2 0 2 0 16 18 18 0 1 1 0 1 0 2 1 1 0 1 0 16 18 16 2 0 1 1 1 0 18 16 17 1 1 0 0 0 2 17 17 17 33 32 32 0 2 0 32 32 34 34 34 34 2 0 2 33 32 34 34 32 32 1 2 1 33 32 34 
0
1 0 0 0 0 1 2 0 2 
1 1 1 2 2 0 0 1 2 0 0 0 2 1 2 0 2 0 0 2 2 0 1 1 0 1 0 2 1 1 0 1 0 0 2 0 2 0 1 1 1 0 2 0 1 1 1 0 0 0 2 1 1 1 1 0 0 0 2 0 0 0 2 2 2 2 2 0 2 1 0 2 2 0 0 1 2 1 1 0 2 
17 17 17 2 2 0 0 1 2 16 16 16 2 1 2 0 2 0 16 18 18 0 1 1 0 1 0 2 1 1 0 1 0 16 18 16 2 0 1 1 1 0 18 16 17 1 1 0 0 0 2 17 17 17 33 32 32 0 2 0 32 32 34 34 34 34 2 0 2 33 32 34 34 32 32 1 2 1 33 32 34 
0
1 0 0 0 0 1 2 0 2 
1 1 1 2 2 0 0 1 2 0 0 0 2 1 2 0 2 0 0 2 2 0 1 1 0 1 0 2 1 1 0 1 2 0 2 0 2 0 1 1 1 0 2 0 1 1 1 0 0 0 2 1 1 1 1 0 0 0 2 0 0 0 2 2 2 2 2 0 2 1 0 2 2 0 0 1 2 1 1 0 2 
17 17 17 2 2 0 0 1 2 16 16 16 2 1 2 0 2 0 16 18 18 0 1 1 0 1 0 2 1 1 0 1 2 16 18 16 2 0 1 1 1 0 18 16 17 1 1 0 0 0 2 17 17 17 33 32 32 0 2 0 32 32 34 34 34 34 2 0 2 33 32 34 34 32 32 1 2 1 33 32 34 
0
1 0 0 0 0 1 2 0 2 
1 1 1 2 2 0 0 1 2 0 0 0 2 1 2 1 2 0 0 2 2 0 1 1 0 1 0 2 1 1 0 1 2 0 2 0 2 0 1 1 1 0 2 0 1 1 1 0 0 0 2 1 1 1 1 0 0 0 2 0 0 0 2 2 2 2 2 0 2 1 0 2 2 0 0 1 2 1 1 0 2 
17 17 17 2 2 0 0 1 2 16 16 16 2 1 2 1 2 0 16 18 18 0 1 1 0 1 0 2 1 1 0 1 2 16 18 16 2 0 1 1 1 0 18 16 17 1 1 0 0 0 2 17 17 17 33 32 32 0 2 0 32 32 34 34 34 34 2 0 2 33 32 34 34 32 32 1 2 1 33 32 34 
0
1 0 0 0 0 1 2 0 2 
1 1 1 2 2 0 0 1 2 0 0 0 2 1 2 1 2 0 0 2 2 0 1 1 0 1 0 2 1 1 0 1 2 0 2 0 2 2 1 1 1 0 2 0 1 1 1 0 0 0 2 1 1 1 1 0 0 0 2 0 0 0 2 2 2 2 2 0 2 1 0 2 2 0 0 1 2 1 1 0 2 
17 17 17 2 2 0 0 1 2 16 16 16 2 1 2 1 2 0 16 18 18 0 1 1 0 1 0 2 1 1 0 1 2 16 18 16 2 2 1 1 1 0 18 16 17 1 1 0 0 0 2 17 17 17 33 32 32 0 2 0 32 32 34 34 34 34 2 0 2 33 32 34 34 32 32 1 2 1 33 32 34 
0
1 0 0 0 0 1 2 0 2 
1 1 1 2 2 0 0 1 2 0 0 0 2 1 2 1 2 0 0 2 2 0 1 1 0 1 0 2 1 1 0 1 2 0 2 0 2 2 1 1 1 0 2 0 1 1 1 0 1 0 2 1 1 1 1 0 0 0 2 0 0 0 2 2 2 2 2 0 2 1 0 2 2 0 0 1 2 1 1 0 2 
17 17 17 2 2 0 0 1 2 16 16 16 2 1 2 1 2 0 16 18 18 0 1 1 0 1 0 2 1 1 0 1 2 16 18 16 2 2 1 1 1 0 18 16 17 1 1 0 1 0 2 17 17 17 33 32 32 0 2 0 32 32 34 34 34 34 2 0 2 33 32 34 34 32 32 1 2 1 33 32 34 
0
1 0 0 0 0 1 2 2 2 
1 1 1 2 2 0 0 1 2 0 0 0 2 1 2 1 2 0 0 2 2 0 1 1 0 1 0 2 1 1 0 1 2 0 2 0 2 2 1 1 1 0 2 0 1 1 1 0 1 0 2 1 1 1 1 0 0 0 2 0 0 0 2 2 2 2 2 2 2 1 0 2 2 0 0 1 2 1 1 0 2 
17 17 17 2 2 0 0 1 2 16 16 16 2 1 2 1 2 0 16 18 18 0 1 1 0 1 0 2 1 1 0 1 2 16 18 16 2 2 1 1 1 0 18 16 17 1 1 0 1 0 2 17 17 17 33 32 32 32 34 32 32 32 34 34 34 34 34 34 34 33 32 34 34 32 32 33 34 33 33 32 34 
0
1 0 0 0 0 1 2 2 2 
1 1 1 2 2 0 0 1 2 0 0 0 2 1 2 1 2 0 0 2 2 0 1 1 0 1 0 2 1 1 0 1 2 0 2 0 2 2 1 1 1 0 2 0 1 1 1 0 1 0 2 1 1 1 1 0 0 0 2 0 0 0 2 2 2 2 2 2 2 1 0 2 2 0 0 1 2 1 1 0 2 
17 17 17 2 2 0 0 1 2 16 16 16 2 1 2 1 2 0 16 18 18 0 1 1 0 1 0 2 1 1 0 1 2 16 18 16 2 2 1 1 1 0 18 16 17 1 1 0 1 0 2 17 17 17 33 32 32 32 34 32 32 32 34 34 34 34 34 34 34 33 32 34 34 32 32 33 34 33 33 32 34 
0
