0 0 0 0 0 0 0 0 0 
0 0 0 0 0 0 0 0 0 0 0 0 0 0 0 0 0 0 0 0 0 0 0 0 0 0 0 0 0 0 0 0 0 0 0 0 0 0 0 0 1 0 0 0 0 0 0 0 0 0 0 0 0 0 0 0 0 0 0 0 0 0 0 0 0 0 0 0 0 0 0 0 0 0 0 0 0 0 0 0 0 
0 0 0 0 0 0 0 0 0 0 0 0 0 0 0 0 0 0 0 0 0 0 0 0 0 0 0 0 0 0 0 0 0 0 0 0 0 0 0 0 1 0 0 0 0 0 0 0 0 0 0 0 0 0 0 0 0 0 0 0 0 0 0 0 0 0 0 0 0 0 0 0 0 0 0 0 0 0 0 0 0 
1
0 0 0 0 0 0 0 0 0 
0 0 0 0 0 0 0 0 0 0 0 0 0 0 0 0 0 0 0 0 0 0 0 0 0 0 0 0 0 0 0 0 2 0 0 0 0 0 0 0 1 0 0 0 0 0 0 0 0 0 0 0 0 0 0 0 0 0 0 0 0 0 0 0 0 0 0 0 0 0 0 0 0 0 0 0 0 0 0 0 0 
0 0 0 0 0 0 0 0 0 0 0 0 0 0 0 0 0 0 0 0 0 0 0 0 0 0 0 0 0 0 0 0 2 0 0 0 0 0 0 0 1 0 0 0 0 0 0 0 0 0 0 0 0 0 0 0 0 0 0 0 0 0 0 0 0 0 0 0 0 0 0 0 0 0 0 0 0 0 0 0 0 
1
0 0 0 0 0 0 0 0 0 
0 0 0 0 0 0 0 0 0 0 0 0 0 0 0 0 0 1 0 0 0 0 0 0 0 0 0 0 0 0 0 0 2 0 0 0 0 0 0 0 1 0 0 0 0 0 0 0 0 0 0 0 0 0 0 0 0 0 0 0 0 0 0 0 0 0 0 0 0 0 0 0 0 0 0 0 0 0 0 0 0 
0 0 0 0 0 0 0 0 0 0 0 0 0 0 0 0 0 1 0 0 0 0 0 0 0 0 0 0 0 0 0 0 2 0 0 0 0 0 0 0 1 0 0 0 0 0 0 0 0 0 0 0 0 0 0 0 0 0 0 0 0 0 0 0 0 0 0 0 0 0 0 0 0 0 0 0 0 0 0 0 0 
1
0 0 0 0 0 0 0 0 0 
0 0 0 0 0 0 0 0 0 0 0 0 0 0 0 0 0 1 0 0 0 0 0 0 0 0 0 0 0 0 0 0 2 0 0 0 0 0 0 0 1 0 0 0 0 0 0 0 0 0 0 2 0 0 0 0 0 0 0 0 0 0 0 0 0 0 0 0 0 0 0 0 0 0 0 0 0 0 0 0 0 
0 0 0 0 0 0 0 0 0 0 0 0 0 0 0 0 0 1 0 0 0 0 0 0 0 0 0 0 0 0 0 0 2 0 0 0 0 0 0 0 1 0 0 0 0 0 0 0 0 0 0 2 0 0 0 0 0 0 0 0 0 0 0 0 0 0 0 0 0 0 0 0 0 0 0 0 0 0 0 0 0 
1
0 0 0 0 0 0 0 0 0 
0 0 0 0 0 0 0 0 0 0 0 0 0 0 0 0 0 1 0 0 0 0 0 0 0 0 0 0 0 0 0 0 2 0 0 0 0 0 0 0 1 0 0 0 0 0 0 0 0 0 0 2 0 0 0 0 0 0 0 0 0 0 0 0 0 0 0 0 0 0 0 0 0 1 0 0 0 0 0 0 0 
0 0 0 0 0 0 0 0 0 0 0 0 0 0 0 0 0 1 0 0 0 0 0 0 0 0 0 0 0 0 0 0 2 0 0 0 0 0 0 0 1 0 0 0 0 0 0 0 0 0 0 2 0 0 0 0 0 0 0 0 0 0 0 0 0 0 0 0 0 0 0 0 0 1 0 0 0 0 0 0 0 
1
0 0 0 0 0 0 0 0 0 
0 0 0 0 0 0 0 0 0 0 0 0 0 0 0 0 0 1 0 0 0 0 0 0 0 0 0 0 0 0 0 0 2 0 0 0 0 0 0 0 1 0 0 0 0 0 0 0 0 0 0 2 0 0 0 0 0 2 0 0 0 0 0 0 0 0 0 0 0 0 0 0 0 1 0 0 0 0 0 0 0 
0 0 0 0 0 0 0 0 0 0 0 0 0 0 0 0 0 1 0 0 0 0 0 0 0 0 0 0 0 0 0 0 2 0 0 0 0 0 0 0 1 0 0 0 0 0 0 0 0 0 0 2 0 0 0 0 0 2 0 0 0 0 0 0 0 0 0 0 0 0 0 0 0 1 0 0 0 0 0 0 0 
1
0 0 0 0 0 0 0 0 0 
0 0 0 0 0 0 0 0 0 0 0 0 0 0 0 0 0 1 1 0 0 0 0 0 0 0 0 0 0 0 0 0 2 0 0 0 0 0 0 0 1 0 0 0 0 0 0 0 0 0 0 2 0 0 0 0 0 2 0 0 0 0 0 0 0 0 0 0 0 0 0 0 0 1 0 0 0 0 0 0 0 
0 0 0 0 0 0 0 0 0 0 0 0 0 0 0 0 0 1 1 0 0 0 0 0 0 0 0 0 0 0 0 0 2 0 0 0 0 0 0 0 1 0 0 0 0 0 0 0 0 0 0 2 0 0 0 0 0 2 0 0 0 0 0 0 0 0 0 0 0 0 0 0 0 1 0 0 0 0 0 0 0 
1
0 0 0 0 0 0 0 0 0 
0 0 0 0 0 0 0 0 0 0 0 0 0 0 0 0 0 1 1 0 0 0 0 0 0 0 0 0 0 0 0 0 2 0 0 0 0 0 0 0 1 0 0 0 0 0 0 0 0 0 0 2 0 0 0 0 0 2 0 0 0 0 0 2 0 0 0 0 0 0 0 0 0 1 0 0 0 0 0 0 0 
0 0 0 0 0 0 0 0 0 0 0 0 0 0 0 0 0 1 1 0 0 0 0 0 0 0 0 0 0 0 0 0 2 0 0 0 0 0 0 0 1 0 0 0 0 0 0 0 0 0 0 2 0 0 0 0 0 2 0 0 0 0 0 2 0 0 0 0 0 0 0 0 0 1 0 0 0 0 0 0 0 
1
0 0 0 0 0 0 0 0 0 
0 0 0 0 0 0 0 0 0 0 0 0 0 0 0 0 0 1 1 0 0 0 0 0 0 0 0 0 0 0 0 0 2 0 0 0 1 0 0 0 1 0 0 0 0 0 0 0 0 0 0 2 0 0 0 0 0 2 0 0 0 0 0 2 0 0 0 0 0 0 0 0 0 1 0 0 0 0 0 0 0 
0 0 0 0 0 0 0 0 0 0 0 0 0 0 0 0 0 1 1 0 0 0 0 0 0 0 0 0 0 0 0 0 2 0 0 0 1 0 0 0 1 0 0 0 0 0 0 0 0 0 0 2 0 0 0 0 0 2 0 0 0 0 0 2 0 0 0 0 0 0 0 0 0 1 0 0 0 0 0 0 0 
1
0 0 0 0 0 0 0 0 0 
0 0 0 0 0 0 0 0 0 0 0 0 0 0 0 0 0 1 1 0 0 0 0 0 0 0 0 0 2 0 0 0 2 0 0 0 1 0 0 0 1 0 0 0 0 0 0 0 0 0 0 2 0 0 0 0 0 2 0 0 0 0 0 2 0 0 0 0 0 0 0 0 0 1 0 0 0 0 0 0 0 
0 0 0 0 0 0 0 0 0 0 0 0 0 0 0 0 0 1 1 0 0 0 0 0 0 0 0 0 2 0 0 0 2 0 0 0 1 0 0 0 1 0 0 0 0 0 0 0 0 0 0 2 0 0 0 0 0 2 0 0 0 0 0 2 0 0 0 0 0 0 0 0 0 1 0 0 0 0 0 0 0 
1
0 0 0 0 0 0 0 0 0 
0 0 0 0 0 0 0 0 0 0 0 0 0 0 0 0 0 1 1 0 0 0 0 1 0 0 0 0 2 0 0 0 2 0 0 0 1 0 0 0 1 0 0 0 0 0 0 0 0 0 0 2 0 0 0 0 0 2 0 0 0 0 0 2 0 0 0 0 0 0 0 0 0 1 0 0 0 0 0 0 0 
0 0 0 0 0 0 0 0 0 0 0 0 0 0 0 0 0 1 1 0 0 0 0 1 0 0 0 0 2 0 0 0 2 0 0 0 1 0 0 0 1 0 0 0 0 0 0 0 0 0 0 2 0 0 0 0 0 2 0 0 0 0 0 2 0 0 0 0 0 0 0 0 0 1 0 0 0 0 0 0 0 
1
0 0 0 0 0 0 0 0 0 
0 0 0 0 0 0 0 0 0 0 0 0 0 0 0 0 0 1 1 0 0 0 0 1 0 0 0 0 2 0 0 0 2 0 0 0 1 0 0 0 1 0 0 0 0 0 0 0 0 0 0 2 0 0 0 0 0 2 0 0 0 0 0 2 0 0 0 0 0 0 0 2 0 1 0 0 0 0 0 0 0 
0 0 0 0 0 0 0 0 0 0 0 0 0 0 0 0 0 1 1 0 0 0 0 1 0 0 0 0 2 0 0 0 2 0 0 0 1 0 0 0 1 0 0 0 0 0 0 0 0 0 0 2 0 0 0 0 0 2 0 0 0 0 0 2 0 0 0 0 0 0 0 2 0 1 0 0 0 0 0 0 0 
1
0 0 0 0 0 0 0 0 0 
0 0 0 0 0 0 0 0 0 0 0 0 0 0 0 0 0 1 1 0 0 0 0 1 0 0 0 0 2 0 0 0 2 0 0 1 1 0 0 0 1 0 0 0 0 0 0 0 0 0 0 2 0 0 0 0 0 2 0 0 0 0 0 2 0 0 0 0 0 0 0 2 0 1 0 0 0 0 0 0 0 
0 0 0 0 0 0 0 0 0 0 0 0 0 0 0 0 0 1 1 0 0 0 0 1 0 0 0 0 2 0 0 0 2 0 0 1 1 0 0 0 1 0 0 0 0 0 0 0 0 0 0 2 0 0 0 0 0 2 0 0 0 0 0 2 0 0 0 0 0 0 0 2 0 1 0 0 0 0 0 0 0 
1
0 0 0 0 0 0 0 0 0 
0 0 0 0 0 0 0 0 0 0 0 0 0 0 0 0 0 1 1 0 0 0 0 1 0 2 0 0 2 0 0 0 2 0 0 1 1 0 0 0 1 0 0 0 0 0 0 0 0 0 0 2 0 0 0 0 0 2 0 0 0 0 0 2 0 0 0 0 0 0 0 2 0 1 0 0 0 0 0 0 0 
0 0 0 0 0 0 0 0 0 0 0 0 0 0 0 0 0 1 1 0 0 0 0 1 0 2 0 0 2 0 0 0 2 0 0 1 1 0 0 0 1 0 0 0 0 0 0 0 0 0 0 2 0 0 0 0 0 2 0 0 0 0 0 2 0 0 0 0 0 0 0 2 0 1 0 0 0 0 0 0 0 
1
0 0 0 0 0 0 0 0 0 
0 0 0 0 0 0 0 0 0 0 0 0 0 0 0 0 0 1 1 0 0 0 0 1 0 2 0 0 2 0 0 0 2 0 0 1 1 0 0 0 1 0 0 0 0 0 0 0 0 0 0 2 0 0 0 0 0 2 0 0 0 0 0 2 0 0 0 0 0 0 0 2 0 1 0 0 1 0 0 0 0 
0 0 0 0 0 0 0 0 0 0 0 0 0 0 0 0 0 1 1 0 0 0 0 1 0 2 0 0 2 0 0 0 2 0 0 1 1 0 0 0 1 0 0 0 0 0 0 0 0 0 0 2 0 0 0 0 0 2 0 0 0 0 0 2 0 0 0 0 0 0 0 2 0 1 0 0 1 0 0 0 0 
1
0 0 0 0 0 0 0 0 0 
0 0 0 0 0 0 0 0 0 0 0 0 0 0 0 0 0 1 1 0 0 0 0 1 0 2 0 0 2 0 0 0 2 0 0 1 1 0 0 0 1 0 0 0 0 0 0 0 0 0 0 2 0 0 0 0 0 2 0 0 0 0 0 2 0 0 0 0 0 0 0 2 0 1 0 0 1 2 0 0 0 
0 0 0 0 0 0 0 0 0 0 0 0 0 0 0 0 0 1 1 0 0 0 0 1 0 2 0 0 2 0 0 0 2 0 0 1 1 0 0 0 1 0 0 0 0 0 0 0 0 0 0 2 0 0 0 0 0 2 0 0 0 0 0 2 0 0 0 0 0 0 0 2 0 1 0 0 1 2 0 0 0 
1
0 0 0 0 0 0 0 0 0 
0 0 0 0 0 0 0 0 0 0 0 0 0 0 0 0 0 1 1 0 0 0 0 1 0 2 0 0 2 0 0 0 2 0 0 1 1 0 0 0 1 0 0 0 0 0 0 0 0 0 0 2 0 0 0 0 0 2 0 0 0 0 0 2 0 0 0 0 0 0 0 2 0 1 0 0 1 2 1 0 0 
0 0 0 0 0 0 0 0 0 0 0 0 0 0 0 0 0 1 1 0 0 0 0 1 0 2 0 0 2 0 0 0 2 0 0 1 1 0 0 0 1 0 0 0 0 0 0 0 0 0 0 2 0 0 0 0 0 2 0 0 0 0 0 2 0 0 0 0 0 0 0 2 0 1 0 0 1 2 1 0 0 
1
0 0 0 0 0 0 0 0 0 
0 0 0 0 0 0 0 0 0 0 0 0 0 0 0 0 0 1 1 0 0 0 0 1 0 2 0 0 2 0 0 0 2 0 0 1 1 0 0 0 1 0 0 0 0 0 0 0 0 0 0 2 0 0 2 0 0 2 0 0 0 0 0 2 0 0 0 0 0 0 0 2 0 1 0 0 1 2 1 0 0 
0 0 0 0 0 0 0 0 0 0 0 0 0 0 0 0 0 1 1 0 0 0 0 1 0 2 0 0 2 0 0 0 2 0 0 1 1 0 0 0 1 0 0 0 0 0 0 0 0 0 0 2 0 0 2 0 0 2 0 0 0 0 0 2 0 0 0 0 0 0 0 2 0 1 0 0 1 2 1 0 0 
1
0 0 0 0 0 0 0 0 0 
0 0 1 0 0 0 0 0 0 0 0 0 0 0 0 0 0 1 1 0 0 0 0 1 0 2 0 0 2 0 0 0 2 0 0 1 1 0 0 0 1 0 0 0 0 0 0 0 0 0 0 2 0 0 2 0 0 2 0 0 0 0 0 2 0 0 0 0 0 0 0 2 0 1 0 0 1 2 1 0 0 
0 0 1 0 0 0 0 0 0 0 0 0 0 0 0 0 0 1 1 0 0 0 0 1 0 2 0 0 2 0 0 0 2 0 0 1 1 0 0 0 1 0 0 0 0 0 0 0 0 0 0 2 0 0 2 0 0 2 0 0 0 0 0 2 0 0 0 0 0 0 0 2 0 1 0 0 1 2 1 0 0 
1
0 0 0 0 0 0 0 0 0 
0 0 1 0 0 0 0 2 0 0 0 0 0 0 0 0 0 1 1 0 0 0 0 1 0 2 0 0 2 0 0 0 2 0 0 1 1 0 0 0 1 0 0 0 0 0 0 0 0 0 0 2 0 0 2 0 0 2 0 0 0 0 0 2 0 0 0 0 0 0 0 2 0 1 0 0 1 2 1 0 0 
0 0 1 0 0 0 0 2 0 0 0 0 0 0 0 0 0 1 1 0 0 0 0 1 0 2 0 0 2 0 0 0 2 0 0 1 1 0 0 0 1 0 0 0 0 0 0 0 0 0 0 2 0 0 2 0 0 2 0 0 0 0 0 2 0 0 0 0 0 0 0 2 0 1 0 0 1 2 1 0 0 
1
0 0 0 0 0 0 0 0 0 
0 0 1 0 1 0 0 2 0 0 0 0 0 0 0 0 0 1 1 0 0 0 0 1 0 2 0 0 2 0 0 0 2 0 0 1 1 0 0 0 1 0 0 0 0 0 0 0 0 0 0 2 0 0 2 0 0 2 0 0 0 0 0 2 0 0 0 0 0 0 0 2 0 1 0 0 1 2 1 0 0 
0 0 1 0 1 0 0 2 0 0 0 0 0 0 0 0 0 1 1 0 0 0 0 1 0 2 0 0 2 0 0 0 2 0 0 1 1 0 0 0 1 0 0 0 0 0 0 0 0 0 0 2 0 0 2 0 0 2 0 0 0 0 0 2 0 0 0 0 0 0 0 2 0 1 0 0 1 2 1 0 0 
1
0 0 0 0 0 0 0 0 0 
0 0 1 0 1 0 0 2 0 0 0 0 2 0 0 0 0 1 1 0 0 0 0 1 0 2 0 0 2 0 0 0 2 0 0 1 1 0 0 0 1 0 0 0 0 0 0 0 0 0 0 2 0 0 2 0 0 2 0 0 0 0 0 2 0 0 0 0 0 0 0 2 0 1 0 0 1 2 1 0 0 
0 0 1 0 1 0 0 2 0 0 0 0 2 0 0 0 0 1 1 0 0 0 0 1 0 2 0 0 2 0 0 0 2 0 0 1 1 0 0 0 1 0 0 0 0 0 0 0 0 0 0 2 0 0 2 0 0 2 0 0 0 0 0 2 0 0 0 0 0 0 0 2 0 1 0 0 1 2 1 0 0 
1
0 0 0 0 0 0 0 0 0 
0 0 1 0 1 0 0 2 0 0 0 0 2 0 0 0 0 1 1 0 0 0 0 1 0 2 0 1 2 0 0 0 2 0 0 1 1 0 0 0 1 0 0 0 0 0 0 0 0 0 0 2 0 0 2 0 0 2 0 0 0 0 0 2 0 0 0 0 0 0 0 2 0 1 0 0 1 2 1 0 0 
0 0 1 0 1 0 0 2 0 0 0 0 2 0 0 0 0 1 1 0 0 0 0 1 0 2 0 1 2 0 0 0 2 0 0 1 1 0 0 0 1 0 0 0 0 0 0 0 0 0 0 2 0 0 2 0 0 2 0 0 0 0 0 2 0 0 0 0 0 0 0 2 0 1 0 0 1 2 1 0 0 
1
0 0 0 0 0 0 0 0 0 
0 0 1 0 1 0 0 2 0 0 2 0 2 0 0 0 0 1 1 0 0 0 0 1 0 2 0 1 2 0 0 0 2 0 0 1 1 0 0 0 1 0 0 0 0 0 0 0 0 0 0 2 0 0 2 0 0 2 0 0 0 0 0 2 0 0 0 0 0 0 0 2 0 1 0 0 1 2 1 0 0 
0 0 1 0 1 0 0 2 0 0 2 0 2 0 0 0 0 1 1 0 0 0 0 1 0 2 0 1 2 0 0 0 2 0 0 1 1 0 0 0 1 0 0 0 0 0 0 0 0 0 0 2 0 0 2 0 0 2 0 0 0 0 0 2 0 0 0 0 0 0 0 2 0 1 0 0 1 2 1 0 0 
1
0 0 0 0 0 0 0 0 0 
0 0 1 0 1 0 0 2 0 0 2 0 2 0 0 0 0 1 1 0 0 0 0 1 0 2 0 1 2 0 0 1 2 0 0 1 1 0 0 0 1 0 0 0 0 0 0 0 0 0 0 2 0 0 2 0 0 2 0 0 0 0 0 2 0 0 0 0 0 0 0 2 0 1 0 0 1 2 1 0 0 
0 0 1 0 1 0 0 2 0 0 2 0 2 0 0 0 0 1 1 0 0 0 0 1 0 2 0 1 2 0 0 1 2 0 0 1 1 0 0 0 1 0 0 0 0 0 0 0 0 0 0 2 0 0 2 0 0 2 0 0 0 0 0 2 0 0 0 0 0 0 0 2 0 1 0 0 1 2 1 0 0 
1
0 0 0 0 0 0 0 0 0 
0 0 1 0 1 0 0 2 0 0 2 0 2 0 2 0 0 1 1 0 0 0 0 1 0 2 0 1 2 0 0 1 2 0 0 1 1 0 0 0 1 0 0 0 0 0 0 0 0 0 0 2 0 0 2 0 0 2 0 0 0 0 0 2 0 0 0 0 0 0 0 2 0 1 0 0 1 2 1 0 0 
0 0 1 0 1 0 0 2 0 0 2 0 2 0 2 0 0 1 1 0 0 0 0 1 0 2 0 1 2 0 0 1 2 0 0 1 1 0 0 0 1 0 0 0 0 0 0 0 0 0 0 2 0 0 2 0 0 2 0 0 0 0 0 2 0 0 0 0 0 0 0 2 0 1 0 0 1 2 1 0 0 
1
0 0 0 0 0 0 0 0 0 
0 0 1 0 1 0 0 2 0 0 2 0 2 0 2 0 0 1 1 0 0 0 0 1 0 2 0 1 2 0 0 1 2 0 1 1 1 0 0 0 1 0 0 0 0 0 0 0 0 0 0 2 0 0 2 0 0 2 0 0 0 0 0 2 0 0 0 0 0 0 0 2 0 1 0 0 1 2 1 0 0 
0 0 1 0 1 0 0 2 0 0 2 0 2 0 2 0 0 1 1 0 0 0 0 1 0 2 0 1 2 0 0 1 2 0 1 1 1 0 0 0 1 0 0 0 0 0 0 0 0 0 0 2 0 0 2 0 0 2 0 0 0 0 0 2 0 0 0 0 0 0 0 2 0 1 0 0 1 2 1 0 0 
1
0 2 0 0 0 0 0 0 0 
0 0 1 0 1 0 0 2 0 0 2 0 2 2 2 0 0 1 1 0 0 0 0 1 0 2 0 1 2 0 0 1 2 0 1 1 1 0 0 0 1 0 0 0 0 0 0 0 0 0 0 2 0 0 2 0 0 2 0 0 0 0 0 2 0 0 0 0 0 0 0 2 0 1 0 0 1 2 1 0 0 
0 0 1 32 33 32 0 2 0 0 2 0 34 34 34 0 0 1 1 0 0 32 32 33 0 2 0 1 2 0 0 1 2 0 1 1 1 0 0 0 1 0 0 0 0 0 0 0 0 0 0 2 0 0 2 0 0 2 0 0 0 0 0 2 0 0 0 0 0 0 0 2 0 1 0 0 1 2 1 0 0 
1
0 2 0 0 1 0 0 0 0 
0 0 1 0 1 0 0 2 0 0 2 0 2 2 2 0 0 1 1 0 0 0 0 1 0 2 0 1 2 0 0 1 2 0 1 1 1 0 0 0 1 0 0 0 0 0 0 0 0 1 0 2 0 0 2 0 0 2 0 0 0 0 0 2 0 0 0 0 0 0 0 2 0 1 0 0 1 2 1 0 0 
0 0 1 32 33 32 0 2 0 0 2 0 34 34 34 0 0 1 1 0 0 32 32 33 0 2 0 1 2 0 16 17 18 0 1 1 1 0 0 16 17 16 0 0 0 0 0 0 16 17 16 2 0 0 2 0 0 2 0 0 0 0 0 2 0 0 0 0 0 0 0 2 0 1 0 0 1 2 1 0 0 
1
0 2 0 0 1 0 0 2 0 
0 0 1 0 1 0 0 2 0 0 2 0 2 2 2 0 0 1 1 0 0 0 0 1 0 2 0 1 2 0 0 1 2 0 1 1 1 0 0 0 1 0 0 0 0 0 0 0 0 1 0 2 0 0 2 0 0 2 0 0 0 0 0 2 0 0 0 2 0 0 0 2 0 1 0 0 1 2 1 0 0 
0 0 1 32 33 32 0 2 0 0 2 0 34 34 34 0 0 1 1 0 0 32 32 33 0 2 0 1 2 0 16 17 18 0 1 1 1 0 0 16 17 16 0 0 0 0 0 0 16 17 16 2 0 0 2 0 0 34 32 32 0 0 0 2 0 0 32 34 32 0 0 2 0 1 0 32 33 34 1 0 0 
1
0 2 0 0 1 1 0 2 0 
0 0 1 0 1 0 0 2 0 0 2 0 2 2 2 0 0 1 1 0 0 0 0 1 0 2 0 1 2 0 0 1 2 1 1 1 1 0 0 0 1 0 0 0 0 0 0 0 0 1 0 2 0 0 2 0 0 2 0 0 0 0 0 2 0 0 0 2 0 0 0 2 0 1 0 0 1 2 1 0 0 
0 0 1 32 33 32 0 2 0 0 2 0 34 34 34 0 0 1 1 0 0 32 32 33 0 2 0 1 2 0 16 17 18 17 17 17 1 0 0 16 17 16 16 16 16 0 0 0 16 17 16 18 16 16 2 0 0 34 32 32 0 0 0 2 0 0 32 34 32 0 0 2 0 1 0 32 33 34 1 0 0 
1
0 2 0 0 1 1 0 2 0 
0 0 1 0 1 0 0 2 0 0 2 0 2 2 2 0 0 1 1 0 2 0 0 1 0 2 0 1 2 0 0 1 2 1 1 1 1 0 0 0 1 0 0 0 0 0 0 0 0 1 0 2 0 0 2 0 0 2 0 0 0 0 0 2 0 0 0 2 0 0 0 2 0 1 0 0 1 2 1 0 0 
0 0 1 32 33 32 0 2 0 0 2 0 34 34 34 0 0 1 1 0 2 32 32 33 0 2 0 1 2 0 16 17 18 17 17 17 1 0 0 16 17 16 16 16 16 0 0 0 16 17 16 18 16 16 2 0 0 34 32 32 0 0 0 2 0 0 32 34 32 0 0 2 0 1 0 32 33 34 1 0 0 
1
0 2 0 0 1 1 0 2 0 
0 0 1 0 1 0 0 2 0 0 2 0 2 2 2 0 0 1 1 0 2 0 0 1 0 2 0 1 2 0 0 1 2 1 1 1 1 0 0 0 1 0 0 0 0 0 0 0 0 1 0 2 0 0 2 0 0 2 0 0 1 0 0 2 0 0 0 2 0 0 0 2 0 1 0 0 1 2 1 0 0 
0 0 1 32 33 32 0 2 0 0 2 0 34 34 34 0 0 1 1 0 2 32 32 33 0 2 0 1 2 0 16 17 18 17 17 17 1 0 0 16 17 16 16 16 16 0 0 0 16 17 16 18 16 16 2 0 0 34 32 32 1 0 0 2 0 0 32 34 32 0 0 2 0 1 0 32 33 34 1 0 0 
1
2 2 0 0 1 1 0 2 0 
2 0 1 0 1 0 0 2 0 0 2 0 2 2 2 0 0 1 1 0 2 0 0 1 0 2 0 1 2 0 0 1 2 1 1 1 1 0 0 0 1 0 0 0 0 0 0 0 0 1 0 2 0 0 2 0 0 2 0 0 1 0 0 2 0 0 0 2 0 0 0 2 0 1 0 0 1 2 1 0 0 
34 32 33 32 33 32 0 2 0 32 34 32 34 34 34 0 0 1 33 32 34 32 32 33 0 2 0 1 2 0 16 17 18 17 17 17 1 0 0 16 17 16 16 16 16 0 0 0 16 17 16 18 16 16 2 0 0 34 32 32 1 0 0 2 0 0 32 34 32 0 0 2 0 1 0 32 33 34 1 0 0 
1
2 2 0 1 1 1 0 2 0 
2 0 1 0 1 0 0 2 0 0 2 0 2 2 2 0 0 1 1 0 2 0 0 1 0 2 0 1 2 0 0 1 2 1 1 1 1 0 0 0 1 0 0 0 0 1 0 0 0 1 0 2 0 0 2 0 0 2 0 0 1 0 0 2 0 0 0 2 0 0 0 2 0 1 0 0 1 2 1 0 0 
34 32 33 32 33 32 0 2 0 32 34 32 34 34 34 0 0 1 33 32 34 32 32 33 0 2 0 17 18 16 16 17 18 17 17 17 17 16 16 16 17 16 16 16 16 17 16 16 16 17 16 18 16 16 2 0 0 34 32 32 1 0 0 2 0 0 32 34 32 0 0 2 0 1 0 32 33 34 1 0 0 
1
2 2 0 1 1 1 0 2 0 
2 0 1 0 1 0 0 2 0 0 2 0 2 2 2 0 0 1 1 0 2 0 0 1 0 2 0 1 2 0 0 1 2 1 1 1 1 0 0 0 1 0 0 0 0 1 0 0 0 1 0 2 0 0 2 0 0 2 0 0 1 0 0 2 0 0 0 2 0 0 0 2 0 1 0 0 1 2 1 0 0 
34 32 33 32 33 32 0 2 0 32 34 32 34 34 34 0 0 1 33 32 34 32 32 33 0 2 0 17 18 16 16 17 18 17 17 17 17 16 16 16 17 16 16 16 16 17 16 16 16 17 16 18 16 16 2 0 0 34 32 32 1 0 0 2 0 0 32 34 32 0 0 2 0 1 0 32 33 34 1 0 0 
1
