0 0 0 0 0 0 0 0 0 
0 0 0 0 0 0 0 0 0 0 0 0 0 0 0 0 0 0 0 0 0 0 0 0 0 0 0 0 0 0 0 0 0 0 0 0 0 0 0 0 1 0 0 0 0 0 0 0 0 0 0 0 0 0 0 0 0 0 0 0 0 0 0 0 0 0 0 0 0 0 0 0 0 0 0 0 0 0 0 0 0 
0 0 0 0 0 0 0 0 0 0 0 0 0 0 0 0 0 0 0 0 0 0 0 0 0 0 0 0 0 0 0 0 0 0 0 0 0 0 0 0 1 0 0 0 0 0 0 0 0 0 0 0 0 0 0 0 0 0 0 0 0 0 0 0 0 0 0 0 0 0 0 0 0 0 0 0 0 0 0 0 0 
1
0 0 0 0 0 0 0 0 0 
0 0 0 0 0 0 0 0 0 0 0 0 0 0 0 0 0 0 0 0 0 0 0 0 0 0 0 0 0 0 2 0 0 0 0 0 0 0 0 0 1 0 0 0 0 0 0 0 0 0 0 0 0 0 0 0 0 0 0 0 0 0 0 0 0 0 0 0 0 0 0 0 0 0 0 0 0 0 0 0 0 
0 0 0 0 0 0 0 0 0 0 0 0 0 0 0 0 0 0 0 0 0 0 0 0 0 0 0 0 0 0 2 0 0 0 0 0 0 0 0 0 1 0 0 0 0 0 0 0 0 0 0 0 0 0 0 0 0 0 0 0 0 0 0 0 0 0 0 0 0 0 0 0 0 0 0 0 0 0 0 0 0 
1
0 0 0 0 0 0 0 0 0 
0 0 0 0 0 0 0 0 0 0 0 0 0 0 0 0 0 0 1 0 0 0 0 0 0 0 0 0 0 0 2 0 0 0 0 0 0 0 0 0 1 0 0 0 0 0 0 0 0 0 0 0 0 0 0 0 0 0 0 0 0 0 0 0 0 0 0 0 0 0 0 0 0 0 0 0 0 0 0 0 0 
0 0 0 0 0 0 0 0 0 0 0 0 0 0 0 0 0 0 1 0 0 0 0 0 0 0 0 0 0 0 2 0 0 0 0 0 0 0 0 0 1 0 0 0 0 0 0 0 0 0 0 0 0 0 0 0 0 0 0 0 0 0 0 0 0 0 0 0 0 0 0 0 0 0 0 0 0 0 0 0 0 
1
0 0 0 0 0 0 0 0 0 
0 0 0 0 0 0 0 0 0 0 0 0 0 0 0 0 0 0 1 0 0 0 0 0 0 0 0 0 0 0 2 0 0 0 0 0 0 0 0 0 1 0 0 0 0 0 0 0 0 0 0 0 0 0 0 0 2 0 0 0 0 0 0 0 0 0 0 0 0 0 0 0 0 0 0 0 0 0 0 0 0 
0 0 0 0 0 0 0 0 0 0 0 0 0 0 0 0 0 0 1 0 0 0 0 0 0 0 0 0 0 0 2 0 0 0 0 0 0 0 0 0 1 0 0 0 0 0 0 0 0 0 0 0 0 0 0 0 2 0 0 0 0 0 0 0 0 0 0 0 0 0 0 0 0 0 0 0 0 0 0 0 0 
1
0 0 0 0 0 0 0 0 0 
0 0 0 0 0 0 1 0 0 0 0 0 0 0 0 0 0 0 1 0 0 0 0 0 0 0 0 0 0 0 2 0 0 0 0 0 0 0 0 0 1 0 0 0 0 0 0 0 0 0 0 0 0 0 0 0 2 0 0 0 0 0 0 0 0 0 0 0 0 0 0 0 0 0 0 0 0 0 0 0 0 
0 0 0 0 0 0 1 0 0 0 0 0 0 0 0 0 0 0 1 0 0 0 0 0 0 0 0 0 0 0 2 0 0 0 0 0 0 0 0 0 1 0 0 0 0 0 0 0 0 0 0 0 0 0 0 0 2 0 0 0 0 0 0 0 0 0 0 0 0 0 0 0 0 0 0 0 0 0 0 0 0 
1
0 0 0 0 0 0 0 0 0 
0 2 0 0 0 0 1 0 0 0 0 0 0 0 0 0 0 0 1 0 0 0 0 0 0 0 0 0 0 0 2 0 0 0 0 0 0 0 0 0 1 0 0 0 0 0 0 0 0 0 0 0 0 0 0 0 2 0 0 0 0 0 0 0 0 0 0 0 0 0 0 0 0 0 0 0 0 0 0 0 0 
0 2 0 0 0 0 1 0 0 0 0 0 0 0 0 0 0 0 1 0 0 0 0 0 0 0 0 0 0 0 2 0 0 0 0 0 0 0 0 0 1 0 0 0 0 0 0 0 0 0 0 0 0 0 0 0 2 0 0 0 0 0 0 0 0 0 0 0 0 0 0 0 0 0 0 0 0 0 0 0 0 
1
0 0 0 0 0 0 0 0 0 
0 2 0 0 0 0 1 0 0 0 0 0 0 0 0 0 0 0 1 0 0 1 0 0 0 0 0 0 0 0 2 0 0 0 0 0 0 0 0 0 1 0 0 0 0 0 0 0 0 0 0 0 0 0 0 0 2 0 0 0 0 0 0 0 0 0 0 0 0 0 0 0 0 0 0 0 0 0 0 0 0 
0 2 0 0 0 0 1 0 0 0 0 0 0 0 0 0 0 0 1 0 0 1 0 0 0 0 0 0 0 0 2 0 0 0 0 0 0 0 0 0 1 0 0 0 0 0 0 0 0 0 0 0 0 0 0 0 2 0 0 0 0 0 0 0 0 0 0 0 0 0 0 0 0 0 0 0 0 0 0 0 0 
1
0 0 0 0 0 0 0 0 0 
0 2 0 0 0 0 1 0 0 0 0 0 0 0 0 0 0 0 1 0 0 1 0 0 0 0 0 0 0 0 2 0 0 0 0 0 0 0 0 0 1 0 0 0 0 0 0 0 0 0 0 0 0 0 0 0 2 0 0 0 0 0 0 0 0 2 0 0 0 0 0 0 0 0 0 0 0 0 0 0 0 
0 2 0 0 0 0 1 0 0 0 0 0 0 0 0 0 0 0 1 0 0 1 0 0 0 0 0 0 0 0 2 0 0 0 0 0 0 0 0 0 1 0 0 0 0 0 0 0 0 0 0 0 0 0 0 0 2 0 0 0 0 0 0 0 0 2 0 0 0 0 0 0 0 0 0 0 0 0 0 0 0 
1
0 0 0 0 0 0 0 0 0 
0 2 0 0 0 0 1 0 0 0 0 0 0 0 0 0 0 0 1 0 0 1 0 0 0 0 0 0 0 0 2 0 0 0 0 0 0 0 0 0 1 0 0 0 0 0 0 0 0 0 0 0 1 0 0 0 2 0 0 0 0 0 0 0 0 2 0 0 0 0 0 0 0 0 0 0 0 0 0 0 0 
0 2 0 0 0 0 1 0 0 0 0 0 0 0 0 0 0 0 1 0 0 1 0 0 0 0 0 0 0 0 2 0 0 0 0 0 0 0 0 0 1 0 0 0 0 0 0 0 0 0 0 0 1 0 0 0 2 0 0 0 0 0 0 0 0 2 0 0 0 0 0 0 0 0 0 0 0 0 0 0 0 
1
0 0 0 0 0 0 0 0 0 
0 2 0 0 0 0 1 0 0 0 0 0 0 0 0 0 0 0 1 0 0 1 0 0 0 0 0 0 0 0 2 0 0 0 0 0 0 0 0 0 1 0 0 0 0 0 0 0 0 0 0 0 1 0 0 0 2 0 0 0 0 0 0 0 0 2 0 0 0 0 0 0 0 0 0 0 2 0 0 0 0 
0 2 0 0 0 0 1 0 0 0 0 0 0 0 0 0 0 0 1 0 0 1 0 0 0 0 0 0 0 0 2 0 0 0 0 0 0 0 0 0 1 0 0 0 0 0 0 0 0 0 0 0 1 0 0 0 2 0 0 0 0 0 0 0 0 2 0 0 0 0 0 0 0 0 0 0 2 0 0 0 0 
1
0 0 0 0 0 0 0 0 0 
0 2 0 0 0 0 1 0 0 0 0 0 0 0 0 0 0 0 1 0 0 1 0 0 0 0 0 0 0 0 2 0 0 0 0 0 0 0 0 0 1 0 0 0 0 0 0 0 0 0 0 0 1 0 0 0 2 0 0 0 0 0 0 0 0 2 0 0 1 0 0 0 0 0 0 0 2 0 0 0 0 
0 2 0 0 0 0 1 0 0 0 0 0 0 0 0 0 0 0 1 0 0 1 0 0 0 0 0 0 0 0 2 0 0 0 0 0 0 0 0 0 1 0 0 0 0 0 0 0 0 0 0 0 1 0 0 0 2 0 0 0 0 0 0 0 0 2 0 0 1 0 0 0 0 0 0 0 2 0 0 0 0 
1
0 0 0 0 0 0 0 0 0 
0 2 0 0 0 0 1 0 0 0 0 0 0 0 0 0 0 0 1 0 0 1 0 0 0 0 0 0 0 0 2 0 0 0 0 0 0 0 0 0 1 0 2 0 0 0 0 0 0 0 0 0 1 0 0 0 2 0 0 0 0 0 0 0 0 2 0 0 1 0 0 0 0 0 0 0 2 0 0 0 0 
0 2 0 0 0 0 1 0 0 0 0 0 0 0 0 0 0 0 1 0 0 1 0 0 0 0 0 0 0 0 2 0 0 0 0 0 0 0 0 0 1 0 2 0 0 0 0 0 0 0 0 0 1 0 0 0 2 0 0 0 0 0 0 0 0 2 0 0 1 0 0 0 0 0 0 0 2 0 0 0 0 
1
0 0 0 0 0 0 0 0 0 
0 2 0 0 0 0 1 0 0 0 0 0 0 0 0 0 0 0 1 0 0 1 0 0 0 0 0 0 1 0 2 0 0 0 0 0 0 0 0 0 1 0 2 0 0 0 0 0 0 0 0 0 1 0 0 0 2 0 0 0 0 0 0 0 0 2 0 0 1 0 0 0 0 0 0 0 2 0 0 0 0 
0 2 0 0 0 0 1 0 0 0 0 0 0 0 0 0 0 0 1 0 0 1 0 0 0 0 0 0 1 0 2 0 0 0 0 0 0 0 0 0 1 0 2 0 0 0 0 0 0 0 0 0 1 0 0 0 2 0 0 0 0 0 0 0 0 2 0 0 1 0 0 0 0 0 0 0 2 0 0 0 0 
1
0 0 0 0 0 0 0 0 0 
0 2 0 0 0 0 1 0 0 0 0 0 0 0 0 0 0 0 1 0 0 1 0 2 0 0 0 0 1 0 2 0 0 0 0 0 0 0 0 0 1 0 2 0 0 0 0 0 0 0 0 0 1 0 0 0 2 0 0 0 0 0 0 0 0 2 0 0 1 0 0 0 0 0 0 0 2 0 0 0 0 
0 2 0 0 0 0 1 0 0 0 0 0 0 0 0 0 0 0 1 0 0 1 0 2 0 0 0 0 1 0 2 0 0 0 0 0 0 0 0 0 1 0 2 0 0 0 0 0 0 0 0 0 1 0 0 0 2 0 0 0 0 0 0 0 0 2 0 0 1 0 0 0 0 0 0 0 2 0 0 0 0 
1
0 0 0 0 0 0 0 0 0 
0 2 0 0 0 0 1 0 0 0 0 0 0 0 0 0 0 0 1 0 0 1 0 2 0 0 0 0 1 0 2 0 0 0 0 0 0 0 0 0 1 0 2 0 0 0 0 0 0 0 0 0 1 0 0 0 2 0 0 0 0 0 0 0 0 2 0 0 1 0 0 0 0 0 0 0 2 0 0 0 1 
0 2 0 0 0 0 1 0 0 0 0 0 0 0 0 0 0 0 1 0 0 1 0 2 0 0 0 0 1 0 2 0 0 0 0 0 0 0 0 0 1 0 2 0 0 0 0 0 0 0 0 0 1 0 0 0 2 0 0 0 0 0 0 0 0 2 0 0 1 0 0 0 0 0 0 0 2 0 0 0 1 
1
0 0 0 0 0 0 0 0 0 
0 2 0 0 0 0 1 0 0 0 0 0 0 0 0 0 0 0 1 0 0 1 0 2 0 0 0 0 1 0 2 0 0 0 0 0 0 0 0 0 1 0 2 0 0 0 0 0 0 0 0 0 1 0 0 0 2 0 0 0 0 0 2 0 0 2 0 0 1 0 0 0 0 0 0 0 2 0 0 0 1 
0 2 0 0 0 0 1 0 0 0 0 0 0 0 0 0 0 0 1 0 0 1 0 2 0 0 0 0 1 0 2 0 0 0 0 0 0 0 0 0 1 0 2 0 0 0 0 0 0 0 0 0 1 0 0 0 2 0 0 0 0 0 2 0 0 2 0 0 1 0 0 0 0 0 0 0 2 0 0 0 1 
1
0 0 0 0 0 0 0 0 0 
0 2 0 0 0 0 1 0 0 0 0 0 0 0 0 1 0 0 1 0 0 1 0 2 0 0 0 0 1 0 2 0 0 0 0 0 0 0 0 0 1 0 2 0 0 0 0 0 0 0 0 0 1 0 0 0 2 0 0 0 0 0 2 0 0 2 0 0 1 0 0 0 0 0 0 0 2 0 0 0 1 
0 2 0 0 0 0 1 0 0 0 0 0 0 0 0 1 0 0 1 0 0 1 0 2 0 0 0 0 1 0 2 0 0 0 0 0 0 0 0 0 1 0 2 0 0 0 0 0 0 0 0 0 1 0 0 0 2 0 0 0 0 0 2 0 0 2 0 0 1 0 0 0 0 0 0 0 2 0 0 0 1 
1
0 0 0 0 0 0 0 0 0 
0 2 0 0 0 0 1 0 0 0 0 0 0 0 0 1 0 0 1 0 0 1 0 2 0 0 0 0 1 0 2 0 0 0 0 0 0 2 0 0 1 0 2 0 0 0 0 0 0 0 0 0 1 0 0 0 2 0 0 0 0 0 2 0 0 2 0 0 1 0 0 0 0 0 0 0 2 0 0 0 1 
0 2 0 0 0 0 1 0 0 0 0 0 0 0 0 1 0 0 1 0 0 1 0 2 0 0 0 0 1 0 2 0 0 0 0 0 0 2 0 0 1 0 2 0 0 0 0 0 0 0 0 0 1 0 0 0 2 0 0 0 0 0 2 0 0 2 0 0 1 0 0 0 0 0 0 0 2 0 0 0 1 
1
0 0 0 0 0 0 0 0 0 
0 2 0 0 0 0 1 0 0 0 0 0 0 0 0 1 0 0 1 0 0 1 0 2 0 0 0 0 1 0 2 0 0 0 0 0 0 2 0 1 1 0 2 0 0 0 0 0 0 0 0 0 1 0 0 0 2 0 0 0 0 0 2 0 0 2 0 0 1 0 0 0 0 0 0 0 2 0 0 0 1 
0 2 0 0 0 0 1 0 0 0 0 0 0 0 0 1 0 0 1 0 0 1 0 2 0 0 0 0 1 0 2 0 0 0 0 0 0 2 0 1 1 0 2 0 0 0 0 0 0 0 0 0 1 0 0 0 2 0 0 0 0 0 2 0 0 2 0 0 1 0 0 0 0 0 0 0 2 0 0 0 1 
1
0 0 0 0 0 0 0 0 0 
0 2 0 0 0 0 1 0 0 0 0 0 0 0 0 1 0 0 1 0 0 1 0 2 0 0 0 2 1 0 2 0 0 0 0 0 0 2 0 1 1 0 2 0 0 0 0 0 0 0 0 0 1 0 0 0 2 0 0 0 0 0 2 0 0 2 0 0 1 0 0 0 0 0 0 0 2 0 0 0 1 
0 2 0 0 0 0 1 0 0 0 0 0 0 0 0 1 0 0 1 0 0 1 0 2 0 0 0 2 1 0 2 0 0 0 0 0 0 2 0 1 1 0 2 0 0 0 0 0 0 0 0 0 1 0 0 0 2 0 0 0 0 0 2 0 0 2 0 0 1 0 0 0 0 0 0 0 2 0 0 0 1 
1
0 0 0 0 0 0 0 0 0 
0 2 0 0 0 0 1 0 0 1 0 0 0 0 0 1 0 0 1 0 0 1 0 2 0 0 0 2 1 0 2 0 0 0 0 0 0 2 0 1 1 0 2 0 0 0 0 0 0 0 0 0 1 0 0 0 2 0 0 0 0 0 2 0 0 2 0 0 1 0 0 0 0 0 0 0 2 0 0 0 1 
0 2 0 0 0 0 1 0 0 1 0 0 0 0 0 1 0 0 1 0 0 1 0 2 0 0 0 2 1 0 2 0 0 0 0 0 0 2 0 1 1 0 2 0 0 0 0 0 0 0 0 0 1 0 0 0 2 0 0 0 0 0 2 0 0 2 0 0 1 0 0 0 0 0 0 0 2 0 0 0 1 
1
0 0 0 2 0 0 0 0 0 
0 2 0 0 0 0 1 0 0 1 0 0 0 0 0 1 0 0 1 0 0 1 0 2 0 0 0 2 1 0 2 0 0 0 0 0 0 2 0 1 1 0 2 0 0 0 0 2 0 0 0 0 1 0 0 0 2 0 0 0 0 0 2 0 0 2 0 0 1 0 0 0 0 0 0 0 2 0 0 0 1 
0 2 0 0 0 0 1 0 0 1 0 0 0 0 0 1 0 0 1 0 0 1 0 2 0 0 0 34 33 32 2 0 0 0 0 0 32 34 32 1 1 0 2 0 0 32 32 34 0 0 0 0 1 0 0 0 2 0 0 0 0 0 2 0 0 2 0 0 1 0 0 0 0 0 0 0 2 0 0 0 1 
1
0 0 0 2 0 0 0 0 0 
0 2 0 0 0 0 1 0 0 1 0 0 0 0 0 1 0 0 1 0 0 1 0 2 0 0 0 2 1 0 2 0 0 0 0 0 0 2 0 1 1 0 2 0 0 0 0 2 0 0 0 0 1 0 0 0 2 0 0 0 0 0 2 0 0 2 0 0 1 0 0 0 0 0 0 0 2 0 1 0 1 
0 2 0 0 0 0 1 0 0 1 0 0 0 0 0 1 0 0 1 0 0 1 0 2 0 0 0 34 33 32 2 0 0 0 0 0 32 34 32 1 1 0 2 0 0 32 32 34 0 0 0 0 1 0 0 0 2 0 0 0 0 0 2 0 0 2 0 0 1 0 0 0 0 0 0 0 2 0 1 0 1 
1
0 0 0 2 0 0 2 0 0 
0 2 0 0 0 0 1 0 0 1 0 0 0 0 0 1 0 0 1 0 0 1 0 2 0 0 0 2 1 0 2 0 0 0 0 0 0 2 0 1 1 0 2 0 0 0 0 2 0 0 0 0 1 0 0 0 2 0 0 0 0 0 2 0 0 2 0 0 1 0 0 0 0 0 2 0 2 0 1 0 1 
0 2 0 0 0 0 1 0 0 1 0 0 0 0 0 1 0 0 1 0 0 1 0 2 0 0 0 34 33 32 2 0 0 0 0 0 32 34 32 1 1 0 2 0 0 32 32 34 0 0 0 0 1 0 32 32 34 0 0 0 0 0 2 32 32 34 0 0 1 0 0 0 32 32 34 0 2 0 1 0 1 
1
0 0 0 2 0 0 2 0 1 
0 2 0 0 0 0 1 0 0 1 0 0 0 0 0 1 0 0 1 0 0 1 0 2 0 0 0 2 1 0 2 0 0 0 0 0 0 2 0 1 1 0 2 0 0 0 0 2 0 0 0 0 1 0 0 0 2 0 0 0 0 0 2 0 0 2 0 0 1 0 0 0 0 0 2 0 2 0 1 1 1 
0 2 0 0 0 0 1 0 0 1 0 0 0 0 0 1 0 0 1 0 0 1 0 2 0 0 0 34 33 32 2 0 0 0 0 0 32 34 32 1 1 0 2 0 0 32 32 34 0 0 0 0 1 0 32 32 34 0 0 0 16 16 18 32 32 34 0 0 1 16 16 16 32 32 34 0 2 0 17 17 17 
1
0 0 0 2 0 0 2 0 1 
0 2 0 0 0 0 1 0 0 1 0 0 0 0 0 1 0 0 1 0 0 1 0 2 0 0 0 2 1 0 2 0 0 0 0 0 0 2 0 1 1 0 2 0 0 0 0 2 0 0 0 0 1 0 0 0 2 0 2 0 0 0 2 0 0 2 0 0 1 0 0 0 0 0 2 0 2 0 1 1 1 
0 2 0 0 0 0 1 0 0 1 0 0 0 0 0 1 0 0 1 0 0 1 0 2 0 0 0 34 33 32 2 0 0 0 0 0 32 34 32 1 1 0 2 0 0 32 32 34 0 0 0 0 1 0 32 32 34 0 2 0 16 16 18 32 32 34 0 0 1 16 16 16 32 32 34 0 2 0 17 17 17 
1
0 0 0 2 0 0 2 0 1 
0 2 0 0 0 0 1 0 0 1 0 0 0 0 0 1 0 0 1 0 0 1 1 2 0 0 0 2 1 0 2 0 0 0 0 0 0 2 0 1 1 0 2 0 0 0 0 2 0 0 0 0 1 0 0 0 2 0 2 0 0 0 2 0 0 2 0 0 1 0 0 0 0 0 2 0 2 0 1 1 1 
0 2 0 0 0 0 1 0 0 1 0 0 0 0 0 1 0 0 1 0 0 1 1 2 0 0 0 34 33 32 2 0 0 0 0 0 32 34 32 1 1 0 2 0 0 32 32 34 0 0 0 0 1 0 32 32 34 0 2 0 16 16 18 32 32 34 0 0 1 16 16 16 32 32 34 0 2 0 17 17 17 
1
0 0 0 2 0 0 2 2 1 
0 2 0 0 0 0 1 0 0 1 0 0 0 0 0 1 0 0 1 0 0 1 1 2 0 0 0 2 1 0 2 0 0 0 0 0 0 2 0 1 1 0 2 0 0 0 0 2 0 0 0 0 1 0 0 0 2 0 2 0 0 0 2 0 0 2 0 2 1 0 0 0 0 0 2 0 2 0 1 1 1 
0 2 0 0 0 0 1 0 0 1 0 0 0 0 0 1 0 0 1 0 0 1 1 2 0 0 0 34 33 32 2 0 0 0 0 0 32 34 32 1 1 0 2 0 0 32 32 34 0 0 0 0 1 0 32 32 34 32 34 32 16 16 18 32 32 34 32 34 33 16 16 16 32 32 34 32 34 32 17 17 17 
1
0 0 0 2 1 0 2 2 1 
0 2 0 0 0 0 1 0 0 1 0 0 0 0 0 1 0 0 1 0 0 1 1 2 0 0 0 2 1 0 2 0 0 0 0 0 0 2 0 1 1 1 2 0 0 0 0 2 0 0 0 0 1 0 0 0 2 0 2 0 0 0 2 0 0 2 0 2 1 0 0 0 0 0 2 0 2 0 1 1 1 
0 2 0 0 0 0 1 0 0 1 0 0 0 0 0 1 0 0 1 0 0 1 1 2 0 0 0 34 33 32 18 16 16 0 0 0 32 34 32 17 17 17 2 0 0 32 32 34 16 16 16 0 1 0 32 32 34 32 34 32 16 16 18 32 32 34 32 34 33 16 16 16 32 32 34 32 34 32 17 17 17 
1
0 0 0 2 1 0 2 2 1 
0 2 0 0 0 0 1 0 0 1 0 0 0 0 0 1 0 0 1 0 0 1 1 2 0 0 0 2 1 0 2 0 0 0 2 0 0 2 0 1 1 1 2 0 0 0 0 2 0 0 0 0 1 0 0 0 2 0 2 0 0 0 2 0 0 2 0 2 1 0 0 0 0 0 2 0 2 0 1 1 1 
0 2 0 0 0 0 1 0 0 1 0 0 0 0 0 1 0 0 1 0 0 1 1 2 0 0 0 34 33 32 18 16 16 0 2 0 32 34 32 17 17 17 2 0 0 32 32 34 16 16 16 0 1 0 32 32 34 32 34 32 16 16 18 32 32 34 32 34 33 16 16 16 32 32 34 32 34 32 17 17 17 
1
0 0 0 2 1 0 2 2 1 
0 2 0 0 1 0 1 0 0 1 0 0 0 0 0 1 0 0 1 0 0 1 1 2 0 0 0 2 1 0 2 0 0 0 2 0 0 2 0 1 1 1 2 0 0 0 0 2 0 0 0 0 1 0 0 0 2 0 2 0 0 0 2 0 0 2 0 2 1 0 0 0 0 0 2 0 2 0 1 1 1 
0 2 0 0 1 0 1 0 0 1 0 0 0 0 0 1 0 0 1 0 0 1 1 2 0 0 0 34 33 32 18 16 16 0 2 0 32 34 32 17 17 17 2 0 0 32 32 34 16 16 16 0 1 0 32 32 34 32 34 32 16 16 18 32 32 34 32 34 33 16 16 16 32 32 34 32 34 32 17 17 17 
1
0 0 0 2 1 0 2 2 1 
0 2 0 0 1 2 1 0 0 1 0 0 0 0 0 1 0 0 1 0 0 1 1 2 0 0 0 2 1 0 2 0 0 0 2 0 0 2 0 1 1 1 2 0 0 0 0 2 0 0 0 0 1 0 0 0 2 0 2 0 0 0 2 0 0 2 0 2 1 0 0 0 0 0 2 0 2 0 1 1 1 
0 2 0 0 1 2 1 0 0 1 0 0 0 0 0 1 0 0 1 0 0 1 1 2 0 0 0 34 33 32 18 16 16 0 2 0 32 34 32 17 17 17 2 0 0 32 32 34 16 16 16 0 1 0 32 32 34 32 34 32 16 16 18 32 32 34 32 34 33 16 16 16 32 32 34 32 34 32 17 17 17 
1
0 0 0 2 1 0 2 2 1 
0 2 0 0 1 2 1 1 0 1 0 0 0 0 0 1 0 0 1 0 0 1 1 2 0 0 0 2 1 0 2 0 0 0 2 0 0 2 0 1 1 1 2 0 0 0 0 2 0 0 0 0 1 0 0 0 2 0 2 0 0 0 2 0 0 2 0 2 1 0 0 0 0 0 2 0 2 0 1 1 1 
0 2 0 0 1 2 1 1 0 1 0 0 0 0 0 1 0 0 1 0 0 1 1 2 0 0 0 34 33 32 18 16 16 0 2 0 32 34 32 17 17 17 2 0 0 32 32 34 16 16 16 0 1 0 32 32 34 32 34 32 16 16 18 32 32 34 32 34 33 16 16 16 32 32 34 32 34 32 17 17 17 
1
0 0 0 2 1 0 2 2 1 
0 2 0 2 1 2 1 1 0 1 0 0 0 0 0 1 0 0 1 0 0 1 1 2 0 0 0 2 1 0 2 0 0 0 2 0 0 2 0 1 1 1 2 0 0 0 0 2 0 0 0 0 1 0 0 0 2 0 2 0 0 0 2 0 0 2 0 2 1 0 0 0 0 0 2 0 2 0 1 1 1 
0 2 0 2 1 2 1 1 0 1 0 0 0 0 0 1 0 0 1 0 0 1 1 2 0 0 0 34 33 32 18 16 16 0 2 0 32 34 32 17 17 17 2 0 0 32 32 34 16 16 16 0 1 0 32 32 34 32 34 32 16 16 18 32 32 34 32 34 33 16 16 16 32 32 34 32 34 32 17 17 17 
1
1 0 0 2 1 0 2 2 1 
1 2 0 2 1 2 1 1 0 1 0 0 0 0 0 1 0 0 1 0 0 1 1 2 0 0 0 2 1 0 2 0 0 0 2 0 0 2 0 1 1 1 2 0 0 0 0 2 0 0 0 0 1 0 0 0 2 0 2 0 0 0 2 0 0 2 0 2 1 0 0 0 0 0 2 0 2 0 1 1 1 
17 18 16 2 1 2 1 1 0 17 16 16 0 0 0 1 0 0 17 16 16 1 1 2 0 0 0 34 33 32 18 16 16 0 2 0 32 34 32 17 17 17 2 0 0 32 32 34 16 16 16 0 1 0 32 32 34 32 34 32 16 16 18 32 32 34 32 34 33 16 16 16 32 32 34 32 34 32 17 17 17 
1
1 0 0 2 1 0 2 2 1 
1 2 0 2 1 2 1 1 0 1 0 0 0 0 0 1 0 0 1 0 0 1 1 2 0 0 0 2 1 0 2 0 0 0 2 0 0 2 0 1 1 1 2 0 0 0 0 2 0 0 0 0 1 0 0 0 2 0 2 0 0 0 2 0 0 2 0 2 1 0 0 0 0 0 2 0 2 0 1 1 1 
17 18 16 2 1 2 1 1 0 17 16 16 0 0 0 1 0 0 17 16 16 1 1 2 0 0 0 34 33 32 18 16 16 0 2 0 32 34 32 17 17 17 2 0 0 32 32 34 16 16 16 0 1 0 32 32 34 32 34 32 16 16 18 32 32 34 32 34 33 16 16 16 32 32 34 32 34 32 17 17 17 
1
