0 0 0 0 0 0 0 0 0 
0 0 0 0 0 0 0 0 0 0 0 0 0 0 0 0 0 0 0 0 0 0 0 0 0 0 0 0 0 0 0 0 0 0 0 0 0 0 0 0 1 0 0 0 0 0 0 0 0 0 0 0 0 0 0 0 0 0 0 0 0 0 0 0 0 0 0 0 0 0 0 0 0 0 0 0 0 0 0 0 0 
0 0 0 0 0 0 0 0 0 0 0 0 0 0 0 0 0 0 0 0 0 0 0 0 0 0 0 0 0 0 0 0 0 0 0 0 0 0 0 0 1 0 0 0 0 0 0 0 0 0 0 0 0 0 0 0 0 0 0 0 0 0 0 0 0 0 0 0 0 0 0 0 0 0 0 0 0 0 0 0 0 
1
0 0 0 0 0 0 0 0 0 
0 0 0 0 0 0 0 0 0 0 0 0 0 0 0 0 0 0 0 0 0 0 0 0 0 0 0 0 0 0 0 0 0 0 0 0 0 0 0 0 1 0 0 0 0 0 0 0 2 0 0 0 0 0 0 0 0 0 0 0 0 0 0 0 0 0 0 0 0 0 0 0 0 0 0 0 0 0 0 0 0 
0 0 0 0 0 0 0 0 0 0 0 0 0 0 0 0 0 0 0 0 0 0 0 0 0 0 0 0 0 0 0 0 0 0 0 0 0 0 0 0 1 0 0 0 0 0 0 0 2 0 0 0 0 0 0 0 0 0 0 0 0 0 0 0 0 0 0 0 0 0 0 0 0 0 0 0 0 0 0 0 0 
1
0 0 0 0 0 0 0 0 0 
0 0 0 0 0 0 0 0 0 0 0 0 0 0 0 0 0 0 0 0 0 0 0 0 0 0 0 0 0 0 0 0 0 0 0 0 0 0 0 0 1 0 0 0 0 0 0 0 2 0 0 0 0 0 0 0 0 0 0 0 0 0 0 0 0 0 0 0 0 0 0 0 1 0 0 0 0 0 0 0 0 
0 0 0 0 0 0 0 0 0 0 0 0 0 0 0 0 0 0 0 0 0 0 0 0 0 0 0 0 0 0 0 0 0 0 0 0 0 0 0 0 1 0 0 0 0 0 0 0 2 0 0 0 0 0 0 0 0 0 0 0 0 0 0 0 0 0 0 0 0 0 0 0 1 0 0 0 0 0 0 0 0 
1
0 0 0 0 0 0 0 0 0 
0 0 0 0 0 0 0 0 0 0 0 0 0 0 0 0 0 0 0 0 0 0 0 0 0 0 0 0 0 0 0 0 0 0 0 0 0 0 0 0 1 0 0 0 0 0 0 0 2 0 0 0 0 0 0 2 0 0 0 0 0 0 0 0 0 0 0 0 0 0 0 0 1 0 0 0 0 0 0 0 0 
0 0 0 0 0 0 0 0 0 0 0 0 0 0 0 0 0 0 0 0 0 0 0 0 0 0 0 0 0 0 0 0 0 0 0 0 0 0 0 0 1 0 0 0 0 0 0 0 2 0 0 0 0 0 0 2 0 0 0 0 0 0 0 0 0 0 0 0 0 0 0 0 1 0 0 0 0 0 0 0 0 
1
0 0 0 0 0 0 0 0 0 
0 0 0 0 0 0 0 0 0 0 0 0 0 0 1 0 0 0 0 0 0 0 0 0 0 0 0 0 0 0 0 0 0 0 0 0 0 0 0 0 1 0 0 0 0 0 0 0 2 0 0 0 0 0 0 2 0 0 0 0 0 0 0 0 0 0 0 0 0 0 0 0 1 0 0 0 0 0 0 0 0 
0 0 0 0 0 0 0 0 0 0 0 0 0 0 1 0 0 0 0 0 0 0 0 0 0 0 0 0 0 0 0 0 0 0 0 0 0 0 0 0 1 0 0 0 0 0 0 0 2 0 0 0 0 0 0 2 0 0 0 0 0 0 0 0 0 0 0 0 0 0 0 0 1 0 0 0 0 0 0 0 0 
1
0 0 0 0 0 0 0 0 0 
0 0 0 0 0 0 0 0 0 0 0 0 0 0 1 0 0 0 0 0 0 0 0 0 0 0 0 0 0 0 0 0 0 0 0 0 0 0 0 0 1 0 0 0 2 0 0 0 2 0 0 0 0 0 0 2 0 0 0 0 0 0 0 0 0 0 0 0 0 0 0 0 1 0 0 0 0 0 0 0 0 
0 0 0 0 0 0 0 0 0 0 0 0 0 0 1 0 0 0 0 0 0 0 0 0 0 0 0 0 0 0 0 0 0 0 0 0 0 0 0 0 1 0 0 0 2 0 0 0 2 0 0 0 0 0 0 2 0 0 0 0 0 0 0 0 0 0 0 0 0 0 0 0 1 0 0 0 0 0 0 0 0 
1
0 0 0 0 0 0 0 0 0 
0 0 0 0 0 0 0 0 0 0 0 0 0 0 1 0 0 0 0 0 0 0 0 0 0 0 0 0 0 0 0 0 0 0 0 0 0 0 0 0 1 0 1 0 2 0 0 0 2 0 0 0 0 0 0 2 0 0 0 0 0 0 0 0 0 0 0 0 0 0 0 0 1 0 0 0 0 0 0 0 0 
0 0 0 0 0 0 0 0 0 0 0 0 0 0 1 0 0 0 0 0 0 0 0 0 0 0 0 0 0 0 0 0 0 0 0 0 0 0 0 0 1 0 1 0 2 0 0 0 2 0 0 0 0 0 0 2 0 0 0 0 0 0 0 0 0 0 0 0 0 0 0 0 1 0 0 0 0 0 0 0 0 
1
0 0 0 0 0 0 0 0 0 
0 0 0 0 0 0 0 0 0 0 0 0 0 0 1 0 0 0 0 0 0 0 0 0 0 0 0 0 2 0 0 0 0 0 0 0 0 0 0 0 1 0 1 0 2 0 0 0 2 0 0 0 0 0 0 2 0 0 0 0 0 0 0 0 0 0 0 0 0 0 0 0 1 0 0 0 0 0 0 0 0 
0 0 0 0 0 0 0 0 0 0 0 0 0 0 1 0 0 0 0 0 0 0 0 0 0 0 0 0 2 0 0 0 0 0 0 0 0 0 0 0 1 0 1 0 2 0 0 0 2 0 0 0 0 0 0 2 0 0 0 0 0 0 0 0 0 0 0 0 0 0 0 0 1 0 0 0 0 0 0 0 0 
1
0 0 0 0 0 0 0 0 0 
0 0 0 0 0 1 0 0 0 0 0 0 0 0 1 0 0 0 0 0 0 0 0 0 0 0 0 0 2 0 0 0 0 0 0 0 0 0 0 0 1 0 1 0 2 0 0 0 2 0 0 0 0 0 0 2 0 0 0 0 0 0 0 0 0 0 0 0 0 0 0 0 1 0 0 0 0 0 0 0 0 
0 0 0 0 0 1 0 0 0 0 0 0 0 0 1 0 0 0 0 0 0 0 0 0 0 0 0 0 2 0 0 0 0 0 0 0 0 0 0 0 1 0 1 0 2 0 0 0 2 0 0 0 0 0 0 2 0 0 0 0 0 0 0 0 0 0 0 0 0 0 0 0 1 0 0 0 0 0 0 0 0 
1
0 0 0 0 0 0 0 0 0 
0 0 0 0 0 1 0 2 0 0 0 0 0 0 1 0 0 0 0 0 0 0 0 0 0 0 0 0 2 0 0 0 0 0 0 0 0 0 0 0 1 0 1 0 2 0 0 0 2 0 0 0 0 0 0 2 0 0 0 0 0 0 0 0 0 0 0 0 0 0 0 0 1 0 0 0 0 0 0 0 0 
0 0 0 0 0 1 0 2 0 0 0 0 0 0 1 0 0 0 0 0 0 0 0 0 0 0 0 0 2 0 0 0 0 0 0 0 0 0 0 0 1 0 1 0 2 0 0 0 2 0 0 0 0 0 0 2 0 0 0 0 0 0 0 0 0 0 0 0 0 0 0 0 1 0 0 0 0 0 0 0 0 
1
0 1 0 0 0 0 0 0 0 
0 0 0 0 0 1 0 2 0 0 0 0 0 0 1 0 0 0 0 0 0 0 0 1 0 0 0 0 2 0 0 0 0 0 0 0 0 0 0 0 1 0 1 0 2 0 0 0 2 0 0 0 0 0 0 2 0 0 0 0 0 0 0 0 0 0 0 0 0 0 0 0 1 0 0 0 0 0 0 0 0 
0 0 0 16 16 17 0 2 0 0 0 0 16 16 17 0 0 0 0 0 0 16 16 17 0 0 0 0 2 0 0 0 0 0 0 0 0 0 0 0 1 0 1 0 2 0 0 0 2 0 0 0 0 0 0 2 0 0 0 0 0 0 0 0 0 0 0 0 0 0 0 0 1 0 0 0 0 0 0 0 0 
1
0 1 0 0 0 0 0 0 0 
0 0 0 0 0 1 0 2 0 0 0 0 0 0 1 0 0 0 0 0 0 0 0 1 0 0 0 0 2 0 0 0 0 0 0 0 0 0 0 0 1 0 1 0 2 0 0 0 2 0 0 0 0 0 0 2 0 0 0 0 0 0 0 0 0 0 0 0 0 0 0 2 1 0 0 0 0 0 0 0 0 
0 0 0 16 16 17 0 2 0 0 0 0 16 16 17 0 0 0 0 0 0 16 16 17 0 0 0 0 2 0 0 0 0 0 0 0 0 0 0 0 1 0 1 0 2 0 0 0 2 0 0 0 0 0 0 2 0 0 0 0 0 0 0 0 0 0 0 0 0 0 0 2 1 0 0 0 0 0 0 0 0 
1
0 1 0 0 0 0 0 0 0 
0 0 0 0 0 1 0 2 0 0 0 0 0 0 1 0 0 0 0 0 0 0 0 1 0 0 0 0 2 0 0 0 0 0 0 0 0 0 0 0 1 0 1 0 2 0 0 0 2 0 0 0 0 1 0 2 0 0 0 0 0 0 0 0 0 0 0 0 0 0 0 2 1 0 0 0 0 0 0 0 0 
0 0 0 16 16 17 0 2 0 0 0 0 16 16 17 0 0 0 0 0 0 16 16 17 0 0 0 0 2 0 0 0 0 0 0 0 0 0 0 0 1 0 1 0 2 0 0 0 2 0 0 0 0 1 0 2 0 0 0 0 0 0 0 0 0 0 0 0 0 0 0 2 1 0 0 0 0 0 0 0 0 
1
0 1 0 0 0 0 0 0 0 
0 0 0 0 0 1 0 2 0 0 0 0 0 0 1 0 0 0 0 0 0 0 0 1 0 0 0 0 2 0 0 0 0 0 0 0 0 0 0 0 1 0 1 0 2 0 0 0 2 0 0 0 0 1 0 2 0 0 0 0 0 0 0 0 0 0 0 0 0 0 0 2 1 0 0 0 0 0 0 0 2 
0 0 0 16 16 17 0 2 0 0 0 0 16 16 17 0 0 0 0 0 0 16 16 17 0 0 0 0 2 0 0 0 0 0 0 0 0 0 0 0 1 0 1 0 2 0 0 0 2 0 0 0 0 1 0 2 0 0 0 0 0 0 0 0 0 0 0 0 0 0 0 2 1 0 0 0 0 0 0 0 2 
1
0 1 0 0 0 0 0 0 0 
0 0 0 0 0 1 0 2 0 0 0 0 0 0 1 0 0 0 0 0 0 0 0 1 0 0 0 0 2 0 0 0 0 0 0 0 0 0 0 0 1 0 1 0 2 0 0 0 2 0 0 0 0 1 0 2 0 0 0 0 0 0 1 0 0 0 0 0 0 0 0 2 1 0 0 0 0 0 0 0 2 
0 0 0 16 16 17 0 2 0 0 0 0 16 16 17 0 0 0 0 0 0 16 16 17 0 0 0 0 2 0 0 0 0 0 0 0 0 0 0 0 1 0 1 0 2 0 0 0 2 0 0 0 0 1 0 2 0 0 0 0 0 0 1 0 0 0 0 0 0 0 0 2 1 0 0 0 0 0 0 0 2 
1
0 1 0 0 0 0 0 0 0 
0 0 0 0 0 1 0 2 0 0 0 0 0 0 1 0 0 2 0 0 0 0 0 1 0 0 0 0 2 0 0 0 0 0 0 0 0 0 0 0 1 0 1 0 2 0 0 0 2 0 0 0 0 1 0 2 0 0 0 0 0 0 1 0 0 0 0 0 0 0 0 2 1 0 0 0 0 0 0 0 2 
0 0 0 16 16 17 0 2 0 0 0 0 16 16 17 0 0 2 0 0 0 16 16 17 0 0 0 0 2 0 0 0 0 0 0 0 0 0 0 0 1 0 1 0 2 0 0 0 2 0 0 0 0 1 0 2 0 0 0 0 0 0 1 0 0 0 0 0 0 0 0 2 1 0 0 0 0 0 0 0 2 
1
0 1 0 0 0 0 0 0 0 
0 0 0 0 0 1 0 2 0 0 0 0 0 0 1 0 0 2 0 0 0 0 0 1 0 0 0 0 2 0 0 0 0 1 0 0 0 0 0 0 1 0 1 0 2 0 0 0 2 0 0 0 0 1 0 2 0 0 0 0 0 0 1 0 0 0 0 0 0 0 0 2 1 0 0 0 0 0 0 0 2 
0 0 0 16 16 17 0 2 0 0 0 0 16 16 17 0 0 2 0 0 0 16 16 17 0 0 0 0 2 0 0 0 0 1 0 0 0 0 0 0 1 0 1 0 2 0 0 0 2 0 0 0 0 1 0 2 0 0 0 0 0 0 1 0 0 0 0 0 0 0 0 2 1 0 0 0 0 0 0 0 2 
1
0 1 0 0 0 0 0 0 0 
0 0 0 0 0 1 0 2 0 0 0 2 0 0 1 0 0 2 0 0 0 0 0 1 0 0 0 0 2 0 0 0 0 1 0 0 0 0 0 0 1 0 1 0 2 0 0 0 2 0 0 0 0 1 0 2 0 0 0 0 0 0 1 0 0 0 0 0 0 0 0 2 1 0 0 0 0 0 0 0 2 
0 0 0 16 16 17 0 2 0 0 0 2 16 16 17 0 0 2 0 0 0 16 16 17 0 0 0 0 2 0 0 0 0 1 0 0 0 0 0 0 1 0 1 0 2 0 0 0 2 0 0 0 0 1 0 2 0 0 0 0 0 0 1 0 0 0 0 0 0 0 0 2 1 0 0 0 0 0 0 0 2 
1
0 1 0 0 0 0 0 0 0 
0 0 0 0 0 1 0 2 0 0 0 2 0 0 1 0 0 2 0 0 0 0 0 1 0 0 0 0 2 0 0 0 0 1 0 1 0 0 0 0 1 0 1 0 2 0 0 0 2 0 0 0 0 1 0 2 0 0 0 0 0 0 1 0 0 0 0 0 0 0 0 2 1 0 0 0 0 0 0 0 2 
0 0 0 16 16 17 0 2 0 0 0 2 16 16 17 0 0 2 0 0 0 16 16 17 0 0 0 0 2 0 0 0 0 1 0 1 0 0 0 0 1 0 1 0 2 0 0 0 2 0 0 0 0 1 0 2 0 0 0 0 0 0 1 0 0 0 0 0 0 0 0 2 1 0 0 0 0 0 0 0 2 
1
0 1 0 0 0 0 0 0 0 
0 0 0 0 0 1 0 2 0 0 0 2 0 0 1 0 0 2 0 0 0 0 0 1 0 0 2 0 2 0 0 0 0 1 0 1 0 0 0 0 1 0 1 0 2 0 0 0 2 0 0 0 0 1 0 2 0 0 0 0 0 0 1 0 0 0 0 0 0 0 0 2 1 0 0 0 0 0 0 0 2 
0 0 0 16 16 17 0 2 0 0 0 2 16 16 17 0 0 2 0 0 0 16 16 17 0 0 2 0 2 0 0 0 0 1 0 1 0 0 0 0 1 0 1 0 2 0 0 0 2 0 0 0 0 1 0 2 0 0 0 0 0 0 1 0 0 0 0 0 0 0 0 2 1 0 0 0 0 0 0 0 2 
1
0 1 0 0 0 0 0 0 0 
0 0 0 0 0 1 0 2 0 0 0 2 0 0 1 0 0 2 0 0 0 0 0 1 0 0 2 0 2 0 0 0 0 1 0 1 0 0 0 0 1 0 1 0 2 0 0 0 2 0 0 0 0 1 0 2 0 0 0 0 1 0 1 0 0 0 0 0 0 0 0 2 1 0 0 0 0 0 0 0 2 
0 0 0 16 16 17 0 2 0 0 0 2 16 16 17 0 0 2 0 0 0 16 16 17 0 0 2 0 2 0 0 0 0 1 0 1 0 0 0 0 1 0 1 0 2 0 0 0 2 0 0 0 0 1 0 2 0 0 0 0 1 0 1 0 0 0 0 0 0 0 0 2 1 0 0 0 0 0 0 0 2 
1
0 1 0 0 0 0 0 0 0 
0 0 0 0 0 1 0 2 0 0 0 2 0 0 1 0 0 2 0 0 2 0 0 1 0 0 2 0 2 0 0 0 0 1 0 1 0 0 0 0 1 0 1 0 2 0 0 0 2 0 0 0 0 1 0 2 0 0 0 0 1 0 1 0 0 0 0 0 0 0 0 2 1 0 0 0 0 0 0 0 2 
0 0 0 16 16 17 0 2 0 0 0 2 16 16 17 0 0 2 0 0 2 16 16 17 0 0 2 0 2 0 0 0 0 1 0 1 0 0 0 0 1 0 1 0 2 0 0 0 2 0 0 0 0 1 0 2 0 0 0 0 1 0 1 0 0 0 0 0 0 0 0 2 1 0 0 0 0 0 0 0 2 
1
0 1 0 0 0 0 0 0 1 
0 0 0 0 0 1 0 2 0 0 0 2 0 0 1 0 0 2 0 0 2 0 0 1 0 0 2 0 2 0 0 0 0 1 0 1 0 0 0 0 1 0 1 0 2 0 0 0 2 0 0 0 0 1 0 2 0 0 0 0 1 1 1 0 0 0 0 0 0 0 0 2 1 0 0 0 0 0 0 0 2 
0 0 0 16 16 17 0 2 0 0 0 2 16 16 17 0 0 2 0 0 2 16 16 17 0 0 2 0 2 0 0 0 0 1 0 1 0 0 0 0 1 0 1 0 2 0 0 0 2 0 0 0 0 1 0 2 0 0 0 0 17 17 17 0 0 0 0 0 0 16 16 18 1 0 0 0 0 0 16 16 18 
1
0 1 2 0 0 0 0 0 1 
0 0 0 0 0 1 0 2 2 0 0 2 0 0 1 0 0 2 0 0 2 0 0 1 0 0 2 0 2 0 0 0 0 1 0 1 0 0 0 0 1 0 1 0 2 0 0 0 2 0 0 0 0 1 0 2 0 0 0 0 1 1 1 0 0 0 0 0 0 0 0 2 1 0 0 0 0 0 0 0 2 
0 0 0 16 16 17 32 34 34 0 0 2 16 16 17 32 32 34 0 0 2 16 16 17 32 32 34 0 2 0 0 0 0 1 0 1 0 0 0 0 1 0 1 0 2 0 0 0 2 0 0 0 0 1 0 2 0 0 0 0 17 17 17 0 0 0 0 0 0 16 16 18 1 0 0 0 0 0 16 16 18 
1
0 1 2 0 0 0 0 0 1 
0 0 0 0 0 1 0 2 2 0 0 2 0 0 1 0 0 2 0 0 2 0 0 1 0 0 2 0 2 0 0 0 0 1 0 1 0 0 0 0 1 1 1 0 2 0 0 0 2 0 0 0 0 1 0 2 0 0 0 0 1 1 1 0 0 0 0 0 0 0 0 2 1 0 0 0 0 0 0 0 2 
0 0 0 16 16 17 32 34 34 0 0 2 16 16 17 32 32 34 0 0 2 16 16 17 32 32 34 0 2 0 0 0 0 1 0 1 0 0 0 0 1 1 1 0 2 0 0 0 2 0 0 0 0 1 0 2 0 0 0 0 17 17 17 0 0 0 0 0 0 16 16 18 1 0 0 0 0 0 16 16 18 
1
0 1 2 0 0 0 0 0 1 
0 0 0 0 0 1 0 2 2 0 0 2 0 0 1 0 0 2 0 0 2 0 0 1 0 0 2 0 2 0 0 0 0 1 2 1 0 0 0 0 1 1 1 0 2 0 0 0 2 0 0 0 0 1 0 2 0 0 0 0 1 1 1 0 0 0 0 0 0 0 0 2 1 0 0 0 0 0 0 0 2 
0 0 0 16 16 17 32 34 34 0 0 2 16 16 17 32 32 34 0 0 2 16 16 17 32 32 34 0 2 0 0 0 0 1 2 1 0 0 0 0 1 1 1 0 2 0 0 0 2 0 0 0 0 1 0 2 0 0 0 0 17 17 17 0 0 0 0 0 0 16 16 18 1 0 0 0 0 0 16 16 18 
1
0 1 2 0 1 0 0 0 1 
0 0 0 0 0 1 0 2 2 0 0 2 0 0 1 0 0 2 0 0 2 0 0 1 0 0 2 0 2 0 0 0 0 1 2 1 0 0 0 1 1 1 1 0 2 0 0 0 2 0 0 0 0 1 0 2 0 0 0 0 1 1 1 0 0 0 0 0 0 0 0 2 1 0 0 0 0 0 0 0 2 
0 0 0 16 16 17 32 34 34 0 0 2 16 16 17 32 32 34 0 0 2 16 16 17 32 32 34 0 2 0 16 16 16 1 2 1 0 0 0 17 17 17 1 0 2 0 0 0 18 16 16 0 0 1 0 2 0 0 0 0 17 17 17 0 0 0 0 0 0 16 16 18 1 0 0 0 0 0 16 16 18 
1
0 1 2 0 1 0 0 0 1 
0 0 0 0 0 1 0 2 2 0 0 2 0 0 1 0 0 2 0 0 2 0 0 1 0 0 2 0 2 0 0 0 0 1 2 1 0 2 0 1 1 1 1 0 2 0 0 0 2 0 0 0 0 1 0 2 0 0 0 0 1 1 1 0 0 0 0 0 0 0 0 2 1 0 0 0 0 0 0 0 2 
0 0 0 16 16 17 32 34 34 0 0 2 16 16 17 32 32 34 0 0 2 16 16 17 32 32 34 0 2 0 16 16 16 1 2 1 0 2 0 17 17 17 1 0 2 0 0 0 18 16 16 0 0 1 0 2 0 0 0 0 17 17 17 0 0 0 0 0 0 16 16 18 1 0 0 0 0 0 16 16 18 
1
0 1 2 0 1 0 0 0 1 
0 0 0 0 0 1 0 2 2 0 0 2 0 0 1 0 0 2 0 0 2 0 0 1 0 0 2 0 2 0 0 0 0 1 2 1 0 2 0 1 1 1 1 0 2 0 0 0 2 0 0 0 0 1 0 2 0 0 0 0 1 1 1 0 0 0 0 0 0 0 0 2 1 0 0 1 0 0 0 0 2 
0 0 0 16 16 17 32 34 34 0 0 2 16 16 17 32 32 34 0 0 2 16 16 17 32 32 34 0 2 0 16 16 16 1 2 1 0 2 0 17 17 17 1 0 2 0 0 0 18 16 16 0 0 1 0 2 0 0 0 0 17 17 17 0 0 0 0 0 0 16 16 18 1 0 0 1 0 0 16 16 18 
1
0 1 2 0 1 0 0 0 1 
0 0 0 0 0 1 0 2 2 0 0 2 0 0 1 0 0 2 0 0 2 0 0 1 0 0 2 0 2 0 0 0 0 1 2 1 0 2 0 1 1 1 1 0 2 0 0 0 2 0 0 0 0 1 0 2 0 0 0 0 1 1 1 0 2 0 0 0 0 0 0 2 1 0 0 1 0 0 0 0 2 
0 0 0 16 16 17 32 34 34 0 0 2 16 16 17 32 32 34 0 0 2 16 16 17 32 32 34 0 2 0 16 16 16 1 2 1 0 2 0 17 17 17 1 0 2 0 0 0 18 16 16 0 0 1 0 2 0 0 0 0 17 17 17 0 2 0 0 0 0 16 16 18 1 0 0 1 0 0 16 16 18 
1
0 1 2 0 1 0 0 0 1 
0 0 0 0 0 1 0 2 2 0 0 2 0 0 1 0 0 2 0 0 2 0 0 1 0 0 2 0 2 0 0 0 0 1 2 1 0 2 0 1 1 1 1 0 2 0 0 0 2 0 0 0 0 1 0 2 0 0 0 0 1 1 1 0 2 0 0 0 1 0 0 2 1 0 0 1 0 0 0 0 2 
0 0 0 16 16 17 32 34 34 0 0 2 16 16 17 32 32 34 0 0 2 16 16 17 32 32 34 0 2 0 16 16 16 1 2 1 0 2 0 17 17 17 1 0 2 0 0 0 18 16 16 0 0 1 0 2 0 0 0 0 17 17 17 0 2 0 0 0 1 16 16 18 1 0 0 1 0 0 16 16 18 
1
0 1 2 0 1 0 0 0 1 
0 0 0 0 0 1 0 2 2 0 0 2 0 0 1 0 0 2 0 0 2 0 0 1 0 0 2 0 2 0 0 0 0 1 2 1 0 2 0 1 1 1 1 0 2 0 0 0 2 0 0 2 0 1 0 2 0 0 0 0 1 1 1 0 2 0 0 0 1 0 0 2 1 0 0 1 0 0 0 0 2 
0 0 0 16 16 17 32 34 34 0 0 2 16 16 17 32 32 34 0 0 2 16 16 17 32 32 34 0 2 0 16 16 16 1 2 1 0 2 0 17 17 17 1 0 2 0 0 0 18 16 16 2 0 1 0 2 0 0 0 0 17 17 17 0 2 0 0 0 1 16 16 18 1 0 0 1 0 0 16 16 18 
1
0 1 2 0 1 0 0 0 1 
0 0 0 0 0 1 0 2 2 0 0 2 0 0 1 0 0 2 0 0 2 0 0 1 0 0 2 0 2 0 0 0 0 1 2 1 0 2 0 1 1 1 1 0 2 0 0 0 2 0 0 2 0 1 0 2 0 0 0 0 1 1 1 0 2 1 0 0 1 0 0 2 1 0 0 1 0 0 0 0 2 
0 0 0 16 16 17 32 34 34 0 0 2 16 16 17 32 32 34 0 0 2 16 16 17 32 32 34 0 2 0 16 16 16 1 2 1 0 2 0 17 17 17 1 0 2 0 0 0 18 16 16 2 0 1 0 2 0 0 0 0 17 17 17 0 2 1 0 0 1 16 16 18 1 0 0 1 0 0 16 16 18 
1
0 1 2 0 1 0 0 0 1 
0 0 0 0 0 1 0 2 2 0 0 2 0 0 1 0 0 2 0 0 2 0 0 1 0 0 2 0 2 0 0 0 0 1 2 1 0 2 0 1 1 1 1 2 2 0 0 0 2 0 0 2 0 1 0 2 0 0 0 0 1 1 1 0 2 1 0 0 1 0 0 2 1 0 0 1 0 0 0 0 2 
0 0 0 16 16 17 32 34 34 0 0 2 16 16 17 32 32 34 0 0 2 16 16 17 32 32 34 0 2 0 16 16 16 1 2 1 0 2 0 17 17 17 1 2 2 0 0 0 18 16 16 2 0 1 0 2 0 0 0 0 17 17 17 0 2 1 0 0 1 16 16 18 1 0 0 1 0 0 16 16 18 
1
0 1 2 0 1 0 0 0 1 
0 0 0 0 0 1 0 2 2 0 0 2 0 0 1 0 0 2 0 0 2 0 0 1 0 0 2 0 2 0 0 0 0 1 2 1 0 2 0 1 1 1 1 2 2 0 0 0 2 0 0 2 0 1 0 2 0 0 0 0 1 1 1 0 2 1 0 0 1 0 0 2 1 0 0 1 0 1 0 0 2 
0 0 0 16 16 17 32 34 34 0 0 2 16 16 17 32 32 34 0 0 2 16 16 17 32 32 34 0 2 0 16 16 16 1 2 1 0 2 0 17 17 17 1 2 2 0 0 0 18 16 16 2 0 1 0 2 0 0 0 0 17 17 17 0 2 1 0 0 1 16 16 18 1 0 0 1 0 1 16 16 18 
1
0 1 2 0 1 0 0 0 1 
0 0 0 0 0 1 0 2 2 0 0 2 0 0 1 0 0 2 0 0 2 0 0 1 0 0 2 0 2 0 0 0 0 1 2 1 2 2 0 1 1 1 1 2 2 0 0 0 2 0 0 2 0 1 0 2 0 0 0 0 1 1 1 0 2 1 0 0 1 0 0 2 1 0 0 1 0 1 0 0 2 
0 0 0 16 16 17 32 34 34 0 0 2 16 16 17 32 32 34 0 0 2 16 16 17 32 32 34 0 2 0 16 16 16 1 2 1 2 2 0 17 17 17 1 2 2 0 0 0 18 16 16 2 0 1 0 2 0 0 0 0 17 17 17 0 2 1 0 0 1 16 16 18 1 0 0 1 0 1 16 16 18 
1
0 1 2 0 1 0 0 0 1 
0 0 0 0 0 1 0 2 2 0 0 2 0 0 1 0 0 2 0 0 2 0 0 1 0 0 2 0 2 0 0 0 0 1 2 1 2 2 1 1 1 1 1 2 2 0 0 0 2 0 0 2 0 1 0 2 0 0 0 0 1 1 1 0 2 1 0 0 1 0 0 2 1 0 0 1 0 1 0 0 2 
0 0 0 16 16 17 32 34 34 0 0 2 16 16 17 32 32 34 0 0 2 16 16 17 32 32 34 0 2 0 16 16 16 1 2 1 2 2 1 17 17 17 1 2 2 0 0 0 18 16 16 2 0 1 0 2 0 0 0 0 17 17 17 0 2 1 0 0 1 16 16 18 1 0 0 1 0 1 16 16 18 
1
0 1 2 0 1 2 0 0 1 
0 0 0 0 0 1 0 2 2 0 0 2 0 0 1 0 0 2 0 0 2 0 0 1 0 0 2 0 2 0 0 0 0 1 2 1 2 2 1 1 1 1 1 2 2 0 0 0 2 0 0 2 2 1 0 2 0 0 0 0 1 1 1 0 2 1 0 0 1 0 0 2 1 0 0 1 0 1 0 0 2 
0 0 0 16 16 17 32 34 34 0 0 2 16 16 17 32 32 34 0 0 2 16 16 17 32 32 34 0 2 0 16 16 16 33 34 33 2 2 1 17 17 17 33 34 34 0 0 0 18 16 16 34 34 33 0 2 0 0 0 0 17 17 17 0 2 1 0 0 1 16 16 18 1 0 0 1 0 1 16 16 18 
1
0 1 2 0 1 2 0 1 1 
0 0 0 0 0 1 0 2 2 0 0 2 0 0 1 0 0 2 0 0 2 0 0 1 0 0 2 0 2 0 0 0 0 1 2 1 2 2 1 1 1 1 1 2 2 0 0 0 2 0 0 2 2 1 0 2 0 0 0 0 1 1 1 0 2 1 0 0 1 0 0 2 1 0 0 1 1 1 0 0 2 
0 0 0 16 16 17 32 34 34 0 0 2 16 16 17 32 32 34 0 0 2 16 16 17 32 32 34 0 2 0 16 16 16 33 34 33 2 2 1 17 17 17 33 34 34 0 0 0 18 16 16 34 34 33 0 2 0 16 16 16 17 17 17 0 2 1 16 16 17 16 16 18 1 0 0 17 17 17 16 16 18 
1
0 1 2 0 1 2 0 1 1 
0 0 0 0 0 1 0 2 2 0 0 2 0 0 1 0 0 2 0 0 2 0 0 1 0 0 2 0 2 0 0 0 0 1 2 1 2 2 1 1 1 1 1 2 2 0 0 0 2 0 0 2 2 1 0 2 0 0 0 0 1 1 1 0 2 1 0 0 1 0 0 2 1 0 0 1 1 1 0 0 2 
0 0 0 16 16 17 32 34 34 0 0 2 16 16 17 32 32 34 0 0 2 16 16 17 32 32 34 0 2 0 16 16 16 33 34 33 2 2 1 17 17 17 33 34 34 0 0 0 18 16 16 34 34 33 0 2 0 16 16 16 17 17 17 0 2 1 16 16 17 16 16 18 1 0 0 17 17 17 16 16 18 
1
