0 0 0 0 0 0 0 0 0 
0 0 0 0 0 0 0 0 0 0 0 0 0 0 0 0 0 0 0 0 0 0 0 0 0 0 0 0 0 0 0 0 0 0 0 0 0 0 0 0 1 0 0 0 0 0 0 0 0 0 0 0 0 0 0 0 0 0 0 0 0 0 0 0 0 0 0 0 0 0 0 0 0 0 0 0 0 0 0 0 0 
0 0 0 0 0 0 0 0 0 0 0 0 0 0 0 0 0 0 0 0 0 0 0 0 0 0 0 0 0 0 0 0 0 0 0 0 0 0 0 0 1 0 0 0 0 0 0 0 0 0 0 0 0 0 0 0 0 0 0 0 0 0 0 0 0 0 0 0 0 0 0 0 0 0 0 0 0 0 0 0 0 
1
0 0 0 0 0 0 0 0 0 
0 0 0 0 0 0 0 0 0 0 0 0 0 0 0 0 0 0 0 0 0 0 0 0 0 0 0 0 0 0 0 0 2 0 0 0 0 0 0 0 1 0 0 0 0 0 0 0 0 0 0 0 0 0 0 0 0 0 0 0 0 0 0 0 0 0 0 0 0 0 0 0 0 0 0 0 0 0 0 0 0 
0 0 0 0 0 0 0 0 0 0 0 0 0 0 0 0 0 0 0 0 0 0 0 0 0 0 0 0 0 0 0 0 2 0 0 0 0 0 0 0 1 0 0 0 0 0 0 0 0 0 0 0 0 0 0 0 0 0 0 0 0 0 0 0 0 0 0 0 0 0 0 0 0 0 0 0 0 0 0 0 0 
1
0 0 0 0 0 0 0 0 0 
0 0 0 0 0 0 1 0 0 0 0 0 0 0 0 0 0 0 0 0 0 0 0 0 0 0 0 0 0 0 0 0 2 0 0 0 0 0 0 0 1 0 0 0 0 0 0 0 0 0 0 0 0 0 0 0 0 0 0 0 0 0 0 0 0 0 0 0 0 0 0 0 0 0 0 0 0 0 0 0 0 
0 0 0 0 0 0 1 0 0 0 0 0 0 0 0 0 0 0 0 0 0 0 0 0 0 0 0 0 0 0 0 0 2 0 0 0 0 0 0 0 1 0 0 0 0 0 0 0 0 0 0 0 0 0 0 0 0 0 0 0 0 0 0 0 0 0 0 0 0 0 0 0 0 0 0 0 0 0 0 0 0 
1
0 0 0 0 0 0 0 0 0 
2 0 0 0 0 0 1 0 0 0 0 0 0 0 0 0 0 0 0 0 0 0 0 0 0 0 0 0 0 0 0 0 2 0 0 0 0 0 0 0 1 0 0 0 0 0 0 0 0 0 0 0 0 0 0 0 0 0 0 0 0 0 0 0 0 0 0 0 0 0 0 0 0 0 0 0 0 0 0 0 0 
2 0 0 0 0 0 1 0 0 0 0 0 0 0 0 0 0 0 0 0 0 0 0 0 0 0 0 0 0 0 0 0 2 0 0 0 0 0 0 0 1 0 0 0 0 0 0 0 0 0 0 0 0 0 0 0 0 0 0 0 0 0 0 0 0 0 0 0 0 0 0 0 0 0 0 0 0 0 0 0 0 
1
0 0 0 0 0 0 0 0 0 
2 0 0 0 0 0 1 0 0 0 0 0 0 0 0 0 0 0 1 0 0 0 0 0 0 0 0 0 0 0 0 0 2 0 0 0 0 0 0 0 1 0 0 0 0 0 0 0 0 0 0 0 0 0 0 0 0 0 0 0 0 0 0 0 0 0 0 0 0 0 0 0 0 0 0 0 0 0 0 0 0 
2 0 0 0 0 0 1 0 0 0 0 0 0 0 0 0 0 0 1 0 0 0 0 0 0 0 0 0 0 0 0 0 2 0 0 0 0 0 0 0 1 0 0 0 0 0 0 0 0 0 0 0 0 0 0 0 0 0 0 0 0 0 0 0 0 0 0 0 0 0 0 0 0 0 0 0 0 0 0 0 0 
1
0 0 0 0 0 0 0 0 0 
2 0 0 0 0 0 1 0 0 0 0 0 0 0 0 0 0 0 1 0 0 0 0 0 0 0 0 0 0 0 0 0 2 0 0 0 0 0 0 0 1 0 0 0 0 0 0 0 0 0 0 0 0 0 0 0 0 0 0 0 0 0 0 0 0 0 0 0 0 0 0 0 0 0 2 0 0 0 0 0 0 
2 0 0 0 0 0 1 0 0 0 0 0 0 0 0 0 0 0 1 0 0 0 0 0 0 0 0 0 0 0 0 0 2 0 0 0 0 0 0 0 1 0 0 0 0 0 0 0 0 0 0 0 0 0 0 0 0 0 0 0 0 0 0 0 0 0 0 0 0 0 0 0 0 0 2 0 0 0 0 0 0 
1
0 0 0 0 0 0 0 0 0 
2 0 0 0 0 0 1 0 0 0 0 0 0 0 0 0 0 0 1 0 0 0 0 0 0 0 0 0 0 0 0 0 2 0 0 0 0 0 0 0 1 0 0 0 0 0 0 0 0 0 0 0 0 0 0 0 0 0 0 0 0 0 0 0 0 0 0 0 0 1 0 0 0 0 2 0 0 0 0 0 0 
2 0 0 0 0 0 1 0 0 0 0 0 0 0 0 0 0 0 1 0 0 0 0 0 0 0 0 0 0 0 0 0 2 0 0 0 0 0 0 0 1 0 0 0 0 0 0 0 0 0 0 0 0 0 0 0 0 0 0 0 0 0 0 0 0 0 0 0 0 1 0 0 0 0 2 0 0 0 0 0 0 
1
0 0 0 0 0 0 0 0 0 
2 0 0 0 0 0 1 0 0 0 0 0 0 0 0 0 0 0 1 0 0 0 0 0 0 0 0 0 0 0 0 0 2 0 0 0 0 0 0 0 1 0 0 0 0 0 2 0 0 0 0 0 0 0 0 0 0 0 0 0 0 0 0 0 0 0 0 0 0 1 0 0 0 0 2 0 0 0 0 0 0 
2 0 0 0 0 0 1 0 0 0 0 0 0 0 0 0 0 0 1 0 0 0 0 0 0 0 0 0 0 0 0 0 2 0 0 0 0 0 0 0 1 0 0 0 0 0 2 0 0 0 0 0 0 0 0 0 0 0 0 0 0 0 0 0 0 0 0 0 0 1 0 0 0 0 2 0 0 0 0 0 0 
1
0 0 0 0 0 0 0 0 0 
2 0 0 0 0 0 1 0 0 0 0 0 0 0 0 0 0 0 1 0 0 0 0 0 0 0 0 0 0 0 0 0 2 0 0 0 0 0 0 0 1 0 0 0 0 0 2 0 0 0 0 0 0 0 0 0 0 0 0 0 0 0 0 0 0 0 1 0 0 1 0 0 0 0 2 0 0 0 0 0 0 
2 0 0 0 0 0 1 0 0 0 0 0 0 0 0 0 0 0 1 0 0 0 0 0 0 0 0 0 0 0 0 0 2 0 0 0 0 0 0 0 1 0 0 0 0 0 2 0 0 0 0 0 0 0 0 0 0 0 0 0 0 0 0 0 0 0 1 0 0 1 0 0 0 0 2 0 0 0 0 0 0 
1
0 0 0 0 0 0 0 0 0 
2 0 0 0 0 0 1 0 0 0 0 0 0 0 0 0 0 0 1 0 0 0 0 0 0 0 0 0 0 0 0 0 2 0 0 0 0 0 0 0 1 0 0 0 0 2 2 0 0 0 0 0 0 0 0 0 0 0 0 0 0 0 0 0 0 0 1 0 0 1 0 0 0 0 2 0 0 0 0 0 0 
2 0 0 0 0 0 1 0 0 0 0 0 0 0 0 0 0 0 1 0 0 0 0 0 0 0 0 0 0 0 0 0 2 0 0 0 0 0 0 0 1 0 0 0 0 2 2 0 0 0 0 0 0 0 0 0 0 0 0 0 0 0 0 0 0 0 1 0 0 1 0 0 0 0 2 0 0 0 0 0 0 
1
0 0 0 0 0 0 0 0 0 
2 0 0 0 0 0 1 0 0 0 0 0 0 0 0 0 0 0 1 0 0 0 0 0 0 0 0 0 0 0 0 0 2 0 0 0 0 0 0 0 1 0 0 0 0 2 2 0 0 0 0 0 0 0 0 0 1 0 0 0 0 0 0 0 0 0 1 0 0 1 0 0 0 0 2 0 0 0 0 0 0 
2 0 0 0 0 0 1 0 0 0 0 0 0 0 0 0 0 0 1 0 0 0 0 0 0 0 0 0 0 0 0 0 2 0 0 0 0 0 0 0 1 0 0 0 0 2 2 0 0 0 0 0 0 0 0 0 1 0 0 0 0 0 0 0 0 0 1 0 0 1 0 0 0 0 2 0 0 0 0 0 0 
1
0 0 0 0 0 0 0 0 0 
2 0 0 0 0 0 1 2 0 0 0 0 0 0 0 0 0 0 1 0 0 0 0 0 0 0 0 0 0 0 0 0 2 0 0 0 0 0 0 0 1 0 0 0 0 2 2 0 0 0 0 0 0 0 0 0 1 0 0 0 0 0 0 0 0 0 1 0 0 1 0 0 0 0 2 0 0 0 0 0 0 
2 0 0 0 0 0 1 2 0 0 0 0 0 0 0 0 0 0 1 0 0 0 0 0 0 0 0 0 0 0 0 0 2 0 0 0 0 0 0 0 1 0 0 0 0 2 2 0 0 0 0 0 0 0 0 0 1 0 0 0 0 0 0 0 0 0 1 0 0 1 0 0 0 0 2 0 0 0 0 0 0 
1
0 0 0 0 0 0 0 0 0 
2 0 0 0 0 0 1 2 0 0 0 0 0 0 0 0 0 0 1 0 0 0 1 0 0 0 0 0 0 0 0 0 2 0 0 0 0 0 0 0 1 0 0 0 0 2 2 0 0 0 0 0 0 0 0 0 1 0 0 0 0 0 0 0 0 0 1 0 0 1 0 0 0 0 2 0 0 0 0 0 0 
2 0 0 0 0 0 1 2 0 0 0 0 0 0 0 0 0 0 1 0 0 0 1 0 0 0 0 0 0 0 0 0 2 0 0 0 0 0 0 0 1 0 0 0 0 2 2 0 0 0 0 0 0 0 0 0 1 0 0 0 0 0 0 0 0 0 1 0 0 1 0 0 0 0 2 0 0 0 0 0 0 
1
0 0 0 0 0 0 0 0 0 
2 0 0 0 0 0 1 2 0 0 0 0 0 0 0 0 0 0 1 0 0 0 1 0 0 0 0 0 0 0 0 0 2 0 0 0 0 0 0 0 1 0 0 0 0 2 2 0 0 0 0 0 0 0 0 0 1 0 0 0 0 0 0 0 0 0 1 0 0 1 0 0 0 0 2 0 0 2 0 0 0 
2 0 0 0 0 0 1 2 0 0 0 0 0 0 0 0 0 0 1 0 0 0 1 0 0 0 0 0 0 0 0 0 2 0 0 0 0 0 0 0 1 0 0 0 0 2 2 0 0 0 0 0 0 0 0 0 1 0 0 0 0 0 0 0 0 0 1 0 0 1 0 0 0 0 2 0 0 2 0 0 0 
1
0 0 0 0 0 0 0 0 0 
2 0 0 0 0 0 1 2 0 0 0 0 0 0 0 0 0 0 1 0 0 0 1 0 0 0 0 0 0 0 0 0 2 0 0 0 0 0 0 0 1 0 0 0 0 2 2 0 0 0 0 0 0 0 0 0 1 0 0 0 0 0 0 0 0 0 1 0 0 1 0 1 0 0 2 0 0 2 0 0 0 
2 0 0 0 0 0 1 2 0 0 0 0 0 0 0 0 0 0 1 0 0 0 1 0 0 0 0 0 0 0 0 0 2 0 0 0 0 0 0 0 1 0 0 0 0 2 2 0 0 0 0 0 0 0 0 0 1 0 0 0 0 0 0 0 0 0 1 0 0 1 0 1 0 0 2 0 0 2 0 0 0 
1
0 0 0 0 0 0 0 0 0 
2 0 0 0 0 0 1 2 0 0 0 0 0 0 0 0 0 0 1 0 0 0 1 0 0 0 0 0 0 0 0 0 2 0 0 0 0 0 0 0 1 0 2 0 0 2 2 0 0 0 0 0 0 0 0 0 1 0 0 0 0 0 0 0 0 0 1 0 0 1 0 1 0 0 2 0 0 2 0 0 0 
2 0 0 0 0 0 1 2 0 0 0 0 0 0 0 0 0 0 1 0 0 0 1 0 0 0 0 0 0 0 0 0 2 0 0 0 0 0 0 0 1 0 2 0 0 2 2 0 0 0 0 0 0 0 0 0 1 0 0 0 0 0 0 0 0 0 1 0 0 1 0 1 0 0 2 0 0 2 0 0 0 
1
0 0 0 0 0 0 0 0 0 
2 0 0 0 0 0 1 2 0 0 0 0 0 0 0 0 0 0 1 0 0 0 1 0 0 0 0 0 0 0 0 0 2 0 0 0 0 0 0 0 1 0 2 0 0 2 2 1 0 0 0 0 0 0 0 0 1 0 0 0 0 0 0 0 0 0 1 0 0 1 0 1 0 0 2 0 0 2 0 0 0 
2 0 0 0 0 0 1 2 0 0 0 0 0 0 0 0 0 0 1 0 0 0 1 0 0 0 0 0 0 0 0 0 2 0 0 0 0 0 0 0 1 0 2 0 0 2 2 1 0 0 0 0 0 0 0 0 1 0 0 0 0 0 0 0 0 0 1 0 0 1 0 1 0 0 2 0 0 2 0 0 0 
1
0 0 0 0 0 0 0 0 0 
2 0 0 0 0 0 1 2 0 0 0 0 0 0 0 0 0 0 1 0 0 0 1 0 0 0 0 0 0 0 0 0 2 0 0 0 0 0 0 0 1 0 2 0 0 2 2 1 0 0 0 0 0 0 0 0 1 0 0 0 0 0 0 0 0 0 1 0 0 1 0 1 0 0 2 0 0 2 0 0 2 
2 0 0 0 0 0 1 2 0 0 0 0 0 0 0 0 0 0 1 0 0 0 1 0 0 0 0 0 0 0 0 0 2 0 0 0 0 0 0 0 1 0 2 0 0 2 2 1 0 0 0 0 0 0 0 0 1 0 0 0 0 0 0 0 0 0 1 0 0 1 0 1 0 0 2 0 0 2 0 0 2 
1
0 0 0 0 0 0 0 0 1 
2 0 0 0 0 0 1 2 0 0 0 0 0 0 0 0 0 0 1 0 0 0 1 0 0 0 0 0 0 0 0 0 2 0 0 0 0 0 0 0 1 0 2 0 0 2 2 1 0 0 0 0 0 0 0 0 1 0 0 0 0 0 0 0 0 0 1 0 0 1 1 1 0 0 2 0 0 2 0 0 2 
2 0 0 0 0 0 1 2 0 0 0 0 0 0 0 0 0 0 1 0 0 0 1 0 0 0 0 0 0 0 0 0 2 0 0 0 0 0 0 0 1 0 2 0 0 2 2 1 0 0 0 0 0 0 0 0 1 0 0 0 16 16 16 0 0 0 1 0 0 17 17 17 0 0 2 0 0 2 16 16 18 
1
0 0 0 0 0 0 0 0 1 
2 0 0 0 0 0 1 2 0 0 0 0 0 0 0 0 0 0 1 0 0 0 1 0 0 0 0 0 0 0 0 2 2 0 0 0 0 0 0 0 1 0 2 0 0 2 2 1 0 0 0 0 0 0 0 0 1 0 0 0 0 0 0 0 0 0 1 0 0 1 1 1 0 0 2 0 0 2 0 0 2 
2 0 0 0 0 0 1 2 0 0 0 0 0 0 0 0 0 0 1 0 0 0 1 0 0 0 0 0 0 0 0 2 2 0 0 0 0 0 0 0 1 0 2 0 0 2 2 1 0 0 0 0 0 0 0 0 1 0 0 0 16 16 16 0 0 0 1 0 0 17 17 17 0 0 2 0 0 2 16 16 18 
1
0 0 0 0 0 0 0 0 1 
2 0 0 0 0 0 1 2 0 0 0 0 0 0 1 0 0 0 1 0 0 0 1 0 0 0 0 0 0 0 0 2 2 0 0 0 0 0 0 0 1 0 2 0 0 2 2 1 0 0 0 0 0 0 0 0 1 0 0 0 0 0 0 0 0 0 1 0 0 1 1 1 0 0 2 0 0 2 0 0 2 
2 0 0 0 0 0 1 2 0 0 0 0 0 0 1 0 0 0 1 0 0 0 1 0 0 0 0 0 0 0 0 2 2 0 0 0 0 0 0 0 1 0 2 0 0 2 2 1 0 0 0 0 0 0 0 0 1 0 0 0 16 16 16 0 0 0 1 0 0 17 17 17 0 0 2 0 0 2 16 16 18 
1
0 0 0 0 0 0 0 0 1 
2 0 0 0 0 0 1 2 0 0 0 0 0 0 1 0 0 0 1 0 0 0 1 0 0 0 0 0 0 0 0 2 2 2 0 0 0 0 0 0 1 0 2 0 0 2 2 1 0 0 0 0 0 0 0 0 1 0 0 0 0 0 0 0 0 0 1 0 0 1 1 1 0 0 2 0 0 2 0 0 2 
2 0 0 0 0 0 1 2 0 0 0 0 0 0 1 0 0 0 1 0 0 0 1 0 0 0 0 0 0 0 0 2 2 2 0 0 0 0 0 0 1 0 2 0 0 2 2 1 0 0 0 0 0 0 0 0 1 0 0 0 16 16 16 0 0 0 1 0 0 17 17 17 0 0 2 0 0 2 16 16 18 
1
0 0 0 0 0 0 0 0 1 
2 0 0 0 0 0 1 2 0 0 0 0 0 0 1 0 0 0 1 1 0 0 1 0 0 0 0 0 0 0 0 2 2 2 0 0 0 0 0 0 1 0 2 0 0 2 2 1 0 0 0 0 0 0 0 0 1 0 0 0 0 0 0 0 0 0 1 0 0 1 1 1 0 0 2 0 0 2 0 0 2 
2 0 0 0 0 0 1 2 0 0 0 0 0 0 1 0 0 0 1 1 0 0 1 0 0 0 0 0 0 0 0 2 2 2 0 0 0 0 0 0 1 0 2 0 0 2 2 1 0 0 0 0 0 0 0 0 1 0 0 0 16 16 16 0 0 0 1 0 0 17 17 17 0 0 2 0 0 2 16 16 18 
1
0 0 0 0 0 0 0 0 1 
2 0 0 0 0 0 1 2 0 0 0 0 0 0 1 0 0 0 1 1 0 0 1 0 0 0 0 0 0 0 0 2 2 2 0 0 0 0 0 0 1 0 2 0 0 2 2 1 0 0 0 0 0 0 0 0 1 0 0 2 0 0 0 0 0 0 1 0 0 1 1 1 0 0 2 0 0 2 0 0 2 
2 0 0 0 0 0 1 2 0 0 0 0 0 0 1 0 0 0 1 1 0 0 1 0 0 0 0 0 0 0 0 2 2 2 0 0 0 0 0 0 1 0 2 0 0 2 2 1 0 0 0 0 0 0 0 0 1 0 0 2 16 16 16 0 0 0 1 0 0 17 17 17 0 0 2 0 0 2 16 16 18 
1
0 0 0 0 0 0 0 0 1 
2 0 0 0 0 0 1 2 0 0 0 0 0 0 1 0 0 0 1 1 0 0 1 0 1 0 0 0 0 0 0 2 2 2 0 0 0 0 0 0 1 0 2 0 0 2 2 1 0 0 0 0 0 0 0 0 1 0 0 2 0 0 0 0 0 0 1 0 0 1 1 1 0 0 2 0 0 2 0 0 2 
2 0 0 0 0 0 1 2 0 0 0 0 0 0 1 0 0 0 1 1 0 0 1 0 1 0 0 0 0 0 0 2 2 2 0 0 0 0 0 0 1 0 2 0 0 2 2 1 0 0 0 0 0 0 0 0 1 0 0 2 16 16 16 0 0 0 1 0 0 17 17 17 0 0 2 0 0 2 16 16 18 
1
0 0 0 0 0 0 0 0 1 
2 0 0 0 0 0 1 2 0 0 0 0 0 0 1 0 0 0 1 1 0 0 1 0 1 0 0 0 0 0 0 2 2 2 0 0 0 0 0 0 1 0 2 0 0 2 2 1 0 0 0 0 0 0 0 0 1 0 0 2 0 0 0 0 0 0 1 0 0 1 1 1 0 2 2 0 0 2 0 0 2 
2 0 0 0 0 0 1 2 0 0 0 0 0 0 1 0 0 0 1 1 0 0 1 0 1 0 0 0 0 0 0 2 2 2 0 0 0 0 0 0 1 0 2 0 0 2 2 1 0 0 0 0 0 0 0 0 1 0 0 2 16 16 16 0 0 0 1 0 0 17 17 17 0 2 2 0 0 2 16 16 18 
1
0 0 0 0 0 0 0 0 1 
2 0 0 0 0 0 1 2 0 0 0 0 0 0 1 0 0 0 1 1 0 0 1 0 1 0 0 0 0 0 0 2 2 2 0 0 0 0 0 0 1 0 2 0 0 2 2 1 0 0 0 0 0 0 0 0 1 0 1 2 0 0 0 0 0 0 1 0 0 1 1 1 0 2 2 0 0 2 0 0 2 
2 0 0 0 0 0 1 2 0 0 0 0 0 0 1 0 0 0 1 1 0 0 1 0 1 0 0 0 0 0 0 2 2 2 0 0 0 0 0 0 1 0 2 0 0 2 2 1 0 0 0 0 0 0 0 0 1 0 1 2 16 16 16 0 0 0 1 0 0 17 17 17 0 2 2 0 0 2 16 16 18 
1
0 0 0 0 0 0 0 0 1 
2 0 0 2 0 0 1 2 0 0 0 0 0 0 1 0 0 0 1 1 0 0 1 0 1 0 0 0 0 0 0 2 2 2 0 0 0 0 0 0 1 0 2 0 0 2 2 1 0 0 0 0 0 0 0 0 1 0 1 2 0 0 0 0 0 0 1 0 0 1 1 1 0 2 2 0 0 2 0 0 2 
2 0 0 2 0 0 1 2 0 0 0 0 0 0 1 0 0 0 1 1 0 0 1 0 1 0 0 0 0 0 0 2 2 2 0 0 0 0 0 0 1 0 2 0 0 2 2 1 0 0 0 0 0 0 0 0 1 0 1 2 16 16 16 0 0 0 1 0 0 17 17 17 0 2 2 0 0 2 16 16 18 
1
0 0 0 0 0 0 0 0 1 
2 1 0 2 0 0 1 2 0 0 0 0 0 0 1 0 0 0 1 1 0 0 1 0 1 0 0 0 0 0 0 2 2 2 0 0 0 0 0 0 1 0 2 0 0 2 2 1 0 0 0 0 0 0 0 0 1 0 1 2 0 0 0 0 0 0 1 0 0 1 1 1 0 2 2 0 0 2 0 0 2 
2 1 0 2 0 0 1 2 0 0 0 0 0 0 1 0 0 0 1 1 0 0 1 0 1 0 0 0 0 0 0 2 2 2 0 0 0 0 0 0 1 0 2 0 0 2 2 1 0 0 0 0 0 0 0 0 1 0 1 2 16 16 16 0 0 0 1 0 0 17 17 17 0 2 2 0 0 2 16 16 18 
1
0 0 0 0 0 0 0 0 1 
2 1 0 2 0 0 1 2 0 0 0 0 0 0 1 0 0 0 1 1 0 2 1 0 1 0 0 0 0 0 0 2 2 2 0 0 0 0 0 0 1 0 2 0 0 2 2 1 0 0 0 0 0 0 0 0 1 0 1 2 0 0 0 0 0 0 1 0 0 1 1 1 0 2 2 0 0 2 0 0 2 
2 1 0 2 0 0 1 2 0 0 0 0 0 0 1 0 0 0 1 1 0 2 1 0 1 0 0 0 0 0 0 2 2 2 0 0 0 0 0 0 1 0 2 0 0 2 2 1 0 0 0 0 0 0 0 0 1 0 1 2 16 16 16 0 0 0 1 0 0 17 17 17 0 2 2 0 0 2 16 16 18 
1
0 0 0 0 0 0 0 0 1 
2 1 0 2 0 0 1 2 0 0 0 0 0 0 1 0 0 0 1 1 0 2 1 0 1 0 0 0 0 0 0 2 2 2 0 0 0 0 0 0 1 0 2 0 0 2 2 1 0 0 0 0 0 0 1 0 1 0 1 2 0 0 0 0 0 0 1 0 0 1 1 1 0 2 2 0 0 2 0 0 2 
2 1 0 2 0 0 1 2 0 0 0 0 0 0 1 0 0 0 1 1 0 2 1 0 1 0 0 0 0 0 0 2 2 2 0 0 0 0 0 0 1 0 2 0 0 2 2 1 0 0 0 0 0 0 1 0 1 0 1 2 16 16 16 0 0 0 1 0 0 17 17 17 0 2 2 0 0 2 16 16 18 
1
0 0 0 0 0 0 0 0 1 
2 1 0 2 0 0 1 2 0 0 0 2 0 0 1 0 0 0 1 1 0 2 1 0 1 0 0 0 0 0 0 2 2 2 0 0 0 0 0 0 1 0 2 0 0 2 2 1 0 0 0 0 0 0 1 0 1 0 1 2 0 0 0 0 0 0 1 0 0 1 1 1 0 2 2 0 0 2 0 0 2 
2 1 0 2 0 0 1 2 0 0 0 2 0 0 1 0 0 0 1 1 0 2 1 0 1 0 0 0 0 0 0 2 2 2 0 0 0 0 0 0 1 0 2 0 0 2 2 1 0 0 0 0 0 0 1 0 1 0 1 2 16 16 16 0 0 0 1 0 0 17 17 17 0 2 2 0 0 2 16 16 18 
1
0 0 0 0 0 0 0 0 1 
2 1 0 2 0 0 1 2 0 0 0 2 0 0 1 0 0 0 1 1 0 2 1 0 1 0 0 0 0 0 0 2 2 2 0 0 0 0 0 0 1 0 2 0 1 2 2 1 0 0 0 0 0 0 1 0 1 0 1 2 0 0 0 0 0 0 1 0 0 1 1 1 0 2 2 0 0 2 0 0 2 
2 1 0 2 0 0 1 2 0 0 0 2 0 0 1 0 0 0 1 1 0 2 1 0 1 0 0 0 0 0 0 2 2 2 0 0 0 0 0 0 1 0 2 0 1 2 2 1 0 0 0 0 0 0 1 0 1 0 1 2 16 16 16 0 0 0 1 0 0 17 17 17 0 2 2 0 0 2 16 16 18 
1
0 0 0 0 0 0 0 0 1 
2 1 0 2 0 0 1 2 0 0 0 2 0 0 1 0 0 0 1 1 0 2 1 0 1 0 0 0 0 0 0 2 2 2 0 2 0 0 0 0 1 0 2 0 1 2 2 1 0 0 0 0 0 0 1 0 1 0 1 2 0 0 0 0 0 0 1 0 0 1 1 1 0 2 2 0 0 2 0 0 2 
2 1 0 2 0 0 1 2 0 0 0 2 0 0 1 0 0 0 1 1 0 2 1 0 1 0 0 0 0 0 0 2 2 2 0 2 0 0 0 0 1 0 2 0 1 2 2 1 0 0 0 0 0 0 1 0 1 0 1 2 16 16 16 0 0 0 1 0 0 17 17 17 0 2 2 0 0 2 16 16 18 
1
0 0 1 0 0 0 0 0 1 
2 1 0 2 0 0 1 2 0 0 0 2 0 0 1 1 0 0 1 1 0 2 1 0 1 0 0 0 0 0 0 2 2 2 0 2 0 0 0 0 1 0 2 0 1 2 2 1 0 0 0 0 0 0 1 0 1 0 1 2 0 0 0 0 0 0 1 0 0 1 1 1 0 2 2 0 0 2 0 0 2 
2 1 0 2 0 0 17 18 16 0 0 2 0 0 1 17 16 16 1 1 0 2 1 0 17 16 16 0 0 0 0 2 2 2 0 2 0 0 0 0 1 0 2 0 1 2 2 1 0 0 0 0 0 0 1 0 1 0 1 2 16 16 16 0 0 0 1 0 0 17 17 17 0 2 2 0 0 2 16 16 18 
1
0 0 1 0 0 0 0 0 1 
2 1 0 2 0 0 1 2 0 0 0 2 0 0 1 1 0 0 1 1 0 2 1 0 1 0 0 2 0 0 0 2 2 2 0 2 0 0 0 0 1 0 2 0 1 2 2 1 0 0 0 0 0 0 1 0 1 0 1 2 0 0 0 0 0 0 1 0 0 1 1 1 0 2 2 0 0 2 0 0 2 
2 1 0 2 0 0 17 18 16 0 0 2 0 0 1 17 16 16 1 1 0 2 1 0 17 16 16 2 0 0 0 2 2 2 0 2 0 0 0 0 1 0 2 0 1 2 2 1 0 0 0 0 0 0 1 0 1 0 1 2 16 16 16 0 0 0 1 0 0 17 17 17 0 2 2 0 0 2 16 16 18 
1
0 0 1 0 0 0 0 0 1 
2 1 0 2 0 0 1 2 0 1 0 2 0 0 1 1 0 0 1 1 0 2 1 0 1 0 0 2 0 0 0 2 2 2 0 2 0 0 0 0 1 0 2 0 1 2 2 1 0 0 0 0 0 0 1 0 1 0 1 2 0 0 0 0 0 0 1 0 0 1 1 1 0 2 2 0 0 2 0 0 2 
2 1 0 2 0 0 17 18 16 1 0 2 0 0 1 17 16 16 1 1 0 2 1 0 17 16 16 2 0 0 0 2 2 2 0 2 0 0 0 0 1 0 2 0 1 2 2 1 0 0 0 0 0 0 1 0 1 0 1 2 16 16 16 0 0 0 1 0 0 17 17 17 0 2 2 0 0 2 16 16 18 
1
0 0 1 0 0 0 0 0 1 
2 1 0 2 0 0 1 2 0 1 0 2 0 0 1 1 0 0 1 1 0 2 1 0 1 0 0 2 2 0 0 2 2 2 0 2 0 0 0 0 1 0 2 0 1 2 2 1 0 0 0 0 0 0 1 0 1 0 1 2 0 0 0 0 0 0 1 0 0 1 1 1 0 2 2 0 0 2 0 0 2 
2 1 0 2 0 0 17 18 16 1 0 2 0 0 1 17 16 16 1 1 0 2 1 0 17 16 16 2 2 0 0 2 2 2 0 2 0 0 0 0 1 0 2 0 1 2 2 1 0 0 0 0 0 0 1 0 1 0 1 2 16 16 16 0 0 0 1 0 0 17 17 17 0 2 2 0 0 2 16 16 18 
1
0 0 1 0 0 0 0 0 1 
2 1 0 2 0 0 1 2 0 1 0 2 1 0 1 1 0 0 1 1 0 2 1 0 1 0 0 2 2 0 0 2 2 2 0 2 0 0 0 0 1 0 2 0 1 2 2 1 0 0 0 0 0 0 1 0 1 0 1 2 0 0 0 0 0 0 1 0 0 1 1 1 0 2 2 0 0 2 0 0 2 
2 1 0 2 0 0 17 18 16 1 0 2 1 0 1 17 16 16 1 1 0 2 1 0 17 16 16 2 2 0 0 2 2 2 0 2 0 0 0 0 1 0 2 0 1 2 2 1 0 0 0 0 0 0 1 0 1 0 1 2 16 16 16 0 0 0 1 0 0 17 17 17 0 2 2 0 0 2 16 16 18 
1
0 0 1 0 0 0 0 0 1 
2 1 0 2 0 0 1 2 0 1 0 2 1 0 1 1 0 0 1 1 0 2 1 0 1 0 0 2 2 0 0 2 2 2 0 2 0 0 2 0 1 0 2 0 1 2 2 1 0 0 0 0 0 0 1 0 1 0 1 2 0 0 0 0 0 0 1 0 0 1 1 1 0 2 2 0 0 2 0 0 2 
2 1 0 2 0 0 17 18 16 1 0 2 1 0 1 17 16 16 1 1 0 2 1 0 17 16 16 2 2 0 0 2 2 2 0 2 0 0 2 0 1 0 2 0 1 2 2 1 0 0 0 0 0 0 1 0 1 0 1 2 16 16 16 0 0 0 1 0 0 17 17 17 0 2 2 0 0 2 16 16 18 
1
0 0 1 0 0 0 0 0 1 
2 1 0 2 0 0 1 2 0 1 0 2 1 0 1 1 0 0 1 1 0 2 1 0 1 0 0 2 2 0 0 2 2 2 1 2 0 0 2 0 1 0 2 0 1 2 2 1 0 0 0 0 0 0 1 0 1 0 1 2 0 0 0 0 0 0 1 0 0 1 1 1 0 2 2 0 0 2 0 0 2 
2 1 0 2 0 0 17 18 16 1 0 2 1 0 1 17 16 16 1 1 0 2 1 0 17 16 16 2 2 0 0 2 2 2 1 2 0 0 2 0 1 0 2 0 1 2 2 1 0 0 0 0 0 0 1 0 1 0 1 2 16 16 16 0 0 0 1 0 0 17 17 17 0 2 2 0 0 2 16 16 18 
1
0 0 1 0 0 0 0 0 1 
2 1 0 2 2 0 1 2 0 1 0 2 1 0 1 1 0 0 1 1 0 2 1 0 1 0 0 2 2 0 0 2 2 2 1 2 0 0 2 0 1 0 2 0 1 2 2 1 0 0 0 0 0 0 1 0 1 0 1 2 0 0 0 0 0 0 1 0 0 1 1 1 0 2 2 0 0 2 0 0 2 
2 1 0 2 2 0 17 18 16 1 0 2 1 0 1 17 16 16 1 1 0 2 1 0 17 16 16 2 2 0 0 2 2 2 1 2 0 0 2 0 1 0 2 0 1 2 2 1 0 0 0 0 0 0 1 0 1 0 1 2 16 16 16 0 0 0 1 0 0 17 17 17 0 2 2 0 0 2 16 16 18 
1
0 1 1 0 0 0 0 0 1 
2 1 0 2 2 0 1 2 0 1 0 2 1 1 1 1 0 0 1 1 0 2 1 0 1 0 0 2 2 0 0 2 2 2 1 2 0 0 2 0 1 0 2 0 1 2 2 1 0 0 0 0 0 0 1 0 1 0 1 2 0 0 0 0 0 0 1 0 0 1 1 1 0 2 2 0 0 2 0 0 2 
2 1 0 18 18 16 17 18 16 1 0 2 17 17 17 17 16 16 1 1 0 18 17 16 17 16 16 2 2 0 0 2 2 2 1 2 0 0 2 0 1 0 2 0 1 2 2 1 0 0 0 0 0 0 1 0 1 0 1 2 16 16 16 0 0 0 1 0 0 17 17 17 0 2 2 0 0 2 16 16 18 
1
0 1 1 0 0 0 0 0 1 
2 1 0 2 2 0 1 2 0 1 0 2 1 1 1 1 0 0 1 1 0 2 1 0 1 0 0 2 2 0 0 2 2 2 1 2 0 0 2 2 1 0 2 0 1 2 2 1 0 0 0 0 0 0 1 0 1 0 1 2 0 0 0 0 0 0 1 0 0 1 1 1 0 2 2 0 0 2 0 0 2 
2 1 0 18 18 16 17 18 16 1 0 2 17 17 17 17 16 16 1 1 0 18 17 16 17 16 16 2 2 0 0 2 2 2 1 2 0 0 2 2 1 0 2 0 1 2 2 1 0 0 0 0 0 0 1 0 1 0 1 2 16 16 16 0 0 0 1 0 0 17 17 17 0 2 2 0 0 2 16 16 18 
1
0 1 1 0 0 0 0 0 1 
2 1 0 2 2 0 1 2 0 1 0 2 1 1 1 1 0 0 1 1 0 2 1 0 1 0 0 2 2 0 0 2 2 2 1 2 0 1 2 2 1 0 2 0 1 2 2 1 0 0 0 0 0 0 1 0 1 0 1 2 0 0 0 0 0 0 1 0 0 1 1 1 0 2 2 0 0 2 0 0 2 
2 1 0 18 18 16 17 18 16 1 0 2 17 17 17 17 16 16 1 1 0 18 17 16 17 16 16 2 2 0 0 2 2 2 1 2 0 1 2 2 1 0 2 0 1 2 2 1 0 0 0 0 0 0 1 0 1 0 1 2 16 16 16 0 0 0 1 0 0 17 17 17 0 2 2 0 0 2 16 16 18 
1
0 1 1 0 0 0 0 0 1 
2 1 0 2 2 0 1 2 0 1 0 2 1 1 1 1 0 0 1 1 0 2 1 0 1 0 0 2 2 0 0 2 2 2 1 2 0 1 2 2 1 2 2 0 1 2 2 1 0 0 0 0 0 0 1 0 1 0 1 2 0 0 0 0 0 0 1 0 0 1 1 1 0 2 2 0 0 2 0 0 2 
2 1 0 18 18 16 17 18 16 1 0 2 17 17 17 17 16 16 1 1 0 18 17 16 17 16 16 2 2 0 0 2 2 2 1 2 0 1 2 2 1 2 2 0 1 2 2 1 0 0 0 0 0 0 1 0 1 0 1 2 16 16 16 0 0 0 1 0 0 17 17 17 0 2 2 0 0 2 16 16 18 
1
0 1 1 0 0 0 0 0 1 
2 1 0 2 2 0 1 2 0 1 0 2 1 1 1 1 0 0 1 1 0 2 1 0 1 0 0 2 2 0 0 2 2 2 1 2 0 1 2 2 1 2 2 1 1 2 2 1 0 0 0 0 0 0 1 0 1 0 1 2 0 0 0 0 0 0 1 0 0 1 1 1 0 2 2 0 0 2 0 0 2 
2 1 0 18 18 16 17 18 16 1 0 2 17 17 17 17 16 16 1 1 0 18 17 16 17 16 16 2 2 0 0 2 2 2 1 2 0 1 2 2 1 2 2 1 1 2 2 1 0 0 0 0 0 0 1 0 1 0 1 2 16 16 16 0 0 0 1 0 0 17 17 17 0 2 2 0 0 2 16 16 18 
1
0 1 1 0 0 0 0 0 1 
2 1 0 2 2 0 1 2 0 1 0 2 1 1 1 1 0 0 1 1 0 2 1 0 1 0 0 2 2 0 0 2 2 2 1 2 0 1 2 2 1 2 2 1 1 2 2 1 0 2 0 0 0 0 1 0 1 0 1 2 0 0 0 0 0 0 1 0 0 1 1 1 0 2 2 0 0 2 0 0 2 
2 1 0 18 18 16 17 18 16 1 0 2 17 17 17 17 16 16 1 1 0 18 17 16 17 16 16 2 2 0 0 2 2 2 1 2 0 1 2 2 1 2 2 1 1 2 2 1 0 2 0 0 0 0 1 0 1 0 1 2 16 16 16 0 0 0 1 0 0 17 17 17 0 2 2 0 0 2 16 16 18 
1
0 1 1 0 0 0 0 0 1 
2 1 0 2 2 0 1 2 0 1 0 2 1 1 1 1 0 0 1 1 0 2 1 0 1 0 0 2 2 0 0 2 2 2 1 2 0 1 2 2 1 2 2 1 1 2 2 1 0 2 0 0 0 0 1 0 1 0 1 2 0 0 0 0 0 0 1 1 0 1 1 1 0 2 2 0 0 2 0 0 2 
2 1 0 18 18 16 17 18 16 1 0 2 17 17 17 17 16 16 1 1 0 18 17 16 17 16 16 2 2 0 0 2 2 2 1 2 0 1 2 2 1 2 2 1 1 2 2 1 0 2 0 0 0 0 1 0 1 0 1 2 16 16 16 0 0 0 1 1 0 17 17 17 0 2 2 0 0 2 16 16 18 
1
0 1 1 0 0 0 0 0 1 
2 1 0 2 2 0 1 2 0 1 0 2 1 1 1 1 0 0 1 1 0 2 1 0 1 0 0 2 2 0 0 2 2 2 1 2 0 1 2 2 1 2 2 1 1 2 2 1 2 2 0 0 0 0 1 0 1 0 1 2 0 0 0 0 0 0 1 1 0 1 1 1 0 2 2 0 0 2 0 0 2 
2 1 0 18 18 16 17 18 16 1 0 2 17 17 17 17 16 16 1 1 0 18 17 16 17 16 16 2 2 0 0 2 2 2 1 2 0 1 2 2 1 2 2 1 1 2 2 1 2 2 0 0 0 0 1 0 1 0 1 2 16 16 16 0 0 0 1 1 0 17 17 17 0 2 2 0 0 2 16 16 18 
1
0 1 1 0 0 0 0 0 1 
2 1 0 2 2 0 1 2 0 1 0 2 1 1 1 1 0 0 1 1 0 2 1 0 1 0 0 2 2 0 0 2 2 2 1 2 0 1 2 2 1 2 2 1 1 2 2 1 2 2 0 0 0 0 1 0 1 0 1 2 0 0 0 0 1 0 1 1 0 1 1 1 0 2 2 0 0 2 0 0 2 
2 1 0 18 18 16 17 18 16 1 0 2 17 17 17 17 16 16 1 1 0 18 17 16 17 16 16 2 2 0 0 2 2 2 1 2 0 1 2 2 1 2 2 1 1 2 2 1 2 2 0 0 0 0 1 0 1 0 1 2 16 16 16 0 1 0 1 1 0 17 17 17 0 2 2 0 0 2 16 16 18 
1
0 1 1 0 2 0 0 0 1 
2 1 0 2 2 0 1 2 0 1 0 2 1 1 1 1 0 0 1 1 0 2 1 0 1 0 0 2 2 0 0 2 2 2 1 2 0 1 2 2 1 2 2 1 1 2 2 1 2 2 2 0 0 0 1 0 1 0 1 2 0 0 0 0 1 0 1 1 0 1 1 1 0 2 2 0 0 2 0 0 2 
2 1 0 18 18 16 17 18 16 1 0 2 17 17 17 17 16 16 1 1 0 18 17 16 17 16 16 2 2 0 32 34 34 2 1 2 0 1 2 34 33 34 2 1 1 2 2 1 34 34 34 0 0 0 1 0 1 0 1 2 16 16 16 0 1 0 1 1 0 17 17 17 0 2 2 0 0 2 16 16 18 
1
1 1 1 0 2 0 0 0 1 
2 1 0 2 2 0 1 2 0 1 1 2 1 1 1 1 0 0 1 1 0 2 1 0 1 0 0 2 2 0 0 2 2 2 1 2 0 1 2 2 1 2 2 1 1 2 2 1 2 2 2 0 0 0 1 0 1 0 1 2 0 0 0 0 1 0 1 1 0 1 1 1 0 2 2 0 0 2 0 0 2 
18 17 16 18 18 16 17 18 16 17 17 18 17 17 17 17 16 16 17 17 16 18 17 16 17 16 16 2 2 0 32 34 34 2 1 2 0 1 2 34 33 34 2 1 1 2 2 1 34 34 34 0 0 0 1 0 1 0 1 2 16 16 16 0 1 0 1 1 0 17 17 17 0 2 2 0 0 2 16 16 18 
1
1 1 1 0 2 0 0 0 1 
2 1 0 2 2 0 1 2 0 1 1 2 1 1 1 1 0 0 1 1 0 2 1 0 1 0 0 2 2 0 0 2 2 2 1 2 0 1 2 2 1 2 2 1 1 2 2 1 2 2 2 0 0 0 1 0 1 0 1 2 0 0 0 0 1 0 1 1 0 1 1 1 0 2 2 0 0 2 0 0 2 
18 17 16 18 18 16 17 18 16 17 17 18 17 17 17 17 16 16 17 17 16 18 17 16 17 16 16 2 2 0 32 34 34 2 1 2 0 1 2 34 33 34 2 1 1 2 2 1 34 34 34 0 0 0 1 0 1 0 1 2 16 16 16 0 1 0 1 1 0 17 17 17 0 2 2 0 0 2 16 16 18 
1
