0 0 0 0 0 0 0 0 0 
0 0 0 0 0 0 0 0 0 0 0 0 0 0 0 0 0 0 0 0 0 0 0 0 0 0 1 0 0 0 0 0 0 0 0 0 0 0 0 0 0 0 0 0 0 0 0 0 0 0 0 0 0 0 0 0 0 0 0 0 0 0 0 0 0 0 0 0 0 0 0 0 0 0 0 0 0 0 0 0 0 
0 0 0 0 0 0 0 0 0 0 0 0 0 0 0 0 0 0 0 0 0 0 0 0 0 0 1 0 0 0 0 0 0 0 0 0 0 0 0 0 0 0 0 0 0 0 0 0 0 0 0 0 0 0 0 0 0 0 0 0 0 0 0 0 0 0 0 0 0 0 0 0 0 0 0 0 0 0 0 0 0 
1
0 0 0 0 0 0 0 0 0 
0 0 0 0 0 0 0 0 0 0 0 0 0 0 0 0 0 0 0 0 0 0 0 0 0 0 1 0 0 0 0 0 0 0 0 0 0 0 0 0 0 0 0 0 0 0 0 0 0 0 0 0 0 0 0 0 0 0 0 0 0 2 0 0 0 0 0 0 0 0 0 0 0 0 0 0 0 0 0 0 0 
0 0 0 0 0 0 0 0 0 0 0 0 0 0 0 0 0 0 0 0 0 0 0 0 0 0 1 0 0 0 0 0 0 0 0 0 0 0 0 0 0 0 0 0 0 0 0 0 0 0 0 0 0 0 0 0 0 0 0 0 0 2 0 0 0 0 0 0 0 0 0 0 0 0 0 0 0 0 0 0 0 
1
0 0 0 0 0 0 0 0 0 
0 0 0 0 1 0 0 0 0 0 0 0 0 0 0 0 0 0 0 0 0 0 0 0 0 0 1 0 0 0 0 0 0 0 0 0 0 0 0 0 0 0 0 0 0 0 0 0 0 0 0 0 0 0 0 0 0 0 0 0 0 2 0 0 0 0 0 0 0 0 0 0 0 0 0 0 0 0 0 0 0 
0 0 0 0 1 0 0 0 0 0 0 0 0 0 0 0 0 0 0 0 0 0 0 0 0 0 1 0 0 0 0 0 0 0 0 0 0 0 0 0 0 0 0 0 0 0 0 0 0 0 0 0 0 0 0 0 0 0 0 0 0 2 0 0 0 0 0 0 0 0 0 0 0 0 0 0 0 0 0 0 0 
1
0 0 0 0 0 0 0 0 0 
0 0 0 2 1 0 0 0 0 0 0 0 0 0 0 0 0 0 0 0 0 0 0 0 0 0 1 0 0 0 0 0 0 0 0 0 0 0 0 0 0 0 0 0 0 0 0 0 0 0 0 0 0 0 0 0 0 0 0 0 0 2 0 0 0 0 0 0 0 0 0 0 0 0 0 0 0 0 0 0 0 
0 0 0 2 1 0 0 0 0 0 0 0 0 0 0 0 0 0 0 0 0 0 0 0 0 0 1 0 0 0 0 0 0 0 0 0 0 0 0 0 0 0 0 0 0 0 0 0 0 0 0 0 0 0 0 0 0 0 0 0 0 2 0 0 0 0 0 0 0 0 0 0 0 0 0 0 0 0 0 0 0 
1
0 0 0 0 0 0 0 0 0 
0 1 0 2 1 0 0 0 0 0 0 0 0 0 0 0 0 0 0 0 0 0 0 0 0 0 1 0 0 0 0 0 0 0 0 0 0 0 0 0 0 0 0 0 0 0 0 0 0 0 0 0 0 0 0 0 0 0 0 0 0 2 0 0 0 0 0 0 0 0 0 0 0 0 0 0 0 0 0 0 0 
0 1 0 2 1 0 0 0 0 0 0 0 0 0 0 0 0 0 0 0 0 0 0 0 0 0 1 0 0 0 0 0 0 0 0 0 0 0 0 0 0 0 0 0 0 0 0 0 0 0 0 0 0 0 0 0 0 0 0 0 0 2 0 0 0 0 0 0 0 0 0 0 0 0 0 0 0 0 0 0 0 
1
0 0 0 0 0 0 0 0 0 
0 1 0 2 1 0 0 0 0 0 0 0 2 0 0 0 0 0 0 0 0 0 0 0 0 0 1 0 0 0 0 0 0 0 0 0 0 0 0 0 0 0 0 0 0 0 0 0 0 0 0 0 0 0 0 0 0 0 0 0 0 2 0 0 0 0 0 0 0 0 0 0 0 0 0 0 0 0 0 0 0 
0 1 0 2 1 0 0 0 0 0 0 0 2 0 0 0 0 0 0 0 0 0 0 0 0 0 1 0 0 0 0 0 0 0 0 0 0 0 0 0 0 0 0 0 0 0 0 0 0 0 0 0 0 0 0 0 0 0 0 0 0 2 0 0 0 0 0 0 0 0 0 0 0 0 0 0 0 0 0 0 0 
1
0 0 0 0 0 0 0 0 0 
0 1 0 2 1 0 0 0 0 0 0 0 2 0 0 0 0 0 0 0 0 0 0 0 0 0 1 1 0 0 0 0 0 0 0 0 0 0 0 0 0 0 0 0 0 0 0 0 0 0 0 0 0 0 0 0 0 0 0 0 0 2 0 0 0 0 0 0 0 0 0 0 0 0 0 0 0 0 0 0 0 
0 1 0 2 1 0 0 0 0 0 0 0 2 0 0 0 0 0 0 0 0 0 0 0 0 0 1 1 0 0 0 0 0 0 0 0 0 0 0 0 0 0 0 0 0 0 0 0 0 0 0 0 0 0 0 0 0 0 0 0 0 2 0 0 0 0 0 0 0 0 0 0 0 0 0 0 0 0 0 0 0 
1
0 0 0 0 0 0 0 0 0 
2 1 0 2 1 0 0 0 0 0 0 0 2 0 0 0 0 0 0 0 0 0 0 0 0 0 1 1 0 0 0 0 0 0 0 0 0 0 0 0 0 0 0 0 0 0 0 0 0 0 0 0 0 0 0 0 0 0 0 0 0 2 0 0 0 0 0 0 0 0 0 0 0 0 0 0 0 0 0 0 0 
2 1 0 2 1 0 0 0 0 0 0 0 2 0 0 0 0 0 0 0 0 0 0 0 0 0 1 1 0 0 0 0 0 0 0 0 0 0 0 0 0 0 0 0 0 0 0 0 0 0 0 0 0 0 0 0 0 0 0 0 0 2 0 0 0 0 0 0 0 0 0 0 0 0 0 0 0 0 0 0 0 
1
0 0 0 0 0 0 0 0 0 
2 1 0 2 1 0 0 0 0 0 1 0 2 0 0 0 0 0 0 0 0 0 0 0 0 0 1 1 0 0 0 0 0 0 0 0 0 0 0 0 0 0 0 0 0 0 0 0 0 0 0 0 0 0 0 0 0 0 0 0 0 2 0 0 0 0 0 0 0 0 0 0 0 0 0 0 0 0 0 0 0 
2 1 0 2 1 0 0 0 0 0 1 0 2 0 0 0 0 0 0 0 0 0 0 0 0 0 1 1 0 0 0 0 0 0 0 0 0 0 0 0 0 0 0 0 0 0 0 0 0 0 0 0 0 0 0 0 0 0 0 0 0 2 0 0 0 0 0 0 0 0 0 0 0 0 0 0 0 0 0 0 0 
1
0 0 0 0 0 0 0 0 0 
2 1 0 2 1 0 0 0 0 0 1 0 2 0 0 0 0 0 0 0 0 0 0 0 0 0 1 1 0 0 0 0 0 0 0 0 0 0 0 0 0 0 0 0 0 0 0 0 0 0 2 0 0 0 0 0 0 0 0 0 0 2 0 0 0 0 0 0 0 0 0 0 0 0 0 0 0 0 0 0 0 
2 1 0 2 1 0 0 0 0 0 1 0 2 0 0 0 0 0 0 0 0 0 0 0 0 0 1 1 0 0 0 0 0 0 0 0 0 0 0 0 0 0 0 0 0 0 0 0 0 0 2 0 0 0 0 0 0 0 0 0 0 2 0 0 0 0 0 0 0 0 0 0 0 0 0 0 0 0 0 0 0 
1
0 0 0 0 0 0 0 0 0 
2 1 0 2 1 0 0 0 0 0 1 0 2 0 0 0 0 0 0 0 0 0 0 0 0 0 1 1 0 0 0 0 0 0 0 0 0 0 0 0 0 0 0 0 0 0 0 0 0 0 2 0 0 0 0 0 0 0 0 0 0 2 1 0 0 0 0 0 0 0 0 0 0 0 0 0 0 0 0 0 0 
2 1 0 2 1 0 0 0 0 0 1 0 2 0 0 0 0 0 0 0 0 0 0 0 0 0 1 1 0 0 0 0 0 0 0 0 0 0 0 0 0 0 0 0 0 0 0 0 0 0 2 0 0 0 0 0 0 0 0 0 0 2 1 0 0 0 0 0 0 0 0 0 0 0 0 0 0 0 0 0 0 
1
0 0 0 0 0 0 0 0 0 
2 1 0 2 1 0 0 0 0 0 1 0 2 0 0 0 0 0 0 0 0 0 0 0 2 0 1 1 0 0 0 0 0 0 0 0 0 0 0 0 0 0 0 0 0 0 0 0 0 0 2 0 0 0 0 0 0 0 0 0 0 2 1 0 0 0 0 0 0 0 0 0 0 0 0 0 0 0 0 0 0 
2 1 0 2 1 0 0 0 0 0 1 0 2 0 0 0 0 0 0 0 0 0 0 0 2 0 1 1 0 0 0 0 0 0 0 0 0 0 0 0 0 0 0 0 0 0 0 0 0 0 2 0 0 0 0 0 0 0 0 0 0 2 1 0 0 0 0 0 0 0 0 0 0 0 0 0 0 0 0 0 0 
1
0 0 0 0 0 0 0 0 0 
2 1 0 2 1 0 0 0 0 0 1 0 2 0 0 0 0 0 0 0 0 0 0 0 2 0 1 1 0 0 0 0 0 0 0 0 0 0 0 0 0 0 0 0 0 0 0 0 0 0 2 0 0 0 0 0 0 0 0 0 0 2 1 0 0 0 0 0 0 0 0 0 1 0 0 0 0 0 0 0 0 
2 1 0 2 1 0 0 0 0 0 1 0 2 0 0 0 0 0 0 0 0 0 0 0 2 0 1 1 0 0 0 0 0 0 0 0 0 0 0 0 0 0 0 0 0 0 0 0 0 0 2 0 0 0 0 0 0 0 0 0 0 2 1 0 0 0 0 0 0 0 0 0 1 0 0 0 0 0 0 0 0 
1
0 0 0 0 0 0 0 0 0 
2 1 0 2 1 0 0 0 0 0 1 0 2 0 0 0 0 0 0 0 0 0 0 0 2 0 1 1 0 0 0 0 0 0 0 0 0 0 0 0 0 0 0 0 0 0 0 0 0 0 2 0 0 0 2 0 0 0 0 0 0 2 1 0 0 0 0 0 0 0 0 0 1 0 0 0 0 0 0 0 0 
2 1 0 2 1 0 0 0 0 0 1 0 2 0 0 0 0 0 0 0 0 0 0 0 2 0 1 1 0 0 0 0 0 0 0 0 0 0 0 0 0 0 0 0 0 0 0 0 0 0 2 0 0 0 2 0 0 0 0 0 0 2 1 0 0 0 0 0 0 0 0 0 1 0 0 0 0 0 0 0 0 
1
1 0 0 0 0 0 0 0 0 
2 1 0 2 1 0 0 0 0 0 1 0 2 0 0 0 0 0 0 1 0 0 0 0 2 0 1 1 0 0 0 0 0 0 0 0 0 0 0 0 0 0 0 0 0 0 0 0 0 0 2 0 0 0 2 0 0 0 0 0 0 2 1 0 0 0 0 0 0 0 0 0 1 0 0 0 0 0 0 0 0 
18 17 16 2 1 0 0 0 0 16 17 16 2 0 0 0 0 0 16 17 16 0 0 0 2 0 1 1 0 0 0 0 0 0 0 0 0 0 0 0 0 0 0 0 0 0 0 0 0 0 2 0 0 0 2 0 0 0 0 0 0 2 1 0 0 0 0 0 0 0 0 0 1 0 0 0 0 0 0 0 0 
1
1 0 0 0 0 0 0 0 0 
2 1 0 2 1 0 0 0 0 0 1 0 2 0 0 0 0 0 0 1 0 0 0 0 2 0 1 1 0 0 0 0 0 0 0 0 0 0 0 0 0 0 0 0 0 0 0 0 0 0 2 0 0 0 2 0 0 2 0 0 0 2 1 0 0 0 0 0 0 0 0 0 1 0 0 0 0 0 0 0 0 
18 17 16 2 1 0 0 0 0 16 17 16 2 0 0 0 0 0 16 17 16 0 0 0 2 0 1 1 0 0 0 0 0 0 0 0 0 0 0 0 0 0 0 0 0 0 0 0 0 0 2 0 0 0 2 0 0 2 0 0 0 2 1 0 0 0 0 0 0 0 0 0 1 0 0 0 0 0 0 0 0 
1
1 0 0 0 0 0 0 0 0 
2 1 0 2 1 0 0 0 0 0 1 0 2 0 0 0 0 0 0 1 0 1 0 0 2 0 1 1 0 0 0 0 0 0 0 0 0 0 0 0 0 0 0 0 0 0 0 0 0 0 2 0 0 0 2 0 0 2 0 0 0 2 1 0 0 0 0 0 0 0 0 0 1 0 0 0 0 0 0 0 0 
18 17 16 2 1 0 0 0 0 16 17 16 2 0 0 0 0 0 16 17 16 1 0 0 2 0 1 1 0 0 0 0 0 0 0 0 0 0 0 0 0 0 0 0 0 0 0 0 0 0 2 0 0 0 2 0 0 2 0 0 0 2 1 0 0 0 0 0 0 0 0 0 1 0 0 0 0 0 0 0 0 
1
1 0 0 0 0 0 0 0 0 
2 1 0 2 1 0 0 0 0 0 1 0 2 0 0 0 0 0 0 1 0 1 0 0 2 0 1 1 0 0 0 0 0 0 0 0 0 0 0 0 0 0 0 0 0 0 0 0 0 0 2 0 0 0 2 0 0 2 0 0 0 2 1 0 0 2 0 0 0 0 0 0 1 0 0 0 0 0 0 0 0 
18 17 16 2 1 0 0 0 0 16 17 16 2 0 0 0 0 0 16 17 16 1 0 0 2 0 1 1 0 0 0 0 0 0 0 0 0 0 0 0 0 0 0 0 0 0 0 0 0 0 2 0 0 0 2 0 0 2 0 0 0 2 1 0 0 2 0 0 0 0 0 0 1 0 0 0 0 0 0 0 0 
1
1 0 0 0 0 0 0 0 0 
2 1 0 2 1 0 0 0 0 0 1 0 2 0 0 0 0 0 0 1 0 1 0 0 2 0 1 1 0 0 0 0 0 0 0 0 0 0 0 0 0 0 0 0 1 0 0 0 0 0 2 0 0 0 2 0 0 2 0 0 0 2 1 0 0 2 0 0 0 0 0 0 1 0 0 0 0 0 0 0 0 
18 17 16 2 1 0 0 0 0 16 17 16 2 0 0 0 0 0 16 17 16 1 0 0 2 0 1 1 0 0 0 0 0 0 0 0 0 0 0 0 0 0 0 0 1 0 0 0 0 0 2 0 0 0 2 0 0 2 0 0 0 2 1 0 0 2 0 0 0 0 0 0 1 0 0 0 0 0 0 0 0 
1
1 0 0 0 0 0 0 0 0 
2 1 0 2 1 0 0 0 0 0 1 0 2 0 0 0 0 0 0 1 0 1 0 0 2 0 1 1 0 0 0 0 0 0 0 2 0 0 0 0 0 0 0 0 1 0 0 0 0 0 2 0 0 0 2 0 0 2 0 0 0 2 1 0 0 2 0 0 0 0 0 0 1 0 0 0 0 0 0 0 0 
18 17 16 2 1 0 0 0 0 16 17 16 2 0 0 0 0 0 16 17 16 1 0 0 2 0 1 1 0 0 0 0 0 0 0 2 0 0 0 0 0 0 0 0 1 0 0 0 0 0 2 0 0 0 2 0 0 2 0 0 0 2 1 0 0 2 0 0 0 0 0 0 1 0 0 0 0 0 0 0 0 
1
1 0 0 0 0 0 0 0 0 
2 1 0 2 1 0 0 0 0 0 1 0 2 0 0 0 0 1 0 1 0 1 0 0 2 0 1 1 0 0 0 0 0 0 0 2 0 0 0 0 0 0 0 0 1 0 0 0 0 0 2 0 0 0 2 0 0 2 0 0 0 2 1 0 0 2 0 0 0 0 0 0 1 0 0 0 0 0 0 0 0 
18 17 16 2 1 0 0 0 0 16 17 16 2 0 0 0 0 1 16 17 16 1 0 0 2 0 1 1 0 0 0 0 0 0 0 2 0 0 0 0 0 0 0 0 1 0 0 0 0 0 2 0 0 0 2 0 0 2 0 0 0 2 1 0 0 2 0 0 0 0 0 0 1 0 0 0 0 0 0 0 0 
1
1 0 0 0 0 0 0 0 0 
2 1 0 2 1 0 0 0 0 0 1 0 2 0 0 0 0 1 0 1 0 1 0 0 2 0 1 1 0 0 0 0 0 0 0 2 0 0 0 0 0 0 0 2 1 0 0 0 0 0 2 0 0 0 2 0 0 2 0 0 0 2 1 0 0 2 0 0 0 0 0 0 1 0 0 0 0 0 0 0 0 
18 17 16 2 1 0 0 0 0 16 17 16 2 0 0 0 0 1 16 17 16 1 0 0 2 0 1 1 0 0 0 0 0 0 0 2 0 0 0 0 0 0 0 2 1 0 0 0 0 0 2 0 0 0 2 0 0 2 0 0 0 2 1 0 0 2 0 0 0 0 0 0 1 0 0 0 0 0 0 0 0 
1
1 0 0 0 0 0 0 0 0 
2 1 0 2 1 0 0 0 0 0 1 0 2 0 0 0 0 1 0 1 0 1 0 0 2 0 1 1 0 0 0 0 0 0 0 2 0 0 0 0 1 0 0 2 1 0 0 0 0 0 2 0 0 0 2 0 0 2 0 0 0 2 1 0 0 2 0 0 0 0 0 0 1 0 0 0 0 0 0 0 0 
18 17 16 2 1 0 0 0 0 16 17 16 2 0 0 0 0 1 16 17 16 1 0 0 2 0 1 1 0 0 0 0 0 0 0 2 0 0 0 0 1 0 0 2 1 0 0 0 0 0 2 0 0 0 2 0 0 2 0 0 0 2 1 0 0 2 0 0 0 0 0 0 1 0 0 0 0 0 0 0 0 
1
1 0 0 0 0 0 0 0 0 
2 1 0 2 1 0 0 0 0 0 1 0 2 0 0 0 0 1 0 1 0 1 0 0 2 0 1 1 0 0 0 0 0 0 0 2 0 0 0 0 1 0 0 2 1 0 0 0 2 0 2 0 0 0 2 0 0 2 0 0 0 2 1 0 0 2 0 0 0 0 0 0 1 0 0 0 0 0 0 0 0 
18 17 16 2 1 0 0 0 0 16 17 16 2 0 0 0 0 1 16 17 16 1 0 0 2 0 1 1 0 0 0 0 0 0 0 2 0 0 0 0 1 0 0 2 1 0 0 0 2 0 2 0 0 0 2 0 0 2 0 0 0 2 1 0 0 2 0 0 0 0 0 0 1 0 0 0 0 0 0 0 0 
1
1 0 0 0 0 0 0 0 0 
2 1 0 2 1 0 0 0 0 0 1 0 2 0 0 0 0 1 0 1 0 1 0 0 2 0 1 1 0 0 0 0 0 0 0 2 0 0 0 0 1 0 0 2 1 0 0 0 2 0 2 0 0 0 2 0 0 2 0 0 0 2 1 0 0 2 0 0 0 0 0 0 1 1 0 0 0 0 0 0 0 
18 17 16 2 1 0 0 0 0 16 17 16 2 0 0 0 0 1 16 17 16 1 0 0 2 0 1 1 0 0 0 0 0 0 0 2 0 0 0 0 1 0 0 2 1 0 0 0 2 0 2 0 0 0 2 0 0 2 0 0 0 2 1 0 0 2 0 0 0 0 0 0 1 1 0 0 0 0 0 0 0 
1
1 0 0 0 0 0 0 0 0 
2 1 0 2 1 0 0 0 0 0 1 0 2 0 0 0 0 1 0 1 0 1 0 0 2 0 1 1 0 0 0 0 0 0 0 2 0 0 0 0 1 0 0 2 1 0 0 0 2 0 2 0 0 0 2 0 0 2 0 0 0 2 1 0 0 2 0 0 0 0 0 0 1 1 0 0 0 2 0 0 0 
18 17 16 2 1 0 0 0 0 16 17 16 2 0 0 0 0 1 16 17 16 1 0 0 2 0 1 1 0 0 0 0 0 0 0 2 0 0 0 0 1 0 0 2 1 0 0 0 2 0 2 0 0 0 2 0 0 2 0 0 0 2 1 0 0 2 0 0 0 0 0 0 1 1 0 0 0 2 0 0 0 
1
1 0 0 0 0 0 0 0 0 
2 1 0 2 1 0 0 0 0 0 1 0 2 0 0 0 0 1 0 1 0 1 0 0 2 0 1 1 0 0 0 0 0 0 0 2 0 0 0 0 1 0 0 2 1 0 0 0 2 0 2 0 0 0 2 0 0 2 0 0 0 2 1 0 0 2 0 0 0 0 0 0 1 1 0 0 0 2 0 0 1 
18 17 16 2 1 0 0 0 0 16 17 16 2 0 0 0 0 1 16 17 16 1 0 0 2 0 1 1 0 0 0 0 0 0 0 2 0 0 0 0 1 0 0 2 1 0 0 0 2 0 2 0 0 0 2 0 0 2 0 0 0 2 1 0 0 2 0 0 0 0 0 0 1 1 0 0 0 2 0 0 1 
1
1 0 0 0 0 0 0 0 0 
2 1 0 2 1 0 0 0 0 0 1 0 2 0 0 0 0 1 0 1 0 1 0 0 2 0 1 1 0 0 0 0 0 0 0 2 0 0 0 0 1 0 0 2 1 0 0 0 2 0 2 0 0 0 2 0 0 2 0 0 2 2 1 0 0 2 0 0 0 0 0 0 1 1 0 0 0 2 0 0 1 
18 17 16 2 1 0 0 0 0 16 17 16 2 0 0 0 0 1 16 17 16 1 0 0 2 0 1 1 0 0 0 0 0 0 0 2 0 0 0 0 1 0 0 2 1 0 0 0 2 0 2 0 0 0 2 0 0 2 0 0 2 2 1 0 0 2 0 0 0 0 0 0 1 1 0 0 0 2 0 0 1 
1
1 0 0 0 0 0 0 0 1 
2 1 0 2 1 0 0 0 0 0 1 0 2 0 0 0 0 1 0 1 0 1 0 0 2 0 1 1 0 0 0 0 0 0 0 2 0 0 0 0 1 0 0 2 1 0 0 0 2 0 2 0 0 0 2 0 0 2 0 0 2 2 1 0 0 2 0 0 0 0 0 1 1 1 0 0 0 2 0 0 1 
18 17 16 2 1 0 0 0 0 16 17 16 2 0 0 0 0 1 16 17 16 1 0 0 2 0 1 1 0 0 0 0 0 0 0 2 0 0 0 0 1 0 0 2 1 0 0 0 2 0 2 0 0 0 2 0 0 2 0 0 18 18 17 0 0 2 0 0 0 16 16 17 1 1 0 0 0 2 16 16 17 
1
1 0 0 0 0 2 0 0 1 
2 1 0 2 1 0 0 0 0 0 1 0 2 0 0 0 0 1 0 1 0 1 0 0 2 0 1 1 0 0 0 0 0 0 0 2 0 0 0 0 1 0 0 2 1 0 0 0 2 0 2 2 0 0 2 0 0 2 0 0 2 2 1 0 0 2 0 0 0 0 0 1 1 1 0 0 0 2 0 0 1 
18 17 16 2 1 0 0 0 0 16 17 16 2 0 0 0 0 1 16 17 16 1 0 0 2 0 1 1 0 0 0 0 0 32 32 34 0 0 0 0 1 0 32 34 33 0 0 0 2 0 2 34 32 32 2 0 0 2 0 0 18 18 17 0 0 2 0 0 0 16 16 17 1 1 0 0 0 2 16 16 17 
1
1 0 0 0 0 2 1 0 1 
2 1 0 2 1 0 0 0 0 0 1 0 2 0 0 0 0 1 0 1 0 1 0 0 2 0 1 1 0 0 0 0 0 0 0 2 0 0 0 0 1 0 0 2 1 0 0 0 2 0 2 2 0 0 2 0 0 2 0 0 2 2 1 0 0 2 0 0 0 0 0 1 1 1 1 0 0 2 0 0 1 
18 17 16 2 1 0 0 0 0 16 17 16 2 0 0 0 0 1 16 17 16 1 0 0 2 0 1 1 0 0 0 0 0 32 32 34 0 0 0 0 1 0 32 34 33 0 0 0 2 0 2 34 32 32 18 16 16 2 0 0 18 18 17 16 16 18 0 0 0 16 16 17 17 17 17 0 0 2 16 16 17 
1
1 0 0 0 0 2 1 0 1 
2 1 0 2 1 0 0 0 0 0 1 0 2 0 0 0 0 1 0 1 0 1 0 0 2 0 1 1 0 0 2 0 0 0 0 2 0 0 0 0 1 0 0 2 1 0 0 0 2 0 2 2 0 0 2 0 0 2 0 0 2 2 1 0 0 2 0 0 0 0 0 1 1 1 1 0 0 2 0 0 1 
18 17 16 2 1 0 0 0 0 16 17 16 2 0 0 0 0 1 16 17 16 1 0 0 2 0 1 1 0 0 2 0 0 32 32 34 0 0 0 0 1 0 32 34 33 0 0 0 2 0 2 34 32 32 18 16 16 2 0 0 18 18 17 16 16 18 0 0 0 16 16 17 17 17 17 0 0 2 16 16 17 
1
1 0 0 0 0 2 1 0 1 
2 1 0 2 1 0 0 0 0 0 1 0 2 0 0 0 0 1 0 1 0 1 0 0 2 0 1 1 0 0 2 0 0 0 0 2 0 0 0 1 1 0 0 2 1 0 0 0 2 0 2 2 0 0 2 0 0 2 0 0 2 2 1 0 0 2 0 0 0 0 0 1 1 1 1 0 0 2 0 0 1 
18 17 16 2 1 0 0 0 0 16 17 16 2 0 0 0 0 1 16 17 16 1 0 0 2 0 1 1 0 0 2 0 0 32 32 34 0 0 0 1 1 0 32 34 33 0 0 0 2 0 2 34 32 32 18 16 16 2 0 0 18 18 17 16 16 18 0 0 0 16 16 17 17 17 17 0 0 2 16 16 17 
1
1 0 0 0 0 2 1 0 1 
2 1 0 2 1 0 0 0 0 0 1 0 2 0 0 0 0 1 0 1 0 1 0 0 2 0 1 1 0 2 2 0 0 0 0 2 0 0 0 1 1 0 0 2 1 0 0 0 2 0 2 2 0 0 2 0 0 2 0 0 2 2 1 0 0 2 0 0 0 0 0 1 1 1 1 0 0 2 0 0 1 
18 17 16 2 1 0 0 0 0 16 17 16 2 0 0 0 0 1 16 17 16 1 0 0 2 0 1 1 0 2 2 0 0 32 32 34 0 0 0 1 1 0 32 34 33 0 0 0 2 0 2 34 32 32 18 16 16 2 0 0 18 18 17 16 16 18 0 0 0 16 16 17 17 17 17 0 0 2 16 16 17 
1
1 0 1 0 0 2 1 0 1 
2 1 0 2 1 0 0 0 1 0 1 0 2 0 0 0 0 1 0 1 0 1 0 0 2 0 1 1 0 2 2 0 0 0 0 2 0 0 0 1 1 0 0 2 1 0 0 0 2 0 2 2 0 0 2 0 0 2 0 0 2 2 1 0 0 2 0 0 0 0 0 1 1 1 1 0 0 2 0 0 1 
18 17 16 2 1 0 16 16 17 16 17 16 2 0 0 16 16 17 16 17 16 1 0 0 18 16 17 1 0 2 2 0 0 32 32 34 0 0 0 1 1 0 32 34 33 0 0 0 2 0 2 34 32 32 18 16 16 2 0 0 18 18 17 16 16 18 0 0 0 16 16 17 17 17 17 0 0 2 16 16 17 
1
1 0 1 0 0 2 1 0 1 
2 1 0 2 1 0 0 0 1 0 1 0 2 0 0 0 0 1 0 1 0 1 0 0 2 0 1 1 0 2 2 0 0 0 0 2 0 0 0 1 1 0 0 2 1 0 0 0 2 0 2 2 0 0 2 0 0 2 0 0 2 2 1 0 0 2 0 0 0 0 0 1 1 1 1 0 2 2 0 0 1 
18 17 16 2 1 0 16 16 17 16 17 16 2 0 0 16 16 17 16 17 16 1 0 0 18 16 17 1 0 2 2 0 0 32 32 34 0 0 0 1 1 0 32 34 33 0 0 0 2 0 2 34 32 32 18 16 16 2 0 0 18 18 17 16 16 18 0 0 0 16 16 17 17 17 17 0 2 2 16 16 17 
1
1 0 1 0 0 2 1 0 1 
2 1 0 2 1 0 0 0 1 0 1 0 2 0 0 0 0 1 0 1 0 1 0 0 2 0 1 1 0 2 2 0 0 0 0 2 0 0 0 1 1 0 0 2 1 0 0 0 2 0 2 2 0 0 2 0 0 2 0 0 2 2 1 0 0 2 0 0 0 0 0 1 1 1 1 1 2 2 0 0 1 
18 17 16 2 1 0 16 16 17 16 17 16 2 0 0 16 16 17 16 17 16 1 0 0 18 16 17 1 0 2 2 0 0 32 32 34 0 0 0 1 1 0 32 34 33 0 0 0 2 0 2 34 32 32 18 16 16 2 0 0 18 18 17 16 16 18 0 0 0 16 16 17 17 17 17 1 2 2 16 16 17 
1
1 0 1 0 0 2 1 0 1 
2 1 0 2 1 0 0 0 1 0 1 0 2 0 0 0 0 1 0 1 0 1 0 0 2 0 1 1 0 2 2 0 0 0 0 2 0 2 0 1 1 0 0 2 1 0 0 0 2 0 2 2 0 0 2 0 0 2 0 0 2 2 1 0 0 2 0 0 0 0 0 1 1 1 1 1 2 2 0 0 1 
18 17 16 2 1 0 16 16 17 16 17 16 2 0 0 16 16 17 16 17 16 1 0 0 18 16 17 1 0 2 2 0 0 32 32 34 0 2 0 1 1 0 32 34 33 0 0 0 2 0 2 34 32 32 18 16 16 2 0 0 18 18 17 16 16 18 0 0 0 16 16 17 17 17 17 1 2 2 16 16 17 
1
1 0 1 0 1 2 1 0 1 
2 1 0 2 1 0 0 0 1 0 1 0 2 0 0 0 0 1 0 1 0 1 0 0 2 0 1 1 0 2 2 0 0 0 0 2 0 2 0 1 1 1 0 2 1 0 0 0 2 0 2 2 0 0 2 0 0 2 0 0 2 2 1 0 0 2 0 0 0 0 0 1 1 1 1 1 2 2 0 0 1 
18 17 16 2 1 0 16 16 17 16 17 16 2 0 0 16 16 17 16 17 16 1 0 0 18 16 17 1 0 2 18 16 16 32 32 34 0 2 0 17 17 17 32 34 33 0 0 0 18 16 18 34 32 32 18 16 16 2 0 0 18 18 17 16 16 18 0 0 0 16 16 17 17 17 17 1 2 2 16 16 17 
1
1 0 1 0 1 2 1 0 1 
2 1 0 2 1 0 0 0 1 0 1 0 2 0 0 0 0 1 0 1 0 1 0 0 2 0 1 1 0 2 2 0 0 0 0 2 0 2 0 1 1 1 0 2 1 0 0 0 2 0 2 2 0 0 2 0 0 2 0 0 2 2 1 0 0 2 0 0 0 0 0 1 1 1 1 1 2 2 0 0 1 
18 17 16 2 1 0 16 16 17 16 17 16 2 0 0 16 16 17 16 17 16 1 0 0 18 16 17 1 0 2 18 16 16 32 32 34 0 2 0 17 17 17 32 34 33 0 0 0 18 16 18 34 32 32 18 16 16 2 0 0 18 18 17 16 16 18 0 0 0 16 16 17 17 17 17 1 2 2 16 16 17 
1
