0 0 0 0 0 0 0 0 0 
0 0 0 0 0 0 0 0 0 0 0 0 0 0 0 0 0 0 0 0 0 0 0 0 0 0 0 0 0 0 0 0 0 0 0 0 0 0 0 0 1 0 0 0 0 0 0 0 0 0 0 0 0 0 0 0 0 0 0 0 0 0 0 0 0 0 0 0 0 0 0 0 0 0 0 0 0 0 0 0 0 
0 0 0 0 0 0 0 0 0 0 0 0 0 0 0 0 0 0 0 0 0 0 0 0 0 0 0 0 0 0 0 0 0 0 0 0 0 0 0 0 1 0 0 0 0 0 0 0 0 0 0 0 0 0 0 0 0 0 0 0 0 0 0 0 0 0 0 0 0 0 0 0 0 0 0 0 0 0 0 0 0 
0
0 0 0 0 0 0 0 0 0 
0 0 0 0 0 0 0 0 0 0 0 0 0 0 0 0 0 0 0 0 0 0 0 0 0 0 0 0 0 0 0 0 0 0 0 0 0 0 0 2 1 0 0 0 0 0 0 0 0 0 0 0 0 0 0 0 0 0 0 0 0 0 0 0 0 0 0 0 0 0 0 0 0 0 0 0 0 0 0 0 0 
0 0 0 0 0 0 0 0 0 0 0 0 0 0 0 0 0 0 0 0 0 0 0 0 0 0 0 0 0 0 0 0 0 0 0 0 0 0 0 2 1 0 0 0 0 0 0 0 0 0 0 0 0 0 0 0 0 0 0 0 0 0 0 0 0 0 0 0 0 0 0 0 0 0 0 0 0 0 0 0 0 
0
0 0 0 0 0 0 0 0 0 
0 0 0 0 0 0 0 0 0 0 0 0 0 0 0 0 0 0 0 0 0 0 0 0 0 0 0 0 1 0 0 0 0 0 0 0 0 0 0 2 1 0 0 0 0 0 0 0 0 0 0 0 0 0 0 0 0 0 0 0 0 0 0 0 0 0 0 0 0 0 0 0 0 0 0 0 0 0 0 0 0 
0 0 0 0 0 0 0 0 0 0 0 0 0 0 0 0 0 0 0 0 0 0 0 0 0 0 0 0 1 0 0 0 0 0 0 0 0 0 0 2 1 0 0 0 0 0 0 0 0 0 0 0 0 0 0 0 0 0 0 0 0 0 0 0 0 0 0 0 0 0 0 0 0 0 0 0 0 0 0 0 0 
0
0 0 0 0 0 0 0 0 0 
0 0 0 0 2 0 0 0 0 0 0 0 0 0 0 0 0 0 0 0 0 0 0 0 0 0 0 0 1 0 0 0 0 0 0 0 0 0 0 2 1 0 0 0 0 0 0 0 0 0 0 0 0 0 0 0 0 0 0 0 0 0 0 0 0 0 0 0 0 0 0 0 0 0 0 0 0 0 0 0 0 
0 0 0 0 2 0 0 0 0 0 0 0 0 0 0 0 0 0 0 0 0 0 0 0 0 0 0 0 1 0 0 0 0 0 0 0 0 0 0 2 1 0 0 0 0 0 0 0 0 0 0 0 0 0 0 0 0 0 0 0 0 0 0 0 0 0 0 0 0 0 0 0 0 0 0 0 0 0 0 0 0 
0
0 0 0 0 0 0 0 0 0 
0 0 0 0 2 0 0 0 0 0 0 0 1 0 0 0 0 0 0 0 0 0 0 0 0 0 0 0 1 0 0 0 0 0 0 0 0 0 0 2 1 0 0 0 0 0 0 0 0 0 0 0 0 0 0 0 0 0 0 0 0 0 0 0 0 0 0 0 0 0 0 0 0 0 0 0 0 0 0 0 0 
0 0 0 0 2 0 0 0 0 0 0 0 1 0 0 0 0 0 0 0 0 0 0 0 0 0 0 0 1 0 0 0 0 0 0 0 0 0 0 2 1 0 0 0 0 0 0 0 0 0 0 0 0 0 0 0 0 0 0 0 0 0 0 0 0 0 0 0 0 0 0 0 0 0 0 0 0 0 0 0 0 
0
0 0 0 0 0 0 0 0 0 
0 0 0 0 2 0 0 0 0 0 0 0 1 0 0 0 0 0 0 0 0 0 0 0 0 0 0 0 1 0 0 0 0 0 0 0 0 0 0 2 1 0 0 0 0 2 0 0 0 0 0 0 0 0 0 0 0 0 0 0 0 0 0 0 0 0 0 0 0 0 0 0 0 0 0 0 0 0 0 0 0 
0 0 0 0 2 0 0 0 0 0 0 0 1 0 0 0 0 0 0 0 0 0 0 0 0 0 0 0 1 0 0 0 0 0 0 0 0 0 0 2 1 0 0 0 0 2 0 0 0 0 0 0 0 0 0 0 0 0 0 0 0 0 0 0 0 0 0 0 0 0 0 0 0 0 0 0 0 0 0 0 0 
0
0 0 0 0 0 0 0 0 0 
0 0 0 0 2 0 0 0 0 0 0 0 1 0 0 0 0 0 0 0 0 0 0 0 0 0 0 0 1 0 0 0 0 0 0 0 0 0 0 2 1 0 0 0 0 2 0 0 0 0 0 0 0 0 1 0 0 0 0 0 0 0 0 0 0 0 0 0 0 0 0 0 0 0 0 0 0 0 0 0 0 
0 0 0 0 2 0 0 0 0 0 0 0 1 0 0 0 0 0 0 0 0 0 0 0 0 0 0 0 1 0 0 0 0 0 0 0 0 0 0 2 1 0 0 0 0 2 0 0 0 0 0 0 0 0 1 0 0 0 0 0 0 0 0 0 0 0 0 0 0 0 0 0 0 0 0 0 0 0 0 0 0 
0
0 0 0 0 0 0 0 0 0 
0 0 0 0 2 0 0 0 0 0 0 0 1 0 0 0 0 0 0 0 2 0 0 0 0 0 0 0 1 0 0 0 0 0 0 0 0 0 0 2 1 0 0 0 0 2 0 0 0 0 0 0 0 0 1 0 0 0 0 0 0 0 0 0 0 0 0 0 0 0 0 0 0 0 0 0 0 0 0 0 0 
0 0 0 0 2 0 0 0 0 0 0 0 1 0 0 0 0 0 0 0 2 0 0 0 0 0 0 0 1 0 0 0 0 0 0 0 0 0 0 2 1 0 0 0 0 2 0 0 0 0 0 0 0 0 1 0 0 0 0 0 0 0 0 0 0 0 0 0 0 0 0 0 0 0 0 0 0 0 0 0 0 
0
0 0 0 0 0 0 0 0 0 
0 0 0 0 2 0 0 0 0 0 0 0 1 0 0 0 0 0 0 0 2 0 0 0 0 0 0 0 1 0 0 0 0 0 0 0 0 0 0 2 1 0 0 0 0 2 0 0 0 0 0 0 0 0 1 0 0 0 0 0 0 0 0 0 0 0 0 0 0 0 0 1 0 0 0 0 0 0 0 0 0 
0 0 0 0 2 0 0 0 0 0 0 0 1 0 0 0 0 0 0 0 2 0 0 0 0 0 0 0 1 0 0 0 0 0 0 0 0 0 0 2 1 0 0 0 0 2 0 0 0 0 0 0 0 0 1 0 0 0 0 0 0 0 0 0 0 0 0 0 0 0 0 1 0 0 0 0 0 0 0 0 0 
0
0 0 0 0 0 0 0 0 0 
0 0 0 0 2 0 0 0 0 0 0 0 1 0 0 0 0 0 0 0 2 0 0 0 0 0 0 0 1 0 0 0 0 0 0 2 0 0 0 2 1 0 0 0 0 2 0 0 0 0 0 0 0 0 1 0 0 0 0 0 0 0 0 0 0 0 0 0 0 0 0 1 0 0 0 0 0 0 0 0 0 
0 0 0 0 2 0 0 0 0 0 0 0 1 0 0 0 0 0 0 0 2 0 0 0 0 0 0 0 1 0 0 0 0 0 0 2 0 0 0 2 1 0 0 0 0 2 0 0 0 0 0 0 0 0 1 0 0 0 0 0 0 0 0 0 0 0 0 0 0 0 0 1 0 0 0 0 0 0 0 0 0 
0
0 0 0 0 0 0 0 0 0 
0 0 0 0 2 0 0 0 1 0 0 0 1 0 0 0 0 0 0 0 2 0 0 0 0 0 0 0 1 0 0 0 0 0 0 2 0 0 0 2 1 0 0 0 0 2 0 0 0 0 0 0 0 0 1 0 0 0 0 0 0 0 0 0 0 0 0 0 0 0 0 1 0 0 0 0 0 0 0 0 0 
0 0 0 0 2 0 0 0 1 0 0 0 1 0 0 0 0 0 0 0 2 0 0 0 0 0 0 0 1 0 0 0 0 0 0 2 0 0 0 2 1 0 0 0 0 2 0 0 0 0 0 0 0 0 1 0 0 0 0 0 0 0 0 0 0 0 0 0 0 0 0 1 0 0 0 0 0 0 0 0 0 
0
0 0 0 0 0 0 0 0 0 
0 0 0 0 2 0 2 0 1 0 0 0 1 0 0 0 0 0 0 0 2 0 0 0 0 0 0 0 1 0 0 0 0 0 0 2 0 0 0 2 1 0 0 0 0 2 0 0 0 0 0 0 0 0 1 0 0 0 0 0 0 0 0 0 0 0 0 0 0 0 0 1 0 0 0 0 0 0 0 0 0 
0 0 0 0 2 0 2 0 1 0 0 0 1 0 0 0 0 0 0 0 2 0 0 0 0 0 0 0 1 0 0 0 0 0 0 2 0 0 0 2 1 0 0 0 0 2 0 0 0 0 0 0 0 0 1 0 0 0 0 0 0 0 0 0 0 0 0 0 0 0 0 1 0 0 0 0 0 0 0 0 0 
0
0 0 0 0 0 0 0 0 0 
0 0 0 0 2 0 2 0 1 0 0 0 1 0 0 0 0 0 1 0 2 0 0 0 0 0 0 0 1 0 0 0 0 0 0 2 0 0 0 2 1 0 0 0 0 2 0 0 0 0 0 0 0 0 1 0 0 0 0 0 0 0 0 0 0 0 0 0 0 0 0 1 0 0 0 0 0 0 0 0 0 
0 0 0 0 2 0 2 0 1 0 0 0 1 0 0 0 0 0 1 0 2 0 0 0 0 0 0 0 1 0 0 0 0 0 0 2 0 0 0 2 1 0 0 0 0 2 0 0 0 0 0 0 0 0 1 0 0 0 0 0 0 0 0 0 0 0 0 0 0 0 0 1 0 0 0 0 0 0 0 0 0 
0
0 0 0 0 0 0 0 0 0 
0 0 0 0 2 0 2 0 1 0 0 0 1 0 0 0 0 0 1 0 2 0 0 0 0 0 0 0 1 0 0 0 0 0 0 2 0 0 0 2 1 0 0 0 0 2 0 0 0 0 0 0 0 0 1 0 0 0 0 0 0 0 0 2 0 0 0 0 0 0 0 1 0 0 0 0 0 0 0 0 0 
0 0 0 0 2 0 2 0 1 0 0 0 1 0 0 0 0 0 1 0 2 0 0 0 0 0 0 0 1 0 0 0 0 0 0 2 0 0 0 2 1 0 0 0 0 2 0 0 0 0 0 0 0 0 1 0 0 0 0 0 0 0 0 2 0 0 0 0 0 0 0 1 0 0 0 0 0 0 0 0 0 
0
0 0 0 0 0 0 0 0 0 
0 0 0 0 2 0 2 0 1 0 0 0 1 0 0 0 0 0 1 0 2 0 0 0 0 0 0 0 1 0 0 0 0 0 0 2 0 0 0 2 1 0 0 0 0 2 1 0 0 0 0 0 0 0 1 0 0 0 0 0 0 0 0 2 0 0 0 0 0 0 0 1 0 0 0 0 0 0 0 0 0 
0 0 0 0 2 0 2 0 1 0 0 0 1 0 0 0 0 0 1 0 2 0 0 0 0 0 0 0 1 0 0 0 0 0 0 2 0 0 0 2 1 0 0 0 0 2 1 0 0 0 0 0 0 0 1 0 0 0 0 0 0 0 0 2 0 0 0 0 0 0 0 1 0 0 0 0 0 0 0 0 0 
0
0 0 0 0 0 0 0 0 0 
0 0 0 0 2 0 2 0 1 0 0 0 1 0 0 0 0 0 1 0 2 0 0 0 0 0 0 0 1 0 0 0 0 0 0 2 0 0 0 2 1 0 0 0 0 2 1 0 0 0 0 0 0 0 1 0 0 0 0 0 0 0 0 2 0 0 0 0 2 0 0 1 0 0 0 0 0 0 0 0 0 
0 0 0 0 2 0 2 0 1 0 0 0 1 0 0 0 0 0 1 0 2 0 0 0 0 0 0 0 1 0 0 0 0 0 0 2 0 0 0 2 1 0 0 0 0 2 1 0 0 0 0 0 0 0 1 0 0 0 0 0 0 0 0 2 0 0 0 0 2 0 0 1 0 0 0 0 0 0 0 0 0 
0
0 0 0 0 0 0 0 0 0 
0 0 0 0 2 0 2 0 1 0 0 0 1 0 0 0 0 0 1 0 2 0 0 0 0 0 0 0 1 0 0 0 0 0 0 2 0 0 0 2 1 0 0 0 0 2 1 0 0 0 0 0 0 1 1 0 0 0 0 0 0 0 0 2 0 0 0 0 2 0 0 1 0 0 0 0 0 0 0 0 0 
0 0 0 0 2 0 2 0 1 0 0 0 1 0 0 0 0 0 1 0 2 0 0 0 0 0 0 0 1 0 0 0 0 0 0 2 0 0 0 2 1 0 0 0 0 2 1 0 0 0 0 0 0 1 1 0 0 0 0 0 0 0 0 2 0 0 0 0 2 0 0 1 0 0 0 0 0 0 0 0 0 
0
0 0 0 0 0 0 0 0 0 
0 0 0 0 2 0 2 0 1 0 0 0 1 0 0 0 0 0 1 0 2 0 0 0 0 0 0 0 1 0 0 0 0 0 0 2 0 0 0 2 1 0 0 0 0 2 1 0 0 0 0 0 0 1 1 0 0 0 0 0 0 0 0 2 0 0 0 0 2 0 0 1 0 0 0 0 0 0 0 2 0 
0 0 0 0 2 0 2 0 1 0 0 0 1 0 0 0 0 0 1 0 2 0 0 0 0 0 0 0 1 0 0 0 0 0 0 2 0 0 0 2 1 0 0 0 0 2 1 0 0 0 0 0 0 1 1 0 0 0 0 0 0 0 0 2 0 0 0 0 2 0 0 1 0 0 0 0 0 0 0 2 0 
0
0 0 0 0 0 0 0 0 0 
0 0 0 0 2 0 2 0 1 0 0 0 1 0 0 0 0 0 1 0 2 0 0 0 0 0 0 0 1 0 0 0 0 0 0 2 0 0 0 2 1 0 0 0 0 2 1 0 0 0 0 0 0 1 1 0 0 0 0 0 0 0 0 2 0 0 0 0 2 0 0 1 0 0 0 0 1 0 0 2 0 
0 0 0 0 2 0 2 0 1 0 0 0 1 0 0 0 0 0 1 0 2 0 0 0 0 0 0 0 1 0 0 0 0 0 0 2 0 0 0 2 1 0 0 0 0 2 1 0 0 0 0 0 0 1 1 0 0 0 0 0 0 0 0 2 0 0 0 0 2 0 0 1 0 0 0 0 1 0 0 2 0 
0
0 0 0 0 0 0 0 0 0 
0 0 0 0 2 0 2 0 1 0 0 0 1 0 0 0 0 0 1 0 2 0 0 0 0 0 0 0 1 0 0 0 0 0 0 2 0 0 0 2 1 0 0 0 0 2 1 0 0 0 0 0 0 1 1 0 0 0 0 0 0 0 0 2 0 0 0 0 2 0 0 1 0 0 0 0 1 2 0 2 0 
0 0 0 0 2 0 2 0 1 0 0 0 1 0 0 0 0 0 1 0 2 0 0 0 0 0 0 0 1 0 0 0 0 0 0 2 0 0 0 2 1 0 0 0 0 2 1 0 0 0 0 0 0 1 1 0 0 0 0 0 0 0 0 2 0 0 0 0 2 0 0 1 0 0 0 0 1 2 0 2 0 
0
0 0 0 0 0 0 0 0 0 
0 0 0 0 2 0 2 0 1 0 0 0 1 0 0 0 0 0 1 0 2 0 0 0 0 0 0 0 1 0 0 0 0 0 0 2 0 0 0 2 1 0 0 0 0 2 1 0 0 0 0 0 0 1 1 0 0 0 0 0 0 0 1 2 0 0 0 0 2 0 0 1 0 0 0 0 1 2 0 2 0 
0 0 0 0 2 0 2 0 1 0 0 0 1 0 0 0 0 0 1 0 2 0 0 0 0 0 0 0 1 0 0 0 0 0 0 2 0 0 0 2 1 0 0 0 0 2 1 0 0 0 0 0 0 1 1 0 0 0 0 0 0 0 1 2 0 0 0 0 2 0 0 1 0 0 0 0 1 2 0 2 0 
0
0 0 0 0 0 0 0 0 0 
0 0 0 0 2 0 2 0 1 0 0 0 1 0 0 0 0 0 1 0 2 0 0 0 2 0 0 0 1 0 0 0 0 0 0 2 0 0 0 2 1 0 0 0 0 2 1 0 0 0 0 0 0 1 1 0 0 0 0 0 0 0 1 2 0 0 0 0 2 0 0 1 0 0 0 0 1 2 0 2 0 
0 0 0 0 2 0 2 0 1 0 0 0 1 0 0 0 0 0 1 0 2 0 0 0 2 0 0 0 1 0 0 0 0 0 0 2 0 0 0 2 1 0 0 0 0 2 1 0 0 0 0 0 0 1 1 0 0 0 0 0 0 0 1 2 0 0 0 0 2 0 0 1 0 0 0 0 1 2 0 2 0 
0
0 0 0 0 0 0 0 0 0 
0 0 0 0 2 0 2 0 1 0 0 0 1 0 0 0 0 0 1 0 2 0 0 0 2 0 0 0 1 0 0 0 0 0 0 2 0 0 0 2 1 0 0 0 0 2 1 0 0 0 0 0 0 1 1 0 0 0 0 0 0 0 1 2 1 0 0 0 2 0 0 1 0 0 0 0 1 2 0 2 0 
0 0 0 0 2 0 2 0 1 0 0 0 1 0 0 0 0 0 1 0 2 0 0 0 2 0 0 0 1 0 0 0 0 0 0 2 0 0 0 2 1 0 0 0 0 2 1 0 0 0 0 0 0 1 1 0 0 0 0 0 0 0 1 2 1 0 0 0 2 0 0 1 0 0 0 0 1 2 0 2 0 
0
0 0 0 0 0 0 0 0 0 
0 0 0 0 2 0 2 0 1 0 0 0 1 0 0 0 0 0 1 0 2 0 0 0 2 0 0 0 1 0 2 0 0 0 0 2 0 0 0 2 1 0 0 0 0 2 1 0 0 0 0 0 0 1 1 0 0 0 0 0 0 0 1 2 1 0 0 0 2 0 0 1 0 0 0 0 1 2 0 2 0 
0 0 0 0 2 0 2 0 1 0 0 0 1 0 0 0 0 0 1 0 2 0 0 0 2 0 0 0 1 0 2 0 0 0 0 2 0 0 0 2 1 0 0 0 0 2 1 0 0 0 0 0 0 1 1 0 0 0 0 0 0 0 1 2 1 0 0 0 2 0 0 1 0 0 0 0 1 2 0 2 0 
0
0 0 0 0 0 0 0 0 0 
0 0 0 0 2 0 2 0 1 1 0 0 1 0 0 0 0 0 1 0 2 0 0 0 2 0 0 0 1 0 2 0 0 0 0 2 0 0 0 2 1 0 0 0 0 2 1 0 0 0 0 0 0 1 1 0 0 0 0 0 0 0 1 2 1 0 0 0 2 0 0 1 0 0 0 0 1 2 0 2 0 
0 0 0 0 2 0 2 0 1 1 0 0 1 0 0 0 0 0 1 0 2 0 0 0 2 0 0 0 1 0 2 0 0 0 0 2 0 0 0 2 1 0 0 0 0 2 1 0 0 0 0 0 0 1 1 0 0 0 0 0 0 0 1 2 1 0 0 0 2 0 0 1 0 0 0 0 1 2 0 2 0 
0
0 0 0 0 0 0 0 0 0 
0 0 0 0 2 0 2 0 1 1 0 0 1 0 0 0 0 0 1 0 2 0 0 0 2 0 0 0 1 2 2 0 0 0 0 2 0 0 0 2 1 0 0 0 0 2 1 0 0 0 0 0 0 1 1 0 0 0 0 0 0 0 1 2 1 0 0 0 2 0 0 1 0 0 0 0 1 2 0 2 0 
0 0 0 0 2 0 2 0 1 1 0 0 1 0 0 0 0 0 1 0 2 0 0 0 2 0 0 0 1 2 2 0 0 0 0 2 0 0 0 2 1 0 0 0 0 2 1 0 0 0 0 0 0 1 1 0 0 0 0 0 0 0 1 2 1 0 0 0 2 0 0 1 0 0 0 0 1 2 0 2 0 
0
0 0 0 0 0 0 0 0 0 
0 0 0 0 2 0 2 0 1 1 0 0 1 0 0 0 0 1 1 0 2 0 0 0 2 0 0 0 1 2 2 0 0 0 0 2 0 0 0 2 1 0 0 0 0 2 1 0 0 0 0 0 0 1 1 0 0 0 0 0 0 0 1 2 1 0 0 0 2 0 0 1 0 0 0 0 1 2 0 2 0 
0 0 0 0 2 0 2 0 1 1 0 0 1 0 0 0 0 1 1 0 2 0 0 0 2 0 0 0 1 2 2 0 0 0 0 2 0 0 0 2 1 0 0 0 0 2 1 0 0 0 0 0 0 1 1 0 0 0 0 0 0 0 1 2 1 0 0 0 2 0 0 1 0 0 0 0 1 2 0 2 0 
0
0 0 0 0 0 0 0 0 0 
0 0 0 0 2 0 2 0 1 1 0 0 1 0 0 0 0 1 1 0 2 0 0 0 2 0 0 0 1 2 2 0 0 0 2 2 0 0 0 2 1 0 0 0 0 2 1 0 0 0 0 0 0 1 1 0 0 0 0 0 0 0 1 2 1 0 0 0 2 0 0 1 0 0 0 0 1 2 0 2 0 
0 0 0 0 2 0 2 0 1 1 0 0 1 0 0 0 0 1 1 0 2 0 0 0 2 0 0 0 1 2 2 0 0 0 2 2 0 0 0 2 1 0 0 0 0 2 1 0 0 0 0 0 0 1 1 0 0 0 0 0 0 0 1 2 1 0 0 0 2 0 0 1 0 0 0 0 1 2 0 2 0 
0
0 0 0 0 0 0 0 0 0 
0 0 0 0 2 0 2 0 1 1 0 0 1 0 0 0 0 1 1 0 2 0 1 0 2 0 0 0 1 2 2 0 0 0 2 2 0 0 0 2 1 0 0 0 0 2 1 0 0 0 0 0 0 1 1 0 0 0 0 0 0 0 1 2 1 0 0 0 2 0 0 1 0 0 0 0 1 2 0 2 0 
0 0 0 0 2 0 2 0 1 1 0 0 1 0 0 0 0 1 1 0 2 0 1 0 2 0 0 0 1 2 2 0 0 0 2 2 0 0 0 2 1 0 0 0 0 2 1 0 0 0 0 0 0 1 1 0 0 0 0 0 0 0 1 2 1 0 0 0 2 0 0 1 0 0 0 0 1 2 0 2 0 
0
0 0 0 0 0 0 0 0 0 
0 0 0 0 2 0 2 0 1 1 0 0 1 0 0 0 0 1 1 0 2 0 1 0 2 0 0 0 1 2 2 0 0 0 2 2 0 0 0 2 1 0 0 0 0 2 1 0 0 0 0 0 0 1 1 0 0 0 2 0 0 0 1 2 1 0 0 0 2 0 0 1 0 0 0 0 1 2 0 2 0 
0 0 0 0 2 0 2 0 1 1 0 0 1 0 0 0 0 1 1 0 2 0 1 0 2 0 0 0 1 2 2 0 0 0 2 2 0 0 0 2 1 0 0 0 0 2 1 0 0 0 0 0 0 1 1 0 0 0 2 0 0 0 1 2 1 0 0 0 2 0 0 1 0 0 0 0 1 2 0 2 0 
0
0 0 0 0 0 0 0 0 0 
0 0 0 1 2 0 2 0 1 1 0 0 1 0 0 0 0 1 1 0 2 0 1 0 2 0 0 0 1 2 2 0 0 0 2 2 0 0 0 2 1 0 0 0 0 2 1 0 0 0 0 0 0 1 1 0 0 0 2 0 0 0 1 2 1 0 0 0 2 0 0 1 0 0 0 0 1 2 0 2 0 
0 0 0 1 2 0 2 0 1 1 0 0 1 0 0 0 0 1 1 0 2 0 1 0 2 0 0 0 1 2 2 0 0 0 2 2 0 0 0 2 1 0 0 0 0 2 1 0 0 0 0 0 0 1 1 0 0 0 2 0 0 0 1 2 1 0 0 0 2 0 0 1 0 0 0 0 1 2 0 2 0 
0
0 0 0 0 0 0 0 0 0 
2 0 0 1 2 0 2 0 1 1 0 0 1 0 0 0 0 1 1 0 2 0 1 0 2 0 0 0 1 2 2 0 0 0 2 2 0 0 0 2 1 0 0 0 0 2 1 0 0 0 0 0 0 1 1 0 0 0 2 0 0 0 1 2 1 0 0 0 2 0 0 1 0 0 0 0 1 2 0 2 0 
2 0 0 1 2 0 2 0 1 1 0 0 1 0 0 0 0 1 1 0 2 0 1 0 2 0 0 0 1 2 2 0 0 0 2 2 0 0 0 2 1 0 0 0 0 2 1 0 0 0 0 0 0 1 1 0 0 0 2 0 0 0 1 2 1 0 0 0 2 0 0 1 0 0 0 0 1 2 0 2 0 
0
0 0 0 0 0 0 0 0 0 
2 0 0 1 2 0 2 0 1 1 1 0 1 0 0 0 0 1 1 0 2 0 1 0 2 0 0 0 1 2 2 0 0 0 2 2 0 0 0 2 1 0 0 0 0 2 1 0 0 0 0 0 0 1 1 0 0 0 2 0 0 0 1 2 1 0 0 0 2 0 0 1 0 0 0 0 1 2 0 2 0 
2 0 0 1 2 0 2 0 1 1 1 0 1 0 0 0 0 1 1 0 2 0 1 0 2 0 0 0 1 2 2 0 0 0 2 2 0 0 0 2 1 0 0 0 0 2 1 0 0 0 0 0 0 1 1 0 0 0 2 0 0 0 1 2 1 0 0 0 2 0 0 1 0 0 0 0 1 2 0 2 0 
0
0 0 0 0 2 0 0 0 0 
2 0 0 1 2 0 2 0 1 1 1 0 1 0 0 0 0 1 1 0 2 0 1 0 2 0 0 0 1 2 2 0 0 0 2 2 0 0 0 2 1 0 0 0 0 2 1 0 2 0 0 0 0 1 1 0 0 0 2 0 0 0 1 2 1 0 0 0 2 0 0 1 0 0 0 0 1 2 0 2 0 
2 0 0 1 2 0 2 0 1 1 1 0 1 0 0 0 0 1 1 0 2 0 1 0 2 0 0 0 1 2 34 32 32 0 2 2 0 0 0 34 33 32 0 0 0 2 1 0 34 32 32 0 0 1 1 0 0 0 2 0 0 0 1 2 1 0 0 0 2 0 0 1 0 0 0 0 1 2 0 2 0 
0
0 0 0 0 2 0 1 0 0 
2 0 0 1 2 0 2 0 1 1 1 0 1 0 0 0 0 1 1 0 2 0 1 0 2 0 0 0 1 2 2 0 0 0 2 2 0 0 0 2 1 0 0 0 0 2 1 0 2 0 0 0 0 1 1 0 0 0 2 0 0 0 1 2 1 0 0 0 2 0 0 1 0 0 1 0 1 2 0 2 0 
2 0 0 1 2 0 2 0 1 1 1 0 1 0 0 0 0 1 1 0 2 0 1 0 2 0 0 0 1 2 34 32 32 0 2 2 0 0 0 34 33 32 0 0 0 2 1 0 34 32 32 0 0 1 17 16 16 0 2 0 0 0 1 18 17 16 0 0 2 0 0 1 16 16 17 0 1 2 0 2 0 
0
0 0 0 0 2 0 1 0 0 
2 0 0 1 2 0 2 0 1 1 1 0 1 0 0 0 0 1 1 0 2 0 1 0 2 0 0 0 1 2 2 0 0 0 2 2 0 0 0 2 1 0 0 0 0 2 1 0 2 0 0 0 0 1 1 0 0 0 2 0 0 2 1 2 1 0 0 0 2 0 0 1 0 0 1 0 1 2 0 2 0 
2 0 0 1 2 0 2 0 1 1 1 0 1 0 0 0 0 1 1 0 2 0 1 0 2 0 0 0 1 2 34 32 32 0 2 2 0 0 0 34 33 32 0 0 0 2 1 0 34 32 32 0 0 1 17 16 16 0 2 0 0 2 1 18 17 16 0 0 2 0 0 1 16 16 17 0 1 2 0 2 0 
0
0 0 0 0 2 0 1 0 0 
2 0 0 1 2 0 2 0 1 1 1 0 1 0 0 0 0 1 1 0 2 0 1 1 2 0 0 0 1 2 2 0 0 0 2 2 0 0 0 2 1 0 0 0 0 2 1 0 2 0 0 0 0 1 1 0 0 0 2 0 0 2 1 2 1 0 0 0 2 0 0 1 0 0 1 0 1 2 0 2 0 
2 0 0 1 2 0 2 0 1 1 1 0 1 0 0 0 0 1 1 0 2 0 1 1 2 0 0 0 1 2 34 32 32 0 2 2 0 0 0 34 33 32 0 0 0 2 1 0 34 32 32 0 0 1 17 16 16 0 2 0 0 2 1 18 17 16 0 0 2 0 0 1 16 16 17 0 1 2 0 2 0 
0
0 0 0 0 2 0 1 0 0 
2 0 0 1 2 0 2 0 1 1 1 0 1 0 0 0 0 1 1 0 2 0 1 1 2 0 0 0 1 2 2 0 0 0 2 2 0 0 0 2 1 0 0 0 0 2 1 0 2 0 0 0 0 1 1 0 0 0 2 0 0 2 1 2 1 0 0 0 2 0 0 1 0 0 1 0 1 2 0 2 2 
2 0 0 1 2 0 2 0 1 1 1 0 1 0 0 0 0 1 1 0 2 0 1 1 2 0 0 0 1 2 34 32 32 0 2 2 0 0 0 34 33 32 0 0 0 2 1 0 34 32 32 0 0 1 17 16 16 0 2 0 0 2 1 18 17 16 0 0 2 0 0 1 16 16 17 0 1 2 0 2 2 
0
0 0 0 0 2 0 1 0 0 
2 0 0 1 2 0 2 0 1 1 1 0 1 0 0 0 0 1 1 0 2 0 1 1 2 0 0 0 1 2 2 0 0 0 2 2 0 0 0 2 1 0 0 0 0 2 1 0 2 0 0 0 0 1 1 0 0 0 2 0 1 2 1 2 1 0 0 0 2 0 0 1 0 0 1 0 1 2 0 2 2 
2 0 0 1 2 0 2 0 1 1 1 0 1 0 0 0 0 1 1 0 2 0 1 1 2 0 0 0 1 2 34 32 32 0 2 2 0 0 0 34 33 32 0 0 0 2 1 0 34 32 32 0 0 1 17 16 16 0 2 0 1 2 1 18 17 16 0 0 2 0 0 1 16 16 17 0 1 2 0 2 2 
0
0 0 0 0 2 0 1 0 0 
2 2 0 1 2 0 2 0 1 1 1 0 1 0 0 0 0 1 1 0 2 0 1 1 2 0 0 0 1 2 2 0 0 0 2 2 0 0 0 2 1 0 0 0 0 2 1 0 2 0 0 0 0 1 1 0 0 0 2 0 1 2 1 2 1 0 0 0 2 0 0 1 0 0 1 0 1 2 0 2 2 
2 2 0 1 2 0 2 0 1 1 1 0 1 0 0 0 0 1 1 0 2 0 1 1 2 0 0 0 1 2 34 32 32 0 2 2 0 0 0 34 33 32 0 0 0 2 1 0 34 32 32 0 0 1 17 16 16 0 2 0 1 2 1 18 17 16 0 0 2 0 0 1 16 16 17 0 1 2 0 2 2 
0
0 0 0 0 2 0 1 0 0 
2 2 0 1 2 1 2 0 1 1 1 0 1 0 0 0 0 1 1 0 2 0 1 1 2 0 0 0 1 2 2 0 0 0 2 2 0 0 0 2 1 0 0 0 0 2 1 0 2 0 0 0 0 1 1 0 0 0 2 0 1 2 1 2 1 0 0 0 2 0 0 1 0 0 1 0 1 2 0 2 2 
2 2 0 1 2 1 2 0 1 1 1 0 1 0 0 0 0 1 1 0 2 0 1 1 2 0 0 0 1 2 34 32 32 0 2 2 0 0 0 34 33 32 0 0 0 2 1 0 34 32 32 0 0 1 17 16 16 0 2 0 1 2 1 18 17 16 0 0 2 0 0 1 16 16 17 0 1 2 0 2 2 
0
0 0 2 0 2 0 1 0 0 
2 2 0 1 2 1 2 0 1 1 1 0 1 0 0 2 0 1 1 0 2 0 1 1 2 0 0 0 1 2 2 0 0 0 2 2 0 0 0 2 1 0 0 0 0 2 1 0 2 0 0 0 0 1 1 0 0 0 2 0 1 2 1 2 1 0 0 0 2 0 0 1 0 0 1 0 1 2 0 2 2 
2 2 0 1 2 1 34 32 33 1 1 0 1 0 0 34 32 33 1 0 2 0 1 1 34 32 32 0 1 2 34 32 32 0 2 2 0 0 0 34 33 32 0 0 0 2 1 0 34 32 32 0 0 1 17 16 16 0 2 0 1 2 1 18 17 16 0 0 2 0 0 1 16 16 17 0 1 2 0 2 2 
0
0 0 2 0 2 0 1 0 0 
2 2 0 1 2 1 2 0 1 1 1 0 1 0 0 2 0 1 1 0 2 0 1 1 2 0 0 0 1 2 2 0 0 0 2 2 1 0 0 2 1 0 0 0 0 2 1 0 2 0 0 0 0 1 1 0 0 0 2 0 1 2 1 2 1 0 0 0 2 0 0 1 0 0 1 0 1 2 0 2 2 
2 2 0 1 2 1 34 32 33 1 1 0 1 0 0 34 32 33 1 0 2 0 1 1 34 32 32 0 1 2 34 32 32 0 2 2 1 0 0 34 33 32 0 0 0 2 1 0 34 32 32 0 0 1 17 16 16 0 2 0 1 2 1 18 17 16 0 0 2 0 0 1 16 16 17 0 1 2 0 2 2 
0
0 0 2 0 2 0 1 0 0 
2 2 0 1 2 1 2 0 1 1 1 0 1 0 0 2 0 1 1 0 2 0 1 1 2 0 0 0 1 2 2 0 0 0 2 2 1 0 0 2 1 0 0 0 0 2 1 2 2 0 0 0 0 1 1 0 0 0 2 0 1 2 1 2 1 0 0 0 2 0 0 1 0 0 1 0 1 2 0 2 2 
2 2 0 1 2 1 34 32 33 1 1 0 1 0 0 34 32 33 1 0 2 0 1 1 34 32 32 0 1 2 34 32 32 0 2 2 1 0 0 34 33 32 0 0 0 2 1 2 34 32 32 0 0 1 17 16 16 0 2 0 1 2 1 18 17 16 0 0 2 0 0 1 16 16 17 0 1 2 0 2 2 
0
0 0 2 0 2 0 1 0 0 
2 2 0 1 2 1 2 0 1 1 1 0 1 0 0 2 0 1 1 0 2 0 1 1 2 0 0 0 1 2 2 0 0 0 2 2 1 0 0 2 1 0 0 0 0 2 1 2 2 0 0 0 0 1 1 0 0 0 2 0 1 2 1 2 1 0 0 0 2 1 0 1 0 0 1 0 1 2 0 2 2 
2 2 0 1 2 1 34 32 33 1 1 0 1 0 0 34 32 33 1 0 2 0 1 1 34 32 32 0 1 2 34 32 32 0 2 2 1 0 0 34 33 32 0 0 0 2 1 2 34 32 32 0 0 1 17 16 16 0 2 0 1 2 1 18 17 16 0 0 2 1 0 1 16 16 17 0 1 2 0 2 2 
0
0 0 2 2 2 0 1 0 0 
2 2 0 1 2 1 2 0 1 1 1 0 1 0 0 2 0 1 1 0 2 0 1 1 2 0 0 0 1 2 2 0 0 0 2 2 1 2 0 2 1 0 0 0 0 2 1 2 2 0 0 0 0 1 1 0 0 0 2 0 1 2 1 2 1 0 0 0 2 1 0 1 0 0 1 0 1 2 0 2 2 
2 2 0 1 2 1 34 32 33 1 1 0 1 0 0 34 32 33 1 0 2 0 1 1 34 32 32 32 33 34 34 32 32 0 2 2 33 34 32 34 33 32 0 0 0 34 33 34 34 32 32 0 0 1 17 16 16 0 2 0 1 2 1 18 17 16 0 0 2 1 0 1 16 16 17 0 1 2 0 2 2 
0
0 0 2 2 2 0 1 0 0 
2 2 0 1 2 1 2 0 1 1 1 0 1 0 0 2 0 1 1 0 2 0 1 1 2 0 0 0 1 2 2 0 0 1 2 2 1 2 0 2 1 0 0 0 0 2 1 2 2 0 0 0 0 1 1 0 0 0 2 0 1 2 1 2 1 0 0 0 2 1 0 1 0 0 1 0 1 2 0 2 2 
2 2 0 1 2 1 34 32 33 1 1 0 1 0 0 34 32 33 1 0 2 0 1 1 34 32 32 32 33 34 34 32 32 1 2 2 33 34 32 34 33 32 0 0 0 34 33 34 34 32 32 0 0 1 17 16 16 0 2 0 1 2 1 18 17 16 0 0 2 1 0 1 16 16 17 0 1 2 0 2 2 
0
0 0 2 2 2 0 1 0 0 
2 2 0 1 2 1 2 0 1 1 1 0 1 0 0 2 0 1 1 2 2 0 1 1 2 0 0 0 1 2 2 0 0 1 2 2 1 2 0 2 1 0 0 0 0 2 1 2 2 0 0 0 0 1 1 0 0 0 2 0 1 2 1 2 1 0 0 0 2 1 0 1 0 0 1 0 1 2 0 2 2 
2 2 0 1 2 1 34 32 33 1 1 0 1 0 0 34 32 33 1 2 2 0 1 1 34 32 32 32 33 34 34 32 32 1 2 2 33 34 32 34 33 32 0 0 0 34 33 34 34 32 32 0 0 1 17 16 16 0 2 0 1 2 1 18 17 16 0 0 2 1 0 1 16 16 17 0 1 2 0 2 2 
0
0 0 2 2 2 0 1 0 0 
2 2 0 1 2 1 2 0 1 1 1 0 1 0 0 2 0 1 1 2 2 0 1 1 2 0 0 0 1 2 2 0 0 1 2 2 1 2 0 2 1 0 0 0 0 2 1 2 2 0 0 0 0 1 1 0 0 1 2 0 1 2 1 2 1 0 0 0 2 1 0 1 0 0 1 0 1 2 0 2 2 
2 2 0 1 2 1 34 32 33 1 1 0 1 0 0 34 32 33 1 2 2 0 1 1 34 32 32 32 33 34 34 32 32 1 2 2 33 34 32 34 33 32 0 0 0 34 33 34 34 32 32 0 0 1 17 16 16 1 2 0 1 2 1 18 17 16 0 0 2 1 0 1 16 16 17 0 1 2 0 2 2 
0
2 0 2 2 2 0 1 0 0 
2 2 2 1 2 1 2 0 1 1 1 0 1 0 0 2 0 1 1 2 2 0 1 1 2 0 0 0 1 2 2 0 0 1 2 2 1 2 0 2 1 0 0 0 0 2 1 2 2 0 0 0 0 1 1 0 0 1 2 0 1 2 1 2 1 0 0 0 2 1 0 1 0 0 1 0 1 2 0 2 2 
34 34 34 1 2 1 34 32 33 33 33 32 1 0 0 34 32 33 33 34 34 0 1 1 34 32 32 32 33 34 34 32 32 1 2 2 33 34 32 34 33 32 0 0 0 34 33 34 34 32 32 0 0 1 17 16 16 1 2 0 1 2 1 18 17 16 0 0 2 1 0 1 16 16 17 0 1 2 0 2 2 
0
2 1 2 2 2 0 1 0 0 
2 2 2 1 2 1 2 0 1 1 1 0 1 1 0 2 0 1 1 2 2 0 1 1 2 0 0 0 1 2 2 0 0 1 2 2 1 2 0 2 1 0 0 0 0 2 1 2 2 0 0 0 0 1 1 0 0 1 2 0 1 2 1 2 1 0 0 0 2 1 0 1 0 0 1 0 1 2 0 2 2 
34 34 34 17 18 17 34 32 33 33 33 32 17 17 16 34 32 33 33 34 34 16 17 17 34 32 32 32 33 34 34 32 32 1 2 2 33 34 32 34 33 32 0 0 0 34 33 34 34 32 32 0 0 1 17 16 16 1 2 0 1 2 1 18 17 16 0 0 2 1 0 1 16 16 17 0 1 2 0 2 2 
0
2 1 2 2 2 0 1 0 2 
2 2 2 1 2 1 2 0 1 1 1 0 1 1 0 2 0 1 1 2 2 0 1 1 2 0 0 0 1 2 2 0 0 1 2 2 1 2 0 2 1 0 0 0 0 2 1 2 2 0 0 0 0 1 1 0 0 1 2 0 1 2 1 2 1 0 0 0 2 1 0 1 0 0 1 0 1 2 2 2 2 
34 34 34 17 18 17 34 32 33 33 33 32 17 17 16 34 32 33 33 34 34 16 17 17 34 32 32 32 33 34 34 32 32 1 2 2 33 34 32 34 33 32 0 0 0 34 33 34 34 32 32 0 0 1 17 16 16 1 2 0 33 34 33 18 17 16 0 0 2 33 32 33 16 16 17 0 1 2 34 34 34 
0
2 1 2 2 2 0 1 0 2 
2 2 2 1 2 1 2 0 1 1 1 0 1 1 0 2 0 1 1 2 2 0 1 1 2 0 0 0 1 2 2 0 0 1 2 2 1 2 0 2 1 0 0 0 0 2 1 2 2 0 0 0 0 1 1 0 0 1 2 0 1 2 1 2 1 0 0 0 2 1 0 1 0 0 1 0 1 2 2 2 2 
34 34 34 17 18 17 34 32 33 33 33 32 17 17 16 34 32 33 33 34 34 16 17 17 34 32 32 32 33 34 34 32 32 1 2 2 33 34 32 34 33 32 0 0 0 34 33 34 34 32 32 0 0 1 17 16 16 1 2 0 33 34 33 18 17 16 0 0 2 33 32 33 16 16 17 0 1 2 34 34 34 
0
