0 0 0 0 0 0 0 0 0 
0 0 0 0 0 0 0 0 0 0 1 0 0 0 0 0 0 0 0 0 0 0 0 0 0 0 0 0 0 0 0 0 0 0 0 0 0 0 0 0 0 0 0 0 0 0 0 0 0 0 0 0 0 0 0 0 0 0 0 0 0 0 0 0 0 0 0 0 0 0 0 0 0 0 0 0 0 0 0 0 0 
0 0 0 0 0 0 0 0 0 0 1 0 0 0 0 0 0 0 0 0 0 0 0 0 0 0 0 0 0 0 0 0 0 0 0 0 0 0 0 0 0 0 0 0 0 0 0 0 0 0 0 0 0 0 0 0 0 0 0 0 0 0 0 0 0 0 0 0 0 0 0 0 0 0 0 0 0 0 0 0 0 
1
0 0 0 0 0 0 0 0 0 
0 0 0 0 0 0 0 0 0 0 1 0 0 0 0 0 0 0 0 0 0 0 0 0 0 0 0 0 0 0 0 0 2 0 0 0 0 0 0 0 0 0 0 0 0 0 0 0 0 0 0 0 0 0 0 0 0 0 0 0 0 0 0 0 0 0 0 0 0 0 0 0 0 0 0 0 0 0 0 0 0 
0 0 0 0 0 0 0 0 0 0 1 0 0 0 0 0 0 0 0 0 0 0 0 0 0 0 0 0 0 0 0 0 2 0 0 0 0 0 0 0 0 0 0 0 0 0 0 0 0 0 0 0 0 0 0 0 0 0 0 0 0 0 0 0 0 0 0 0 0 0 0 0 0 0 0 0 0 0 0 0 0 
1
0 0 0 0 0 0 0 0 0 
0 0 0 0 0 0 0 0 0 0 1 0 0 0 0 0 0 1 0 0 0 0 0 0 0 0 0 0 0 0 0 0 2 0 0 0 0 0 0 0 0 0 0 0 0 0 0 0 0 0 0 0 0 0 0 0 0 0 0 0 0 0 0 0 0 0 0 0 0 0 0 0 0 0 0 0 0 0 0 0 0 
0 0 0 0 0 0 0 0 0 0 1 0 0 0 0 0 0 1 0 0 0 0 0 0 0 0 0 0 0 0 0 0 2 0 0 0 0 0 0 0 0 0 0 0 0 0 0 0 0 0 0 0 0 0 0 0 0 0 0 0 0 0 0 0 0 0 0 0 0 0 0 0 0 0 0 0 0 0 0 0 0 
1
0 0 0 0 0 0 0 0 0 
0 0 0 0 0 0 0 0 0 0 1 0 0 0 0 0 0 1 0 0 0 0 0 0 0 0 0 0 0 0 0 0 2 0 0 0 0 0 0 0 0 0 0 2 0 0 0 0 0 0 0 0 0 0 0 0 0 0 0 0 0 0 0 0 0 0 0 0 0 0 0 0 0 0 0 0 0 0 0 0 0 
0 0 0 0 0 0 0 0 0 0 1 0 0 0 0 0 0 1 0 0 0 0 0 0 0 0 0 0 0 0 0 0 2 0 0 0 0 0 0 0 0 0 0 2 0 0 0 0 0 0 0 0 0 0 0 0 0 0 0 0 0 0 0 0 0 0 0 0 0 0 0 0 0 0 0 0 0 0 0 0 0 
1
0 0 0 0 0 0 0 0 0 
0 0 0 0 0 0 0 0 0 0 1 0 0 0 0 0 0 1 0 0 0 0 0 0 0 0 0 0 0 0 0 0 2 0 0 0 0 0 0 0 0 0 0 2 0 0 0 0 0 0 1 0 0 0 0 0 0 0 0 0 0 0 0 0 0 0 0 0 0 0 0 0 0 0 0 0 0 0 0 0 0 
0 0 0 0 0 0 0 0 0 0 1 0 0 0 0 0 0 1 0 0 0 0 0 0 0 0 0 0 0 0 0 0 2 0 0 0 0 0 0 0 0 0 0 2 0 0 0 0 0 0 1 0 0 0 0 0 0 0 0 0 0 0 0 0 0 0 0 0 0 0 0 0 0 0 0 0 0 0 0 0 0 
1
0 0 0 0 0 0 0 0 0 
0 0 0 0 0 0 0 0 0 0 1 0 0 0 0 0 0 1 0 0 0 0 0 0 0 0 0 0 0 0 0 0 2 0 0 0 0 0 0 0 0 0 0 2 0 0 0 0 0 0 1 0 0 0 0 0 0 0 0 0 0 0 0 0 0 0 0 0 0 0 2 0 0 0 0 0 0 0 0 0 0 
0 0 0 0 0 0 0 0 0 0 1 0 0 0 0 0 0 1 0 0 0 0 0 0 0 0 0 0 0 0 0 0 2 0 0 0 0 0 0 0 0 0 0 2 0 0 0 0 0 0 1 0 0 0 0 0 0 0 0 0 0 0 0 0 0 0 0 0 0 0 2 0 0 0 0 0 0 0 0 0 0 
1
0 0 0 0 0 0 0 0 0 
0 0 0 0 0 0 0 0 0 0 1 0 0 0 0 0 0 1 0 0 0 0 0 0 0 0 0 0 0 0 0 0 2 0 0 0 0 0 0 0 0 0 0 2 0 0 0 0 1 0 1 0 0 0 0 0 0 0 0 0 0 0 0 0 0 0 0 0 0 0 2 0 0 0 0 0 0 0 0 0 0 
0 0 0 0 0 0 0 0 0 0 1 0 0 0 0 0 0 1 0 0 0 0 0 0 0 0 0 0 0 0 0 0 2 0 0 0 0 0 0 0 0 0 0 2 0 0 0 0 1 0 1 0 0 0 0 0 0 0 0 0 0 0 0 0 0 0 0 0 0 0 2 0 0 0 0 0 0 0 0 0 0 
1
0 0 0 0 0 0 0 0 0 
0 0 0 0 0 0 0 0 0 0 1 0 0 0 0 0 0 1 0 0 0 0 0 0 0 0 0 0 0 0 0 0 2 0 0 0 0 0 0 0 0 0 0 2 0 0 0 0 1 0 1 0 0 0 0 0 0 0 0 0 0 0 0 0 0 0 0 0 0 0 2 0 2 0 0 0 0 0 0 0 0 
0 0 0 0 0 0 0 0 0 0 1 0 0 0 0 0 0 1 0 0 0 0 0 0 0 0 0 0 0 0 0 0 2 0 0 0 0 0 0 0 0 0 0 2 0 0 0 0 1 0 1 0 0 0 0 0 0 0 0 0 0 0 0 0 0 0 0 0 0 0 2 0 2 0 0 0 0 0 0 0 0 
1
0 0 0 0 0 0 0 0 0 
0 0 0 0 0 0 0 0 0 0 1 0 0 0 0 0 0 1 0 0 0 0 0 0 0 0 0 0 0 0 0 0 2 0 0 0 0 0 0 0 0 0 0 2 0 0 0 0 1 0 1 0 0 0 0 0 1 0 0 0 0 0 0 0 0 0 0 0 0 0 2 0 2 0 0 0 0 0 0 0 0 
0 0 0 0 0 0 0 0 0 0 1 0 0 0 0 0 0 1 0 0 0 0 0 0 0 0 0 0 0 0 0 0 2 0 0 0 0 0 0 0 0 0 0 2 0 0 0 0 1 0 1 0 0 0 0 0 1 0 0 0 0 0 0 0 0 0 0 0 0 0 2 0 2 0 0 0 0 0 0 0 0 
1
0 0 0 0 0 0 0 0 0 
0 0 0 0 0 0 0 0 0 0 1 0 0 0 0 0 0 1 0 0 0 0 0 0 2 0 0 0 0 0 0 0 2 0 0 0 0 0 0 0 0 0 0 2 0 0 0 0 1 0 1 0 0 0 0 0 1 0 0 0 0 0 0 0 0 0 0 0 0 0 2 0 2 0 0 0 0 0 0 0 0 
0 0 0 0 0 0 0 0 0 0 1 0 0 0 0 0 0 1 0 0 0 0 0 0 2 0 0 0 0 0 0 0 2 0 0 0 0 0 0 0 0 0 0 2 0 0 0 0 1 0 1 0 0 0 0 0 1 0 0 0 0 0 0 0 0 0 0 0 0 0 2 0 2 0 0 0 0 0 0 0 0 
1
0 0 0 0 0 0 0 0 0 
0 0 0 0 0 0 0 0 0 0 1 0 0 0 0 0 0 1 0 0 0 0 0 0 2 0 0 0 0 0 0 0 2 0 0 0 0 0 0 0 0 0 0 2 0 0 0 0 1 0 1 0 0 0 0 0 1 0 0 0 0 0 0 0 0 0 0 0 0 0 2 0 2 0 1 0 0 0 0 0 0 
0 0 0 0 0 0 0 0 0 0 1 0 0 0 0 0 0 1 0 0 0 0 0 0 2 0 0 0 0 0 0 0 2 0 0 0 0 0 0 0 0 0 0 2 0 0 0 0 1 0 1 0 0 0 0 0 1 0 0 0 0 0 0 0 0 0 0 0 0 0 2 0 2 0 1 0 0 0 0 0 0 
1
0 0 0 0 0 0 0 0 0 
0 0 0 0 0 0 0 0 0 0 1 0 0 0 0 0 0 1 0 0 0 0 0 0 2 0 0 0 0 0 0 0 2 0 0 0 0 0 0 0 0 0 0 2 0 0 0 0 1 0 1 0 0 0 0 0 1 0 0 0 0 0 0 0 0 0 0 0 0 2 2 0 2 0 1 0 0 0 0 0 0 
0 0 0 0 0 0 0 0 0 0 1 0 0 0 0 0 0 1 0 0 0 0 0 0 2 0 0 0 0 0 0 0 2 0 0 0 0 0 0 0 0 0 0 2 0 0 0 0 1 0 1 0 0 0 0 0 1 0 0 0 0 0 0 0 0 0 0 0 0 2 2 0 2 0 1 0 0 0 0 0 0 
1
0 0 0 0 0 0 0 0 0 
0 0 0 0 0 0 0 0 0 0 1 0 0 0 0 0 0 1 0 0 0 0 0 0 2 0 0 0 0 0 0 0 2 0 0 0 1 0 0 0 0 0 0 2 0 0 0 0 1 0 1 0 0 0 0 0 1 0 0 0 0 0 0 0 0 0 0 0 0 2 2 0 2 0 1 0 0 0 0 0 0 
0 0 0 0 0 0 0 0 0 0 1 0 0 0 0 0 0 1 0 0 0 0 0 0 2 0 0 0 0 0 0 0 2 0 0 0 1 0 0 0 0 0 0 2 0 0 0 0 1 0 1 0 0 0 0 0 1 0 0 0 0 0 0 0 0 0 0 0 0 2 2 0 2 0 1 0 0 0 0 0 0 
1
0 0 0 0 0 0 0 0 0 
0 0 0 0 0 0 0 0 0 0 1 0 0 0 0 0 0 1 0 0 0 0 0 0 2 0 0 2 0 0 0 0 2 0 0 0 1 0 0 0 0 0 0 2 0 0 0 0 1 0 1 0 0 0 0 0 1 0 0 0 0 0 0 0 0 0 0 0 0 2 2 0 2 0 1 0 0 0 0 0 0 
0 0 0 0 0 0 0 0 0 0 1 0 0 0 0 0 0 1 0 0 0 0 0 0 2 0 0 2 0 0 0 0 2 0 0 0 1 0 0 0 0 0 0 2 0 0 0 0 1 0 1 0 0 0 0 0 1 0 0 0 0 0 0 0 0 0 0 0 0 2 2 0 2 0 1 0 0 0 0 0 0 
1
0 0 0 0 0 0 0 0 0 
0 0 0 0 0 0 0 0 0 0 1 0 0 0 0 0 0 1 0 1 0 0 0 0 2 0 0 2 0 0 0 0 2 0 0 0 1 0 0 0 0 0 0 2 0 0 0 0 1 0 1 0 0 0 0 0 1 0 0 0 0 0 0 0 0 0 0 0 0 2 2 0 2 0 1 0 0 0 0 0 0 
0 0 0 0 0 0 0 0 0 0 1 0 0 0 0 0 0 1 0 1 0 0 0 0 2 0 0 2 0 0 0 0 2 0 0 0 1 0 0 0 0 0 0 2 0 0 0 0 1 0 1 0 0 0 0 0 1 0 0 0 0 0 0 0 0 0 0 0 0 2 2 0 2 0 1 0 0 0 0 0 0 
1
0 0 0 0 0 0 0 0 0 
0 0 0 0 0 0 0 0 0 0 1 0 0 0 0 0 0 1 0 1 0 0 0 0 2 0 0 2 0 0 0 0 2 0 0 0 1 0 0 0 0 0 0 2 0 0 0 0 1 0 1 0 0 0 0 0 1 0 0 2 0 0 0 0 0 0 0 0 0 2 2 0 2 0 1 0 0 0 0 0 0 
0 0 0 0 0 0 0 0 0 0 1 0 0 0 0 0 0 1 0 1 0 0 0 0 2 0 0 2 0 0 0 0 2 0 0 0 1 0 0 0 0 0 0 2 0 0 0 0 1 0 1 0 0 0 0 0 1 0 0 2 0 0 0 0 0 0 0 0 0 2 2 0 2 0 1 0 0 0 0 0 0 
1
0 0 0 0 0 0 0 0 0 
0 0 0 0 0 0 0 0 0 0 1 0 0 0 0 1 0 1 0 1 0 0 0 0 2 0 0 2 0 0 0 0 2 0 0 0 1 0 0 0 0 0 0 2 0 0 0 0 1 0 1 0 0 0 0 0 1 0 0 2 0 0 0 0 0 0 0 0 0 2 2 0 2 0 1 0 0 0 0 0 0 
0 0 0 0 0 0 0 0 0 0 1 0 0 0 0 1 0 1 0 1 0 0 0 0 2 0 0 2 0 0 0 0 2 0 0 0 1 0 0 0 0 0 0 2 0 0 0 0 1 0 1 0 0 0 0 0 1 0 0 2 0 0 0 0 0 0 0 0 0 2 2 0 2 0 1 0 0 0 0 0 0 
1
0 0 0 0 0 0 0 0 0 
0 0 0 0 0 0 0 0 0 0 1 0 0 0 0 1 0 1 0 1 0 0 0 0 2 0 0 2 2 0 0 0 2 0 0 0 1 0 0 0 0 0 0 2 0 0 0 0 1 0 1 0 0 0 0 0 1 0 0 2 0 0 0 0 0 0 0 0 0 2 2 0 2 0 1 0 0 0 0 0 0 
0 0 0 0 0 0 0 0 0 0 1 0 0 0 0 1 0 1 0 1 0 0 0 0 2 0 0 2 2 0 0 0 2 0 0 0 1 0 0 0 0 0 0 2 0 0 0 0 1 0 1 0 0 0 0 0 1 0 0 2 0 0 0 0 0 0 0 0 0 2 2 0 2 0 1 0 0 0 0 0 0 
1
0 0 0 0 0 0 0 0 0 
0 0 0 0 0 0 0 0 0 0 1 0 1 0 0 1 0 1 0 1 0 0 0 0 2 0 0 2 2 0 0 0 2 0 0 0 1 0 0 0 0 0 0 2 0 0 0 0 1 0 1 0 0 0 0 0 1 0 0 2 0 0 0 0 0 0 0 0 0 2 2 0 2 0 1 0 0 0 0 0 0 
0 0 0 0 0 0 0 0 0 0 1 0 1 0 0 1 0 1 0 1 0 0 0 0 2 0 0 2 2 0 0 0 2 0 0 0 1 0 0 0 0 0 0 2 0 0 0 0 1 0 1 0 0 0 0 0 1 0 0 2 0 0 0 0 0 0 0 0 0 2 2 0 2 0 1 0 0 0 0 0 0 
1
0 0 0 2 0 0 0 0 0 
0 0 0 0 0 0 0 0 0 0 1 0 1 0 0 1 0 1 0 1 0 0 0 0 2 0 0 2 2 2 0 0 2 0 0 0 1 0 0 0 0 0 0 2 0 0 0 0 1 0 1 0 0 0 0 0 1 0 0 2 0 0 0 0 0 0 0 0 0 2 2 0 2 0 1 0 0 0 0 0 0 
0 0 0 0 0 0 0 0 0 0 1 0 1 0 0 1 0 1 0 1 0 0 0 0 2 0 0 34 34 34 0 0 2 0 0 0 33 32 32 0 0 0 0 2 0 32 32 32 1 0 1 0 0 0 0 0 1 0 0 2 0 0 0 0 0 0 0 0 0 2 2 0 2 0 1 0 0 0 0 0 0 
1
0 0 1 2 0 0 0 0 0 
0 0 0 0 0 0 0 0 0 0 1 0 1 0 0 1 1 1 0 1 0 0 0 0 2 0 0 2 2 2 0 0 2 0 0 0 1 0 0 0 0 0 0 2 0 0 0 0 1 0 1 0 0 0 0 0 1 0 0 2 0 0 0 0 0 0 0 0 0 2 2 0 2 0 1 0 0 0 0 0 0 
0 0 0 0 0 0 16 16 16 0 1 0 1 0 0 17 17 17 0 1 0 0 0 0 18 16 16 34 34 34 0 0 2 0 0 0 33 32 32 0 0 0 0 2 0 32 32 32 1 0 1 0 0 0 0 0 1 0 0 2 0 0 0 0 0 0 0 0 0 2 2 0 2 0 1 0 0 0 0 0 0 
1
0 0 1 2 0 0 0 0 0 
0 0 0 0 0 0 0 0 0 0 1 0 1 0 0 1 1 1 0 1 0 0 0 0 2 0 0 2 2 2 0 0 2 0 0 0 1 0 0 0 0 0 0 2 0 0 0 0 1 2 1 0 0 0 0 0 1 0 0 2 0 0 0 0 0 0 0 0 0 2 2 0 2 0 1 0 0 0 0 0 0 
0 0 0 0 0 0 16 16 16 0 1 0 1 0 0 17 17 17 0 1 0 0 0 0 18 16 16 34 34 34 0 0 2 0 0 0 33 32 32 0 0 0 0 2 0 32 32 32 1 2 1 0 0 0 0 0 1 0 0 2 0 0 0 0 0 0 0 0 0 2 2 0 2 0 1 0 0 0 0 0 0 
1
0 0 1 2 0 0 0 0 0 
0 0 0 0 0 0 0 0 0 0 1 0 1 0 0 1 1 1 0 1 0 0 0 0 2 0 0 2 2 2 0 0 2 0 0 0 1 0 0 0 0 0 0 2 0 0 0 0 1 2 1 0 0 0 0 0 1 0 0 2 0 0 0 0 0 0 0 0 0 2 2 0 2 0 1 1 0 0 0 0 0 
0 0 0 0 0 0 16 16 16 0 1 0 1 0 0 17 17 17 0 1 0 0 0 0 18 16 16 34 34 34 0 0 2 0 0 0 33 32 32 0 0 0 0 2 0 32 32 32 1 2 1 0 0 0 0 0 1 0 0 2 0 0 0 0 0 0 0 0 0 2 2 0 2 0 1 1 0 0 0 0 0 
1
0 0 1 2 0 0 0 0 0 
0 0 0 0 0 0 0 0 0 0 1 0 1 0 0 1 1 1 0 1 0 0 0 0 2 0 0 2 2 2 0 0 2 0 0 0 1 0 0 0 0 0 0 2 0 0 0 0 1 2 1 0 0 0 0 0 1 0 0 2 0 0 0 0 0 2 0 0 0 2 2 0 2 0 1 1 0 0 0 0 0 
0 0 0 0 0 0 16 16 16 0 1 0 1 0 0 17 17 17 0 1 0 0 0 0 18 16 16 34 34 34 0 0 2 0 0 0 33 32 32 0 0 0 0 2 0 32 32 32 1 2 1 0 0 0 0 0 1 0 0 2 0 0 0 0 0 2 0 0 0 2 2 0 2 0 1 1 0 0 0 0 0 
1
0 0 1 2 0 0 0 0 0 
0 0 0 0 0 0 0 0 0 0 1 0 1 0 0 1 1 1 0 1 0 0 0 0 2 0 0 2 2 2 0 0 2 0 0 0 1 0 0 0 0 0 0 2 0 0 0 0 1 2 1 0 1 0 0 0 1 0 0 2 0 0 0 0 0 2 0 0 0 2 2 0 2 0 1 1 0 0 0 0 0 
0 0 0 0 0 0 16 16 16 0 1 0 1 0 0 17 17 17 0 1 0 0 0 0 18 16 16 34 34 34 0 0 2 0 0 0 33 32 32 0 0 0 0 2 0 32 32 32 1 2 1 0 1 0 0 0 1 0 0 2 0 0 0 0 0 2 0 0 0 2 2 0 2 0 1 1 0 0 0 0 0 
1
0 0 1 2 0 0 0 0 0 
0 0 0 0 0 0 0 0 0 0 1 0 1 0 0 1 1 1 0 1 0 0 0 0 2 0 0 2 2 2 0 0 2 0 0 0 1 0 0 0 0 0 0 2 0 0 0 0 1 2 1 0 1 0 0 0 1 2 0 2 0 0 0 0 0 2 0 0 0 2 2 0 2 0 1 1 0 0 0 0 0 
0 0 0 0 0 0 16 16 16 0 1 0 1 0 0 17 17 17 0 1 0 0 0 0 18 16 16 34 34 34 0 0 2 0 0 0 33 32 32 0 0 0 0 2 0 32 32 32 1 2 1 0 1 0 0 0 1 2 0 2 0 0 0 0 0 2 0 0 0 2 2 0 2 0 1 1 0 0 0 0 0 
1
1 0 1 2 0 0 0 0 0 
0 1 0 0 0 0 0 0 0 0 1 0 1 0 0 1 1 1 0 1 0 0 0 0 2 0 0 2 2 2 0 0 2 0 0 0 1 0 0 0 0 0 0 2 0 0 0 0 1 2 1 0 1 0 0 0 1 2 0 2 0 0 0 0 0 2 0 0 0 2 2 0 2 0 1 1 0 0 0 0 0 
16 17 16 0 0 0 16 16 16 16 17 16 1 0 0 17 17 17 16 17 16 0 0 0 18 16 16 34 34 34 0 0 2 0 0 0 33 32 32 0 0 0 0 2 0 32 32 32 1 2 1 0 1 0 0 0 1 2 0 2 0 0 0 0 0 2 0 0 0 2 2 0 2 0 1 1 0 0 0 0 0 
1
1 0 1 2 0 0 0 0 0 
0 1 0 0 0 0 0 0 0 0 1 0 1 2 0 1 1 1 0 1 0 0 0 0 2 0 0 2 2 2 0 0 2 0 0 0 1 0 0 0 0 0 0 2 0 0 0 0 1 2 1 0 1 0 0 0 1 2 0 2 0 0 0 0 0 2 0 0 0 2 2 0 2 0 1 1 0 0 0 0 0 
16 17 16 0 0 0 16 16 16 16 17 16 1 2 0 17 17 17 16 17 16 0 0 0 18 16 16 34 34 34 0 0 2 0 0 0 33 32 32 0 0 0 0 2 0 32 32 32 1 2 1 0 1 0 0 0 1 2 0 2 0 0 0 0 0 2 0 0 0 2 2 0 2 0 1 1 0 0 0 0 0 
1
1 0 1 2 0 0 0 0 0 
0 1 0 0 0 0 0 0 0 0 1 0 1 2 0 1 1 1 0 1 0 0 0 0 2 0 0 2 2 2 1 0 2 0 0 0 1 0 0 0 0 0 0 2 0 0 0 0 1 2 1 0 1 0 0 0 1 2 0 2 0 0 0 0 0 2 0 0 0 2 2 0 2 0 1 1 0 0 0 0 0 
16 17 16 0 0 0 16 16 16 16 17 16 1 2 0 17 17 17 16 17 16 0 0 0 18 16 16 34 34 34 1 0 2 0 0 0 33 32 32 0 0 0 0 2 0 32 32 32 1 2 1 0 1 0 0 0 1 2 0 2 0 0 0 0 0 2 0 0 0 2 2 0 2 0 1 1 0 0 0 0 0 
1
1 0 1 2 0 0 0 0 2 
0 1 0 0 0 0 0 0 0 0 1 0 1 2 0 1 1 1 0 1 0 0 0 0 2 0 0 2 2 2 1 0 2 0 0 0 1 0 0 0 0 0 0 2 0 0 0 0 1 2 1 0 1 0 0 0 1 2 0 2 0 0 0 0 0 2 0 0 0 2 2 2 2 0 1 1 0 0 0 0 0 
16 17 16 0 0 0 16 16 16 16 17 16 1 2 0 17 17 17 16 17 16 0 0 0 18 16 16 34 34 34 1 0 2 0 0 0 33 32 32 0 0 0 0 2 0 32 32 32 1 2 1 0 1 0 0 0 1 2 0 2 32 32 32 0 0 2 0 0 0 34 34 34 2 0 1 1 0 0 32 32 32 
1
1 0 1 2 0 0 0 0 2 
0 1 0 0 0 0 0 0 0 0 1 0 1 2 0 1 1 1 0 1 0 0 0 0 2 0 0 2 2 2 1 0 2 0 0 0 1 0 0 0 0 0 0 2 1 0 0 0 1 2 1 0 1 0 0 0 1 2 0 2 0 0 0 0 0 2 0 0 0 2 2 2 2 0 1 1 0 0 0 0 0 
16 17 16 0 0 0 16 16 16 16 17 16 1 2 0 17 17 17 16 17 16 0 0 0 18 16 16 34 34 34 1 0 2 0 0 0 33 32 32 0 0 0 0 2 1 32 32 32 1 2 1 0 1 0 0 0 1 2 0 2 32 32 32 0 0 2 0 0 0 34 34 34 2 0 1 1 0 0 32 32 32 
1
1 0 1 2 0 0 0 0 2 
0 1 0 0 0 0 0 0 0 0 1 0 1 2 0 1 1 1 0 1 0 0 0 0 2 0 0 2 2 2 1 0 2 2 0 0 1 0 0 0 0 0 0 2 1 0 0 0 1 2 1 0 1 0 0 0 1 2 0 2 0 0 0 0 0 2 0 0 0 2 2 2 2 0 1 1 0 0 0 0 0 
16 17 16 0 0 0 16 16 16 16 17 16 1 2 0 17 17 17 16 17 16 0 0 0 18 16 16 34 34 34 1 0 2 2 0 0 33 32 32 0 0 0 0 2 1 32 32 32 1 2 1 0 1 0 0 0 1 2 0 2 32 32 32 0 0 2 0 0 0 34 34 34 2 0 1 1 0 0 32 32 32 
1
1 0 1 2 0 0 0 0 2 
0 1 0 0 0 0 0 0 0 0 1 0 1 2 0 1 1 1 0 1 0 0 0 0 2 0 0 2 2 2 1 0 2 2 0 0 1 0 0 0 0 0 0 2 1 0 0 0 1 2 1 0 1 0 0 0 1 2 0 2 0 0 0 0 0 2 0 0 1 2 2 2 2 0 1 1 0 0 0 0 0 
16 17 16 0 0 0 16 16 16 16 17 16 1 2 0 17 17 17 16 17 16 0 0 0 18 16 16 34 34 34 1 0 2 2 0 0 33 32 32 0 0 0 0 2 1 32 32 32 1 2 1 0 1 0 0 0 1 2 0 2 32 32 32 0 0 2 0 0 1 34 34 34 2 0 1 1 0 0 32 32 32 
1
1 0 1 2 0 2 0 0 2 
0 1 0 0 0 0 0 0 0 0 1 0 1 2 0 1 1 1 0 1 0 0 0 0 2 0 0 2 2 2 1 0 2 2 0 0 1 0 0 0 0 0 0 2 1 0 0 0 1 2 1 0 1 2 0 0 1 2 0 2 0 0 0 0 0 2 0 0 1 2 2 2 2 0 1 1 0 0 0 0 0 
16 17 16 0 0 0 16 16 16 16 17 16 1 2 0 17 17 17 16 17 16 0 0 0 18 16 16 34 34 34 1 0 2 34 32 32 33 32 32 0 0 0 32 34 33 32 32 32 1 2 1 32 33 34 0 0 1 2 0 2 32 32 32 0 0 2 0 0 1 34 34 34 2 0 1 1 0 0 32 32 32 
1
1 0 1 2 1 2 0 0 2 
0 1 0 0 0 0 0 0 0 0 1 0 1 2 0 1 1 1 0 1 0 0 0 0 2 0 0 2 2 2 1 0 2 2 0 0 1 0 0 1 0 0 0 2 1 0 0 0 1 2 1 0 1 2 0 0 1 2 0 2 0 0 0 0 0 2 0 0 1 2 2 2 2 0 1 1 0 0 0 0 0 
16 17 16 0 0 0 16 16 16 16 17 16 1 2 0 17 17 17 16 17 16 0 0 0 18 16 16 34 34 34 17 16 18 34 32 32 33 32 32 17 16 16 32 34 33 32 32 32 17 18 17 32 33 34 0 0 1 2 0 2 32 32 32 0 0 2 0 0 1 34 34 34 2 0 1 1 0 0 32 32 32 
1
1 0 1 2 1 2 0 2 2 
0 1 0 0 0 0 0 0 0 0 1 0 1 2 0 1 1 1 0 1 0 0 0 0 2 0 0 2 2 2 1 0 2 2 0 0 1 0 0 1 0 0 0 2 1 0 0 0 1 2 1 0 1 2 0 0 1 2 2 2 0 0 0 0 0 2 0 0 1 2 2 2 2 0 1 1 0 0 0 0 0 
16 17 16 0 0 0 16 16 16 16 17 16 1 2 0 17 17 17 16 17 16 0 0 0 18 16 16 34 34 34 17 16 18 34 32 32 33 32 32 17 16 16 32 34 33 32 32 32 17 18 17 32 33 34 0 0 1 34 34 34 32 32 32 0 0 2 32 32 33 34 34 34 2 0 1 33 32 32 32 32 32 
1
1 0 1 2 1 2 0 2 2 
0 1 0 0 0 0 0 0 0 0 1 0 1 2 0 1 1 1 0 1 0 1 0 0 2 0 0 2 2 2 1 0 2 2 0 0 1 0 0 1 0 0 0 2 1 0 0 0 1 2 1 0 1 2 0 0 1 2 2 2 0 0 0 0 0 2 0 0 1 2 2 2 2 0 1 1 0 0 0 0 0 
16 17 16 0 0 0 16 16 16 16 17 16 1 2 0 17 17 17 16 17 16 1 0 0 18 16 16 34 34 34 17 16 18 34 32 32 33 32 32 17 16 16 32 34 33 32 32 32 17 18 17 32 33 34 0 0 1 34 34 34 32 32 32 0 0 2 32 32 33 34 34 34 2 0 1 33 32 32 32 32 32 
1
1 0 1 2 1 2 0 2 2 
0 1 0 0 0 0 0 0 0 0 1 0 1 2 0 1 1 1 0 1 0 1 0 0 2 0 0 2 2 2 1 0 2 2 0 0 1 0 0 1 0 0 0 2 1 0 0 0 1 2 1 0 1 2 0 0 1 2 2 2 0 0 0 2 0 2 0 0 1 2 2 2 2 0 1 1 0 0 0 0 0 
16 17 16 0 0 0 16 16 16 16 17 16 1 2 0 17 17 17 16 17 16 1 0 0 18 16 16 34 34 34 17 16 18 34 32 32 33 32 32 17 16 16 32 34 33 32 32 32 17 18 17 32 33 34 0 0 1 34 34 34 32 32 32 2 0 2 32 32 33 34 34 34 2 0 1 33 32 32 32 32 32 
1
1 1 1 2 1 2 0 2 2 
0 1 0 1 0 0 0 0 0 0 1 0 1 2 0 1 1 1 0 1 0 1 0 0 2 0 0 2 2 2 1 0 2 2 0 0 1 0 0 1 0 0 0 2 1 0 0 0 1 2 1 0 1 2 0 0 1 2 2 2 0 0 0 2 0 2 0 0 1 2 2 2 2 0 1 1 0 0 0 0 0 
16 17 16 17 16 16 16 16 16 16 17 16 17 18 16 17 17 17 16 17 16 17 16 16 18 16 16 34 34 34 17 16 18 34 32 32 33 32 32 17 16 16 32 34 33 32 32 32 17 18 17 32 33 34 0 0 1 34 34 34 32 32 32 2 0 2 32 32 33 34 34 34 2 0 1 33 32 32 32 32 32 
1
1 1 1 2 1 2 0 2 2 
0 1 0 1 0 0 0 0 0 0 1 0 1 2 0 1 1 1 0 1 0 1 0 0 2 0 0 2 2 2 1 0 2 2 0 0 1 0 0 1 0 0 0 2 1 0 0 0 1 2 1 0 1 2 0 0 1 2 2 2 0 0 0 2 0 2 0 0 1 2 2 2 2 0 1 1 0 0 0 0 0 
16 17 16 17 16 16 16 16 16 16 17 16 17 18 16 17 17 17 16 17 16 17 16 16 18 16 16 34 34 34 17 16 18 34 32 32 33 32 32 17 16 16 32 34 33 32 32 32 17 18 17 32 33 34 0 0 1 34 34 34 32 32 32 2 0 2 32 32 33 34 34 34 2 0 1 33 32 32 32 32 32 
1
