0 0 0 0 0 0 0 0 0 
0 0 0 0 0 0 0 0 0 0 0 0 0 0 0 0 0 0 0 0 0 0 0 0 0 0 0 0 0 0 0 0 0 0 0 0 0 0 0 0 0 0 0 0 0 0 0 0 1 0 0 0 0 0 0 0 0 0 0 0 0 0 0 0 0 0 0 0 0 0 0 0 0 0 0 0 0 0 0 0 0 
0 0 0 0 0 0 0 0 0 0 0 0 0 0 0 0 0 0 0 0 0 0 0 0 0 0 0 0 0 0 0 0 0 0 0 0 0 0 0 0 0 0 0 0 0 0 0 0 1 0 0 0 0 0 0 0 0 0 0 0 0 0 0 0 0 0 0 0 0 0 0 0 0 0 0 0 0 0 0 0 0 
1
0 0 0 0 0 0 0 0 0 
0 0 0 0 0 0 0 0 0 0 0 0 0 0 0 0 0 0 0 0 0 0 0 0 0 0 0 0 0 0 0 0 0 0 0 0 0 0 0 0 0 0 0 0 0 0 0 0 1 0 0 0 0 0 0 0 0 0 0 0 0 0 0 0 2 0 0 0 0 0 0 0 0 0 0 0 0 0 0 0 0 
0 0 0 0 0 0 0 0 0 0 0 0 0 0 0 0 0 0 0 0 0 0 0 0 0 0 0 0 0 0 0 0 0 0 0 0 0 0 0 0 0 0 0 0 0 0 0 0 1 0 0 0 0 0 0 0 0 0 0 0 0 0 0 0 2 0 0 0 0 0 0 0 0 0 0 0 0 0 0 0 0 
1
0 0 0 0 0 0 0 0 0 
0 0 0 0 0 0 0 0 0 0 0 0 0 0 0 0 0 0 0 0 0 0 0 0 0 0 0 0 0 0 0 0 0 0 0 0 0 0 0 0 0 0 0 0 0 0 0 0 1 1 0 0 0 0 0 0 0 0 0 0 0 0 0 0 2 0 0 0 0 0 0 0 0 0 0 0 0 0 0 0 0 
0 0 0 0 0 0 0 0 0 0 0 0 0 0 0 0 0 0 0 0 0 0 0 0 0 0 0 0 0 0 0 0 0 0 0 0 0 0 0 0 0 0 0 0 0 0 0 0 1 1 0 0 0 0 0 0 0 0 0 0 0 0 0 0 2 0 0 0 0 0 0 0 0 0 0 0 0 0 0 0 0 
1
0 0 0 0 0 0 0 0 0 
0 0 0 0 0 0 0 0 0 0 0 0 0 0 0 0 0 0 0 0 0 0 0 0 0 0 0 0 0 0 0 0 0 0 0 0 0 0 0 0 0 0 0 0 0 0 0 0 1 1 0 0 0 0 0 0 0 0 0 0 0 0 0 0 2 0 0 0 0 0 0 0 0 0 0 0 2 0 0 0 0 
0 0 0 0 0 0 0 0 0 0 0 0 0 0 0 0 0 0 0 0 0 0 0 0 0 0 0 0 0 0 0 0 0 0 0 0 0 0 0 0 0 0 0 0 0 0 0 0 1 1 0 0 0 0 0 0 0 0 0 0 0 0 0 0 2 0 0 0 0 0 0 0 0 0 0 0 2 0 0 0 0 
1
0 0 0 0 0 0 0 0 0 
0 0 0 0 0 0 0 0 0 0 0 0 0 0 0 0 0 0 0 0 0 0 0 0 0 0 0 0 0 0 0 0 0 0 0 0 0 0 0 0 0 0 0 0 0 0 0 0 1 1 0 0 0 0 0 0 0 0 0 0 0 0 0 0 2 0 0 0 1 0 0 0 0 0 0 0 2 0 0 0 0 
0 0 0 0 0 0 0 0 0 0 0 0 0 0 0 0 0 0 0 0 0 0 0 0 0 0 0 0 0 0 0 0 0 0 0 0 0 0 0 0 0 0 0 0 0 0 0 0 1 1 0 0 0 0 0 0 0 0 0 0 0 0 0 0 2 0 0 0 1 0 0 0 0 0 0 0 2 0 0 0 0 
1
0 0 0 0 0 0 0 0 0 
0 0 0 0 0 0 0 0 0 0 0 0 0 0 0 0 0 0 0 0 0 0 0 0 0 0 0 0 0 0 0 0 0 0 0 0 0 0 0 0 0 0 0 0 0 0 0 0 1 1 0 2 0 0 0 0 0 0 0 0 0 0 0 0 2 0 0 0 1 0 0 0 0 0 0 0 2 0 0 0 0 
0 0 0 0 0 0 0 0 0 0 0 0 0 0 0 0 0 0 0 0 0 0 0 0 0 0 0 0 0 0 0 0 0 0 0 0 0 0 0 0 0 0 0 0 0 0 0 0 1 1 0 2 0 0 0 0 0 0 0 0 0 0 0 0 2 0 0 0 1 0 0 0 0 0 0 0 2 0 0 0 0 
1
0 0 0 0 0 0 0 0 0 
0 0 0 0 0 0 0 0 0 0 0 0 0 0 0 0 0 0 0 0 0 0 0 0 0 0 0 0 0 0 0 0 0 0 0 0 0 0 0 0 0 0 0 0 0 0 0 0 1 1 0 2 0 0 1 0 0 0 0 0 0 0 0 0 2 0 0 0 1 0 0 0 0 0 0 0 2 0 0 0 0 
0 0 0 0 0 0 0 0 0 0 0 0 0 0 0 0 0 0 0 0 0 0 0 0 0 0 0 0 0 0 0 0 0 0 0 0 0 0 0 0 0 0 0 0 0 0 0 0 1 1 0 2 0 0 1 0 0 0 0 0 0 0 0 0 2 0 0 0 1 0 0 0 0 0 0 0 2 0 0 0 0 
1
0 0 0 0 0 0 0 0 0 
0 0 0 0 0 0 0 0 0 0 0 0 0 0 0 0 0 0 0 2 0 0 0 0 0 0 0 0 0 0 0 0 0 0 0 0 0 0 0 0 0 0 0 0 0 0 0 0 1 1 0 2 0 0 1 0 0 0 0 0 0 0 0 0 2 0 0 0 1 0 0 0 0 0 0 0 2 0 0 0 0 
0 0 0 0 0 0 0 0 0 0 0 0 0 0 0 0 0 0 0 2 0 0 0 0 0 0 0 0 0 0 0 0 0 0 0 0 0 0 0 0 0 0 0 0 0 0 0 0 1 1 0 2 0 0 1 0 0 0 0 0 0 0 0 0 2 0 0 0 1 0 0 0 0 0 0 0 2 0 0 0 0 
1
0 0 0 0 0 0 0 0 0 
0 0 0 0 0 0 0 0 0 0 0 0 0 0 0 0 0 0 0 2 0 0 0 0 0 0 0 0 0 0 0 0 0 0 0 0 0 0 0 0 0 0 0 0 0 0 0 0 1 1 0 2 0 0 1 0 0 0 0 0 0 0 0 0 2 0 0 0 1 0 0 0 0 0 0 0 2 1 0 0 0 
0 0 0 0 0 0 0 0 0 0 0 0 0 0 0 0 0 0 0 2 0 0 0 0 0 0 0 0 0 0 0 0 0 0 0 0 0 0 0 0 0 0 0 0 0 0 0 0 1 1 0 2 0 0 1 0 0 0 0 0 0 0 0 0 2 0 0 0 1 0 0 0 0 0 0 0 2 1 0 0 0 
1
0 0 0 0 0 0 0 0 0 
0 0 0 0 0 0 0 0 0 0 0 0 0 0 0 0 0 0 0 2 0 0 0 0 0 0 0 0 0 0 0 0 0 0 0 0 0 0 0 0 0 0 0 0 0 0 0 0 1 1 0 2 0 0 1 0 0 0 0 0 0 0 0 0 2 0 0 0 1 0 0 0 0 0 0 0 2 1 0 0 2 
0 0 0 0 0 0 0 0 0 0 0 0 0 0 0 0 0 0 0 2 0 0 0 0 0 0 0 0 0 0 0 0 0 0 0 0 0 0 0 0 0 0 0 0 0 0 0 0 1 1 0 2 0 0 1 0 0 0 0 0 0 0 0 0 2 0 0 0 1 0 0 0 0 0 0 0 2 1 0 0 2 
1
0 0 0 0 0 0 0 0 0 
0 0 0 0 0 0 0 0 0 0 0 0 0 0 0 0 0 0 0 2 0 0 0 0 0 0 0 0 0 0 0 0 0 0 0 0 0 0 0 0 0 0 0 0 0 0 0 0 1 1 0 2 0 0 1 0 0 0 0 0 1 0 0 0 2 0 0 0 1 0 0 0 0 0 0 0 2 1 0 0 2 
0 0 0 0 0 0 0 0 0 0 0 0 0 0 0 0 0 0 0 2 0 0 0 0 0 0 0 0 0 0 0 0 0 0 0 0 0 0 0 0 0 0 0 0 0 0 0 0 1 1 0 2 0 0 1 0 0 0 0 0 1 0 0 0 2 0 0 0 1 0 0 0 0 0 0 0 2 1 0 0 2 
1
0 0 0 0 0 0 0 0 0 
0 0 2 0 0 0 0 0 0 0 0 0 0 0 0 0 0 0 0 2 0 0 0 0 0 0 0 0 0 0 0 0 0 0 0 0 0 0 0 0 0 0 0 0 0 0 0 0 1 1 0 2 0 0 1 0 0 0 0 0 1 0 0 0 2 0 0 0 1 0 0 0 0 0 0 0 2 1 0 0 2 
0 0 2 0 0 0 0 0 0 0 0 0 0 0 0 0 0 0 0 2 0 0 0 0 0 0 0 0 0 0 0 0 0 0 0 0 0 0 0 0 0 0 0 0 0 0 0 0 1 1 0 2 0 0 1 0 0 0 0 0 1 0 0 0 2 0 0 0 1 0 0 0 0 0 0 0 2 1 0 0 2 
1
0 0 0 0 0 0 0 0 0 
0 0 2 0 0 0 0 0 0 0 0 0 0 0 0 1 0 0 0 2 0 0 0 0 0 0 0 0 0 0 0 0 0 0 0 0 0 0 0 0 0 0 0 0 0 0 0 0 1 1 0 2 0 0 1 0 0 0 0 0 1 0 0 0 2 0 0 0 1 0 0 0 0 0 0 0 2 1 0 0 2 
0 0 2 0 0 0 0 0 0 0 0 0 0 0 0 1 0 0 0 2 0 0 0 0 0 0 0 0 0 0 0 0 0 0 0 0 0 0 0 0 0 0 0 0 0 0 0 0 1 1 0 2 0 0 1 0 0 0 0 0 1 0 0 0 2 0 0 0 1 0 0 0 0 0 0 0 2 1 0 0 2 
1
0 0 0 0 0 0 0 0 0 
0 0 2 0 0 0 0 0 0 0 0 0 0 0 0 1 0 0 0 2 0 0 0 0 0 0 0 0 0 0 0 0 0 0 0 0 0 0 2 0 0 0 0 0 0 0 0 0 1 1 0 2 0 0 1 0 0 0 0 0 1 0 0 0 2 0 0 0 1 0 0 0 0 0 0 0 2 1 0 0 2 
0 0 2 0 0 0 0 0 0 0 0 0 0 0 0 1 0 0 0 2 0 0 0 0 0 0 0 0 0 0 0 0 0 0 0 0 0 0 2 0 0 0 0 0 0 0 0 0 1 1 0 2 0 0 1 0 0 0 0 0 1 0 0 0 2 0 0 0 1 0 0 0 0 0 0 0 2 1 0 0 2 
1
0 0 0 0 0 0 0 0 0 
0 0 2 0 0 0 0 0 0 0 0 0 0 0 0 1 0 0 0 2 0 0 0 0 0 0 0 0 0 0 0 0 0 1 0 0 0 0 2 0 0 0 0 0 0 0 0 0 1 1 0 2 0 0 1 0 0 0 0 0 1 0 0 0 2 0 0 0 1 0 0 0 0 0 0 0 2 1 0 0 2 
0 0 2 0 0 0 0 0 0 0 0 0 0 0 0 1 0 0 0 2 0 0 0 0 0 0 0 0 0 0 0 0 0 1 0 0 0 0 2 0 0 0 0 0 0 0 0 0 1 1 0 2 0 0 1 0 0 0 0 0 1 0 0 0 2 0 0 0 1 0 0 0 0 0 0 0 2 1 0 0 2 
1
0 0 0 0 0 0 0 0 0 
0 0 2 0 0 0 0 0 0 2 0 0 0 0 0 1 0 0 0 2 0 0 0 0 0 0 0 0 0 0 0 0 0 1 0 0 0 0 2 0 0 0 0 0 0 0 0 0 1 1 0 2 0 0 1 0 0 0 0 0 1 0 0 0 2 0 0 0 1 0 0 0 0 0 0 0 2 1 0 0 2 
0 0 2 0 0 0 0 0 0 2 0 0 0 0 0 1 0 0 0 2 0 0 0 0 0 0 0 0 0 0 0 0 0 1 0 0 0 0 2 0 0 0 0 0 0 0 0 0 1 1 0 2 0 0 1 0 0 0 0 0 1 0 0 0 2 0 0 0 1 0 0 0 0 0 0 0 2 1 0 0 2 
1
0 0 0 0 0 0 0 0 0 
0 0 2 0 0 0 0 0 0 2 0 0 0 0 0 1 0 0 0 2 0 0 0 0 0 0 0 0 0 0 0 0 0 1 0 0 0 0 2 0 0 0 0 0 0 0 0 1 1 1 0 2 0 0 1 0 0 0 0 0 1 0 0 0 2 0 0 0 1 0 0 0 0 0 0 0 2 1 0 0 2 
0 0 2 0 0 0 0 0 0 2 0 0 0 0 0 1 0 0 0 2 0 0 0 0 0 0 0 0 0 0 0 0 0 1 0 0 0 0 2 0 0 0 0 0 0 0 0 1 1 1 0 2 0 0 1 0 0 0 0 0 1 0 0 0 2 0 0 0 1 0 0 0 0 0 0 0 2 1 0 0 2 
1
0 0 0 0 0 0 0 0 0 
0 0 2 0 0 0 0 0 0 2 0 0 0 0 0 1 0 0 0 2 0 0 0 0 0 0 0 0 0 0 0 0 0 1 0 0 0 0 2 0 0 0 0 0 0 0 0 1 1 1 0 2 0 0 1 0 0 0 0 0 1 0 2 0 2 0 0 0 1 0 0 0 0 0 0 0 2 1 0 0 2 
0 0 2 0 0 0 0 0 0 2 0 0 0 0 0 1 0 0 0 2 0 0 0 0 0 0 0 0 0 0 0 0 0 1 0 0 0 0 2 0 0 0 0 0 0 0 0 1 1 1 0 2 0 0 1 0 0 0 0 0 1 0 2 0 2 0 0 0 1 0 0 0 0 0 0 0 2 1 0 0 2 
1
0 0 0 0 0 0 0 0 0 
0 0 2 0 0 0 0 0 1 2 0 0 0 0 0 1 0 0 0 2 0 0 0 0 0 0 0 0 0 0 0 0 0 1 0 0 0 0 2 0 0 0 0 0 0 0 0 1 1 1 0 2 0 0 1 0 0 0 0 0 1 0 2 0 2 0 0 0 1 0 0 0 0 0 0 0 2 1 0 0 2 
0 0 2 0 0 0 0 0 1 2 0 0 0 0 0 1 0 0 0 2 0 0 0 0 0 0 0 0 0 0 0 0 0 1 0 0 0 0 2 0 0 0 0 0 0 0 0 1 1 1 0 2 0 0 1 0 0 0 0 0 1 0 2 0 2 0 0 0 1 0 0 0 0 0 0 0 2 1 0 0 2 
1
0 0 0 0 0 0 0 0 0 
0 0 2 0 0 0 2 0 1 2 0 0 0 0 0 1 0 0 0 2 0 0 0 0 0 0 0 0 0 0 0 0 0 1 0 0 0 0 2 0 0 0 0 0 0 0 0 1 1 1 0 2 0 0 1 0 0 0 0 0 1 0 2 0 2 0 0 0 1 0 0 0 0 0 0 0 2 1 0 0 2 
0 0 2 0 0 0 2 0 1 2 0 0 0 0 0 1 0 0 0 2 0 0 0 0 0 0 0 0 0 0 0 0 0 1 0 0 0 0 2 0 0 0 0 0 0 0 0 1 1 1 0 2 0 0 1 0 0 0 0 0 1 0 2 0 2 0 0 0 1 0 0 0 0 0 0 0 2 1 0 0 2 
1
0 0 0 0 0 0 0 0 0 
1 0 2 0 0 0 2 0 1 2 0 0 0 0 0 1 0 0 0 2 0 0 0 0 0 0 0 0 0 0 0 0 0 1 0 0 0 0 2 0 0 0 0 0 0 0 0 1 1 1 0 2 0 0 1 0 0 0 0 0 1 0 2 0 2 0 0 0 1 0 0 0 0 0 0 0 2 1 0 0 2 
1 0 2 0 0 0 2 0 1 2 0 0 0 0 0 1 0 0 0 2 0 0 0 0 0 0 0 0 0 0 0 0 0 1 0 0 0 0 2 0 0 0 0 0 0 0 0 1 1 1 0 2 0 0 1 0 0 0 0 0 1 0 2 0 2 0 0 0 1 0 0 0 0 0 0 0 2 1 0 0 2 
1
0 0 0 0 0 0 0 0 0 
1 0 2 0 0 0 2 0 1 2 0 0 0 0 0 1 0 0 2 2 0 0 0 0 0 0 0 0 0 0 0 0 0 1 0 0 0 0 2 0 0 0 0 0 0 0 0 1 1 1 0 2 0 0 1 0 0 0 0 0 1 0 2 0 2 0 0 0 1 0 0 0 0 0 0 0 2 1 0 0 2 
1 0 2 0 0 0 2 0 1 2 0 0 0 0 0 1 0 0 2 2 0 0 0 0 0 0 0 0 0 0 0 0 0 1 0 0 0 0 2 0 0 0 0 0 0 0 0 1 1 1 0 2 0 0 1 0 0 0 0 0 1 0 2 0 2 0 0 0 1 0 0 0 0 0 0 0 2 1 0 0 2 
1
0 0 0 0 0 0 0 0 0 
1 0 2 0 0 0 2 0 1 2 0 0 0 0 0 1 0 0 2 2 0 0 0 0 0 0 0 0 0 0 0 0 0 1 0 0 0 0 2 0 0 0 0 0 0 0 0 1 1 1 0 2 0 0 1 1 0 0 0 0 1 0 2 0 2 0 0 0 1 0 0 0 0 0 0 0 2 1 0 0 2 
1 0 2 0 0 0 2 0 1 2 0 0 0 0 0 1 0 0 2 2 0 0 0 0 0 0 0 0 0 0 0 0 0 1 0 0 0 0 2 0 0 0 0 0 0 0 0 1 1 1 0 2 0 0 1 1 0 0 0 0 1 0 2 0 2 0 0 0 1 0 0 0 0 0 0 0 2 1 0 0 2 
1
0 0 0 0 0 0 0 0 0 
1 0 2 0 0 0 2 0 1 2 0 0 0 0 2 1 0 0 2 2 0 0 0 0 0 0 0 0 0 0 0 0 0 1 0 0 0 0 2 0 0 0 0 0 0 0 0 1 1 1 0 2 0 0 1 1 0 0 0 0 1 0 2 0 2 0 0 0 1 0 0 0 0 0 0 0 2 1 0 0 2 
1 0 2 0 0 0 2 0 1 2 0 0 0 0 2 1 0 0 2 2 0 0 0 0 0 0 0 0 0 0 0 0 0 1 0 0 0 0 2 0 0 0 0 0 0 0 0 1 1 1 0 2 0 0 1 1 0 0 0 0 1 0 2 0 2 0 0 0 1 0 0 0 0 0 0 0 2 1 0 0 2 
1
0 0 0 0 0 0 0 0 0 
1 0 2 0 0 0 2 0 1 2 0 0 0 0 2 1 0 0 2 2 0 0 0 0 0 0 0 0 0 0 0 0 0 1 1 0 0 0 2 0 0 0 0 0 0 0 0 1 1 1 0 2 0 0 1 1 0 0 0 0 1 0 2 0 2 0 0 0 1 0 0 0 0 0 0 0 2 1 0 0 2 
1 0 2 0 0 0 2 0 1 2 0 0 0 0 2 1 0 0 2 2 0 0 0 0 0 0 0 0 0 0 0 0 0 1 1 0 0 0 2 0 0 0 0 0 0 0 0 1 1 1 0 2 0 0 1 1 0 0 0 0 1 0 2 0 2 0 0 0 1 0 0 0 0 0 0 0 2 1 0 0 2 
1
0 0 0 0 0 0 0 0 0 
1 0 2 0 2 0 2 0 1 2 0 0 0 0 2 1 0 0 2 2 0 0 0 0 0 0 0 0 0 0 0 0 0 1 1 0 0 0 2 0 0 0 0 0 0 0 0 1 1 1 0 2 0 0 1 1 0 0 0 0 1 0 2 0 2 0 0 0 1 0 0 0 0 0 0 0 2 1 0 0 2 
1 0 2 0 2 0 2 0 1 2 0 0 0 0 2 1 0 0 2 2 0 0 0 0 0 0 0 0 0 0 0 0 0 1 1 0 0 0 2 0 0 0 0 0 0 0 0 1 1 1 0 2 0 0 1 1 0 0 0 0 1 0 2 0 2 0 0 0 1 0 0 0 0 0 0 0 2 1 0 0 2 
1
0 0 0 0 0 0 0 0 0 
1 0 2 1 2 0 2 0 1 2 0 0 0 0 2 1 0 0 2 2 0 0 0 0 0 0 0 0 0 0 0 0 0 1 1 0 0 0 2 0 0 0 0 0 0 0 0 1 1 1 0 2 0 0 1 1 0 0 0 0 1 0 2 0 2 0 0 0 1 0 0 0 0 0 0 0 2 1 0 0 2 
1 0 2 1 2 0 2 0 1 2 0 0 0 0 2 1 0 0 2 2 0 0 0 0 0 0 0 0 0 0 0 0 0 1 1 0 0 0 2 0 0 0 0 0 0 0 0 1 1 1 0 2 0 0 1 1 0 0 0 0 1 0 2 0 2 0 0 0 1 0 0 0 0 0 0 0 2 1 0 0 2 
1
2 0 0 0 0 0 0 0 0 
1 0 2 1 2 0 2 0 1 2 0 0 0 0 2 1 0 0 2 2 2 0 0 0 0 0 0 0 0 0 0 0 0 1 1 0 0 0 2 0 0 0 0 0 0 0 0 1 1 1 0 2 0 0 1 1 0 0 0 0 1 0 2 0 2 0 0 0 1 0 0 0 0 0 0 0 2 1 0 0 2 
33 32 34 1 2 0 2 0 1 34 32 32 0 0 2 1 0 0 34 34 34 0 0 0 0 0 0 0 0 0 0 0 0 1 1 0 0 0 2 0 0 0 0 0 0 0 0 1 1 1 0 2 0 0 1 1 0 0 0 0 1 0 2 0 2 0 0 0 1 0 0 0 0 0 0 0 2 1 0 0 2 
1
2 0 0 0 0 0 0 0 0 
1 0 2 1 2 0 2 0 1 2 0 0 0 0 2 1 0 0 2 2 2 0 0 0 0 0 0 0 0 0 0 0 0 1 1 0 0 0 2 0 0 0 0 0 0 0 0 1 1 1 0 2 0 0 1 1 0 0 0 0 1 0 2 0 2 0 0 0 1 1 0 0 0 0 0 0 2 1 0 0 2 
33 32 34 1 2 0 2 0 1 34 32 32 0 0 2 1 0 0 34 34 34 0 0 0 0 0 0 0 0 0 0 0 0 1 1 0 0 0 2 0 0 0 0 0 0 0 0 1 1 1 0 2 0 0 1 1 0 0 0 0 1 0 2 0 2 0 0 0 1 1 0 0 0 0 0 0 2 1 0 0 2 
1
2 0 0 0 0 0 0 0 0 
1 0 2 1 2 0 2 0 1 2 0 0 0 0 2 1 0 0 2 2 2 0 0 0 0 0 0 0 0 0 0 0 0 1 1 0 0 2 2 0 0 0 0 0 0 0 0 1 1 1 0 2 0 0 1 1 0 0 0 0 1 0 2 0 2 0 0 0 1 1 0 0 0 0 0 0 2 1 0 0 2 
33 32 34 1 2 0 2 0 1 34 32 32 0 0 2 1 0 0 34 34 34 0 0 0 0 0 0 0 0 0 0 0 0 1 1 0 0 2 2 0 0 0 0 0 0 0 0 1 1 1 0 2 0 0 1 1 0 0 0 0 1 0 2 0 2 0 0 0 1 1 0 0 0 0 0 0 2 1 0 0 2 
1
2 0 0 0 1 0 0 0 0 
1 0 2 1 2 0 2 0 1 2 0 0 0 0 2 1 0 0 2 2 2 0 0 0 0 0 0 0 0 0 0 0 0 1 1 0 0 2 2 0 0 0 0 0 0 0 0 1 1 1 1 2 0 0 1 1 0 0 0 0 1 0 2 0 2 0 0 0 1 1 0 0 0 0 0 0 2 1 0 0 2 
33 32 34 1 2 0 2 0 1 34 32 32 0 0 2 1 0 0 34 34 34 0 0 0 0 0 0 0 0 0 16 16 16 1 1 0 0 2 2 16 16 16 0 0 0 0 0 1 17 17 17 2 0 0 1 1 0 0 0 0 1 0 2 0 2 0 0 0 1 1 0 0 0 0 0 0 2 1 0 0 2 
1
2 0 0 0 1 0 0 0 2 
1 0 2 1 2 0 2 0 1 2 0 0 0 0 2 1 0 0 2 2 2 0 0 0 0 0 0 0 0 0 0 0 0 1 1 0 0 2 2 0 0 0 0 0 0 0 0 1 1 1 1 2 0 0 1 1 0 0 0 0 1 0 2 0 2 0 0 0 1 1 0 2 0 0 0 0 2 1 0 0 2 
33 32 34 1 2 0 2 0 1 34 32 32 0 0 2 1 0 0 34 34 34 0 0 0 0 0 0 0 0 0 16 16 16 1 1 0 0 2 2 16 16 16 0 0 0 0 0 1 17 17 17 2 0 0 1 1 0 0 0 0 33 32 34 0 2 0 0 0 1 33 32 34 0 0 0 0 2 1 32 32 34 
1
2 0 0 0 1 1 0 0 2 
1 0 2 1 2 0 2 0 1 2 0 0 0 0 2 1 0 0 2 2 2 0 0 0 0 0 0 0 0 0 0 0 0 1 1 1 0 2 2 0 0 0 0 0 0 0 0 1 1 1 1 2 0 0 1 1 0 0 0 0 1 0 2 0 2 0 0 0 1 1 0 2 0 0 0 0 2 1 0 0 2 
33 32 34 1 2 0 2 0 1 34 32 32 0 0 2 1 0 0 34 34 34 0 0 0 0 0 0 0 0 0 16 16 16 17 17 17 0 2 2 16 16 16 16 16 16 0 0 1 17 17 17 18 16 16 1 1 0 0 0 0 33 32 34 0 2 0 0 0 1 33 32 34 0 0 0 0 2 1 32 32 34 
1
2 0 0 0 1 1 0 0 2 
1 0 2 1 2 0 2 2 1 2 0 0 0 0 2 1 0 0 2 2 2 0 0 0 0 0 0 0 0 0 0 0 0 1 1 1 0 2 2 0 0 0 0 0 0 0 0 1 1 1 1 2 0 0 1 1 0 0 0 0 1 0 2 0 2 0 0 0 1 1 0 2 0 0 0 0 2 1 0 0 2 
33 32 34 1 2 0 2 2 1 34 32 32 0 0 2 1 0 0 34 34 34 0 0 0 0 0 0 0 0 0 16 16 16 17 17 17 0 2 2 16 16 16 16 16 16 0 0 1 17 17 17 18 16 16 1 1 0 0 0 0 33 32 34 0 2 0 0 0 1 33 32 34 0 0 0 0 2 1 32 32 34 
1
2 0 0 0 1 1 0 0 2 
1 0 2 1 2 0 2 2 1 2 0 0 1 0 2 1 0 0 2 2 2 0 0 0 0 0 0 0 0 0 0 0 0 1 1 1 0 2 2 0 0 0 0 0 0 0 0 1 1 1 1 2 0 0 1 1 0 0 0 0 1 0 2 0 2 0 0 0 1 1 0 2 0 0 0 0 2 1 0 0 2 
33 32 34 1 2 0 2 2 1 34 32 32 1 0 2 1 0 0 34 34 34 0 0 0 0 0 0 0 0 0 16 16 16 17 17 17 0 2 2 16 16 16 16 16 16 0 0 1 17 17 17 18 16 16 1 1 0 0 0 0 33 32 34 0 2 0 0 0 1 33 32 34 0 0 0 0 2 1 32 32 34 
1
2 0 0 0 1 1 0 0 2 
1 0 2 1 2 0 2 2 1 2 0 0 1 0 2 1 0 0 2 2 2 0 0 0 0 0 0 0 0 0 0 0 0 1 1 1 0 2 2 0 0 0 0 0 0 0 2 1 1 1 1 2 0 0 1 1 0 0 0 0 1 0 2 0 2 0 0 0 1 1 0 2 0 0 0 0 2 1 0 0 2 
33 32 34 1 2 0 2 2 1 34 32 32 1 0 2 1 0 0 34 34 34 0 0 0 0 0 0 0 0 0 16 16 16 17 17 17 0 2 2 16 16 16 16 16 16 0 2 1 17 17 17 18 16 16 1 1 0 0 0 0 33 32 34 0 2 0 0 0 1 33 32 34 0 0 0 0 2 1 32 32 34 
1
2 0 0 0 1 1 0 1 2 
1 0 2 1 2 0 2 2 1 2 0 0 1 0 2 1 0 0 2 2 2 0 0 0 0 0 0 0 0 0 0 0 0 1 1 1 0 2 2 0 0 0 0 0 0 0 2 1 1 1 1 2 0 0 1 1 0 0 0 1 1 0 2 0 2 0 0 0 1 1 0 2 0 0 0 0 2 1 0 0 2 
33 32 34 1 2 0 2 2 1 34 32 32 1 0 2 1 0 0 34 34 34 0 0 0 0 0 0 0 0 0 16 16 16 17 17 17 0 2 2 16 16 16 16 16 16 0 2 1 17 17 17 18 16 16 1 1 0 16 16 17 33 32 34 0 2 0 16 16 17 33 32 34 0 0 0 16 18 17 32 32 34 
1
2 0 0 0 1 1 0 1 2 
1 0 2 1 2 0 2 2 1 2 0 0 1 0 2 1 0 0 2 2 2 0 0 0 2 0 0 0 0 0 0 0 0 1 1 1 0 2 2 0 0 0 0 0 0 0 2 1 1 1 1 2 0 0 1 1 0 0 0 1 1 0 2 0 2 0 0 0 1 1 0 2 0 0 0 0 2 1 0 0 2 
33 32 34 1 2 0 2 2 1 34 32 32 1 0 2 1 0 0 34 34 34 0 0 0 2 0 0 0 0 0 16 16 16 17 17 17 0 2 2 16 16 16 16 16 16 0 2 1 17 17 17 18 16 16 1 1 0 16 16 17 33 32 34 0 2 0 16 16 17 33 32 34 0 0 0 16 18 17 32 32 34 
1
2 0 0 0 1 1 1 1 2 
1 0 2 1 2 0 2 2 1 2 0 0 1 0 2 1 0 0 2 2 2 0 0 0 2 0 0 0 0 0 0 0 0 1 1 1 0 2 2 0 0 0 0 0 0 0 2 1 1 1 1 2 0 0 1 1 1 0 0 1 1 0 2 0 2 0 0 0 1 1 0 2 0 0 0 0 2 1 0 0 2 
33 32 34 1 2 0 2 2 1 34 32 32 1 0 2 1 0 0 34 34 34 0 0 0 2 0 0 0 0 0 16 16 16 17 17 17 0 2 2 16 16 16 16 16 16 0 2 1 17 17 17 18 16 16 17 17 17 16 16 17 33 32 34 16 18 16 16 16 17 33 32 34 16 16 16 16 18 17 32 32 34 
1
2 0 0 0 1 1 1 1 2 
1 0 2 1 2 0 2 2 1 2 0 0 1 0 2 1 0 0 2 2 2 0 0 0 2 0 2 0 0 0 0 0 0 1 1 1 0 2 2 0 0 0 0 0 0 0 2 1 1 1 1 2 0 0 1 1 1 0 0 1 1 0 2 0 2 0 0 0 1 1 0 2 0 0 0 0 2 1 0 0 2 
33 32 34 1 2 0 2 2 1 34 32 32 1 0 2 1 0 0 34 34 34 0 0 0 2 0 2 0 0 0 16 16 16 17 17 17 0 2 2 16 16 16 16 16 16 0 2 1 17 17 17 18 16 16 17 17 17 16 16 17 33 32 34 16 18 16 16 16 17 33 32 34 16 16 16 16 18 17 32 32 34 
1
2 1 0 0 1 1 1 1 2 
1 0 2 1 2 0 2 2 1 2 0 0 1 0 2 1 0 0 2 2 2 1 0 0 2 0 2 0 0 0 0 0 0 1 1 1 0 2 2 0 0 0 0 0 0 0 2 1 1 1 1 2 0 0 1 1 1 0 0 1 1 0 2 0 2 0 0 0 1 1 0 2 0 0 0 0 2 1 0 0 2 
33 32 34 17 18 16 2 2 1 34 32 32 17 16 18 1 0 0 34 34 34 17 16 16 2 0 2 0 0 0 16 16 16 17 17 17 0 2 2 16 16 16 16 16 16 0 2 1 17 17 17 18 16 16 17 17 17 16 16 17 33 32 34 16 18 16 16 16 17 33 32 34 16 16 16 16 18 17 32 32 34 
1
2 1 0 0 1 1 1 1 2 
1 0 2 1 2 0 2 2 1 2 0 0 1 0 2 1 0 0 2 2 2 1 0 0 2 0 2 0 0 0 0 0 0 1 1 1 0 2 2 0 0 0 0 0 0 0 2 1 1 1 1 2 0 0 1 1 1 0 0 1 1 0 2 0 2 0 0 0 1 1 0 2 0 0 0 0 2 1 0 0 2 
33 32 34 17 18 16 2 2 1 34 32 32 17 16 18 1 0 0 34 34 34 17 16 16 2 0 2 0 0 0 16 16 16 17 17 17 0 2 2 16 16 16 16 16 16 0 2 1 17 17 17 18 16 16 17 17 17 16 16 17 33 32 34 16 18 16 16 16 17 33 32 34 16 16 16 16 18 17 32 32 34 
1
