0 0 0 0 0 0 0 0 0 
0 0 0 0 0 0 0 0 0 0 0 0 0 0 0 0 0 0 0 0 0 0 0 0 0 0 0 0 0 0 0 0 0 0 0 0 0 0 0 0 1 0 0 0 0 0 0 0 0 0 0 0 0 0 0 0 0 0 0 0 0 0 0 0 0 0 0 0 0 0 0 0 0 0 0 0 0 0 0 0 0 
0 0 0 0 0 0 0 0 0 0 0 0 0 0 0 0 0 0 0 0 0 0 0 0 0 0 0 0 0 0 0 0 0 0 0 0 0 0 0 0 1 0 0 0 0 0 0 0 0 0 0 0 0 0 0 0 0 0 0 0 0 0 0 0 0 0 0 0 0 0 0 0 0 0 0 0 0 0 0 0 0 
0
0 0 0 0 0 0 0 0 0 
0 0 0 0 0 0 0 0 0 0 0 0 0 0 0 0 0 0 0 0 0 0 0 0 0 0 0 0 0 0 0 0 0 0 0 0 0 0 0 0 1 0 0 0 0 0 0 0 0 2 0 0 0 0 0 0 0 0 0 0 0 0 0 0 0 0 0 0 0 0 0 0 0 0 0 0 0 0 0 0 0 
0 0 0 0 0 0 0 0 0 0 0 0 0 0 0 0 0 0 0 0 0 0 0 0 0 0 0 0 0 0 0 0 0 0 0 0 0 0 0 0 1 0 0 0 0 0 0 0 0 2 0 0 0 0 0 0 0 0 0 0 0 0 0 0 0 0 0 0 0 0 0 0 0 0 0 0 0 0 0 0 0 
0
0 0 0 0 0 0 0 0 0 
0 0 0 0 0 0 0 0 0 0 0 0 0 0 0 0 0 0 0 0 0 0 0 0 0 0 0 0 0 0 0 0 0 0 0 0 0 0 0 0 1 0 0 0 0 0 0 0 0 2 0 0 0 0 0 0 0 0 0 0 0 0 0 0 0 0 0 0 0 0 0 0 0 0 0 0 0 1 0 0 0 
0 0 0 0 0 0 0 0 0 0 0 0 0 0 0 0 0 0 0 0 0 0 0 0 0 0 0 0 0 0 0 0 0 0 0 0 0 0 0 0 1 0 0 0 0 0 0 0 0 2 0 0 0 0 0 0 0 0 0 0 0 0 0 0 0 0 0 0 0 0 0 0 0 0 0 0 0 1 0 0 0 
0
0 0 0 0 0 0 0 0 0 
0 0 0 0 0 0 0 0 0 0 0 0 0 0 0 0 0 0 0 0 0 0 0 0 0 0 0 0 0 0 0 0 0 0 0 0 0 0 0 0 1 0 0 0 0 0 0 0 0 2 0 0 0 0 0 0 0 0 0 0 0 0 0 0 0 0 0 0 0 2 0 0 0 0 0 0 0 1 0 0 0 
0 0 0 0 0 0 0 0 0 0 0 0 0 0 0 0 0 0 0 0 0 0 0 0 0 0 0 0 0 0 0 0 0 0 0 0 0 0 0 0 1 0 0 0 0 0 0 0 0 2 0 0 0 0 0 0 0 0 0 0 0 0 0 0 0 0 0 0 0 2 0 0 0 0 0 0 0 1 0 0 0 
0
0 0 0 0 0 0 0 0 0 
0 0 0 0 0 0 0 0 0 0 0 0 0 0 0 0 0 0 0 0 0 0 0 0 0 0 0 0 0 0 0 0 0 0 0 0 1 0 0 0 1 0 0 0 0 0 0 0 0 2 0 0 0 0 0 0 0 0 0 0 0 0 0 0 0 0 0 0 0 2 0 0 0 0 0 0 0 1 0 0 0 
0 0 0 0 0 0 0 0 0 0 0 0 0 0 0 0 0 0 0 0 0 0 0 0 0 0 0 0 0 0 0 0 0 0 0 0 1 0 0 0 1 0 0 0 0 0 0 0 0 2 0 0 0 0 0 0 0 0 0 0 0 0 0 0 0 0 0 0 0 2 0 0 0 0 0 0 0 1 0 0 0 
0
0 0 0 0 0 0 0 0 0 
0 0 0 0 0 0 0 0 0 0 0 0 0 0 0 0 0 0 0 0 0 0 0 0 0 0 0 2 0 0 0 0 0 0 0 0 1 0 0 0 1 0 0 0 0 0 0 0 0 2 0 0 0 0 0 0 0 0 0 0 0 0 0 0 0 0 0 0 0 2 0 0 0 0 0 0 0 1 0 0 0 
0 0 0 0 0 0 0 0 0 0 0 0 0 0 0 0 0 0 0 0 0 0 0 0 0 0 0 2 0 0 0 0 0 0 0 0 1 0 0 0 1 0 0 0 0 0 0 0 0 2 0 0 0 0 0 0 0 0 0 0 0 0 0 0 0 0 0 0 0 2 0 0 0 0 0 0 0 1 0 0 0 
0
0 0 0 0 0 0 0 0 0 
0 0 0 0 0 0 0 0 0 0 0 0 0 0 0 0 0 0 0 1 0 0 0 0 0 0 0 2 0 0 0 0 0 0 0 0 1 0 0 0 1 0 0 0 0 0 0 0 0 2 0 0 0 0 0 0 0 0 0 0 0 0 0 0 0 0 0 0 0 2 0 0 0 0 0 0 0 1 0 0 0 
0 0 0 0 0 0 0 0 0 0 0 0 0 0 0 0 0 0 0 1 0 0 0 0 0 0 0 2 0 0 0 0 0 0 0 0 1 0 0 0 1 0 0 0 0 0 0 0 0 2 0 0 0 0 0 0 0 0 0 0 0 0 0 0 0 0 0 0 0 2 0 0 0 0 0 0 0 1 0 0 0 
0
0 0 0 0 0 0 0 0 0 
0 0 0 0 0 0 0 0 0 0 0 0 0 0 0 0 0 0 0 1 0 0 0 0 0 0 0 2 0 0 0 0 0 0 0 0 1 0 0 0 1 0 0 0 0 0 0 0 0 2 0 0 0 0 0 0 0 0 0 0 0 0 0 0 0 0 0 0 2 2 0 0 0 0 0 0 0 1 0 0 0 
0 0 0 0 0 0 0 0 0 0 0 0 0 0 0 0 0 0 0 1 0 0 0 0 0 0 0 2 0 0 0 0 0 0 0 0 1 0 0 0 1 0 0 0 0 0 0 0 0 2 0 0 0 0 0 0 0 0 0 0 0 0 0 0 0 0 0 0 2 2 0 0 0 0 0 0 0 1 0 0 0 
0
0 0 0 0 0 0 0 0 0 
0 0 0 0 0 0 0 0 0 0 0 0 0 0 0 0 0 0 0 1 0 0 0 0 0 0 0 2 0 0 0 0 0 0 0 0 1 0 0 0 1 0 0 0 0 0 0 0 0 2 0 1 0 0 0 0 0 0 0 0 0 0 0 0 0 0 0 0 2 2 0 0 0 0 0 0 0 1 0 0 0 
0 0 0 0 0 0 0 0 0 0 0 0 0 0 0 0 0 0 0 1 0 0 0 0 0 0 0 2 0 0 0 0 0 0 0 0 1 0 0 0 1 0 0 0 0 0 0 0 0 2 0 1 0 0 0 0 0 0 0 0 0 0 0 0 0 0 0 0 2 2 0 0 0 0 0 0 0 1 0 0 0 
0
0 0 0 0 0 0 0 0 0 
0 0 0 0 0 0 0 0 0 0 0 0 0 0 0 0 0 0 0 1 0 0 0 0 0 0 0 2 0 0 0 0 0 0 0 0 1 0 0 0 1 0 0 0 0 0 0 0 0 2 0 1 0 0 0 0 2 0 0 0 0 0 0 0 0 0 0 0 2 2 0 0 0 0 0 0 0 1 0 0 0 
0 0 0 0 0 0 0 0 0 0 0 0 0 0 0 0 0 0 0 1 0 0 0 0 0 0 0 2 0 0 0 0 0 0 0 0 1 0 0 0 1 0 0 0 0 0 0 0 0 2 0 1 0 0 0 0 2 0 0 0 0 0 0 0 0 0 0 0 2 2 0 0 0 0 0 0 0 1 0 0 0 
0
0 0 0 0 0 0 0 0 0 
0 0 0 0 0 0 0 0 0 0 0 0 0 0 0 0 0 1 0 1 0 0 0 0 0 0 0 2 0 0 0 0 0 0 0 0 1 0 0 0 1 0 0 0 0 0 0 0 0 2 0 1 0 0 0 0 2 0 0 0 0 0 0 0 0 0 0 0 2 2 0 0 0 0 0 0 0 1 0 0 0 
0 0 0 0 0 0 0 0 0 0 0 0 0 0 0 0 0 1 0 1 0 0 0 0 0 0 0 2 0 0 0 0 0 0 0 0 1 0 0 0 1 0 0 0 0 0 0 0 0 2 0 1 0 0 0 0 2 0 0 0 0 0 0 0 0 0 0 0 2 2 0 0 0 0 0 0 0 1 0 0 0 
0
0 0 0 0 0 0 0 0 0 
0 0 0 0 0 0 0 0 0 0 0 0 0 0 0 0 0 1 0 1 0 0 0 0 0 0 0 2 0 0 0 0 0 0 0 2 1 0 0 0 1 0 0 0 0 0 0 0 0 2 0 1 0 0 0 0 2 0 0 0 0 0 0 0 0 0 0 0 2 2 0 0 0 0 0 0 0 1 0 0 0 
0 0 0 0 0 0 0 0 0 0 0 0 0 0 0 0 0 1 0 1 0 0 0 0 0 0 0 2 0 0 0 0 0 0 0 2 1 0 0 0 1 0 0 0 0 0 0 0 0 2 0 1 0 0 0 0 2 0 0 0 0 0 0 0 0 0 0 0 2 2 0 0 0 0 0 0 0 1 0 0 0 
0
0 0 0 0 0 0 0 0 0 
0 0 0 0 0 0 0 0 0 0 0 0 0 0 0 0 0 1 0 1 0 0 0 0 0 0 1 2 0 0 0 0 0 0 0 2 1 0 0 0 1 0 0 0 0 0 0 0 0 2 0 1 0 0 0 0 2 0 0 0 0 0 0 0 0 0 0 0 2 2 0 0 0 0 0 0 0 1 0 0 0 
0 0 0 0 0 0 0 0 0 0 0 0 0 0 0 0 0 1 0 1 0 0 0 0 0 0 1 2 0 0 0 0 0 0 0 2 1 0 0 0 1 0 0 0 0 0 0 0 0 2 0 1 0 0 0 0 2 0 0 0 0 0 0 0 0 0 0 0 2 2 0 0 0 0 0 0 0 1 0 0 0 
0
0 0 0 0 0 0 0 0 0 
0 0 0 0 0 0 0 0 0 0 0 0 0 0 0 0 0 1 0 1 0 0 0 0 0 0 1 2 0 0 0 0 0 0 0 2 1 0 0 0 1 0 0 0 0 0 0 0 0 2 0 1 0 0 0 0 2 0 0 0 0 0 0 0 0 0 0 0 2 2 0 0 0 0 0 0 0 1 2 0 0 
0 0 0 0 0 0 0 0 0 0 0 0 0 0 0 0 0 1 0 1 0 0 0 0 0 0 1 2 0 0 0 0 0 0 0 2 1 0 0 0 1 0 0 0 0 0 0 0 0 2 0 1 0 0 0 0 2 0 0 0 0 0 0 0 0 0 0 0 2 2 0 0 0 0 0 0 0 1 2 0 0 
0
0 0 0 0 0 0 0 0 0 
0 0 0 0 0 0 0 0 0 0 0 0 0 0 0 0 0 1 0 1 0 0 0 0 0 0 1 2 0 0 0 0 0 0 0 2 1 0 0 0 1 0 0 0 0 0 0 0 0 2 0 1 0 0 1 0 2 0 0 0 0 0 0 0 0 0 0 0 2 2 0 0 0 0 0 0 0 1 2 0 0 
0 0 0 0 0 0 0 0 0 0 0 0 0 0 0 0 0 1 0 1 0 0 0 0 0 0 1 2 0 0 0 0 0 0 0 2 1 0 0 0 1 0 0 0 0 0 0 0 0 2 0 1 0 0 1 0 2 0 0 0 0 0 0 0 0 0 0 0 2 2 0 0 0 0 0 0 0 1 2 0 0 
0
0 0 0 0 0 0 0 0 0 
0 0 0 0 0 0 0 0 0 0 0 0 0 0 0 0 0 1 0 1 2 0 0 0 0 0 1 2 0 0 0 0 0 0 0 2 1 0 0 0 1 0 0 0 0 0 0 0 0 2 0 1 0 0 1 0 2 0 0 0 0 0 0 0 0 0 0 0 2 2 0 0 0 0 0 0 0 1 2 0 0 
0 0 0 0 0 0 0 0 0 0 0 0 0 0 0 0 0 1 0 1 2 0 0 0 0 0 1 2 0 0 0 0 0 0 0 2 1 0 0 0 1 0 0 0 0 0 0 0 0 2 0 1 0 0 1 0 2 0 0 0 0 0 0 0 0 0 0 0 2 2 0 0 0 0 0 0 0 1 2 0 0 
0
0 0 0 0 0 0 0 0 0 
0 0 0 0 0 0 0 0 0 0 0 0 0 0 0 0 0 1 0 1 2 0 0 0 0 0 1 2 0 0 0 0 0 0 0 2 1 0 0 0 1 0 0 0 0 0 0 0 0 2 0 1 0 0 1 0 2 0 0 0 1 0 0 0 0 0 0 0 2 2 0 0 0 0 0 0 0 1 2 0 0 
0 0 0 0 0 0 0 0 0 0 0 0 0 0 0 0 0 1 0 1 2 0 0 0 0 0 1 2 0 0 0 0 0 0 0 2 1 0 0 0 1 0 0 0 0 0 0 0 0 2 0 1 0 0 1 0 2 0 0 0 1 0 0 0 0 0 0 0 2 2 0 0 0 0 0 0 0 1 2 0 0 
0
0 0 0 0 0 0 0 0 0 
0 0 2 0 0 0 0 0 0 0 0 0 0 0 0 0 0 1 0 1 2 0 0 0 0 0 1 2 0 0 0 0 0 0 0 2 1 0 0 0 1 0 0 0 0 0 0 0 0 2 0 1 0 0 1 0 2 0 0 0 1 0 0 0 0 0 0 0 2 2 0 0 0 0 0 0 0 1 2 0 0 
0 0 2 0 0 0 0 0 0 0 0 0 0 0 0 0 0 1 0 1 2 0 0 0 0 0 1 2 0 0 0 0 0 0 0 2 1 0 0 0 1 0 0 0 0 0 0 0 0 2 0 1 0 0 1 0 2 0 0 0 1 0 0 0 0 0 0 0 2 2 0 0 0 0 0 0 0 1 2 0 0 
0
0 0 0 0 0 0 0 0 0 
0 0 2 0 0 0 0 0 0 0 0 0 0 0 0 0 1 1 0 1 2 0 0 0 0 0 1 2 0 0 0 0 0 0 0 2 1 0 0 0 1 0 0 0 0 0 0 0 0 2 0 1 0 0 1 0 2 0 0 0 1 0 0 0 0 0 0 0 2 2 0 0 0 0 0 0 0 1 2 0 0 
0 0 2 0 0 0 0 0 0 0 0 0 0 0 0 0 1 1 0 1 2 0 0 0 0 0 1 2 0 0 0 0 0 0 0 2 1 0 0 0 1 0 0 0 0 0 0 0 0 2 0 1 0 0 1 0 2 0 0 0 1 0 0 0 0 0 0 0 2 2 0 0 0 0 0 0 0 1 2 0 0 
0
0 0 0 0 0 0 0 0 0 
0 0 2 0 0 0 0 0 0 0 0 0 0 0 0 0 1 1 0 1 2 0 0 0 0 0 1 2 0 0 0 0 0 0 0 2 1 0 0 0 1 0 0 0 0 0 0 0 2 2 0 1 0 0 1 0 2 0 0 0 1 0 0 0 0 0 0 0 2 2 0 0 0 0 0 0 0 1 2 0 0 
0 0 2 0 0 0 0 0 0 0 0 0 0 0 0 0 1 1 0 1 2 0 0 0 0 0 1 2 0 0 0 0 0 0 0 2 1 0 0 0 1 0 0 0 0 0 0 0 2 2 0 1 0 0 1 0 2 0 0 0 1 0 0 0 0 0 0 0 2 2 0 0 0 0 0 0 0 1 2 0 0 
0
0 0 0 0 0 0 0 0 0 
0 0 2 0 0 0 0 0 0 0 0 0 0 0 0 0 1 1 0 1 2 0 0 0 0 0 1 2 0 0 0 0 0 0 0 2 1 0 0 0 1 0 0 0 0 0 0 0 2 2 0 1 0 0 1 0 2 0 0 0 1 0 0 0 0 0 0 0 2 2 0 0 1 0 0 0 0 1 2 0 0 
0 0 2 0 0 0 0 0 0 0 0 0 0 0 0 0 1 1 0 1 2 0 0 0 0 0 1 2 0 0 0 0 0 0 0 2 1 0 0 0 1 0 0 0 0 0 0 0 2 2 0 1 0 0 1 0 2 0 0 0 1 0 0 0 0 0 0 0 2 2 0 0 1 0 0 0 0 1 2 0 0 
0
0 0 0 0 0 0 0 0 0 
0 0 2 0 0 0 0 0 0 0 0 0 0 0 0 0 1 1 0 1 2 0 0 0 0 0 1 2 0 0 0 0 0 0 0 2 1 0 0 0 1 0 0 0 0 0 0 0 2 2 0 1 0 0 1 0 2 0 0 0 1 0 0 2 0 0 0 0 2 2 0 0 1 0 0 0 0 1 2 0 0 
0 0 2 0 0 0 0 0 0 0 0 0 0 0 0 0 1 1 0 1 2 0 0 0 0 0 1 2 0 0 0 0 0 0 0 2 1 0 0 0 1 0 0 0 0 0 0 0 2 2 0 1 0 0 1 0 2 0 0 0 1 0 0 2 0 0 0 0 2 2 0 0 1 0 0 0 0 1 2 0 0 
0
0 0 0 0 0 0 0 0 0 
0 0 2 0 0 0 0 0 0 0 0 0 0 0 0 0 1 1 0 1 2 0 0 0 0 0 1 2 0 0 0 0 0 0 0 2 1 0 1 0 1 0 0 0 0 0 0 0 2 2 0 1 0 0 1 0 2 0 0 0 1 0 0 2 0 0 0 0 2 2 0 0 1 0 0 0 0 1 2 0 0 
0 0 2 0 0 0 0 0 0 0 0 0 0 0 0 0 1 1 0 1 2 0 0 0 0 0 1 2 0 0 0 0 0 0 0 2 1 0 1 0 1 0 0 0 0 0 0 0 2 2 0 1 0 0 1 0 2 0 0 0 1 0 0 2 0 0 0 0 2 2 0 0 1 0 0 0 0 1 2 0 0 
0
0 0 0 0 0 0 0 0 0 
0 0 2 0 0 0 0 0 0 0 0 0 0 0 0 0 1 1 0 1 2 0 0 0 0 0 1 2 0 0 0 0 0 0 0 2 1 0 1 0 1 0 2 0 0 0 0 0 2 2 0 1 0 0 1 0 2 0 0 0 1 0 0 2 0 0 0 0 2 2 0 0 1 0 0 0 0 1 2 0 0 
0 0 2 0 0 0 0 0 0 0 0 0 0 0 0 0 1 1 0 1 2 0 0 0 0 0 1 2 0 0 0 0 0 0 0 2 1 0 1 0 1 0 2 0 0 0 0 0 2 2 0 1 0 0 1 0 2 0 0 0 1 0 0 2 0 0 0 0 2 2 0 0 1 0 0 0 0 1 2 0 0 
0
0 0 0 0 0 0 0 0 0 
0 0 2 0 0 0 0 0 0 0 0 0 0 0 0 0 1 1 0 1 2 0 0 0 0 0 1 2 0 1 0 0 0 0 0 2 1 0 1 0 1 0 2 0 0 0 0 0 2 2 0 1 0 0 1 0 2 0 0 0 1 0 0 2 0 0 0 0 2 2 0 0 1 0 0 0 0 1 2 0 0 
0 0 2 0 0 0 0 0 0 0 0 0 0 0 0 0 1 1 0 1 2 0 0 0 0 0 1 2 0 1 0 0 0 0 0 2 1 0 1 0 1 0 2 0 0 0 0 0 2 2 0 1 0 0 1 0 2 0 0 0 1 0 0 2 0 0 0 0 2 2 0 0 1 0 0 0 0 1 2 0 0 
0
0 0 0 0 0 0 0 0 0 
0 0 2 0 0 0 0 0 0 0 0 0 0 0 0 2 1 1 0 1 2 0 0 0 0 0 1 2 0 1 0 0 0 0 0 2 1 0 1 0 1 0 2 0 0 0 0 0 2 2 0 1 0 0 1 0 2 0 0 0 1 0 0 2 0 0 0 0 2 2 0 0 1 0 0 0 0 1 2 0 0 
0 0 2 0 0 0 0 0 0 0 0 0 0 0 0 2 1 1 0 1 2 0 0 0 0 0 1 2 0 1 0 0 0 0 0 2 1 0 1 0 1 0 2 0 0 0 0 0 2 2 0 1 0 0 1 0 2 0 0 0 1 0 0 2 0 0 0 0 2 2 0 0 1 0 0 0 0 1 2 0 0 
0
0 0 0 1 0 0 0 0 0 
0 0 2 0 0 0 0 0 0 0 0 0 0 0 0 2 1 1 0 1 2 0 0 0 0 0 1 2 0 1 0 0 0 0 0 2 1 0 1 0 1 0 2 0 0 0 0 1 2 2 0 1 0 0 1 0 2 0 0 0 1 0 0 2 0 0 0 0 2 2 0 0 1 0 0 0 0 1 2 0 0 
0 0 2 0 0 0 0 0 0 0 0 0 0 0 0 2 1 1 0 1 2 0 0 0 0 0 1 18 16 17 0 0 0 0 0 2 17 16 17 0 1 0 2 0 0 16 16 17 2 2 0 1 0 0 1 0 2 0 0 0 1 0 0 2 0 0 0 0 2 2 0 0 1 0 0 0 0 1 2 0 0 
0
0 0 0 1 0 0 0 0 0 
0 0 2 0 0 0 0 0 0 0 0 0 0 0 0 2 1 1 0 1 2 0 0 0 0 0 1 2 0 1 0 0 0 0 0 2 1 0 1 0 1 0 2 0 0 0 0 1 2 2 0 1 0 0 1 0 2 0 0 0 1 0 2 2 0 0 0 0 2 2 0 0 1 0 0 0 0 1 2 0 0 
0 0 2 0 0 0 0 0 0 0 0 0 0 0 0 2 1 1 0 1 2 0 0 0 0 0 1 18 16 17 0 0 0 0 0 2 17 16 17 0 1 0 2 0 0 16 16 17 2 2 0 1 0 0 1 0 2 0 0 0 1 0 2 2 0 0 0 0 2 2 0 0 1 0 0 0 0 1 2 0 0 
0
0 0 0 1 0 0 0 0 0 
0 0 2 0 0 0 0 0 0 0 0 0 0 0 0 2 1 1 0 1 2 0 0 0 1 0 1 2 0 1 0 0 0 0 0 2 1 0 1 0 1 0 2 0 0 0 0 1 2 2 0 1 0 0 1 0 2 0 0 0 1 0 2 2 0 0 0 0 2 2 0 0 1 0 0 0 0 1 2 0 0 
0 0 2 0 0 0 0 0 0 0 0 0 0 0 0 2 1 1 0 1 2 0 0 0 1 0 1 18 16 17 0 0 0 0 0 2 17 16 17 0 1 0 2 0 0 16 16 17 2 2 0 1 0 0 1 0 2 0 0 0 1 0 2 2 0 0 0 0 2 2 0 0 1 0 0 0 0 1 2 0 0 
0
0 0 0 1 0 0 0 0 0 
0 0 2 0 0 0 0 0 0 0 0 0 0 0 0 2 1 1 0 1 2 0 0 0 1 0 1 2 0 1 0 0 0 0 0 2 1 0 1 0 1 0 2 0 0 0 0 1 2 2 0 1 0 0 1 0 2 0 0 0 1 0 2 2 0 0 0 0 2 2 0 0 1 0 2 0 0 1 2 0 0 
0 0 2 0 0 0 0 0 0 0 0 0 0 0 0 2 1 1 0 1 2 0 0 0 1 0 1 18 16 17 0 0 0 0 0 2 17 16 17 0 1 0 2 0 0 16 16 17 2 2 0 1 0 0 1 0 2 0 0 0 1 0 2 2 0 0 0 0 2 2 0 0 1 0 2 0 0 1 2 0 0 
0
0 0 0 1 0 0 0 0 0 
0 0 2 0 0 0 0 0 0 0 0 0 0 0 0 2 1 1 0 1 2 0 0 0 1 0 1 2 0 1 0 0 0 0 0 2 1 0 1 0 1 0 2 0 0 0 0 1 2 2 0 1 0 0 1 0 2 0 0 0 1 1 2 2 0 0 0 0 2 2 0 0 1 0 2 0 0 1 2 0 0 
0 0 2 0 0 0 0 0 0 0 0 0 0 0 0 2 1 1 0 1 2 0 0 0 1 0 1 18 16 17 0 0 0 0 0 2 17 16 17 0 1 0 2 0 0 16 16 17 2 2 0 1 0 0 1 0 2 0 0 0 1 1 2 2 0 0 0 0 2 2 0 0 1 0 2 0 0 1 2 0 0 
0
0 0 0 1 0 0 0 0 0 
0 0 2 0 0 0 0 0 0 0 0 0 0 0 0 2 1 1 0 1 2 2 0 0 1 0 1 2 0 1 0 0 0 0 0 2 1 0 1 0 1 0 2 0 0 0 0 1 2 2 0 1 0 0 1 0 2 0 0 0 1 1 2 2 0 0 0 0 2 2 0 0 1 0 2 0 0 1 2 0 0 
0 0 2 0 0 0 0 0 0 0 0 0 0 0 0 2 1 1 0 1 2 2 0 0 1 0 1 18 16 17 0 0 0 0 0 2 17 16 17 0 1 0 2 0 0 16 16 17 2 2 0 1 0 0 1 0 2 0 0 0 1 1 2 2 0 0 0 0 2 2 0 0 1 0 2 0 0 1 2 0 0 
0
0 0 0 1 0 0 0 0 0 
0 0 2 0 0 0 0 0 0 0 0 0 0 0 0 2 1 1 0 1 2 2 0 0 1 0 1 2 0 1 0 0 0 0 0 2 1 0 1 0 1 0 2 0 0 0 0 1 2 2 0 1 0 0 1 0 2 0 0 0 1 1 2 2 0 1 0 0 2 2 0 0 1 0 2 0 0 1 2 0 0 
0 0 2 0 0 0 0 0 0 0 0 0 0 0 0 2 1 1 0 1 2 2 0 0 1 0 1 18 16 17 0 0 0 0 0 2 17 16 17 0 1 0 2 0 0 16 16 17 2 2 0 1 0 0 1 0 2 0 0 0 1 1 2 2 0 1 0 0 2 2 0 0 1 0 2 0 0 1 2 0 0 
0
0 0 0 1 0 0 0 0 0 
0 0 2 0 0 0 0 0 0 0 0 0 0 0 0 2 1 1 0 1 2 2 0 0 1 0 1 2 0 1 0 0 0 0 0 2 1 0 1 0 1 0 2 0 0 0 0 1 2 2 0 1 0 2 1 0 2 0 0 0 1 1 2 2 0 1 0 0 2 2 0 0 1 0 2 0 0 1 2 0 0 
0 0 2 0 0 0 0 0 0 0 0 0 0 0 0 2 1 1 0 1 2 2 0 0 1 0 1 18 16 17 0 0 0 0 0 2 17 16 17 0 1 0 2 0 0 16 16 17 2 2 0 1 0 2 1 0 2 0 0 0 1 1 2 2 0 1 0 0 2 2 0 0 1 0 2 0 0 1 2 0 0 
0
0 0 0 1 0 0 0 0 0 
0 0 2 0 0 0 0 0 0 0 0 0 0 0 0 2 1 1 0 1 2 2 0 0 1 0 1 2 0 1 0 0 0 0 0 2 1 0 1 0 1 0 2 0 0 0 0 1 2 2 0 1 0 2 1 0 2 0 0 0 1 1 2 2 0 1 0 0 2 2 1 0 1 0 2 0 0 1 2 0 0 
0 0 2 0 0 0 0 0 0 0 0 0 0 0 0 2 1 1 0 1 2 2 0 0 1 0 1 18 16 17 0 0 0 0 0 2 17 16 17 0 1 0 2 0 0 16 16 17 2 2 0 1 0 2 1 0 2 0 0 0 1 1 2 2 0 1 0 0 2 2 1 0 1 0 2 0 0 1 2 0 0 
0
0 0 0 1 2 0 0 0 0 
0 0 2 0 0 0 0 0 0 0 0 0 0 0 0 2 1 1 0 1 2 2 0 0 1 0 1 2 0 1 0 0 0 0 0 2 1 0 1 0 1 0 2 0 0 0 0 1 2 2 2 1 0 2 1 0 2 0 0 0 1 1 2 2 0 1 0 0 2 2 1 0 1 0 2 0 0 1 2 0 0 
0 0 2 0 0 0 0 0 0 0 0 0 0 0 0 2 1 1 0 1 2 2 0 0 1 0 1 18 16 17 32 32 32 0 0 2 17 16 17 32 33 32 2 0 0 16 16 17 34 34 34 1 0 2 1 0 2 0 0 0 1 1 2 2 0 1 0 0 2 2 1 0 1 0 2 0 0 1 2 0 0 
0
0 0 0 1 2 0 0 0 1 
0 0 2 0 0 0 0 0 0 0 0 0 0 0 0 2 1 1 0 1 2 2 0 0 1 0 1 2 0 1 0 0 0 0 0 2 1 0 1 0 1 0 2 0 0 0 0 1 2 2 2 1 0 2 1 0 2 0 0 0 1 1 2 2 0 1 0 0 2 2 1 0 1 0 2 0 0 1 2 0 1 
0 0 2 0 0 0 0 0 0 0 0 0 0 0 0 2 1 1 0 1 2 2 0 0 1 0 1 18 16 17 32 32 32 0 0 2 17 16 17 32 33 32 2 0 0 16 16 17 34 34 34 1 0 2 1 0 2 0 0 0 17 17 18 2 0 1 0 0 2 18 17 16 1 0 2 0 0 1 18 16 17 
0
0 0 0 1 2 0 0 0 1 
0 0 2 2 0 0 0 0 0 0 0 0 0 0 0 2 1 1 0 1 2 2 0 0 1 0 1 2 0 1 0 0 0 0 0 2 1 0 1 0 1 0 2 0 0 0 0 1 2 2 2 1 0 2 1 0 2 0 0 0 1 1 2 2 0 1 0 0 2 2 1 0 1 0 2 0 0 1 2 0 1 
0 0 2 2 0 0 0 0 0 0 0 0 0 0 0 2 1 1 0 1 2 2 0 0 1 0 1 18 16 17 32 32 32 0 0 2 17 16 17 32 33 32 2 0 0 16 16 17 34 34 34 1 0 2 1 0 2 0 0 0 17 17 18 2 0 1 0 0 2 18 17 16 1 0 2 0 0 1 18 16 17 
0
0 0 0 1 2 0 0 0 1 
0 1 2 2 0 0 0 0 0 0 0 0 0 0 0 2 1 1 0 1 2 2 0 0 1 0 1 2 0 1 0 0 0 0 0 2 1 0 1 0 1 0 2 0 0 0 0 1 2 2 2 1 0 2 1 0 2 0 0 0 1 1 2 2 0 1 0 0 2 2 1 0 1 0 2 0 0 1 2 0 1 
0 1 2 2 0 0 0 0 0 0 0 0 0 0 0 2 1 1 0 1 2 2 0 0 1 0 1 18 16 17 32 32 32 0 0 2 17 16 17 32 33 32 2 0 0 16 16 17 34 34 34 1 0 2 1 0 2 0 0 0 17 17 18 2 0 1 0 0 2 18 17 16 1 0 2 0 0 1 18 16 17 
0
0 0 0 1 2 0 0 0 1 
0 1 2 2 0 2 0 0 0 0 0 0 0 0 0 2 1 1 0 1 2 2 0 0 1 0 1 2 0 1 0 0 0 0 0 2 1 0 1 0 1 0 2 0 0 0 0 1 2 2 2 1 0 2 1 0 2 0 0 0 1 1 2 2 0 1 0 0 2 2 1 0 1 0 2 0 0 1 2 0 1 
0 1 2 2 0 2 0 0 0 0 0 0 0 0 0 2 1 1 0 1 2 2 0 0 1 0 1 18 16 17 32 32 32 0 0 2 17 16 17 32 33 32 2 0 0 16 16 17 34 34 34 1 0 2 1 0 2 0 0 0 17 17 18 2 0 1 0 0 2 18 17 16 1 0 2 0 0 1 18 16 17 
0
0 0 1 1 2 0 0 0 1 
0 1 2 2 0 2 0 0 0 0 0 0 0 0 0 2 1 1 0 1 2 2 0 0 1 1 1 2 0 1 0 0 0 0 0 2 1 0 1 0 1 0 2 0 0 0 0 1 2 2 2 1 0 2 1 0 2 0 0 0 1 1 2 2 0 1 0 0 2 2 1 0 1 0 2 0 0 1 2 0 1 
0 1 2 2 0 2 16 16 16 0 0 0 0 0 0 18 17 17 0 1 2 2 0 0 17 17 17 18 16 17 32 32 32 0 0 2 17 16 17 32 33 32 2 0 0 16 16 17 34 34 34 1 0 2 1 0 2 0 0 0 17 17 18 2 0 1 0 0 2 18 17 16 1 0 2 0 0 1 18 16 17 
0
0 0 1 1 2 0 0 0 1 
0 1 2 2 0 2 0 0 0 0 0 0 0 0 0 2 1 1 0 1 2 2 0 0 1 1 1 2 0 1 0 0 0 0 0 2 1 0 1 0 1 0 2 0 0 0 0 1 2 2 2 1 0 2 1 0 2 2 0 0 1 1 2 2 0 1 0 0 2 2 1 0 1 0 2 0 0 1 2 0 1 
0 1 2 2 0 2 16 16 16 0 0 0 0 0 0 18 17 17 0 1 2 2 0 0 17 17 17 18 16 17 32 32 32 0 0 2 17 16 17 32 33 32 2 0 0 16 16 17 34 34 34 1 0 2 1 0 2 2 0 0 17 17 18 2 0 1 0 0 2 18 17 16 1 0 2 0 0 1 18 16 17 
0
0 0 1 1 2 0 0 0 1 
0 1 2 2 0 2 0 0 0 0 0 0 0 0 0 2 1 1 1 1 2 2 0 0 1 1 1 2 0 1 0 0 0 0 0 2 1 0 1 0 1 0 2 0 0 0 0 1 2 2 2 1 0 2 1 0 2 2 0 0 1 1 2 2 0 1 0 0 2 2 1 0 1 0 2 0 0 1 2 0 1 
0 1 2 2 0 2 16 16 16 0 0 0 0 0 0 18 17 17 1 1 2 2 0 0 17 17 17 18 16 17 32 32 32 0 0 2 17 16 17 32 33 32 2 0 0 16 16 17 34 34 34 1 0 2 1 0 2 2 0 0 17 17 18 2 0 1 0 0 2 18 17 16 1 0 2 0 0 1 18 16 17 
0
0 0 1 1 2 0 0 0 1 
0 1 2 2 0 2 0 0 0 0 0 0 0 0 0 2 1 1 1 1 2 2 0 0 1 1 1 2 0 1 0 0 0 0 0 2 1 0 1 0 1 0 2 0 0 0 0 1 2 2 2 1 0 2 1 0 2 2 0 0 1 1 2 2 2 1 0 0 2 2 1 0 1 0 2 0 0 1 2 0 1 
0 1 2 2 0 2 16 16 16 0 0 0 0 0 0 18 17 17 1 1 2 2 0 0 17 17 17 18 16 17 32 32 32 0 0 2 17 16 17 32 33 32 2 0 0 16 16 17 34 34 34 1 0 2 1 0 2 2 0 0 17 17 18 2 2 1 0 0 2 18 17 16 1 0 2 0 0 1 18 16 17 
0
0 0 1 1 2 0 0 0 1 
0 1 2 2 0 2 0 0 0 0 0 0 0 0 0 2 1 1 1 1 2 2 0 0 1 1 1 2 0 1 0 0 0 0 0 2 1 0 1 0 1 0 2 0 0 0 0 1 2 2 2 1 0 2 1 1 2 2 0 0 1 1 2 2 2 1 0 0 2 2 1 0 1 0 2 0 0 1 2 0 1 
0 1 2 2 0 2 16 16 16 0 0 0 0 0 0 18 17 17 1 1 2 2 0 0 17 17 17 18 16 17 32 32 32 0 0 2 17 16 17 32 33 32 2 0 0 16 16 17 34 34 34 1 0 2 1 1 2 2 0 0 17 17 18 2 2 1 0 0 2 18 17 16 1 0 2 0 0 1 18 16 17 
0
0 0 1 1 2 0 0 0 1 
0 1 2 2 0 2 0 0 0 0 0 0 0 0 2 2 1 1 1 1 2 2 0 0 1 1 1 2 0 1 0 0 0 0 0 2 1 0 1 0 1 0 2 0 0 0 0 1 2 2 2 1 0 2 1 1 2 2 0 0 1 1 2 2 2 1 0 0 2 2 1 0 1 0 2 0 0 1 2 0 1 
0 1 2 2 0 2 16 16 16 0 0 0 0 0 2 18 17 17 1 1 2 2 0 0 17 17 17 18 16 17 32 32 32 0 0 2 17 16 17 32 33 32 2 0 0 16 16 17 34 34 34 1 0 2 1 1 2 2 0 0 17 17 18 2 2 1 0 0 2 18 17 16 1 0 2 0 0 1 18 16 17 
0
0 0 1 1 2 0 0 0 1 
0 1 2 2 0 2 0 0 0 0 0 0 0 0 2 2 1 1 1 1 2 2 0 0 1 1 1 2 0 1 0 0 0 0 1 2 1 0 1 0 1 0 2 0 0 0 0 1 2 2 2 1 0 2 1 1 2 2 0 0 1 1 2 2 2 1 0 0 2 2 1 0 1 0 2 0 0 1 2 0 1 
0 1 2 2 0 2 16 16 16 0 0 0 0 0 2 18 17 17 1 1 2 2 0 0 17 17 17 18 16 17 32 32 32 0 1 2 17 16 17 32 33 32 2 0 0 16 16 17 34 34 34 1 0 2 1 1 2 2 0 0 17 17 18 2 2 1 0 0 2 18 17 16 1 0 2 0 0 1 18 16 17 
0
0 2 1 1 2 0 0 0 1 
0 1 2 2 2 2 0 0 0 0 0 0 0 0 2 2 1 1 1 1 2 2 0 0 1 1 1 2 0 1 0 0 0 0 1 2 1 0 1 0 1 0 2 0 0 0 0 1 2 2 2 1 0 2 1 1 2 2 0 0 1 1 2 2 2 1 0 0 2 2 1 0 1 0 2 0 0 1 2 0 1 
0 1 2 34 34 34 16 16 16 0 0 0 32 32 34 18 17 17 1 1 2 34 32 32 17 17 17 18 16 17 32 32 32 0 1 2 17 16 17 32 33 32 2 0 0 16 16 17 34 34 34 1 0 2 1 1 2 2 0 0 17 17 18 2 2 1 0 0 2 18 17 16 1 0 2 0 0 1 18 16 17 
0
0 2 1 1 2 0 0 0 1 
1 1 2 2 2 2 0 0 0 0 0 0 0 0 2 2 1 1 1 1 2 2 0 0 1 1 1 2 0 1 0 0 0 0 1 2 1 0 1 0 1 0 2 0 0 0 0 1 2 2 2 1 0 2 1 1 2 2 0 0 1 1 2 2 2 1 0 0 2 2 1 0 1 0 2 0 0 1 2 0 1 
1 1 2 34 34 34 16 16 16 0 0 0 32 32 34 18 17 17 1 1 2 34 32 32 17 17 17 18 16 17 32 32 32 0 1 2 17 16 17 32 33 32 2 0 0 16 16 17 34 34 34 1 0 2 1 1 2 2 0 0 17 17 18 2 2 1 0 0 2 18 17 16 1 0 2 0 0 1 18 16 17 
0
0 2 1 1 2 0 0 0 1 
1 1 2 2 2 2 0 0 0 0 2 0 0 0 2 2 1 1 1 1 2 2 0 0 1 1 1 2 0 1 0 0 0 0 1 2 1 0 1 0 1 0 2 0 0 0 0 1 2 2 2 1 0 2 1 1 2 2 0 0 1 1 2 2 2 1 0 0 2 2 1 0 1 0 2 0 0 1 2 0 1 
1 1 2 34 34 34 16 16 16 0 2 0 32 32 34 18 17 17 1 1 2 34 32 32 17 17 17 18 16 17 32 32 32 0 1 2 17 16 17 32 33 32 2 0 0 16 16 17 34 34 34 1 0 2 1 1 2 2 0 0 17 17 18 2 2 1 0 0 2 18 17 16 1 0 2 0 0 1 18 16 17 
0
0 2 1 1 2 0 0 0 1 
1 1 2 2 2 2 0 0 0 0 2 0 0 0 2 2 1 1 1 1 2 2 0 0 1 1 1 2 0 1 0 0 0 1 1 2 1 0 1 0 1 0 2 0 0 0 0 1 2 2 2 1 0 2 1 1 2 2 0 0 1 1 2 2 2 1 0 0 2 2 1 0 1 0 2 0 0 1 2 0 1 
1 1 2 34 34 34 16 16 16 0 2 0 32 32 34 18 17 17 1 1 2 34 32 32 17 17 17 18 16 17 32 32 32 1 1 2 17 16 17 32 33 32 2 0 0 16 16 17 34 34 34 1 0 2 1 1 2 2 0 0 17 17 18 2 2 1 0 0 2 18 17 16 1 0 2 0 0 1 18 16 17 
0
2 2 1 1 2 0 0 0 1 
1 1 2 2 2 2 0 0 0 0 2 2 0 0 2 2 1 1 1 1 2 2 0 0 1 1 1 2 0 1 0 0 0 1 1 2 1 0 1 0 1 0 2 0 0 0 0 1 2 2 2 1 0 2 1 1 2 2 0 0 1 1 2 2 2 1 0 0 2 2 1 0 1 0 2 0 0 1 2 0 1 
33 33 34 34 34 34 16 16 16 32 34 34 32 32 34 18 17 17 33 33 34 34 32 32 17 17 17 18 16 17 32 32 32 1 1 2 17 16 17 32 33 32 2 0 0 16 16 17 34 34 34 1 0 2 1 1 2 2 0 0 17 17 18 2 2 1 0 0 2 18 17 16 1 0 2 0 0 1 18 16 17 
0
2 2 1 1 2 0 0 0 1 
1 1 2 2 2 2 0 0 0 0 2 2 0 0 2 2 1 1 1 1 2 2 0 0 1 1 1 2 0 1 0 0 0 1 1 2 1 0 1 0 1 0 2 0 1 0 0 1 2 2 2 1 0 2 1 1 2 2 0 0 1 1 2 2 2 1 0 0 2 2 1 0 1 0 2 0 0 1 2 0 1 
33 33 34 34 34 34 16 16 16 32 34 34 32 32 34 18 17 17 33 33 34 34 32 32 17 17 17 18 16 17 32 32 32 1 1 2 17 16 17 32 33 32 2 0 1 16 16 17 34 34 34 1 0 2 1 1 2 2 0 0 17 17 18 2 2 1 0 0 2 18 17 16 1 0 2 0 0 1 18 16 17 
0
2 2 1 1 2 0 0 0 1 
1 1 2 2 2 2 0 0 0 0 2 2 0 0 2 2 1 1 1 1 2 2 0 0 1 1 1 2 0 1 0 0 0 1 1 2 1 0 1 0 1 0 2 2 1 0 0 1 2 2 2 1 0 2 1 1 2 2 0 0 1 1 2 2 2 1 0 0 2 2 1 0 1 0 2 0 0 1 2 0 1 
33 33 34 34 34 34 16 16 16 32 34 34 32 32 34 18 17 17 33 33 34 34 32 32 17 17 17 18 16 17 32 32 32 1 1 2 17 16 17 32 33 32 2 2 1 16 16 17 34 34 34 1 0 2 1 1 2 2 0 0 17 17 18 2 2 1 0 0 2 18 17 16 1 0 2 0 0 1 18 16 17 
0
2 2 1 1 2 0 0 0 1 
1 1 2 2 2 2 0 0 0 0 2 2 0 0 2 2 1 1 1 1 2 2 0 0 1 1 1 2 0 1 0 0 0 1 1 2 1 0 1 0 1 0 2 2 1 0 0 1 2 2 2 1 0 2 1 1 2 2 0 0 1 1 2 2 2 1 0 0 2 2 1 0 1 0 2 1 0 1 2 0 1 
33 33 34 34 34 34 16 16 16 32 34 34 32 32 34 18 17 17 33 33 34 34 32 32 17 17 17 18 16 17 32 32 32 1 1 2 17 16 17 32 33 32 2 2 1 16 16 17 34 34 34 1 0 2 1 1 2 2 0 0 17 17 18 2 2 1 0 0 2 18 17 16 1 0 2 1 0 1 18 16 17 
0
2 2 1 1 2 0 0 0 1 
1 1 2 2 2 2 0 0 0 0 2 2 0 0 2 2 1 1 1 1 2 2 0 0 1 1 1 2 0 1 0 0 0 1 1 2 1 0 1 0 1 0 2 2 1 0 0 1 2 2 2 1 0 2 1 1 2 2 0 0 1 1 2 2 2 1 0 0 2 2 1 0 1 2 2 1 0 1 2 0 1 
33 33 34 34 34 34 16 16 16 32 34 34 32 32 34 18 17 17 33 33 34 34 32 32 17 17 17 18 16 17 32 32 32 1 1 2 17 16 17 32 33 32 2 2 1 16 16 17 34 34 34 1 0 2 1 1 2 2 0 0 17 17 18 2 2 1 0 0 2 18 17 16 1 2 2 1 0 1 18 16 17 
0
2 2 1 1 2 0 0 0 1 
1 1 2 2 2 2 0 0 0 0 2 2 0 0 2 2 1 1 1 1 2 2 0 0 1 1 1 2 0 1 0 0 0 1 1 2 1 0 1 0 1 0 2 2 1 0 0 1 2 2 2 1 0 2 1 1 2 2 0 1 1 1 2 2 2 1 0 0 2 2 1 0 1 2 2 1 0 1 2 0 1 
33 33 34 34 34 34 16 16 16 32 34 34 32 32 34 18 17 17 33 33 34 34 32 32 17 17 17 18 16 17 32 32 32 1 1 2 17 16 17 32 33 32 2 2 1 16 16 17 34 34 34 1 0 2 1 1 2 2 0 1 17 17 18 2 2 1 0 0 2 18 17 16 1 2 2 1 0 1 18 16 17 
0
2 2 1 1 2 0 0 0 1 
1 1 2 2 2 2 0 0 0 0 2 2 0 0 2 2 1 1 1 1 2 2 0 0 1 1 1 2 0 1 0 0 0 1 1 2 1 0 1 0 1 0 2 2 1 0 0 1 2 2 2 1 0 2 1 1 2 2 0 1 1 1 2 2 2 1 2 0 2 2 1 0 1 2 2 1 0 1 2 0 1 
33 33 34 34 34 34 16 16 16 32 34 34 32 32 34 18 17 17 33 33 34 34 32 32 17 17 17 18 16 17 32 32 32 1 1 2 17 16 17 32 33 32 2 2 1 16 16 17 34 34 34 1 0 2 1 1 2 2 0 1 17 17 18 2 2 1 2 0 2 18 17 16 1 2 2 1 0 1 18 16 17 
0
2 2 1 1 2 0 0 0 1 
1 1 2 2 2 2 0 0 0 0 2 2 0 0 2 2 1 1 1 1 2 2 0 0 1 1 1 2 0 1 0 0 0 1 1 2 1 0 1 0 1 0 2 2 1 0 0 1 2 2 2 1 1 2 1 1 2 2 0 1 1 1 2 2 2 1 2 0 2 2 1 0 1 2 2 1 0 1 2 0 1 
33 33 34 34 34 34 16 16 16 32 34 34 32 32 34 18 17 17 33 33 34 34 32 32 17 17 17 18 16 17 32 32 32 1 1 2 17 16 17 32 33 32 2 2 1 16 16 17 34 34 34 1 1 2 1 1 2 2 0 1 17 17 18 2 2 1 2 0 2 18 17 16 1 2 2 1 0 1 18 16 17 
0
2 2 1 1 2 0 0 2 1 
1 1 2 2 2 2 0 0 0 0 2 2 0 0 2 2 1 1 1 1 2 2 0 0 1 1 1 2 0 1 0 0 0 1 1 2 1 0 1 0 1 0 2 2 1 0 0 1 2 2 2 1 1 2 1 1 2 2 0 1 1 1 2 2 2 1 2 2 2 2 1 0 1 2 2 1 0 1 2 0 1 
33 33 34 34 34 34 16 16 16 32 34 34 32 32 34 18 17 17 33 33 34 34 32 32 17 17 17 18 16 17 32 32 32 1 1 2 17 16 17 32 33 32 2 2 1 16 16 17 34 34 34 1 1 2 1 1 2 34 32 33 17 17 18 2 2 1 34 34 34 18 17 16 1 2 2 33 32 33 18 16 17 
0
2 2 1 1 2 0 0 2 1 
1 1 2 2 2 2 0 0 0 0 2 2 0 0 2 2 1 1 1 1 2 2 0 0 1 1 1 2 0 1 0 0 0 1 1 2 1 0 1 0 1 0 2 2 1 0 0 1 2 2 2 1 1 2 1 1 2 2 0 1 1 1 2 2 2 1 2 2 2 2 1 0 1 2 2 1 0 1 2 0 1 
33 33 34 34 34 34 16 16 16 32 34 34 32 32 34 18 17 17 33 33 34 34 32 32 17 17 17 18 16 17 32 32 32 1 1 2 17 16 17 32 33 32 2 2 1 16 16 17 34 34 34 1 1 2 1 1 2 34 32 33 17 17 18 2 2 1 34 34 34 18 17 16 1 2 2 33 32 33 18 16 17 
0
