0 0 0 0 0 0 0 0 0 
0 0 0 0 0 0 0 0 0 0 0 0 0 0 0 0 0 0 0 0 0 0 0 0 0 0 0 0 0 0 0 0 0 0 0 0 0 0 0 0 0 0 0 0 0 0 0 0 0 0 0 0 0 0 0 0 0 0 0 0 0 0 0 0 0 0 0 0 0 0 0 0 0 0 0 0 0 0 0 1 0 
0 0 0 0 0 0 0 0 0 0 0 0 0 0 0 0 0 0 0 0 0 0 0 0 0 0 0 0 0 0 0 0 0 0 0 0 0 0 0 0 0 0 0 0 0 0 0 0 0 0 0 0 0 0 0 0 0 0 0 0 0 0 0 0 0 0 0 0 0 0 0 0 0 0 0 0 0 0 0 1 0 
1
0 0 0 0 0 0 0 0 0 
0 0 0 0 0 0 0 0 0 0 0 0 0 0 0 0 0 0 0 0 0 0 0 0 0 0 0 0 0 0 0 0 0 0 0 0 0 0 0 0 0 0 0 0 0 0 0 0 0 0 0 0 0 0 0 0 0 0 0 0 0 0 0 0 0 0 0 0 0 0 0 0 0 0 0 2 0 0 0 1 0 
0 0 0 0 0 0 0 0 0 0 0 0 0 0 0 0 0 0 0 0 0 0 0 0 0 0 0 0 0 0 0 0 0 0 0 0 0 0 0 0 0 0 0 0 0 0 0 0 0 0 0 0 0 0 0 0 0 0 0 0 0 0 0 0 0 0 0 0 0 0 0 0 0 0 0 2 0 0 0 1 0 
1
0 0 0 0 0 0 0 0 0 
0 0 0 0 0 0 0 0 0 0 0 0 0 0 0 0 0 0 0 0 0 0 0 0 0 0 0 0 0 0 0 0 0 0 0 0 0 0 0 0 0 0 0 0 0 0 0 0 0 0 0 0 0 0 0 1 0 0 0 0 0 0 0 0 0 0 0 0 0 0 0 0 0 0 0 2 0 0 0 1 0 
0 0 0 0 0 0 0 0 0 0 0 0 0 0 0 0 0 0 0 0 0 0 0 0 0 0 0 0 0 0 0 0 0 0 0 0 0 0 0 0 0 0 0 0 0 0 0 0 0 0 0 0 0 0 0 1 0 0 0 0 0 0 0 0 0 0 0 0 0 0 0 0 0 0 0 2 0 0 0 1 0 
1
0 0 0 0 0 0 0 0 0 
0 0 0 0 0 0 0 0 0 0 0 0 2 0 0 0 0 0 0 0 0 0 0 0 0 0 0 0 0 0 0 0 0 0 0 0 0 0 0 0 0 0 0 0 0 0 0 0 0 0 0 0 0 0 0 1 0 0 0 0 0 0 0 0 0 0 0 0 0 0 0 0 0 0 0 2 0 0 0 1 0 
0 0 0 0 0 0 0 0 0 0 0 0 2 0 0 0 0 0 0 0 0 0 0 0 0 0 0 0 0 0 0 0 0 0 0 0 0 0 0 0 0 0 0 0 0 0 0 0 0 0 0 0 0 0 0 1 0 0 0 0 0 0 0 0 0 0 0 0 0 0 0 0 0 0 0 2 0 0 0 1 0 
1
0 0 0 0 0 0 0 0 0 
0 0 0 0 0 0 0 0 0 0 0 0 2 0 0 0 0 0 0 0 0 0 0 0 0 0 0 0 0 0 0 0 0 0 0 0 0 1 0 0 0 0 0 0 0 0 0 0 0 0 0 0 0 0 0 1 0 0 0 0 0 0 0 0 0 0 0 0 0 0 0 0 0 0 0 2 0 0 0 1 0 
0 0 0 0 0 0 0 0 0 0 0 0 2 0 0 0 0 0 0 0 0 0 0 0 0 0 0 0 0 0 0 0 0 0 0 0 0 1 0 0 0 0 0 0 0 0 0 0 0 0 0 0 0 0 0 1 0 0 0 0 0 0 0 0 0 0 0 0 0 0 0 0 0 0 0 2 0 0 0 1 0 
1
0 0 0 0 0 0 0 0 0 
0 0 0 0 0 0 0 0 0 0 0 0 2 0 0 0 0 0 0 0 0 0 0 0 0 0 0 0 0 0 0 0 0 0 0 0 0 1 0 0 0 2 0 0 0 0 0 0 0 0 0 0 0 0 0 1 0 0 0 0 0 0 0 0 0 0 0 0 0 0 0 0 0 0 0 2 0 0 0 1 0 
0 0 0 0 0 0 0 0 0 0 0 0 2 0 0 0 0 0 0 0 0 0 0 0 0 0 0 0 0 0 0 0 0 0 0 0 0 1 0 0 0 2 0 0 0 0 0 0 0 0 0 0 0 0 0 1 0 0 0 0 0 0 0 0 0 0 0 0 0 0 0 0 0 0 0 2 0 0 0 1 0 
1
0 0 0 0 0 0 0 0 0 
0 0 0 0 0 0 0 0 0 0 0 0 2 0 0 0 0 0 0 0 0 0 0 0 0 0 0 0 0 0 0 0 0 1 0 0 0 1 0 0 0 2 0 0 0 0 0 0 0 0 0 0 0 0 0 1 0 0 0 0 0 0 0 0 0 0 0 0 0 0 0 0 0 0 0 2 0 0 0 1 0 
0 0 0 0 0 0 0 0 0 0 0 0 2 0 0 0 0 0 0 0 0 0 0 0 0 0 0 0 0 0 0 0 0 1 0 0 0 1 0 0 0 2 0 0 0 0 0 0 0 0 0 0 0 0 0 1 0 0 0 0 0 0 0 0 0 0 0 0 0 0 0 0 0 0 0 2 0 0 0 1 0 
1
0 0 0 0 0 0 0 0 0 
0 0 0 0 0 0 0 0 0 0 0 2 2 0 0 0 0 0 0 0 0 0 0 0 0 0 0 0 0 0 0 0 0 1 0 0 0 1 0 0 0 2 0 0 0 0 0 0 0 0 0 0 0 0 0 1 0 0 0 0 0 0 0 0 0 0 0 0 0 0 0 0 0 0 0 2 0 0 0 1 0 
0 0 0 0 0 0 0 0 0 0 0 2 2 0 0 0 0 0 0 0 0 0 0 0 0 0 0 0 0 0 0 0 0 1 0 0 0 1 0 0 0 2 0 0 0 0 0 0 0 0 0 0 0 0 0 1 0 0 0 0 0 0 0 0 0 0 0 0 0 0 0 0 0 0 0 2 0 0 0 1 0 
1
0 0 0 0 0 0 0 0 0 
0 0 0 0 0 0 0 0 0 0 0 2 2 0 0 0 0 0 0 0 0 0 0 0 0 0 0 0 0 0 0 0 0 1 0 0 0 1 0 0 0 2 0 1 0 0 0 0 0 0 0 0 0 0 0 1 0 0 0 0 0 0 0 0 0 0 0 0 0 0 0 0 0 0 0 2 0 0 0 1 0 
0 0 0 0 0 0 0 0 0 0 0 2 2 0 0 0 0 0 0 0 0 0 0 0 0 0 0 0 0 0 0 0 0 1 0 0 0 1 0 0 0 2 0 1 0 0 0 0 0 0 0 0 0 0 0 1 0 0 0 0 0 0 0 0 0 0 0 0 0 0 0 0 0 0 0 2 0 0 0 1 0 
1
0 0 0 0 0 0 0 0 0 
0 0 0 0 0 0 0 0 0 0 0 2 2 0 0 0 0 0 0 0 0 0 0 0 0 0 0 0 0 0 0 0 0 1 0 0 0 1 0 0 0 2 0 1 0 0 0 0 0 0 2 0 0 0 0 1 0 0 0 0 0 0 0 0 0 0 0 0 0 0 0 0 0 0 0 2 0 0 0 1 0 
0 0 0 0 0 0 0 0 0 0 0 2 2 0 0 0 0 0 0 0 0 0 0 0 0 0 0 0 0 0 0 0 0 1 0 0 0 1 0 0 0 2 0 1 0 0 0 0 0 0 2 0 0 0 0 1 0 0 0 0 0 0 0 0 0 0 0 0 0 0 0 0 0 0 0 2 0 0 0 1 0 
1
0 0 0 0 0 0 0 0 0 
0 0 0 0 0 0 0 0 0 0 0 2 2 0 0 0 0 0 0 0 0 0 0 0 0 0 0 0 0 0 0 0 0 1 0 0 0 1 0 0 0 2 0 1 0 0 0 0 0 0 2 0 0 0 0 1 0 0 0 0 0 1 0 0 0 0 0 0 0 0 0 0 0 0 0 2 0 0 0 1 0 
0 0 0 0 0 0 0 0 0 0 0 2 2 0 0 0 0 0 0 0 0 0 0 0 0 0 0 0 0 0 0 0 0 1 0 0 0 1 0 0 0 2 0 1 0 0 0 0 0 0 2 0 0 0 0 1 0 0 0 0 0 1 0 0 0 0 0 0 0 0 0 0 0 0 0 2 0 0 0 1 0 
1
0 0 0 0 0 0 0 0 0 
0 0 0 0 0 0 0 0 0 0 0 2 2 2 0 0 0 0 0 0 0 0 0 0 0 0 0 0 0 0 0 0 0 1 0 0 0 1 0 0 0 2 0 1 0 0 0 0 0 0 2 0 0 0 0 1 0 0 0 0 0 1 0 0 0 0 0 0 0 0 0 0 0 0 0 2 0 0 0 1 0 
0 0 0 0 0 0 0 0 0 0 0 2 2 2 0 0 0 0 0 0 0 0 0 0 0 0 0 0 0 0 0 0 0 1 0 0 0 1 0 0 0 2 0 1 0 0 0 0 0 0 2 0 0 0 0 1 0 0 0 0 0 1 0 0 0 0 0 0 0 0 0 0 0 0 0 2 0 0 0 1 0 
1
0 0 0 0 0 0 0 0 0 
0 0 0 0 0 0 0 0 0 0 0 2 2 2 0 0 0 0 0 0 0 0 0 0 0 0 0 0 0 0 0 0 0 1 0 0 0 1 0 0 0 2 0 1 0 0 0 0 0 1 2 0 0 0 0 1 0 0 0 0 0 1 0 0 0 0 0 0 0 0 0 0 0 0 0 2 0 0 0 1 0 
0 0 0 0 0 0 0 0 0 0 0 2 2 2 0 0 0 0 0 0 0 0 0 0 0 0 0 0 0 0 0 0 0 1 0 0 0 1 0 0 0 2 0 1 0 0 0 0 0 1 2 0 0 0 0 1 0 0 0 0 0 1 0 0 0 0 0 0 0 0 0 0 0 0 0 2 0 0 0 1 0 
1
0 0 0 0 0 0 0 0 0 
0 0 0 0 0 0 0 0 0 0 0 2 2 2 0 0 0 0 0 0 0 0 0 0 0 0 0 0 0 0 0 0 0 1 0 0 0 1 0 0 0 2 0 1 0 0 0 0 0 1 2 0 0 0 0 1 0 0 0 0 0 1 0 0 0 0 0 0 2 0 0 0 0 0 0 2 0 0 0 1 0 
0 0 0 0 0 0 0 0 0 0 0 2 2 2 0 0 0 0 0 0 0 0 0 0 0 0 0 0 0 0 0 0 0 1 0 0 0 1 0 0 0 2 0 1 0 0 0 0 0 1 2 0 0 0 0 1 0 0 0 0 0 1 0 0 0 0 0 0 2 0 0 0 0 0 0 2 0 0 0 1 0 
1
0 0 0 0 0 0 0 0 0 
0 0 0 0 0 0 0 0 0 0 0 2 2 2 0 0 0 0 0 0 0 0 0 0 0 0 0 0 0 0 0 0 0 1 0 0 0 1 0 0 0 2 0 1 0 0 0 0 0 1 2 0 1 0 0 1 0 0 0 0 0 1 0 0 0 0 0 0 2 0 0 0 0 0 0 2 0 0 0 1 0 
0 0 0 0 0 0 0 0 0 0 0 2 2 2 0 0 0 0 0 0 0 0 0 0 0 0 0 0 0 0 0 0 0 1 0 0 0 1 0 0 0 2 0 1 0 0 0 0 0 1 2 0 1 0 0 1 0 0 0 0 0 1 0 0 0 0 0 0 2 0 0 0 0 0 0 2 0 0 0 1 0 
1
0 0 0 0 0 0 0 0 0 
0 0 0 0 0 0 0 0 0 0 0 2 2 2 0 0 0 0 0 0 0 0 0 0 0 0 0 0 0 0 0 0 0 1 0 0 0 1 0 0 0 2 0 1 0 0 0 0 0 1 2 0 1 0 0 1 0 0 0 0 0 1 0 0 0 0 2 0 2 0 0 0 0 0 0 2 0 0 0 1 0 
0 0 0 0 0 0 0 0 0 0 0 2 2 2 0 0 0 0 0 0 0 0 0 0 0 0 0 0 0 0 0 0 0 1 0 0 0 1 0 0 0 2 0 1 0 0 0 0 0 1 2 0 1 0 0 1 0 0 0 0 0 1 0 0 0 0 2 0 2 0 0 0 0 0 0 2 0 0 0 1 0 
1
0 0 0 0 0 0 0 0 0 
0 0 0 0 0 0 0 0 0 0 0 2 2 2 0 0 0 0 0 0 0 0 0 0 0 0 0 0 1 0 0 0 0 1 0 0 0 1 0 0 0 2 0 1 0 0 0 0 0 1 2 0 1 0 0 1 0 0 0 0 0 1 0 0 0 0 2 0 2 0 0 0 0 0 0 2 0 0 0 1 0 
0 0 0 0 0 0 0 0 0 0 0 2 2 2 0 0 0 0 0 0 0 0 0 0 0 0 0 0 1 0 0 0 0 1 0 0 0 1 0 0 0 2 0 1 0 0 0 0 0 1 2 0 1 0 0 1 0 0 0 0 0 1 0 0 0 0 2 0 2 0 0 0 0 0 0 2 0 0 0 1 0 
1
0 2 0 0 0 0 0 0 0 
0 0 0 0 0 0 0 0 0 0 0 2 2 2 2 0 0 0 0 0 0 0 0 0 0 0 0 0 1 0 0 0 0 1 0 0 0 1 0 0 0 2 0 1 0 0 0 0 0 1 2 0 1 0 0 1 0 0 0 0 0 1 0 0 0 0 2 0 2 0 0 0 0 0 0 2 0 0 0 1 0 
0 0 0 32 32 32 0 0 0 0 0 2 34 34 34 0 0 0 0 0 0 32 32 32 0 0 0 0 1 0 0 0 0 1 0 0 0 1 0 0 0 2 0 1 0 0 0 0 0 1 2 0 1 0 0 1 0 0 0 0 0 1 0 0 0 0 2 0 2 0 0 0 0 0 0 2 0 0 0 1 0 
1
0 2 0 0 0 0 0 0 0 
0 0 0 0 0 0 0 0 0 0 0 2 2 2 2 0 0 0 0 0 0 0 0 0 0 0 0 0 1 0 0 0 0 1 0 1 0 1 0 0 0 2 0 1 0 0 0 0 0 1 2 0 1 0 0 1 0 0 0 0 0 1 0 0 0 0 2 0 2 0 0 0 0 0 0 2 0 0 0 1 0 
0 0 0 32 32 32 0 0 0 0 0 2 34 34 34 0 0 0 0 0 0 32 32 32 0 0 0 0 1 0 0 0 0 1 0 1 0 1 0 0 0 2 0 1 0 0 0 0 0 1 2 0 1 0 0 1 0 0 0 0 0 1 0 0 0 0 2 0 2 0 0 0 0 0 0 2 0 0 0 1 0 
1
0 2 0 0 0 0 0 0 0 
0 0 0 0 0 0 0 0 0 0 0 2 2 2 2 0 0 0 0 0 0 0 0 0 0 0 2 0 1 0 0 0 0 1 0 1 0 1 0 0 0 2 0 1 0 0 0 0 0 1 2 0 1 0 0 1 0 0 0 0 0 1 0 0 0 0 2 0 2 0 0 0 0 0 0 2 0 0 0 1 0 
0 0 0 32 32 32 0 0 0 0 0 2 34 34 34 0 0 0 0 0 0 32 32 32 0 0 2 0 1 0 0 0 0 1 0 1 0 1 0 0 0 2 0 1 0 0 0 0 0 1 2 0 1 0 0 1 0 0 0 0 0 1 0 0 0 0 2 0 2 0 0 0 0 0 0 2 0 0 0 1 0 
1
0 2 0 0 0 0 0 0 0 
0 0 0 0 0 0 0 0 0 0 0 2 2 2 2 0 0 0 0 0 0 0 0 0 0 0 2 0 1 0 0 0 0 1 0 1 0 1 0 0 0 2 0 1 0 0 0 0 0 1 2 0 1 0 0 1 0 0 0 0 0 1 0 0 0 0 2 0 2 1 0 0 0 0 0 2 0 0 0 1 0 
0 0 0 32 32 32 0 0 0 0 0 2 34 34 34 0 0 0 0 0 0 32 32 32 0 0 2 0 1 0 0 0 0 1 0 1 0 1 0 0 0 2 0 1 0 0 0 0 0 1 2 0 1 0 0 1 0 0 0 0 0 1 0 0 0 0 2 0 2 1 0 0 0 0 0 2 0 0 0 1 0 
1
0 2 0 0 0 0 0 0 0 
0 0 0 0 0 0 0 0 0 0 0 2 2 2 2 0 0 0 0 0 0 0 0 0 0 0 2 0 1 0 0 0 0 1 0 1 0 1 2 0 0 2 0 1 0 0 0 0 0 1 2 0 1 0 0 1 0 0 0 0 0 1 0 0 0 0 2 0 2 1 0 0 0 0 0 2 0 0 0 1 0 
0 0 0 32 32 32 0 0 0 0 0 2 34 34 34 0 0 0 0 0 0 32 32 32 0 0 2 0 1 0 0 0 0 1 0 1 0 1 2 0 0 2 0 1 0 0 0 0 0 1 2 0 1 0 0 1 0 0 0 0 0 1 0 0 0 0 2 0 2 1 0 0 0 0 0 2 0 0 0 1 0 
1
0 2 0 0 0 1 0 0 0 
0 0 0 0 0 0 0 0 0 0 0 2 2 2 2 0 0 0 0 0 0 0 0 0 0 0 2 0 1 0 0 0 0 1 0 1 0 1 2 0 0 2 0 1 0 0 0 0 0 1 2 0 1 1 0 1 0 0 0 0 0 1 0 0 0 0 2 0 2 1 0 0 0 0 0 2 0 0 0 1 0 
0 0 0 32 32 32 0 0 0 0 0 2 34 34 34 0 0 0 0 0 0 32 32 32 0 0 2 0 1 0 0 0 0 17 16 17 0 1 2 0 0 2 16 17 16 0 0 0 0 1 2 16 17 17 0 1 0 0 0 0 0 1 0 0 0 0 2 0 2 1 0 0 0 0 0 2 0 0 0 1 0 
1
0 2 0 0 0 1 0 0 0 
0 0 0 0 0 0 0 0 0 0 0 2 2 2 2 0 0 0 0 0 0 0 0 0 0 0 2 0 1 0 0 0 0 1 0 1 0 1 2 0 0 2 0 1 0 0 0 0 0 1 2 0 1 1 0 1 0 0 0 0 0 1 0 0 0 0 2 0 2 1 0 0 0 0 0 2 0 0 0 1 2 
0 0 0 32 32 32 0 0 0 0 0 2 34 34 34 0 0 0 0 0 0 32 32 32 0 0 2 0 1 0 0 0 0 17 16 17 0 1 2 0 0 2 16 17 16 0 0 0 0 1 2 16 17 17 0 1 0 0 0 0 0 1 0 0 0 0 2 0 2 1 0 0 0 0 0 2 0 0 0 1 2 
1
0 2 0 0 0 1 0 0 0 
0 0 0 0 0 0 0 0 0 0 0 2 2 2 2 0 0 0 0 0 0 0 0 0 0 0 2 0 1 0 0 0 0 1 0 1 0 1 2 0 0 2 0 1 0 0 0 0 0 1 2 0 1 1 0 1 0 0 0 0 0 1 0 0 0 0 2 0 2 1 0 1 0 0 0 2 0 0 0 1 2 
0 0 0 32 32 32 0 0 0 0 0 2 34 34 34 0 0 0 0 0 0 32 32 32 0 0 2 0 1 0 0 0 0 17 16 17 0 1 2 0 0 2 16 17 16 0 0 0 0 1 2 16 17 17 0 1 0 0 0 0 0 1 0 0 0 0 2 0 2 1 0 1 0 0 0 2 0 0 0 1 2 
1
0 2 0 0 0 1 0 0 0 
0 0 0 0 0 0 0 0 0 0 0 2 2 2 2 0 0 0 0 0 0 0 0 0 0 0 2 0 1 0 0 0 0 1 0 1 0 1 2 0 0 2 0 1 0 0 0 0 0 1 2 0 1 1 0 1 0 0 0 0 0 1 0 0 0 0 2 0 2 1 0 1 0 0 0 2 0 2 0 1 2 
0 0 0 32 32 32 0 0 0 0 0 2 34 34 34 0 0 0 0 0 0 32 32 32 0 0 2 0 1 0 0 0 0 17 16 17 0 1 2 0 0 2 16 17 16 0 0 0 0 1 2 16 17 17 0 1 0 0 0 0 0 1 0 0 0 0 2 0 2 1 0 1 0 0 0 2 0 2 0 1 2 
1
0 2 0 0 0 1 0 0 0 
0 0 0 0 0 0 0 0 0 0 0 2 2 2 2 0 0 0 0 0 0 0 0 0 0 0 2 0 1 0 0 0 0 1 0 1 0 1 2 0 0 2 0 1 0 0 0 0 0 1 2 0 1 1 0 1 0 0 0 0 0 1 0 0 0 0 2 0 2 1 0 1 0 0 0 2 0 2 1 1 2 
0 0 0 32 32 32 0 0 0 0 0 2 34 34 34 0 0 0 0 0 0 32 32 32 0 0 2 0 1 0 0 0 0 17 16 17 0 1 2 0 0 2 16 17 16 0 0 0 0 1 2 16 17 17 0 1 0 0 0 0 0 1 0 0 0 0 2 0 2 1 0 1 0 0 0 2 0 2 1 1 2 
1
0 2 0 0 0 1 0 0 0 
0 0 0 0 0 0 0 0 0 0 0 2 2 2 2 0 0 0 0 0 0 0 0 0 0 0 2 0 1 0 0 0 0 1 0 1 0 1 2 0 0 2 0 1 0 0 0 0 0 1 2 0 1 1 0 1 0 0 0 0 0 1 0 0 0 0 2 0 2 1 0 1 0 0 2 2 0 2 1 1 2 
0 0 0 32 32 32 0 0 0 0 0 2 34 34 34 0 0 0 0 0 0 32 32 32 0 0 2 0 1 0 0 0 0 17 16 17 0 1 2 0 0 2 16 17 16 0 0 0 0 1 2 16 17 17 0 1 0 0 0 0 0 1 0 0 0 0 2 0 2 1 0 1 0 0 2 2 0 2 1 1 2 
1
0 2 0 0 0 1 0 0 1 
0 0 0 0 0 0 0 0 0 0 0 2 2 2 2 0 0 0 0 0 0 0 0 0 0 0 2 0 1 0 0 0 0 1 0 1 0 1 2 0 0 2 0 1 0 0 0 0 0 1 2 0 1 1 0 1 0 0 0 0 1 1 0 0 0 0 2 0 2 1 0 1 0 0 2 2 0 2 1 1 2 
0 0 0 32 32 32 0 0 0 0 0 2 34 34 34 0 0 0 0 0 0 32 32 32 0 0 2 0 1 0 0 0 0 17 16 17 0 1 2 0 0 2 16 17 16 0 0 0 0 1 2 16 17 17 0 1 0 0 0 0 17 17 16 0 0 0 2 0 2 17 16 17 0 0 2 2 0 2 17 17 18 
1
0 2 0 0 0 1 0 0 1 
0 0 0 0 0 0 0 0 0 2 0 2 2 2 2 0 0 0 0 0 0 0 0 0 0 0 2 0 1 0 0 0 0 1 0 1 0 1 2 0 0 2 0 1 0 0 0 0 0 1 2 0 1 1 0 1 0 0 0 0 1 1 0 0 0 0 2 0 2 1 0 1 0 0 2 2 0 2 1 1 2 
0 0 0 32 32 32 0 0 0 2 0 2 34 34 34 0 0 0 0 0 0 32 32 32 0 0 2 0 1 0 0 0 0 17 16 17 0 1 2 0 0 2 16 17 16 0 0 0 0 1 2 16 17 17 0 1 0 0 0 0 17 17 16 0 0 0 2 0 2 17 16 17 0 0 2 2 0 2 17 17 18 
1
0 2 0 1 0 1 0 0 1 
0 0 0 0 0 0 0 0 0 2 0 2 2 2 2 0 0 0 0 0 0 0 0 0 0 0 2 0 1 0 0 0 0 1 0 1 0 1 2 0 0 2 0 1 0 0 1 0 0 1 2 0 1 1 0 1 0 0 0 0 1 1 0 0 0 0 2 0 2 1 0 1 0 0 2 2 0 2 1 1 2 
0 0 0 32 32 32 0 0 0 2 0 2 34 34 34 0 0 0 0 0 0 32 32 32 0 0 2 16 17 16 0 0 0 17 16 17 16 17 18 0 0 2 16 17 16 16 17 16 0 1 2 16 17 17 0 1 0 0 0 0 17 17 16 0 0 0 2 0 2 17 16 17 0 0 2 2 0 2 17 17 18 
1
0 2 0 1 0 1 0 0 1 
0 0 0 0 0 0 0 0 0 2 0 2 2 2 2 0 0 0 0 0 0 0 0 0 0 0 2 0 1 0 0 0 0 1 0 1 0 1 2 0 0 2 0 1 0 0 1 0 0 1 2 0 1 1 0 1 0 0 2 0 1 1 0 0 0 0 2 0 2 1 0 1 0 0 2 2 0 2 1 1 2 
0 0 0 32 32 32 0 0 0 2 0 2 34 34 34 0 0 0 0 0 0 32 32 32 0 0 2 16 17 16 0 0 0 17 16 17 16 17 18 0 0 2 16 17 16 16 17 16 0 1 2 16 17 17 0 1 0 0 2 0 17 17 16 0 0 0 2 0 2 17 16 17 0 0 2 2 0 2 17 17 18 
1
0 2 0 1 0 1 0 0 1 
1 0 0 0 0 0 0 0 0 2 0 2 2 2 2 0 0 0 0 0 0 0 0 0 0 0 2 0 1 0 0 0 0 1 0 1 0 1 2 0 0 2 0 1 0 0 1 0 0 1 2 0 1 1 0 1 0 0 2 0 1 1 0 0 0 0 2 0 2 1 0 1 0 0 2 2 0 2 1 1 2 
1 0 0 32 32 32 0 0 0 2 0 2 34 34 34 0 0 0 0 0 0 32 32 32 0 0 2 16 17 16 0 0 0 17 16 17 16 17 18 0 0 2 16 17 16 16 17 16 0 1 2 16 17 17 0 1 0 0 2 0 17 17 16 0 0 0 2 0 2 17 16 17 0 0 2 2 0 2 17 17 18 
1
0 2 0 1 0 1 0 0 1 
1 0 2 0 0 0 0 0 0 2 0 2 2 2 2 0 0 0 0 0 0 0 0 0 0 0 2 0 1 0 0 0 0 1 0 1 0 1 2 0 0 2 0 1 0 0 1 0 0 1 2 0 1 1 0 1 0 0 2 0 1 1 0 0 0 0 2 0 2 1 0 1 0 0 2 2 0 2 1 1 2 
1 0 2 32 32 32 0 0 0 2 0 2 34 34 34 0 0 0 0 0 0 32 32 32 0 0 2 16 17 16 0 0 0 17 16 17 16 17 18 0 0 2 16 17 16 16 17 16 0 1 2 16 17 17 0 1 0 0 2 0 17 17 16 0 0 0 2 0 2 17 16 17 0 0 2 2 0 2 17 17 18 
1
0 2 0 1 0 1 0 0 1 
1 0 2 0 0 0 0 0 0 2 0 2 2 2 2 0 0 1 0 0 0 0 0 0 0 0 2 0 1 0 0 0 0 1 0 1 0 1 2 0 0 2 0 1 0 0 1 0 0 1 2 0 1 1 0 1 0 0 2 0 1 1 0 0 0 0 2 0 2 1 0 1 0 0 2 2 0 2 1 1 2 
1 0 2 32 32 32 0 0 0 2 0 2 34 34 34 0 0 1 0 0 0 32 32 32 0 0 2 16 17 16 0 0 0 17 16 17 16 17 18 0 0 2 16 17 16 16 17 16 0 1 2 16 17 17 0 1 0 0 2 0 17 17 16 0 0 0 2 0 2 17 16 17 0 0 2 2 0 2 17 17 18 
1
0 2 0 1 0 1 0 0 1 
1 0 2 0 0 0 0 0 0 2 0 2 2 2 2 0 0 1 0 0 0 0 0 0 0 0 2 0 1 0 0 0 0 1 0 1 0 1 2 0 0 2 0 1 0 0 1 0 0 1 2 0 1 1 0 1 0 0 2 0 1 1 0 0 0 2 2 0 2 1 0 1 0 0 2 2 0 2 1 1 2 
1 0 2 32 32 32 0 0 0 2 0 2 34 34 34 0 0 1 0 0 0 32 32 32 0 0 2 16 17 16 0 0 0 17 16 17 16 17 18 0 0 2 16 17 16 16 17 16 0 1 2 16 17 17 0 1 0 0 2 0 17 17 16 0 0 2 2 0 2 17 16 17 0 0 2 2 0 2 17 17 18 
1
0 2 0 1 0 1 0 0 1 
1 0 2 0 0 0 0 0 0 2 0 2 2 2 2 0 0 1 0 0 1 0 0 0 0 0 2 0 1 0 0 0 0 1 0 1 0 1 2 0 0 2 0 1 0 0 1 0 0 1 2 0 1 1 0 1 0 0 2 0 1 1 0 0 0 2 2 0 2 1 0 1 0 0 2 2 0 2 1 1 2 
1 0 2 32 32 32 0 0 0 2 0 2 34 34 34 0 0 1 0 0 1 32 32 32 0 0 2 16 17 16 0 0 0 17 16 17 16 17 18 0 0 2 16 17 16 16 17 16 0 1 2 16 17 17 0 1 0 0 2 0 17 17 16 0 0 2 2 0 2 17 16 17 0 0 2 2 0 2 17 17 18 
1
0 2 0 1 0 1 0 0 1 
1 0 2 0 0 0 0 0 0 2 0 2 2 2 2 0 0 1 0 0 1 0 0 0 0 0 2 0 1 0 0 0 0 1 0 1 0 1 2 0 0 2 0 1 0 0 1 0 0 1 2 0 1 1 0 1 0 0 2 0 1 1 0 2 0 2 2 0 2 1 0 1 0 0 2 2 0 2 1 1 2 
1 0 2 32 32 32 0 0 0 2 0 2 34 34 34 0 0 1 0 0 1 32 32 32 0 0 2 16 17 16 0 0 0 17 16 17 16 17 18 0 0 2 16 17 16 16 17 16 0 1 2 16 17 17 0 1 0 0 2 0 17 17 16 2 0 2 2 0 2 17 16 17 0 0 2 2 0 2 17 17 18 
1
0 2 0 1 0 1 0 0 1 
1 0 2 0 0 0 0 0 0 2 0 2 2 2 2 0 0 1 0 0 1 0 0 0 0 0 2 0 1 0 0 0 0 1 0 1 0 1 2 0 1 2 0 1 0 0 1 0 0 1 2 0 1 1 0 1 0 0 2 0 1 1 0 2 0 2 2 0 2 1 0 1 0 0 2 2 0 2 1 1 2 
1 0 2 32 32 32 0 0 0 2 0 2 34 34 34 0 0 1 0 0 1 32 32 32 0 0 2 16 17 16 0 0 0 17 16 17 16 17 18 0 1 2 16 17 16 16 17 16 0 1 2 16 17 17 0 1 0 0 2 0 17 17 16 2 0 2 2 0 2 17 16 17 0 0 2 2 0 2 17 17 18 
1
0 2 0 1 0 1 0 0 1 
1 0 2 0 0 0 0 0 0 2 0 2 2 2 2 0 0 1 0 0 1 0 0 0 0 0 2 0 1 0 0 0 0 1 0 1 0 1 2 2 1 2 0 1 0 0 1 0 0 1 2 0 1 1 0 1 0 0 2 0 1 1 0 2 0 2 2 0 2 1 0 1 0 0 2 2 0 2 1 1 2 
1 0 2 32 32 32 0 0 0 2 0 2 34 34 34 0 0 1 0 0 1 32 32 32 0 0 2 16 17 16 0 0 0 17 16 17 16 17 18 2 1 2 16 17 16 16 17 16 0 1 2 16 17 17 0 1 0 0 2 0 17 17 16 2 0 2 2 0 2 17 16 17 0 0 2 2 0 2 17 17 18 
1
0 2 0 1 0 1 0 0 1 
1 0 2 0 0 0 0 0 0 2 0 2 2 2 2 0 0 1 0 0 1 0 0 0 0 0 2 0 1 0 0 0 0 1 0 1 0 1 2 2 1 2 0 1 0 0 1 0 0 1 2 0 1 1 0 1 0 1 2 0 1 1 0 2 0 2 2 0 2 1 0 1 0 0 2 2 0 2 1 1 2 
1 0 2 32 32 32 0 0 0 2 0 2 34 34 34 0 0 1 0 0 1 32 32 32 0 0 2 16 17 16 0 0 0 17 16 17 16 17 18 2 1 2 16 17 16 16 17 16 0 1 2 16 17 17 0 1 0 1 2 0 17 17 16 2 0 2 2 0 2 17 16 17 0 0 2 2 0 2 17 17 18 
1
2 2 0 1 0 1 0 0 1 
1 0 2 0 0 0 0 0 0 2 2 2 2 2 2 0 0 1 0 0 1 0 0 0 0 0 2 0 1 0 0 0 0 1 0 1 0 1 2 2 1 2 0 1 0 0 1 0 0 1 2 0 1 1 0 1 0 1 2 0 1 1 0 2 0 2 2 0 2 1 0 1 0 0 2 2 0 2 1 1 2 
33 32 34 32 32 32 0 0 0 34 34 34 34 34 34 0 0 1 32 32 33 32 32 32 0 0 2 16 17 16 0 0 0 17 16 17 16 17 18 2 1 2 16 17 16 16 17 16 0 1 2 16 17 17 0 1 0 1 2 0 17 17 16 2 0 2 2 0 2 17 16 17 0 0 2 2 0 2 17 17 18 
1
2 2 0 1 0 1 0 0 1 
1 0 2 0 0 0 0 0 0 2 2 2 2 2 2 0 0 1 0 0 1 0 0 0 0 0 2 0 1 0 1 0 0 1 0 1 0 1 2 2 1 2 0 1 0 0 1 0 0 1 2 0 1 1 0 1 0 1 2 0 1 1 0 2 0 2 2 0 2 1 0 1 0 0 2 2 0 2 1 1 2 
33 32 34 32 32 32 0 0 0 34 34 34 34 34 34 0 0 1 32 32 33 32 32 32 0 0 2 16 17 16 1 0 0 17 16 17 16 17 18 2 1 2 16 17 16 16 17 16 0 1 2 16 17 17 0 1 0 1 2 0 17 17 16 2 0 2 2 0 2 17 16 17 0 0 2 2 0 2 17 17 18 
1
2 2 0 1 0 1 0 0 1 
1 0 2 0 0 0 0 2 0 2 2 2 2 2 2 0 0 1 0 0 1 0 0 0 0 0 2 0 1 0 1 0 0 1 0 1 0 1 2 2 1 2 0 1 0 0 1 0 0 1 2 0 1 1 0 1 0 1 2 0 1 1 0 2 0 2 2 0 2 1 0 1 0 0 2 2 0 2 1 1 2 
33 32 34 32 32 32 0 2 0 34 34 34 34 34 34 0 0 1 32 32 33 32 32 32 0 0 2 16 17 16 1 0 0 17 16 17 16 17 18 2 1 2 16 17 16 16 17 16 0 1 2 16 17 17 0 1 0 1 2 0 17 17 16 2 0 2 2 0 2 17 16 17 0 0 2 2 0 2 17 17 18 
1
2 2 0 1 0 1 0 0 1 
1 0 2 0 0 0 0 2 0 2 2 2 2 2 2 0 0 1 0 0 1 0 0 0 0 1 2 0 1 0 1 0 0 1 0 1 0 1 2 2 1 2 0 1 0 0 1 0 0 1 2 0 1 1 0 1 0 1 2 0 1 1 0 2 0 2 2 0 2 1 0 1 0 0 2 2 0 2 1 1 2 
33 32 34 32 32 32 0 2 0 34 34 34 34 34 34 0 0 1 32 32 33 32 32 32 0 1 2 16 17 16 1 0 0 17 16 17 16 17 18 2 1 2 16 17 16 16 17 16 0 1 2 16 17 17 0 1 0 1 2 0 17 17 16 2 0 2 2 0 2 17 16 17 0 0 2 2 0 2 17 17 18 
1
2 2 0 1 0 1 0 2 1 
1 0 2 0 0 0 0 2 0 2 2 2 2 2 2 0 0 1 0 0 1 0 0 0 0 1 2 0 1 0 1 0 0 1 0 1 0 1 2 2 1 2 0 1 0 0 1 0 0 1 2 0 1 1 0 1 0 1 2 2 1 1 0 2 0 2 2 0 2 1 0 1 0 0 2 2 0 2 1 1 2 
33 32 34 32 32 32 0 2 0 34 34 34 34 34 34 0 0 1 32 32 33 32 32 32 0 1 2 16 17 16 1 0 0 17 16 17 16 17 18 2 1 2 16 17 16 16 17 16 0 1 2 16 17 17 0 1 0 33 34 34 17 17 16 2 0 2 34 32 34 17 16 17 0 0 2 34 32 34 17 17 18 
1
2 2 0 1 0 1 0 2 1 
1 0 2 0 0 0 1 2 0 2 2 2 2 2 2 0 0 1 0 0 1 0 0 0 0 1 2 0 1 0 1 0 0 1 0 1 0 1 2 2 1 2 0 1 0 0 1 0 0 1 2 0 1 1 0 1 0 1 2 2 1 1 0 2 0 2 2 0 2 1 0 1 0 0 2 2 0 2 1 1 2 
33 32 34 32 32 32 1 2 0 34 34 34 34 34 34 0 0 1 32 32 33 32 32 32 0 1 2 16 17 16 1 0 0 17 16 17 16 17 18 2 1 2 16 17 16 16 17 16 0 1 2 16 17 17 0 1 0 33 34 34 17 17 16 2 0 2 34 32 34 17 16 17 0 0 2 34 32 34 17 17 18 
1
2 2 0 1 0 1 2 2 1 
1 0 2 0 0 0 1 2 0 2 2 2 2 2 2 0 0 1 0 0 1 0 0 0 0 1 2 0 1 0 1 0 0 1 0 1 0 1 2 2 1 2 0 1 0 0 1 0 0 1 2 0 1 1 0 1 2 1 2 2 1 1 0 2 0 2 2 0 2 1 0 1 0 0 2 2 0 2 1 1 2 
33 32 34 32 32 32 1 2 0 34 34 34 34 34 34 0 0 1 32 32 33 32 32 32 0 1 2 16 17 16 1 0 0 17 16 17 16 17 18 2 1 2 16 17 16 16 17 16 0 1 2 16 17 17 32 33 34 33 34 34 17 17 16 34 32 34 34 32 34 17 16 17 32 32 34 34 32 34 17 17 18 
1
2 2 0 1 0 1 2 2 1 
1 0 2 0 0 0 1 2 0 2 2 2 2 2 2 1 0 1 0 0 1 0 0 0 0 1 2 0 1 0 1 0 0 1 0 1 0 1 2 2 1 2 0 1 0 0 1 0 0 1 2 0 1 1 0 1 2 1 2 2 1 1 0 2 0 2 2 0 2 1 0 1 0 0 2 2 0 2 1 1 2 
33 32 34 32 32 32 1 2 0 34 34 34 34 34 34 1 0 1 32 32 33 32 32 32 0 1 2 16 17 16 1 0 0 17 16 17 16 17 18 2 1 2 16 17 16 16 17 16 0 1 2 16 17 17 32 33 34 33 34 34 17 17 16 34 32 34 34 32 34 17 16 17 32 32 34 34 32 34 17 17 18 
1
2 2 0 1 0 1 2 2 1 
1 0 2 0 0 0 1 2 0 2 2 2 2 2 2 1 0 1 0 0 1 0 0 0 0 1 2 0 1 0 1 0 0 1 0 1 0 1 2 2 1 2 0 1 0 0 1 0 2 1 2 0 1 1 0 1 2 1 2 2 1 1 0 2 0 2 2 0 2 1 0 1 0 0 2 2 0 2 1 1 2 
33 32 34 32 32 32 1 2 0 34 34 34 34 34 34 1 0 1 32 32 33 32 32 32 0 1 2 16 17 16 1 0 0 17 16 17 16 17 18 2 1 2 16 17 16 16 17 16 2 1 2 16 17 17 32 33 34 33 34 34 17 17 16 34 32 34 34 32 34 17 16 17 32 32 34 34 32 34 17 17 18 
1
2 2 1 1 0 1 2 2 1 
1 0 2 0 0 0 1 2 0 2 2 2 2 2 2 1 0 1 0 0 1 0 0 0 1 1 2 0 1 0 1 0 0 1 0 1 0 1 2 2 1 2 0 1 0 0 1 0 2 1 2 0 1 1 0 1 2 1 2 2 1 1 0 2 0 2 2 0 2 1 0 1 0 0 2 2 0 2 1 1 2 
33 32 34 32 32 32 17 18 16 34 34 34 34 34 34 17 16 17 32 32 33 32 32 32 17 17 18 16 17 16 1 0 0 17 16 17 16 17 18 2 1 2 16 17 16 16 17 16 2 1 2 16 17 17 32 33 34 33 34 34 17 17 16 34 32 34 34 32 34 17 16 17 32 32 34 34 32 34 17 17 18 
1
2 2 1 1 0 1 2 2 1 
1 0 2 0 0 0 1 2 0 2 2 2 2 2 2 1 0 1 0 0 1 0 0 0 1 1 2 0 1 0 1 0 0 1 0 1 0 1 2 2 1 2 0 1 0 0 1 0 2 1 2 0 1 1 0 1 2 1 2 2 1 1 0 2 0 2 2 0 2 1 0 1 0 0 2 2 0 2 1 1 2 
33 32 34 32 32 32 17 18 16 34 34 34 34 34 34 17 16 17 32 32 33 32 32 32 17 17 18 16 17 16 1 0 0 17 16 17 16 17 18 2 1 2 16 17 16 16 17 16 2 1 2 16 17 17 32 33 34 33 34 34 17 17 16 34 32 34 34 32 34 17 16 17 32 32 34 34 32 34 17 17 18 
1
