0 0 0 0 0 0 0 0 0 
0 0 0 0 0 0 0 0 0 0 0 0 0 0 0 0 0 0 0 0 0 0 0 0 0 0 0 0 0 0 0 0 0 0 0 0 0 0 0 0 0 0 0 0 0 0 0 0 1 0 0 0 0 0 0 0 0 0 0 0 0 0 0 0 0 0 0 0 0 0 0 0 0 0 0 0 0 0 0 0 0 
0 0 0 0 0 0 0 0 0 0 0 0 0 0 0 0 0 0 0 0 0 0 0 0 0 0 0 0 0 0 0 0 0 0 0 0 0 0 0 0 0 0 0 0 0 0 0 0 1 0 0 0 0 0 0 0 0 0 0 0 0 0 0 0 0 0 0 0 0 0 0 0 0 0 0 0 0 0 0 0 0 
1
0 0 0 0 0 0 0 0 0 
0 0 0 0 0 0 0 0 0 0 0 0 0 0 0 0 0 0 0 0 0 0 0 0 0 0 0 0 0 0 0 0 0 0 0 0 0 0 0 0 0 0 0 0 0 0 0 0 1 0 0 0 0 0 2 0 0 0 0 0 0 0 0 0 0 0 0 0 0 0 0 0 0 0 0 0 0 0 0 0 0 
0 0 0 0 0 0 0 0 0 0 0 0 0 0 0 0 0 0 0 0 0 0 0 0 0 0 0 0 0 0 0 0 0 0 0 0 0 0 0 0 0 0 0 0 0 0 0 0 1 0 0 0 0 0 2 0 0 0 0 0 0 0 0 0 0 0 0 0 0 0 0 0 0 0 0 0 0 0 0 0 0 
1
0 0 0 0 0 0 0 0 0 
0 0 0 0 0 0 0 0 0 0 0 0 0 0 0 0 0 0 0 0 1 0 0 0 0 0 0 0 0 0 0 0 0 0 0 0 0 0 0 0 0 0 0 0 0 0 0 0 1 0 0 0 0 0 2 0 0 0 0 0 0 0 0 0 0 0 0 0 0 0 0 0 0 0 0 0 0 0 0 0 0 
0 0 0 0 0 0 0 0 0 0 0 0 0 0 0 0 0 0 0 0 1 0 0 0 0 0 0 0 0 0 0 0 0 0 0 0 0 0 0 0 0 0 0 0 0 0 0 0 1 0 0 0 0 0 2 0 0 0 0 0 0 0 0 0 0 0 0 0 0 0 0 0 0 0 0 0 0 0 0 0 0 
1
0 0 0 0 0 0 0 0 0 
0 0 0 0 0 0 0 0 0 0 0 0 0 0 0 0 0 0 0 0 1 0 0 0 0 0 0 0 0 0 0 0 0 0 0 0 0 0 0 0 0 0 0 0 0 0 0 0 1 0 0 0 0 0 2 0 0 0 0 0 0 2 0 0 0 0 0 0 0 0 0 0 0 0 0 0 0 0 0 0 0 
0 0 0 0 0 0 0 0 0 0 0 0 0 0 0 0 0 0 0 0 1 0 0 0 0 0 0 0 0 0 0 0 0 0 0 0 0 0 0 0 0 0 0 0 0 0 0 0 1 0 0 0 0 0 2 0 0 0 0 0 0 2 0 0 0 0 0 0 0 0 0 0 0 0 0 0 0 0 0 0 0 
1
0 0 0 0 0 0 0 0 0 
0 0 0 0 0 0 0 0 0 0 0 0 1 0 0 0 0 0 0 0 1 0 0 0 0 0 0 0 0 0 0 0 0 0 0 0 0 0 0 0 0 0 0 0 0 0 0 0 1 0 0 0 0 0 2 0 0 0 0 0 0 2 0 0 0 0 0 0 0 0 0 0 0 0 0 0 0 0 0 0 0 
0 0 0 0 0 0 0 0 0 0 0 0 1 0 0 0 0 0 0 0 1 0 0 0 0 0 0 0 0 0 0 0 0 0 0 0 0 0 0 0 0 0 0 0 0 0 0 0 1 0 0 0 0 0 2 0 0 0 0 0 0 2 0 0 0 0 0 0 0 0 0 0 0 0 0 0 0 0 0 0 0 
1
0 0 0 0 0 0 0 0 0 
0 0 0 0 0 0 0 0 0 0 0 0 1 0 0 0 0 0 0 0 1 0 0 0 0 0 0 0 0 2 0 0 0 0 0 0 0 0 0 0 0 0 0 0 0 0 0 0 1 0 0 0 0 0 2 0 0 0 0 0 0 2 0 0 0 0 0 0 0 0 0 0 0 0 0 0 0 0 0 0 0 
0 0 0 0 0 0 0 0 0 0 0 0 1 0 0 0 0 0 0 0 1 0 0 0 0 0 0 0 0 2 0 0 0 0 0 0 0 0 0 0 0 0 0 0 0 0 0 0 1 0 0 0 0 0 2 0 0 0 0 0 0 2 0 0 0 0 0 0 0 0 0 0 0 0 0 0 0 0 0 0 0 
1
0 0 0 0 0 0 0 0 0 
0 0 0 0 0 0 0 0 1 0 0 0 1 0 0 0 0 0 0 0 1 0 0 0 0 0 0 0 0 2 0 0 0 0 0 0 0 0 0 0 0 0 0 0 0 0 0 0 1 0 0 0 0 0 2 0 0 0 0 0 0 2 0 0 0 0 0 0 0 0 0 0 0 0 0 0 0 0 0 0 0 
0 0 0 0 0 0 0 0 1 0 0 0 1 0 0 0 0 0 0 0 1 0 0 0 0 0 0 0 0 2 0 0 0 0 0 0 0 0 0 0 0 0 0 0 0 0 0 0 1 0 0 0 0 0 2 0 0 0 0 0 0 2 0 0 0 0 0 0 0 0 0 0 0 0 0 0 0 0 0 0 0 
1
0 0 0 0 0 0 0 0 0 
0 0 0 0 0 0 0 0 1 0 0 0 1 0 0 2 0 0 0 0 1 0 0 0 0 0 0 0 0 2 0 0 0 0 0 0 0 0 0 0 0 0 0 0 0 0 0 0 1 0 0 0 0 0 2 0 0 0 0 0 0 2 0 0 0 0 0 0 0 0 0 0 0 0 0 0 0 0 0 0 0 
0 0 0 0 0 0 0 0 1 0 0 0 1 0 0 2 0 0 0 0 1 0 0 0 0 0 0 0 0 2 0 0 0 0 0 0 0 0 0 0 0 0 0 0 0 0 0 0 1 0 0 0 0 0 2 0 0 0 0 0 0 2 0 0 0 0 0 0 0 0 0 0 0 0 0 0 0 0 0 0 0 
1
0 0 0 0 0 0 0 0 0 
0 0 0 0 0 0 0 0 1 0 0 0 1 0 0 2 0 0 0 0 1 0 0 0 0 0 0 0 0 2 0 0 0 0 0 0 0 0 1 0 0 0 0 0 0 0 0 0 1 0 0 0 0 0 2 0 0 0 0 0 0 2 0 0 0 0 0 0 0 0 0 0 0 0 0 0 0 0 0 0 0 
0 0 0 0 0 0 0 0 1 0 0 0 1 0 0 2 0 0 0 0 1 0 0 0 0 0 0 0 0 2 0 0 0 0 0 0 0 0 1 0 0 0 0 0 0 0 0 0 1 0 0 0 0 0 2 0 0 0 0 0 0 2 0 0 0 0 0 0 0 0 0 0 0 0 0 0 0 0 0 0 0 
1
0 0 0 0 0 0 0 0 0 
0 0 0 0 0 0 0 0 1 0 0 0 1 0 0 2 0 0 0 0 1 0 0 0 0 0 0 0 0 2 0 0 0 0 0 0 0 0 1 0 0 0 0 0 2 0 0 0 1 0 0 0 0 0 2 0 0 0 0 0 0 2 0 0 0 0 0 0 0 0 0 0 0 0 0 0 0 0 0 0 0 
0 0 0 0 0 0 0 0 1 0 0 0 1 0 0 2 0 0 0 0 1 0 0 0 0 0 0 0 0 2 0 0 0 0 0 0 0 0 1 0 0 0 0 0 2 0 0 0 1 0 0 0 0 0 2 0 0 0 0 0 0 2 0 0 0 0 0 0 0 0 0 0 0 0 0 0 0 0 0 0 0 
1
0 0 0 0 0 0 0 0 0 
0 0 0 0 0 0 0 0 1 0 0 0 1 0 0 2 0 0 0 0 1 0 0 0 0 0 0 0 0 2 0 0 0 0 1 0 0 0 1 0 0 0 0 0 2 0 0 0 1 0 0 0 0 0 2 0 0 0 0 0 0 2 0 0 0 0 0 0 0 0 0 0 0 0 0 0 0 0 0 0 0 
0 0 0 0 0 0 0 0 1 0 0 0 1 0 0 2 0 0 0 0 1 0 0 0 0 0 0 0 0 2 0 0 0 0 1 0 0 0 1 0 0 0 0 0 2 0 0 0 1 0 0 0 0 0 2 0 0 0 0 0 0 2 0 0 0 0 0 0 0 0 0 0 0 0 0 0 0 0 0 0 0 
1
0 0 0 0 0 0 0 0 0 
0 0 0 0 0 0 0 0 1 0 0 0 1 0 0 2 0 0 0 0 1 2 0 0 0 0 0 0 0 2 0 0 0 0 1 0 0 0 1 0 0 0 0 0 2 0 0 0 1 0 0 0 0 0 2 0 0 0 0 0 0 2 0 0 0 0 0 0 0 0 0 0 0 0 0 0 0 0 0 0 0 
0 0 0 0 0 0 0 0 1 0 0 0 1 0 0 2 0 0 0 0 1 2 0 0 0 0 0 0 0 2 0 0 0 0 1 0 0 0 1 0 0 0 0 0 2 0 0 0 1 0 0 0 0 0 2 0 0 0 0 0 0 2 0 0 0 0 0 0 0 0 0 0 0 0 0 0 0 0 0 0 0 
1
0 0 0 0 0 0 0 0 0 
0 0 0 0 0 0 0 0 1 0 0 0 1 0 0 2 0 0 0 0 1 2 0 0 0 0 0 0 0 2 0 0 0 0 1 0 0 0 1 0 0 0 0 0 2 0 0 0 1 0 0 0 0 0 2 0 1 0 0 0 0 2 0 0 0 0 0 0 0 0 0 0 0 0 0 0 0 0 0 0 0 
0 0 0 0 0 0 0 0 1 0 0 0 1 0 0 2 0 0 0 0 1 2 0 0 0 0 0 0 0 2 0 0 0 0 1 0 0 0 1 0 0 0 0 0 2 0 0 0 1 0 0 0 0 0 2 0 1 0 0 0 0 2 0 0 0 0 0 0 0 0 0 0 0 0 0 0 0 0 0 0 0 
1
0 0 0 0 0 0 0 0 0 
0 0 0 0 0 0 2 0 1 0 0 0 1 0 0 2 0 0 0 0 1 2 0 0 0 0 0 0 0 2 0 0 0 0 1 0 0 0 1 0 0 0 0 0 2 0 0 0 1 0 0 0 0 0 2 0 1 0 0 0 0 2 0 0 0 0 0 0 0 0 0 0 0 0 0 0 0 0 0 0 0 
0 0 0 0 0 0 2 0 1 0 0 0 1 0 0 2 0 0 0 0 1 2 0 0 0 0 0 0 0 2 0 0 0 0 1 0 0 0 1 0 0 0 0 0 2 0 0 0 1 0 0 0 0 0 2 0 1 0 0 0 0 2 0 0 0 0 0 0 0 0 0 0 0 0 0 0 0 0 0 0 0 
1
0 0 0 0 0 0 0 0 0 
0 0 0 0 0 0 2 0 1 0 1 0 1 0 0 2 0 0 0 0 1 2 0 0 0 0 0 0 0 2 0 0 0 0 1 0 0 0 1 0 0 0 0 0 2 0 0 0 1 0 0 0 0 0 2 0 1 0 0 0 0 2 0 0 0 0 0 0 0 0 0 0 0 0 0 0 0 0 0 0 0 
0 0 0 0 0 0 2 0 1 0 1 0 1 0 0 2 0 0 0 0 1 2 0 0 0 0 0 0 0 2 0 0 0 0 1 0 0 0 1 0 0 0 0 0 2 0 0 0 1 0 0 0 0 0 2 0 1 0 0 0 0 2 0 0 0 0 0 0 0 0 0 0 0 0 0 0 0 0 0 0 0 
1
0 0 0 0 0 0 0 0 0 
0 0 0 0 0 0 2 0 1 0 1 0 1 0 0 2 0 0 0 0 1 2 0 0 0 0 0 0 0 2 0 2 0 0 1 0 0 0 1 0 0 0 0 0 2 0 0 0 1 0 0 0 0 0 2 0 1 0 0 0 0 2 0 0 0 0 0 0 0 0 0 0 0 0 0 0 0 0 0 0 0 
0 0 0 0 0 0 2 0 1 0 1 0 1 0 0 2 0 0 0 0 1 2 0 0 0 0 0 0 0 2 0 2 0 0 1 0 0 0 1 0 0 0 0 0 2 0 0 0 1 0 0 0 0 0 2 0 1 0 0 0 0 2 0 0 0 0 0 0 0 0 0 0 0 0 0 0 0 0 0 0 0 
1
0 0 0 0 0 0 0 0 0 
0 0 0 0 0 0 2 0 1 0 1 0 1 0 0 2 0 0 0 0 1 2 1 0 0 0 0 0 0 2 0 2 0 0 1 0 0 0 1 0 0 0 0 0 2 0 0 0 1 0 0 0 0 0 2 0 1 0 0 0 0 2 0 0 0 0 0 0 0 0 0 0 0 0 0 0 0 0 0 0 0 
0 0 0 0 0 0 2 0 1 0 1 0 1 0 0 2 0 0 0 0 1 2 1 0 0 0 0 0 0 2 0 2 0 0 1 0 0 0 1 0 0 0 0 0 2 0 0 0 1 0 0 0 0 0 2 0 1 0 0 0 0 2 0 0 0 0 0 0 0 0 0 0 0 0 0 0 0 0 0 0 0 
1
0 0 0 0 0 0 0 0 0 
0 0 0 0 0 0 2 0 1 0 1 0 1 0 0 2 0 0 0 0 1 2 1 0 0 0 0 0 0 2 0 2 0 0 1 0 0 0 1 0 0 0 0 0 2 0 0 0 1 0 0 0 0 0 2 0 1 0 0 0 0 2 0 0 0 0 2 0 0 0 0 0 0 0 0 0 0 0 0 0 0 
0 0 0 0 0 0 2 0 1 0 1 0 1 0 0 2 0 0 0 0 1 2 1 0 0 0 0 0 0 2 0 2 0 0 1 0 0 0 1 0 0 0 0 0 2 0 0 0 1 0 0 0 0 0 2 0 1 0 0 0 0 2 0 0 0 0 2 0 0 0 0 0 0 0 0 0 0 0 0 0 0 
1
0 0 0 0 0 0 0 0 0 
0 0 0 0 0 0 2 0 1 0 1 0 1 0 0 2 0 0 0 0 1 2 1 0 0 0 0 0 0 2 0 2 0 0 1 0 1 0 1 0 0 0 0 0 2 0 0 0 1 0 0 0 0 0 2 0 1 0 0 0 0 2 0 0 0 0 2 0 0 0 0 0 0 0 0 0 0 0 0 0 0 
0 0 0 0 0 0 2 0 1 0 1 0 1 0 0 2 0 0 0 0 1 2 1 0 0 0 0 0 0 2 0 2 0 0 1 0 1 0 1 0 0 0 0 0 2 0 0 0 1 0 0 0 0 0 2 0 1 0 0 0 0 2 0 0 0 0 2 0 0 0 0 0 0 0 0 0 0 0 0 0 0 
1
0 0 0 0 0 0 0 0 0 
0 0 0 0 0 0 2 0 1 0 1 0 1 0 0 2 0 0 0 0 1 2 1 0 0 0 0 0 0 2 0 2 0 0 1 0 1 2 1 0 0 0 0 0 2 0 0 0 1 0 0 0 0 0 2 0 1 0 0 0 0 2 0 0 0 0 2 0 0 0 0 0 0 0 0 0 0 0 0 0 0 
0 0 0 0 0 0 2 0 1 0 1 0 1 0 0 2 0 0 0 0 1 2 1 0 0 0 0 0 0 2 0 2 0 0 1 0 1 2 1 0 0 0 0 0 2 0 0 0 1 0 0 0 0 0 2 0 1 0 0 0 0 2 0 0 0 0 2 0 0 0 0 0 0 0 0 0 0 0 0 0 0 
1
0 0 0 0 0 0 0 0 0 
0 0 0 0 0 0 2 0 1 0 1 0 1 0 0 2 0 0 0 0 1 2 1 0 0 0 0 0 0 2 1 2 0 0 1 0 1 2 1 0 0 0 0 0 2 0 0 0 1 0 0 0 0 0 2 0 1 0 0 0 0 2 0 0 0 0 2 0 0 0 0 0 0 0 0 0 0 0 0 0 0 
0 0 0 0 0 0 2 0 1 0 1 0 1 0 0 2 0 0 0 0 1 2 1 0 0 0 0 0 0 2 1 2 0 0 1 0 1 2 1 0 0 0 0 0 2 0 0 0 1 0 0 0 0 0 2 0 1 0 0 0 0 2 0 0 0 0 2 0 0 0 0 0 0 0 0 0 0 0 0 0 0 
1
0 0 0 0 0 0 0 0 0 
0 0 0 0 0 0 2 0 1 0 1 0 1 0 0 2 0 0 2 0 1 2 1 0 0 0 0 0 0 2 1 2 0 0 1 0 1 2 1 0 0 0 0 0 2 0 0 0 1 0 0 0 0 0 2 0 1 0 0 0 0 2 0 0 0 0 2 0 0 0 0 0 0 0 0 0 0 0 0 0 0 
0 0 0 0 0 0 2 0 1 0 1 0 1 0 0 2 0 0 2 0 1 2 1 0 0 0 0 0 0 2 1 2 0 0 1 0 1 2 1 0 0 0 0 0 2 0 0 0 1 0 0 0 0 0 2 0 1 0 0 0 0 2 0 0 0 0 2 0 0 0 0 0 0 0 0 0 0 0 0 0 0 
1
0 0 0 0 0 0 0 0 0 
0 0 0 0 0 0 2 0 1 0 1 0 1 0 0 2 0 0 2 0 1 2 1 0 0 0 0 0 0 2 1 2 0 0 1 0 1 2 1 0 0 0 0 0 2 0 0 0 1 0 0 0 0 0 2 0 1 0 0 0 0 2 0 0 0 1 2 0 0 0 0 0 0 0 0 0 0 0 0 0 0 
0 0 0 0 0 0 2 0 1 0 1 0 1 0 0 2 0 0 2 0 1 2 1 0 0 0 0 0 0 2 1 2 0 0 1 0 1 2 1 0 0 0 0 0 2 0 0 0 1 0 0 0 0 0 2 0 1 0 0 0 0 2 0 0 0 1 2 0 0 0 0 0 0 0 0 0 0 0 0 0 0 
1
0 0 0 0 0 0 0 0 0 
0 0 0 0 0 0 2 0 1 0 1 0 1 0 0 2 0 0 2 0 1 2 1 0 0 0 0 0 0 2 1 2 0 0 1 2 1 2 1 0 0 0 0 0 2 0 0 0 1 0 0 0 0 0 2 0 1 0 0 0 0 2 0 0 0 1 2 0 0 0 0 0 0 0 0 0 0 0 0 0 0 
0 0 0 0 0 0 2 0 1 0 1 0 1 0 0 2 0 0 2 0 1 2 1 0 0 0 0 0 0 2 1 2 0 0 1 2 1 2 1 0 0 0 0 0 2 0 0 0 1 0 0 0 0 0 2 0 1 0 0 0 0 2 0 0 0 1 2 0 0 0 0 0 0 0 0 0 0 0 0 0 0 
1
0 0 0 0 0 0 0 0 0 
0 0 0 0 0 0 2 0 1 0 1 0 1 0 0 2 0 0 2 0 1 2 1 0 1 0 0 0 0 2 1 2 0 0 1 2 1 2 1 0 0 0 0 0 2 0 0 0 1 0 0 0 0 0 2 0 1 0 0 0 0 2 0 0 0 1 2 0 0 0 0 0 0 0 0 0 0 0 0 0 0 
0 0 0 0 0 0 2 0 1 0 1 0 1 0 0 2 0 0 2 0 1 2 1 0 1 0 0 0 0 2 1 2 0 0 1 2 1 2 1 0 0 0 0 0 2 0 0 0 1 0 0 0 0 0 2 0 1 0 0 0 0 2 0 0 0 1 2 0 0 0 0 0 0 0 0 0 0 0 0 0 0 
1
0 0 0 0 0 0 0 0 0 
0 0 0 0 0 0 2 0 1 0 1 0 1 0 0 2 0 0 2 0 1 2 1 0 1 0 0 0 0 2 1 2 0 0 1 2 1 2 1 0 0 0 0 0 2 0 0 0 1 0 0 0 0 0 2 0 1 0 0 0 0 2 0 0 0 1 2 0 0 0 0 0 0 0 2 0 0 0 0 0 0 
0 0 0 0 0 0 2 0 1 0 1 0 1 0 0 2 0 0 2 0 1 2 1 0 1 0 0 0 0 2 1 2 0 0 1 2 1 2 1 0 0 0 0 0 2 0 0 0 1 0 0 0 0 0 2 0 1 0 0 0 0 2 0 0 0 1 2 0 0 0 0 0 0 0 2 0 0 0 0 0 0 
1
0 0 0 0 0 0 0 0 0 
0 0 0 0 0 0 2 0 1 0 1 0 1 0 0 2 0 0 2 0 1 2 1 0 1 0 0 0 0 2 1 2 0 0 1 2 1 2 1 0 0 0 0 0 2 0 0 0 1 0 0 0 0 0 2 0 1 0 0 0 0 2 0 0 0 1 2 0 0 0 0 0 0 0 2 0 0 0 0 1 0 
0 0 0 0 0 0 2 0 1 0 1 0 1 0 0 2 0 0 2 0 1 2 1 0 1 0 0 0 0 2 1 2 0 0 1 2 1 2 1 0 0 0 0 0 2 0 0 0 1 0 0 0 0 0 2 0 1 0 0 0 0 2 0 0 0 1 2 0 0 0 0 0 0 0 2 0 0 0 0 1 0 
1
0 0 0 0 0 0 0 0 0 
0 0 0 0 0 0 2 0 1 0 1 0 1 0 0 2 0 0 2 0 1 2 1 0 1 0 0 0 0 2 1 2 0 0 1 2 1 2 1 0 0 0 0 0 2 0 0 0 1 0 0 0 0 0 2 0 1 2 0 0 0 2 0 0 0 1 2 0 0 0 0 0 0 0 2 0 0 0 0 1 0 
0 0 0 0 0 0 2 0 1 0 1 0 1 0 0 2 0 0 2 0 1 2 1 0 1 0 0 0 0 2 1 2 0 0 1 2 1 2 1 0 0 0 0 0 2 0 0 0 1 0 0 0 0 0 2 0 1 2 0 0 0 2 0 0 0 1 2 0 0 0 0 0 0 0 2 0 0 0 0 1 0 
1
1 0 0 0 0 0 0 0 0 
1 0 0 0 0 0 2 0 1 0 1 0 1 0 0 2 0 0 2 0 1 2 1 0 1 0 0 0 0 2 1 2 0 0 1 2 1 2 1 0 0 0 0 0 2 0 0 0 1 0 0 0 0 0 2 0 1 2 0 0 0 2 0 0 0 1 2 0 0 0 0 0 0 0 2 0 0 0 0 1 0 
17 16 16 0 0 0 2 0 1 16 17 16 1 0 0 2 0 0 18 16 17 2 1 0 1 0 0 0 0 2 1 2 0 0 1 2 1 2 1 0 0 0 0 0 2 0 0 0 1 0 0 0 0 0 2 0 1 2 0 0 0 2 0 0 0 1 2 0 0 0 0 0 0 0 2 0 0 0 0 1 0 
1
1 0 0 0 0 2 0 0 0 
1 0 0 0 0 0 2 0 1 0 1 0 1 0 0 2 0 0 2 0 1 2 1 0 1 0 0 0 0 2 1 2 0 0 1 2 1 2 1 0 0 0 0 0 2 0 0 0 1 0 0 0 0 2 2 0 1 2 0 0 0 2 0 0 0 1 2 0 0 0 0 0 0 0 2 0 0 0 0 1 0 
17 16 16 0 0 0 2 0 1 16 17 16 1 0 0 2 0 0 18 16 17 2 1 0 1 0 0 0 0 2 1 2 0 32 33 34 1 2 1 0 0 0 32 32 34 0 0 0 1 0 0 32 32 34 2 0 1 2 0 0 0 2 0 0 0 1 2 0 0 0 0 0 0 0 2 0 0 0 0 1 0 
1
1 0 0 0 0 2 0 0 0 
1 0 0 0 0 0 2 0 1 0 1 0 1 0 0 2 0 0 2 0 1 2 1 0 1 0 0 0 0 2 1 2 0 0 1 2 1 2 1 0 0 0 0 0 2 0 0 0 1 0 0 0 0 2 2 0 1 2 0 0 0 2 0 0 0 1 2 0 0 0 0 0 0 0 2 0 0 0 1 1 0 
17 16 16 0 0 0 2 0 1 16 17 16 1 0 0 2 0 0 18 16 17 2 1 0 1 0 0 0 0 2 1 2 0 32 33 34 1 2 1 0 0 0 32 32 34 0 0 0 1 0 0 32 32 34 2 0 1 2 0 0 0 2 0 0 0 1 2 0 0 0 0 0 0 0 2 0 0 0 1 1 0 
1
1 0 0 0 0 2 0 0 0 
1 0 0 0 0 0 2 0 1 0 1 0 1 0 0 2 0 0 2 0 1 2 1 0 1 0 0 0 0 2 1 2 0 0 1 2 1 2 1 0 0 0 0 0 2 0 0 0 1 0 0 0 0 2 2 0 1 2 0 0 0 2 0 0 0 1 2 0 0 0 0 0 2 0 2 0 0 0 1 1 0 
17 16 16 0 0 0 2 0 1 16 17 16 1 0 0 2 0 0 18 16 17 2 1 0 1 0 0 0 0 2 1 2 0 32 33 34 1 2 1 0 0 0 32 32 34 0 0 0 1 0 0 32 32 34 2 0 1 2 0 0 0 2 0 0 0 1 2 0 0 0 0 0 2 0 2 0 0 0 1 1 0 
1
1 0 0 0 0 2 0 0 0 
1 0 0 0 0 0 2 0 1 0 1 0 1 0 0 2 0 0 2 0 1 2 1 0 1 0 0 0 0 2 1 2 0 0 1 2 1 2 1 0 0 0 0 0 2 0 0 0 1 0 0 0 0 2 2 0 1 2 0 0 0 2 0 0 0 1 2 0 0 0 0 0 2 1 2 0 0 0 1 1 0 
17 16 16 0 0 0 2 0 1 16 17 16 1 0 0 2 0 0 18 16 17 2 1 0 1 0 0 0 0 2 1 2 0 32 33 34 1 2 1 0 0 0 32 32 34 0 0 0 1 0 0 32 32 34 2 0 1 2 0 0 0 2 0 0 0 1 2 0 0 0 0 0 2 1 2 0 0 0 1 1 0 
1
1 0 0 0 0 2 0 2 0 
1 0 0 0 0 0 2 0 1 0 1 0 1 0 0 2 0 0 2 0 1 2 1 0 1 0 0 0 0 2 1 2 0 0 1 2 1 2 1 0 0 0 0 0 2 0 0 0 1 0 0 0 0 2 2 0 1 2 0 0 0 2 0 0 0 1 2 0 0 0 0 0 2 1 2 2 0 0 1 1 0 
17 16 16 0 0 0 2 0 1 16 17 16 1 0 0 2 0 0 18 16 17 2 1 0 1 0 0 0 0 2 1 2 0 32 33 34 1 2 1 0 0 0 32 32 34 0 0 0 1 0 0 32 32 34 2 0 1 34 32 32 0 2 0 0 0 1 34 32 32 0 0 0 2 1 2 34 32 32 1 1 0 
1
1 0 0 0 0 2 0 2 0 
1 0 0 0 0 0 2 0 1 0 1 0 1 0 0 2 0 0 2 0 1 2 1 0 1 0 0 0 0 2 1 2 0 0 1 2 1 2 1 0 0 0 0 0 2 0 0 0 1 0 0 0 0 2 2 0 1 2 0 0 0 2 0 1 0 1 2 0 0 0 0 0 2 1 2 2 0 0 1 1 0 
17 16 16 0 0 0 2 0 1 16 17 16 1 0 0 2 0 0 18 16 17 2 1 0 1 0 0 0 0 2 1 2 0 32 33 34 1 2 1 0 0 0 32 32 34 0 0 0 1 0 0 32 32 34 2 0 1 34 32 32 0 2 0 1 0 1 34 32 32 0 0 0 2 1 2 34 32 32 1 1 0 
1
1 0 0 0 0 2 0 2 0 
1 0 0 0 0 0 2 0 1 0 1 0 1 0 0 2 0 0 2 0 1 2 1 0 1 0 0 0 2 2 1 2 0 0 1 2 1 2 1 0 0 0 0 0 2 0 0 0 1 0 0 0 0 2 2 0 1 2 0 0 0 2 0 1 0 1 2 0 0 0 0 0 2 1 2 2 0 0 1 1 0 
17 16 16 0 0 0 2 0 1 16 17 16 1 0 0 2 0 0 18 16 17 2 1 0 1 0 0 0 2 2 1 2 0 32 33 34 1 2 1 0 0 0 32 32 34 0 0 0 1 0 0 32 32 34 2 0 1 34 32 32 0 2 0 1 0 1 34 32 32 0 0 0 2 1 2 34 32 32 1 1 0 
1
1 0 0 0 0 2 0 2 0 
1 0 0 0 1 0 2 0 1 0 1 0 1 0 0 2 0 0 2 0 1 2 1 0 1 0 0 0 2 2 1 2 0 0 1 2 1 2 1 0 0 0 0 0 2 0 0 0 1 0 0 0 0 2 2 0 1 2 0 0 0 2 0 1 0 1 2 0 0 0 0 0 2 1 2 2 0 0 1 1 0 
17 16 16 0 1 0 2 0 1 16 17 16 1 0 0 2 0 0 18 16 17 2 1 0 1 0 0 0 2 2 1 2 0 32 33 34 1 2 1 0 0 0 32 32 34 0 0 0 1 0 0 32 32 34 2 0 1 34 32 32 0 2 0 1 0 1 34 32 32 0 0 0 2 1 2 34 32 32 1 1 0 
1
1 0 0 0 0 2 0 2 0 
1 0 0 0 1 0 2 0 1 0 1 0 1 0 0 2 0 0 2 0 1 2 1 2 1 0 0 0 2 2 1 2 0 0 1 2 1 2 1 0 0 0 0 0 2 0 0 0 1 0 0 0 0 2 2 0 1 2 0 0 0 2 0 1 0 1 2 0 0 0 0 0 2 1 2 2 0 0 1 1 0 
17 16 16 0 1 0 2 0 1 16 17 16 1 0 0 2 0 0 18 16 17 2 1 2 1 0 0 0 2 2 1 2 0 32 33 34 1 2 1 0 0 0 32 32 34 0 0 0 1 0 0 32 32 34 2 0 1 34 32 32 0 2 0 1 0 1 34 32 32 0 0 0 2 1 2 34 32 32 1 1 0 
1
1 0 0 0 0 2 0 2 1 
1 0 0 0 1 0 2 0 1 0 1 0 1 0 0 2 0 0 2 0 1 2 1 2 1 0 0 0 2 2 1 2 0 0 1 2 1 2 1 0 0 0 0 0 2 0 0 0 1 0 0 0 0 2 2 0 1 2 0 0 0 2 0 1 0 1 2 0 0 0 0 0 2 1 2 2 0 0 1 1 1 
17 16 16 0 1 0 2 0 1 16 17 16 1 0 0 2 0 0 18 16 17 2 1 2 1 0 0 0 2 2 1 2 0 32 33 34 1 2 1 0 0 0 32 32 34 0 0 0 1 0 0 32 32 34 2 0 1 34 32 32 16 18 16 1 0 1 34 32 32 16 16 16 2 1 2 34 32 32 17 17 17 
1
1 0 0 0 0 2 0 2 1 
1 0 0 0 1 0 2 0 1 0 1 0 1 0 0 2 0 0 2 0 1 2 1 2 1 0 0 0 2 2 1 2 0 0 1 2 1 2 1 2 0 0 0 0 2 0 0 0 1 0 0 0 0 2 2 0 1 2 0 0 0 2 0 1 0 1 2 0 0 0 0 0 2 1 2 2 0 0 1 1 1 
17 16 16 0 1 0 2 0 1 16 17 16 1 0 0 2 0 0 18 16 17 2 1 2 1 0 0 0 2 2 1 2 0 32 33 34 1 2 1 2 0 0 32 32 34 0 0 0 1 0 0 32 32 34 2 0 1 34 32 32 16 18 16 1 0 1 34 32 32 16 16 16 2 1 2 34 32 32 17 17 17 
1
1 0 0 0 0 2 0 2 1 
1 0 0 0 1 0 2 0 1 0 1 0 1 0 0 2 0 0 2 0 1 2 1 2 1 0 0 0 2 2 1 2 0 0 1 2 1 2 1 2 0 0 0 0 2 1 0 0 1 0 0 0 0 2 2 0 1 2 0 0 0 2 0 1 0 1 2 0 0 0 0 0 2 1 2 2 0 0 1 1 1 
17 16 16 0 1 0 2 0 1 16 17 16 1 0 0 2 0 0 18 16 17 2 1 2 1 0 0 0 2 2 1 2 0 32 33 34 1 2 1 2 0 0 32 32 34 1 0 0 1 0 0 32 32 34 2 0 1 34 32 32 16 18 16 1 0 1 34 32 32 16 16 16 2 1 2 34 32 32 17 17 17 
1
1 0 0 0 0 2 2 2 1 
1 0 0 0 1 0 2 0 1 0 1 0 1 0 0 2 0 0 2 0 1 2 1 2 1 0 0 0 2 2 1 2 0 0 1 2 1 2 1 2 0 0 0 0 2 1 0 0 1 0 0 0 0 2 2 0 1 2 0 0 0 2 0 1 2 1 2 0 0 0 0 0 2 1 2 2 0 0 1 1 1 
17 16 16 0 1 0 2 0 1 16 17 16 1 0 0 2 0 0 18 16 17 2 1 2 1 0 0 0 2 2 1 2 0 32 33 34 1 2 1 2 0 0 32 32 34 1 0 0 1 0 0 32 32 34 34 32 33 34 32 32 16 18 16 33 34 33 34 32 32 16 16 16 34 33 34 34 32 32 17 17 17 
1
1 0 0 0 0 2 2 2 1 
1 0 0 0 1 0 2 0 1 0 1 0 1 0 0 2 0 0 2 0 1 2 1 2 1 0 0 0 2 2 1 2 1 0 1 2 1 2 1 2 0 0 0 0 2 1 0 0 1 0 0 0 0 2 2 0 1 2 0 0 0 2 0 1 2 1 2 0 0 0 0 0 2 1 2 2 0 0 1 1 1 
17 16 16 0 1 0 2 0 1 16 17 16 1 0 0 2 0 0 18 16 17 2 1 2 1 0 0 0 2 2 1 2 1 32 33 34 1 2 1 2 0 0 32 32 34 1 0 0 1 0 0 32 32 34 34 32 33 34 32 32 16 18 16 33 34 33 34 32 32 16 16 16 34 33 34 34 32 32 17 17 17 
1
1 0 0 0 0 2 2 2 1 
1 0 0 0 1 0 2 2 1 0 1 0 1 0 0 2 0 0 2 0 1 2 1 2 1 0 0 0 2 2 1 2 1 0 1 2 1 2 1 2 0 0 0 0 2 1 0 0 1 0 0 0 0 2 2 0 1 2 0 0 0 2 0 1 2 1 2 0 0 0 0 0 2 1 2 2 0 0 1 1 1 
17 16 16 0 1 0 2 2 1 16 17 16 1 0 0 2 0 0 18 16 17 2 1 2 1 0 0 0 2 2 1 2 1 32 33 34 1 2 1 2 0 0 32 32 34 1 0 0 1 0 0 32 32 34 34 32 33 34 32 32 16 18 16 33 34 33 34 32 32 16 16 16 34 33 34 34 32 32 17 17 17 
1
1 0 0 0 0 2 2 2 1 
1 0 0 0 1 1 2 2 1 0 1 0 1 0 0 2 0 0 2 0 1 2 1 2 1 0 0 0 2 2 1 2 1 0 1 2 1 2 1 2 0 0 0 0 2 1 0 0 1 0 0 0 0 2 2 0 1 2 0 0 0 2 0 1 2 1 2 0 0 0 0 0 2 1 2 2 0 0 1 1 1 
17 16 16 0 1 1 2 2 1 16 17 16 1 0 0 2 0 0 18 16 17 2 1 2 1 0 0 0 2 2 1 2 1 32 33 34 1 2 1 2 0 0 32 32 34 1 0 0 1 0 0 32 32 34 34 32 33 34 32 32 16 18 16 33 34 33 34 32 32 16 16 16 34 33 34 34 32 32 17 17 17 
1
1 0 0 0 0 2 2 2 1 
1 0 0 0 1 1 2 2 1 0 1 0 1 0 0 2 2 0 2 0 1 2 1 2 1 0 0 0 2 2 1 2 1 0 1 2 1 2 1 2 0 0 0 0 2 1 0 0 1 0 0 0 0 2 2 0 1 2 0 0 0 2 0 1 2 1 2 0 0 0 0 0 2 1 2 2 0 0 1 1 1 
17 16 16 0 1 1 2 2 1 16 17 16 1 0 0 2 2 0 18 16 17 2 1 2 1 0 0 0 2 2 1 2 1 32 33 34 1 2 1 2 0 0 32 32 34 1 0 0 1 0 0 32 32 34 34 32 33 34 32 32 16 18 16 33 34 33 34 32 32 16 16 16 34 33 34 34 32 32 17 17 17 
1
1 0 0 0 1 2 2 2 1 
1 0 0 0 1 1 2 2 1 0 1 0 1 0 0 2 2 0 2 0 1 2 1 2 1 0 0 0 2 2 1 2 1 0 1 2 1 2 1 2 1 0 0 0 2 1 0 0 1 0 0 0 0 2 2 0 1 2 0 0 0 2 0 1 2 1 2 0 0 0 0 0 2 1 2 2 0 0 1 1 1 
17 16 16 0 1 1 2 2 1 16 17 16 1 0 0 2 2 0 18 16 17 2 1 2 1 0 0 0 2 2 17 18 17 32 33 34 1 2 1 18 17 16 32 32 34 1 0 0 17 16 16 32 32 34 34 32 33 34 32 32 16 18 16 33 34 33 34 32 32 16 16 16 34 33 34 34 32 32 17 17 17 
1
1 0 0 0 1 2 2 2 1 
1 0 0 0 1 1 2 2 1 0 1 0 1 0 0 2 2 0 2 0 1 2 1 2 1 0 0 0 2 2 1 2 1 0 1 2 1 2 1 2 1 0 0 0 2 1 0 0 1 0 0 0 0 2 2 0 1 2 0 0 0 2 0 1 2 1 2 0 0 0 0 0 2 1 2 2 0 0 1 1 1 
17 16 16 0 1 1 2 2 1 16 17 16 1 0 0 2 2 0 18 16 17 2 1 2 1 0 0 0 2 2 17 18 17 32 33 34 1 2 1 18 17 16 32 32 34 1 0 0 17 16 16 32 32 34 34 32 33 34 32 32 16 18 16 33 34 33 34 32 32 16 16 16 34 33 34 34 32 32 17 17 17 
1
