0 0 0 0 0 0 0 0 0 
0 0 0 0 0 0 0 0 1 0 0 0 0 0 0 0 0 0 0 0 0 0 0 0 0 0 0 0 0 0 0 0 0 0 0 0 0 0 0 0 0 0 0 0 0 0 0 0 0 0 0 0 0 0 0 0 0 0 0 0 0 0 0 0 0 0 0 0 0 0 0 0 0 0 0 0 0 0 0 0 0 
0 0 0 0 0 0 0 0 1 0 0 0 0 0 0 0 0 0 0 0 0 0 0 0 0 0 0 0 0 0 0 0 0 0 0 0 0 0 0 0 0 0 0 0 0 0 0 0 0 0 0 0 0 0 0 0 0 0 0 0 0 0 0 0 0 0 0 0 0 0 0 0 0 0 0 0 0 0 0 0 0 
1
0 0 0 0 0 0 0 0 0 
0 0 0 0 0 0 0 2 1 0 0 0 0 0 0 0 0 0 0 0 0 0 0 0 0 0 0 0 0 0 0 0 0 0 0 0 0 0 0 0 0 0 0 0 0 0 0 0 0 0 0 0 0 0 0 0 0 0 0 0 0 0 0 0 0 0 0 0 0 0 0 0 0 0 0 0 0 0 0 0 0 
0 0 0 0 0 0 0 2 1 0 0 0 0 0 0 0 0 0 0 0 0 0 0 0 0 0 0 0 0 0 0 0 0 0 0 0 0 0 0 0 0 0 0 0 0 0 0 0 0 0 0 0 0 0 0 0 0 0 0 0 0 0 0 0 0 0 0 0 0 0 0 0 0 0 0 0 0 0 0 0 0 
1
0 0 0 0 0 0 0 0 0 
0 0 0 0 0 0 0 2 1 0 0 0 0 0 1 0 0 0 0 0 0 0 0 0 0 0 0 0 0 0 0 0 0 0 0 0 0 0 0 0 0 0 0 0 0 0 0 0 0 0 0 0 0 0 0 0 0 0 0 0 0 0 0 0 0 0 0 0 0 0 0 0 0 0 0 0 0 0 0 0 0 
0 0 0 0 0 0 0 2 1 0 0 0 0 0 1 0 0 0 0 0 0 0 0 0 0 0 0 0 0 0 0 0 0 0 0 0 0 0 0 0 0 0 0 0 0 0 0 0 0 0 0 0 0 0 0 0 0 0 0 0 0 0 0 0 0 0 0 0 0 0 0 0 0 0 0 0 0 0 0 0 0 
1
0 0 0 0 0 0 0 0 0 
0 0 0 0 0 0 0 2 1 0 0 0 0 0 1 0 0 0 0 0 0 0 0 0 0 0 0 0 0 0 0 0 0 0 0 2 0 0 0 0 0 0 0 0 0 0 0 0 0 0 0 0 0 0 0 0 0 0 0 0 0 0 0 0 0 0 0 0 0 0 0 0 0 0 0 0 0 0 0 0 0 
0 0 0 0 0 0 0 2 1 0 0 0 0 0 1 0 0 0 0 0 0 0 0 0 0 0 0 0 0 0 0 0 0 0 0 2 0 0 0 0 0 0 0 0 0 0 0 0 0 0 0 0 0 0 0 0 0 0 0 0 0 0 0 0 0 0 0 0 0 0 0 0 0 0 0 0 0 0 0 0 0 
1
0 0 0 0 0 0 0 0 0 
0 0 0 0 0 0 0 2 1 0 0 0 0 0 1 0 1 0 0 0 0 0 0 0 0 0 0 0 0 0 0 0 0 0 0 2 0 0 0 0 0 0 0 0 0 0 0 0 0 0 0 0 0 0 0 0 0 0 0 0 0 0 0 0 0 0 0 0 0 0 0 0 0 0 0 0 0 0 0 0 0 
0 0 0 0 0 0 0 2 1 0 0 0 0 0 1 0 1 0 0 0 0 0 0 0 0 0 0 0 0 0 0 0 0 0 0 2 0 0 0 0 0 0 0 0 0 0 0 0 0 0 0 0 0 0 0 0 0 0 0 0 0 0 0 0 0 0 0 0 0 0 0 0 0 0 0 0 0 0 0 0 0 
1
0 0 0 0 0 0 0 0 0 
0 0 0 0 0 0 0 2 1 0 0 0 0 0 1 0 1 0 0 0 0 0 0 0 0 0 0 0 0 0 0 0 0 0 0 2 0 0 0 0 2 0 0 0 0 0 0 0 0 0 0 0 0 0 0 0 0 0 0 0 0 0 0 0 0 0 0 0 0 0 0 0 0 0 0 0 0 0 0 0 0 
0 0 0 0 0 0 0 2 1 0 0 0 0 0 1 0 1 0 0 0 0 0 0 0 0 0 0 0 0 0 0 0 0 0 0 2 0 0 0 0 2 0 0 0 0 0 0 0 0 0 0 0 0 0 0 0 0 0 0 0 0 0 0 0 0 0 0 0 0 0 0 0 0 0 0 0 0 0 0 0 0 
1
0 0 0 0 0 0 0 0 0 
0 0 0 0 0 0 0 2 1 0 0 0 0 0 1 0 1 0 0 0 0 0 0 0 0 0 0 0 0 0 0 0 1 0 0 2 0 0 0 0 2 0 0 0 0 0 0 0 0 0 0 0 0 0 0 0 0 0 0 0 0 0 0 0 0 0 0 0 0 0 0 0 0 0 0 0 0 0 0 0 0 
0 0 0 0 0 0 0 2 1 0 0 0 0 0 1 0 1 0 0 0 0 0 0 0 0 0 0 0 0 0 0 0 1 0 0 2 0 0 0 0 2 0 0 0 0 0 0 0 0 0 0 0 0 0 0 0 0 0 0 0 0 0 0 0 0 0 0 0 0 0 0 0 0 0 0 0 0 0 0 0 0 
1
0 0 0 0 0 0 0 0 0 
0 0 0 0 0 0 0 2 1 0 0 0 0 0 1 0 1 0 0 0 0 0 0 0 2 0 0 0 0 0 0 0 1 0 0 2 0 0 0 0 2 0 0 0 0 0 0 0 0 0 0 0 0 0 0 0 0 0 0 0 0 0 0 0 0 0 0 0 0 0 0 0 0 0 0 0 0 0 0 0 0 
0 0 0 0 0 0 0 2 1 0 0 0 0 0 1 0 1 0 0 0 0 0 0 0 2 0 0 0 0 0 0 0 1 0 0 2 0 0 0 0 2 0 0 0 0 0 0 0 0 0 0 0 0 0 0 0 0 0 0 0 0 0 0 0 0 0 0 0 0 0 0 0 0 0 0 0 0 0 0 0 0 
1
0 0 0 0 0 0 0 0 0 
0 0 0 0 0 0 0 2 1 0 0 0 0 0 1 0 1 0 0 0 0 0 0 0 2 0 0 0 0 0 0 0 1 0 0 2 0 0 0 0 2 0 0 0 0 0 0 0 0 0 0 0 0 0 0 0 0 0 0 0 0 0 0 0 0 0 0 0 0 0 0 0 0 0 1 0 0 0 0 0 0 
0 0 0 0 0 0 0 2 1 0 0 0 0 0 1 0 1 0 0 0 0 0 0 0 2 0 0 0 0 0 0 0 1 0 0 2 0 0 0 0 2 0 0 0 0 0 0 0 0 0 0 0 0 0 0 0 0 0 0 0 0 0 0 0 0 0 0 0 0 0 0 0 0 0 1 0 0 0 0 0 0 
1
0 0 0 0 0 0 0 0 0 
0 0 0 0 0 0 0 2 1 0 0 0 0 0 1 0 1 0 0 0 0 0 0 0 2 0 0 0 0 0 0 0 1 0 0 2 0 0 0 0 2 0 0 0 0 0 0 0 0 0 0 0 0 0 0 0 0 0 0 0 0 2 0 0 0 0 0 0 0 0 0 0 0 0 1 0 0 0 0 0 0 
0 0 0 0 0 0 0 2 1 0 0 0 0 0 1 0 1 0 0 0 0 0 0 0 2 0 0 0 0 0 0 0 1 0 0 2 0 0 0 0 2 0 0 0 0 0 0 0 0 0 0 0 0 0 0 0 0 0 0 0 0 2 0 0 0 0 0 0 0 0 0 0 0 0 1 0 0 0 0 0 0 
1
0 0 0 0 0 0 0 0 0 
0 0 0 0 1 0 0 2 1 0 0 0 0 0 1 0 1 0 0 0 0 0 0 0 2 0 0 0 0 0 0 0 1 0 0 2 0 0 0 0 2 0 0 0 0 0 0 0 0 0 0 0 0 0 0 0 0 0 0 0 0 2 0 0 0 0 0 0 0 0 0 0 0 0 1 0 0 0 0 0 0 
0 0 0 0 1 0 0 2 1 0 0 0 0 0 1 0 1 0 0 0 0 0 0 0 2 0 0 0 0 0 0 0 1 0 0 2 0 0 0 0 2 0 0 0 0 0 0 0 0 0 0 0 0 0 0 0 0 0 0 0 0 2 0 0 0 0 0 0 0 0 0 0 0 0 1 0 0 0 0 0 0 
1
0 0 0 0 0 0 0 0 0 
0 0 0 0 1 0 0 2 1 0 0 0 0 0 1 0 1 0 0 0 0 0 0 2 2 0 0 0 0 0 0 0 1 0 0 2 0 0 0 0 2 0 0 0 0 0 0 0 0 0 0 0 0 0 0 0 0 0 0 0 0 2 0 0 0 0 0 0 0 0 0 0 0 0 1 0 0 0 0 0 0 
0 0 0 0 1 0 0 2 1 0 0 0 0 0 1 0 1 0 0 0 0 0 0 2 2 0 0 0 0 0 0 0 1 0 0 2 0 0 0 0 2 0 0 0 0 0 0 0 0 0 0 0 0 0 0 0 0 0 0 0 0 2 0 0 0 0 0 0 0 0 0 0 0 0 1 0 0 0 0 0 0 
1
0 0 0 0 0 0 0 0 0 
0 0 0 0 1 0 0 2 1 0 0 0 0 0 1 0 1 0 0 0 0 0 0 2 2 0 0 0 0 0 0 0 1 0 0 2 0 0 0 0 2 0 0 0 0 0 0 0 0 0 0 0 0 0 0 0 0 0 0 0 0 2 0 0 0 0 0 0 0 0 0 0 0 0 1 0 0 0 0 1 0 
0 0 0 0 1 0 0 2 1 0 0 0 0 0 1 0 1 0 0 0 0 0 0 2 2 0 0 0 0 0 0 0 1 0 0 2 0 0 0 0 2 0 0 0 0 0 0 0 0 0 0 0 0 0 0 0 0 0 0 0 0 2 0 0 0 0 0 0 0 0 0 0 0 0 1 0 0 0 0 1 0 
1
0 0 0 0 0 0 0 0 0 
0 0 0 0 1 0 0 2 1 0 0 0 0 0 1 0 1 0 0 0 0 0 0 2 2 0 0 0 0 0 0 0 1 0 0 2 0 0 0 0 2 0 0 0 0 0 0 0 0 0 0 0 0 0 0 0 0 0 0 0 0 2 0 0 0 0 0 2 0 0 0 0 0 0 1 0 0 0 0 1 0 
0 0 0 0 1 0 0 2 1 0 0 0 0 0 1 0 1 0 0 0 0 0 0 2 2 0 0 0 0 0 0 0 1 0 0 2 0 0 0 0 2 0 0 0 0 0 0 0 0 0 0 0 0 0 0 0 0 0 0 0 0 2 0 0 0 0 0 2 0 0 0 0 0 0 1 0 0 0 0 1 0 
1
0 0 0 0 0 0 0 0 0 
0 0 0 0 1 0 0 2 1 0 0 0 0 0 1 0 1 0 0 0 0 0 0 2 2 0 0 0 0 0 1 0 1 0 0 2 0 0 0 0 2 0 0 0 0 0 0 0 0 0 0 0 0 0 0 0 0 0 0 0 0 2 0 0 0 0 0 2 0 0 0 0 0 0 1 0 0 0 0 1 0 
0 0 0 0 1 0 0 2 1 0 0 0 0 0 1 0 1 0 0 0 0 0 0 2 2 0 0 0 0 0 1 0 1 0 0 2 0 0 0 0 2 0 0 0 0 0 0 0 0 0 0 0 0 0 0 0 0 0 0 0 0 2 0 0 0 0 0 2 0 0 0 0 0 0 1 0 0 0 0 1 0 
1
0 0 0 0 0 0 0 0 0 
0 0 0 0 1 0 0 2 1 0 0 0 0 0 1 0 1 0 0 0 2 0 0 2 2 0 0 0 0 0 1 0 1 0 0 2 0 0 0 0 2 0 0 0 0 0 0 0 0 0 0 0 0 0 0 0 0 0 0 0 0 2 0 0 0 0 0 2 0 0 0 0 0 0 1 0 0 0 0 1 0 
0 0 0 0 1 0 0 2 1 0 0 0 0 0 1 0 1 0 0 0 2 0 0 2 2 0 0 0 0 0 1 0 1 0 0 2 0 0 0 0 2 0 0 0 0 0 0 0 0 0 0 0 0 0 0 0 0 0 0 0 0 2 0 0 0 0 0 2 0 0 0 0 0 0 1 0 0 0 0 1 0 
1
0 0 0 0 0 0 0 0 0 
0 0 0 0 1 0 0 2 1 0 0 0 0 0 1 0 1 0 0 0 2 0 0 2 2 0 0 0 0 0 1 0 1 0 0 2 0 0 0 0 2 0 0 0 0 0 0 0 0 0 0 0 0 0 0 0 0 0 0 0 0 2 0 0 0 0 0 2 0 0 0 0 0 0 1 0 0 0 0 1 1 
0 0 0 0 1 0 0 2 1 0 0 0 0 0 1 0 1 0 0 0 2 0 0 2 2 0 0 0 0 0 1 0 1 0 0 2 0 0 0 0 2 0 0 0 0 0 0 0 0 0 0 0 0 0 0 0 0 0 0 0 0 2 0 0 0 0 0 2 0 0 0 0 0 0 1 0 0 0 0 1 1 
1
0 0 0 0 0 0 0 0 0 
0 0 0 0 1 0 0 2 1 0 0 0 0 0 1 0 1 0 0 0 2 0 0 2 2 0 0 0 0 0 1 0 1 0 0 2 0 0 0 0 2 0 0 0 0 0 0 0 0 0 0 0 0 0 0 0 0 0 0 0 0 2 0 0 0 0 0 2 0 0 0 0 0 0 1 0 0 0 2 1 1 
0 0 0 0 1 0 0 2 1 0 0 0 0 0 1 0 1 0 0 0 2 0 0 2 2 0 0 0 0 0 1 0 1 0 0 2 0 0 0 0 2 0 0 0 0 0 0 0 0 0 0 0 0 0 0 0 0 0 0 0 0 2 0 0 0 0 0 2 0 0 0 0 0 0 1 0 0 0 2 1 1 
1
0 0 0 0 0 0 0 0 0 
0 0 0 0 1 0 0 2 1 0 0 0 0 0 1 0 1 0 0 0 2 0 0 2 2 0 0 0 0 0 1 0 1 0 0 2 0 0 0 0 2 0 0 0 0 0 0 0 0 0 0 0 0 0 0 0 0 0 0 0 0 2 0 0 0 0 0 2 0 0 0 0 1 0 1 0 0 0 2 1 1 
0 0 0 0 1 0 0 2 1 0 0 0 0 0 1 0 1 0 0 0 2 0 0 2 2 0 0 0 0 0 1 0 1 0 0 2 0 0 0 0 2 0 0 0 0 0 0 0 0 0 0 0 0 0 0 0 0 0 0 0 0 2 0 0 0 0 0 2 0 0 0 0 1 0 1 0 0 0 2 1 1 
1
0 0 0 0 0 0 0 0 0 
0 0 0 0 1 0 0 2 1 0 0 0 0 0 1 0 1 0 0 0 2 0 0 2 2 0 0 0 0 0 1 0 1 0 0 2 0 0 0 0 2 0 0 0 0 0 0 0 0 0 0 0 0 0 0 0 0 0 0 0 0 2 0 0 0 0 0 2 0 0 0 0 1 2 1 0 0 0 2 1 1 
0 0 0 0 1 0 0 2 1 0 0 0 0 0 1 0 1 0 0 0 2 0 0 2 2 0 0 0 0 0 1 0 1 0 0 2 0 0 0 0 2 0 0 0 0 0 0 0 0 0 0 0 0 0 0 0 0 0 0 0 0 2 0 0 0 0 0 2 0 0 0 0 1 2 1 0 0 0 2 1 1 
1
0 0 0 0 0 0 0 0 0 
0 0 0 0 1 0 0 2 1 0 0 0 0 0 1 0 1 0 0 0 2 0 0 2 2 0 0 0 0 0 1 0 1 0 0 2 0 0 0 0 2 0 0 0 0 0 0 0 0 0 0 0 0 0 0 0 0 0 1 0 0 2 0 0 0 0 0 2 0 0 0 0 1 2 1 0 0 0 2 1 1 
0 0 0 0 1 0 0 2 1 0 0 0 0 0 1 0 1 0 0 0 2 0 0 2 2 0 0 0 0 0 1 0 1 0 0 2 0 0 0 0 2 0 0 0 0 0 0 0 0 0 0 0 0 0 0 0 0 0 1 0 0 2 0 0 0 0 0 2 0 0 0 0 1 2 1 0 0 0 2 1 1 
1
0 0 0 0 0 0 0 0 0 
0 0 0 0 1 0 0 2 1 0 0 0 0 0 1 0 1 0 0 0 2 0 2 2 2 0 0 0 0 0 1 0 1 0 0 2 0 0 0 0 2 0 0 0 0 0 0 0 0 0 0 0 0 0 0 0 0 0 1 0 0 2 0 0 0 0 0 2 0 0 0 0 1 2 1 0 0 0 2 1 1 
0 0 0 0 1 0 0 2 1 0 0 0 0 0 1 0 1 0 0 0 2 0 2 2 2 0 0 0 0 0 1 0 1 0 0 2 0 0 0 0 2 0 0 0 0 0 0 0 0 0 0 0 0 0 0 0 0 0 1 0 0 2 0 0 0 0 0 2 0 0 0 0 1 2 1 0 0 0 2 1 1 
1
0 0 0 0 0 0 0 0 0 
0 0 0 0 1 0 0 2 1 0 0 0 0 0 1 0 1 0 0 0 2 0 2 2 2 0 0 0 0 0 1 0 1 0 0 2 0 0 0 0 2 0 0 0 0 0 0 0 0 0 0 0 0 0 0 0 0 1 1 0 0 2 0 0 0 0 0 2 0 0 0 0 1 2 1 0 0 0 2 1 1 
0 0 0 0 1 0 0 2 1 0 0 0 0 0 1 0 1 0 0 0 2 0 2 2 2 0 0 0 0 0 1 0 1 0 0 2 0 0 0 0 2 0 0 0 0 0 0 0 0 0 0 0 0 0 0 0 0 1 1 0 0 2 0 0 0 0 0 2 0 0 0 0 1 2 1 0 0 0 2 1 1 
1
0 0 0 0 0 0 0 0 0 
2 0 0 0 1 0 0 2 1 0 0 0 0 0 1 0 1 0 0 0 2 0 2 2 2 0 0 0 0 0 1 0 1 0 0 2 0 0 0 0 2 0 0 0 0 0 0 0 0 0 0 0 0 0 0 0 0 1 1 0 0 2 0 0 0 0 0 2 0 0 0 0 1 2 1 0 0 0 2 1 1 
2 0 0 0 1 0 0 2 1 0 0 0 0 0 1 0 1 0 0 0 2 0 2 2 2 0 0 0 0 0 1 0 1 0 0 2 0 0 0 0 2 0 0 0 0 0 0 0 0 0 0 0 0 0 0 0 0 1 1 0 0 2 0 0 0 0 0 2 0 0 0 0 1 2 1 0 0 0 2 1 1 
1
0 0 0 0 0 0 0 0 0 
2 0 0 0 1 0 0 2 1 0 1 0 0 0 1 0 1 0 0 0 2 0 2 2 2 0 0 0 0 0 1 0 1 0 0 2 0 0 0 0 2 0 0 0 0 0 0 0 0 0 0 0 0 0 0 0 0 1 1 0 0 2 0 0 0 0 0 2 0 0 0 0 1 2 1 0 0 0 2 1 1 
2 0 0 0 1 0 0 2 1 0 1 0 0 0 1 0 1 0 0 0 2 0 2 2 2 0 0 0 0 0 1 0 1 0 0 2 0 0 0 0 2 0 0 0 0 0 0 0 0 0 0 0 0 0 0 0 0 1 1 0 0 2 0 0 0 0 0 2 0 0 0 0 1 2 1 0 0 0 2 1 1 
1
0 0 0 0 0 0 0 0 0 
2 0 0 0 1 0 0 2 1 0 1 0 0 0 1 0 1 0 0 0 2 0 2 2 2 0 0 0 0 0 1 2 1 0 0 2 0 0 0 0 2 0 0 0 0 0 0 0 0 0 0 0 0 0 0 0 0 1 1 0 0 2 0 0 0 0 0 2 0 0 0 0 1 2 1 0 0 0 2 1 1 
2 0 0 0 1 0 0 2 1 0 1 0 0 0 1 0 1 0 0 0 2 0 2 2 2 0 0 0 0 0 1 2 1 0 0 2 0 0 0 0 2 0 0 0 0 0 0 0 0 0 0 0 0 0 0 0 0 1 1 0 0 2 0 0 0 0 0 2 0 0 0 0 1 2 1 0 0 0 2 1 1 
1
0 0 0 0 0 0 0 0 0 
2 0 0 0 1 0 0 2 1 0 1 0 1 0 1 0 1 0 0 0 2 0 2 2 2 0 0 0 0 0 1 2 1 0 0 2 0 0 0 0 2 0 0 0 0 0 0 0 0 0 0 0 0 0 0 0 0 1 1 0 0 2 0 0 0 0 0 2 0 0 0 0 1 2 1 0 0 0 2 1 1 
2 0 0 0 1 0 0 2 1 0 1 0 1 0 1 0 1 0 0 0 2 0 2 2 2 0 0 0 0 0 1 2 1 0 0 2 0 0 0 0 2 0 0 0 0 0 0 0 0 0 0 0 0 0 0 0 0 1 1 0 0 2 0 0 0 0 0 2 0 0 0 0 1 2 1 0 0 0 2 1 1 
1
0 0 0 0 0 0 0 0 0 
2 0 0 0 1 0 0 2 1 0 1 0 1 0 1 0 1 0 0 0 2 0 2 2 2 0 0 0 2 0 1 2 1 0 0 2 0 0 0 0 2 0 0 0 0 0 0 0 0 0 0 0 0 0 0 0 0 1 1 0 0 2 0 0 0 0 0 2 0 0 0 0 1 2 1 0 0 0 2 1 1 
2 0 0 0 1 0 0 2 1 0 1 0 1 0 1 0 1 0 0 0 2 0 2 2 2 0 0 0 2 0 1 2 1 0 0 2 0 0 0 0 2 0 0 0 0 0 0 0 0 0 0 0 0 0 0 0 0 1 1 0 0 2 0 0 0 0 0 2 0 0 0 0 1 2 1 0 0 0 2 1 1 
1
0 1 0 0 0 0 0 0 0 
2 0 0 0 1 0 0 2 1 0 1 0 1 1 1 0 1 0 0 0 2 0 2 2 2 0 0 0 2 0 1 2 1 0 0 2 0 0 0 0 2 0 0 0 0 0 0 0 0 0 0 0 0 0 0 0 0 1 1 0 0 2 0 0 0 0 0 2 0 0 0 0 1 2 1 0 0 0 2 1 1 
2 0 0 16 17 16 0 2 1 0 1 0 17 17 17 0 1 0 0 0 2 16 18 18 2 0 0 0 2 0 1 2 1 0 0 2 0 0 0 0 2 0 0 0 0 0 0 0 0 0 0 0 0 0 0 0 0 1 1 0 0 2 0 0 0 0 0 2 0 0 0 0 1 2 1 0 0 0 2 1 1 
1
0 1 0 0 2 0 0 0 0 
2 0 0 0 1 0 0 2 1 0 1 0 1 1 1 0 1 0 0 0 2 0 2 2 2 0 0 0 2 0 1 2 1 0 0 2 0 0 0 0 2 0 0 0 0 0 0 0 0 2 0 0 0 0 0 0 0 1 1 0 0 2 0 0 0 0 0 2 0 0 0 0 1 2 1 0 0 0 2 1 1 
2 0 0 16 17 16 0 2 1 0 1 0 17 17 17 0 1 0 0 0 2 16 18 18 2 0 0 0 2 0 33 34 33 0 0 2 0 0 0 32 34 32 0 0 0 0 0 0 32 34 32 0 0 0 0 0 0 1 1 0 0 2 0 0 0 0 0 2 0 0 0 0 1 2 1 0 0 0 2 1 1 
1
0 1 0 0 2 0 0 0 0 
2 0 0 0 1 0 0 2 1 0 1 0 1 1 1 0 1 0 0 0 2 0 2 2 2 0 0 0 2 0 1 2 1 0 0 2 0 0 0 0 2 0 0 0 0 0 0 0 0 2 0 0 0 0 0 0 0 1 1 0 0 2 0 0 0 0 0 2 0 0 0 0 1 2 1 1 0 0 2 1 1 
2 0 0 16 17 16 0 2 1 0 1 0 17 17 17 0 1 0 0 0 2 16 18 18 2 0 0 0 2 0 33 34 33 0 0 2 0 0 0 32 34 32 0 0 0 0 0 0 32 34 32 0 0 0 0 0 0 1 1 0 0 2 0 0 0 0 0 2 0 0 0 0 1 2 1 1 0 0 2 1 1 
1
0 1 0 0 2 0 0 0 0 
2 0 0 0 1 0 0 2 1 0 1 0 1 1 1 0 1 0 0 0 2 0 2 2 2 0 0 0 2 0 1 2 1 0 0 2 0 0 0 0 2 0 0 0 0 0 0 0 0 2 0 0 0 0 0 0 2 1 1 0 0 2 0 0 0 0 0 2 0 0 0 0 1 2 1 1 0 0 2 1 1 
2 0 0 16 17 16 0 2 1 0 1 0 17 17 17 0 1 0 0 0 2 16 18 18 2 0 0 0 2 0 33 34 33 0 0 2 0 0 0 32 34 32 0 0 0 0 0 0 32 34 32 0 0 0 0 0 2 1 1 0 0 2 0 0 0 0 0 2 0 0 0 0 1 2 1 1 0 0 2 1 1 
1
0 1 0 0 2 0 0 0 0 
2 0 0 0 1 0 0 2 1 0 1 0 1 1 1 0 1 0 0 0 2 0 2 2 2 0 1 0 2 0 1 2 1 0 0 2 0 0 0 0 2 0 0 0 0 0 0 0 0 2 0 0 0 0 0 0 2 1 1 0 0 2 0 0 0 0 0 2 0 0 0 0 1 2 1 1 0 0 2 1 1 
2 0 0 16 17 16 0 2 1 0 1 0 17 17 17 0 1 0 0 0 2 16 18 18 2 0 1 0 2 0 33 34 33 0 0 2 0 0 0 32 34 32 0 0 0 0 0 0 32 34 32 0 0 0 0 0 2 1 1 0 0 2 0 0 0 0 0 2 0 0 0 0 1 2 1 1 0 0 2 1 1 
1
0 1 0 0 2 0 0 0 0 
2 0 0 0 1 0 0 2 1 0 1 0 1 1 1 0 1 0 0 0 2 0 2 2 2 0 1 0 2 0 1 2 1 0 0 2 0 0 0 0 2 0 0 0 0 0 0 0 0 2 0 0 0 0 0 0 2 1 1 0 0 2 2 0 0 0 0 2 0 0 0 0 1 2 1 1 0 0 2 1 1 
2 0 0 16 17 16 0 2 1 0 1 0 17 17 17 0 1 0 0 0 2 16 18 18 2 0 1 0 2 0 33 34 33 0 0 2 0 0 0 32 34 32 0 0 0 0 0 0 32 34 32 0 0 0 0 0 2 1 1 0 0 2 2 0 0 0 0 2 0 0 0 0 1 2 1 1 0 0 2 1 1 
1
0 1 1 0 2 0 0 0 0 
2 0 0 0 1 0 0 2 1 0 1 0 1 1 1 0 1 1 0 0 2 0 2 2 2 0 1 0 2 0 1 2 1 0 0 2 0 0 0 0 2 0 0 0 0 0 0 0 0 2 0 0 0 0 0 0 2 1 1 0 0 2 2 0 0 0 0 2 0 0 0 0 1 2 1 1 0 0 2 1 1 
2 0 0 16 17 16 16 18 17 0 1 0 17 17 17 16 17 17 0 0 2 16 18 18 18 16 17 0 2 0 33 34 33 0 0 2 0 0 0 32 34 32 0 0 0 0 0 0 32 34 32 0 0 0 0 0 2 1 1 0 0 2 2 0 0 0 0 2 0 0 0 0 1 2 1 1 0 0 2 1 1 
1
0 1 1 0 2 0 0 0 0 
2 0 0 0 1 0 0 2 1 0 1 0 1 1 1 0 1 1 0 0 2 0 2 2 2 0 1 0 2 0 1 2 1 0 0 2 0 0 0 0 2 0 0 0 2 0 0 0 0 2 0 0 0 0 0 0 2 1 1 0 0 2 2 0 0 0 0 2 0 0 0 0 1 2 1 1 0 0 2 1 1 
2 0 0 16 17 16 16 18 17 0 1 0 17 17 17 16 17 17 0 0 2 16 18 18 18 16 17 0 2 0 33 34 33 0 0 2 0 0 0 32 34 32 0 0 2 0 0 0 32 34 32 0 0 0 0 0 2 1 1 0 0 2 2 0 0 0 0 2 0 0 0 0 1 2 1 1 0 0 2 1 1 
1
0 1 1 0 2 0 0 0 0 
2 0 0 0 1 0 0 2 1 0 1 0 1 1 1 0 1 1 0 0 2 0 2 2 2 0 1 0 2 0 1 2 1 0 0 2 0 0 0 0 2 0 0 0 2 0 0 0 0 2 0 1 0 0 0 0 2 1 1 0 0 2 2 0 0 0 0 2 0 0 0 0 1 2 1 1 0 0 2 1 1 
2 0 0 16 17 16 16 18 17 0 1 0 17 17 17 16 17 17 0 0 2 16 18 18 18 16 17 0 2 0 33 34 33 0 0 2 0 0 0 32 34 32 0 0 2 0 0 0 32 34 32 1 0 0 0 0 2 1 1 0 0 2 2 0 0 0 0 2 0 0 0 0 1 2 1 1 0 0 2 1 1 
1
0 1 1 0 2 0 0 0 0 
2 0 0 0 1 0 0 2 1 0 1 0 1 1 1 0 1 1 0 0 2 0 2 2 2 0 1 0 2 0 1 2 1 0 0 2 0 0 0 0 2 0 0 0 2 0 0 0 0 2 0 1 0 0 0 0 2 1 1 0 0 2 2 0 0 2 0 2 0 0 0 0 1 2 1 1 0 0 2 1 1 
2 0 0 16 17 16 16 18 17 0 1 0 17 17 17 16 17 17 0 0 2 16 18 18 18 16 17 0 2 0 33 34 33 0 0 2 0 0 0 32 34 32 0 0 2 0 0 0 32 34 32 1 0 0 0 0 2 1 1 0 0 2 2 0 0 2 0 2 0 0 0 0 1 2 1 1 0 0 2 1 1 
1
0 1 1 0 2 0 0 0 0 
2 0 0 0 1 0 0 2 1 0 1 0 1 1 1 0 1 1 0 0 2 0 2 2 2 0 1 0 2 0 1 2 1 0 0 2 0 0 0 0 2 0 0 0 2 0 0 0 0 2 0 1 0 1 0 0 2 1 1 0 0 2 2 0 0 2 0 2 0 0 0 0 1 2 1 1 0 0 2 1 1 
2 0 0 16 17 16 16 18 17 0 1 0 17 17 17 16 17 17 0 0 2 16 18 18 18 16 17 0 2 0 33 34 33 0 0 2 0 0 0 32 34 32 0 0 2 0 0 0 32 34 32 1 0 1 0 0 2 1 1 0 0 2 2 0 0 2 0 2 0 0 0 0 1 2 1 1 0 0 2 1 1 
1
0 1 1 0 2 0 0 0 0 
2 0 0 0 1 0 0 2 1 0 1 0 1 1 1 0 1 1 0 0 2 0 2 2 2 0 1 0 2 0 1 2 1 0 0 2 0 0 0 0 2 0 0 0 2 0 0 0 0 2 0 1 0 1 0 0 2 1 1 0 0 2 2 0 0 2 0 2 0 0 0 2 1 2 1 1 0 0 2 1 1 
2 0 0 16 17 16 16 18 17 0 1 0 17 17 17 16 17 17 0 0 2 16 18 18 18 16 17 0 2 0 33 34 33 0 0 2 0 0 0 32 34 32 0 0 2 0 0 0 32 34 32 1 0 1 0 0 2 1 1 0 0 2 2 0 0 2 0 2 0 0 0 2 1 2 1 1 0 0 2 1 1 
1
0 1 1 0 2 1 0 0 0 
2 0 0 0 1 0 0 2 1 0 1 0 1 1 1 0 1 1 0 0 2 0 2 2 2 0 1 0 2 0 1 2 1 0 0 2 0 0 0 0 2 0 0 0 2 0 0 0 0 2 0 1 1 1 0 0 2 1 1 0 0 2 2 0 0 2 0 2 0 0 0 2 1 2 1 1 0 0 2 1 1 
2 0 0 16 17 16 16 18 17 0 1 0 17 17 17 16 17 17 0 0 2 16 18 18 18 16 17 0 2 0 33 34 33 16 16 18 0 0 0 32 34 32 16 16 18 0 0 0 32 34 32 17 17 17 0 0 2 1 1 0 0 2 2 0 0 2 0 2 0 0 0 2 1 2 1 1 0 0 2 1 1 
1
0 1 1 0 2 1 0 0 0 
2 0 0 0 1 0 0 2 1 0 1 0 1 1 1 0 1 1 0 0 2 0 2 2 2 0 1 0 2 0 1 2 1 0 0 2 0 0 0 0 2 0 0 0 2 0 0 0 0 2 0 1 1 1 0 0 2 1 1 0 0 2 2 0 0 2 0 2 0 0 0 2 1 2 1 1 0 2 2 1 1 
2 0 0 16 17 16 16 18 17 0 1 0 17 17 17 16 17 17 0 0 2 16 18 18 18 16 17 0 2 0 33 34 33 16 16 18 0 0 0 32 34 32 16 16 18 0 0 0 32 34 32 17 17 17 0 0 2 1 1 0 0 2 2 0 0 2 0 2 0 0 0 2 1 2 1 1 0 2 2 1 1 
1
0 1 1 0 2 1 0 0 0 
2 0 0 0 1 0 0 2 1 0 1 0 1 1 1 0 1 1 0 0 2 0 2 2 2 0 1 0 2 0 1 2 1 0 0 2 0 0 0 0 2 0 0 0 2 0 0 0 0 2 0 1 1 1 0 0 2 1 1 0 0 2 2 0 0 2 0 2 0 0 1 2 1 2 1 1 0 2 2 1 1 
2 0 0 16 17 16 16 18 17 0 1 0 17 17 17 16 17 17 0 0 2 16 18 18 18 16 17 0 2 0 33 34 33 16 16 18 0 0 0 32 34 32 16 16 18 0 0 0 32 34 32 17 17 17 0 0 2 1 1 0 0 2 2 0 0 2 0 2 0 0 1 2 1 2 1 1 0 2 2 1 1 
1
0 1 1 0 2 1 0 0 0 
2 0 0 0 1 0 0 2 1 0 1 0 1 1 1 0 1 1 0 0 2 0 2 2 2 0 1 0 2 0 1 2 1 0 0 2 2 0 0 0 2 0 0 0 2 0 0 0 0 2 0 1 1 1 0 0 2 1 1 0 0 2 2 0 0 2 0 2 0 0 1 2 1 2 1 1 0 2 2 1 1 
2 0 0 16 17 16 16 18 17 0 1 0 17 17 17 16 17 17 0 0 2 16 18 18 18 16 17 0 2 0 33 34 33 16 16 18 2 0 0 32 34 32 16 16 18 0 0 0 32 34 32 17 17 17 0 0 2 1 1 0 0 2 2 0 0 2 0 2 0 0 1 2 1 2 1 1 0 2 2 1 1 
1
0 1 1 0 2 1 0 0 0 
2 0 0 0 1 0 0 2 1 0 1 0 1 1 1 0 1 1 0 0 2 0 2 2 2 0 1 0 2 0 1 2 1 0 0 2 2 0 0 0 2 0 0 0 2 1 0 0 0 2 0 1 1 1 0 0 2 1 1 0 0 2 2 0 0 2 0 2 0 0 1 2 1 2 1 1 0 2 2 1 1 
2 0 0 16 17 16 16 18 17 0 1 0 17 17 17 16 17 17 0 0 2 16 18 18 18 16 17 0 2 0 33 34 33 16 16 18 2 0 0 32 34 32 16 16 18 1 0 0 32 34 32 17 17 17 0 0 2 1 1 0 0 2 2 0 0 2 0 2 0 0 1 2 1 2 1 1 0 2 2 1 1 
1
0 1 1 0 2 1 0 0 0 
2 0 0 0 1 0 0 2 1 0 1 0 1 1 1 0 1 1 0 0 2 0 2 2 2 0 1 0 2 0 1 2 1 0 0 2 2 0 0 0 2 0 0 0 2 1 0 0 0 2 0 1 1 1 0 0 2 1 1 0 0 2 2 2 0 2 0 2 0 0 1 2 1 2 1 1 0 2 2 1 1 
2 0 0 16 17 16 16 18 17 0 1 0 17 17 17 16 17 17 0 0 2 16 18 18 18 16 17 0 2 0 33 34 33 16 16 18 2 0 0 32 34 32 16 16 18 1 0 0 32 34 32 17 17 17 0 0 2 1 1 0 0 2 2 2 0 2 0 2 0 0 1 2 1 2 1 1 0 2 2 1 1 
1
0 1 1 0 2 1 0 0 0 
2 0 0 0 1 0 0 2 1 0 1 0 1 1 1 0 1 1 0 0 2 0 2 2 2 0 1 0 2 0 1 2 1 0 0 2 2 0 0 0 2 0 0 0 2 1 1 0 0 2 0 1 1 1 0 0 2 1 1 0 0 2 2 2 0 2 0 2 0 0 1 2 1 2 1 1 0 2 2 1 1 
2 0 0 16 17 16 16 18 17 0 1 0 17 17 17 16 17 17 0 0 2 16 18 18 18 16 17 0 2 0 33 34 33 16 16 18 2 0 0 32 34 32 16 16 18 1 1 0 32 34 32 17 17 17 0 0 2 1 1 0 0 2 2 2 0 2 0 2 0 0 1 2 1 2 1 1 0 2 2 1 1 
1
0 1 1 0 2 1 0 0 0 
2 0 0 0 1 0 0 2 1 0 1 0 1 1 1 0 1 1 0 0 2 0 2 2 2 0 1 0 2 0 1 2 1 0 0 2 2 0 0 0 2 0 0 0 2 1 1 0 0 2 0 1 1 1 0 0 2 1 1 0 0 2 2 2 0 2 2 2 0 0 1 2 1 2 1 1 0 2 2 1 1 
2 0 0 16 17 16 16 18 17 0 1 0 17 17 17 16 17 17 0 0 2 16 18 18 18 16 17 0 2 0 33 34 33 16 16 18 2 0 0 32 34 32 16 16 18 1 1 0 32 34 32 17 17 17 0 0 2 1 1 0 0 2 2 2 0 2 2 2 0 0 1 2 1 2 1 1 0 2 2 1 1 
1
0 1 1 1 2 1 0 0 0 
2 0 0 0 1 0 0 2 1 0 1 0 1 1 1 0 1 1 0 0 2 0 2 2 2 0 1 0 2 0 1 2 1 0 0 2 2 0 0 0 2 0 0 0 2 1 1 1 0 2 0 1 1 1 0 0 2 1 1 0 0 2 2 2 0 2 2 2 0 0 1 2 1 2 1 1 0 2 2 1 1 
2 0 0 16 17 16 16 18 17 0 1 0 17 17 17 16 17 17 0 0 2 16 18 18 18 16 17 16 18 16 33 34 33 16 16 18 18 16 16 32 34 32 16 16 18 17 17 17 32 34 32 17 17 17 0 0 2 1 1 0 0 2 2 2 0 2 2 2 0 0 1 2 1 2 1 1 0 2 2 1 1 
1
0 1 1 1 2 1 0 0 2 
2 0 0 0 1 0 0 2 1 0 1 0 1 1 1 0 1 1 0 0 2 0 2 2 2 0 1 0 2 0 1 2 1 0 0 2 2 0 0 0 2 0 0 0 2 1 1 1 0 2 0 1 1 1 0 0 2 1 1 0 2 2 2 2 0 2 2 2 0 0 1 2 1 2 1 1 0 2 2 1 1 
2 0 0 16 17 16 16 18 17 0 1 0 17 17 17 16 17 17 0 0 2 16 18 18 18 16 17 16 18 16 33 34 33 16 16 18 18 16 16 32 34 32 16 16 18 17 17 17 32 34 32 17 17 17 0 0 2 1 1 0 34 34 34 2 0 2 2 2 0 32 33 34 1 2 1 1 0 2 34 33 33 
1
0 1 1 1 2 1 0 0 2 
2 0 0 0 1 0 0 2 1 0 1 0 1 1 1 0 1 1 1 0 2 0 2 2 2 0 1 0 2 0 1 2 1 0 0 2 2 0 0 0 2 0 0 0 2 1 1 1 0 2 0 1 1 1 0 0 2 1 1 0 2 2 2 2 0 2 2 2 0 0 1 2 1 2 1 1 0 2 2 1 1 
2 0 0 16 17 16 16 18 17 0 1 0 17 17 17 16 17 17 1 0 2 16 18 18 18 16 17 16 18 16 33 34 33 16 16 18 18 16 16 32 34 32 16 16 18 17 17 17 32 34 32 17 17 17 0 0 2 1 1 0 34 34 34 2 0 2 2 2 0 32 33 34 1 2 1 1 0 2 34 33 33 
1
0 1 1 1 2 1 0 0 2 
2 0 0 0 1 0 0 2 1 0 1 0 1 1 1 0 1 1 1 0 2 0 2 2 2 0 1 0 2 0 1 2 1 0 0 2 2 0 0 0 2 0 0 0 2 1 1 1 0 2 0 1 1 1 0 2 2 1 1 0 2 2 2 2 0 2 2 2 0 0 1 2 1 2 1 1 0 2 2 1 1 
2 0 0 16 17 16 16 18 17 0 1 0 17 17 17 16 17 17 1 0 2 16 18 18 18 16 17 16 18 16 33 34 33 16 16 18 18 16 16 32 34 32 16 16 18 17 17 17 32 34 32 17 17 17 0 2 2 1 1 0 34 34 34 2 0 2 2 2 0 32 33 34 1 2 1 1 0 2 34 33 33 
1
1 1 1 1 2 1 0 0 2 
2 0 1 0 1 0 0 2 1 0 1 0 1 1 1 0 1 1 1 0 2 0 2 2 2 0 1 0 2 0 1 2 1 0 0 2 2 0 0 0 2 0 0 0 2 1 1 1 0 2 0 1 1 1 0 2 2 1 1 0 2 2 2 2 0 2 2 2 0 0 1 2 1 2 1 1 0 2 2 1 1 
18 16 17 16 17 16 16 18 17 16 17 16 17 17 17 16 17 17 17 16 18 16 18 18 18 16 17 16 18 16 33 34 33 16 16 18 18 16 16 32 34 32 16 16 18 17 17 17 32 34 32 17 17 17 0 2 2 1 1 0 34 34 34 2 0 2 2 2 0 32 33 34 1 2 1 1 0 2 34 33 33 
1
1 1 1 1 2 1 0 0 2 
2 0 1 0 1 0 0 2 1 0 1 0 1 1 1 0 1 1 1 0 2 0 2 2 2 0 1 0 2 0 1 2 1 0 0 2 2 0 0 0 2 0 0 0 2 1 1 1 0 2 0 1 1 1 0 2 2 1 1 0 2 2 2 2 0 2 2 2 0 0 1 2 1 2 1 1 0 2 2 1 1 
18 16 17 16 17 16 16 18 17 16 17 16 17 17 17 16 17 17 17 16 18 16 18 18 18 16 17 16 18 16 33 34 33 16 16 18 18 16 16 32 34 32 16 16 18 17 17 17 32 34 32 17 17 17 0 2 2 1 1 0 34 34 34 2 0 2 2 2 0 32 33 34 1 2 1 1 0 2 34 33 33 
1
