0 0 0 0 0 0 0 0 0 
0 0 0 0 0 0 0 0 0 0 0 0 0 0 0 0 0 0 0 0 0 0 0 0 0 0 0 0 0 0 0 1 0 0 0 0 0 0 0 0 0 0 0 0 0 0 0 0 0 0 0 0 0 0 0 0 0 0 0 0 0 0 0 0 0 0 0 0 0 0 0 0 0 0 0 0 0 0 0 0 0 
0 0 0 0 0 0 0 0 0 0 0 0 0 0 0 0 0 0 0 0 0 0 0 0 0 0 0 0 0 0 0 1 0 0 0 0 0 0 0 0 0 0 0 0 0 0 0 0 0 0 0 0 0 0 0 0 0 0 0 0 0 0 0 0 0 0 0 0 0 0 0 0 0 0 0 0 0 0 0 0 0 
1
0 0 0 0 0 0 0 0 0 
0 0 0 0 0 2 0 0 0 0 0 0 0 0 0 0 0 0 0 0 0 0 0 0 0 0 0 0 0 0 0 1 0 0 0 0 0 0 0 0 0 0 0 0 0 0 0 0 0 0 0 0 0 0 0 0 0 0 0 0 0 0 0 0 0 0 0 0 0 0 0 0 0 0 0 0 0 0 0 0 0 
0 0 0 0 0 2 0 0 0 0 0 0 0 0 0 0 0 0 0 0 0 0 0 0 0 0 0 0 0 0 0 1 0 0 0 0 0 0 0 0 0 0 0 0 0 0 0 0 0 0 0 0 0 0 0 0 0 0 0 0 0 0 0 0 0 0 0 0 0 0 0 0 0 0 0 0 0 0 0 0 0 
1
0 0 0 0 0 0 0 0 0 
0 0 0 0 0 2 1 0 0 0 0 0 0 0 0 0 0 0 0 0 0 0 0 0 0 0 0 0 0 0 0 1 0 0 0 0 0 0 0 0 0 0 0 0 0 0 0 0 0 0 0 0 0 0 0 0 0 0 0 0 0 0 0 0 0 0 0 0 0 0 0 0 0 0 0 0 0 0 0 0 0 
0 0 0 0 0 2 1 0 0 0 0 0 0 0 0 0 0 0 0 0 0 0 0 0 0 0 0 0 0 0 0 1 0 0 0 0 0 0 0 0 0 0 0 0 0 0 0 0 0 0 0 0 0 0 0 0 0 0 0 0 0 0 0 0 0 0 0 0 0 0 0 0 0 0 0 0 0 0 0 0 0 
1
0 0 0 0 0 0 0 0 0 
0 0 0 0 0 2 1 0 0 0 0 0 0 0 0 0 0 0 0 0 2 0 0 0 0 0 0 0 0 0 0 1 0 0 0 0 0 0 0 0 0 0 0 0 0 0 0 0 0 0 0 0 0 0 0 0 0 0 0 0 0 0 0 0 0 0 0 0 0 0 0 0 0 0 0 0 0 0 0 0 0 
0 0 0 0 0 2 1 0 0 0 0 0 0 0 0 0 0 0 0 0 2 0 0 0 0 0 0 0 0 0 0 1 0 0 0 0 0 0 0 0 0 0 0 0 0 0 0 0 0 0 0 0 0 0 0 0 0 0 0 0 0 0 0 0 0 0 0 0 0 0 0 0 0 0 0 0 0 0 0 0 0 
1
0 0 0 0 0 0 0 0 0 
0 0 0 0 0 2 1 0 0 0 0 0 0 0 0 0 0 0 0 0 2 0 0 0 0 0 0 0 0 0 0 1 0 0 0 0 0 0 0 0 0 0 0 0 0 0 0 0 0 0 0 0 0 0 0 0 0 0 0 0 1 0 0 0 0 0 0 0 0 0 0 0 0 0 0 0 0 0 0 0 0 
0 0 0 0 0 2 1 0 0 0 0 0 0 0 0 0 0 0 0 0 2 0 0 0 0 0 0 0 0 0 0 1 0 0 0 0 0 0 0 0 0 0 0 0 0 0 0 0 0 0 0 0 0 0 0 0 0 0 0 0 1 0 0 0 0 0 0 0 0 0 0 0 0 0 0 0 0 0 0 0 0 
1
0 0 0 0 0 0 0 0 0 
0 0 0 0 0 2 1 0 0 0 0 0 0 0 0 0 0 0 2 0 2 0 0 0 0 0 0 0 0 0 0 1 0 0 0 0 0 0 0 0 0 0 0 0 0 0 0 0 0 0 0 0 0 0 0 0 0 0 0 0 1 0 0 0 0 0 0 0 0 0 0 0 0 0 0 0 0 0 0 0 0 
0 0 0 0 0 2 1 0 0 0 0 0 0 0 0 0 0 0 2 0 2 0 0 0 0 0 0 0 0 0 0 1 0 0 0 0 0 0 0 0 0 0 0 0 0 0 0 0 0 0 0 0 0 0 0 0 0 0 0 0 1 0 0 0 0 0 0 0 0 0 0 0 0 0 0 0 0 0 0 0 0 
1
0 0 0 0 0 0 0 0 0 
0 0 0 0 0 2 1 0 0 0 0 0 0 0 0 0 0 0 2 0 2 0 0 0 0 0 0 0 0 0 0 1 0 0 0 0 0 0 0 0 0 0 0 0 0 0 0 0 0 0 0 0 0 0 0 0 0 0 0 0 1 0 0 0 1 0 0 0 0 0 0 0 0 0 0 0 0 0 0 0 0 
0 0 0 0 0 2 1 0 0 0 0 0 0 0 0 0 0 0 2 0 2 0 0 0 0 0 0 0 0 0 0 1 0 0 0 0 0 0 0 0 0 0 0 0 0 0 0 0 0 0 0 0 0 0 0 0 0 0 0 0 1 0 0 0 1 0 0 0 0 0 0 0 0 0 0 0 0 0 0 0 0 
1
0 0 0 0 0 0 0 0 0 
0 0 0 0 0 2 1 0 0 0 0 0 0 0 0 0 0 0 2 0 2 0 0 0 0 0 0 0 0 0 0 1 0 0 0 0 0 0 0 0 2 0 0 0 0 0 0 0 0 0 0 0 0 0 0 0 0 0 0 0 1 0 0 0 1 0 0 0 0 0 0 0 0 0 0 0 0 0 0 0 0 
0 0 0 0 0 2 1 0 0 0 0 0 0 0 0 0 0 0 2 0 2 0 0 0 0 0 0 0 0 0 0 1 0 0 0 0 0 0 0 0 2 0 0 0 0 0 0 0 0 0 0 0 0 0 0 0 0 0 0 0 1 0 0 0 1 0 0 0 0 0 0 0 0 0 0 0 0 0 0 0 0 
1
0 0 0 0 0 0 0 0 0 
0 0 0 0 0 2 1 0 0 0 0 0 0 0 0 0 0 0 2 0 2 0 0 0 0 0 0 0 0 0 1 1 0 0 0 0 0 0 0 0 2 0 0 0 0 0 0 0 0 0 0 0 0 0 0 0 0 0 0 0 1 0 0 0 1 0 0 0 0 0 0 0 0 0 0 0 0 0 0 0 0 
0 0 0 0 0 2 1 0 0 0 0 0 0 0 0 0 0 0 2 0 2 0 0 0 0 0 0 0 0 0 1 1 0 0 0 0 0 0 0 0 2 0 0 0 0 0 0 0 0 0 0 0 0 0 0 0 0 0 0 0 1 0 0 0 1 0 0 0 0 0 0 0 0 0 0 0 0 0 0 0 0 
1
2 0 0 0 0 0 0 0 0 
0 0 0 0 0 2 1 0 0 0 0 0 0 0 0 0 0 0 2 2 2 0 0 0 0 0 0 0 0 0 1 1 0 0 0 0 0 0 0 0 2 0 0 0 0 0 0 0 0 0 0 0 0 0 0 0 0 0 0 0 1 0 0 0 1 0 0 0 0 0 0 0 0 0 0 0 0 0 0 0 0 
32 32 32 0 0 2 1 0 0 32 32 32 0 0 0 0 0 0 34 34 34 0 0 0 0 0 0 0 0 0 1 1 0 0 0 0 0 0 0 0 2 0 0 0 0 0 0 0 0 0 0 0 0 0 0 0 0 0 0 0 1 0 0 0 1 0 0 0 0 0 0 0 0 0 0 0 0 0 0 0 0 
1
2 0 0 0 0 0 0 0 0 
0 0 0 0 0 2 1 0 0 0 0 0 0 0 0 0 0 0 2 2 2 0 0 0 0 0 0 0 0 0 1 1 0 0 0 0 0 0 0 0 2 0 0 0 0 0 0 0 0 0 0 0 0 0 0 0 0 0 0 0 1 0 0 0 1 0 0 0 0 0 0 0 0 0 0 0 1 0 0 0 0 
32 32 32 0 0 2 1 0 0 32 32 32 0 0 0 0 0 0 34 34 34 0 0 0 0 0 0 0 0 0 1 1 0 0 0 0 0 0 0 0 2 0 0 0 0 0 0 0 0 0 0 0 0 0 0 0 0 0 0 0 1 0 0 0 1 0 0 0 0 0 0 0 0 0 0 0 1 0 0 0 0 
1
2 0 0 0 0 0 0 0 0 
0 0 0 0 0 2 1 0 0 0 0 0 0 0 0 0 0 0 2 2 2 0 0 0 0 0 0 0 0 0 1 1 0 0 0 0 0 0 0 0 2 0 0 0 0 0 0 0 0 0 0 0 0 0 0 0 0 2 0 0 1 0 0 0 1 0 0 0 0 0 0 0 0 0 0 0 1 0 0 0 0 
32 32 32 0 0 2 1 0 0 32 32 32 0 0 0 0 0 0 34 34 34 0 0 0 0 0 0 0 0 0 1 1 0 0 0 0 0 0 0 0 2 0 0 0 0 0 0 0 0 0 0 0 0 0 0 0 0 2 0 0 1 0 0 0 1 0 0 0 0 0 0 0 0 0 0 0 1 0 0 0 0 
1
2 0 0 0 1 0 0 0 0 
0 0 0 0 0 2 1 0 0 0 0 0 0 0 0 0 0 0 2 2 2 0 0 0 0 0 0 0 0 0 1 1 1 0 0 0 0 0 0 0 2 0 0 0 0 0 0 0 0 0 0 0 0 0 0 0 0 2 0 0 1 0 0 0 1 0 0 0 0 0 0 0 0 0 0 0 1 0 0 0 0 
32 32 32 0 0 2 1 0 0 32 32 32 0 0 0 0 0 0 34 34 34 0 0 0 0 0 0 0 0 0 17 17 17 0 0 0 0 0 0 16 18 16 0 0 0 0 0 0 16 16 16 0 0 0 0 0 0 2 0 0 1 0 0 0 1 0 0 0 0 0 0 0 0 0 0 0 1 0 0 0 0 
1
2 0 0 0 1 0 0 0 0 
0 0 0 0 0 2 1 0 0 0 0 0 0 0 0 0 2 0 2 2 2 0 0 0 0 0 0 0 0 0 1 1 1 0 0 0 0 0 0 0 2 0 0 0 0 0 0 0 0 0 0 0 0 0 0 0 0 2 0 0 1 0 0 0 1 0 0 0 0 0 0 0 0 0 0 0 1 0 0 0 0 
32 32 32 0 0 2 1 0 0 32 32 32 0 0 0 0 2 0 34 34 34 0 0 0 0 0 0 0 0 0 17 17 17 0 0 0 0 0 0 16 18 16 0 0 0 0 0 0 16 16 16 0 0 0 0 0 0 2 0 0 1 0 0 0 1 0 0 0 0 0 0 0 0 0 0 0 1 0 0 0 0 
1
2 0 0 0 1 0 0 0 0 
0 0 0 0 0 2 1 0 0 0 0 0 0 0 0 0 2 0 2 2 2 0 0 0 0 0 0 0 0 0 1 1 1 0 0 0 0 0 0 0 2 0 0 0 0 0 0 0 0 0 0 0 0 0 0 0 0 2 0 0 1 0 0 0 1 0 0 0 0 0 0 0 0 0 0 0 1 0 1 0 0 
32 32 32 0 0 2 1 0 0 32 32 32 0 0 0 0 2 0 34 34 34 0 0 0 0 0 0 0 0 0 17 17 17 0 0 0 0 0 0 16 18 16 0 0 0 0 0 0 16 16 16 0 0 0 0 0 0 2 0 0 1 0 0 0 1 0 0 0 0 0 0 0 0 0 0 0 1 0 1 0 0 
1
2 0 0 0 1 0 0 0 0 
0 0 0 0 0 2 1 0 0 0 0 0 0 0 0 0 2 0 2 2 2 0 0 0 0 0 0 0 0 0 1 1 1 0 0 0 0 0 0 0 2 0 0 0 0 0 0 0 0 0 0 0 0 0 0 0 0 2 0 0 1 0 0 0 1 2 0 0 0 0 0 0 0 0 0 0 1 0 1 0 0 
32 32 32 0 0 2 1 0 0 32 32 32 0 0 0 0 2 0 34 34 34 0 0 0 0 0 0 0 0 0 17 17 17 0 0 0 0 0 0 16 18 16 0 0 0 0 0 0 16 16 16 0 0 0 0 0 0 2 0 0 1 0 0 0 1 2 0 0 0 0 0 0 0 0 0 0 1 0 1 0 0 
1
2 0 0 0 1 0 0 0 0 
0 0 0 0 0 2 1 0 0 0 0 0 0 0 0 0 2 0 2 2 2 0 0 0 0 0 0 0 0 0 1 1 1 0 0 0 0 0 0 0 2 0 0 0 0 0 0 0 0 0 0 0 0 1 0 0 0 2 0 0 1 0 0 0 1 2 0 0 0 0 0 0 0 0 0 0 1 0 1 0 0 
32 32 32 0 0 2 1 0 0 32 32 32 0 0 0 0 2 0 34 34 34 0 0 0 0 0 0 0 0 0 17 17 17 0 0 0 0 0 0 16 18 16 0 0 0 0 0 0 16 16 16 0 0 1 0 0 0 2 0 0 1 0 0 0 1 2 0 0 0 0 0 0 0 0 0 0 1 0 1 0 0 
1
2 0 0 0 1 0 0 0 0 
0 0 0 0 0 2 1 0 0 0 0 0 0 0 0 0 2 0 2 2 2 0 0 0 0 0 0 0 0 0 1 1 1 0 0 0 0 0 0 0 2 0 0 0 0 0 0 0 0 0 0 0 0 1 0 0 0 2 0 0 1 0 0 0 1 2 0 0 0 0 0 0 0 0 0 0 1 0 1 0 2 
32 32 32 0 0 2 1 0 0 32 32 32 0 0 0 0 2 0 34 34 34 0 0 0 0 0 0 0 0 0 17 17 17 0 0 0 0 0 0 16 18 16 0 0 0 0 0 0 16 16 16 0 0 1 0 0 0 2 0 0 1 0 0 0 1 2 0 0 0 0 0 0 0 0 0 0 1 0 1 0 2 
1
2 0 0 0 1 0 0 0 1 
0 0 0 0 0 2 1 0 0 0 0 0 0 0 0 0 2 0 2 2 2 0 0 0 0 0 0 0 0 0 1 1 1 0 0 0 0 0 0 0 2 0 0 0 0 0 0 0 0 0 0 0 0 1 0 0 0 2 0 0 1 0 0 0 1 2 0 0 0 1 0 0 0 0 0 0 1 0 1 0 2 
32 32 32 0 0 2 1 0 0 32 32 32 0 0 0 0 2 0 34 34 34 0 0 0 0 0 0 0 0 0 17 17 17 0 0 0 0 0 0 16 18 16 0 0 0 0 0 0 16 16 16 0 0 1 0 0 0 2 0 0 17 16 16 0 1 2 0 0 0 17 16 16 0 0 0 0 1 0 17 16 18 
1
2 0 0 0 1 0 0 0 1 
0 0 0 0 0 2 1 0 0 0 0 0 0 0 0 0 2 0 2 2 2 0 0 0 0 0 0 2 0 0 1 1 1 0 0 0 0 0 0 0 2 0 0 0 0 0 0 0 0 0 0 0 0 1 0 0 0 2 0 0 1 0 0 0 1 2 0 0 0 1 0 0 0 0 0 0 1 0 1 0 2 
32 32 32 0 0 2 1 0 0 32 32 32 0 0 0 0 2 0 34 34 34 0 0 0 0 0 0 2 0 0 17 17 17 0 0 0 0 0 0 16 18 16 0 0 0 0 0 0 16 16 16 0 0 1 0 0 0 2 0 0 17 16 16 0 1 2 0 0 0 17 16 16 0 0 0 0 1 0 17 16 18 
1
2 0 0 0 1 0 0 0 1 
0 0 0 0 0 2 1 0 0 0 0 0 0 0 0 0 2 0 2 2 2 0 0 0 1 0 0 2 0 0 1 1 1 0 0 0 0 0 0 0 2 0 0 0 0 0 0 0 0 0 0 0 0 1 0 0 0 2 0 0 1 0 0 0 1 2 0 0 0 1 0 0 0 0 0 0 1 0 1 0 2 
32 32 32 0 0 2 1 0 0 32 32 32 0 0 0 0 2 0 34 34 34 0 0 0 1 0 0 2 0 0 17 17 17 0 0 0 0 0 0 16 18 16 0 0 0 0 0 0 16 16 16 0 0 1 0 0 0 2 0 0 17 16 16 0 1 2 0 0 0 17 16 16 0 0 0 0 1 0 17 16 18 
1
2 0 0 0 1 0 0 0 1 
0 0 0 0 0 2 1 0 0 0 0 0 0 0 0 0 2 0 2 2 2 0 0 0 1 0 0 2 0 0 1 1 1 0 0 0 0 0 0 0 2 0 0 0 0 0 0 0 0 0 0 0 0 1 0 0 0 2 0 0 1 0 0 0 1 2 0 0 0 1 0 0 0 0 2 0 1 0 1 0 2 
32 32 32 0 0 2 1 0 0 32 32 32 0 0 0 0 2 0 34 34 34 0 0 0 1 0 0 2 0 0 17 17 17 0 0 0 0 0 0 16 18 16 0 0 0 0 0 0 16 16 16 0 0 1 0 0 0 2 0 0 17 16 16 0 1 2 0 0 0 17 16 16 0 0 2 0 1 0 17 16 18 
1
2 0 1 0 1 0 0 0 1 
0 0 0 0 0 2 1 0 0 0 0 0 0 0 0 1 2 0 2 2 2 0 0 0 1 0 0 2 0 0 1 1 1 0 0 0 0 0 0 0 2 0 0 0 0 0 0 0 0 0 0 0 0 1 0 0 0 2 0 0 1 0 0 0 1 2 0 0 0 1 0 0 0 0 2 0 1 0 1 0 2 
32 32 32 0 0 2 17 16 16 32 32 32 0 0 0 17 18 16 34 34 34 0 0 0 17 16 16 2 0 0 17 17 17 0 0 0 0 0 0 16 18 16 0 0 0 0 0 0 16 16 16 0 0 1 0 0 0 2 0 0 17 16 16 0 1 2 0 0 0 17 16 16 0 0 2 0 1 0 17 16 18 
1
2 0 1 0 1 0 0 0 1 
0 0 0 0 0 2 1 0 0 0 0 0 0 0 0 1 2 0 2 2 2 0 0 0 1 0 0 2 2 0 1 1 1 0 0 0 0 0 0 0 2 0 0 0 0 0 0 0 0 0 0 0 0 1 0 0 0 2 0 0 1 0 0 0 1 2 0 0 0 1 0 0 0 0 2 0 1 0 1 0 2 
32 32 32 0 0 2 17 16 16 32 32 32 0 0 0 17 18 16 34 34 34 0 0 0 17 16 16 2 2 0 17 17 17 0 0 0 0 0 0 16 18 16 0 0 0 0 0 0 16 16 16 0 0 1 0 0 0 2 0 0 17 16 16 0 1 2 0 0 0 17 16 16 0 0 2 0 1 0 17 16 18 
1
2 0 1 0 1 0 0 0 1 
0 0 0 0 0 2 1 0 0 0 0 0 0 0 0 1 2 0 2 2 2 0 1 0 1 0 0 2 2 0 1 1 1 0 0 0 0 0 0 0 2 0 0 0 0 0 0 0 0 0 0 0 0 1 0 0 0 2 0 0 1 0 0 0 1 2 0 0 0 1 0 0 0 0 2 0 1 0 1 0 2 
32 32 32 0 0 2 17 16 16 32 32 32 0 0 0 17 18 16 34 34 34 0 1 0 17 16 16 2 2 0 17 17 17 0 0 0 0 0 0 16 18 16 0 0 0 0 0 0 16 16 16 0 0 1 0 0 0 2 0 0 17 16 16 0 1 2 0 0 0 17 16 16 0 0 2 0 1 0 17 16 18 
1
2 0 1 0 1 0 0 0 1 
0 0 0 0 0 2 1 0 0 0 0 0 0 0 0 1 2 0 2 2 2 0 1 0 1 0 0 2 2 0 1 1 1 0 0 0 0 0 0 0 2 0 0 0 0 0 0 0 0 0 0 0 0 1 0 0 0 2 0 2 1 0 0 0 1 2 0 0 0 1 0 0 0 0 2 0 1 0 1 0 2 
32 32 32 0 0 2 17 16 16 32 32 32 0 0 0 17 18 16 34 34 34 0 1 0 17 16 16 2 2 0 17 17 17 0 0 0 0 0 0 16 18 16 0 0 0 0 0 0 16 16 16 0 0 1 0 0 0 2 0 2 17 16 16 0 1 2 0 0 0 17 16 16 0 0 2 0 1 0 17 16 18 
1
2 0 1 0 1 0 0 0 1 
0 0 0 0 1 2 1 0 0 0 0 0 0 0 0 1 2 0 2 2 2 0 1 0 1 0 0 2 2 0 1 1 1 0 0 0 0 0 0 0 2 0 0 0 0 0 0 0 0 0 0 0 0 1 0 0 0 2 0 2 1 0 0 0 1 2 0 0 0 1 0 0 0 0 2 0 1 0 1 0 2 
32 32 32 0 1 2 17 16 16 32 32 32 0 0 0 17 18 16 34 34 34 0 1 0 17 16 16 2 2 0 17 17 17 0 0 0 0 0 0 16 18 16 0 0 0 0 0 0 16 16 16 0 0 1 0 0 0 2 0 2 17 16 16 0 1 2 0 0 0 17 16 16 0 0 2 0 1 0 17 16 18 
1
2 0 1 0 1 0 0 0 1 
0 0 0 0 1 2 1 0 0 0 0 0 2 0 0 1 2 0 2 2 2 0 1 0 1 0 0 2 2 0 1 1 1 0 0 0 0 0 0 0 2 0 0 0 0 0 0 0 0 0 0 0 0 1 0 0 0 2 0 2 1 0 0 0 1 2 0 0 0 1 0 0 0 0 2 0 1 0 1 0 2 
32 32 32 0 1 2 17 16 16 32 32 32 2 0 0 17 18 16 34 34 34 0 1 0 17 16 16 2 2 0 17 17 17 0 0 0 0 0 0 16 18 16 0 0 0 0 0 0 16 16 16 0 0 1 0 0 0 2 0 2 17 16 16 0 1 2 0 0 0 17 16 16 0 0 2 0 1 0 17 16 18 
1
2 0 1 0 1 0 0 0 1 
0 0 0 0 1 2 1 0 0 0 0 0 2 0 0 1 2 0 2 2 2 0 1 0 1 0 0 2 2 1 1 1 1 0 0 0 0 0 0 0 2 0 0 0 0 0 0 0 0 0 0 0 0 1 0 0 0 2 0 2 1 0 0 0 1 2 0 0 0 1 0 0 0 0 2 0 1 0 1 0 2 
32 32 32 0 1 2 17 16 16 32 32 32 2 0 0 17 18 16 34 34 34 0 1 0 17 16 16 2 2 1 17 17 17 0 0 0 0 0 0 16 18 16 0 0 0 0 0 0 16 16 16 0 0 1 0 0 0 2 0 2 17 16 16 0 1 2 0 0 0 17 16 16 0 0 2 0 1 0 17 16 18 
1
2 0 1 0 1 0 0 2 1 
0 0 0 0 1 2 1 0 0 0 0 0 2 0 0 1 2 0 2 2 2 0 1 0 1 0 0 2 2 1 1 1 1 0 0 0 0 0 0 0 2 0 0 0 0 0 0 0 0 0 0 0 0 1 0 0 0 2 2 2 1 0 0 0 1 2 0 0 0 1 0 0 0 0 2 0 1 0 1 0 2 
32 32 32 0 1 2 17 16 16 32 32 32 2 0 0 17 18 16 34 34 34 0 1 0 17 16 16 2 2 1 17 17 17 0 0 0 0 0 0 16 18 16 0 0 0 0 0 0 16 16 16 0 0 1 0 0 0 34 34 34 17 16 16 0 1 2 32 32 32 17 16 16 0 0 2 32 33 32 17 16 18 
1
2 0 1 0 1 0 0 2 1 
0 0 0 0 1 2 1 0 0 0 0 0 2 0 0 1 2 0 2 2 2 0 1 1 1 0 0 2 2 1 1 1 1 0 0 0 0 0 0 0 2 0 0 0 0 0 0 0 0 0 0 0 0 1 0 0 0 2 2 2 1 0 0 0 1 2 0 0 0 1 0 0 0 0 2 0 1 0 1 0 2 
32 32 32 0 1 2 17 16 16 32 32 32 2 0 0 17 18 16 34 34 34 0 1 1 17 16 16 2 2 1 17 17 17 0 0 0 0 0 0 16 18 16 0 0 0 0 0 0 16 16 16 0 0 1 0 0 0 34 34 34 17 16 16 0 1 2 32 32 32 17 16 16 0 0 2 32 33 32 17 16 18 
1
2 0 1 0 1 0 2 2 1 
0 0 0 0 1 2 1 0 0 0 0 0 2 0 0 1 2 0 2 2 2 0 1 1 1 0 0 2 2 1 1 1 1 0 0 0 0 0 0 0 2 0 0 0 0 0 0 0 0 0 0 0 0 1 0 0 2 2 2 2 1 0 0 0 1 2 0 0 0 1 0 0 0 0 2 0 1 0 1 0 2 
32 32 32 0 1 2 17 16 16 32 32 32 2 0 0 17 18 16 34 34 34 0 1 1 17 16 16 2 2 1 17 17 17 0 0 0 0 0 0 16 18 16 0 0 0 0 0 0 16 16 16 0 0 1 32 32 34 34 34 34 17 16 16 32 33 34 32 32 32 17 16 16 32 32 34 32 33 32 17 16 18 
1
2 0 1 0 1 0 2 2 1 
0 0 0 0 1 2 1 0 0 0 0 0 2 0 0 1 2 0 2 2 2 0 1 1 1 0 0 2 2 1 1 1 1 0 1 0 0 0 0 0 2 0 0 0 0 0 0 0 0 0 0 0 0 1 0 0 2 2 2 2 1 0 0 0 1 2 0 0 0 1 0 0 0 0 2 0 1 0 1 0 2 
32 32 32 0 1 2 17 16 16 32 32 32 2 0 0 17 18 16 34 34 34 0 1 1 17 16 16 2 2 1 17 17 17 0 1 0 0 0 0 16 18 16 0 0 0 0 0 0 16 16 16 0 0 1 32 32 34 34 34 34 17 16 16 32 33 34 32 32 32 17 16 16 32 32 34 32 33 32 17 16 18 
1
2 0 1 0 1 0 2 2 1 
0 0 0 0 1 2 1 0 0 0 0 0 2 0 2 1 2 0 2 2 2 0 1 1 1 0 0 2 2 1 1 1 1 0 1 0 0 0 0 0 2 0 0 0 0 0 0 0 0 0 0 0 0 1 0 0 2 2 2 2 1 0 0 0 1 2 0 0 0 1 0 0 0 0 2 0 1 0 1 0 2 
32 32 32 0 1 2 17 16 16 32 32 32 2 0 2 17 18 16 34 34 34 0 1 1 17 16 16 2 2 1 17 17 17 0 1 0 0 0 0 16 18 16 0 0 0 0 0 0 16 16 16 0 0 1 32 32 34 34 34 34 17 16 16 32 33 34 32 32 32 17 16 16 32 32 34 32 33 32 17 16 18 
1
2 0 1 0 1 0 2 2 1 
0 0 0 0 1 2 1 0 0 0 0 0 2 0 2 1 2 0 2 2 2 0 1 1 1 0 0 2 2 1 1 1 1 0 1 1 0 0 0 0 2 0 0 0 0 0 0 0 0 0 0 0 0 1 0 0 2 2 2 2 1 0 0 0 1 2 0 0 0 1 0 0 0 0 2 0 1 0 1 0 2 
32 32 32 0 1 2 17 16 16 32 32 32 2 0 2 17 18 16 34 34 34 0 1 1 17 16 16 2 2 1 17 17 17 0 1 1 0 0 0 16 18 16 0 0 0 0 0 0 16 16 16 0 0 1 32 32 34 34 34 34 17 16 16 32 33 34 32 32 32 17 16 16 32 32 34 32 33 32 17 16 18 
1
2 0 1 0 1 0 2 2 1 
0 0 0 0 1 2 1 0 0 0 0 0 2 0 2 1 2 0 2 2 2 0 1 1 1 0 0 2 2 1 1 1 1 0 1 1 0 0 0 0 2 0 0 0 0 0 0 0 0 0 0 0 2 1 0 0 2 2 2 2 1 0 0 0 1 2 0 0 0 1 0 0 0 0 2 0 1 0 1 0 2 
32 32 32 0 1 2 17 16 16 32 32 32 2 0 2 17 18 16 34 34 34 0 1 1 17 16 16 2 2 1 17 17 17 0 1 1 0 0 0 16 18 16 0 0 0 0 0 0 16 16 16 0 2 1 32 32 34 34 34 34 17 16 16 32 33 34 32 32 32 17 16 16 32 32 34 32 33 32 17 16 18 
1
2 0 1 0 1 0 2 2 1 
0 0 0 0 1 2 1 0 0 0 0 0 2 0 2 1 2 0 2 2 2 0 1 1 1 0 0 2 2 1 1 1 1 0 1 1 1 0 0 0 2 0 0 0 0 0 0 0 0 0 0 0 2 1 0 0 2 2 2 2 1 0 0 0 1 2 0 0 0 1 0 0 0 0 2 0 1 0 1 0 2 
32 32 32 0 1 2 17 16 16 32 32 32 2 0 2 17 18 16 34 34 34 0 1 1 17 16 16 2 2 1 17 17 17 0 1 1 1 0 0 16 18 16 0 0 0 0 0 0 16 16 16 0 2 1 32 32 34 34 34 34 17 16 16 32 33 34 32 32 32 17 16 16 32 32 34 32 33 32 17 16 18 
1
2 0 1 0 1 0 2 2 1 
0 0 0 0 1 2 1 0 0 0 0 0 2 0 2 1 2 0 2 2 2 0 1 1 1 0 0 2 2 1 1 1 1 0 1 1 1 0 0 0 2 0 0 0 0 0 2 0 0 0 0 0 2 1 0 0 2 2 2 2 1 0 0 0 1 2 0 0 0 1 0 0 0 0 2 0 1 0 1 0 2 
32 32 32 0 1 2 17 16 16 32 32 32 2 0 2 17 18 16 34 34 34 0 1 1 17 16 16 2 2 1 17 17 17 0 1 1 1 0 0 16 18 16 0 0 0 0 2 0 16 16 16 0 2 1 32 32 34 34 34 34 17 16 16 32 33 34 32 32 32 17 16 16 32 32 34 32 33 32 17 16 18 
1
2 0 1 0 1 1 2 2 1 
0 0 0 0 1 2 1 0 0 0 0 0 2 0 2 1 2 0 2 2 2 0 1 1 1 0 0 2 2 1 1 1 1 1 1 1 1 0 0 0 2 0 0 0 0 0 2 0 0 0 0 0 2 1 0 0 2 2 2 2 1 0 0 0 1 2 0 0 0 1 0 0 0 0 2 0 1 0 1 0 2 
32 32 32 0 1 2 17 16 16 32 32 32 2 0 2 17 18 16 34 34 34 0 1 1 17 16 16 2 2 1 17 17 17 17 17 17 1 0 0 16 18 16 16 16 16 0 2 0 16 16 16 16 18 17 32 32 34 34 34 34 17 16 16 32 33 34 32 32 32 17 16 16 32 32 34 32 33 32 17 16 18 
1
2 0 1 0 1 1 2 2 1 
0 0 0 0 1 2 1 0 0 0 0 0 2 0 2 1 2 0 2 2 2 0 1 1 1 0 0 2 2 1 1 1 1 1 1 1 1 0 0 0 2 0 0 0 0 0 2 0 0 0 0 0 2 1 0 0 2 2 2 2 1 0 0 0 1 2 0 0 0 1 0 0 0 0 2 0 1 0 1 0 2 
32 32 32 0 1 2 17 16 16 32 32 32 2 0 2 17 18 16 34 34 34 0 1 1 17 16 16 2 2 1 17 17 17 17 17 17 1 0 0 16 18 16 16 16 16 0 2 0 16 16 16 16 18 17 32 32 34 34 34 34 17 16 16 32 33 34 32 32 32 17 16 16 32 32 34 32 33 32 17 16 18 
1
