0 0 0 0 0 0 0 0 0 
0 0 0 0 0 0 0 0 0 0 0 0 0 0 0 0 0 0 0 0 0 0 0 0 0 0 0 0 0 0 0 0 0 0 0 0 0 0 0 0 1 0 0 0 0 0 0 0 0 0 0 0 0 0 0 0 0 0 0 0 0 0 0 0 0 0 0 0 0 0 0 0 0 0 0 0 0 0 0 0 0 
0 0 0 0 0 0 0 0 0 0 0 0 0 0 0 0 0 0 0 0 0 0 0 0 0 0 0 0 0 0 0 0 0 0 0 0 0 0 0 0 1 0 0 0 0 0 0 0 0 0 0 0 0 0 0 0 0 0 0 0 0 0 0 0 0 0 0 0 0 0 0 0 0 0 0 0 0 0 0 0 0 
0
0 0 0 0 0 0 0 0 0 
0 0 0 0 0 0 0 0 0 0 0 0 0 0 0 0 0 0 0 0 0 0 0 0 0 0 0 0 0 0 2 0 0 0 0 0 0 0 0 0 1 0 0 0 0 0 0 0 0 0 0 0 0 0 0 0 0 0 0 0 0 0 0 0 0 0 0 0 0 0 0 0 0 0 0 0 0 0 0 0 0 
0 0 0 0 0 0 0 0 0 0 0 0 0 0 0 0 0 0 0 0 0 0 0 0 0 0 0 0 0 0 2 0 0 0 0 0 0 0 0 0 1 0 0 0 0 0 0 0 0 0 0 0 0 0 0 0 0 0 0 0 0 0 0 0 0 0 0 0 0 0 0 0 0 0 0 0 0 0 0 0 0 
0
0 0 0 0 0 0 0 0 0 
0 1 0 0 0 0 0 0 0 0 0 0 0 0 0 0 0 0 0 0 0 0 0 0 0 0 0 0 0 0 2 0 0 0 0 0 0 0 0 0 1 0 0 0 0 0 0 0 0 0 0 0 0 0 0 0 0 0 0 0 0 0 0 0 0 0 0 0 0 0 0 0 0 0 0 0 0 0 0 0 0 
0 1 0 0 0 0 0 0 0 0 0 0 0 0 0 0 0 0 0 0 0 0 0 0 0 0 0 0 0 0 2 0 0 0 0 0 0 0 0 0 1 0 0 0 0 0 0 0 0 0 0 0 0 0 0 0 0 0 0 0 0 0 0 0 0 0 0 0 0 0 0 0 0 0 0 0 0 0 0 0 0 
0
0 0 0 0 0 0 0 0 0 
0 1 0 0 0 0 0 0 0 0 0 0 0 0 2 0 0 0 0 0 0 0 0 0 0 0 0 0 0 0 2 0 0 0 0 0 0 0 0 0 1 0 0 0 0 0 0 0 0 0 0 0 0 0 0 0 0 0 0 0 0 0 0 0 0 0 0 0 0 0 0 0 0 0 0 0 0 0 0 0 0 
0 1 0 0 0 0 0 0 0 0 0 0 0 0 2 0 0 0 0 0 0 0 0 0 0 0 0 0 0 0 2 0 0 0 0 0 0 0 0 0 1 0 0 0 0 0 0 0 0 0 0 0 0 0 0 0 0 0 0 0 0 0 0 0 0 0 0 0 0 0 0 0 0 0 0 0 0 0 0 0 0 
0
0 0 0 0 0 0 0 0 0 
0 1 0 0 0 0 0 0 0 0 0 0 0 0 2 0 0 0 0 0 0 0 0 0 0 0 0 0 0 0 2 0 0 0 0 0 0 0 0 0 1 0 0 0 1 0 0 0 0 0 0 0 0 0 0 0 0 0 0 0 0 0 0 0 0 0 0 0 0 0 0 0 0 0 0 0 0 0 0 0 0 
0 1 0 0 0 0 0 0 0 0 0 0 0 0 2 0 0 0 0 0 0 0 0 0 0 0 0 0 0 0 2 0 0 0 0 0 0 0 0 0 1 0 0 0 1 0 0 0 0 0 0 0 0 0 0 0 0 0 0 0 0 0 0 0 0 0 0 0 0 0 0 0 0 0 0 0 0 0 0 0 0 
0
0 0 0 0 0 0 0 0 0 
0 1 0 0 0 0 0 0 0 0 0 0 0 0 2 0 0 0 0 0 0 0 0 0 0 0 0 0 0 0 2 0 0 0 0 0 0 0 0 0 1 0 0 0 1 0 0 0 0 0 0 0 2 0 0 0 0 0 0 0 0 0 0 0 0 0 0 0 0 0 0 0 0 0 0 0 0 0 0 0 0 
0 1 0 0 0 0 0 0 0 0 0 0 0 0 2 0 0 0 0 0 0 0 0 0 0 0 0 0 0 0 2 0 0 0 0 0 0 0 0 0 1 0 0 0 1 0 0 0 0 0 0 0 2 0 0 0 0 0 0 0 0 0 0 0 0 0 0 0 0 0 0 0 0 0 0 0 0 0 0 0 0 
0
0 0 0 0 0 0 0 0 0 
0 1 0 0 0 0 0 0 0 0 0 0 0 0 2 0 0 0 0 0 0 0 0 0 0 0 0 0 0 0 2 0 0 0 0 0 0 0 0 0 1 0 0 0 1 0 0 0 0 0 0 0 2 0 0 0 0 0 0 1 0 0 0 0 0 0 0 0 0 0 0 0 0 0 0 0 0 0 0 0 0 
0 1 0 0 0 0 0 0 0 0 0 0 0 0 2 0 0 0 0 0 0 0 0 0 0 0 0 0 0 0 2 0 0 0 0 0 0 0 0 0 1 0 0 0 1 0 0 0 0 0 0 0 2 0 0 0 0 0 0 1 0 0 0 0 0 0 0 0 0 0 0 0 0 0 0 0 0 0 0 0 0 
0
0 0 0 0 0 0 0 0 0 
0 1 0 0 0 0 0 0 0 0 0 0 0 0 2 0 0 0 0 0 0 0 0 0 2 0 0 0 0 0 2 0 0 0 0 0 0 0 0 0 1 0 0 0 1 0 0 0 0 0 0 0 2 0 0 0 0 0 0 1 0 0 0 0 0 0 0 0 0 0 0 0 0 0 0 0 0 0 0 0 0 
0 1 0 0 0 0 0 0 0 0 0 0 0 0 2 0 0 0 0 0 0 0 0 0 2 0 0 0 0 0 2 0 0 0 0 0 0 0 0 0 1 0 0 0 1 0 0 0 0 0 0 0 2 0 0 0 0 0 0 1 0 0 0 0 0 0 0 0 0 0 0 0 0 0 0 0 0 0 0 0 0 
0
0 0 0 0 0 0 0 0 0 
0 1 0 0 0 0 0 0 0 0 0 0 0 0 2 0 0 0 0 0 0 0 0 0 2 0 0 0 0 0 2 0 0 0 0 0 0 0 0 0 1 0 0 0 1 0 0 0 0 0 0 0 2 0 1 0 0 0 0 1 0 0 0 0 0 0 0 0 0 0 0 0 0 0 0 0 0 0 0 0 0 
0 1 0 0 0 0 0 0 0 0 0 0 0 0 2 0 0 0 0 0 0 0 0 0 2 0 0 0 0 0 2 0 0 0 0 0 0 0 0 0 1 0 0 0 1 0 0 0 0 0 0 0 2 0 1 0 0 0 0 1 0 0 0 0 0 0 0 0 0 0 0 0 0 0 0 0 0 0 0 0 0 
0
0 0 0 0 0 0 0 0 0 
0 1 2 0 0 0 0 0 0 0 0 0 0 0 2 0 0 0 0 0 0 0 0 0 2 0 0 0 0 0 2 0 0 0 0 0 0 0 0 0 1 0 0 0 1 0 0 0 0 0 0 0 2 0 1 0 0 0 0 1 0 0 0 0 0 0 0 0 0 0 0 0 0 0 0 0 0 0 0 0 0 
0 1 2 0 0 0 0 0 0 0 0 0 0 0 2 0 0 0 0 0 0 0 0 0 2 0 0 0 0 0 2 0 0 0 0 0 0 0 0 0 1 0 0 0 1 0 0 0 0 0 0 0 2 0 1 0 0 0 0 1 0 0 0 0 0 0 0 0 0 0 0 0 0 0 0 0 0 0 0 0 0 
0
0 0 0 0 0 0 0 0 0 
0 1 2 0 0 0 0 0 0 0 0 0 0 0 2 0 0 0 0 0 0 0 0 0 2 0 1 0 0 0 2 0 0 0 0 0 0 0 0 0 1 0 0 0 1 0 0 0 0 0 0 0 2 0 1 0 0 0 0 1 0 0 0 0 0 0 0 0 0 0 0 0 0 0 0 0 0 0 0 0 0 
0 1 2 0 0 0 0 0 0 0 0 0 0 0 2 0 0 0 0 0 0 0 0 0 2 0 1 0 0 0 2 0 0 0 0 0 0 0 0 0 1 0 0 0 1 0 0 0 0 0 0 0 2 0 1 0 0 0 0 1 0 0 0 0 0 0 0 0 0 0 0 0 0 0 0 0 0 0 0 0 0 
0
0 0 0 0 0 0 0 0 0 
0 1 2 0 0 0 0 0 0 0 0 0 0 0 2 0 0 0 0 0 0 0 0 0 2 0 1 0 0 0 2 0 0 0 0 0 0 0 0 0 1 0 0 0 1 0 0 0 0 0 0 0 2 0 1 0 0 0 0 1 0 0 0 0 0 0 0 0 0 0 0 0 0 0 0 0 0 0 0 0 2 
0 1 2 0 0 0 0 0 0 0 0 0 0 0 2 0 0 0 0 0 0 0 0 0 2 0 1 0 0 0 2 0 0 0 0 0 0 0 0 0 1 0 0 0 1 0 0 0 0 0 0 0 2 0 1 0 0 0 0 1 0 0 0 0 0 0 0 0 0 0 0 0 0 0 0 0 0 0 0 0 2 
0
0 0 0 0 0 0 0 0 0 
0 1 2 0 0 0 0 0 0 0 0 0 0 0 2 0 0 0 0 0 0 0 0 0 2 0 1 0 0 0 2 0 0 0 0 0 0 0 0 0 1 0 0 0 1 0 0 0 0 0 0 0 2 0 1 0 0 0 0 1 0 0 0 0 0 0 0 0 0 0 0 0 0 0 0 0 0 0 1 0 2 
0 1 2 0 0 0 0 0 0 0 0 0 0 0 2 0 0 0 0 0 0 0 0 0 2 0 1 0 0 0 2 0 0 0 0 0 0 0 0 0 1 0 0 0 1 0 0 0 0 0 0 0 2 0 1 0 0 0 0 1 0 0 0 0 0 0 0 0 0 0 0 0 0 0 0 0 0 0 1 0 2 
0
0 0 0 0 0 0 0 0 0 
0 1 2 0 0 0 0 0 0 0 0 0 0 0 2 0 0 0 0 0 0 0 0 0 2 0 1 0 0 0 2 0 0 0 0 0 0 0 0 0 1 0 0 0 1 0 0 0 0 0 0 0 2 0 1 2 0 0 0 1 0 0 0 0 0 0 0 0 0 0 0 0 0 0 0 0 0 0 1 0 2 
0 1 2 0 0 0 0 0 0 0 0 0 0 0 2 0 0 0 0 0 0 0 0 0 2 0 1 0 0 0 2 0 0 0 0 0 0 0 0 0 1 0 0 0 1 0 0 0 0 0 0 0 2 0 1 2 0 0 0 1 0 0 0 0 0 0 0 0 0 0 0 0 0 0 0 0 0 0 1 0 2 
0
0 0 0 0 0 0 0 0 0 
0 1 2 0 0 0 0 0 0 0 0 0 1 0 2 0 0 0 0 0 0 0 0 0 2 0 1 0 0 0 2 0 0 0 0 0 0 0 0 0 1 0 0 0 1 0 0 0 0 0 0 0 2 0 1 2 0 0 0 1 0 0 0 0 0 0 0 0 0 0 0 0 0 0 0 0 0 0 1 0 2 
0 1 2 0 0 0 0 0 0 0 0 0 1 0 2 0 0 0 0 0 0 0 0 0 2 0 1 0 0 0 2 0 0 0 0 0 0 0 0 0 1 0 0 0 1 0 0 0 0 0 0 0 2 0 1 2 0 0 0 1 0 0 0 0 0 0 0 0 0 0 0 0 0 0 0 0 0 0 1 0 2 
0
0 0 0 0 0 0 0 0 0 
0 1 2 0 0 0 0 0 0 0 0 0 1 0 2 0 0 0 0 0 0 0 0 0 2 0 1 0 0 0 2 0 0 0 0 0 2 0 0 0 1 0 0 0 1 0 0 0 0 0 0 0 2 0 1 2 0 0 0 1 0 0 0 0 0 0 0 0 0 0 0 0 0 0 0 0 0 0 1 0 2 
0 1 2 0 0 0 0 0 0 0 0 0 1 0 2 0 0 0 0 0 0 0 0 0 2 0 1 0 0 0 2 0 0 0 0 0 2 0 0 0 1 0 0 0 1 0 0 0 0 0 0 0 2 0 1 2 0 0 0 1 0 0 0 0 0 0 0 0 0 0 0 0 0 0 0 0 0 0 1 0 2 
0
0 0 0 0 0 0 0 0 0 
0 1 2 0 0 0 0 0 0 0 0 0 1 0 2 0 0 0 0 0 0 0 0 0 2 0 1 0 0 0 2 0 0 0 0 0 2 0 0 0 1 0 0 0 1 0 1 0 0 0 0 0 2 0 1 2 0 0 0 1 0 0 0 0 0 0 0 0 0 0 0 0 0 0 0 0 0 0 1 0 2 
0 1 2 0 0 0 0 0 0 0 0 0 1 0 2 0 0 0 0 0 0 0 0 0 2 0 1 0 0 0 2 0 0 0 0 0 2 0 0 0 1 0 0 0 1 0 1 0 0 0 0 0 2 0 1 2 0 0 0 1 0 0 0 0 0 0 0 0 0 0 0 0 0 0 0 0 0 0 1 0 2 
0
0 0 0 0 0 0 0 0 0 
0 1 2 0 0 0 0 0 0 0 0 0 1 0 2 0 0 0 0 0 0 0 0 0 2 0 1 0 0 0 2 0 0 0 0 0 2 0 0 0 1 0 0 0 1 0 1 0 0 0 0 0 2 0 1 2 0 0 0 1 0 0 0 0 0 0 2 0 0 0 0 0 0 0 0 0 0 0 1 0 2 
0 1 2 0 0 0 0 0 0 0 0 0 1 0 2 0 0 0 0 0 0 0 0 0 2 0 1 0 0 0 2 0 0 0 0 0 2 0 0 0 1 0 0 0 1 0 1 0 0 0 0 0 2 0 1 2 0 0 0 1 0 0 0 0 0 0 2 0 0 0 0 0 0 0 0 0 0 0 1 0 2 
0
0 0 0 0 0 0 0 0 0 
0 1 2 0 0 0 0 0 0 0 0 0 1 0 2 0 0 0 0 0 0 0 0 0 2 0 1 0 1 0 2 0 0 0 0 0 2 0 0 0 1 0 0 0 1 0 1 0 0 0 0 0 2 0 1 2 0 0 0 1 0 0 0 0 0 0 2 0 0 0 0 0 0 0 0 0 0 0 1 0 2 
0 1 2 0 0 0 0 0 0 0 0 0 1 0 2 0 0 0 0 0 0 0 0 0 2 0 1 0 1 0 2 0 0 0 0 0 2 0 0 0 1 0 0 0 1 0 1 0 0 0 0 0 2 0 1 2 0 0 0 1 0 0 0 0 0 0 2 0 0 0 0 0 0 0 0 0 0 0 1 0 2 
0
0 0 0 0 0 0 0 0 0 
0 1 2 2 0 0 0 0 0 0 0 0 1 0 2 0 0 0 0 0 0 0 0 0 2 0 1 0 1 0 2 0 0 0 0 0 2 0 0 0 1 0 0 0 1 0 1 0 0 0 0 0 2 0 1 2 0 0 0 1 0 0 0 0 0 0 2 0 0 0 0 0 0 0 0 0 0 0 1 0 2 
0 1 2 2 0 0 0 0 0 0 0 0 1 0 2 0 0 0 0 0 0 0 0 0 2 0 1 0 1 0 2 0 0 0 0 0 2 0 0 0 1 0 0 0 1 0 1 0 0 0 0 0 2 0 1 2 0 0 0 1 0 0 0 0 0 0 2 0 0 0 0 0 0 0 0 0 0 0 1 0 2 
0
0 0 0 0 0 0 0 0 0 
0 1 2 2 0 0 0 0 0 0 0 0 1 0 2 0 0 0 0 1 0 0 0 0 2 0 1 0 1 0 2 0 0 0 0 0 2 0 0 0 1 0 0 0 1 0 1 0 0 0 0 0 2 0 1 2 0 0 0 1 0 0 0 0 0 0 2 0 0 0 0 0 0 0 0 0 0 0 1 0 2 
0 1 2 2 0 0 0 0 0 0 0 0 1 0 2 0 0 0 0 1 0 0 0 0 2 0 1 0 1 0 2 0 0 0 0 0 2 0 0 0 1 0 0 0 1 0 1 0 0 0 0 0 2 0 1 2 0 0 0 1 0 0 0 0 0 0 2 0 0 0 0 0 0 0 0 0 0 0 1 0 2 
0
0 0 0 0 0 0 0 0 0 
0 1 2 2 0 0 0 0 0 0 0 0 1 0 2 0 0 0 0 1 0 0 0 0 2 0 1 0 1 0 2 0 0 0 0 0 2 0 0 0 1 0 0 0 1 0 1 0 0 0 0 0 2 0 1 2 0 0 2 1 0 0 0 0 0 0 2 0 0 0 0 0 0 0 0 0 0 0 1 0 2 
0 1 2 2 0 0 0 0 0 0 0 0 1 0 2 0 0 0 0 1 0 0 0 0 2 0 1 0 1 0 2 0 0 0 0 0 2 0 0 0 1 0 0 0 1 0 1 0 0 0 0 0 2 0 1 2 0 0 2 1 0 0 0 0 0 0 2 0 0 0 0 0 0 0 0 0 0 0 1 0 2 
0
0 0 0 0 0 0 0 0 0 
0 1 2 2 1 0 0 0 0 0 0 0 1 0 2 0 0 0 0 1 0 0 0 0 2 0 1 0 1 0 2 0 0 0 0 0 2 0 0 0 1 0 0 0 1 0 1 0 0 0 0 0 2 0 1 2 0 0 2 1 0 0 0 0 0 0 2 0 0 0 0 0 0 0 0 0 0 0 1 0 2 
0 1 2 2 1 0 0 0 0 0 0 0 1 0 2 0 0 0 0 1 0 0 0 0 2 0 1 0 1 0 2 0 0 0 0 0 2 0 0 0 1 0 0 0 1 0 1 0 0 0 0 0 2 0 1 2 0 0 2 1 0 0 0 0 0 0 2 0 0 0 0 0 0 0 0 0 0 0 1 0 2 
0
0 0 0 0 0 0 0 0 0 
0 1 2 2 1 0 0 0 0 0 0 0 1 0 2 0 0 0 0 1 0 0 2 0 2 0 1 0 1 0 2 0 0 0 0 0 2 0 0 0 1 0 0 0 1 0 1 0 0 0 0 0 2 0 1 2 0 0 2 1 0 0 0 0 0 0 2 0 0 0 0 0 0 0 0 0 0 0 1 0 2 
0 1 2 2 1 0 0 0 0 0 0 0 1 0 2 0 0 0 0 1 0 0 2 0 2 0 1 0 1 0 2 0 0 0 0 0 2 0 0 0 1 0 0 0 1 0 1 0 0 0 0 0 2 0 1 2 0 0 2 1 0 0 0 0 0 0 2 0 0 0 0 0 0 0 0 0 0 0 1 0 2 
0
0 0 0 0 0 0 0 0 0 
0 1 2 2 1 0 0 0 0 0 0 0 1 0 2 0 0 0 0 1 0 0 2 0 2 0 1 0 1 0 2 0 0 0 0 0 2 0 0 0 1 0 0 0 1 0 1 0 0 0 0 0 2 0 1 2 0 0 2 1 0 0 0 0 0 0 2 0 0 0 0 0 0 0 0 1 0 0 1 0 2 
0 1 2 2 1 0 0 0 0 0 0 0 1 0 2 0 0 0 0 1 0 0 2 0 2 0 1 0 1 0 2 0 0 0 0 0 2 0 0 0 1 0 0 0 1 0 1 0 0 0 0 0 2 0 1 2 0 0 2 1 0 0 0 0 0 0 2 0 0 0 0 0 0 0 0 1 0 0 1 0 2 
0
0 0 0 0 0 0 0 0 0 
0 1 2 2 1 0 0 0 0 0 0 0 1 0 2 0 0 0 0 1 0 0 2 0 2 0 1 0 1 0 2 0 0 0 0 0 2 0 0 0 1 0 0 0 1 0 1 0 0 0 0 0 2 0 1 2 0 0 2 1 0 0 0 0 0 0 2 0 0 0 0 0 2 0 0 1 0 0 1 0 2 
0 1 2 2 1 0 0 0 0 0 0 0 1 0 2 0 0 0 0 1 0 0 2 0 2 0 1 0 1 0 2 0 0 0 0 0 2 0 0 0 1 0 0 0 1 0 1 0 0 0 0 0 2 0 1 2 0 0 2 1 0 0 0 0 0 0 2 0 0 0 0 0 2 0 0 1 0 0 1 0 2 
0
0 0 0 0 0 0 0 0 0 
0 1 2 2 1 0 0 0 0 0 0 0 1 0 2 0 0 0 0 1 0 0 2 0 2 0 1 0 1 0 2 0 0 0 0 0 2 0 0 0 1 0 0 0 1 0 1 0 0 0 0 0 2 0 1 2 0 0 2 1 0 0 0 0 0 0 2 0 0 0 0 0 2 0 1 1 0 0 1 0 2 
0 1 2 2 1 0 0 0 0 0 0 0 1 0 2 0 0 0 0 1 0 0 2 0 2 0 1 0 1 0 2 0 0 0 0 0 2 0 0 0 1 0 0 0 1 0 1 0 0 0 0 0 2 0 1 2 0 0 2 1 0 0 0 0 0 0 2 0 0 0 0 0 2 0 1 1 0 0 1 0 2 
0
0 0 0 0 0 0 0 0 0 
0 1 2 2 1 0 0 0 0 0 0 0 1 0 2 0 0 0 0 1 0 0 2 0 2 0 1 0 1 0 2 0 0 0 0 0 2 0 0 0 1 0 0 0 1 0 1 0 0 0 0 0 2 0 1 2 0 0 2 1 0 2 0 0 0 0 2 0 0 0 0 0 2 0 1 1 0 0 1 0 2 
0 1 2 2 1 0 0 0 0 0 0 0 1 0 2 0 0 0 0 1 0 0 2 0 2 0 1 0 1 0 2 0 0 0 0 0 2 0 0 0 1 0 0 0 1 0 1 0 0 0 0 0 2 0 1 2 0 0 2 1 0 2 0 0 0 0 2 0 0 0 0 0 2 0 1 1 0 0 1 0 2 
0
0 0 0 0 0 0 0 0 0 
0 1 2 2 1 1 0 0 0 0 0 0 1 0 2 0 0 0 0 1 0 0 2 0 2 0 1 0 1 0 2 0 0 0 0 0 2 0 0 0 1 0 0 0 1 0 1 0 0 0 0 0 2 0 1 2 0 0 2 1 0 2 0 0 0 0 2 0 0 0 0 0 2 0 1 1 0 0 1 0 2 
0 1 2 2 1 1 0 0 0 0 0 0 1 0 2 0 0 0 0 1 0 0 2 0 2 0 1 0 1 0 2 0 0 0 0 0 2 0 0 0 1 0 0 0 1 0 1 0 0 0 0 0 2 0 1 2 0 0 2 1 0 2 0 0 0 0 2 0 0 0 0 0 2 0 1 1 0 0 1 0 2 
0
0 0 0 0 0 0 0 0 0 
0 1 2 2 1 1 0 2 0 0 0 0 1 0 2 0 0 0 0 1 0 0 2 0 2 0 1 0 1 0 2 0 0 0 0 0 2 0 0 0 1 0 0 0 1 0 1 0 0 0 0 0 2 0 1 2 0 0 2 1 0 2 0 0 0 0 2 0 0 0 0 0 2 0 1 1 0 0 1 0 2 
0 1 2 2 1 1 0 2 0 0 0 0 1 0 2 0 0 0 0 1 0 0 2 0 2 0 1 0 1 0 2 0 0 0 0 0 2 0 0 0 1 0 0 0 1 0 1 0 0 0 0 0 2 0 1 2 0 0 2 1 0 2 0 0 0 0 2 0 0 0 0 0 2 0 1 1 0 0 1 0 2 
0
0 0 0 0 0 0 0 0 0 
0 1 2 2 1 1 0 2 0 0 0 0 1 1 2 0 0 0 0 1 0 0 2 0 2 0 1 0 1 0 2 0 0 0 0 0 2 0 0 0 1 0 0 0 1 0 1 0 0 0 0 0 2 0 1 2 0 0 2 1 0 2 0 0 0 0 2 0 0 0 0 0 2 0 1 1 0 0 1 0 2 
0 1 2 2 1 1 0 2 0 0 0 0 1 1 2 0 0 0 0 1 0 0 2 0 2 0 1 0 1 0 2 0 0 0 0 0 2 0 0 0 1 0 0 0 1 0 1 0 0 0 0 0 2 0 1 2 0 0 2 1 0 2 0 0 0 0 2 0 0 0 0 0 2 0 1 1 0 0 1 0 2 
0
0 0 0 0 0 0 0 0 0 
0 1 2 2 1 1 0 2 0 0 0 0 1 1 2 0 0 0 0 1 0 0 2 0 2 0 1 0 1 0 2 0 2 0 0 0 2 0 0 0 1 0 0 0 1 0 1 0 0 0 0 0 2 0 1 2 0 0 2 1 0 2 0 0 0 0 2 0 0 0 0 0 2 0 1 1 0 0 1 0 2 
0 1 2 2 1 1 0 2 0 0 0 0 1 1 2 0 0 0 0 1 0 0 2 0 2 0 1 0 1 0 2 0 2 0 0 0 2 0 0 0 1 0 0 0 1 0 1 0 0 0 0 0 2 0 1 2 0 0 2 1 0 2 0 0 0 0 2 0 0 0 0 0 2 0 1 1 0 0 1 0 2 
0
0 0 0 0 0 0 0 0 0 
0 1 2 2 1 1 0 2 0 0 0 0 1 1 2 0 0 1 0 1 0 0 2 0 2 0 1 0 1 0 2 0 2 0 0 0 2 0 0 0 1 0 0 0 1 0 1 0 0 0 0 0 2 0 1 2 0 0 2 1 0 2 0 0 0 0 2 0 0 0 0 0 2 0 1 1 0 0 1 0 2 
0 1 2 2 1 1 0 2 0 0 0 0 1 1 2 0 0 1 0 1 0 0 2 0 2 0 1 0 1 0 2 0 2 0 0 0 2 0 0 0 1 0 0 0 1 0 1 0 0 0 0 0 2 0 1 2 0 0 2 1 0 2 0 0 0 0 2 0 0 0 0 0 2 0 1 1 0 0 1 0 2 
0
0 0 0 0 0 0 0 0 0 
0 1 2 2 1 1 0 2 0 0 0 0 1 1 2 0 0 1 0 1 0 0 2 0 2 0 1 0 1 0 2 0 2 0 0 0 2 0 0 0 1 0 0 0 1 0 1 0 0 0 0 2 2 0 1 2 0 0 2 1 0 2 0 0 0 0 2 0 0 0 0 0 2 0 1 1 0 0 1 0 2 
0 1 2 2 1 1 0 2 0 0 0 0 1 1 2 0 0 1 0 1 0 0 2 0 2 0 1 0 1 0 2 0 2 0 0 0 2 0 0 0 1 0 0 0 1 0 1 0 0 0 0 2 2 0 1 2 0 0 2 1 0 2 0 0 0 0 2 0 0 0 0 0 2 0 1 1 0 0 1 0 2 
0
0 0 0 0 0 0 1 0 0 
0 1 2 2 1 1 0 2 0 0 0 0 1 1 2 0 0 1 0 1 0 0 2 0 2 0 1 0 1 0 2 0 2 0 0 0 2 0 0 0 1 0 0 0 1 0 1 0 0 0 0 2 2 0 1 2 0 0 2 1 0 2 0 0 1 0 2 0 0 0 0 0 2 0 1 1 0 0 1 0 2 
0 1 2 2 1 1 0 2 0 0 0 0 1 1 2 0 0 1 0 1 0 0 2 0 2 0 1 0 1 0 2 0 2 0 0 0 2 0 0 0 1 0 0 0 1 0 1 0 0 0 0 2 2 0 17 18 16 0 2 1 0 2 0 16 17 16 2 0 0 0 0 0 18 16 17 1 0 0 1 0 2 
0
0 0 0 0 2 0 1 0 0 
0 1 2 2 1 1 0 2 0 0 0 0 1 1 2 0 0 1 0 1 0 0 2 0 2 0 1 0 1 0 2 2 2 0 0 0 2 0 0 0 1 0 0 0 1 0 1 0 0 0 0 2 2 0 1 2 0 0 2 1 0 2 0 0 1 0 2 0 0 0 0 0 2 0 1 1 0 0 1 0 2 
0 1 2 2 1 1 0 2 0 0 0 0 1 1 2 0 0 1 0 1 0 0 2 0 2 0 1 0 1 0 34 34 34 0 0 0 2 0 0 32 33 32 0 0 1 0 1 0 32 32 32 2 2 0 17 18 16 0 2 1 0 2 0 16 17 16 2 0 0 0 0 0 18 16 17 1 0 0 1 0 2 
0
0 1 0 0 2 0 1 0 0 
0 1 2 2 1 1 0 2 0 0 0 0 1 1 2 0 0 1 0 1 0 1 2 0 2 0 1 0 1 0 2 2 2 0 0 0 2 0 0 0 1 0 0 0 1 0 1 0 0 0 0 2 2 0 1 2 0 0 2 1 0 2 0 0 1 0 2 0 0 0 0 0 2 0 1 1 0 0 1 0 2 
0 1 2 18 17 17 0 2 0 0 0 0 17 17 18 0 0 1 0 1 0 17 18 16 2 0 1 0 1 0 34 34 34 0 0 0 2 0 0 32 33 32 0 0 1 0 1 0 32 32 32 2 2 0 17 18 16 0 2 1 0 2 0 16 17 16 2 0 0 0 0 0 18 16 17 1 0 0 1 0 2 
0
0 1 0 0 2 0 1 0 0 
0 1 2 2 1 1 0 2 0 0 0 0 1 1 2 0 0 1 0 1 2 1 2 0 2 0 1 0 1 0 2 2 2 0 0 0 2 0 0 0 1 0 0 0 1 0 1 0 0 0 0 2 2 0 1 2 0 0 2 1 0 2 0 0 1 0 2 0 0 0 0 0 2 0 1 1 0 0 1 0 2 
0 1 2 18 17 17 0 2 0 0 0 0 17 17 18 0 0 1 0 1 2 17 18 16 2 0 1 0 1 0 34 34 34 0 0 0 2 0 0 32 33 32 0 0 1 0 1 0 32 32 32 2 2 0 17 18 16 0 2 1 0 2 0 16 17 16 2 0 0 0 0 0 18 16 17 1 0 0 1 0 2 
0
0 1 0 0 2 0 1 0 0 
0 1 2 2 1 1 0 2 0 0 0 0 1 1 2 0 0 1 0 1 2 1 2 0 2 0 1 0 1 0 2 2 2 0 0 0 2 0 0 0 1 0 0 0 1 0 1 0 0 0 0 2 2 0 1 2 0 0 2 1 0 2 0 0 1 0 2 0 0 1 0 0 2 0 1 1 0 0 1 0 2 
0 1 2 18 17 17 0 2 0 0 0 0 17 17 18 0 0 1 0 1 2 17 18 16 2 0 1 0 1 0 34 34 34 0 0 0 2 0 0 32 33 32 0 0 1 0 1 0 32 32 32 2 2 0 17 18 16 0 2 1 0 2 0 16 17 16 2 0 0 1 0 0 18 16 17 1 0 0 1 0 2 
0
0 1 0 0 2 0 1 0 0 
0 1 2 2 1 1 0 2 0 0 0 0 1 1 2 0 0 1 0 1 2 1 2 0 2 0 1 0 1 0 2 2 2 0 0 0 2 0 2 0 1 0 0 0 1 0 1 0 0 0 0 2 2 0 1 2 0 0 2 1 0 2 0 0 1 0 2 0 0 1 0 0 2 0 1 1 0 0 1 0 2 
0 1 2 18 17 17 0 2 0 0 0 0 17 17 18 0 0 1 0 1 2 17 18 16 2 0 1 0 1 0 34 34 34 0 0 0 2 0 2 32 33 32 0 0 1 0 1 0 32 32 32 2 2 0 17 18 16 0 2 1 0 2 0 16 17 16 2 0 0 1 0 0 18 16 17 1 0 0 1 0 2 
0
0 1 0 0 2 0 1 0 0 
0 1 2 2 1 1 0 2 0 0 0 0 1 1 2 0 0 1 0 1 2 1 2 0 2 0 1 0 1 0 2 2 2 0 0 0 2 0 2 0 1 0 1 0 1 0 1 0 0 0 0 2 2 0 1 2 0 0 2 1 0 2 0 0 1 0 2 0 0 1 0 0 2 0 1 1 0 0 1 0 2 
0 1 2 18 17 17 0 2 0 0 0 0 17 17 18 0 0 1 0 1 2 17 18 16 2 0 1 0 1 0 34 34 34 0 0 0 2 0 2 32 33 32 1 0 1 0 1 0 32 32 32 2 2 0 17 18 16 0 2 1 0 2 0 16 17 16 2 0 0 1 0 0 18 16 17 1 0 0 1 0 2 
0
0 1 0 0 2 0 1 0 0 
0 1 2 2 1 1 0 2 0 0 0 0 1 1 2 0 0 1 0 1 2 1 2 0 2 0 1 0 1 2 2 2 2 0 0 0 2 0 2 0 1 0 1 0 1 0 1 0 0 0 0 2 2 0 1 2 0 0 2 1 0 2 0 0 1 0 2 0 0 1 0 0 2 0 1 1 0 0 1 0 2 
0 1 2 18 17 17 0 2 0 0 0 0 17 17 18 0 0 1 0 1 2 17 18 16 2 0 1 0 1 2 34 34 34 0 0 0 2 0 2 32 33 32 1 0 1 0 1 0 32 32 32 2 2 0 17 18 16 0 2 1 0 2 0 16 17 16 2 0 0 1 0 0 18 16 17 1 0 0 1 0 2 
0
0 1 1 0 2 0 1 0 0 
0 1 2 2 1 1 0 2 1 0 0 0 1 1 2 0 0 1 0 1 2 1 2 0 2 0 1 0 1 2 2 2 2 0 0 0 2 0 2 0 1 0 1 0 1 0 1 0 0 0 0 2 2 0 1 2 0 0 2 1 0 2 0 0 1 0 2 0 0 1 0 0 2 0 1 1 0 0 1 0 2 
0 1 2 18 17 17 16 18 17 0 0 0 17 17 18 16 16 17 0 1 2 17 18 16 18 16 17 0 1 2 34 34 34 0 0 0 2 0 2 32 33 32 1 0 1 0 1 0 32 32 32 2 2 0 17 18 16 0 2 1 0 2 0 16 17 16 2 0 0 1 0 0 18 16 17 1 0 0 1 0 2 
0
2 1 1 0 2 0 1 0 0 
0 1 2 2 1 1 0 2 1 0 0 2 1 1 2 0 0 1 0 1 2 1 2 0 2 0 1 0 1 2 2 2 2 0 0 0 2 0 2 0 1 0 1 0 1 0 1 0 0 0 0 2 2 0 1 2 0 0 2 1 0 2 0 0 1 0 2 0 0 1 0 0 2 0 1 1 0 0 1 0 2 
32 33 34 18 17 17 16 18 17 32 32 34 17 17 18 16 16 17 32 33 34 17 18 16 18 16 17 0 1 2 34 34 34 0 0 0 2 0 2 32 33 32 1 0 1 0 1 0 32 32 32 2 2 0 17 18 16 0 2 1 0 2 0 16 17 16 2 0 0 1 0 0 18 16 17 1 0 0 1 0 2 
0
2 1 1 0 2 1 1 0 0 
0 1 2 2 1 1 0 2 1 0 0 2 1 1 2 0 0 1 0 1 2 1 2 0 2 0 1 0 1 2 2 2 2 0 0 0 2 0 2 0 1 0 1 1 1 0 1 0 0 0 0 2 2 0 1 2 0 0 2 1 0 2 0 0 1 0 2 0 0 1 0 0 2 0 1 1 0 0 1 0 2 
32 33 34 18 17 17 16 18 17 32 32 34 17 17 18 16 16 17 32 33 34 17 18 16 18 16 17 0 1 2 34 34 34 16 16 16 2 0 2 32 33 32 17 17 17 0 1 0 32 32 32 18 18 16 17 18 16 0 2 1 0 2 0 16 17 16 2 0 0 1 0 0 18 16 17 1 0 0 1 0 2 
0
2 1 1 0 2 1 1 0 0 
0 1 2 2 1 1 0 2 1 0 0 2 1 1 2 0 0 1 0 1 2 1 2 0 2 0 1 0 1 2 2 2 2 0 0 0 2 0 2 0 1 0 1 1 1 0 1 0 0 0 0 2 2 0 1 2 0 0 2 1 0 2 0 0 1 0 2 0 0 1 0 0 2 0 1 1 2 0 1 0 2 
32 33 34 18 17 17 16 18 17 32 32 34 17 17 18 16 16 17 32 33 34 17 18 16 18 16 17 0 1 2 34 34 34 16 16 16 2 0 2 32 33 32 17 17 17 0 1 0 32 32 32 18 18 16 17 18 16 0 2 1 0 2 0 16 17 16 2 0 0 1 0 0 18 16 17 1 2 0 1 0 2 
0
2 1 1 0 2 1 1 1 0 
0 1 2 2 1 1 0 2 1 0 0 2 1 1 2 0 0 1 0 1 2 1 2 0 2 0 1 0 1 2 2 2 2 0 0 0 2 0 2 0 1 0 1 1 1 0 1 0 0 0 0 2 2 0 1 2 0 0 2 1 0 2 0 0 1 0 2 1 0 1 0 0 2 0 1 1 2 0 1 0 2 
32 33 34 18 17 17 16 18 17 32 32 34 17 17 18 16 16 17 32 33 34 17 18 16 18 16 17 0 1 2 34 34 34 16 16 16 2 0 2 32 33 32 17 17 17 0 1 0 32 32 32 18 18 16 17 18 16 16 18 17 0 2 0 16 17 16 18 17 16 1 0 0 18 16 17 17 18 16 1 0 2 
0
2 1 1 0 2 1 1 1 0 
0 1 2 2 1 1 0 2 1 0 0 2 1 1 2 0 0 1 0 1 2 1 2 0 2 0 1 0 1 2 2 2 2 0 0 0 2 0 2 0 1 0 1 1 1 0 1 0 0 0 0 2 2 0 1 2 0 0 2 1 2 2 0 0 1 0 2 1 0 1 0 0 2 0 1 1 2 0 1 0 2 
32 33 34 18 17 17 16 18 17 32 32 34 17 17 18 16 16 17 32 33 34 17 18 16 18 16 17 0 1 2 34 34 34 16 16 16 2 0 2 32 33 32 17 17 17 0 1 0 32 32 32 18 18 16 17 18 16 16 18 17 2 2 0 16 17 16 18 17 16 1 0 0 18 16 17 17 18 16 1 0 2 
0
2 1 1 1 2 1 1 1 0 
0 1 2 2 1 1 0 2 1 0 0 2 1 1 2 0 0 1 0 1 2 1 2 0 2 0 1 0 1 2 2 2 2 0 0 0 2 1 2 0 1 0 1 1 1 0 1 0 0 0 0 2 2 0 1 2 0 0 2 1 2 2 0 0 1 0 2 1 0 1 0 0 2 0 1 1 2 0 1 0 2 
32 33 34 18 17 17 16 18 17 32 32 34 17 17 18 16 16 17 32 33 34 17 18 16 18 16 17 16 17 18 34 34 34 16 16 16 18 17 18 32 33 32 17 17 17 16 17 16 32 32 32 18 18 16 17 18 16 16 18 17 2 2 0 16 17 16 18 17 16 1 0 0 18 16 17 17 18 16 1 0 2 
0
2 1 1 1 2 1 1 1 2 
0 1 2 2 1 1 0 2 1 0 0 2 1 1 2 0 0 1 0 1 2 1 2 0 2 0 1 0 1 2 2 2 2 0 0 0 2 1 2 0 1 0 1 1 1 0 1 0 0 0 0 2 2 0 1 2 0 0 2 1 2 2 2 0 1 0 2 1 0 1 0 0 2 0 1 1 2 0 1 0 2 
32 33 34 18 17 17 16 18 17 32 32 34 17 17 18 16 16 17 32 33 34 17 18 16 18 16 17 16 17 18 34 34 34 16 16 16 18 17 18 32 33 32 17 17 17 16 17 16 32 32 32 18 18 16 17 18 16 16 18 17 34 34 34 16 17 16 18 17 16 33 32 32 18 16 17 17 18 16 33 32 34 
0
2 1 1 1 2 1 1 1 2 
0 1 2 2 1 1 0 2 1 0 0 2 1 1 2 0 0 1 0 1 2 1 2 0 2 0 1 0 1 2 2 2 2 0 0 0 2 1 2 0 1 0 1 1 1 0 1 0 0 0 0 2 2 0 1 2 0 0 2 1 2 2 2 0 1 0 2 1 0 1 0 0 2 0 1 1 2 0 1 0 2 
32 33 34 18 17 17 16 18 17 32 32 34 17 17 18 16 16 17 32 33 34 17 18 16 18 16 17 16 17 18 34 34 34 16 16 16 18 17 18 32 33 32 17 17 17 16 17 16 32 32 32 18 18 16 17 18 16 16 18 17 34 34 34 16 17 16 18 17 16 33 32 32 18 16 17 17 18 16 33 32 34 
0
