0 0 0 0 0 0 0 0 0 
0 0 0 0 0 0 0 0 0 0 0 0 0 0 0 0 0 0 0 0 0 0 0 0 0 0 0 0 0 0 0 0 0 0 0 0 0 0 0 0 1 0 0 0 0 0 0 0 0 0 0 0 0 0 0 0 0 0 0 0 0 0 0 0 0 0 0 0 0 0 0 0 0 0 0 0 0 0 0 0 0 
0 0 0 0 0 0 0 0 0 0 0 0 0 0 0 0 0 0 0 0 0 0 0 0 0 0 0 0 0 0 0 0 0 0 0 0 0 0 0 0 1 0 0 0 0 0 0 0 0 0 0 0 0 0 0 0 0 0 0 0 0 0 0 0 0 0 0 0 0 0 0 0 0 0 0 0 0 0 0 0 0 
0
0 0 0 0 0 0 0 0 0 
0 0 0 0 0 0 0 0 0 0 0 0 0 0 0 0 0 0 0 0 0 0 0 0 0 0 0 0 0 0 2 0 0 0 0 0 0 0 0 0 1 0 0 0 0 0 0 0 0 0 0 0 0 0 0 0 0 0 0 0 0 0 0 0 0 0 0 0 0 0 0 0 0 0 0 0 0 0 0 0 0 
0 0 0 0 0 0 0 0 0 0 0 0 0 0 0 0 0 0 0 0 0 0 0 0 0 0 0 0 0 0 2 0 0 0 0 0 0 0 0 0 1 0 0 0 0 0 0 0 0 0 0 0 0 0 0 0 0 0 0 0 0 0 0 0 0 0 0 0 0 0 0 0 0 0 0 0 0 0 0 0 0 
0
0 0 0 0 0 0 0 0 0 
1 0 0 0 0 0 0 0 0 0 0 0 0 0 0 0 0 0 0 0 0 0 0 0 0 0 0 0 0 0 2 0 0 0 0 0 0 0 0 0 1 0 0 0 0 0 0 0 0 0 0 0 0 0 0 0 0 0 0 0 0 0 0 0 0 0 0 0 0 0 0 0 0 0 0 0 0 0 0 0 0 
1 0 0 0 0 0 0 0 0 0 0 0 0 0 0 0 0 0 0 0 0 0 0 0 0 0 0 0 0 0 2 0 0 0 0 0 0 0 0 0 1 0 0 0 0 0 0 0 0 0 0 0 0 0 0 0 0 0 0 0 0 0 0 0 0 0 0 0 0 0 0 0 0 0 0 0 0 0 0 0 0 
0
0 0 0 0 0 0 0 0 0 
1 0 2 0 0 0 0 0 0 0 0 0 0 0 0 0 0 0 0 0 0 0 0 0 0 0 0 0 0 0 2 0 0 0 0 0 0 0 0 0 1 0 0 0 0 0 0 0 0 0 0 0 0 0 0 0 0 0 0 0 0 0 0 0 0 0 0 0 0 0 0 0 0 0 0 0 0 0 0 0 0 
1 0 2 0 0 0 0 0 0 0 0 0 0 0 0 0 0 0 0 0 0 0 0 0 0 0 0 0 0 0 2 0 0 0 0 0 0 0 0 0 1 0 0 0 0 0 0 0 0 0 0 0 0 0 0 0 0 0 0 0 0 0 0 0 0 0 0 0 0 0 0 0 0 0 0 0 0 0 0 0 0 
0
0 0 0 0 0 0 0 0 0 
1 0 2 0 0 0 0 0 1 0 0 0 0 0 0 0 0 0 0 0 0 0 0 0 0 0 0 0 0 0 2 0 0 0 0 0 0 0 0 0 1 0 0 0 0 0 0 0 0 0 0 0 0 0 0 0 0 0 0 0 0 0 0 0 0 0 0 0 0 0 0 0 0 0 0 0 0 0 0 0 0 
1 0 2 0 0 0 0 0 1 0 0 0 0 0 0 0 0 0 0 0 0 0 0 0 0 0 0 0 0 0 2 0 0 0 0 0 0 0 0 0 1 0 0 0 0 0 0 0 0 0 0 0 0 0 0 0 0 0 0 0 0 0 0 0 0 0 0 0 0 0 0 0 0 0 0 0 0 0 0 0 0 
0
0 0 0 0 0 0 0 0 0 
1 0 2 0 0 0 0 0 1 0 0 0 0 0 0 0 0 0 0 0 0 0 0 0 0 2 0 0 0 0 2 0 0 0 0 0 0 0 0 0 1 0 0 0 0 0 0 0 0 0 0 0 0 0 0 0 0 0 0 0 0 0 0 0 0 0 0 0 0 0 0 0 0 0 0 0 0 0 0 0 0 
1 0 2 0 0 0 0 0 1 0 0 0 0 0 0 0 0 0 0 0 0 0 0 0 0 2 0 0 0 0 2 0 0 0 0 0 0 0 0 0 1 0 0 0 0 0 0 0 0 0 0 0 0 0 0 0 0 0 0 0 0 0 0 0 0 0 0 0 0 0 0 0 0 0 0 0 0 0 0 0 0 
0
0 0 0 0 0 0 0 0 0 
1 0 2 0 0 0 0 0 1 0 0 0 0 0 0 0 0 0 0 0 0 0 0 0 0 2 0 0 0 0 2 0 0 0 0 0 0 0 0 0 1 0 0 0 0 0 0 0 0 0 0 0 0 0 0 0 0 0 0 0 0 0 0 0 0 0 0 0 0 0 0 0 0 0 0 1 0 0 0 0 0 
1 0 2 0 0 0 0 0 1 0 0 0 0 0 0 0 0 0 0 0 0 0 0 0 0 2 0 0 0 0 2 0 0 0 0 0 0 0 0 0 1 0 0 0 0 0 0 0 0 0 0 0 0 0 0 0 0 0 0 0 0 0 0 0 0 0 0 0 0 0 0 0 0 0 0 1 0 0 0 0 0 
0
0 0 0 0 0 0 0 0 0 
1 0 2 0 0 0 0 0 1 0 0 0 0 0 0 0 0 0 0 0 0 0 0 0 0 2 0 0 0 0 2 0 0 0 0 0 0 0 0 0 1 0 0 0 0 0 0 0 0 0 0 0 0 0 0 0 0 0 0 0 0 0 0 2 0 0 0 0 0 0 0 0 0 0 0 1 0 0 0 0 0 
1 0 2 0 0 0 0 0 1 0 0 0 0 0 0 0 0 0 0 0 0 0 0 0 0 2 0 0 0 0 2 0 0 0 0 0 0 0 0 0 1 0 0 0 0 0 0 0 0 0 0 0 0 0 0 0 0 0 0 0 0 0 0 2 0 0 0 0 0 0 0 0 0 0 0 1 0 0 0 0 0 
0
0 0 0 0 0 0 0 0 0 
1 0 2 0 0 0 0 0 1 0 0 0 0 0 0 0 0 0 0 0 0 0 0 0 0 2 0 0 0 0 2 0 0 0 0 0 1 0 0 0 1 0 0 0 0 0 0 0 0 0 0 0 0 0 0 0 0 0 0 0 0 0 0 2 0 0 0 0 0 0 0 0 0 0 0 1 0 0 0 0 0 
1 0 2 0 0 0 0 0 1 0 0 0 0 0 0 0 0 0 0 0 0 0 0 0 0 2 0 0 0 0 2 0 0 0 0 0 1 0 0 0 1 0 0 0 0 0 0 0 0 0 0 0 0 0 0 0 0 0 0 0 0 0 0 2 0 0 0 0 0 0 0 0 0 0 0 1 0 0 0 0 0 
0
0 0 0 0 0 0 0 0 0 
1 0 2 0 0 0 0 0 1 0 0 0 0 0 0 0 0 0 0 0 0 0 0 0 0 2 0 0 0 0 2 0 0 0 0 0 1 0 0 0 1 0 0 0 0 0 2 0 0 0 0 0 0 0 0 0 0 0 0 0 0 0 0 2 0 0 0 0 0 0 0 0 0 0 0 1 0 0 0 0 0 
1 0 2 0 0 0 0 0 1 0 0 0 0 0 0 0 0 0 0 0 0 0 0 0 0 2 0 0 0 0 2 0 0 0 0 0 1 0 0 0 1 0 0 0 0 0 2 0 0 0 0 0 0 0 0 0 0 0 0 0 0 0 0 2 0 0 0 0 0 0 0 0 0 0 0 1 0 0 0 0 0 
0
0 0 0 0 0 0 0 0 0 
1 0 2 0 0 0 0 0 1 0 0 0 0 0 0 0 0 0 0 0 0 0 0 0 0 2 0 0 0 0 2 0 0 0 0 0 1 0 0 0 1 0 0 0 0 0 2 0 0 0 0 0 0 0 0 0 0 0 0 0 0 0 0 2 0 0 0 0 0 0 0 0 0 0 0 1 0 1 0 0 0 
1 0 2 0 0 0 0 0 1 0 0 0 0 0 0 0 0 0 0 0 0 0 0 0 0 2 0 0 0 0 2 0 0 0 0 0 1 0 0 0 1 0 0 0 0 0 2 0 0 0 0 0 0 0 0 0 0 0 0 0 0 0 0 2 0 0 0 0 0 0 0 0 0 0 0 1 0 1 0 0 0 
0
0 0 0 0 0 0 0 0 0 
1 0 2 0 0 0 0 0 1 0 0 0 0 0 0 0 0 0 0 0 0 0 0 0 0 2 0 0 0 0 2 0 0 0 0 0 1 0 0 0 1 0 0 0 0 0 2 0 0 0 0 0 0 0 0 0 0 0 0 0 0 0 2 2 0 0 0 0 0 0 0 0 0 0 0 1 0 1 0 0 0 
1 0 2 0 0 0 0 0 1 0 0 0 0 0 0 0 0 0 0 0 0 0 0 0 0 2 0 0 0 0 2 0 0 0 0 0 1 0 0 0 1 0 0 0 0 0 2 0 0 0 0 0 0 0 0 0 0 0 0 0 0 0 2 2 0 0 0 0 0 0 0 0 0 0 0 1 0 1 0 0 0 
0
0 0 0 0 0 0 0 0 0 
1 0 2 0 0 0 0 1 1 0 0 0 0 0 0 0 0 0 0 0 0 0 0 0 0 2 0 0 0 0 2 0 0 0 0 0 1 0 0 0 1 0 0 0 0 0 2 0 0 0 0 0 0 0 0 0 0 0 0 0 0 0 2 2 0 0 0 0 0 0 0 0 0 0 0 1 0 1 0 0 0 
1 0 2 0 0 0 0 1 1 0 0 0 0 0 0 0 0 0 0 0 0 0 0 0 0 2 0 0 0 0 2 0 0 0 0 0 1 0 0 0 1 0 0 0 0 0 2 0 0 0 0 0 0 0 0 0 0 0 0 0 0 0 2 2 0 0 0 0 0 0 0 0 0 0 0 1 0 1 0 0 0 
0
0 0 0 0 0 0 0 0 0 
1 0 2 0 0 0 0 1 1 0 0 0 0 0 2 0 0 0 0 0 0 0 0 0 0 2 0 0 0 0 2 0 0 0 0 0 1 0 0 0 1 0 0 0 0 0 2 0 0 0 0 0 0 0 0 0 0 0 0 0 0 0 2 2 0 0 0 0 0 0 0 0 0 0 0 1 0 1 0 0 0 
1 0 2 0 0 0 0 1 1 0 0 0 0 0 2 0 0 0 0 0 0 0 0 0 0 2 0 0 0 0 2 0 0 0 0 0 1 0 0 0 1 0 0 0 0 0 2 0 0 0 0 0 0 0 0 0 0 0 0 0 0 0 2 2 0 0 0 0 0 0 0 0 0 0 0 1 0 1 0 0 0 
0
0 0 0 0 0 0 0 0 0 
1 0 2 0 0 0 0 1 1 0 0 0 0 0 2 0 0 0 0 0 0 0 0 0 0 2 0 0 0 0 2 0 0 0 0 0 1 0 0 0 1 0 0 0 0 0 2 0 0 0 0 0 1 0 0 0 0 0 0 0 0 0 2 2 0 0 0 0 0 0 0 0 0 0 0 1 0 1 0 0 0 
1 0 2 0 0 0 0 1 1 0 0 0 0 0 2 0 0 0 0 0 0 0 0 0 0 2 0 0 0 0 2 0 0 0 0 0 1 0 0 0 1 0 0 0 0 0 2 0 0 0 0 0 1 0 0 0 0 0 0 0 0 0 2 2 0 0 0 0 0 0 0 0 0 0 0 1 0 1 0 0 0 
0
0 0 0 0 0 0 0 0 0 
1 0 2 0 0 0 0 1 1 0 0 0 0 0 2 0 0 0 0 0 0 0 0 0 0 2 0 0 0 0 2 0 0 0 0 0 1 0 0 0 1 0 0 0 0 0 2 0 0 0 0 0 1 0 0 0 0 0 0 0 0 0 2 2 0 0 0 0 0 0 0 0 0 0 0 1 2 1 0 0 0 
1 0 2 0 0 0 0 1 1 0 0 0 0 0 2 0 0 0 0 0 0 0 0 0 0 2 0 0 0 0 2 0 0 0 0 0 1 0 0 0 1 0 0 0 0 0 2 0 0 0 0 0 1 0 0 0 0 0 0 0 0 0 2 2 0 0 0 0 0 0 0 0 0 0 0 1 2 1 0 0 0 
0
0 0 0 0 0 0 0 0 0 
1 0 2 0 0 0 0 1 1 0 0 0 0 0 2 0 0 0 0 0 0 0 0 0 0 2 0 0 0 0 2 0 0 0 0 0 1 0 0 0 1 0 0 0 0 0 2 0 0 0 0 0 1 0 0 0 0 0 0 0 0 0 2 2 0 0 0 1 0 0 0 0 0 0 0 1 2 1 0 0 0 
1 0 2 0 0 0 0 1 1 0 0 0 0 0 2 0 0 0 0 0 0 0 0 0 0 2 0 0 0 0 2 0 0 0 0 0 1 0 0 0 1 0 0 0 0 0 2 0 0 0 0 0 1 0 0 0 0 0 0 0 0 0 2 2 0 0 0 1 0 0 0 0 0 0 0 1 2 1 0 0 0 
0
0 0 0 0 0 0 0 0 0 
1 0 2 0 0 0 0 1 1 0 0 0 0 0 2 0 0 0 0 0 0 0 0 0 0 2 0 0 0 0 2 0 0 0 0 0 1 0 0 0 1 0 0 0 0 0 2 0 2 0 0 0 1 0 0 0 0 0 0 0 0 0 2 2 0 0 0 1 0 0 0 0 0 0 0 1 2 1 0 0 0 
1 0 2 0 0 0 0 1 1 0 0 0 0 0 2 0 0 0 0 0 0 0 0 0 0 2 0 0 0 0 2 0 0 0 0 0 1 0 0 0 1 0 0 0 0 0 2 0 2 0 0 0 1 0 0 0 0 0 0 0 0 0 2 2 0 0 0 1 0 0 0 0 0 0 0 1 2 1 0 0 0 
0
0 0 0 0 0 0 0 0 0 
1 0 2 0 0 0 0 1 1 0 0 0 0 0 2 0 0 0 0 0 0 0 0 0 0 2 0 0 0 0 2 0 0 0 0 0 1 0 0 0 1 0 0 0 0 0 2 0 2 0 0 0 1 0 0 0 0 0 0 0 0 0 2 2 0 1 0 1 0 0 0 0 0 0 0 1 2 1 0 0 0 
1 0 2 0 0 0 0 1 1 0 0 0 0 0 2 0 0 0 0 0 0 0 0 0 0 2 0 0 0 0 2 0 0 0 0 0 1 0 0 0 1 0 0 0 0 0 2 0 2 0 0 0 1 0 0 0 0 0 0 0 0 0 2 2 0 1 0 1 0 0 0 0 0 0 0 1 2 1 0 0 0 
0
0 0 0 0 0 0 0 0 0 
1 0 2 0 0 0 0 1 1 0 0 0 0 0 2 0 0 0 0 0 0 0 0 0 0 2 0 0 0 0 2 0 0 0 0 0 1 0 0 0 1 0 2 0 0 0 2 0 2 0 0 0 1 0 0 0 0 0 0 0 0 0 2 2 0 1 0 1 0 0 0 0 0 0 0 1 2 1 0 0 0 
1 0 2 0 0 0 0 1 1 0 0 0 0 0 2 0 0 0 0 0 0 0 0 0 0 2 0 0 0 0 2 0 0 0 0 0 1 0 0 0 1 0 2 0 0 0 2 0 2 0 0 0 1 0 0 0 0 0 0 0 0 0 2 2 0 1 0 1 0 0 0 0 0 0 0 1 2 1 0 0 0 
0
0 0 0 0 0 0 0 0 0 
1 0 2 0 0 0 0 1 1 0 0 0 0 0 2 0 0 0 0 0 0 0 0 0 0 2 0 0 0 0 2 0 0 0 0 0 1 0 0 0 1 0 2 0 0 1 2 0 2 0 0 0 1 0 0 0 0 0 0 0 0 0 2 2 0 1 0 1 0 0 0 0 0 0 0 1 2 1 0 0 0 
1 0 2 0 0 0 0 1 1 0 0 0 0 0 2 0 0 0 0 0 0 0 0 0 0 2 0 0 0 0 2 0 0 0 0 0 1 0 0 0 1 0 2 0 0 1 2 0 2 0 0 0 1 0 0 0 0 0 0 0 0 0 2 2 0 1 0 1 0 0 0 0 0 0 0 1 2 1 0 0 0 
0
0 0 0 0 0 0 0 0 0 
1 0 2 0 0 0 0 1 1 0 0 0 0 0 2 0 0 0 0 0 0 0 0 0 0 2 0 0 0 0 2 0 0 0 0 0 1 0 0 0 1 0 2 0 0 1 2 0 2 0 0 0 1 0 0 0 0 0 0 0 0 0 2 2 0 1 0 1 0 0 0 0 2 0 0 1 2 1 0 0 0 
1 0 2 0 0 0 0 1 1 0 0 0 0 0 2 0 0 0 0 0 0 0 0 0 0 2 0 0 0 0 2 0 0 0 0 0 1 0 0 0 1 0 2 0 0 1 2 0 2 0 0 0 1 0 0 0 0 0 0 0 0 0 2 2 0 1 0 1 0 0 0 0 2 0 0 1 2 1 0 0 0 
0
0 0 0 0 0 0 0 0 0 
1 0 2 0 0 0 0 1 1 0 0 0 0 0 2 0 0 0 0 0 0 0 0 0 0 2 0 0 0 0 2 0 0 0 0 0 1 0 0 0 1 0 2 0 0 1 2 0 2 0 0 0 1 0 1 0 0 0 0 0 0 0 2 2 0 1 0 1 0 0 0 0 2 0 0 1 2 1 0 0 0 
1 0 2 0 0 0 0 1 1 0 0 0 0 0 2 0 0 0 0 0 0 0 0 0 0 2 0 0 0 0 2 0 0 0 0 0 1 0 0 0 1 0 2 0 0 1 2 0 2 0 0 0 1 0 1 0 0 0 0 0 0 0 2 2 0 1 0 1 0 0 0 0 2 0 0 1 2 1 0 0 0 
0
0 0 0 0 0 0 0 0 0 
1 0 2 0 0 0 0 1 1 0 0 0 0 0 2 0 0 0 0 0 2 0 0 0 0 2 0 0 0 0 2 0 0 0 0 0 1 0 0 0 1 0 2 0 0 1 2 0 2 0 0 0 1 0 1 0 0 0 0 0 0 0 2 2 0 1 0 1 0 0 0 0 2 0 0 1 2 1 0 0 0 
1 0 2 0 0 0 0 1 1 0 0 0 0 0 2 0 0 0 0 0 2 0 0 0 0 2 0 0 0 0 2 0 0 0 0 0 1 0 0 0 1 0 2 0 0 1 2 0 2 0 0 0 1 0 1 0 0 0 0 0 0 0 2 2 0 1 0 1 0 0 0 0 2 0 0 1 2 1 0 0 0 
0
0 0 0 0 0 0 0 0 0 
1 0 2 0 0 0 0 1 1 0 0 0 0 0 2 0 0 0 0 0 2 0 0 0 0 2 0 0 0 0 2 0 0 0 0 0 1 0 0 0 1 0 2 0 0 1 2 0 2 0 0 0 1 0 1 0 0 0 0 0 0 1 2 2 0 1 0 1 0 0 0 0 2 0 0 1 2 1 0 0 0 
1 0 2 0 0 0 0 1 1 0 0 0 0 0 2 0 0 0 0 0 2 0 0 0 0 2 0 0 0 0 2 0 0 0 0 0 1 0 0 0 1 0 2 0 0 1 2 0 2 0 0 0 1 0 1 0 0 0 0 0 0 1 2 2 0 1 0 1 0 0 0 0 2 0 0 1 2 1 0 0 0 
0
0 0 0 0 0 0 0 0 0 
1 0 2 0 2 0 0 1 1 0 0 0 0 0 2 0 0 0 0 0 2 0 0 0 0 2 0 0 0 0 2 0 0 0 0 0 1 0 0 0 1 0 2 0 0 1 2 0 2 0 0 0 1 0 1 0 0 0 0 0 0 1 2 2 0 1 0 1 0 0 0 0 2 0 0 1 2 1 0 0 0 
1 0 2 0 2 0 0 1 1 0 0 0 0 0 2 0 0 0 0 0 2 0 0 0 0 2 0 0 0 0 2 0 0 0 0 0 1 0 0 0 1 0 2 0 0 1 2 0 2 0 0 0 1 0 1 0 0 0 0 0 0 1 2 2 0 1 0 1 0 0 0 0 2 0 0 1 2 1 0 0 0 
0
0 0 0 0 0 0 0 0 0 
1 0 2 0 2 0 0 1 1 0 0 0 0 0 2 0 0 0 0 0 2 0 0 1 0 2 0 0 0 0 2 0 0 0 0 0 1 0 0 0 1 0 2 0 0 1 2 0 2 0 0 0 1 0 1 0 0 0 0 0 0 1 2 2 0 1 0 1 0 0 0 0 2 0 0 1 2 1 0 0 0 
1 0 2 0 2 0 0 1 1 0 0 0 0 0 2 0 0 0 0 0 2 0 0 1 0 2 0 0 0 0 2 0 0 0 0 0 1 0 0 0 1 0 2 0 0 1 2 0 2 0 0 0 1 0 1 0 0 0 0 0 0 1 2 2 0 1 0 1 0 0 0 0 2 0 0 1 2 1 0 0 0 
0
0 0 0 0 0 0 0 0 0 
1 0 2 0 2 0 0 1 1 0 0 0 0 0 2 0 0 0 0 0 2 0 0 1 0 2 0 0 0 0 2 0 0 0 0 0 1 0 0 0 1 0 2 0 0 1 2 0 2 0 0 0 1 0 1 0 0 0 0 0 0 1 2 2 0 1 0 1 0 0 0 2 2 0 0 1 2 1 0 0 0 
1 0 2 0 2 0 0 1 1 0 0 0 0 0 2 0 0 0 0 0 2 0 0 1 0 2 0 0 0 0 2 0 0 0 0 0 1 0 0 0 1 0 2 0 0 1 2 0 2 0 0 0 1 0 1 0 0 0 0 0 0 1 2 2 0 1 0 1 0 0 0 2 2 0 0 1 2 1 0 0 0 
0
0 0 0 0 0 0 0 0 0 
1 0 2 0 2 0 0 1 1 0 0 0 0 0 2 0 0 0 0 0 2 0 0 1 0 2 0 0 0 0 2 0 0 0 1 0 1 0 0 0 1 0 2 0 0 1 2 0 2 0 0 0 1 0 1 0 0 0 0 0 0 1 2 2 0 1 0 1 0 0 0 2 2 0 0 1 2 1 0 0 0 
1 0 2 0 2 0 0 1 1 0 0 0 0 0 2 0 0 0 0 0 2 0 0 1 0 2 0 0 0 0 2 0 0 0 1 0 1 0 0 0 1 0 2 0 0 1 2 0 2 0 0 0 1 0 1 0 0 0 0 0 0 1 2 2 0 1 0 1 0 0 0 2 2 0 0 1 2 1 0 0 0 
0
0 0 0 0 0 0 0 0 0 
1 0 2 0 2 0 0 1 1 0 0 0 0 0 2 0 0 0 0 0 2 0 2 1 0 2 0 0 0 0 2 0 0 0 1 0 1 0 0 0 1 0 2 0 0 1 2 0 2 0 0 0 1 0 1 0 0 0 0 0 0 1 2 2 0 1 0 1 0 0 0 2 2 0 0 1 2 1 0 0 0 
1 0 2 0 2 0 0 1 1 0 0 0 0 0 2 0 0 0 0 0 2 0 2 1 0 2 0 0 0 0 2 0 0 0 1 0 1 0 0 0 1 0 2 0 0 1 2 0 2 0 0 0 1 0 1 0 0 0 0 0 0 1 2 2 0 1 0 1 0 0 0 2 2 0 0 1 2 1 0 0 0 
0
0 0 0 0 0 0 0 1 0 
1 0 2 0 2 0 0 1 1 0 0 0 0 0 2 0 0 0 0 0 2 0 2 1 0 2 0 0 0 0 2 0 0 0 1 0 1 0 0 0 1 0 2 0 0 1 2 0 2 0 0 0 1 0 1 0 0 0 0 1 0 1 2 2 0 1 0 1 0 0 0 2 2 0 0 1 2 1 0 0 0 
1 0 2 0 2 0 0 1 1 0 0 0 0 0 2 0 0 0 0 0 2 0 2 1 0 2 0 0 0 0 2 0 0 0 1 0 1 0 0 0 1 0 2 0 0 1 2 0 2 0 0 0 1 0 1 0 0 16 16 17 0 1 2 2 0 1 16 17 16 0 0 2 2 0 0 17 18 17 0 0 0 
0
0 0 0 0 0 0 0 1 0 
1 0 2 0 2 0 0 1 1 0 0 0 0 0 2 0 0 0 0 0 2 0 2 1 0 2 2 0 0 0 2 0 0 0 1 0 1 0 0 0 1 0 2 0 0 1 2 0 2 0 0 0 1 0 1 0 0 0 0 1 0 1 2 2 0 1 0 1 0 0 0 2 2 0 0 1 2 1 0 0 0 
1 0 2 0 2 0 0 1 1 0 0 0 0 0 2 0 0 0 0 0 2 0 2 1 0 2 2 0 0 0 2 0 0 0 1 0 1 0 0 0 1 0 2 0 0 1 2 0 2 0 0 0 1 0 1 0 0 16 16 17 0 1 2 2 0 1 16 17 16 0 0 2 2 0 0 17 18 17 0 0 0 
0
0 0 0 0 0 0 0 1 0 
1 0 2 0 2 0 0 1 1 0 0 0 0 0 2 0 0 0 0 0 2 0 2 1 0 2 2 0 0 0 2 0 0 0 1 0 1 0 0 0 1 0 2 0 0 1 2 0 2 0 0 0 1 0 1 0 0 0 0 1 0 1 2 2 0 1 0 1 0 0 0 2 2 0 0 1 2 1 1 0 0 
1 0 2 0 2 0 0 1 1 0 0 0 0 0 2 0 0 0 0 0 2 0 2 1 0 2 2 0 0 0 2 0 0 0 1 0 1 0 0 0 1 0 2 0 0 1 2 0 2 0 0 0 1 0 1 0 0 16 16 17 0 1 2 2 0 1 16 17 16 0 0 2 2 0 0 17 18 17 1 0 0 
0
0 0 0 0 0 0 0 1 0 
1 0 2 0 2 0 0 1 1 0 0 0 0 0 2 0 0 0 0 0 2 0 2 1 0 2 2 0 0 0 2 0 0 0 1 0 1 0 0 0 1 0 2 0 0 1 2 0 2 0 0 0 1 0 1 2 0 0 0 1 0 1 2 2 0 1 0 1 0 0 0 2 2 0 0 1 2 1 1 0 0 
1 0 2 0 2 0 0 1 1 0 0 0 0 0 2 0 0 0 0 0 2 0 2 1 0 2 2 0 0 0 2 0 0 0 1 0 1 0 0 0 1 0 2 0 0 1 2 0 2 0 0 0 1 0 1 2 0 16 16 17 0 1 2 2 0 1 16 17 16 0 0 2 2 0 0 17 18 17 1 0 0 
0
0 0 0 0 0 0 0 1 0 
1 0 2 0 2 0 0 1 1 0 0 0 0 0 2 0 0 0 0 0 2 1 2 1 0 2 2 0 0 0 2 0 0 0 1 0 1 0 0 0 1 0 2 0 0 1 2 0 2 0 0 0 1 0 1 2 0 0 0 1 0 1 2 2 0 1 0 1 0 0 0 2 2 0 0 1 2 1 1 0 0 
1 0 2 0 2 0 0 1 1 0 0 0 0 0 2 0 0 0 0 0 2 1 2 1 0 2 2 0 0 0 2 0 0 0 1 0 1 0 0 0 1 0 2 0 0 1 2 0 2 0 0 0 1 0 1 2 0 16 16 17 0 1 2 2 0 1 16 17 16 0 0 2 2 0 0 17 18 17 1 0 0 
0
0 0 0 0 0 0 0 1 0 
1 0 2 0 2 0 0 1 1 0 0 0 0 0 2 0 0 0 0 0 2 1 2 1 0 2 2 0 0 0 2 0 0 0 1 0 1 0 0 0 1 0 2 0 0 1 2 0 2 0 0 0 1 0 1 2 0 0 0 1 0 1 2 2 0 1 0 1 0 0 0 2 2 0 2 1 2 1 1 0 0 
1 0 2 0 2 0 0 1 1 0 0 0 0 0 2 0 0 0 0 0 2 1 2 1 0 2 2 0 0 0 2 0 0 0 1 0 1 0 0 0 1 0 2 0 0 1 2 0 2 0 0 0 1 0 1 2 0 16 16 17 0 1 2 2 0 1 16 17 16 0 0 2 2 0 2 17 18 17 1 0 0 
0
0 0 0 0 0 0 0 1 0 
1 0 2 0 2 0 0 1 1 0 0 0 0 0 2 0 0 0 0 0 2 1 2 1 0 2 2 0 0 0 2 0 0 0 1 0 1 0 0 0 1 0 2 0 0 1 2 0 2 0 0 0 1 0 1 2 0 0 0 1 0 1 2 2 0 1 0 1 0 0 0 2 2 0 2 1 2 1 1 0 1 
1 0 2 0 2 0 0 1 1 0 0 0 0 0 2 0 0 0 0 0 2 1 2 1 0 2 2 0 0 0 2 0 0 0 1 0 1 0 0 0 1 0 2 0 0 1 2 0 2 0 0 0 1 0 1 2 0 16 16 17 0 1 2 2 0 1 16 17 16 0 0 2 2 0 2 17 18 17 1 0 1 
0
0 0 0 0 0 0 0 1 0 
1 0 2 0 2 0 0 1 1 0 0 0 0 0 2 0 0 0 0 0 2 1 2 1 0 2 2 0 0 0 2 0 0 0 1 0 1 0 0 0 1 0 2 0 0 1 2 0 2 0 0 0 1 0 1 2 0 0 0 1 0 1 2 2 0 1 0 1 0 2 0 2 2 0 2 1 2 1 1 0 1 
1 0 2 0 2 0 0 1 1 0 0 0 0 0 2 0 0 0 0 0 2 1 2 1 0 2 2 0 0 0 2 0 0 0 1 0 1 0 0 0 1 0 2 0 0 1 2 0 2 0 0 0 1 0 1 2 0 16 16 17 0 1 2 2 0 1 16 17 16 2 0 2 2 0 2 17 18 17 1 0 1 
0
0 0 0 0 0 0 0 1 0 
1 0 2 0 2 0 0 1 1 0 0 0 0 0 2 0 0 0 0 0 2 1 2 1 0 2 2 0 1 0 2 0 0 0 1 0 1 0 0 0 1 0 2 0 0 1 2 0 2 0 0 0 1 0 1 2 0 0 0 1 0 1 2 2 0 1 0 1 0 2 0 2 2 0 2 1 2 1 1 0 1 
1 0 2 0 2 0 0 1 1 0 0 0 0 0 2 0 0 0 0 0 2 1 2 1 0 2 2 0 1 0 2 0 0 0 1 0 1 0 0 0 1 0 2 0 0 1 2 0 2 0 0 0 1 0 1 2 0 16 16 17 0 1 2 2 0 1 16 17 16 2 0 2 2 0 2 17 18 17 1 0 1 
0
0 2 0 0 0 0 0 1 0 
1 0 2 0 2 0 0 1 1 0 0 0 0 2 2 0 0 0 0 0 2 1 2 1 0 2 2 0 1 0 2 0 0 0 1 0 1 0 0 0 1 0 2 0 0 1 2 0 2 0 0 0 1 0 1 2 0 0 0 1 0 1 2 2 0 1 0 1 0 2 0 2 2 0 2 1 2 1 1 0 1 
1 0 2 32 34 32 0 1 1 0 0 0 32 34 34 0 0 0 0 0 2 33 34 33 0 2 2 0 1 0 2 0 0 0 1 0 1 0 0 0 1 0 2 0 0 1 2 0 2 0 0 0 1 0 1 2 0 16 16 17 0 1 2 2 0 1 16 17 16 2 0 2 2 0 2 17 18 17 1 0 1 
0
0 2 0 0 0 0 0 1 0 
1 0 2 0 2 0 0 1 1 0 0 0 0 2 2 0 0 0 0 0 2 1 2 1 0 2 2 0 1 0 2 0 0 0 1 0 1 0 0 1 1 0 2 0 0 1 2 0 2 0 0 0 1 0 1 2 0 0 0 1 0 1 2 2 0 1 0 1 0 2 0 2 2 0 2 1 2 1 1 0 1 
1 0 2 32 34 32 0 1 1 0 0 0 32 34 34 0 0 0 0 0 2 33 34 33 0 2 2 0 1 0 2 0 0 0 1 0 1 0 0 1 1 0 2 0 0 1 2 0 2 0 0 0 1 0 1 2 0 16 16 17 0 1 2 2 0 1 16 17 16 2 0 2 2 0 2 17 18 17 1 0 1 
0
0 2 0 0 0 0 0 1 0 
1 0 2 0 2 0 0 1 1 0 0 0 0 2 2 0 0 0 0 0 2 1 2 1 0 2 2 0 1 0 2 0 0 0 1 0 1 2 0 1 1 0 2 0 0 1 2 0 2 0 0 0 1 0 1 2 0 0 0 1 0 1 2 2 0 1 0 1 0 2 0 2 2 0 2 1 2 1 1 0 1 
1 0 2 32 34 32 0 1 1 0 0 0 32 34 34 0 0 0 0 0 2 33 34 33 0 2 2 0 1 0 2 0 0 0 1 0 1 2 0 1 1 0 2 0 0 1 2 0 2 0 0 0 1 0 1 2 0 16 16 17 0 1 2 2 0 1 16 17 16 2 0 2 2 0 2 17 18 17 1 0 1 
0
0 2 0 0 0 0 0 1 0 
1 0 2 0 2 0 0 1 1 0 0 0 0 2 2 0 0 0 0 0 2 1 2 1 0 2 2 0 1 0 2 0 1 0 1 0 1 2 0 1 1 0 2 0 0 1 2 0 2 0 0 0 1 0 1 2 0 0 0 1 0 1 2 2 0 1 0 1 0 2 0 2 2 0 2 1 2 1 1 0 1 
1 0 2 32 34 32 0 1 1 0 0 0 32 34 34 0 0 0 0 0 2 33 34 33 0 2 2 0 1 0 2 0 1 0 1 0 1 2 0 1 1 0 2 0 0 1 2 0 2 0 0 0 1 0 1 2 0 16 16 17 0 1 2 2 0 1 16 17 16 2 0 2 2 0 2 17 18 17 1 0 1 
0
0 2 2 0 0 0 0 1 0 
1 0 2 0 2 0 0 1 1 0 0 0 0 2 2 0 0 0 0 0 2 1 2 1 2 2 2 0 1 0 2 0 1 0 1 0 1 2 0 1 1 0 2 0 0 1 2 0 2 0 0 0 1 0 1 2 0 0 0 1 0 1 2 2 0 1 0 1 0 2 0 2 2 0 2 1 2 1 1 0 1 
1 0 2 32 34 32 32 33 33 0 0 0 32 34 34 32 32 32 0 0 2 33 34 33 34 34 34 0 1 0 2 0 1 0 1 0 1 2 0 1 1 0 2 0 0 1 2 0 2 0 0 0 1 0 1 2 0 16 16 17 0 1 2 2 0 1 16 17 16 2 0 2 2 0 2 17 18 17 1 0 1 
0
0 2 2 0 0 0 0 1 0 
1 0 2 0 2 0 0 1 1 0 0 0 0 2 2 0 0 0 0 0 2 1 2 1 2 2 2 0 1 0 2 0 1 0 1 0 1 2 0 1 1 0 2 0 0 1 2 0 2 0 0 0 1 0 1 2 0 0 0 1 0 1 2 2 1 1 0 1 0 2 0 2 2 0 2 1 2 1 1 0 1 
1 0 2 32 34 32 32 33 33 0 0 0 32 34 34 32 32 32 0 0 2 33 34 33 34 34 34 0 1 0 2 0 1 0 1 0 1 2 0 1 1 0 2 0 0 1 2 0 2 0 0 0 1 0 1 2 0 16 16 17 0 1 2 2 1 1 16 17 16 2 0 2 2 0 2 17 18 17 1 0 1 
0
0 2 2 0 0 0 0 1 0 
1 0 2 0 2 0 0 1 1 0 0 0 0 2 2 0 0 0 0 0 2 1 2 1 2 2 2 0 1 0 2 0 1 0 1 0 1 2 0 1 1 0 2 0 0 1 2 0 2 0 2 0 1 0 1 2 0 0 0 1 0 1 2 2 1 1 0 1 0 2 0 2 2 0 2 1 2 1 1 0 1 
1 0 2 32 34 32 32 33 33 0 0 0 32 34 34 32 32 32 0 0 2 33 34 33 34 34 34 0 1 0 2 0 1 0 1 0 1 2 0 1 1 0 2 0 0 1 2 0 2 0 2 0 1 0 1 2 0 16 16 17 0 1 2 2 1 1 16 17 16 2 0 2 2 0 2 17 18 17 1 0 1 
0
0 2 2 0 0 0 0 1 0 
1 0 2 0 2 0 0 1 1 0 0 0 0 2 2 0 0 0 0 0 2 1 2 1 2 2 2 0 1 0 2 0 1 0 1 0 1 2 0 1 1 0 2 0 0 1 2 0 2 0 2 0 1 0 1 2 0 0 0 1 0 1 2 2 1 1 0 1 0 2 1 2 2 0 2 1 2 1 1 0 1 
1 0 2 32 34 32 32 33 33 0 0 0 32 34 34 32 32 32 0 0 2 33 34 33 34 34 34 0 1 0 2 0 1 0 1 0 1 2 0 1 1 0 2 0 0 1 2 0 2 0 2 0 1 0 1 2 0 16 16 17 0 1 2 2 1 1 16 17 16 2 1 2 2 0 2 17 18 17 1 0 1 
0
0 2 2 0 2 0 0 1 0 
1 0 2 0 2 0 0 1 1 0 0 0 0 2 2 0 0 0 0 0 2 1 2 1 2 2 2 0 1 0 2 0 1 0 1 0 1 2 0 1 1 0 2 0 0 1 2 0 2 2 2 0 1 0 1 2 0 0 0 1 0 1 2 2 1 1 0 1 0 2 1 2 2 0 2 1 2 1 1 0 1 
1 0 2 32 34 32 32 33 33 0 0 0 32 34 34 32 32 32 0 0 2 33 34 33 34 34 34 0 1 0 34 32 33 0 1 0 1 2 0 33 33 32 2 0 0 1 2 0 34 34 34 0 1 0 1 2 0 16 16 17 0 1 2 2 1 1 16 17 16 2 1 2 2 0 2 17 18 17 1 0 1 
0
0 2 2 0 2 0 0 1 0 
1 0 2 0 2 0 0 1 1 0 0 0 0 2 2 0 0 0 0 0 2 1 2 1 2 2 2 0 1 0 2 0 1 0 1 0 1 2 0 1 1 0 2 0 0 1 2 1 2 2 2 0 1 0 1 2 0 0 0 1 0 1 2 2 1 1 0 1 0 2 1 2 2 0 2 1 2 1 1 0 1 
1 0 2 32 34 32 32 33 33 0 0 0 32 34 34 32 32 32 0 0 2 33 34 33 34 34 34 0 1 0 34 32 33 0 1 0 1 2 0 33 33 32 2 0 0 1 2 1 34 34 34 0 1 0 1 2 0 16 16 17 0 1 2 2 1 1 16 17 16 2 1 2 2 0 2 17 18 17 1 0 1 
0
0 2 2 0 2 0 0 1 0 
1 0 2 0 2 0 0 1 1 0 0 0 0 2 2 0 0 0 0 0 2 1 2 1 2 2 2 0 1 0 2 0 1 0 1 0 1 2 0 1 1 0 2 0 0 1 2 1 2 2 2 0 1 0 1 2 0 0 0 1 2 1 2 2 1 1 0 1 0 2 1 2 2 0 2 1 2 1 1 0 1 
1 0 2 32 34 32 32 33 33 0 0 0 32 34 34 32 32 32 0 0 2 33 34 33 34 34 34 0 1 0 34 32 33 0 1 0 1 2 0 33 33 32 2 0 0 1 2 1 34 34 34 0 1 0 1 2 0 16 16 17 2 1 2 2 1 1 16 17 16 2 1 2 2 0 2 17 18 17 1 0 1 
0
0 2 2 0 2 0 0 1 0 
1 0 2 0 2 0 0 1 1 1 0 0 0 2 2 0 0 0 0 0 2 1 2 1 2 2 2 0 1 0 2 0 1 0 1 0 1 2 0 1 1 0 2 0 0 1 2 1 2 2 2 0 1 0 1 2 0 0 0 1 2 1 2 2 1 1 0 1 0 2 1 2 2 0 2 1 2 1 1 0 1 
1 0 2 32 34 32 32 33 33 1 0 0 32 34 34 32 32 32 0 0 2 33 34 33 34 34 34 0 1 0 34 32 33 0 1 0 1 2 0 33 33 32 2 0 0 1 2 1 34 34 34 0 1 0 1 2 0 16 16 17 2 1 2 2 1 1 16 17 16 2 1 2 2 0 2 17 18 17 1 0 1 
0
0 2 2 0 2 0 0 1 0 
1 0 2 0 2 0 0 1 1 1 0 0 0 2 2 0 0 0 0 0 2 1 2 1 2 2 2 0 1 0 2 0 1 0 1 0 1 2 2 1 1 0 2 0 0 1 2 1 2 2 2 0 1 0 1 2 0 0 0 1 2 1 2 2 1 1 0 1 0 2 1 2 2 0 2 1 2 1 1 0 1 
1 0 2 32 34 32 32 33 33 1 0 0 32 34 34 32 32 32 0 0 2 33 34 33 34 34 34 0 1 0 34 32 33 0 1 0 1 2 2 33 33 32 2 0 0 1 2 1 34 34 34 0 1 0 1 2 0 16 16 17 2 1 2 2 1 1 16 17 16 2 1 2 2 0 2 17 18 17 1 0 1 
0
0 2 2 0 2 0 0 1 0 
1 0 2 0 2 0 0 1 1 1 0 0 0 2 2 0 0 0 0 0 2 1 2 1 2 2 2 0 1 0 2 0 1 0 1 0 1 2 2 1 1 0 2 0 0 1 2 1 2 2 2 0 1 1 1 2 0 0 0 1 2 1 2 2 1 1 0 1 0 2 1 2 2 0 2 1 2 1 1 0 1 
1 0 2 32 34 32 32 33 33 1 0 0 32 34 34 32 32 32 0 0 2 33 34 33 34 34 34 0 1 0 34 32 33 0 1 0 1 2 2 33 33 32 2 0 0 1 2 1 34 34 34 0 1 1 1 2 0 16 16 17 2 1 2 2 1 1 16 17 16 2 1 2 2 0 2 17 18 17 1 0 1 
0
0 2 2 0 2 0 0 1 0 
1 0 2 0 2 0 0 1 1 1 0 0 0 2 2 0 0 0 0 0 2 1 2 1 2 2 2 0 1 0 2 0 1 0 1 0 1 2 2 1 1 0 2 0 0 1 2 1 2 2 2 0 1 1 1 2 0 0 0 1 2 1 2 2 1 1 0 1 0 2 1 2 2 0 2 1 2 1 1 2 1 
1 0 2 32 34 32 32 33 33 1 0 0 32 34 34 32 32 32 0 0 2 33 34 33 34 34 34 0 1 0 34 32 33 0 1 0 1 2 2 33 33 32 2 0 0 1 2 1 34 34 34 0 1 1 1 2 0 16 16 17 2 1 2 2 1 1 16 17 16 2 1 2 2 0 2 17 18 17 1 2 1 
0
0 2 2 0 2 0 0 1 0 
1 0 2 0 2 0 0 1 1 1 0 1 0 2 2 0 0 0 0 0 2 1 2 1 2 2 2 0 1 0 2 0 1 0 1 0 1 2 2 1 1 0 2 0 0 1 2 1 2 2 2 0 1 1 1 2 0 0 0 1 2 1 2 2 1 1 0 1 0 2 1 2 2 0 2 1 2 1 1 2 1 
1 0 2 32 34 32 32 33 33 1 0 1 32 34 34 32 32 32 0 0 2 33 34 33 34 34 34 0 1 0 34 32 33 0 1 0 1 2 2 33 33 32 2 0 0 1 2 1 34 34 34 0 1 1 1 2 0 16 16 17 2 1 2 2 1 1 16 17 16 2 1 2 2 0 2 17 18 17 1 2 1 
0
0 2 2 0 2 0 0 1 0 
1 0 2 0 2 0 0 1 1 1 0 1 0 2 2 0 0 0 0 0 2 1 2 1 2 2 2 0 1 0 2 0 1 2 1 0 1 2 2 1 1 0 2 0 0 1 2 1 2 2 2 0 1 1 1 2 0 0 0 1 2 1 2 2 1 1 0 1 0 2 1 2 2 0 2 1 2 1 1 2 1 
1 0 2 32 34 32 32 33 33 1 0 1 32 34 34 32 32 32 0 0 2 33 34 33 34 34 34 0 1 0 34 32 33 2 1 0 1 2 2 33 33 32 2 0 0 1 2 1 34 34 34 0 1 1 1 2 0 16 16 17 2 1 2 2 1 1 16 17 16 2 1 2 2 0 2 17 18 17 1 2 1 
0
1 2 2 0 2 0 0 1 0 
1 0 2 0 2 0 0 1 1 1 1 1 0 2 2 0 0 0 0 0 2 1 2 1 2 2 2 0 1 0 2 0 1 2 1 0 1 2 2 1 1 0 2 0 0 1 2 1 2 2 2 0 1 1 1 2 0 0 0 1 2 1 2 2 1 1 0 1 0 2 1 2 2 0 2 1 2 1 1 2 1 
17 16 18 32 34 32 32 33 33 17 17 17 32 34 34 32 32 32 16 16 18 33 34 33 34 34 34 0 1 0 34 32 33 2 1 0 1 2 2 33 33 32 2 0 0 1 2 1 34 34 34 0 1 1 1 2 0 16 16 17 2 1 2 2 1 1 16 17 16 2 1 2 2 0 2 17 18 17 1 2 1 
0
1 2 2 0 2 0 2 1 0 
1 0 2 0 2 0 0 1 1 1 1 1 0 2 2 0 0 0 0 0 2 1 2 1 2 2 2 0 1 0 2 0 1 2 1 0 1 2 2 1 1 0 2 0 0 1 2 1 2 2 2 0 1 1 1 2 0 0 0 1 2 1 2 2 1 1 0 1 0 2 1 2 2 2 2 1 2 1 1 2 1 
17 16 18 32 34 32 32 33 33 17 17 17 32 34 34 32 32 32 16 16 18 33 34 33 34 34 34 0 1 0 34 32 33 2 1 0 1 2 2 33 33 32 2 0 0 1 2 1 34 34 34 0 1 1 33 34 32 16 16 17 2 1 2 34 33 33 16 17 16 2 1 2 34 34 34 17 18 17 1 2 1 
0
1 2 2 0 2 0 2 1 0 
1 0 2 0 2 0 0 1 1 1 1 1 0 2 2 0 0 0 0 0 2 1 2 1 2 2 2 0 1 0 2 0 1 2 1 0 1 2 2 1 1 0 2 0 0 1 2 1 2 2 2 0 1 1 1 2 0 0 0 1 2 1 2 2 1 1 0 1 0 2 1 2 2 2 2 1 2 1 1 2 1 
17 16 18 32 34 32 32 33 33 17 17 17 32 34 34 32 32 32 16 16 18 33 34 33 34 34 34 0 1 0 34 32 33 2 1 0 1 2 2 33 33 32 2 0 0 1 2 1 34 34 34 0 1 1 33 34 32 16 16 17 2 1 2 34 33 33 16 17 16 2 1 2 34 34 34 17 18 17 1 2 1 
0
