0 0 0 0 0 0 0 0 0 
0 0 0 0 0 0 0 0 0 0 0 0 0 0 0 0 0 0 0 0 0 0 0 0 0 0 0 0 0 0 0 0 0 0 0 0 0 0 0 0 1 0 0 0 0 0 0 0 0 0 0 0 0 0 0 0 0 0 0 0 0 0 0 0 0 0 0 0 0 0 0 0 0 0 0 0 0 0 0 0 0 
0 0 0 0 0 0 0 0 0 0 0 0 0 0 0 0 0 0 0 0 0 0 0 0 0 0 0 0 0 0 0 0 0 0 0 0 0 0 0 0 1 0 0 0 0 0 0 0 0 0 0 0 0 0 0 0 0 0 0 0 0 0 0 0 0 0 0 0 0 0 0 0 0 0 0 0 0 0 0 0 0 
1
0 0 0 0 0 0 0 0 0 
0 0 0 0 0 0 0 0 0 0 0 0 0 0 0 0 0 0 0 0 0 0 0 0 0 0 0 0 0 0 0 0 0 0 0 0 0 0 0 0 1 0 0 0 0 0 0 0 2 0 0 0 0 0 0 0 0 0 0 0 0 0 0 0 0 0 0 0 0 0 0 0 0 0 0 0 0 0 0 0 0 
0 0 0 0 0 0 0 0 0 0 0 0 0 0 0 0 0 0 0 0 0 0 0 0 0 0 0 0 0 0 0 0 0 0 0 0 0 0 0 0 1 0 0 0 0 0 0 0 2 0 0 0 0 0 0 0 0 0 0 0 0 0 0 0 0 0 0 0 0 0 0 0 0 0 0 0 0 0 0 0 0 
1
0 0 0 0 0 0 0 0 0 
0 0 0 0 0 0 0 0 0 0 0 0 0 0 0 0 0 0 0 0 0 0 0 0 0 0 0 0 0 0 0 0 0 0 0 0 0 0 0 0 1 0 0 0 0 0 0 0 2 0 0 0 0 0 0 1 0 0 0 0 0 0 0 0 0 0 0 0 0 0 0 0 0 0 0 0 0 0 0 0 0 
0 0 0 0 0 0 0 0 0 0 0 0 0 0 0 0 0 0 0 0 0 0 0 0 0 0 0 0 0 0 0 0 0 0 0 0 0 0 0 0 1 0 0 0 0 0 0 0 2 0 0 0 0 0 0 1 0 0 0 0 0 0 0 0 0 0 0 0 0 0 0 0 0 0 0 0 0 0 0 0 0 
1
0 0 0 0 0 0 0 0 0 
0 0 0 0 0 0 0 0 0 0 0 0 0 0 0 0 0 0 0 0 0 0 2 0 0 0 0 0 0 0 0 0 0 0 0 0 0 0 0 0 1 0 0 0 0 0 0 0 2 0 0 0 0 0 0 1 0 0 0 0 0 0 0 0 0 0 0 0 0 0 0 0 0 0 0 0 0 0 0 0 0 
0 0 0 0 0 0 0 0 0 0 0 0 0 0 0 0 0 0 0 0 0 0 2 0 0 0 0 0 0 0 0 0 0 0 0 0 0 0 0 0 1 0 0 0 0 0 0 0 2 0 0 0 0 0 0 1 0 0 0 0 0 0 0 0 0 0 0 0 0 0 0 0 0 0 0 0 0 0 0 0 0 
1
0 0 0 0 0 0 0 0 0 
0 0 0 0 0 0 0 0 0 0 0 0 0 0 0 0 0 0 0 0 0 0 2 0 0 0 0 0 0 0 0 0 0 0 0 0 0 0 0 0 1 0 0 0 0 0 0 0 2 0 0 0 0 0 0 1 0 0 1 0 0 0 0 0 0 0 0 0 0 0 0 0 0 0 0 0 0 0 0 0 0 
0 0 0 0 0 0 0 0 0 0 0 0 0 0 0 0 0 0 0 0 0 0 2 0 0 0 0 0 0 0 0 0 0 0 0 0 0 0 0 0 1 0 0 0 0 0 0 0 2 0 0 0 0 0 0 1 0 0 1 0 0 0 0 0 0 0 0 0 0 0 0 0 0 0 0 0 0 0 0 0 0 
1
0 0 0 0 0 0 0 0 0 
0 0 0 0 2 0 0 0 0 0 0 0 0 0 0 0 0 0 0 0 0 0 2 0 0 0 0 0 0 0 0 0 0 0 0 0 0 0 0 0 1 0 0 0 0 0 0 0 2 0 0 0 0 0 0 1 0 0 1 0 0 0 0 0 0 0 0 0 0 0 0 0 0 0 0 0 0 0 0 0 0 
0 0 0 0 2 0 0 0 0 0 0 0 0 0 0 0 0 0 0 0 0 0 2 0 0 0 0 0 0 0 0 0 0 0 0 0 0 0 0 0 1 0 0 0 0 0 0 0 2 0 0 0 0 0 0 1 0 0 1 0 0 0 0 0 0 0 0 0 0 0 0 0 0 0 0 0 0 0 0 0 0 
1
0 0 0 0 0 0 0 0 0 
0 0 0 0 2 0 0 0 0 0 0 0 1 0 0 0 0 0 0 0 0 0 2 0 0 0 0 0 0 0 0 0 0 0 0 0 0 0 0 0 1 0 0 0 0 0 0 0 2 0 0 0 0 0 0 1 0 0 1 0 0 0 0 0 0 0 0 0 0 0 0 0 0 0 0 0 0 0 0 0 0 
0 0 0 0 2 0 0 0 0 0 0 0 1 0 0 0 0 0 0 0 0 0 2 0 0 0 0 0 0 0 0 0 0 0 0 0 0 0 0 0 1 0 0 0 0 0 0 0 2 0 0 0 0 0 0 1 0 0 1 0 0 0 0 0 0 0 0 0 0 0 0 0 0 0 0 0 0 0 0 0 0 
1
0 0 0 0 0 0 0 0 0 
0 0 0 0 2 0 0 0 0 0 0 0 1 0 0 0 0 0 0 0 0 0 2 0 0 0 0 0 0 2 0 0 0 0 0 0 0 0 0 0 1 0 0 0 0 0 0 0 2 0 0 0 0 0 0 1 0 0 1 0 0 0 0 0 0 0 0 0 0 0 0 0 0 0 0 0 0 0 0 0 0 
0 0 0 0 2 0 0 0 0 0 0 0 1 0 0 0 0 0 0 0 0 0 2 0 0 0 0 0 0 2 0 0 0 0 0 0 0 0 0 0 1 0 0 0 0 0 0 0 2 0 0 0 0 0 0 1 0 0 1 0 0 0 0 0 0 0 0 0 0 0 0 0 0 0 0 0 0 0 0 0 0 
1
0 0 0 0 0 0 0 0 0 
0 0 0 0 2 0 0 0 0 0 0 0 1 0 0 0 0 0 0 0 0 0 2 0 0 1 0 0 0 2 0 0 0 0 0 0 0 0 0 0 1 0 0 0 0 0 0 0 2 0 0 0 0 0 0 1 0 0 1 0 0 0 0 0 0 0 0 0 0 0 0 0 0 0 0 0 0 0 0 0 0 
0 0 0 0 2 0 0 0 0 0 0 0 1 0 0 0 0 0 0 0 0 0 2 0 0 1 0 0 0 2 0 0 0 0 0 0 0 0 0 0 1 0 0 0 0 0 0 0 2 0 0 0 0 0 0 1 0 0 1 0 0 0 0 0 0 0 0 0 0 0 0 0 0 0 0 0 0 0 0 0 0 
1
0 0 0 0 0 0 0 0 0 
0 0 0 0 2 0 0 0 0 0 0 0 1 0 0 0 0 0 0 0 0 0 2 0 0 1 0 0 0 2 0 0 0 0 0 0 0 0 0 0 1 0 0 0 0 0 0 0 2 0 0 0 0 0 0 1 0 0 1 0 0 0 0 0 0 0 0 0 0 0 0 0 0 0 0 2 0 0 0 0 0 
0 0 0 0 2 0 0 0 0 0 0 0 1 0 0 0 0 0 0 0 0 0 2 0 0 1 0 0 0 2 0 0 0 0 0 0 0 0 0 0 1 0 0 0 0 0 0 0 2 0 0 0 0 0 0 1 0 0 1 0 0 0 0 0 0 0 0 0 0 0 0 0 0 0 0 2 0 0 0 0 0 
1
0 0 0 0 0 0 0 0 0 
0 0 0 0 2 0 0 0 0 0 0 0 1 0 0 0 0 0 0 0 0 0 2 0 0 1 0 0 0 2 0 0 0 0 0 0 0 0 0 0 1 0 0 0 0 0 0 0 2 0 0 0 0 0 0 1 0 0 1 0 0 0 0 1 0 0 0 0 0 0 0 0 0 0 0 2 0 0 0 0 0 
0 0 0 0 2 0 0 0 0 0 0 0 1 0 0 0 0 0 0 0 0 0 2 0 0 1 0 0 0 2 0 0 0 0 0 0 0 0 0 0 1 0 0 0 0 0 0 0 2 0 0 0 0 0 0 1 0 0 1 0 0 0 0 1 0 0 0 0 0 0 0 0 0 0 0 2 0 0 0 0 0 
1
0 0 0 0 0 0 0 0 0 
0 0 0 0 2 0 0 0 0 0 0 0 1 0 0 0 0 0 0 0 0 0 2 0 0 1 0 0 0 2 0 0 0 0 0 0 2 0 0 0 1 0 0 0 0 0 0 0 2 0 0 0 0 0 0 1 0 0 1 0 0 0 0 1 0 0 0 0 0 0 0 0 0 0 0 2 0 0 0 0 0 
0 0 0 0 2 0 0 0 0 0 0 0 1 0 0 0 0 0 0 0 0 0 2 0 0 1 0 0 0 2 0 0 0 0 0 0 2 0 0 0 1 0 0 0 0 0 0 0 2 0 0 0 0 0 0 1 0 0 1 0 0 0 0 1 0 0 0 0 0 0 0 0 0 0 0 2 0 0 0 0 0 
1
0 0 0 0 0 0 0 0 0 
0 0 0 0 2 0 0 0 0 0 0 0 1 0 0 0 0 0 0 0 0 0 2 0 0 1 0 0 0 2 0 0 0 0 0 0 2 0 0 0 1 0 0 0 0 0 1 0 2 0 0 0 0 0 0 1 0 0 1 0 0 0 0 1 0 0 0 0 0 0 0 0 0 0 0 2 0 0 0 0 0 
0 0 0 0 2 0 0 0 0 0 0 0 1 0 0 0 0 0 0 0 0 0 2 0 0 1 0 0 0 2 0 0 0 0 0 0 2 0 0 0 1 0 0 0 0 0 1 0 2 0 0 0 0 0 0 1 0 0 1 0 0 0 0 1 0 0 0 0 0 0 0 0 0 0 0 2 0 0 0 0 0 
1
0 0 0 0 0 0 0 0 0 
0 0 0 0 2 0 0 0 0 0 0 0 1 0 0 0 0 0 0 0 0 0 2 0 0 1 0 0 0 2 0 0 0 0 0 0 2 0 0 0 1 0 0 0 0 0 1 0 2 0 0 0 0 0 0 1 0 0 1 0 0 0 0 1 0 0 2 0 0 0 0 0 0 0 0 2 0 0 0 0 0 
0 0 0 0 2 0 0 0 0 0 0 0 1 0 0 0 0 0 0 0 0 0 2 0 0 1 0 0 0 2 0 0 0 0 0 0 2 0 0 0 1 0 0 0 0 0 1 0 2 0 0 0 0 0 0 1 0 0 1 0 0 0 0 1 0 0 2 0 0 0 0 0 0 0 0 2 0 0 0 0 0 
1
0 0 0 0 0 0 0 0 0 
0 0 0 0 2 0 0 0 0 0 0 0 1 0 0 0 0 0 0 0 0 0 2 0 0 1 0 0 1 2 0 0 0 0 0 0 2 0 0 0 1 0 0 0 0 0 1 0 2 0 0 0 0 0 0 1 0 0 1 0 0 0 0 1 0 0 2 0 0 0 0 0 0 0 0 2 0 0 0 0 0 
0 0 0 0 2 0 0 0 0 0 0 0 1 0 0 0 0 0 0 0 0 0 2 0 0 1 0 0 1 2 0 0 0 0 0 0 2 0 0 0 1 0 0 0 0 0 1 0 2 0 0 0 0 0 0 1 0 0 1 0 0 0 0 1 0 0 2 0 0 0 0 0 0 0 0 2 0 0 0 0 0 
1
0 0 0 0 0 0 0 0 0 
0 0 0 0 2 0 0 0 0 0 0 0 1 0 2 0 0 0 0 0 0 0 2 0 0 1 0 0 1 2 0 0 0 0 0 0 2 0 0 0 1 0 0 0 0 0 1 0 2 0 0 0 0 0 0 1 0 0 1 0 0 0 0 1 0 0 2 0 0 0 0 0 0 0 0 2 0 0 0 0 0 
0 0 0 0 2 0 0 0 0 0 0 0 1 0 2 0 0 0 0 0 0 0 2 0 0 1 0 0 1 2 0 0 0 0 0 0 2 0 0 0 1 0 0 0 0 0 1 0 2 0 0 0 0 0 0 1 0 0 1 0 0 0 0 1 0 0 2 0 0 0 0 0 0 0 0 2 0 0 0 0 0 
1
0 0 0 0 0 0 0 0 0 
0 0 0 0 2 0 0 0 0 0 0 0 1 0 2 0 0 0 0 0 0 0 2 0 0 1 0 0 1 2 0 0 0 0 0 0 2 0 0 0 1 0 1 0 0 0 1 0 2 0 0 0 0 0 0 1 0 0 1 0 0 0 0 1 0 0 2 0 0 0 0 0 0 0 0 2 0 0 0 0 0 
0 0 0 0 2 0 0 0 0 0 0 0 1 0 2 0 0 0 0 0 0 0 2 0 0 1 0 0 1 2 0 0 0 0 0 0 2 0 0 0 1 0 1 0 0 0 1 0 2 0 0 0 0 0 0 1 0 0 1 0 0 0 0 1 0 0 2 0 0 0 0 0 0 0 0 2 0 0 0 0 0 
1
0 0 0 0 0 0 0 0 0 
0 0 0 0 2 0 0 0 0 0 0 0 1 0 2 0 0 0 0 0 0 0 2 0 0 1 0 0 1 2 0 0 0 0 0 0 2 0 2 0 1 0 1 0 0 0 1 0 2 0 0 0 0 0 0 1 0 0 1 0 0 0 0 1 0 0 2 0 0 0 0 0 0 0 0 2 0 0 0 0 0 
0 0 0 0 2 0 0 0 0 0 0 0 1 0 2 0 0 0 0 0 0 0 2 0 0 1 0 0 1 2 0 0 0 0 0 0 2 0 2 0 1 0 1 0 0 0 1 0 2 0 0 0 0 0 0 1 0 0 1 0 0 0 0 1 0 0 2 0 0 0 0 0 0 0 0 2 0 0 0 0 0 
1
0 0 0 0 0 0 0 0 0 
0 0 0 0 2 0 0 0 0 0 0 0 1 0 2 0 0 0 0 0 0 0 2 0 0 1 0 0 1 2 0 0 0 0 1 0 2 0 2 0 1 0 1 0 0 0 1 0 2 0 0 0 0 0 0 1 0 0 1 0 0 0 0 1 0 0 2 0 0 0 0 0 0 0 0 2 0 0 0 0 0 
0 0 0 0 2 0 0 0 0 0 0 0 1 0 2 0 0 0 0 0 0 0 2 0 0 1 0 0 1 2 0 0 0 0 1 0 2 0 2 0 1 0 1 0 0 0 1 0 2 0 0 0 0 0 0 1 0 0 1 0 0 0 0 1 0 0 2 0 0 0 0 0 0 0 0 2 0 0 0 0 0 
1
0 2 0 0 0 0 0 0 0 
0 0 0 0 2 0 0 0 0 0 0 0 1 2 2 0 0 0 0 0 0 0 2 0 0 1 0 0 1 2 0 0 0 0 1 0 2 0 2 0 1 0 1 0 0 0 1 0 2 0 0 0 0 0 0 1 0 0 1 0 0 0 0 1 0 0 2 0 0 0 0 0 0 0 0 2 0 0 0 0 0 
0 0 0 32 34 32 0 0 0 0 0 0 33 34 34 0 0 0 0 0 0 32 34 32 0 1 0 0 1 2 0 0 0 0 1 0 2 0 2 0 1 0 1 0 0 0 1 0 2 0 0 0 0 0 0 1 0 0 1 0 0 0 0 1 0 0 2 0 0 0 0 0 0 0 0 2 0 0 0 0 0 
1
0 2 0 0 0 0 0 0 0 
0 0 0 0 2 0 0 0 0 0 0 0 1 2 2 0 0 0 0 0 0 0 2 0 0 1 0 0 1 2 0 0 1 0 1 0 2 0 2 0 1 0 1 0 0 0 1 0 2 0 0 0 0 0 0 1 0 0 1 0 0 0 0 1 0 0 2 0 0 0 0 0 0 0 0 2 0 0 0 0 0 
0 0 0 32 34 32 0 0 0 0 0 0 33 34 34 0 0 0 0 0 0 32 34 32 0 1 0 0 1 2 0 0 1 0 1 0 2 0 2 0 1 0 1 0 0 0 1 0 2 0 0 0 0 0 0 1 0 0 1 0 0 0 0 1 0 0 2 0 0 0 0 0 0 0 0 2 0 0 0 0 0 
1
0 2 0 0 0 0 0 0 0 
0 0 0 0 2 0 0 0 2 0 0 0 1 2 2 0 0 0 0 0 0 0 2 0 0 1 0 0 1 2 0 0 1 0 1 0 2 0 2 0 1 0 1 0 0 0 1 0 2 0 0 0 0 0 0 1 0 0 1 0 0 0 0 1 0 0 2 0 0 0 0 0 0 0 0 2 0 0 0 0 0 
0 0 0 32 34 32 0 0 2 0 0 0 33 34 34 0 0 0 0 0 0 32 34 32 0 1 0 0 1 2 0 0 1 0 1 0 2 0 2 0 1 0 1 0 0 0 1 0 2 0 0 0 0 0 0 1 0 0 1 0 0 0 0 1 0 0 2 0 0 0 0 0 0 0 0 2 0 0 0 0 0 
1
0 2 0 0 0 0 0 0 0 
0 0 0 0 2 0 0 0 2 0 0 0 1 2 2 1 0 0 0 0 0 0 2 0 0 1 0 0 1 2 0 0 1 0 1 0 2 0 2 0 1 0 1 0 0 0 1 0 2 0 0 0 0 0 0 1 0 0 1 0 0 0 0 1 0 0 2 0 0 0 0 0 0 0 0 2 0 0 0 0 0 
0 0 0 32 34 32 0 0 2 0 0 0 33 34 34 1 0 0 0 0 0 32 34 32 0 1 0 0 1 2 0 0 1 0 1 0 2 0 2 0 1 0 1 0 0 0 1 0 2 0 0 0 0 0 0 1 0 0 1 0 0 0 0 1 0 0 2 0 0 0 0 0 0 0 0 2 0 0 0 0 0 
1
0 2 0 0 0 0 0 0 0 
0 0 0 0 2 0 0 0 2 0 0 0 1 2 2 1 0 0 0 0 0 0 2 0 0 1 0 0 1 2 0 0 1 0 1 0 2 0 2 0 1 0 1 0 0 2 1 0 2 0 0 0 0 0 0 1 0 0 1 0 0 0 0 1 0 0 2 0 0 0 0 0 0 0 0 2 0 0 0 0 0 
0 0 0 32 34 32 0 0 2 0 0 0 33 34 34 1 0 0 0 0 0 32 34 32 0 1 0 0 1 2 0 0 1 0 1 0 2 0 2 0 1 0 1 0 0 2 1 0 2 0 0 0 0 0 0 1 0 0 1 0 0 0 0 1 0 0 2 0 0 0 0 0 0 0 0 2 0 0 0 0 0 
1
0 2 0 0 0 0 0 0 0 
0 0 0 0 2 0 0 0 2 0 0 0 1 2 2 1 0 0 0 0 0 0 2 0 0 1 0 0 1 2 0 0 1 0 1 0 2 0 2 0 1 0 1 0 0 2 1 0 2 0 0 0 0 0 0 1 0 0 1 0 0 0 0 1 0 0 2 0 0 0 0 0 0 0 1 2 0 0 0 0 0 
0 0 0 32 34 32 0 0 2 0 0 0 33 34 34 1 0 0 0 0 0 32 34 32 0 1 0 0 1 2 0 0 1 0 1 0 2 0 2 0 1 0 1 0 0 2 1 0 2 0 0 0 0 0 0 1 0 0 1 0 0 0 0 1 0 0 2 0 0 0 0 0 0 0 1 2 0 0 0 0 0 
1
0 2 0 0 0 0 0 0 0 
0 0 0 0 2 0 0 0 2 0 0 0 1 2 2 1 0 0 0 0 0 0 2 0 0 1 0 0 1 2 0 0 1 0 1 0 2 0 2 0 1 0 1 0 0 2 1 0 2 0 0 0 0 0 0 1 0 0 1 0 0 0 2 1 0 0 2 0 0 0 0 0 0 0 1 2 0 0 0 0 0 
0 0 0 32 34 32 0 0 2 0 0 0 33 34 34 1 0 0 0 0 0 32 34 32 0 1 0 0 1 2 0 0 1 0 1 0 2 0 2 0 1 0 1 0 0 2 1 0 2 0 0 0 0 0 0 1 0 0 1 0 0 0 2 1 0 0 2 0 0 0 0 0 0 0 1 2 0 0 0 0 0 
1
0 2 0 0 0 0 0 0 0 
0 0 0 0 2 0 0 0 2 0 0 0 1 2 2 1 0 1 0 0 0 0 2 0 0 1 0 0 1 2 0 0 1 0 1 0 2 0 2 0 1 0 1 0 0 2 1 0 2 0 0 0 0 0 0 1 0 0 1 0 0 0 2 1 0 0 2 0 0 0 0 0 0 0 1 2 0 0 0 0 0 
0 0 0 32 34 32 0 0 2 0 0 0 33 34 34 1 0 1 0 0 0 32 34 32 0 1 0 0 1 2 0 0 1 0 1 0 2 0 2 0 1 0 1 0 0 2 1 0 2 0 0 0 0 0 0 1 0 0 1 0 0 0 2 1 0 0 2 0 0 0 0 0 0 0 1 2 0 0 0 0 0 
1
0 2 0 0 0 0 0 0 0 
0 0 0 0 2 0 0 0 2 0 0 0 1 2 2 1 0 1 0 0 0 0 2 0 0 1 0 0 1 2 0 0 1 0 1 0 2 0 2 0 1 0 1 0 0 2 1 0 2 0 0 2 0 0 0 1 0 0 1 0 0 0 2 1 0 0 2 0 0 0 0 0 0 0 1 2 0 0 0 0 0 
0 0 0 32 34 32 0 0 2 0 0 0 33 34 34 1 0 1 0 0 0 32 34 32 0 1 0 0 1 2 0 0 1 0 1 0 2 0 2 0 1 0 1 0 0 2 1 0 2 0 0 2 0 0 0 1 0 0 1 0 0 0 2 1 0 0 2 0 0 0 0 0 0 0 1 2 0 0 0 0 0 
1
0 2 0 0 0 0 0 0 0 
0 0 0 0 2 0 0 0 2 0 0 0 1 2 2 1 0 1 0 0 0 0 2 0 0 1 0 0 1 2 0 0 1 0 1 0 2 0 2 0 1 0 1 0 0 2 1 0 2 0 0 2 0 0 0 1 1 0 1 0 0 0 2 1 0 0 2 0 0 0 0 0 0 0 1 2 0 0 0 0 0 
0 0 0 32 34 32 0 0 2 0 0 0 33 34 34 1 0 1 0 0 0 32 34 32 0 1 0 0 1 2 0 0 1 0 1 0 2 0 2 0 1 0 1 0 0 2 1 0 2 0 0 2 0 0 0 1 1 0 1 0 0 0 2 1 0 0 2 0 0 0 0 0 0 0 1 2 0 0 0 0 0 
1
0 2 0 0 0 0 0 0 0 
0 0 0 0 2 0 0 0 2 0 0 0 1 2 2 1 0 1 0 0 0 0 2 0 2 1 0 0 1 2 0 0 1 0 1 0 2 0 2 0 1 0 1 0 0 2 1 0 2 0 0 2 0 0 0 1 1 0 1 0 0 0 2 1 0 0 2 0 0 0 0 0 0 0 1 2 0 0 0 0 0 
0 0 0 32 34 32 0 0 2 0 0 0 33 34 34 1 0 1 0 0 0 32 34 32 2 1 0 0 1 2 0 0 1 0 1 0 2 0 2 0 1 0 1 0 0 2 1 0 2 0 0 2 0 0 0 1 1 0 1 0 0 0 2 1 0 0 2 0 0 0 0 0 0 0 1 2 0 0 0 0 0 
1
0 2 0 0 0 0 0 0 0 
0 0 0 0 2 0 0 0 2 0 0 0 1 2 2 1 0 1 0 0 0 0 2 0 2 1 0 0 1 2 0 0 1 0 1 0 2 0 2 0 1 0 1 0 0 2 1 0 2 0 0 2 0 0 0 1 1 0 1 0 0 0 2 1 0 0 2 0 0 0 0 0 1 0 1 2 0 0 0 0 0 
0 0 0 32 34 32 0 0 2 0 0 0 33 34 34 1 0 1 0 0 0 32 34 32 2 1 0 0 1 2 0 0 1 0 1 0 2 0 2 0 1 0 1 0 0 2 1 0 2 0 0 2 0 0 0 1 1 0 1 0 0 0 2 1 0 0 2 0 0 0 0 0 1 0 1 2 0 0 0 0 0 
1
0 2 0 0 0 0 0 0 0 
0 0 0 0 2 0 0 0 2 0 0 0 1 2 2 1 0 1 0 0 0 0 2 0 2 1 0 0 1 2 0 0 1 0 1 0 2 0 2 0 1 0 1 0 0 2 1 0 2 0 0 2 0 0 0 1 1 0 1 0 0 0 2 1 0 0 2 0 0 0 0 0 1 2 1 2 0 0 0 0 0 
0 0 0 32 34 32 0 0 2 0 0 0 33 34 34 1 0 1 0 0 0 32 34 32 2 1 0 0 1 2 0 0 1 0 1 0 2 0 2 0 1 0 1 0 0 2 1 0 2 0 0 2 0 0 0 1 1 0 1 0 0 0 2 1 0 0 2 0 0 0 0 0 1 2 1 2 0 0 0 0 0 
1
0 2 0 0 0 0 0 0 0 
0 0 0 0 2 0 0 0 2 0 0 0 1 2 2 1 0 1 0 0 0 0 2 0 2 1 0 0 1 2 0 0 1 0 1 0 2 0 2 0 1 0 1 0 0 2 1 0 2 0 0 2 0 0 0 1 1 0 1 0 0 0 2 1 0 0 2 0 1 0 0 0 1 2 1 2 0 0 0 0 0 
0 0 0 32 34 32 0 0 2 0 0 0 33 34 34 1 0 1 0 0 0 32 34 32 2 1 0 0 1 2 0 0 1 0 1 0 2 0 2 0 1 0 1 0 0 2 1 0 2 0 0 2 0 0 0 1 1 0 1 0 0 0 2 1 0 0 2 0 1 0 0 0 1 2 1 2 0 0 0 0 0 
1
0 2 0 0 0 0 0 0 0 
0 0 0 0 2 0 0 0 2 0 0 0 1 2 2 1 0 1 0 0 0 0 2 0 2 1 0 0 1 2 0 0 1 0 1 0 2 0 2 0 1 0 1 0 0 2 1 0 2 0 0 2 0 2 0 1 1 0 1 0 0 0 2 1 0 0 2 0 1 0 0 0 1 2 1 2 0 0 0 0 0 
0 0 0 32 34 32 0 0 2 0 0 0 33 34 34 1 0 1 0 0 0 32 34 32 2 1 0 0 1 2 0 0 1 0 1 0 2 0 2 0 1 0 1 0 0 2 1 0 2 0 0 2 0 2 0 1 1 0 1 0 0 0 2 1 0 0 2 0 1 0 0 0 1 2 1 2 0 0 0 0 0 
1
0 2 0 0 0 0 0 0 0 
0 0 0 0 2 0 0 0 2 0 0 0 1 2 2 1 0 1 0 0 0 0 2 0 2 1 0 0 1 2 0 0 1 0 1 0 2 0 2 0 1 0 1 0 0 2 1 0 2 0 0 2 0 2 0 1 1 0 1 0 0 0 2 1 0 0 2 0 1 0 0 0 1 2 1 2 0 0 1 0 0 
0 0 0 32 34 32 0 0 2 0 0 0 33 34 34 1 0 1 0 0 0 32 34 32 2 1 0 0 1 2 0 0 1 0 1 0 2 0 2 0 1 0 1 0 0 2 1 0 2 0 0 2 0 2 0 1 1 0 1 0 0 0 2 1 0 0 2 0 1 0 0 0 1 2 1 2 0 0 1 0 0 
1
0 2 0 0 0 0 0 0 0 
0 0 0 0 2 0 0 0 2 0 0 0 1 2 2 1 0 1 0 0 0 0 2 0 2 1 0 0 1 2 0 0 1 0 1 0 2 0 2 0 1 0 1 0 0 2 1 0 2 0 0 2 0 2 0 1 1 0 1 0 0 0 2 1 2 0 2 0 1 0 0 0 1 2 1 2 0 0 1 0 0 
0 0 0 32 34 32 0 0 2 0 0 0 33 34 34 1 0 1 0 0 0 32 34 32 2 1 0 0 1 2 0 0 1 0 1 0 2 0 2 0 1 0 1 0 0 2 1 0 2 0 0 2 0 2 0 1 1 0 1 0 0 0 2 1 2 0 2 0 1 0 0 0 1 2 1 2 0 0 1 0 0 
1
0 2 0 0 0 0 0 0 0 
0 0 0 0 2 0 0 0 2 0 0 0 1 2 2 1 0 1 0 0 0 0 2 0 2 1 0 0 1 2 0 1 1 0 1 0 2 0 2 0 1 0 1 0 0 2 1 0 2 0 0 2 0 2 0 1 1 0 1 0 0 0 2 1 2 0 2 0 1 0 0 0 1 2 1 2 0 0 1 0 0 
0 0 0 32 34 32 0 0 2 0 0 0 33 34 34 1 0 1 0 0 0 32 34 32 2 1 0 0 1 2 0 1 1 0 1 0 2 0 2 0 1 0 1 0 0 2 1 0 2 0 0 2 0 2 0 1 1 0 1 0 0 0 2 1 2 0 2 0 1 0 0 0 1 2 1 2 0 0 1 0 0 
1
0 2 0 0 0 0 0 0 0 
0 0 0 0 2 0 0 0 2 0 0 0 1 2 2 1 0 1 0 0 0 0 2 0 2 1 2 0 1 2 0 1 1 0 1 0 2 0 2 0 1 0 1 0 0 2 1 0 2 0 0 2 0 2 0 1 1 0 1 0 0 0 2 1 2 0 2 0 1 0 0 0 1 2 1 2 0 0 1 0 0 
0 0 0 32 34 32 0 0 2 0 0 0 33 34 34 1 0 1 0 0 0 32 34 32 2 1 2 0 1 2 0 1 1 0 1 0 2 0 2 0 1 0 1 0 0 2 1 0 2 0 0 2 0 2 0 1 1 0 1 0 0 0 2 1 2 0 2 0 1 0 0 0 1 2 1 2 0 0 1 0 0 
1
0 2 0 0 0 0 0 0 0 
0 0 0 0 2 0 0 0 2 0 0 0 1 2 2 1 0 1 0 0 0 0 2 0 2 1 2 0 1 2 0 1 1 0 1 0 2 0 2 0 1 0 1 0 0 2 1 0 2 0 0 2 0 2 0 1 1 0 1 0 0 0 2 1 2 0 2 0 1 0 1 0 1 2 1 2 0 0 1 0 0 
0 0 0 32 34 32 0 0 2 0 0 0 33 34 34 1 0 1 0 0 0 32 34 32 2 1 2 0 1 2 0 1 1 0 1 0 2 0 2 0 1 0 1 0 0 2 1 0 2 0 0 2 0 2 0 1 1 0 1 0 0 0 2 1 2 0 2 0 1 0 1 0 1 2 1 2 0 0 1 0 0 
1
0 2 0 0 0 0 0 0 0 
0 0 0 0 2 0 0 0 2 0 0 0 1 2 2 1 0 1 0 0 0 0 2 0 2 1 2 0 1 2 0 1 1 0 1 0 2 0 2 0 1 0 1 0 0 2 1 0 2 2 0 2 0 2 0 1 1 0 1 0 0 0 2 1 2 0 2 0 1 0 1 0 1 2 1 2 0 0 1 0 0 
0 0 0 32 34 32 0 0 2 0 0 0 33 34 34 1 0 1 0 0 0 32 34 32 2 1 2 0 1 2 0 1 1 0 1 0 2 0 2 0 1 0 1 0 0 2 1 0 2 2 0 2 0 2 0 1 1 0 1 0 0 0 2 1 2 0 2 0 1 0 1 0 1 2 1 2 0 0 1 0 0 
1
0 2 0 0 0 0 0 0 0 
0 0 0 0 2 0 0 0 2 0 0 0 1 2 2 1 0 1 0 0 0 0 2 0 2 1 2 0 1 2 0 1 1 0 1 0 2 0 2 0 1 0 1 0 0 2 1 0 2 2 0 2 0 2 0 1 1 0 1 0 0 0 2 1 2 0 2 0 1 0 1 0 1 2 1 2 0 1 1 0 0 
0 0 0 32 34 32 0 0 2 0 0 0 33 34 34 1 0 1 0 0 0 32 34 32 2 1 2 0 1 2 0 1 1 0 1 0 2 0 2 0 1 0 1 0 0 2 1 0 2 2 0 2 0 2 0 1 1 0 1 0 0 0 2 1 2 0 2 0 1 0 1 0 1 2 1 2 0 1 1 0 0 
1
0 2 0 0 0 0 0 0 0 
0 0 0 0 2 0 0 0 2 0 0 0 1 2 2 1 0 1 0 0 0 0 2 0 2 1 2 0 1 2 0 1 1 0 1 0 2 0 2 0 1 0 1 0 0 2 1 0 2 2 0 2 0 2 0 1 1 0 1 0 0 2 2 1 2 0 2 0 1 0 1 0 1 2 1 2 0 1 1 0 0 
0 0 0 32 34 32 0 0 2 0 0 0 33 34 34 1 0 1 0 0 0 32 34 32 2 1 2 0 1 2 0 1 1 0 1 0 2 0 2 0 1 0 1 0 0 2 1 0 2 2 0 2 0 2 0 1 1 0 1 0 0 2 2 1 2 0 2 0 1 0 1 0 1 2 1 2 0 1 1 0 0 
1
0 2 0 0 1 0 0 0 0 
0 0 0 0 2 0 0 0 2 0 0 0 1 2 2 1 0 1 0 0 0 0 2 0 2 1 2 0 1 2 1 1 1 0 1 0 2 0 2 0 1 0 1 0 0 2 1 0 2 2 0 2 0 2 0 1 1 0 1 0 0 2 2 1 2 0 2 0 1 0 1 0 1 2 1 2 0 1 1 0 0 
0 0 0 32 34 32 0 0 2 0 0 0 33 34 34 1 0 1 0 0 0 32 34 32 2 1 2 0 1 2 17 17 17 0 1 0 2 0 2 16 17 16 1 0 0 2 1 0 18 18 16 2 0 2 0 1 1 0 1 0 0 2 2 1 2 0 2 0 1 0 1 0 1 2 1 2 0 1 1 0 0 
1
0 2 0 0 1 0 0 0 0 
0 0 0 0 2 0 0 0 2 0 2 0 1 2 2 1 0 1 0 0 0 0 2 0 2 1 2 0 1 2 1 1 1 0 1 0 2 0 2 0 1 0 1 0 0 2 1 0 2 2 0 2 0 2 0 1 1 0 1 0 0 2 2 1 2 0 2 0 1 0 1 0 1 2 1 2 0 1 1 0 0 
0 0 0 32 34 32 0 0 2 0 2 0 33 34 34 1 0 1 0 0 0 32 34 32 2 1 2 0 1 2 17 17 17 0 1 0 2 0 2 16 17 16 1 0 0 2 1 0 18 18 16 2 0 2 0 1 1 0 1 0 0 2 2 1 2 0 2 0 1 0 1 0 1 2 1 2 0 1 1 0 0 
1
0 2 0 0 1 0 0 0 0 
1 0 0 0 2 0 0 0 2 0 2 0 1 2 2 1 0 1 0 0 0 0 2 0 2 1 2 0 1 2 1 1 1 0 1 0 2 0 2 0 1 0 1 0 0 2 1 0 2 2 0 2 0 2 0 1 1 0 1 0 0 2 2 1 2 0 2 0 1 0 1 0 1 2 1 2 0 1 1 0 0 
1 0 0 32 34 32 0 0 2 0 2 0 33 34 34 1 0 1 0 0 0 32 34 32 2 1 2 0 1 2 17 17 17 0 1 0 2 0 2 16 17 16 1 0 0 2 1 0 18 18 16 2 0 2 0 1 1 0 1 0 0 2 2 1 2 0 2 0 1 0 1 0 1 2 1 2 0 1 1 0 0 
1
0 2 0 0 1 0 0 0 0 
1 0 0 0 2 0 0 0 2 0 2 0 1 2 2 1 0 1 0 0 2 0 2 0 2 1 2 0 1 2 1 1 1 0 1 0 2 0 2 0 1 0 1 0 0 2 1 0 2 2 0 2 0 2 0 1 1 0 1 0 0 2 2 1 2 0 2 0 1 0 1 0 1 2 1 2 0 1 1 0 0 
1 0 0 32 34 32 0 0 2 0 2 0 33 34 34 1 0 1 0 0 2 32 34 32 2 1 2 0 1 2 17 17 17 0 1 0 2 0 2 16 17 16 1 0 0 2 1 0 18 18 16 2 0 2 0 1 1 0 1 0 0 2 2 1 2 0 2 0 1 0 1 0 1 2 1 2 0 1 1 0 0 
1
0 2 0 0 1 0 0 0 0 
1 0 0 0 2 0 0 0 2 0 2 0 1 2 2 1 0 1 0 0 2 0 2 0 2 1 2 0 1 2 1 1 1 0 1 0 2 0 2 0 1 0 1 0 0 2 1 0 2 2 0 2 0 2 0 1 1 0 1 0 0 2 2 1 2 0 2 0 1 0 1 0 1 2 1 2 0 1 1 1 0 
1 0 0 32 34 32 0 0 2 0 2 0 33 34 34 1 0 1 0 0 2 32 34 32 2 1 2 0 1 2 17 17 17 0 1 0 2 0 2 16 17 16 1 0 0 2 1 0 18 18 16 2 0 2 0 1 1 0 1 0 0 2 2 1 2 0 2 0 1 0 1 0 1 2 1 2 0 1 1 1 0 
1
0 2 0 0 1 0 0 2 0 
1 0 0 0 2 0 0 0 2 0 2 0 1 2 2 1 0 1 0 0 2 0 2 0 2 1 2 0 1 2 1 1 1 0 1 0 2 0 2 0 1 0 1 0 0 2 1 0 2 2 0 2 0 2 0 1 1 2 1 0 0 2 2 1 2 0 2 0 1 0 1 0 1 2 1 2 0 1 1 1 0 
1 0 0 32 34 32 0 0 2 0 2 0 33 34 34 1 0 1 0 0 2 32 34 32 2 1 2 0 1 2 17 17 17 0 1 0 2 0 2 16 17 16 1 0 0 2 1 0 18 18 16 2 0 2 0 1 1 34 33 32 0 2 2 1 2 0 34 32 33 0 1 0 1 2 1 34 32 33 1 1 0 
1
0 2 0 0 1 0 0 2 0 
1 0 0 0 2 0 0 0 2 0 2 0 1 2 2 1 0 1 1 0 2 0 2 0 2 1 2 0 1 2 1 1 1 0 1 0 2 0 2 0 1 0 1 0 0 2 1 0 2 2 0 2 0 2 0 1 1 2 1 0 0 2 2 1 2 0 2 0 1 0 1 0 1 2 1 2 0 1 1 1 0 
1 0 0 32 34 32 0 0 2 0 2 0 33 34 34 1 0 1 1 0 2 32 34 32 2 1 2 0 1 2 17 17 17 0 1 0 2 0 2 16 17 16 1 0 0 2 1 0 18 18 16 2 0 2 0 1 1 34 33 32 0 2 2 1 2 0 34 32 33 0 1 0 1 2 1 34 32 33 1 1 0 
1
0 2 0 0 1 0 0 2 0 
1 0 0 0 2 0 0 0 2 0 2 0 1 2 2 1 0 1 1 0 2 0 2 0 2 1 2 0 1 2 1 1 1 0 1 0 2 0 2 0 1 0 1 0 0 2 1 0 2 2 0 2 0 2 0 1 1 2 1 0 0 2 2 1 2 2 2 0 1 0 1 0 1 2 1 2 0 1 1 1 0 
1 0 0 32 34 32 0 0 2 0 2 0 33 34 34 1 0 1 1 0 2 32 34 32 2 1 2 0 1 2 17 17 17 0 1 0 2 0 2 16 17 16 1 0 0 2 1 0 18 18 16 2 0 2 0 1 1 34 33 32 0 2 2 1 2 2 34 32 33 0 1 0 1 2 1 34 32 33 1 1 0 
1
0 2 0 0 1 0 0 2 0 
1 0 0 0 2 0 0 0 2 0 2 0 1 2 2 1 0 1 1 0 2 0 2 0 2 1 2 0 1 2 1 1 1 0 1 0 2 0 2 0 1 0 1 1 0 2 1 0 2 2 0 2 0 2 0 1 1 2 1 0 0 2 2 1 2 2 2 0 1 0 1 0 1 2 1 2 0 1 1 1 0 
1 0 0 32 34 32 0 0 2 0 2 0 33 34 34 1 0 1 1 0 2 32 34 32 2 1 2 0 1 2 17 17 17 0 1 0 2 0 2 16 17 16 1 1 0 2 1 0 18 18 16 2 0 2 0 1 1 34 33 32 0 2 2 1 2 2 34 32 33 0 1 0 1 2 1 34 32 33 1 1 0 
1
0 2 0 0 1 0 0 2 0 
1 0 0 0 2 0 0 0 2 0 2 0 1 2 2 1 0 1 1 0 2 0 2 0 2 1 2 0 1 2 1 1 1 0 1 0 2 0 2 0 1 0 1 1 0 2 1 0 2 2 0 2 0 2 0 1 1 2 1 0 0 2 2 1 2 2 2 0 1 0 1 0 1 2 1 2 0 1 1 1 2 
1 0 0 32 34 32 0 0 2 0 2 0 33 34 34 1 0 1 1 0 2 32 34 32 2 1 2 0 1 2 17 17 17 0 1 0 2 0 2 16 17 16 1 1 0 2 1 0 18 18 16 2 0 2 0 1 1 34 33 32 0 2 2 1 2 2 34 32 33 0 1 0 1 2 1 34 32 33 1 1 2 
1
0 2 0 0 1 0 0 2 0 
1 0 0 0 2 0 0 0 2 0 2 0 1 2 2 1 0 1 1 0 2 0 2 0 2 1 2 0 1 2 1 1 1 0 1 0 2 0 2 0 1 0 1 1 0 2 1 0 2 2 0 2 0 2 0 1 1 2 1 0 0 2 2 1 2 2 2 0 1 1 1 0 1 2 1 2 0 1 1 1 2 
1 0 0 32 34 32 0 0 2 0 2 0 33 34 34 1 0 1 1 0 2 32 34 32 2 1 2 0 1 2 17 17 17 0 1 0 2 0 2 16 17 16 1 1 0 2 1 0 18 18 16 2 0 2 0 1 1 34 33 32 0 2 2 1 2 2 34 32 33 1 1 0 1 2 1 34 32 33 1 1 2 
1
0 2 0 2 1 0 0 2 0 
1 0 0 0 2 0 0 0 2 0 2 0 1 2 2 1 0 1 1 0 2 0 2 0 2 1 2 0 1 2 1 1 1 0 1 0 2 0 2 0 1 0 1 1 0 2 1 2 2 2 0 2 0 2 0 1 1 2 1 0 0 2 2 1 2 2 2 0 1 1 1 0 1 2 1 2 0 1 1 1 2 
1 0 0 32 34 32 0 0 2 0 2 0 33 34 34 1 0 1 1 0 2 32 34 32 2 1 2 32 33 34 17 17 17 0 1 0 34 32 34 16 17 16 1 1 0 34 33 34 18 18 16 2 0 2 0 1 1 34 33 32 0 2 2 1 2 2 34 32 33 1 1 0 1 2 1 34 32 33 1 1 2 
1
0 2 0 2 1 0 0 2 1 
1 0 0 0 2 0 0 0 2 0 2 0 1 2 2 1 0 1 1 0 2 0 2 0 2 1 2 0 1 2 1 1 1 0 1 0 2 0 2 0 1 0 1 1 0 2 1 2 2 2 0 2 0 2 0 1 1 2 1 0 0 2 2 1 2 2 2 0 1 1 1 1 1 2 1 2 0 1 1 1 2 
1 0 0 32 34 32 0 0 2 0 2 0 33 34 34 1 0 1 1 0 2 32 34 32 2 1 2 32 33 34 17 17 17 0 1 0 34 32 34 16 17 16 1 1 0 34 33 34 18 18 16 2 0 2 0 1 1 34 33 32 16 18 18 1 2 2 34 32 33 17 17 17 1 2 1 34 32 33 17 17 18 
1
0 2 0 2 1 0 0 2 1 
1 0 0 0 2 0 0 0 2 0 2 0 1 2 2 1 0 1 1 0 2 0 2 0 2 1 2 0 1 2 1 1 1 0 1 2 2 0 2 0 1 0 1 1 0 2 1 2 2 2 0 2 0 2 0 1 1 2 1 0 0 2 2 1 2 2 2 0 1 1 1 1 1 2 1 2 0 1 1 1 2 
1 0 0 32 34 32 0 0 2 0 2 0 33 34 34 1 0 1 1 0 2 32 34 32 2 1 2 32 33 34 17 17 17 0 1 2 34 32 34 16 17 16 1 1 0 34 33 34 18 18 16 2 0 2 0 1 1 34 33 32 16 18 18 1 2 2 34 32 33 17 17 17 1 2 1 34 32 33 17 17 18 
1
0 2 0 2 1 0 0 2 1 
1 0 0 0 2 0 0 1 2 0 2 0 1 2 2 1 0 1 1 0 2 0 2 0 2 1 2 0 1 2 1 1 1 0 1 2 2 0 2 0 1 0 1 1 0 2 1 2 2 2 0 2 0 2 0 1 1 2 1 0 0 2 2 1 2 2 2 0 1 1 1 1 1 2 1 2 0 1 1 1 2 
1 0 0 32 34 32 0 1 2 0 2 0 33 34 34 1 0 1 1 0 2 32 34 32 2 1 2 32 33 34 17 17 17 0 1 2 34 32 34 16 17 16 1 1 0 34 33 34 18 18 16 2 0 2 0 1 1 34 33 32 16 18 18 1 2 2 34 32 33 17 17 17 1 2 1 34 32 33 17 17 18 
1
0 2 0 2 1 0 0 2 1 
1 0 0 0 2 0 2 1 2 0 2 0 1 2 2 1 0 1 1 0 2 0 2 0 2 1 2 0 1 2 1 1 1 0 1 2 2 0 2 0 1 0 1 1 0 2 1 2 2 2 0 2 0 2 0 1 1 2 1 0 0 2 2 1 2 2 2 0 1 1 1 1 1 2 1 2 0 1 1 1 2 
1 0 0 32 34 32 2 1 2 0 2 0 33 34 34 1 0 1 1 0 2 32 34 32 2 1 2 32 33 34 17 17 17 0 1 2 34 32 34 16 17 16 1 1 0 34 33 34 18 18 16 2 0 2 0 1 1 34 33 32 16 18 18 1 2 2 34 32 33 17 17 17 1 2 1 34 32 33 17 17 18 
1
0 2 0 2 1 0 0 2 1 
1 0 1 0 2 0 2 1 2 0 2 0 1 2 2 1 0 1 1 0 2 0 2 0 2 1 2 0 1 2 1 1 1 0 1 2 2 0 2 0 1 0 1 1 0 2 1 2 2 2 0 2 0 2 0 1 1 2 1 0 0 2 2 1 2 2 2 0 1 1 1 1 1 2 1 2 0 1 1 1 2 
1 0 1 32 34 32 2 1 2 0 2 0 33 34 34 1 0 1 1 0 2 32 34 32 2 1 2 32 33 34 17 17 17 0 1 2 34 32 34 16 17 16 1 1 0 34 33 34 18 18 16 2 0 2 0 1 1 34 33 32 16 18 18 1 2 2 34 32 33 17 17 17 1 2 1 34 32 33 17 17 18 
1
0 2 2 2 1 0 0 2 1 
1 0 1 0 2 0 2 1 2 0 2 0 1 2 2 1 2 1 1 0 2 0 2 0 2 1 2 0 1 2 1 1 1 0 1 2 2 0 2 0 1 0 1 1 0 2 1 2 2 2 0 2 0 2 0 1 1 2 1 0 0 2 2 1 2 2 2 0 1 1 1 1 1 2 1 2 0 1 1 1 2 
1 0 1 32 34 32 34 33 34 0 2 0 33 34 34 33 34 33 1 0 2 32 34 32 34 33 34 32 33 34 17 17 17 0 1 2 34 32 34 16 17 16 1 1 0 34 33 34 18 18 16 2 0 2 0 1 1 34 33 32 16 18 18 1 2 2 34 32 33 17 17 17 1 2 1 34 32 33 17 17 18 
1
1 2 2 2 1 0 0 2 1 
1 1 1 0 2 0 2 1 2 0 2 0 1 2 2 1 2 1 1 0 2 0 2 0 2 1 2 0 1 2 1 1 1 0 1 2 2 0 2 0 1 0 1 1 0 2 1 2 2 2 0 2 0 2 0 1 1 2 1 0 0 2 2 1 2 2 2 0 1 1 1 1 1 2 1 2 0 1 1 1 2 
17 17 17 32 34 32 34 33 34 16 18 16 33 34 34 33 34 33 17 16 18 32 34 32 34 33 34 32 33 34 17 17 17 0 1 2 34 32 34 16 17 16 1 1 0 34 33 34 18 18 16 2 0 2 0 1 1 34 33 32 16 18 18 1 2 2 34 32 33 17 17 17 1 2 1 34 32 33 17 17 18 
1
1 2 2 2 1 0 0 2 1 
1 1 1 0 2 0 2 1 2 0 2 0 1 2 2 1 2 1 1 0 2 0 2 0 2 1 2 0 1 2 1 1 1 0 1 2 2 0 2 0 1 0 1 1 0 2 1 2 2 2 0 2 0 2 0 1 1 2 1 0 0 2 2 1 2 2 2 0 1 1 1 1 1 2 1 2 0 1 1 1 2 
17 17 17 32 34 32 34 33 34 16 18 16 33 34 34 33 34 33 17 16 18 32 34 32 34 33 34 32 33 34 17 17 17 0 1 2 34 32 34 16 17 16 1 1 0 34 33 34 18 18 16 2 0 2 0 1 1 34 33 32 16 18 18 1 2 2 34 32 33 17 17 17 1 2 1 34 32 33 17 17 18 
1
