0 0 0 0 0 0 0 0 0 
0 0 0 0 0 0 0 0 0 0 0 0 0 0 0 0 0 0 0 0 0 0 0 0 0 0 0 0 0 0 0 0 0 0 0 0 0 0 0 0 1 0 0 0 0 0 0 0 0 0 0 0 0 0 0 0 0 0 0 0 0 0 0 0 0 0 0 0 0 0 0 0 0 0 0 0 0 0 0 0 0 
0 0 0 0 0 0 0 0 0 0 0 0 0 0 0 0 0 0 0 0 0 0 0 0 0 0 0 0 0 0 0 0 0 0 0 0 0 0 0 0 1 0 0 0 0 0 0 0 0 0 0 0 0 0 0 0 0 0 0 0 0 0 0 0 0 0 0 0 0 0 0 0 0 0 0 0 0 0 0 0 0 
1
0 0 0 0 0 0 0 0 0 
0 0 0 0 0 0 0 0 0 0 0 0 0 0 0 0 0 0 0 0 0 0 0 0 0 0 0 0 0 0 0 0 0 0 0 0 0 0 0 0 1 0 0 0 0 0 0 0 0 0 2 0 0 0 0 0 0 0 0 0 0 0 0 0 0 0 0 0 0 0 0 0 0 0 0 0 0 0 0 0 0 
0 0 0 0 0 0 0 0 0 0 0 0 0 0 0 0 0 0 0 0 0 0 0 0 0 0 0 0 0 0 0 0 0 0 0 0 0 0 0 0 1 0 0 0 0 0 0 0 0 0 2 0 0 0 0 0 0 0 0 0 0 0 0 0 0 0 0 0 0 0 0 0 0 0 0 0 0 0 0 0 0 
1
0 0 0 0 0 0 0 0 0 
0 0 0 0 0 0 0 0 0 0 0 0 0 0 0 0 0 0 0 0 0 0 0 0 0 0 0 0 0 0 0 0 0 0 0 0 0 0 0 0 1 0 0 0 0 0 0 0 0 0 2 0 0 0 0 0 0 0 0 0 0 0 1 0 0 0 0 0 0 0 0 0 0 0 0 0 0 0 0 0 0 
0 0 0 0 0 0 0 0 0 0 0 0 0 0 0 0 0 0 0 0 0 0 0 0 0 0 0 0 0 0 0 0 0 0 0 0 0 0 0 0 1 0 0 0 0 0 0 0 0 0 2 0 0 0 0 0 0 0 0 0 0 0 1 0 0 0 0 0 0 0 0 0 0 0 0 0 0 0 0 0 0 
1
0 0 0 0 0 0 0 0 0 
0 0 0 0 0 0 0 0 2 0 0 0 0 0 0 0 0 0 0 0 0 0 0 0 0 0 0 0 0 0 0 0 0 0 0 0 0 0 0 0 1 0 0 0 0 0 0 0 0 0 2 0 0 0 0 0 0 0 0 0 0 0 1 0 0 0 0 0 0 0 0 0 0 0 0 0 0 0 0 0 0 
0 0 0 0 0 0 0 0 2 0 0 0 0 0 0 0 0 0 0 0 0 0 0 0 0 0 0 0 0 0 0 0 0 0 0 0 0 0 0 0 1 0 0 0 0 0 0 0 0 0 2 0 0 0 0 0 0 0 0 0 0 0 1 0 0 0 0 0 0 0 0 0 0 0 0 0 0 0 0 0 0 
1
0 0 0 0 0 0 0 0 0 
0 0 0 0 0 0 0 1 2 0 0 0 0 0 0 0 0 0 0 0 0 0 0 0 0 0 0 0 0 0 0 0 0 0 0 0 0 0 0 0 1 0 0 0 0 0 0 0 0 0 2 0 0 0 0 0 0 0 0 0 0 0 1 0 0 0 0 0 0 0 0 0 0 0 0 0 0 0 0 0 0 
0 0 0 0 0 0 0 1 2 0 0 0 0 0 0 0 0 0 0 0 0 0 0 0 0 0 0 0 0 0 0 0 0 0 0 0 0 0 0 0 1 0 0 0 0 0 0 0 0 0 2 0 0 0 0 0 0 0 0 0 0 0 1 0 0 0 0 0 0 0 0 0 0 0 0 0 0 0 0 0 0 
1
0 0 0 0 0 0 0 0 0 
0 0 0 0 2 0 0 1 2 0 0 0 0 0 0 0 0 0 0 0 0 0 0 0 0 0 0 0 0 0 0 0 0 0 0 0 0 0 0 0 1 0 0 0 0 0 0 0 0 0 2 0 0 0 0 0 0 0 0 0 0 0 1 0 0 0 0 0 0 0 0 0 0 0 0 0 0 0 0 0 0 
0 0 0 0 2 0 0 1 2 0 0 0 0 0 0 0 0 0 0 0 0 0 0 0 0 0 0 0 0 0 0 0 0 0 0 0 0 0 0 0 1 0 0 0 0 0 0 0 0 0 2 0 0 0 0 0 0 0 0 0 0 0 1 0 0 0 0 0 0 0 0 0 0 0 0 0 0 0 0 0 0 
1
0 0 0 0 0 0 0 0 0 
0 0 0 0 2 0 0 1 2 0 0 0 0 0 1 0 0 0 0 0 0 0 0 0 0 0 0 0 0 0 0 0 0 0 0 0 0 0 0 0 1 0 0 0 0 0 0 0 0 0 2 0 0 0 0 0 0 0 0 0 0 0 1 0 0 0 0 0 0 0 0 0 0 0 0 0 0 0 0 0 0 
0 0 0 0 2 0 0 1 2 0 0 0 0 0 1 0 0 0 0 0 0 0 0 0 0 0 0 0 0 0 0 0 0 0 0 0 0 0 0 0 1 0 0 0 0 0 0 0 0 0 2 0 0 0 0 0 0 0 0 0 0 0 1 0 0 0 0 0 0 0 0 0 0 0 0 0 0 0 0 0 0 
1
0 0 0 0 0 0 0 0 0 
0 0 0 0 2 0 0 1 2 0 0 0 0 0 1 0 0 0 0 0 0 0 0 0 0 0 0 0 0 0 0 0 0 0 0 0 0 0 0 0 1 0 2 0 0 0 0 0 0 0 2 0 0 0 0 0 0 0 0 0 0 0 1 0 0 0 0 0 0 0 0 0 0 0 0 0 0 0 0 0 0 
0 0 0 0 2 0 0 1 2 0 0 0 0 0 1 0 0 0 0 0 0 0 0 0 0 0 0 0 0 0 0 0 0 0 0 0 0 0 0 0 1 0 2 0 0 0 0 0 0 0 2 0 0 0 0 0 0 0 0 0 0 0 1 0 0 0 0 0 0 0 0 0 0 0 0 0 0 0 0 0 0 
1
0 0 0 0 0 0 0 0 0 
0 0 0 0 2 0 0 1 2 0 0 0 0 0 1 0 0 0 0 0 0 0 0 0 0 0 0 0 0 0 0 0 0 0 0 0 0 0 0 0 1 0 2 0 0 0 1 0 0 0 2 0 0 0 0 0 0 0 0 0 0 0 1 0 0 0 0 0 0 0 0 0 0 0 0 0 0 0 0 0 0 
0 0 0 0 2 0 0 1 2 0 0 0 0 0 1 0 0 0 0 0 0 0 0 0 0 0 0 0 0 0 0 0 0 0 0 0 0 0 0 0 1 0 2 0 0 0 1 0 0 0 2 0 0 0 0 0 0 0 0 0 0 0 1 0 0 0 0 0 0 0 0 0 0 0 0 0 0 0 0 0 0 
1
0 0 0 0 0 0 0 0 0 
0 0 0 0 2 0 0 1 2 0 0 0 0 0 1 0 0 0 0 0 0 0 0 0 0 0 0 0 0 0 0 0 0 0 0 0 0 0 0 0 1 0 2 0 0 0 1 0 0 0 2 0 0 0 0 0 0 0 2 0 0 0 1 0 0 0 0 0 0 0 0 0 0 0 0 0 0 0 0 0 0 
0 0 0 0 2 0 0 1 2 0 0 0 0 0 1 0 0 0 0 0 0 0 0 0 0 0 0 0 0 0 0 0 0 0 0 0 0 0 0 0 1 0 2 0 0 0 1 0 0 0 2 0 0 0 0 0 0 0 2 0 0 0 1 0 0 0 0 0 0 0 0 0 0 0 0 0 0 0 0 0 0 
1
0 0 0 0 0 0 0 0 0 
0 0 0 0 2 0 0 1 2 0 0 0 1 0 1 0 0 0 0 0 0 0 0 0 0 0 0 0 0 0 0 0 0 0 0 0 0 0 0 0 1 0 2 0 0 0 1 0 0 0 2 0 0 0 0 0 0 0 2 0 0 0 1 0 0 0 0 0 0 0 0 0 0 0 0 0 0 0 0 0 0 
0 0 0 0 2 0 0 1 2 0 0 0 1 0 1 0 0 0 0 0 0 0 0 0 0 0 0 0 0 0 0 0 0 0 0 0 0 0 0 0 1 0 2 0 0 0 1 0 0 0 2 0 0 0 0 0 0 0 2 0 0 0 1 0 0 0 0 0 0 0 0 0 0 0 0 0 0 0 0 0 0 
1
0 0 0 0 0 0 0 0 0 
0 0 0 0 2 0 0 1 2 0 0 0 1 0 1 0 0 0 0 0 0 0 0 0 0 0 0 0 0 0 0 0 0 0 0 0 2 0 0 0 1 0 2 0 0 0 1 0 0 0 2 0 0 0 0 0 0 0 2 0 0 0 1 0 0 0 0 0 0 0 0 0 0 0 0 0 0 0 0 0 0 
0 0 0 0 2 0 0 1 2 0 0 0 1 0 1 0 0 0 0 0 0 0 0 0 0 0 0 0 0 0 0 0 0 0 0 0 2 0 0 0 1 0 2 0 0 0 1 0 0 0 2 0 0 0 0 0 0 0 2 0 0 0 1 0 0 0 0 0 0 0 0 0 0 0 0 0 0 0 0 0 0 
1
0 0 0 0 0 0 0 0 0 
0 0 0 0 2 0 0 1 2 0 0 0 1 0 1 0 0 0 0 0 0 0 0 0 0 0 0 0 0 0 0 0 0 0 0 0 2 0 0 0 1 0 2 0 0 0 1 1 0 0 2 0 0 0 0 0 0 0 2 0 0 0 1 0 0 0 0 0 0 0 0 0 0 0 0 0 0 0 0 0 0 
0 0 0 0 2 0 0 1 2 0 0 0 1 0 1 0 0 0 0 0 0 0 0 0 0 0 0 0 0 0 0 0 0 0 0 0 2 0 0 0 1 0 2 0 0 0 1 1 0 0 2 0 0 0 0 0 0 0 2 0 0 0 1 0 0 0 0 0 0 0 0 0 0 0 0 0 0 0 0 0 0 
1
0 0 0 0 0 0 0 0 0 
0 0 0 0 2 0 0 1 2 0 0 0 1 0 1 0 0 0 0 0 0 0 0 0 0 0 0 0 0 0 0 0 0 0 0 0 2 0 0 0 1 0 2 0 0 0 1 1 0 0 2 0 0 0 0 0 0 0 2 0 0 0 1 0 0 0 0 0 0 0 0 0 0 0 0 0 0 0 2 0 0 
0 0 0 0 2 0 0 1 2 0 0 0 1 0 1 0 0 0 0 0 0 0 0 0 0 0 0 0 0 0 0 0 0 0 0 0 2 0 0 0 1 0 2 0 0 0 1 1 0 0 2 0 0 0 0 0 0 0 2 0 0 0 1 0 0 0 0 0 0 0 0 0 0 0 0 0 0 0 2 0 0 
1
0 0 0 0 0 0 0 0 0 
0 0 0 0 2 0 0 1 2 0 0 0 1 0 1 0 0 0 0 0 0 0 0 0 0 0 0 0 0 0 0 0 0 0 0 0 2 0 0 0 1 0 2 0 0 0 1 1 0 0 2 0 0 0 1 0 0 0 2 0 0 0 1 0 0 0 0 0 0 0 0 0 0 0 0 0 0 0 2 0 0 
0 0 0 0 2 0 0 1 2 0 0 0 1 0 1 0 0 0 0 0 0 0 0 0 0 0 0 0 0 0 0 0 0 0 0 0 2 0 0 0 1 0 2 0 0 0 1 1 0 0 2 0 0 0 1 0 0 0 2 0 0 0 1 0 0 0 0 0 0 0 0 0 0 0 0 0 0 0 2 0 0 
1
0 0 0 0 0 0 0 0 0 
0 0 0 0 2 0 0 1 2 0 0 0 1 0 1 0 0 0 0 0 2 0 0 0 0 0 0 0 0 0 0 0 0 0 0 0 2 0 0 0 1 0 2 0 0 0 1 1 0 0 2 0 0 0 1 0 0 0 2 0 0 0 1 0 0 0 0 0 0 0 0 0 0 0 0 0 0 0 2 0 0 
0 0 0 0 2 0 0 1 2 0 0 0 1 0 1 0 0 0 0 0 2 0 0 0 0 0 0 0 0 0 0 0 0 0 0 0 2 0 0 0 1 0 2 0 0 0 1 1 0 0 2 0 0 0 1 0 0 0 2 0 0 0 1 0 0 0 0 0 0 0 0 0 0 0 0 0 0 0 2 0 0 
1
0 0 0 0 0 0 0 0 0 
0 0 0 0 2 0 0 1 2 0 0 0 1 0 1 0 0 0 0 0 2 0 0 0 0 0 0 0 0 0 0 0 0 0 0 0 2 0 0 0 1 0 2 0 0 0 1 1 0 0 2 0 0 0 1 0 0 0 2 0 1 0 1 0 0 0 0 0 0 0 0 0 0 0 0 0 0 0 2 0 0 
0 0 0 0 2 0 0 1 2 0 0 0 1 0 1 0 0 0 0 0 2 0 0 0 0 0 0 0 0 0 0 0 0 0 0 0 2 0 0 0 1 0 2 0 0 0 1 1 0 0 2 0 0 0 1 0 0 0 2 0 1 0 1 0 0 0 0 0 0 0 0 0 0 0 0 0 0 0 2 0 0 
1
0 0 0 0 0 0 0 0 0 
2 0 0 0 2 0 0 1 2 0 0 0 1 0 1 0 0 0 0 0 2 0 0 0 0 0 0 0 0 0 0 0 0 0 0 0 2 0 0 0 1 0 2 0 0 0 1 1 0 0 2 0 0 0 1 0 0 0 2 0 1 0 1 0 0 0 0 0 0 0 0 0 0 0 0 0 0 0 2 0 0 
2 0 0 0 2 0 0 1 2 0 0 0 1 0 1 0 0 0 0 0 2 0 0 0 0 0 0 0 0 0 0 0 0 0 0 0 2 0 0 0 1 0 2 0 0 0 1 1 0 0 2 0 0 0 1 0 0 0 2 0 1 0 1 0 0 0 0 0 0 0 0 0 0 0 0 0 0 0 2 0 0 
1
0 0 0 0 0 0 0 0 0 
2 0 0 0 2 0 0 1 2 0 1 0 1 0 1 0 0 0 0 0 2 0 0 0 0 0 0 0 0 0 0 0 0 0 0 0 2 0 0 0 1 0 2 0 0 0 1 1 0 0 2 0 0 0 1 0 0 0 2 0 1 0 1 0 0 0 0 0 0 0 0 0 0 0 0 0 0 0 2 0 0 
2 0 0 0 2 0 0 1 2 0 1 0 1 0 1 0 0 0 0 0 2 0 0 0 0 0 0 0 0 0 0 0 0 0 0 0 2 0 0 0 1 0 2 0 0 0 1 1 0 0 2 0 0 0 1 0 0 0 2 0 1 0 1 0 0 0 0 0 0 0 0 0 0 0 0 0 0 0 2 0 0 
1
0 0 0 0 0 0 0 0 0 
2 0 0 0 2 0 0 1 2 0 1 0 1 0 1 0 0 0 0 0 2 0 0 0 0 0 0 0 0 0 0 0 0 0 0 0 2 0 0 0 1 2 2 0 0 0 1 1 0 0 2 0 0 0 1 0 0 0 2 0 1 0 1 0 0 0 0 0 0 0 0 0 0 0 0 0 0 0 2 0 0 
2 0 0 0 2 0 0 1 2 0 1 0 1 0 1 0 0 0 0 0 2 0 0 0 0 0 0 0 0 0 0 0 0 0 0 0 2 0 0 0 1 2 2 0 0 0 1 1 0 0 2 0 0 0 1 0 0 0 2 0 1 0 1 0 0 0 0 0 0 0 0 0 0 0 0 0 0 0 2 0 0 
1
0 0 0 0 0 0 0 0 0 
2 0 0 0 2 0 0 1 2 0 1 0 1 0 1 0 0 0 0 0 2 0 0 0 0 0 0 0 0 0 0 0 0 0 0 0 2 0 0 0 1 2 2 0 0 0 1 1 0 0 2 0 1 0 1 0 0 0 2 0 1 0 1 0 0 0 0 0 0 0 0 0 0 0 0 0 0 0 2 0 0 
2 0 0 0 2 0 0 1 2 0 1 0 1 0 1 0 0 0 0 0 2 0 0 0 0 0 0 0 0 0 0 0 0 0 0 0 2 0 0 0 1 2 2 0 0 0 1 1 0 0 2 0 1 0 1 0 0 0 2 0 1 0 1 0 0 0 0 0 0 0 0 0 0 0 0 0 0 0 2 0 0 
1
0 0 0 0 0 0 0 0 0 
2 0 0 0 2 0 0 1 2 0 1 0 1 0 1 0 0 0 0 0 2 0 0 0 0 0 0 0 0 0 0 0 0 0 0 0 2 0 0 0 1 2 2 0 0 0 1 1 0 0 2 0 1 0 1 0 0 0 2 0 1 0 1 0 0 0 0 0 0 0 0 0 0 0 0 0 2 0 2 0 0 
2 0 0 0 2 0 0 1 2 0 1 0 1 0 1 0 0 0 0 0 2 0 0 0 0 0 0 0 0 0 0 0 0 0 0 0 2 0 0 0 1 2 2 0 0 0 1 1 0 0 2 0 1 0 1 0 0 0 2 0 1 0 1 0 0 0 0 0 0 0 0 0 0 0 0 0 2 0 2 0 0 
1
0 0 0 0 0 0 0 0 0 
2 0 0 0 2 0 0 1 2 0 1 0 1 0 1 0 0 0 0 0 2 0 0 0 0 0 0 0 0 0 0 0 0 0 0 0 2 0 0 0 1 2 2 0 0 0 1 1 0 0 2 0 1 0 1 0 0 0 2 0 1 0 1 0 0 0 0 0 1 0 0 0 0 0 0 0 2 0 2 0 0 
2 0 0 0 2 0 0 1 2 0 1 0 1 0 1 0 0 0 0 0 2 0 0 0 0 0 0 0 0 0 0 0 0 0 0 0 2 0 0 0 1 2 2 0 0 0 1 1 0 0 2 0 1 0 1 0 0 0 2 0 1 0 1 0 0 0 0 0 1 0 0 0 0 0 0 0 2 0 2 0 0 
1
0 0 0 0 0 0 0 0 0 
2 0 0 0 2 0 0 1 2 0 1 0 1 0 1 0 0 0 0 0 2 0 0 0 0 0 0 0 0 0 0 0 0 0 0 2 2 0 0 0 1 2 2 0 0 0 1 1 0 0 2 0 1 0 1 0 0 0 2 0 1 0 1 0 0 0 0 0 1 0 0 0 0 0 0 0 2 0 2 0 0 
2 0 0 0 2 0 0 1 2 0 1 0 1 0 1 0 0 0 0 0 2 0 0 0 0 0 0 0 0 0 0 0 0 0 0 2 2 0 0 0 1 2 2 0 0 0 1 1 0 0 2 0 1 0 1 0 0 0 2 0 1 0 1 0 0 0 0 0 1 0 0 0 0 0 0 0 2 0 2 0 0 
1
0 0 0 0 0 0 0 0 0 
2 0 0 0 2 0 0 1 2 0 1 0 1 0 1 0 0 1 0 0 2 0 0 0 0 0 0 0 0 0 0 0 0 0 0 2 2 0 0 0 1 2 2 0 0 0 1 1 0 0 2 0 1 0 1 0 0 0 2 0 1 0 1 0 0 0 0 0 1 0 0 0 0 0 0 0 2 0 2 0 0 
2 0 0 0 2 0 0 1 2 0 1 0 1 0 1 0 0 1 0 0 2 0 0 0 0 0 0 0 0 0 0 0 0 0 0 2 2 0 0 0 1 2 2 0 0 0 1 1 0 0 2 0 1 0 1 0 0 0 2 0 1 0 1 0 0 0 0 0 1 0 0 0 0 0 0 0 2 0 2 0 0 
1
0 0 0 0 0 0 0 0 0 
2 0 0 0 2 0 0 1 2 0 1 0 1 0 1 0 0 1 0 0 2 0 0 0 0 0 0 0 0 0 0 0 0 2 0 2 2 0 0 0 1 2 2 0 0 0 1 1 0 0 2 0 1 0 1 0 0 0 2 0 1 0 1 0 0 0 0 0 1 0 0 0 0 0 0 0 2 0 2 0 0 
2 0 0 0 2 0 0 1 2 0 1 0 1 0 1 0 0 1 0 0 2 0 0 0 0 0 0 0 0 0 0 0 0 2 0 2 2 0 0 0 1 2 2 0 0 0 1 1 0 0 2 0 1 0 1 0 0 0 2 0 1 0 1 0 0 0 0 0 1 0 0 0 0 0 0 0 2 0 2 0 0 
1
0 0 0 0 0 0 0 0 0 
2 0 0 0 2 0 0 1 2 0 1 0 1 0 1 0 0 1 0 1 2 0 0 0 0 0 0 0 0 0 0 0 0 2 0 2 2 0 0 0 1 2 2 0 0 0 1 1 0 0 2 0 1 0 1 0 0 0 2 0 1 0 1 0 0 0 0 0 1 0 0 0 0 0 0 0 2 0 2 0 0 
2 0 0 0 2 0 0 1 2 0 1 0 1 0 1 0 0 1 0 1 2 0 0 0 0 0 0 0 0 0 0 0 0 2 0 2 2 0 0 0 1 2 2 0 0 0 1 1 0 0 2 0 1 0 1 0 0 0 2 0 1 0 1 0 0 0 0 0 1 0 0 0 0 0 0 0 2 0 2 0 0 
1
0 0 0 0 0 0 0 0 0 
2 0 0 0 2 0 0 1 2 0 1 0 1 0 1 0 0 1 0 1 2 0 0 0 0 0 0 0 0 0 0 0 0 2 0 2 2 0 0 0 1 2 2 0 0 0 1 1 0 0 2 0 1 0 1 0 0 0 2 2 1 0 1 0 0 0 0 0 1 0 0 0 0 0 0 0 2 0 2 0 0 
2 0 0 0 2 0 0 1 2 0 1 0 1 0 1 0 0 1 0 1 2 0 0 0 0 0 0 0 0 0 0 0 0 2 0 2 2 0 0 0 1 2 2 0 0 0 1 1 0 0 2 0 1 0 1 0 0 0 2 2 1 0 1 0 0 0 0 0 1 0 0 0 0 0 0 0 2 0 2 0 0 
1
0 0 0 0 0 0 0 0 0 
2 0 0 0 2 0 0 1 2 0 1 0 1 0 1 0 0 1 0 1 2 0 0 0 0 1 0 0 0 0 0 0 0 2 0 2 2 0 0 0 1 2 2 0 0 0 1 1 0 0 2 0 1 0 1 0 0 0 2 2 1 0 1 0 0 0 0 0 1 0 0 0 0 0 0 0 2 0 2 0 0 
2 0 0 0 2 0 0 1 2 0 1 0 1 0 1 0 0 1 0 1 2 0 0 0 0 1 0 0 0 0 0 0 0 2 0 2 2 0 0 0 1 2 2 0 0 0 1 1 0 0 2 0 1 0 1 0 0 0 2 2 1 0 1 0 0 0 0 0 1 0 0 0 0 0 0 0 2 0 2 0 0 
1
0 0 0 0 0 0 0 0 0 
2 0 0 0 2 0 0 1 2 0 1 0 1 0 1 0 0 1 0 1 2 0 0 0 0 1 0 0 0 0 0 0 0 2 0 2 2 0 0 0 1 2 2 0 0 0 1 1 0 0 2 0 1 0 1 0 0 0 2 2 1 0 1 0 0 0 2 0 1 0 0 0 0 0 0 0 2 0 2 0 0 
2 0 0 0 2 0 0 1 2 0 1 0 1 0 1 0 0 1 0 1 2 0 0 0 0 1 0 0 0 0 0 0 0 2 0 2 2 0 0 0 1 2 2 0 0 0 1 1 0 0 2 0 1 0 1 0 0 0 2 2 1 0 1 0 0 0 2 0 1 0 0 0 0 0 0 0 2 0 2 0 0 
1
0 0 0 1 0 0 0 0 0 
2 0 0 0 2 0 0 1 2 0 1 0 1 0 1 0 0 1 0 1 2 0 0 0 0 1 0 0 0 0 0 0 0 2 0 2 2 0 0 0 1 2 2 0 0 1 1 1 0 0 2 0 1 0 1 0 0 0 2 2 1 0 1 0 0 0 2 0 1 0 0 0 0 0 0 0 2 0 2 0 0 
2 0 0 0 2 0 0 1 2 0 1 0 1 0 1 0 0 1 0 1 2 0 0 0 0 1 0 16 16 16 0 0 0 2 0 2 18 16 16 0 1 2 2 0 0 17 17 17 0 0 2 0 1 0 1 0 0 0 2 2 1 0 1 0 0 0 2 0 1 0 0 0 0 0 0 0 2 0 2 0 0 
1
0 0 0 1 0 0 0 0 0 
2 0 0 0 2 0 0 1 2 0 1 0 1 0 1 0 0 1 0 1 2 0 0 0 0 1 0 0 0 0 0 0 0 2 0 2 2 0 0 0 1 2 2 0 0 1 1 1 0 0 2 0 1 0 1 0 0 0 2 2 1 0 1 0 0 0 2 0 1 0 0 0 0 2 0 0 2 0 2 0 0 
2 0 0 0 2 0 0 1 2 0 1 0 1 0 1 0 0 1 0 1 2 0 0 0 0 1 0 16 16 16 0 0 0 2 0 2 18 16 16 0 1 2 2 0 0 17 17 17 0 0 2 0 1 0 1 0 0 0 2 2 1 0 1 0 0 0 2 0 1 0 0 0 0 2 0 0 2 0 2 0 0 
1
0 0 0 1 0 0 0 0 0 
2 0 0 0 2 0 0 1 2 0 1 0 1 0 1 0 0 1 0 1 2 0 0 0 0 1 0 0 0 0 0 0 0 2 0 2 2 0 0 0 1 2 2 0 0 1 1 1 0 0 2 0 1 0 1 0 0 0 2 2 1 0 1 0 0 0 2 0 1 0 0 0 0 2 0 1 2 0 2 0 0 
2 0 0 0 2 0 0 1 2 0 1 0 1 0 1 0 0 1 0 1 2 0 0 0 0 1 0 16 16 16 0 0 0 2 0 2 18 16 16 0 1 2 2 0 0 17 17 17 0 0 2 0 1 0 1 0 0 0 2 2 1 0 1 0 0 0 2 0 1 0 0 0 0 2 0 1 2 0 2 0 0 
1
0 0 0 1 0 0 0 0 0 
2 0 0 0 2 0 0 1 2 0 1 0 1 0 1 0 0 1 0 1 2 0 0 0 0 1 0 0 0 0 0 0 0 2 0 2 2 0 0 0 1 2 2 0 0 1 1 1 0 0 2 0 1 0 1 0 0 0 2 2 1 0 1 0 0 0 2 0 1 0 0 0 0 2 2 1 2 0 2 0 0 
2 0 0 0 2 0 0 1 2 0 1 0 1 0 1 0 0 1 0 1 2 0 0 0 0 1 0 16 16 16 0 0 0 2 0 2 18 16 16 0 1 2 2 0 0 17 17 17 0 0 2 0 1 0 1 0 0 0 2 2 1 0 1 0 0 0 2 0 1 0 0 0 0 2 2 1 2 0 2 0 0 
1
0 0 0 1 0 0 0 0 0 
2 0 0 0 2 0 0 1 2 0 1 0 1 0 1 0 0 1 0 1 2 0 0 0 0 1 0 0 0 0 0 0 0 2 0 2 2 0 0 0 1 2 2 0 0 1 1 1 0 0 2 0 1 0 1 0 0 0 2 2 1 0 1 0 0 0 2 0 1 0 0 0 0 2 2 1 2 0 2 1 0 
2 0 0 0 2 0 0 1 2 0 1 0 1 0 1 0 0 1 0 1 2 0 0 0 0 1 0 16 16 16 0 0 0 2 0 2 18 16 16 0 1 2 2 0 0 17 17 17 0 0 2 0 1 0 1 0 0 0 2 2 1 0 1 0 0 0 2 0 1 0 0 0 0 2 2 1 2 0 2 1 0 
1
0 0 0 1 0 0 0 0 0 
2 0 0 0 2 0 0 1 2 0 1 0 1 0 1 0 0 1 0 1 2 0 0 0 0 1 0 0 0 0 0 0 0 2 0 2 2 0 0 0 1 2 2 0 0 1 1 1 0 0 2 0 1 0 1 0 0 0 2 2 1 0 1 0 0 0 2 0 1 0 0 0 0 2 2 1 2 2 2 1 0 
2 0 0 0 2 0 0 1 2 0 1 0 1 0 1 0 0 1 0 1 2 0 0 0 0 1 0 16 16 16 0 0 0 2 0 2 18 16 16 0 1 2 2 0 0 17 17 17 0 0 2 0 1 0 1 0 0 0 2 2 1 0 1 0 0 0 2 0 1 0 0 0 0 2 2 1 2 2 2 1 0 
1
0 0 0 1 0 0 0 0 0 
2 0 0 0 2 0 0 1 2 0 1 0 1 0 1 0 0 1 0 1 2 0 0 0 0 1 0 0 0 0 0 0 0 2 0 2 2 0 0 0 1 2 2 0 0 1 1 1 0 0 2 0 1 0 1 0 0 0 2 2 1 0 1 0 0 0 2 0 1 0 0 0 0 2 2 1 2 2 2 1 1 
2 0 0 0 2 0 0 1 2 0 1 0 1 0 1 0 0 1 0 1 2 0 0 0 0 1 0 16 16 16 0 0 0 2 0 2 18 16 16 0 1 2 2 0 0 17 17 17 0 0 2 0 1 0 1 0 0 0 2 2 1 0 1 0 0 0 2 0 1 0 0 0 0 2 2 1 2 2 2 1 1 
1
0 0 0 1 0 0 0 0 0 
2 0 0 0 2 0 0 1 2 0 1 0 1 0 1 0 0 1 0 1 2 0 0 0 0 1 0 0 0 0 0 0 0 2 0 2 2 0 0 0 1 2 2 0 0 1 1 1 0 0 2 0 1 0 1 0 0 0 2 2 1 0 1 0 0 0 2 0 1 0 0 2 0 2 2 1 2 2 2 1 1 
2 0 0 0 2 0 0 1 2 0 1 0 1 0 1 0 0 1 0 1 2 0 0 0 0 1 0 16 16 16 0 0 0 2 0 2 18 16 16 0 1 2 2 0 0 17 17 17 0 0 2 0 1 0 1 0 0 0 2 2 1 0 1 0 0 0 2 0 1 0 0 2 0 2 2 1 2 2 2 1 1 
1
0 0 0 1 0 0 0 0 0 
2 0 0 0 2 0 0 1 2 0 1 0 1 0 1 0 0 1 0 1 2 0 0 0 0 1 0 0 0 0 0 0 0 2 0 2 2 0 0 0 1 2 2 0 0 1 1 1 0 0 2 1 1 0 1 0 0 0 2 2 1 0 1 0 0 0 2 0 1 0 0 2 0 2 2 1 2 2 2 1 1 
2 0 0 0 2 0 0 1 2 0 1 0 1 0 1 0 0 1 0 1 2 0 0 0 0 1 0 16 16 16 0 0 0 2 0 2 18 16 16 0 1 2 2 0 0 17 17 17 0 0 2 1 1 0 1 0 0 0 2 2 1 0 1 0 0 0 2 0 1 0 0 2 0 2 2 1 2 2 2 1 1 
1
0 0 0 1 0 0 0 0 0 
2 0 0 0 2 0 0 1 2 0 1 0 1 0 1 0 0 1 0 1 2 0 0 0 0 1 0 0 0 0 0 0 0 2 0 2 2 0 0 0 1 2 2 0 0 1 1 1 0 0 2 1 1 0 1 0 2 0 2 2 1 0 1 0 0 0 2 0 1 0 0 2 0 2 2 1 2 2 2 1 1 
2 0 0 0 2 0 0 1 2 0 1 0 1 0 1 0 0 1 0 1 2 0 0 0 0 1 0 16 16 16 0 0 0 2 0 2 18 16 16 0 1 2 2 0 0 17 17 17 0 0 2 1 1 0 1 0 2 0 2 2 1 0 1 0 0 0 2 0 1 0 0 2 0 2 2 1 2 2 2 1 1 
1
0 0 0 1 0 0 0 0 0 
2 0 0 0 2 0 0 1 2 0 1 0 1 0 1 0 0 1 0 1 2 0 0 0 1 1 0 0 0 0 0 0 0 2 0 2 2 0 0 0 1 2 2 0 0 1 1 1 0 0 2 1 1 0 1 0 2 0 2 2 1 0 1 0 0 0 2 0 1 0 0 2 0 2 2 1 2 2 2 1 1 
2 0 0 0 2 0 0 1 2 0 1 0 1 0 1 0 0 1 0 1 2 0 0 0 1 1 0 16 16 16 0 0 0 2 0 2 18 16 16 0 1 2 2 0 0 17 17 17 0 0 2 1 1 0 1 0 2 0 2 2 1 0 1 0 0 0 2 0 1 0 0 2 0 2 2 1 2 2 2 1 1 
1
0 0 0 1 0 0 0 0 0 
2 0 0 0 2 0 0 1 2 0 1 0 1 0 1 0 0 1 0 1 2 0 0 0 1 1 0 0 0 0 0 0 0 2 0 2 2 0 0 0 1 2 2 0 0 1 1 1 0 0 2 1 1 0 1 0 2 0 2 2 1 0 1 0 2 0 2 0 1 0 0 2 0 2 2 1 2 2 2 1 1 
2 0 0 0 2 0 0 1 2 0 1 0 1 0 1 0 0 1 0 1 2 0 0 0 1 1 0 16 16 16 0 0 0 2 0 2 18 16 16 0 1 2 2 0 0 17 17 17 0 0 2 1 1 0 1 0 2 0 2 2 1 0 1 0 2 0 2 0 1 0 0 2 0 2 2 1 2 2 2 1 1 
1
0 0 0 1 0 0 0 0 0 
2 0 0 0 2 0 0 1 2 0 1 0 1 0 1 0 0 1 0 1 2 0 0 0 1 1 0 0 0 0 0 0 0 2 0 2 2 0 0 0 1 2 2 0 0 1 1 1 1 0 2 1 1 0 1 0 2 0 2 2 1 0 1 0 2 0 2 0 1 0 0 2 0 2 2 1 2 2 2 1 1 
2 0 0 0 2 0 0 1 2 0 1 0 1 0 1 0 0 1 0 1 2 0 0 0 1 1 0 16 16 16 0 0 0 2 0 2 18 16 16 0 1 2 2 0 0 17 17 17 1 0 2 1 1 0 1 0 2 0 2 2 1 0 1 0 2 0 2 0 1 0 0 2 0 2 2 1 2 2 2 1 1 
1
0 0 0 1 0 0 2 0 0 
2 0 0 0 2 0 0 1 2 0 1 0 1 0 1 0 0 1 0 1 2 0 0 0 1 1 0 0 0 0 0 0 0 2 0 2 2 0 0 0 1 2 2 0 0 1 1 1 1 0 2 1 1 0 1 2 2 0 2 2 1 0 1 0 2 0 2 0 1 0 0 2 0 2 2 1 2 2 2 1 1 
2 0 0 0 2 0 0 1 2 0 1 0 1 0 1 0 0 1 0 1 2 0 0 0 1 1 0 16 16 16 0 0 0 2 0 2 18 16 16 0 1 2 2 0 0 17 17 17 1 0 2 1 1 0 33 34 34 0 2 2 1 0 1 32 34 32 2 0 1 0 0 2 32 34 34 1 2 2 2 1 1 
1
0 1 0 1 0 0 2 0 0 
2 0 0 0 2 0 0 1 2 0 1 0 1 1 1 0 0 1 0 1 2 0 0 0 1 1 0 0 0 0 0 0 0 2 0 2 2 0 0 0 1 2 2 0 0 1 1 1 1 0 2 1 1 0 1 2 2 0 2 2 1 0 1 0 2 0 2 0 1 0 0 2 0 2 2 1 2 2 2 1 1 
2 0 0 16 18 16 0 1 2 0 1 0 17 17 17 0 0 1 0 1 2 16 16 16 1 1 0 16 16 16 0 0 0 2 0 2 18 16 16 0 1 2 2 0 0 17 17 17 1 0 2 1 1 0 33 34 34 0 2 2 1 0 1 32 34 32 2 0 1 0 0 2 32 34 34 1 2 2 2 1 1 
1
0 1 0 1 0 0 2 0 0 
2 0 0 0 2 0 0 1 2 0 1 0 1 1 1 0 0 1 0 1 2 0 0 0 1 1 0 0 0 0 2 0 0 2 0 2 2 0 0 0 1 2 2 0 0 1 1 1 1 0 2 1 1 0 1 2 2 0 2 2 1 0 1 0 2 0 2 0 1 0 0 2 0 2 2 1 2 2 2 1 1 
2 0 0 16 18 16 0 1 2 0 1 0 17 17 17 0 0 1 0 1 2 16 16 16 1 1 0 16 16 16 2 0 0 2 0 2 18 16 16 0 1 2 2 0 0 17 17 17 1 0 2 1 1 0 33 34 34 0 2 2 1 0 1 32 34 32 2 0 1 0 0 2 32 34 34 1 2 2 2 1 1 
1
1 1 0 1 0 0 2 0 0 
2 1 0 0 2 0 0 1 2 0 1 0 1 1 1 0 0 1 0 1 2 0 0 0 1 1 0 0 0 0 2 0 0 2 0 2 2 0 0 0 1 2 2 0 0 1 1 1 1 0 2 1 1 0 1 2 2 0 2 2 1 0 1 0 2 0 2 0 1 0 0 2 0 2 2 1 2 2 2 1 1 
18 17 16 16 18 16 0 1 2 16 17 16 17 17 17 0 0 1 16 17 18 16 16 16 1 1 0 16 16 16 2 0 0 2 0 2 18 16 16 0 1 2 2 0 0 17 17 17 1 0 2 1 1 0 33 34 34 0 2 2 1 0 1 32 34 32 2 0 1 0 0 2 32 34 34 1 2 2 2 1 1 
1
1 1 0 1 0 0 2 2 0 
2 1 0 0 2 0 0 1 2 0 1 0 1 1 1 0 0 1 0 1 2 0 0 0 1 1 0 0 0 0 2 0 0 2 0 2 2 0 0 0 1 2 2 0 0 1 1 1 1 0 2 1 1 0 1 2 2 2 2 2 1 0 1 0 2 0 2 0 1 0 0 2 0 2 2 1 2 2 2 1 1 
18 17 16 16 18 16 0 1 2 16 17 16 17 17 17 0 0 1 16 17 18 16 16 16 1 1 0 16 16 16 2 0 0 2 0 2 18 16 16 0 1 2 2 0 0 17 17 17 1 0 2 1 1 0 33 34 34 34 34 34 1 0 1 32 34 32 34 32 33 0 0 2 32 34 34 33 34 34 2 1 1 
1
1 1 0 1 1 0 2 2 0 
2 1 0 0 2 0 0 1 2 0 1 0 1 1 1 0 0 1 0 1 2 0 0 0 1 1 0 0 0 0 2 0 1 2 0 2 2 0 0 0 1 2 2 0 0 1 1 1 1 0 2 1 1 0 1 2 2 2 2 2 1 0 1 0 2 0 2 0 1 0 0 2 0 2 2 1 2 2 2 1 1 
18 17 16 16 18 16 0 1 2 16 17 16 17 17 17 0 0 1 16 17 18 16 16 16 1 1 0 16 16 16 18 16 17 2 0 2 18 16 16 16 17 18 2 0 0 17 17 17 17 16 18 1 1 0 33 34 34 34 34 34 1 0 1 32 34 32 34 32 33 0 0 2 32 34 34 33 34 34 2 1 1 
1
1 1 0 1 1 0 2 2 0 
2 1 0 0 2 0 0 1 2 0 1 0 1 1 1 0 0 1 0 1 2 0 0 0 1 1 2 0 0 0 2 0 1 2 0 2 2 0 0 0 1 2 2 0 0 1 1 1 1 0 2 1 1 0 1 2 2 2 2 2 1 0 1 0 2 0 2 0 1 0 0 2 0 2 2 1 2 2 2 1 1 
18 17 16 16 18 16 0 1 2 16 17 16 17 17 17 0 0 1 16 17 18 16 16 16 1 1 2 16 16 16 18 16 17 2 0 2 18 16 16 16 17 18 2 0 0 17 17 17 17 16 18 1 1 0 33 34 34 34 34 34 1 0 1 32 34 32 34 32 33 0 0 2 32 34 34 33 34 34 2 1 1 
1
1 1 0 1 1 0 2 2 1 
2 1 0 0 2 0 0 1 2 0 1 0 1 1 1 0 0 1 0 1 2 0 0 0 1 1 2 0 0 0 2 0 1 2 0 2 2 0 0 0 1 2 2 0 0 1 1 1 1 0 2 1 1 0 1 2 2 2 2 2 1 0 1 0 2 0 2 0 1 0 1 2 0 2 2 1 2 2 2 1 1 
18 17 16 16 18 16 0 1 2 16 17 16 17 17 17 0 0 1 16 17 18 16 16 16 1 1 2 16 16 16 18 16 17 2 0 2 18 16 16 16 17 18 2 0 0 17 17 17 17 16 18 1 1 0 33 34 34 34 34 34 17 16 17 32 34 32 34 32 33 16 17 18 32 34 34 33 34 34 18 17 17 
1
1 1 0 1 1 0 2 2 1 
2 1 0 0 2 0 0 1 2 0 1 0 1 1 1 0 0 1 0 1 2 0 0 0 1 1 2 0 0 0 2 0 1 2 0 2 2 0 0 0 1 2 2 0 0 1 1 1 1 0 2 1 1 0 1 2 2 2 2 2 1 0 1 0 2 0 2 0 1 0 1 2 0 2 2 1 2 2 2 1 1 
18 17 16 16 18 16 0 1 2 16 17 16 17 17 17 0 0 1 16 17 18 16 16 16 1 1 2 16 16 16 18 16 17 2 0 2 18 16 16 16 17 18 2 0 0 17 17 17 17 16 18 1 1 0 33 34 34 34 34 34 17 16 17 32 34 32 34 32 33 16 17 18 32 34 34 33 34 34 18 17 17 
1
