0 0 0 0 0 0 0 0 0 
0 0 0 0 0 0 0 0 0 0 0 0 0 0 0 0 0 0 0 0 0 0 0 0 0 0 0 0 0 0 0 0 0 0 0 0 0 0 0 0 1 0 0 0 0 0 0 0 0 0 0 0 0 0 0 0 0 0 0 0 0 0 0 0 0 0 0 0 0 0 0 0 0 0 0 0 0 0 0 0 0 
0 0 0 0 0 0 0 0 0 0 0 0 0 0 0 0 0 0 0 0 0 0 0 0 0 0 0 0 0 0 0 0 0 0 0 0 0 0 0 0 1 0 0 0 0 0 0 0 0 0 0 0 0 0 0 0 0 0 0 0 0 0 0 0 0 0 0 0 0 0 0 0 0 0 0 0 0 0 0 0 0 
0
0 0 0 0 0 0 0 0 0 
0 0 0 0 0 0 0 0 0 0 0 0 0 0 0 0 0 0 0 0 0 0 0 0 0 0 0 0 0 0 0 0 2 0 0 0 0 0 0 0 1 0 0 0 0 0 0 0 0 0 0 0 0 0 0 0 0 0 0 0 0 0 0 0 0 0 0 0 0 0 0 0 0 0 0 0 0 0 0 0 0 
0 0 0 0 0 0 0 0 0 0 0 0 0 0 0 0 0 0 0 0 0 0 0 0 0 0 0 0 0 0 0 0 2 0 0 0 0 0 0 0 1 0 0 0 0 0 0 0 0 0 0 0 0 0 0 0 0 0 0 0 0 0 0 0 0 0 0 0 0 0 0 0 0 0 0 0 0 0 0 0 0 
0
0 0 0 0 0 0 0 0 0 
0 0 0 0 0 0 1 0 0 0 0 0 0 0 0 0 0 0 0 0 0 0 0 0 0 0 0 0 0 0 0 0 2 0 0 0 0 0 0 0 1 0 0 0 0 0 0 0 0 0 0 0 0 0 0 0 0 0 0 0 0 0 0 0 0 0 0 0 0 0 0 0 0 0 0 0 0 0 0 0 0 
0 0 0 0 0 0 1 0 0 0 0 0 0 0 0 0 0 0 0 0 0 0 0 0 0 0 0 0 0 0 0 0 2 0 0 0 0 0 0 0 1 0 0 0 0 0 0 0 0 0 0 0 0 0 0 0 0 0 0 0 0 0 0 0 0 0 0 0 0 0 0 0 0 0 0 0 0 0 0 0 0 
0
0 0 0 0 0 0 0 0 0 
2 0 0 0 0 0 1 0 0 0 0 0 0 0 0 0 0 0 0 0 0 0 0 0 0 0 0 0 0 0 0 0 2 0 0 0 0 0 0 0 1 0 0 0 0 0 0 0 0 0 0 0 0 0 0 0 0 0 0 0 0 0 0 0 0 0 0 0 0 0 0 0 0 0 0 0 0 0 0 0 0 
2 0 0 0 0 0 1 0 0 0 0 0 0 0 0 0 0 0 0 0 0 0 0 0 0 0 0 0 0 0 0 0 2 0 0 0 0 0 0 0 1 0 0 0 0 0 0 0 0 0 0 0 0 0 0 0 0 0 0 0 0 0 0 0 0 0 0 0 0 0 0 0 0 0 0 0 0 0 0 0 0 
0
0 0 0 0 0 0 0 0 0 
2 0 1 0 0 0 1 0 0 0 0 0 0 0 0 0 0 0 0 0 0 0 0 0 0 0 0 0 0 0 0 0 2 0 0 0 0 0 0 0 1 0 0 0 0 0 0 0 0 0 0 0 0 0 0 0 0 0 0 0 0 0 0 0 0 0 0 0 0 0 0 0 0 0 0 0 0 0 0 0 0 
2 0 1 0 0 0 1 0 0 0 0 0 0 0 0 0 0 0 0 0 0 0 0 0 0 0 0 0 0 0 0 0 2 0 0 0 0 0 0 0 1 0 0 0 0 0 0 0 0 0 0 0 0 0 0 0 0 0 0 0 0 0 0 0 0 0 0 0 0 0 0 0 0 0 0 0 0 0 0 0 0 
0
0 0 0 0 0 0 0 0 0 
2 0 1 0 0 0 1 0 0 0 0 0 0 0 0 0 0 0 0 0 0 0 0 0 0 2 0 0 0 0 0 0 2 0 0 0 0 0 0 0 1 0 0 0 0 0 0 0 0 0 0 0 0 0 0 0 0 0 0 0 0 0 0 0 0 0 0 0 0 0 0 0 0 0 0 0 0 0 0 0 0 
2 0 1 0 0 0 1 0 0 0 0 0 0 0 0 0 0 0 0 0 0 0 0 0 0 2 0 0 0 0 0 0 2 0 0 0 0 0 0 0 1 0 0 0 0 0 0 0 0 0 0 0 0 0 0 0 0 0 0 0 0 0 0 0 0 0 0 0 0 0 0 0 0 0 0 0 0 0 0 0 0 
0
0 0 0 0 0 0 0 0 0 
2 0 1 0 0 0 1 0 0 0 0 0 0 0 0 0 0 0 0 0 0 0 0 0 0 2 0 0 0 0 0 0 2 0 0 0 0 0 0 0 1 0 0 0 0 0 0 0 0 0 0 0 0 0 0 0 0 0 0 0 0 0 0 0 0 0 1 0 0 0 0 0 0 0 0 0 0 0 0 0 0 
2 0 1 0 0 0 1 0 0 0 0 0 0 0 0 0 0 0 0 0 0 0 0 0 0 2 0 0 0 0 0 0 2 0 0 0 0 0 0 0 1 0 0 0 0 0 0 0 0 0 0 0 0 0 0 0 0 0 0 0 0 0 0 0 0 0 1 0 0 0 0 0 0 0 0 0 0 0 0 0 0 
0
0 0 0 0 0 0 0 0 0 
2 0 1 0 0 0 1 0 0 0 0 0 0 0 0 0 0 0 0 0 0 0 0 0 0 2 0 0 0 0 0 0 2 0 0 0 2 0 0 0 1 0 0 0 0 0 0 0 0 0 0 0 0 0 0 0 0 0 0 0 0 0 0 0 0 0 1 0 0 0 0 0 0 0 0 0 0 0 0 0 0 
2 0 1 0 0 0 1 0 0 0 0 0 0 0 0 0 0 0 0 0 0 0 0 0 0 2 0 0 0 0 0 0 2 0 0 0 2 0 0 0 1 0 0 0 0 0 0 0 0 0 0 0 0 0 0 0 0 0 0 0 0 0 0 0 0 0 1 0 0 0 0 0 0 0 0 0 0 0 0 0 0 
0
0 0 0 0 0 0 0 0 0 
2 0 1 0 0 0 1 0 0 0 0 0 0 0 0 0 0 0 0 0 0 0 0 0 0 2 0 0 0 0 0 0 2 0 0 0 2 0 1 0 1 0 0 0 0 0 0 0 0 0 0 0 0 0 0 0 0 0 0 0 0 0 0 0 0 0 1 0 0 0 0 0 0 0 0 0 0 0 0 0 0 
2 0 1 0 0 0 1 0 0 0 0 0 0 0 0 0 0 0 0 0 0 0 0 0 0 2 0 0 0 0 0 0 2 0 0 0 2 0 1 0 1 0 0 0 0 0 0 0 0 0 0 0 0 0 0 0 0 0 0 0 0 0 0 0 0 0 1 0 0 0 0 0 0 0 0 0 0 0 0 0 0 
0
0 0 0 0 0 0 0 0 0 
2 0 1 0 0 0 1 0 0 0 0 0 0 0 0 0 0 0 0 0 0 0 0 0 0 2 0 0 0 0 0 0 2 0 2 0 2 0 1 0 1 0 0 0 0 0 0 0 0 0 0 0 0 0 0 0 0 0 0 0 0 0 0 0 0 0 1 0 0 0 0 0 0 0 0 0 0 0 0 0 0 
2 0 1 0 0 0 1 0 0 0 0 0 0 0 0 0 0 0 0 0 0 0 0 0 0 2 0 0 0 0 0 0 2 0 2 0 2 0 1 0 1 0 0 0 0 0 0 0 0 0 0 0 0 0 0 0 0 0 0 0 0 0 0 0 0 0 1 0 0 0 0 0 0 0 0 0 0 0 0 0 0 
0
0 0 0 0 0 0 0 0 0 
2 0 1 0 0 0 1 0 0 0 0 0 0 0 0 0 0 0 0 0 0 1 0 0 0 2 0 0 0 0 0 0 2 0 2 0 2 0 1 0 1 0 0 0 0 0 0 0 0 0 0 0 0 0 0 0 0 0 0 0 0 0 0 0 0 0 1 0 0 0 0 0 0 0 0 0 0 0 0 0 0 
2 0 1 0 0 0 1 0 0 0 0 0 0 0 0 0 0 0 0 0 0 1 0 0 0 2 0 0 0 0 0 0 2 0 2 0 2 0 1 0 1 0 0 0 0 0 0 0 0 0 0 0 0 0 0 0 0 0 0 0 0 0 0 0 0 0 1 0 0 0 0 0 0 0 0 0 0 0 0 0 0 
0
0 0 0 0 0 0 0 0 0 
2 0 1 0 0 0 1 0 0 0 0 0 0 0 0 0 0 0 0 0 0 1 0 0 0 2 0 0 0 0 0 0 2 0 2 0 2 0 1 0 1 0 0 0 0 0 0 0 0 0 0 0 0 0 0 0 0 0 0 0 0 0 0 0 0 2 1 0 0 0 0 0 0 0 0 0 0 0 0 0 0 
2 0 1 0 0 0 1 0 0 0 0 0 0 0 0 0 0 0 0 0 0 1 0 0 0 2 0 0 0 0 0 0 2 0 2 0 2 0 1 0 1 0 0 0 0 0 0 0 0 0 0 0 0 0 0 0 0 0 0 0 0 0 0 0 0 2 1 0 0 0 0 0 0 0 0 0 0 0 0 0 0 
0
0 0 0 0 0 0 0 0 0 
2 0 1 0 0 0 1 0 0 0 0 0 0 0 0 0 0 0 0 0 0 1 0 0 0 2 0 0 0 0 0 0 2 0 2 0 2 0 1 0 1 0 0 0 0 0 0 0 0 0 0 0 1 0 0 0 0 0 0 0 0 0 0 0 0 2 1 0 0 0 0 0 0 0 0 0 0 0 0 0 0 
2 0 1 0 0 0 1 0 0 0 0 0 0 0 0 0 0 0 0 0 0 1 0 0 0 2 0 0 0 0 0 0 2 0 2 0 2 0 1 0 1 0 0 0 0 0 0 0 0 0 0 0 1 0 0 0 0 0 0 0 0 0 0 0 0 2 1 0 0 0 0 0 0 0 0 0 0 0 0 0 0 
0
0 0 0 0 0 0 0 0 0 
2 0 1 0 0 0 1 0 0 0 0 0 0 0 0 0 0 0 0 0 0 1 0 0 0 2 0 0 0 0 0 0 2 0 2 0 2 0 1 0 1 0 0 0 0 0 0 0 0 0 0 0 1 0 0 0 0 0 0 0 0 0 0 0 0 2 1 0 0 0 0 0 0 0 0 2 0 0 0 0 0 
2 0 1 0 0 0 1 0 0 0 0 0 0 0 0 0 0 0 0 0 0 1 0 0 0 2 0 0 0 0 0 0 2 0 2 0 2 0 1 0 1 0 0 0 0 0 0 0 0 0 0 0 1 0 0 0 0 0 0 0 0 0 0 0 0 2 1 0 0 0 0 0 0 0 0 2 0 0 0 0 0 
0
0 0 0 0 0 0 0 0 0 
2 0 1 0 0 0 1 0 0 0 0 0 0 0 0 0 0 0 0 0 0 1 0 0 0 2 0 0 0 0 0 0 2 0 2 0 2 0 1 0 1 0 0 0 0 0 0 0 0 0 0 0 1 0 0 0 0 0 0 0 0 0 0 0 0 2 1 0 0 0 0 0 0 0 1 2 0 0 0 0 0 
2 0 1 0 0 0 1 0 0 0 0 0 0 0 0 0 0 0 0 0 0 1 0 0 0 2 0 0 0 0 0 0 2 0 2 0 2 0 1 0 1 0 0 0 0 0 0 0 0 0 0 0 1 0 0 0 0 0 0 0 0 0 0 0 0 2 1 0 0 0 0 0 0 0 1 2 0 0 0 0 0 
0
0 0 0 0 0 0 0 0 0 
2 0 1 0 0 0 1 0 0 0 0 0 0 0 0 0 0 0 0 0 0 1 0 0 0 2 0 0 0 0 0 0 2 0 2 0 2 0 1 0 1 0 0 0 0 0 0 0 0 0 0 0 1 0 0 0 0 0 0 0 0 0 0 0 0 2 1 0 0 2 0 0 0 0 1 2 0 0 0 0 0 
2 0 1 0 0 0 1 0 0 0 0 0 0 0 0 0 0 0 0 0 0 1 0 0 0 2 0 0 0 0 0 0 2 0 2 0 2 0 1 0 1 0 0 0 0 0 0 0 0 0 0 0 1 0 0 0 0 0 0 0 0 0 0 0 0 2 1 0 0 2 0 0 0 0 1 2 0 0 0 0 0 
0
0 0 0 0 0 0 0 0 0 
2 0 1 0 0 0 1 0 0 0 0 0 0 0 0 0 0 0 0 0 0 1 0 0 0 2 0 0 0 0 0 0 2 0 2 0 2 0 1 0 1 0 0 0 0 0 0 1 0 0 0 0 1 0 0 0 0 0 0 0 0 0 0 0 0 2 1 0 0 2 0 0 0 0 1 2 0 0 0 0 0 
2 0 1 0 0 0 1 0 0 0 0 0 0 0 0 0 0 0 0 0 0 1 0 0 0 2 0 0 0 0 0 0 2 0 2 0 2 0 1 0 1 0 0 0 0 0 0 1 0 0 0 0 1 0 0 0 0 0 0 0 0 0 0 0 0 2 1 0 0 2 0 0 0 0 1 2 0 0 0 0 0 
0
0 0 0 0 0 0 0 0 0 
2 0 1 0 0 0 1 0 0 0 0 0 0 0 0 0 0 0 0 0 0 1 0 0 0 2 0 0 0 0 0 0 2 0 2 0 2 0 1 0 1 0 0 0 0 0 0 1 0 0 0 0 1 0 0 0 0 0 0 0 2 0 0 0 0 2 1 0 0 2 0 0 0 0 1 2 0 0 0 0 0 
2 0 1 0 0 0 1 0 0 0 0 0 0 0 0 0 0 0 0 0 0 1 0 0 0 2 0 0 0 0 0 0 2 0 2 0 2 0 1 0 1 0 0 0 0 0 0 1 0 0 0 0 1 0 0 0 0 0 0 0 2 0 0 0 0 2 1 0 0 2 0 0 0 0 1 2 0 0 0 0 0 
0
0 0 0 0 0 0 0 0 0 
2 0 1 0 0 0 1 0 0 0 0 1 0 0 0 0 0 0 0 0 0 1 0 0 0 2 0 0 0 0 0 0 2 0 2 0 2 0 1 0 1 0 0 0 0 0 0 1 0 0 0 0 1 0 0 0 0 0 0 0 2 0 0 0 0 2 1 0 0 2 0 0 0 0 1 2 0 0 0 0 0 
2 0 1 0 0 0 1 0 0 0 0 1 0 0 0 0 0 0 0 0 0 1 0 0 0 2 0 0 0 0 0 0 2 0 2 0 2 0 1 0 1 0 0 0 0 0 0 1 0 0 0 0 1 0 0 0 0 0 0 0 2 0 0 0 0 2 1 0 0 2 0 0 0 0 1 2 0 0 0 0 0 
0
0 0 0 0 0 0 0 0 0 
2 0 1 0 0 0 1 0 0 0 0 1 0 0 0 0 0 0 0 0 0 1 0 0 0 2 0 0 0 0 0 0 2 0 2 0 2 0 1 0 1 0 0 0 2 0 0 1 0 0 0 0 1 0 0 0 0 0 0 0 2 0 0 0 0 2 1 0 0 2 0 0 0 0 1 2 0 0 0 0 0 
2 0 1 0 0 0 1 0 0 0 0 1 0 0 0 0 0 0 0 0 0 1 0 0 0 2 0 0 0 0 0 0 2 0 2 0 2 0 1 0 1 0 0 0 2 0 0 1 0 0 0 0 1 0 0 0 0 0 0 0 2 0 0 0 0 2 1 0 0 2 0 0 0 0 1 2 0 0 0 0 0 
0
0 0 0 0 0 0 0 0 0 
2 0 1 0 0 0 1 0 0 0 0 1 0 0 0 0 0 0 0 0 0 1 0 0 0 2 0 0 0 0 0 0 2 0 2 0 2 0 1 0 1 0 1 0 2 0 0 1 0 0 0 0 1 0 0 0 0 0 0 0 2 0 0 0 0 2 1 0 0 2 0 0 0 0 1 2 0 0 0 0 0 
2 0 1 0 0 0 1 0 0 0 0 1 0 0 0 0 0 0 0 0 0 1 0 0 0 2 0 0 0 0 0 0 2 0 2 0 2 0 1 0 1 0 1 0 2 0 0 1 0 0 0 0 1 0 0 0 0 0 0 0 2 0 0 0 0 2 1 0 0 2 0 0 0 0 1 2 0 0 0 0 0 
0
0 0 0 0 0 0 0 0 0 
2 0 1 0 0 0 1 0 0 0 0 1 0 0 0 0 0 0 0 0 0 1 0 0 0 2 0 0 0 2 0 0 2 0 2 0 2 0 1 0 1 0 1 0 2 0 0 1 0 0 0 0 1 0 0 0 0 0 0 0 2 0 0 0 0 2 1 0 0 2 0 0 0 0 1 2 0 0 0 0 0 
2 0 1 0 0 0 1 0 0 0 0 1 0 0 0 0 0 0 0 0 0 1 0 0 0 2 0 0 0 2 0 0 2 0 2 0 2 0 1 0 1 0 1 0 2 0 0 1 0 0 0 0 1 0 0 0 0 0 0 0 2 0 0 0 0 2 1 0 0 2 0 0 0 0 1 2 0 0 0 0 0 
0
0 0 0 0 0 0 0 0 0 
2 0 1 0 0 0 1 0 0 0 0 1 0 0 0 0 0 0 0 0 0 1 0 0 1 2 0 0 0 2 0 0 2 0 2 0 2 0 1 0 1 0 1 0 2 0 0 1 0 0 0 0 1 0 0 0 0 0 0 0 2 0 0 0 0 2 1 0 0 2 0 0 0 0 1 2 0 0 0 0 0 
2 0 1 0 0 0 1 0 0 0 0 1 0 0 0 0 0 0 0 0 0 1 0 0 1 2 0 0 0 2 0 0 2 0 2 0 2 0 1 0 1 0 1 0 2 0 0 1 0 0 0 0 1 0 0 0 0 0 0 0 2 0 0 0 0 2 1 0 0 2 0 0 0 0 1 2 0 0 0 0 0 
0
0 0 0 0 0 0 0 0 0 
2 0 1 0 0 0 1 0 0 0 0 1 0 0 0 0 0 0 0 0 0 1 0 0 1 2 0 0 0 2 0 0 2 0 2 0 2 0 1 0 1 0 1 0 2 0 0 1 0 0 0 0 1 0 0 0 0 0 0 0 2 0 0 2 0 2 1 0 0 2 0 0 0 0 1 2 0 0 0 0 0 
2 0 1 0 0 0 1 0 0 0 0 1 0 0 0 0 0 0 0 0 0 1 0 0 1 2 0 0 0 2 0 0 2 0 2 0 2 0 1 0 1 0 1 0 2 0 0 1 0 0 0 0 1 0 0 0 0 0 0 0 2 0 0 2 0 2 1 0 0 2 0 0 0 0 1 2 0 0 0 0 0 
0
0 0 0 0 0 0 0 0 0 
2 0 1 0 0 0 1 0 0 0 0 1 0 0 0 0 0 0 0 0 0 1 0 0 1 2 0 0 1 2 0 0 2 0 2 0 2 0 1 0 1 0 1 0 2 0 0 1 0 0 0 0 1 0 0 0 0 0 0 0 2 0 0 2 0 2 1 0 0 2 0 0 0 0 1 2 0 0 0 0 0 
2 0 1 0 0 0 1 0 0 0 0 1 0 0 0 0 0 0 0 0 0 1 0 0 1 2 0 0 1 2 0 0 2 0 2 0 2 0 1 0 1 0 1 0 2 0 0 1 0 0 0 0 1 0 0 0 0 0 0 0 2 0 0 2 0 2 1 0 0 2 0 0 0 0 1 2 0 0 0 0 0 
0
0 0 0 0 0 0 0 0 0 
2 0 1 0 0 0 1 0 0 0 0 1 0 0 2 0 0 0 0 0 0 1 0 0 1 2 0 0 1 2 0 0 2 0 2 0 2 0 1 0 1 0 1 0 2 0 0 1 0 0 0 0 1 0 0 0 0 0 0 0 2 0 0 2 0 2 1 0 0 2 0 0 0 0 1 2 0 0 0 0 0 
2 0 1 0 0 0 1 0 0 0 0 1 0 0 2 0 0 0 0 0 0 1 0 0 1 2 0 0 1 2 0 0 2 0 2 0 2 0 1 0 1 0 1 0 2 0 0 1 0 0 0 0 1 0 0 0 0 0 0 0 2 0 0 2 0 2 1 0 0 2 0 0 0 0 1 2 0 0 0 0 0 
0
0 0 0 0 0 0 0 0 0 
2 0 1 0 0 0 1 0 0 0 0 1 0 0 2 0 0 0 0 0 0 1 0 0 1 2 0 0 1 2 0 0 2 0 2 1 2 0 1 0 1 0 1 0 2 0 0 1 0 0 0 0 1 0 0 0 0 0 0 0 2 0 0 2 0 2 1 0 0 2 0 0 0 0 1 2 0 0 0 0 0 
2 0 1 0 0 0 1 0 0 0 0 1 0 0 2 0 0 0 0 0 0 1 0 0 1 2 0 0 1 2 0 0 2 0 2 1 2 0 1 0 1 0 1 0 2 0 0 1 0 0 0 0 1 0 0 0 0 0 0 0 2 0 0 2 0 2 1 0 0 2 0 0 0 0 1 2 0 0 0 0 0 
0
0 0 0 0 0 0 0 0 0 
2 0 1 0 0 0 1 0 0 0 0 1 0 0 2 2 0 0 0 0 0 1 0 0 1 2 0 0 1 2 0 0 2 0 2 1 2 0 1 0 1 0 1 0 2 0 0 1 0 0 0 0 1 0 0 0 0 0 0 0 2 0 0 2 0 2 1 0 0 2 0 0 0 0 1 2 0 0 0 0 0 
2 0 1 0 0 0 1 0 0 0 0 1 0 0 2 2 0 0 0 0 0 1 0 0 1 2 0 0 1 2 0 0 2 0 2 1 2 0 1 0 1 0 1 0 2 0 0 1 0 0 0 0 1 0 0 0 0 0 0 0 2 0 0 2 0 2 1 0 0 2 0 0 0 0 1 2 0 0 0 0 0 
0
0 0 0 0 0 0 0 0 0 
2 0 1 0 0 0 1 0 0 0 0 1 0 0 2 2 0 0 0 0 0 1 0 0 1 2 0 0 1 2 0 0 2 0 2 1 2 0 1 0 1 0 1 0 2 0 1 1 0 0 0 0 1 0 0 0 0 0 0 0 2 0 0 2 0 2 1 0 0 2 0 0 0 0 1 2 0 0 0 0 0 
2 0 1 0 0 0 1 0 0 0 0 1 0 0 2 2 0 0 0 0 0 1 0 0 1 2 0 0 1 2 0 0 2 0 2 1 2 0 1 0 1 0 1 0 2 0 1 1 0 0 0 0 1 0 0 0 0 0 0 0 2 0 0 2 0 2 1 0 0 2 0 0 0 0 1 2 0 0 0 0 0 
0
0 0 0 0 0 0 0 0 0 
2 0 1 0 0 0 1 0 0 0 0 1 0 0 2 2 0 0 0 0 0 1 0 0 1 2 0 0 1 2 0 0 2 0 2 1 2 0 1 0 1 0 1 0 2 0 1 1 0 0 0 0 1 0 0 0 0 0 0 0 2 0 0 2 0 2 1 0 2 2 0 0 0 0 1 2 0 0 0 0 0 
2 0 1 0 0 0 1 0 0 0 0 1 0 0 2 2 0 0 0 0 0 1 0 0 1 2 0 0 1 2 0 0 2 0 2 1 2 0 1 0 1 0 1 0 2 0 1 1 0 0 0 0 1 0 0 0 0 0 0 0 2 0 0 2 0 2 1 0 2 2 0 0 0 0 1 2 0 0 0 0 0 
0
0 0 0 0 0 0 0 0 0 
2 0 1 0 0 0 1 0 0 0 0 1 0 0 2 2 0 0 0 0 0 1 0 0 1 2 0 0 1 2 0 0 2 0 2 1 2 0 1 0 1 0 1 0 2 0 1 1 0 0 0 1 1 0 0 0 0 0 0 0 2 0 0 2 0 2 1 0 2 2 0 0 0 0 1 2 0 0 0 0 0 
2 0 1 0 0 0 1 0 0 0 0 1 0 0 2 2 0 0 0 0 0 1 0 0 1 2 0 0 1 2 0 0 2 0 2 1 2 0 1 0 1 0 1 0 2 0 1 1 0 0 0 1 1 0 0 0 0 0 0 0 2 0 0 2 0 2 1 0 2 2 0 0 0 0 1 2 0 0 0 0 0 
0
0 0 0 0 0 0 2 0 0 
2 0 1 0 0 0 1 0 0 0 0 1 0 0 2 2 0 0 0 0 0 1 0 0 1 2 0 0 1 2 0 0 2 0 2 1 2 0 1 0 1 0 1 0 2 0 1 1 0 0 0 1 1 0 0 0 0 0 0 0 2 0 0 2 2 2 1 0 2 2 0 0 0 0 1 2 0 0 0 0 0 
2 0 1 0 0 0 1 0 0 0 0 1 0 0 2 2 0 0 0 0 0 1 0 0 1 2 0 0 1 2 0 0 2 0 2 1 2 0 1 0 1 0 1 0 2 0 1 1 0 0 0 1 1 0 32 32 32 0 0 0 2 0 0 34 34 34 1 0 2 2 0 0 32 32 33 2 0 0 0 0 0 
0
0 0 0 0 0 0 2 0 0 
2 0 1 0 0 0 1 0 0 0 0 1 0 0 2 2 0 0 0 0 0 1 0 0 1 2 0 0 1 2 0 0 2 0 2 1 2 0 1 1 1 0 1 0 2 0 1 1 0 0 0 1 1 0 0 0 0 0 0 0 2 0 0 2 2 2 1 0 2 2 0 0 0 0 1 2 0 0 0 0 0 
2 0 1 0 0 0 1 0 0 0 0 1 0 0 2 2 0 0 0 0 0 1 0 0 1 2 0 0 1 2 0 0 2 0 2 1 2 0 1 1 1 0 1 0 2 0 1 1 0 0 0 1 1 0 32 32 32 0 0 0 2 0 0 34 34 34 1 0 2 2 0 0 32 32 33 2 0 0 0 0 0 
0
0 0 0 0 0 0 2 0 0 
2 0 1 0 0 0 1 0 0 0 0 1 0 0 2 2 0 0 0 0 0 1 0 0 1 2 0 0 1 2 0 0 2 0 2 1 2 2 1 1 1 0 1 0 2 0 1 1 0 0 0 1 1 0 0 0 0 0 0 0 2 0 0 2 2 2 1 0 2 2 0 0 0 0 1 2 0 0 0 0 0 
2 0 1 0 0 0 1 0 0 0 0 1 0 0 2 2 0 0 0 0 0 1 0 0 1 2 0 0 1 2 0 0 2 0 2 1 2 2 1 1 1 0 1 0 2 0 1 1 0 0 0 1 1 0 32 32 32 0 0 0 2 0 0 34 34 34 1 0 2 2 0 0 32 32 33 2 0 0 0 0 0 
0
0 0 0 0 1 0 2 0 0 
2 0 1 0 0 0 1 0 0 0 0 1 0 0 2 2 0 0 0 0 0 1 0 0 1 2 0 0 1 2 0 0 2 0 2 1 2 2 1 1 1 1 1 0 2 0 1 1 0 0 0 1 1 0 0 0 0 0 0 0 2 0 0 2 2 2 1 0 2 2 0 0 0 0 1 2 0 0 0 0 0 
2 0 1 0 0 0 1 0 0 0 0 1 0 0 2 2 0 0 0 0 0 1 0 0 1 2 0 0 1 2 16 16 18 0 2 1 2 2 1 17 17 17 1 0 2 0 1 1 16 16 16 1 1 0 32 32 32 0 0 0 2 0 0 34 34 34 1 0 2 2 0 0 32 32 33 2 0 0 0 0 0 
0
0 0 0 0 1 0 2 0 0 
2 0 1 0 0 0 1 0 0 0 0 1 0 0 2 2 0 0 0 0 0 1 0 0 1 2 0 0 1 2 0 0 2 2 2 1 2 2 1 1 1 1 1 0 2 0 1 1 0 0 0 1 1 0 0 0 0 0 0 0 2 0 0 2 2 2 1 0 2 2 0 0 0 0 1 2 0 0 0 0 0 
2 0 1 0 0 0 1 0 0 0 0 1 0 0 2 2 0 0 0 0 0 1 0 0 1 2 0 0 1 2 16 16 18 2 2 1 2 2 1 17 17 17 1 0 2 0 1 1 16 16 16 1 1 0 32 32 32 0 0 0 2 0 0 34 34 34 1 0 2 2 0 0 32 32 33 2 0 0 0 0 0 
0
0 0 0 0 1 0 2 0 0 
2 0 1 0 0 0 1 0 0 0 1 1 0 0 2 2 0 0 0 0 0 1 0 0 1 2 0 0 1 2 0 0 2 2 2 1 2 2 1 1 1 1 1 0 2 0 1 1 0 0 0 1 1 0 0 0 0 0 0 0 2 0 0 2 2 2 1 0 2 2 0 0 0 0 1 2 0 0 0 0 0 
2 0 1 0 0 0 1 0 0 0 1 1 0 0 2 2 0 0 0 0 0 1 0 0 1 2 0 0 1 2 16 16 18 2 2 1 2 2 1 17 17 17 1 0 2 0 1 1 16 16 16 1 1 0 32 32 32 0 0 0 2 0 0 34 34 34 1 0 2 2 0 0 32 32 33 2 0 0 0 0 0 
0
0 0 0 0 1 0 2 0 2 
2 0 1 0 0 0 1 0 0 0 1 1 0 0 2 2 0 0 0 0 0 1 0 0 1 2 0 0 1 2 0 0 2 2 2 1 2 2 1 1 1 1 1 0 2 0 1 1 0 0 0 1 1 0 0 0 0 0 0 0 2 0 0 2 2 2 1 0 2 2 0 0 0 0 1 2 0 0 2 0 0 
2 0 1 0 0 0 1 0 0 0 1 1 0 0 2 2 0 0 0 0 0 1 0 0 1 2 0 0 1 2 16 16 18 2 2 1 2 2 1 17 17 17 1 0 2 0 1 1 16 16 16 1 1 0 32 32 32 0 0 0 34 32 32 34 34 34 1 0 2 34 32 32 32 32 33 2 0 0 34 32 32 
0
0 0 0 0 1 0 2 0 2 
2 0 1 0 0 0 1 0 0 0 1 1 0 0 2 2 0 1 0 0 0 1 0 0 1 2 0 0 1 2 0 0 2 2 2 1 2 2 1 1 1 1 1 0 2 0 1 1 0 0 0 1 1 0 0 0 0 0 0 0 2 0 0 2 2 2 1 0 2 2 0 0 0 0 1 2 0 0 2 0 0 
2 0 1 0 0 0 1 0 0 0 1 1 0 0 2 2 0 1 0 0 0 1 0 0 1 2 0 0 1 2 16 16 18 2 2 1 2 2 1 17 17 17 1 0 2 0 1 1 16 16 16 1 1 0 32 32 32 0 0 0 34 32 32 34 34 34 1 0 2 34 32 32 32 32 33 2 0 0 34 32 32 
0
0 0 0 0 1 0 2 0 2 
2 0 1 0 0 0 1 0 0 0 1 1 0 0 2 2 0 1 0 0 0 1 0 0 1 2 0 0 1 2 0 0 2 2 2 1 2 2 1 1 1 1 1 2 2 0 1 1 0 0 0 1 1 0 0 0 0 0 0 0 2 0 0 2 2 2 1 0 2 2 0 0 0 0 1 2 0 0 2 0 0 
2 0 1 0 0 0 1 0 0 0 1 1 0 0 2 2 0 1 0 0 0 1 0 0 1 2 0 0 1 2 16 16 18 2 2 1 2 2 1 17 17 17 1 2 2 0 1 1 16 16 16 1 1 0 32 32 32 0 0 0 34 32 32 34 34 34 1 0 2 34 32 32 32 32 33 2 0 0 34 32 32 
0
0 0 0 0 1 0 2 0 2 
2 0 1 0 0 0 1 0 1 0 1 1 0 0 2 2 0 1 0 0 0 1 0 0 1 2 0 0 1 2 0 0 2 2 2 1 2 2 1 1 1 1 1 2 2 0 1 1 0 0 0 1 1 0 0 0 0 0 0 0 2 0 0 2 2 2 1 0 2 2 0 0 0 0 1 2 0 0 2 0 0 
2 0 1 0 0 0 1 0 1 0 1 1 0 0 2 2 0 1 0 0 0 1 0 0 1 2 0 0 1 2 16 16 18 2 2 1 2 2 1 17 17 17 1 2 2 0 1 1 16 16 16 1 1 0 32 32 32 0 0 0 34 32 32 34 34 34 1 0 2 34 32 32 32 32 33 2 0 0 34 32 32 
0
0 0 0 0 1 0 2 0 2 
2 0 1 0 0 0 1 2 1 0 1 1 0 0 2 2 0 1 0 0 0 1 0 0 1 2 0 0 1 2 0 0 2 2 2 1 2 2 1 1 1 1 1 2 2 0 1 1 0 0 0 1 1 0 0 0 0 0 0 0 2 0 0 2 2 2 1 0 2 2 0 0 0 0 1 2 0 0 2 0 0 
2 0 1 0 0 0 1 2 1 0 1 1 0 0 2 2 0 1 0 0 0 1 0 0 1 2 0 0 1 2 16 16 18 2 2 1 2 2 1 17 17 17 1 2 2 0 1 1 16 16 16 1 1 0 32 32 32 0 0 0 34 32 32 34 34 34 1 0 2 34 32 32 32 32 33 2 0 0 34 32 32 
0
0 0 0 0 1 0 2 0 2 
2 0 1 0 0 0 1 2 1 0 1 1 1 0 2 2 0 1 0 0 0 1 0 0 1 2 0 0 1 2 0 0 2 2 2 1 2 2 1 1 1 1 1 2 2 0 1 1 0 0 0 1 1 0 0 0 0 0 0 0 2 0 0 2 2 2 1 0 2 2 0 0 0 0 1 2 0 0 2 0 0 
2 0 1 0 0 0 1 2 1 0 1 1 1 0 2 2 0 1 0 0 0 1 0 0 1 2 0 0 1 2 16 16 18 2 2 1 2 2 1 17 17 17 1 2 2 0 1 1 16 16 16 1 1 0 32 32 32 0 0 0 34 32 32 34 34 34 1 0 2 34 32 32 32 32 33 2 0 0 34 32 32 
0
0 0 0 2 1 0 2 0 2 
2 0 1 0 0 0 1 2 1 0 1 1 1 0 2 2 0 1 0 0 0 1 0 0 1 2 0 0 1 2 0 0 2 2 2 1 2 2 1 1 1 1 1 2 2 2 1 1 0 0 0 1 1 0 0 0 0 0 0 0 2 0 0 2 2 2 1 0 2 2 0 0 0 0 1 2 0 0 2 0 0 
2 0 1 0 0 0 1 2 1 0 1 1 1 0 2 2 0 1 0 0 0 1 0 0 1 2 0 32 33 34 16 16 18 2 2 1 34 34 33 17 17 17 1 2 2 34 33 33 16 16 16 1 1 0 32 32 32 0 0 0 34 32 32 34 34 34 1 0 2 34 32 32 32 32 33 2 0 0 34 32 32 
0
0 0 1 2 1 0 2 0 2 
2 0 1 0 0 0 1 2 1 0 1 1 1 0 2 2 0 1 0 0 0 1 0 0 1 2 1 0 1 2 0 0 2 2 2 1 2 2 1 1 1 1 1 2 2 2 1 1 0 0 0 1 1 0 0 0 0 0 0 0 2 0 0 2 2 2 1 0 2 2 0 0 0 0 1 2 0 0 2 0 0 
2 0 1 0 0 0 17 18 17 0 1 1 1 0 2 18 16 17 0 0 0 1 0 0 17 18 17 32 33 34 16 16 18 2 2 1 34 34 33 17 17 17 1 2 2 34 33 33 16 16 16 1 1 0 32 32 32 0 0 0 34 32 32 34 34 34 1 0 2 34 32 32 32 32 33 2 0 0 34 32 32 
0
0 0 1 2 1 0 2 0 2 
2 0 1 2 0 0 1 2 1 0 1 1 1 0 2 2 0 1 0 0 0 1 0 0 1 2 1 0 1 2 0 0 2 2 2 1 2 2 1 1 1 1 1 2 2 2 1 1 0 0 0 1 1 0 0 0 0 0 0 0 2 0 0 2 2 2 1 0 2 2 0 0 0 0 1 2 0 0 2 0 0 
2 0 1 2 0 0 17 18 17 0 1 1 1 0 2 18 16 17 0 0 0 1 0 0 17 18 17 32 33 34 16 16 18 2 2 1 34 34 33 17 17 17 1 2 2 34 33 33 16 16 16 1 1 0 32 32 32 0 0 0 34 32 32 34 34 34 1 0 2 34 32 32 32 32 33 2 0 0 34 32 32 
0
0 0 1 2 1 0 2 0 2 
2 1 1 2 0 0 1 2 1 0 1 1 1 0 2 2 0 1 0 0 0 1 0 0 1 2 1 0 1 2 0 0 2 2 2 1 2 2 1 1 1 1 1 2 2 2 1 1 0 0 0 1 1 0 0 0 0 0 0 0 2 0 0 2 2 2 1 0 2 2 0 0 0 0 1 2 0 0 2 0 0 
2 1 1 2 0 0 17 18 17 0 1 1 1 0 2 18 16 17 0 0 0 1 0 0 17 18 17 32 33 34 16 16 18 2 2 1 34 34 33 17 17 17 1 2 2 34 33 33 16 16 16 1 1 0 32 32 32 0 0 0 34 32 32 34 34 34 1 0 2 34 32 32 32 32 33 2 0 0 34 32 32 
0
0 0 1 2 1 0 2 0 2 
2 1 1 2 0 0 1 2 1 0 1 1 1 0 2 2 0 1 0 0 0 1 0 2 1 2 1 0 1 2 0 0 2 2 2 1 2 2 1 1 1 1 1 2 2 2 1 1 0 0 0 1 1 0 0 0 0 0 0 0 2 0 0 2 2 2 1 0 2 2 0 0 0 0 1 2 0 0 2 0 0 
2 1 1 2 0 0 17 18 17 0 1 1 1 0 2 18 16 17 0 0 0 1 0 2 17 18 17 32 33 34 16 16 18 2 2 1 34 34 33 17 17 17 1 2 2 34 33 33 16 16 16 1 1 0 32 32 32 0 0 0 34 32 32 34 34 34 1 0 2 34 32 32 32 32 33 2 0 0 34 32 32 
0
0 0 1 2 1 0 2 0 2 
2 1 1 2 0 0 1 2 1 0 1 1 1 0 2 2 0 1 0 0 0 1 0 2 1 2 1 0 1 2 0 0 2 2 2 1 2 2 1 1 1 1 1 2 2 2 1 1 0 0 0 1 1 0 0 0 0 0 1 0 2 0 0 2 2 2 1 0 2 2 0 0 0 0 1 2 0 0 2 0 0 
2 1 1 2 0 0 17 18 17 0 1 1 1 0 2 18 16 17 0 0 0 1 0 2 17 18 17 32 33 34 16 16 18 2 2 1 34 34 33 17 17 17 1 2 2 34 33 33 16 16 16 1 1 0 32 32 32 0 1 0 34 32 32 34 34 34 1 0 2 34 32 32 32 32 33 2 0 0 34 32 32 
0
0 0 1 2 1 0 2 0 2 
2 1 1 2 2 0 1 2 1 0 1 1 1 0 2 2 0 1 0 0 0 1 0 2 1 2 1 0 1 2 0 0 2 2 2 1 2 2 1 1 1 1 1 2 2 2 1 1 0 0 0 1 1 0 0 0 0 0 1 0 2 0 0 2 2 2 1 0 2 2 0 0 0 0 1 2 0 0 2 0 0 
2 1 1 2 2 0 17 18 17 0 1 1 1 0 2 18 16 17 0 0 0 1 0 2 17 18 17 32 33 34 16 16 18 2 2 1 34 34 33 17 17 17 1 2 2 34 33 33 16 16 16 1 1 0 32 32 32 0 1 0 34 32 32 34 34 34 1 0 2 34 32 32 32 32 33 2 0 0 34 32 32 
0
0 0 1 2 1 0 2 0 2 
2 1 1 2 2 0 1 2 1 0 1 1 1 1 2 2 0 1 0 0 0 1 0 2 1 2 1 0 1 2 0 0 2 2 2 1 2 2 1 1 1 1 1 2 2 2 1 1 0 0 0 1 1 0 0 0 0 0 1 0 2 0 0 2 2 2 1 0 2 2 0 0 0 0 1 2 0 0 2 0 0 
2 1 1 2 2 0 17 18 17 0 1 1 1 1 2 18 16 17 0 0 0 1 0 2 17 18 17 32 33 34 16 16 18 2 2 1 34 34 33 17 17 17 1 2 2 34 33 33 16 16 16 1 1 0 32 32 32 0 1 0 34 32 32 34 34 34 1 0 2 34 32 32 32 32 33 2 0 0 34 32 32 
0
0 0 1 2 1 0 2 0 2 
2 1 1 2 2 0 1 2 1 0 1 1 1 1 2 2 0 1 0 0 0 1 0 2 1 2 1 0 1 2 0 0 2 2 2 1 2 2 1 1 1 1 1 2 2 2 1 1 0 0 0 1 1 0 0 0 0 0 1 0 2 0 0 2 2 2 1 0 2 2 0 0 0 0 1 2 0 2 2 0 0 
2 1 1 2 2 0 17 18 17 0 1 1 1 1 2 18 16 17 0 0 0 1 0 2 17 18 17 32 33 34 16 16 18 2 2 1 34 34 33 17 17 17 1 2 2 34 33 33 16 16 16 1 1 0 32 32 32 0 1 0 34 32 32 34 34 34 1 0 2 34 32 32 32 32 33 2 0 2 34 32 32 
0
0 0 1 2 1 0 2 0 2 
2 1 1 2 2 0 1 2 1 0 1 1 1 1 2 2 0 1 0 0 0 1 0 2 1 2 1 0 1 2 0 0 2 2 2 1 2 2 1 1 1 1 1 2 2 2 1 1 0 0 0 1 1 0 0 0 0 1 1 0 2 0 0 2 2 2 1 0 2 2 0 0 0 0 1 2 0 2 2 0 0 
2 1 1 2 2 0 17 18 17 0 1 1 1 1 2 18 16 17 0 0 0 1 0 2 17 18 17 32 33 34 16 16 18 2 2 1 34 34 33 17 17 17 1 2 2 34 33 33 16 16 16 1 1 0 32 32 32 1 1 0 34 32 32 34 34 34 1 0 2 34 32 32 32 32 33 2 0 2 34 32 32 
0
0 0 1 2 1 0 2 0 2 
2 1 1 2 2 0 1 2 1 0 1 1 1 1 2 2 0 1 2 0 0 1 0 2 1 2 1 0 1 2 0 0 2 2 2 1 2 2 1 1 1 1 1 2 2 2 1 1 0 0 0 1 1 0 0 0 0 1 1 0 2 0 0 2 2 2 1 0 2 2 0 0 0 0 1 2 0 2 2 0 0 
2 1 1 2 2 0 17 18 17 0 1 1 1 1 2 18 16 17 2 0 0 1 0 2 17 18 17 32 33 34 16 16 18 2 2 1 34 34 33 17 17 17 1 2 2 34 33 33 16 16 16 1 1 0 32 32 32 1 1 0 34 32 32 34 34 34 1 0 2 34 32 32 32 32 33 2 0 2 34 32 32 
0
1 0 1 2 1 0 2 0 2 
2 1 1 2 2 0 1 2 1 1 1 1 1 1 2 2 0 1 2 0 0 1 0 2 1 2 1 0 1 2 0 0 2 2 2 1 2 2 1 1 1 1 1 2 2 2 1 1 0 0 0 1 1 0 0 0 0 1 1 0 2 0 0 2 2 2 1 0 2 2 0 0 0 0 1 2 0 2 2 0 0 
18 17 17 2 2 0 17 18 17 17 17 17 1 1 2 18 16 17 18 16 16 1 0 2 17 18 17 32 33 34 16 16 18 2 2 1 34 34 33 17 17 17 1 2 2 34 33 33 16 16 16 1 1 0 32 32 32 1 1 0 34 32 32 34 34 34 1 0 2 34 32 32 32 32 33 2 0 2 34 32 32 
0
1 0 1 2 1 0 2 2 2 
2 1 1 2 2 0 1 2 1 1 1 1 1 1 2 2 0 1 2 0 0 1 0 2 1 2 1 0 1 2 0 0 2 2 2 1 2 2 1 1 1 1 1 2 2 2 1 1 0 0 0 1 1 0 0 0 0 1 1 2 2 0 0 2 2 2 1 0 2 2 0 0 0 0 1 2 0 2 2 0 0 
18 17 17 2 2 0 17 18 17 17 17 17 1 1 2 18 16 17 18 16 16 1 0 2 17 18 17 32 33 34 16 16 18 2 2 1 34 34 33 17 17 17 1 2 2 34 33 33 16 16 16 1 1 0 32 32 32 33 33 34 34 32 32 34 34 34 33 32 34 34 32 32 32 32 33 34 32 34 34 32 32 
0
1 0 1 2 1 0 2 2 2 
2 1 1 2 2 0 1 2 1 1 1 1 1 1 2 2 0 1 2 0 0 1 0 2 1 2 1 0 1 2 0 0 2 2 2 1 2 2 1 1 1 1 1 2 2 2 1 1 0 0 0 1 1 0 0 0 0 1 1 2 2 0 0 2 2 2 1 0 2 2 0 0 0 0 1 2 0 2 2 0 0 
18 17 17 2 2 0 17 18 17 17 17 17 1 1 2 18 16 17 18 16 16 1 0 2 17 18 17 32 33 34 16 16 18 2 2 1 34 34 33 17 17 17 1 2 2 34 33 33 16 16 16 1 1 0 32 32 32 33 33 34 34 32 32 34 34 34 33 32 34 34 32 32 32 32 33 34 32 34 34 32 32 
0
