0 0 0 0 0 0 0 0 0 
0 0 0 0 0 0 0 0 0 0 0 0 0 0 0 0 0 0 0 0 0 0 0 0 0 0 0 0 0 0 0 0 0 0 0 0 0 0 0 0 1 0 0 0 0 0 0 0 0 0 0 0 0 0 0 0 0 0 0 0 0 0 0 0 0 0 0 0 0 0 0 0 0 0 0 0 0 0 0 0 0 
0 0 0 0 0 0 0 0 0 0 0 0 0 0 0 0 0 0 0 0 0 0 0 0 0 0 0 0 0 0 0 0 0 0 0 0 0 0 0 0 1 0 0 0 0 0 0 0 0 0 0 0 0 0 0 0 0 0 0 0 0 0 0 0 0 0 0 0 0 0 0 0 0 0 0 0 0 0 0 0 0 
1
0 0 0 0 0 0 0 0 0 
0 0 0 0 0 0 0 0 0 0 0 0 0 0 0 0 0 0 0 0 0 0 0 0 0 0 0 0 0 0 0 0 0 0 0 0 0 0 0 0 1 0 0 0 0 0 0 0 0 0 2 0 0 0 0 0 0 0 0 0 0 0 0 0 0 0 0 0 0 0 0 0 0 0 0 0 0 0 0 0 0 
0 0 0 0 0 0 0 0 0 0 0 0 0 0 0 0 0 0 0 0 0 0 0 0 0 0 0 0 0 0 0 0 0 0 0 0 0 0 0 0 1 0 0 0 0 0 0 0 0 0 2 0 0 0 0 0 0 0 0 0 0 0 0 0 0 0 0 0 0 0 0 0 0 0 0 0 0 0 0 0 0 
1
0 0 0 0 0 0 0 0 0 
0 0 0 0 0 0 0 0 0 0 0 0 0 0 0 0 0 0 0 0 0 0 0 0 0 0 0 0 0 0 0 0 0 0 0 0 0 0 0 0 1 0 0 0 0 0 0 0 0 0 2 0 0 0 0 0 0 0 0 0 0 0 1 0 0 0 0 0 0 0 0 0 0 0 0 0 0 0 0 0 0 
0 0 0 0 0 0 0 0 0 0 0 0 0 0 0 0 0 0 0 0 0 0 0 0 0 0 0 0 0 0 0 0 0 0 0 0 0 0 0 0 1 0 0 0 0 0 0 0 0 0 2 0 0 0 0 0 0 0 0 0 0 0 1 0 0 0 0 0 0 0 0 0 0 0 0 0 0 0 0 0 0 
1
0 0 0 0 0 0 0 0 0 
0 0 0 0 0 0 0 0 0 0 0 0 0 0 0 0 0 0 0 0 0 0 0 0 0 2 0 0 0 0 0 0 0 0 0 0 0 0 0 0 1 0 0 0 0 0 0 0 0 0 2 0 0 0 0 0 0 0 0 0 0 0 1 0 0 0 0 0 0 0 0 0 0 0 0 0 0 0 0 0 0 
0 0 0 0 0 0 0 0 0 0 0 0 0 0 0 0 0 0 0 0 0 0 0 0 0 2 0 0 0 0 0 0 0 0 0 0 0 0 0 0 1 0 0 0 0 0 0 0 0 0 2 0 0 0 0 0 0 0 0 0 0 0 1 0 0 0 0 0 0 0 0 0 0 0 0 0 0 0 0 0 0 
1
0 0 0 0 0 0 0 0 0 
0 0 0 0 0 0 0 0 0 0 0 0 0 0 0 0 0 0 0 0 0 0 0 0 0 2 0 0 0 0 0 0 0 0 0 0 0 0 0 0 1 0 0 0 0 0 0 0 0 0 2 0 0 0 0 0 0 0 0 0 0 0 1 0 0 0 0 0 1 0 0 0 0 0 0 0 0 0 0 0 0 
0 0 0 0 0 0 0 0 0 0 0 0 0 0 0 0 0 0 0 0 0 0 0 0 0 2 0 0 0 0 0 0 0 0 0 0 0 0 0 0 1 0 0 0 0 0 0 0 0 0 2 0 0 0 0 0 0 0 0 0 0 0 1 0 0 0 0 0 1 0 0 0 0 0 0 0 0 0 0 0 0 
1
0 0 0 0 0 0 0 0 0 
0 0 0 0 0 0 0 0 0 0 0 0 0 0 0 0 0 0 0 0 0 0 0 0 0 2 0 0 0 0 0 0 0 0 0 0 0 0 0 0 1 0 0 0 0 0 0 0 0 0 2 2 0 0 0 0 0 0 0 0 0 0 1 0 0 0 0 0 1 0 0 0 0 0 0 0 0 0 0 0 0 
0 0 0 0 0 0 0 0 0 0 0 0 0 0 0 0 0 0 0 0 0 0 0 0 0 2 0 0 0 0 0 0 0 0 0 0 0 0 0 0 1 0 0 0 0 0 0 0 0 0 2 2 0 0 0 0 0 0 0 0 0 0 1 0 0 0 0 0 1 0 0 0 0 0 0 0 0 0 0 0 0 
1
0 0 0 0 0 0 0 0 0 
0 0 0 0 0 0 0 0 0 0 0 0 0 0 0 0 0 0 0 0 0 0 0 0 0 2 0 0 0 0 0 0 0 0 0 0 0 0 0 0 1 0 0 0 0 0 0 0 0 0 2 2 0 0 0 0 1 0 0 0 0 0 1 0 0 0 0 0 1 0 0 0 0 0 0 0 0 0 0 0 0 
0 0 0 0 0 0 0 0 0 0 0 0 0 0 0 0 0 0 0 0 0 0 0 0 0 2 0 0 0 0 0 0 0 0 0 0 0 0 0 0 1 0 0 0 0 0 0 0 0 0 2 2 0 0 0 0 1 0 0 0 0 0 1 0 0 0 0 0 1 0 0 0 0 0 0 0 0 0 0 0 0 
1
0 0 0 0 0 0 0 0 0 
0 0 0 0 0 0 0 2 0 0 0 0 0 0 0 0 0 0 0 0 0 0 0 0 0 2 0 0 0 0 0 0 0 0 0 0 0 0 0 0 1 0 0 0 0 0 0 0 0 0 2 2 0 0 0 0 1 0 0 0 0 0 1 0 0 0 0 0 1 0 0 0 0 0 0 0 0 0 0 0 0 
0 0 0 0 0 0 0 2 0 0 0 0 0 0 0 0 0 0 0 0 0 0 0 0 0 2 0 0 0 0 0 0 0 0 0 0 0 0 0 0 1 0 0 0 0 0 0 0 0 0 2 2 0 0 0 0 1 0 0 0 0 0 1 0 0 0 0 0 1 0 0 0 0 0 0 0 0 0 0 0 0 
1
0 0 0 0 0 0 0 0 0 
0 0 0 1 0 0 0 2 0 0 0 0 0 0 0 0 0 0 0 0 0 0 0 0 0 2 0 0 0 0 0 0 0 0 0 0 0 0 0 0 1 0 0 0 0 0 0 0 0 0 2 2 0 0 0 0 1 0 0 0 0 0 1 0 0 0 0 0 1 0 0 0 0 0 0 0 0 0 0 0 0 
0 0 0 1 0 0 0 2 0 0 0 0 0 0 0 0 0 0 0 0 0 0 0 0 0 2 0 0 0 0 0 0 0 0 0 0 0 0 0 0 1 0 0 0 0 0 0 0 0 0 2 2 0 0 0 0 1 0 0 0 0 0 1 0 0 0 0 0 1 0 0 0 0 0 0 0 0 0 0 0 0 
1
0 0 0 0 0 0 0 0 0 
0 0 0 1 0 0 0 2 0 2 0 0 0 0 0 0 0 0 0 0 0 0 0 0 0 2 0 0 0 0 0 0 0 0 0 0 0 0 0 0 1 0 0 0 0 0 0 0 0 0 2 2 0 0 0 0 1 0 0 0 0 0 1 0 0 0 0 0 1 0 0 0 0 0 0 0 0 0 0 0 0 
0 0 0 1 0 0 0 2 0 2 0 0 0 0 0 0 0 0 0 0 0 0 0 0 0 2 0 0 0 0 0 0 0 0 0 0 0 0 0 0 1 0 0 0 0 0 0 0 0 0 2 2 0 0 0 0 1 0 0 0 0 0 1 0 0 0 0 0 1 0 0 0 0 0 0 0 0 0 0 0 0 
1
0 0 0 0 0 0 0 0 0 
0 0 0 1 0 0 0 2 0 2 0 0 0 0 0 0 0 0 0 0 0 0 0 0 0 2 0 0 0 0 0 0 0 0 0 0 0 0 0 0 1 0 0 0 0 1 0 0 0 0 2 2 0 0 0 0 1 0 0 0 0 0 1 0 0 0 0 0 1 0 0 0 0 0 0 0 0 0 0 0 0 
0 0 0 1 0 0 0 2 0 2 0 0 0 0 0 0 0 0 0 0 0 0 0 0 0 2 0 0 0 0 0 0 0 0 0 0 0 0 0 0 1 0 0 0 0 1 0 0 0 0 2 2 0 0 0 0 1 0 0 0 0 0 1 0 0 0 0 0 1 0 0 0 0 0 0 0 0 0 0 0 0 
1
0 0 0 0 0 0 0 0 0 
0 0 0 1 0 0 0 2 0 2 0 0 0 0 0 0 0 0 0 0 0 0 0 0 0 2 0 0 0 0 0 0 0 0 0 0 0 0 0 0 1 0 0 0 0 1 0 0 0 0 2 2 0 0 0 0 1 0 0 0 0 0 1 0 0 0 0 0 1 0 0 0 0 0 2 0 0 0 0 0 0 
0 0 0 1 0 0 0 2 0 2 0 0 0 0 0 0 0 0 0 0 0 0 0 0 0 2 0 0 0 0 0 0 0 0 0 0 0 0 0 0 1 0 0 0 0 1 0 0 0 0 2 2 0 0 0 0 1 0 0 0 0 0 1 0 0 0 0 0 1 0 0 0 0 0 2 0 0 0 0 0 0 
1
0 0 0 0 0 0 0 0 0 
0 0 0 1 0 0 0 2 0 2 0 0 0 0 0 0 0 0 0 0 0 0 0 0 0 2 0 0 0 0 0 0 0 0 0 0 0 0 0 0 1 0 0 0 0 1 0 0 0 0 2 2 0 0 0 0 1 0 0 0 0 0 1 0 0 0 0 0 1 0 0 1 0 0 2 0 0 0 0 0 0 
0 0 0 1 0 0 0 2 0 2 0 0 0 0 0 0 0 0 0 0 0 0 0 0 0 2 0 0 0 0 0 0 0 0 0 0 0 0 0 0 1 0 0 0 0 1 0 0 0 0 2 2 0 0 0 0 1 0 0 0 0 0 1 0 0 0 0 0 1 0 0 1 0 0 2 0 0 0 0 0 0 
1
0 0 0 0 0 0 0 0 0 
0 0 0 1 0 0 0 2 0 2 0 0 0 0 0 0 0 0 0 0 0 0 0 0 0 2 0 0 0 0 0 0 0 0 0 2 0 0 0 0 1 0 0 0 0 1 0 0 0 0 2 2 0 0 0 0 1 0 0 0 0 0 1 0 0 0 0 0 1 0 0 1 0 0 2 0 0 0 0 0 0 
0 0 0 1 0 0 0 2 0 2 0 0 0 0 0 0 0 0 0 0 0 0 0 0 0 2 0 0 0 0 0 0 0 0 0 2 0 0 0 0 1 0 0 0 0 1 0 0 0 0 2 2 0 0 0 0 1 0 0 0 0 0 1 0 0 0 0 0 1 0 0 1 0 0 2 0 0 0 0 0 0 
1
0 0 0 0 0 0 0 0 0 
0 0 0 1 0 0 0 2 0 2 0 0 0 0 0 0 1 0 0 0 0 0 0 0 0 2 0 0 0 0 0 0 0 0 0 2 0 0 0 0 1 0 0 0 0 1 0 0 0 0 2 2 0 0 0 0 1 0 0 0 0 0 1 0 0 0 0 0 1 0 0 1 0 0 2 0 0 0 0 0 0 
0 0 0 1 0 0 0 2 0 2 0 0 0 0 0 0 1 0 0 0 0 0 0 0 0 2 0 0 0 0 0 0 0 0 0 2 0 0 0 0 1 0 0 0 0 1 0 0 0 0 2 2 0 0 0 0 1 0 0 0 0 0 1 0 0 0 0 0 1 0 0 1 0 0 2 0 0 0 0 0 0 
1
0 0 0 0 0 0 0 0 0 
0 0 0 1 0 0 0 2 0 2 0 0 0 0 0 0 1 0 0 0 0 0 0 0 0 2 0 0 0 0 0 0 0 0 0 2 0 0 0 0 1 2 0 0 0 1 0 0 0 0 2 2 0 0 0 0 1 0 0 0 0 0 1 0 0 0 0 0 1 0 0 1 0 0 2 0 0 0 0 0 0 
0 0 0 1 0 0 0 2 0 2 0 0 0 0 0 0 1 0 0 0 0 0 0 0 0 2 0 0 0 0 0 0 0 0 0 2 0 0 0 0 1 2 0 0 0 1 0 0 0 0 2 2 0 0 0 0 1 0 0 0 0 0 1 0 0 0 0 0 1 0 0 1 0 0 2 0 0 0 0 0 0 
1
0 0 0 0 0 0 0 0 0 
0 0 0 1 0 0 0 2 0 2 0 0 0 0 0 0 1 0 0 0 0 0 0 0 0 2 0 0 0 0 0 0 0 0 0 2 0 0 0 0 1 2 0 0 0 1 0 0 0 0 2 2 1 0 0 0 1 0 0 0 0 0 1 0 0 0 0 0 1 0 0 1 0 0 2 0 0 0 0 0 0 
0 0 0 1 0 0 0 2 0 2 0 0 0 0 0 0 1 0 0 0 0 0 0 0 0 2 0 0 0 0 0 0 0 0 0 2 0 0 0 0 1 2 0 0 0 1 0 0 0 0 2 2 1 0 0 0 1 0 0 0 0 0 1 0 0 0 0 0 1 0 0 1 0 0 2 0 0 0 0 0 0 
1
0 0 0 0 0 0 0 0 0 
0 0 0 1 0 0 0 2 0 2 0 0 0 0 0 0 1 0 0 0 0 0 0 0 0 2 0 0 0 0 0 0 0 0 0 2 0 0 0 0 1 2 0 0 0 1 0 0 0 0 2 2 1 0 0 0 1 0 2 0 0 0 1 0 0 0 0 0 1 0 0 1 0 0 2 0 0 0 0 0 0 
0 0 0 1 0 0 0 2 0 2 0 0 0 0 0 0 1 0 0 0 0 0 0 0 0 2 0 0 0 0 0 0 0 0 0 2 0 0 0 0 1 2 0 0 0 1 0 0 0 0 2 2 1 0 0 0 1 0 2 0 0 0 1 0 0 0 0 0 1 0 0 1 0 0 2 0 0 0 0 0 0 
1
0 0 0 0 0 0 0 0 0 
0 0 0 1 0 0 0 2 0 2 0 0 1 0 0 0 1 0 0 0 0 0 0 0 0 2 0 0 0 0 0 0 0 0 0 2 0 0 0 0 1 2 0 0 0 1 0 0 0 0 2 2 1 0 0 0 1 0 2 0 0 0 1 0 0 0 0 0 1 0 0 1 0 0 2 0 0 0 0 0 0 
0 0 0 1 0 0 0 2 0 2 0 0 1 0 0 0 1 0 0 0 0 0 0 0 0 2 0 0 0 0 0 0 0 0 0 2 0 0 0 0 1 2 0 0 0 1 0 0 0 0 2 2 1 0 0 0 1 0 2 0 0 0 1 0 0 0 0 0 1 0 0 1 0 0 2 0 0 0 0 0 0 
1
0 0 0 0 0 0 0 0 0 
0 0 0 1 0 0 0 2 0 2 0 0 1 0 0 0 1 0 0 0 0 0 0 0 0 2 0 2 0 0 0 0 0 0 0 2 0 0 0 0 1 2 0 0 0 1 0 0 0 0 2 2 1 0 0 0 1 0 2 0 0 0 1 0 0 0 0 0 1 0 0 1 0 0 2 0 0 0 0 0 0 
0 0 0 1 0 0 0 2 0 2 0 0 1 0 0 0 1 0 0 0 0 0 0 0 0 2 0 2 0 0 0 0 0 0 0 2 0 0 0 0 1 2 0 0 0 1 0 0 0 0 2 2 1 0 0 0 1 0 2 0 0 0 1 0 0 0 0 0 1 0 0 1 0 0 2 0 0 0 0 0 0 
1
0 0 0 0 0 0 0 0 0 
0 0 0 1 0 0 0 2 0 2 0 1 1 0 0 0 1 0 0 0 0 0 0 0 0 2 0 2 0 0 0 0 0 0 0 2 0 0 0 0 1 2 0 0 0 1 0 0 0 0 2 2 1 0 0 0 1 0 2 0 0 0 1 0 0 0 0 0 1 0 0 1 0 0 2 0 0 0 0 0 0 
0 0 0 1 0 0 0 2 0 2 0 1 1 0 0 0 1 0 0 0 0 0 0 0 0 2 0 2 0 0 0 0 0 0 0 2 0 0 0 0 1 2 0 0 0 1 0 0 0 0 2 2 1 0 0 0 1 0 2 0 0 0 1 0 0 0 0 0 1 0 0 1 0 0 2 0 0 0 0 0 0 
1
0 0 0 0 0 2 0 0 0 
0 0 0 1 0 0 0 2 0 2 0 1 1 0 0 0 1 0 0 0 0 0 0 0 0 2 0 2 0 0 0 0 0 0 0 2 0 0 0 0 1 2 0 2 0 1 0 0 0 0 2 2 1 0 0 0 1 0 2 0 0 0 1 0 0 0 0 0 1 0 0 1 0 0 2 0 0 0 0 0 0 
0 0 0 1 0 0 0 2 0 2 0 1 1 0 0 0 1 0 0 0 0 0 0 0 0 2 0 2 0 0 0 0 0 32 32 34 0 0 0 0 1 2 32 34 32 1 0 0 0 0 2 34 33 32 0 0 1 0 2 0 0 0 1 0 0 0 0 0 1 0 0 1 0 0 2 0 0 0 0 0 0 
1
0 0 0 0 0 2 0 0 0 
0 0 0 1 0 0 0 2 0 2 0 1 1 0 0 0 1 0 0 0 0 0 0 0 0 2 0 2 0 0 0 0 1 0 0 2 0 0 0 0 1 2 0 2 0 1 0 0 0 0 2 2 1 0 0 0 1 0 2 0 0 0 1 0 0 0 0 0 1 0 0 1 0 0 2 0 0 0 0 0 0 
0 0 0 1 0 0 0 2 0 2 0 1 1 0 0 0 1 0 0 0 0 0 0 0 0 2 0 2 0 0 0 0 1 32 32 34 0 0 0 0 1 2 32 34 32 1 0 0 0 0 2 34 33 32 0 0 1 0 2 0 0 0 1 0 0 0 0 0 1 0 0 1 0 0 2 0 0 0 0 0 0 
1
0 0 0 0 0 2 0 0 0 
0 0 0 1 0 0 2 2 0 2 0 1 1 0 0 0 1 0 0 0 0 0 0 0 0 2 0 2 0 0 0 0 1 0 0 2 0 0 0 0 1 2 0 2 0 1 0 0 0 0 2 2 1 0 0 0 1 0 2 0 0 0 1 0 0 0 0 0 1 0 0 1 0 0 2 0 0 0 0 0 0 
0 0 0 1 0 0 2 2 0 2 0 1 1 0 0 0 1 0 0 0 0 0 0 0 0 2 0 2 0 0 0 0 1 32 32 34 0 0 0 0 1 2 32 34 32 1 0 0 0 0 2 34 33 32 0 0 1 0 2 0 0 0 1 0 0 0 0 0 1 0 0 1 0 0 2 0 0 0 0 0 0 
1
0 0 0 0 0 2 0 0 0 
0 0 1 1 0 0 2 2 0 2 0 1 1 0 0 0 1 0 0 0 0 0 0 0 0 2 0 2 0 0 0 0 1 0 0 2 0 0 0 0 1 2 0 2 0 1 0 0 0 0 2 2 1 0 0 0 1 0 2 0 0 0 1 0 0 0 0 0 1 0 0 1 0 0 2 0 0 0 0 0 0 
0 0 1 1 0 0 2 2 0 2 0 1 1 0 0 0 1 0 0 0 0 0 0 0 0 2 0 2 0 0 0 0 1 32 32 34 0 0 0 0 1 2 32 34 32 1 0 0 0 0 2 34 33 32 0 0 1 0 2 0 0 0 1 0 0 0 0 0 1 0 0 1 0 0 2 0 0 0 0 0 0 
1
0 0 0 0 0 2 0 0 0 
0 0 1 1 0 0 2 2 0 2 0 1 1 0 0 2 1 0 0 0 0 0 0 0 0 2 0 2 0 0 0 0 1 0 0 2 0 0 0 0 1 2 0 2 0 1 0 0 0 0 2 2 1 0 0 0 1 0 2 0 0 0 1 0 0 0 0 0 1 0 0 1 0 0 2 0 0 0 0 0 0 
0 0 1 1 0 0 2 2 0 2 0 1 1 0 0 2 1 0 0 0 0 0 0 0 0 2 0 2 0 0 0 0 1 32 32 34 0 0 0 0 1 2 32 34 32 1 0 0 0 0 2 34 33 32 0 0 1 0 2 0 0 0 1 0 0 0 0 0 1 0 0 1 0 0 2 0 0 0 0 0 0 
1
0 0 0 0 0 2 0 0 0 
0 0 1 1 0 0 2 2 0 2 0 1 1 0 0 2 1 0 0 0 0 0 0 0 0 2 0 2 0 0 0 0 1 0 0 2 0 0 0 0 1 2 0 2 0 1 0 1 0 0 2 2 1 0 0 0 1 0 2 0 0 0 1 0 0 0 0 0 1 0 0 1 0 0 2 0 0 0 0 0 0 
0 0 1 1 0 0 2 2 0 2 0 1 1 0 0 2 1 0 0 0 0 0 0 0 0 2 0 2 0 0 0 0 1 32 32 34 0 0 0 0 1 2 32 34 32 1 0 1 0 0 2 34 33 32 0 0 1 0 2 0 0 0 1 0 0 0 0 0 1 0 0 1 0 0 2 0 0 0 0 0 0 
1
0 0 0 0 0 2 0 0 0 
0 0 1 1 0 0 2 2 0 2 0 1 1 0 0 2 1 0 0 0 0 0 0 0 0 2 0 2 0 0 0 0 1 0 0 2 0 0 0 0 1 2 0 2 0 1 0 1 0 0 2 2 1 0 0 0 1 0 2 0 0 0 1 0 0 0 0 0 1 0 0 1 0 0 2 0 0 0 0 0 2 
0 0 1 1 0 0 2 2 0 2 0 1 1 0 0 2 1 0 0 0 0 0 0 0 0 2 0 2 0 0 0 0 1 32 32 34 0 0 0 0 1 2 32 34 32 1 0 1 0 0 2 34 33 32 0 0 1 0 2 0 0 0 1 0 0 0 0 0 1 0 0 1 0 0 2 0 0 0 0 0 2 
1
0 0 0 0 0 2 0 0 0 
0 0 1 1 0 0 2 2 0 2 0 1 1 0 0 2 1 0 0 0 0 0 0 0 0 2 0 2 0 0 0 0 1 0 0 2 0 0 0 0 1 2 0 2 0 1 0 1 0 0 2 2 1 0 0 0 1 0 2 0 1 0 1 0 0 0 0 0 1 0 0 1 0 0 2 0 0 0 0 0 2 
0 0 1 1 0 0 2 2 0 2 0 1 1 0 0 2 1 0 0 0 0 0 0 0 0 2 0 2 0 0 0 0 1 32 32 34 0 0 0 0 1 2 32 34 32 1 0 1 0 0 2 34 33 32 0 0 1 0 2 0 1 0 1 0 0 0 0 0 1 0 0 1 0 0 2 0 0 0 0 0 2 
1
0 0 0 0 0 2 0 0 0 
0 0 1 1 0 0 2 2 0 2 0 1 1 0 0 2 1 0 0 2 0 0 0 0 0 2 0 2 0 0 0 0 1 0 0 2 0 0 0 0 1 2 0 2 0 1 0 1 0 0 2 2 1 0 0 0 1 0 2 0 1 0 1 0 0 0 0 0 1 0 0 1 0 0 2 0 0 0 0 0 2 
0 0 1 1 0 0 2 2 0 2 0 1 1 0 0 2 1 0 0 2 0 0 0 0 0 2 0 2 0 0 0 0 1 32 32 34 0 0 0 0 1 2 32 34 32 1 0 1 0 0 2 34 33 32 0 0 1 0 2 0 1 0 1 0 0 0 0 0 1 0 0 1 0 0 2 0 0 0 0 0 2 
1
0 0 0 0 0 2 0 0 0 
0 0 1 1 0 0 2 2 0 2 0 1 1 0 0 2 1 0 0 2 0 0 0 0 0 2 0 2 0 0 0 0 1 0 0 2 0 0 0 0 1 2 0 2 0 1 0 1 0 0 2 2 1 0 0 0 1 0 2 1 1 0 1 0 0 0 0 0 1 0 0 1 0 0 2 0 0 0 0 0 2 
0 0 1 1 0 0 2 2 0 2 0 1 1 0 0 2 1 0 0 2 0 0 0 0 0 2 0 2 0 0 0 0 1 32 32 34 0 0 0 0 1 2 32 34 32 1 0 1 0 0 2 34 33 32 0 0 1 0 2 1 1 0 1 0 0 0 0 0 1 0 0 1 0 0 2 0 0 0 0 0 2 
1
0 0 2 0 0 2 0 0 0 
0 0 1 1 0 0 2 2 0 2 0 1 1 0 0 2 1 0 0 2 0 0 0 0 2 2 0 2 0 0 0 0 1 0 0 2 0 0 0 0 1 2 0 2 0 1 0 1 0 0 2 2 1 0 0 0 1 0 2 1 1 0 1 0 0 0 0 0 1 0 0 1 0 0 2 0 0 0 0 0 2 
0 0 1 1 0 0 34 34 32 2 0 1 1 0 0 34 33 32 0 2 0 0 0 0 34 34 32 2 0 0 0 0 1 32 32 34 0 0 0 0 1 2 32 34 32 1 0 1 0 0 2 34 33 32 0 0 1 0 2 1 1 0 1 0 0 0 0 0 1 0 0 1 0 0 2 0 0 0 0 0 2 
1
0 0 2 0 0 2 0 0 0 
0 0 1 1 0 0 2 2 0 2 0 1 1 0 0 2 1 0 0 2 0 0 0 0 2 2 0 2 0 0 0 0 1 0 0 2 0 0 0 0 1 2 0 2 0 1 0 1 0 0 2 2 1 0 1 0 1 0 2 1 1 0 1 0 0 0 0 0 1 0 0 1 0 0 2 0 0 0 0 0 2 
0 0 1 1 0 0 34 34 32 2 0 1 1 0 0 34 33 32 0 2 0 0 0 0 34 34 32 2 0 0 0 0 1 32 32 34 0 0 0 0 1 2 32 34 32 1 0 1 0 0 2 34 33 32 1 0 1 0 2 1 1 0 1 0 0 0 0 0 1 0 0 1 0 0 2 0 0 0 0 0 2 
1
0 0 2 0 0 2 0 0 0 
0 2 1 1 0 0 2 2 0 2 0 1 1 0 0 2 1 0 0 2 0 0 0 0 2 2 0 2 0 0 0 0 1 0 0 2 0 0 0 0 1 2 0 2 0 1 0 1 0 0 2 2 1 0 1 0 1 0 2 1 1 0 1 0 0 0 0 0 1 0 0 1 0 0 2 0 0 0 0 0 2 
0 2 1 1 0 0 34 34 32 2 0 1 1 0 0 34 33 32 0 2 0 0 0 0 34 34 32 2 0 0 0 0 1 32 32 34 0 0 0 0 1 2 32 34 32 1 0 1 0 0 2 34 33 32 1 0 1 0 2 1 1 0 1 0 0 0 0 0 1 0 0 1 0 0 2 0 0 0 0 0 2 
1
0 0 2 0 0 2 0 0 0 
0 2 1 1 1 0 2 2 0 2 0 1 1 0 0 2 1 0 0 2 0 0 0 0 2 2 0 2 0 0 0 0 1 0 0 2 0 0 0 0 1 2 0 2 0 1 0 1 0 0 2 2 1 0 1 0 1 0 2 1 1 0 1 0 0 0 0 0 1 0 0 1 0 0 2 0 0 0 0 0 2 
0 2 1 1 1 0 34 34 32 2 0 1 1 0 0 34 33 32 0 2 0 0 0 0 34 34 32 2 0 0 0 0 1 32 32 34 0 0 0 0 1 2 32 34 32 1 0 1 0 0 2 34 33 32 1 0 1 0 2 1 1 0 1 0 0 0 0 0 1 0 0 1 0 0 2 0 0 0 0 0 2 
1
0 0 2 0 0 2 0 0 0 
0 2 1 1 1 0 2 2 0 2 0 1 1 0 0 2 1 0 0 2 0 2 0 0 2 2 0 2 0 0 0 0 1 0 0 2 0 0 0 0 1 2 0 2 0 1 0 1 0 0 2 2 1 0 1 0 1 0 2 1 1 0 1 0 0 0 0 0 1 0 0 1 0 0 2 0 0 0 0 0 2 
0 2 1 1 1 0 34 34 32 2 0 1 1 0 0 34 33 32 0 2 0 2 0 0 34 34 32 2 0 0 0 0 1 32 32 34 0 0 0 0 1 2 32 34 32 1 0 1 0 0 2 34 33 32 1 0 1 0 2 1 1 0 1 0 0 0 0 0 1 0 0 1 0 0 2 0 0 0 0 0 2 
1
0 0 2 0 0 2 1 0 0 
0 2 1 1 1 0 2 2 0 2 0 1 1 0 0 2 1 0 0 2 0 2 0 0 2 2 0 2 0 0 0 0 1 0 0 2 0 0 0 0 1 2 0 2 0 1 0 1 0 0 2 2 1 0 1 1 1 0 2 1 1 0 1 0 0 0 0 0 1 0 0 1 0 0 2 0 0 0 0 0 2 
0 2 1 1 1 0 34 34 32 2 0 1 1 0 0 34 33 32 0 2 0 2 0 0 34 34 32 2 0 0 0 0 1 32 32 34 0 0 0 0 1 2 32 34 32 1 0 1 0 0 2 34 33 32 17 17 17 0 2 1 1 0 1 16 16 16 0 0 1 0 0 1 16 16 18 0 0 0 0 0 2 
1
0 0 2 0 0 2 1 0 0 
0 2 1 1 1 0 2 2 0 2 0 1 1 2 0 2 1 0 0 2 0 2 0 0 2 2 0 2 0 0 0 0 1 0 0 2 0 0 0 0 1 2 0 2 0 1 0 1 0 0 2 2 1 0 1 1 1 0 2 1 1 0 1 0 0 0 0 0 1 0 0 1 0 0 2 0 0 0 0 0 2 
0 2 1 1 1 0 34 34 32 2 0 1 1 2 0 34 33 32 0 2 0 2 0 0 34 34 32 2 0 0 0 0 1 32 32 34 0 0 0 0 1 2 32 34 32 1 0 1 0 0 2 34 33 32 17 17 17 0 2 1 1 0 1 16 16 16 0 0 1 0 0 1 16 16 18 0 0 0 0 0 2 
1
0 0 2 0 0 2 1 0 0 
0 2 1 1 1 0 2 2 0 2 0 1 1 2 0 2 1 0 0 2 0 2 0 0 2 2 0 2 0 0 0 1 1 0 0 2 0 0 0 0 1 2 0 2 0 1 0 1 0 0 2 2 1 0 1 1 1 0 2 1 1 0 1 0 0 0 0 0 1 0 0 1 0 0 2 0 0 0 0 0 2 
0 2 1 1 1 0 34 34 32 2 0 1 1 2 0 34 33 32 0 2 0 2 0 0 34 34 32 2 0 0 0 1 1 32 32 34 0 0 0 0 1 2 32 34 32 1 0 1 0 0 2 34 33 32 17 17 17 0 2 1 1 0 1 16 16 16 0 0 1 0 0 1 16 16 18 0 0 0 0 0 2 
1
0 2 2 0 0 2 1 0 0 
0 2 1 1 1 2 2 2 0 2 0 1 1 2 0 2 1 0 0 2 0 2 0 0 2 2 0 2 0 0 0 1 1 0 0 2 0 0 0 0 1 2 0 2 0 1 0 1 0 0 2 2 1 0 1 1 1 0 2 1 1 0 1 0 0 0 0 0 1 0 0 1 0 0 2 0 0 0 0 0 2 
0 2 1 33 33 34 34 34 32 2 0 1 33 34 32 34 33 32 0 2 0 34 32 32 34 34 32 2 0 0 0 1 1 32 32 34 0 0 0 0 1 2 32 34 32 1 0 1 0 0 2 34 33 32 17 17 17 0 2 1 1 0 1 16 16 16 0 0 1 0 0 1 16 16 18 0 0 0 0 0 2 
1
1 2 2 0 0 2 1 0 0 
0 2 1 1 1 2 2 2 0 2 0 1 1 2 0 2 1 0 0 2 1 2 0 0 2 2 0 2 0 0 0 1 1 0 0 2 0 0 0 0 1 2 0 2 0 1 0 1 0 0 2 2 1 0 1 1 1 0 2 1 1 0 1 0 0 0 0 0 1 0 0 1 0 0 2 0 0 0 0 0 2 
16 18 17 33 33 34 34 34 32 18 16 17 33 34 32 34 33 32 16 18 17 34 32 32 34 34 32 2 0 0 0 1 1 32 32 34 0 0 0 0 1 2 32 34 32 1 0 1 0 0 2 34 33 32 17 17 17 0 2 1 1 0 1 16 16 16 0 0 1 0 0 1 16 16 18 0 0 0 0 0 2 
1
1 2 2 0 0 2 1 0 0 
0 2 1 1 1 2 2 2 0 2 0 1 1 2 0 2 1 0 0 2 1 2 0 0 2 2 0 2 0 0 0 1 1 0 0 2 0 0 0 0 1 2 0 2 0 1 0 1 0 0 2 2 1 0 1 1 1 0 2 1 1 0 1 0 0 0 0 0 1 0 0 1 0 0 2 0 0 0 0 2 2 
16 18 17 33 33 34 34 34 32 18 16 17 33 34 32 34 33 32 16 18 17 34 32 32 34 34 32 2 0 0 0 1 1 32 32 34 0 0 0 0 1 2 32 34 32 1 0 1 0 0 2 34 33 32 17 17 17 0 2 1 1 0 1 16 16 16 0 0 1 0 0 1 16 16 18 0 0 0 0 2 2 
1
1 2 2 0 0 2 1 0 0 
0 2 1 1 1 2 2 2 0 2 0 1 1 2 0 2 1 0 0 2 1 2 0 0 2 2 0 2 0 0 0 1 1 0 0 2 0 0 0 0 1 2 0 2 0 1 0 1 0 0 2 2 1 0 1 1 1 0 2 1 1 0 1 0 0 0 0 0 1 0 0 1 0 0 2 0 1 0 0 2 2 
16 18 17 33 33 34 34 34 32 18 16 17 33 34 32 34 33 32 16 18 17 34 32 32 34 34 32 2 0 0 0 1 1 32 32 34 0 0 0 0 1 2 32 34 32 1 0 1 0 0 2 34 33 32 17 17 17 0 2 1 1 0 1 16 16 16 0 0 1 0 0 1 16 16 18 0 1 0 0 2 2 
1
1 2 2 0 0 2 1 0 0 
0 2 1 1 1 2 2 2 0 2 0 1 1 2 0 2 1 0 0 2 1 2 0 0 2 2 0 2 0 0 0 1 1 0 0 2 0 0 0 0 1 2 0 2 0 1 0 1 0 0 2 2 1 0 1 1 1 0 2 1 1 0 1 0 0 0 2 0 1 0 0 1 0 0 2 0 1 0 0 2 2 
16 18 17 33 33 34 34 34 32 18 16 17 33 34 32 34 33 32 16 18 17 34 32 32 34 34 32 2 0 0 0 1 1 32 32 34 0 0 0 0 1 2 32 34 32 1 0 1 0 0 2 34 33 32 17 17 17 0 2 1 1 0 1 16 16 16 2 0 1 0 0 1 16 16 18 0 1 0 0 2 2 
1
1 2 2 1 0 2 1 0 0 
0 2 1 1 1 2 2 2 0 2 0 1 1 2 0 2 1 0 0 2 1 2 0 0 2 2 0 2 0 0 0 1 1 0 0 2 0 0 0 0 1 2 0 2 0 1 1 1 0 0 2 2 1 0 1 1 1 0 2 1 1 0 1 0 0 0 2 0 1 0 0 1 0 0 2 0 1 0 0 2 2 
16 18 17 33 33 34 34 34 32 18 16 17 33 34 32 34 33 32 16 18 17 34 32 32 34 34 32 18 16 16 0 1 1 32 32 34 16 16 16 0 1 2 32 34 32 17 17 17 0 0 2 34 33 32 17 17 17 0 2 1 1 0 1 16 16 16 2 0 1 0 0 1 16 16 18 0 1 0 0 2 2 
1
1 2 2 1 0 2 1 0 0 
0 2 1 1 1 2 2 2 0 2 0 1 1 2 0 2 1 0 0 2 1 2 0 0 2 2 0 2 0 0 0 1 1 0 0 2 0 0 0 0 1 2 0 2 0 1 1 1 0 0 2 2 1 0 1 1 1 0 2 1 1 0 1 0 0 0 2 0 1 0 0 1 0 0 2 0 1 0 0 2 2 
16 18 17 33 33 34 34 34 32 18 16 17 33 34 32 34 33 32 16 18 17 34 32 32 34 34 32 18 16 16 0 1 1 32 32 34 16 16 16 0 1 2 32 34 32 17 17 17 0 0 2 34 33 32 17 17 17 0 2 1 1 0 1 16 16 16 2 0 1 0 0 1 16 16 18 0 1 0 0 2 2 
1
