0 0 0 0 0 0 0 0 0 
0 0 0 0 0 0 0 0 0 0 0 0 0 0 0 0 0 0 0 0 0 0 0 0 0 0 0 0 0 0 0 0 0 0 0 0 0 0 0 0 0 0 0 0 0 0 0 0 0 0 0 0 0 0 0 0 0 0 1 0 0 0 0 0 0 0 0 0 0 0 0 0 0 0 0 0 0 0 0 0 0 
0 0 0 0 0 0 0 0 0 0 0 0 0 0 0 0 0 0 0 0 0 0 0 0 0 0 0 0 0 0 0 0 0 0 0 0 0 0 0 0 0 0 0 0 0 0 0 0 0 0 0 0 0 0 0 0 0 0 1 0 0 0 0 0 0 0 0 0 0 0 0 0 0 0 0 0 0 0 0 0 0 
0
0 0 0 0 0 0 0 0 0 
0 0 0 0 2 0 0 0 0 0 0 0 0 0 0 0 0 0 0 0 0 0 0 0 0 0 0 0 0 0 0 0 0 0 0 0 0 0 0 0 0 0 0 0 0 0 0 0 0 0 0 0 0 0 0 0 0 0 1 0 0 0 0 0 0 0 0 0 0 0 0 0 0 0 0 0 0 0 0 0 0 
0 0 0 0 2 0 0 0 0 0 0 0 0 0 0 0 0 0 0 0 0 0 0 0 0 0 0 0 0 0 0 0 0 0 0 0 0 0 0 0 0 0 0 0 0 0 0 0 0 0 0 0 0 0 0 0 0 0 1 0 0 0 0 0 0 0 0 0 0 0 0 0 0 0 0 0 0 0 0 0 0 
0
0 0 0 0 0 0 0 0 0 
0 0 0 0 2 0 0 0 0 0 0 0 0 0 1 0 0 0 0 0 0 0 0 0 0 0 0 0 0 0 0 0 0 0 0 0 0 0 0 0 0 0 0 0 0 0 0 0 0 0 0 0 0 0 0 0 0 0 1 0 0 0 0 0 0 0 0 0 0 0 0 0 0 0 0 0 0 0 0 0 0 
0 0 0 0 2 0 0 0 0 0 0 0 0 0 1 0 0 0 0 0 0 0 0 0 0 0 0 0 0 0 0 0 0 0 0 0 0 0 0 0 0 0 0 0 0 0 0 0 0 0 0 0 0 0 0 0 0 0 1 0 0 0 0 0 0 0 0 0 0 0 0 0 0 0 0 0 0 0 0 0 0 
0
0 0 0 0 0 0 0 0 0 
0 0 0 0 2 0 0 0 0 0 0 0 0 0 1 0 0 0 0 0 0 0 0 0 0 0 0 0 0 0 0 0 0 0 0 0 0 0 0 0 0 0 0 0 0 0 0 0 0 0 0 2 0 0 0 0 0 0 1 0 0 0 0 0 0 0 0 0 0 0 0 0 0 0 0 0 0 0 0 0 0 
0 0 0 0 2 0 0 0 0 0 0 0 0 0 1 0 0 0 0 0 0 0 0 0 0 0 0 0 0 0 0 0 0 0 0 0 0 0 0 0 0 0 0 0 0 0 0 0 0 0 0 2 0 0 0 0 0 0 1 0 0 0 0 0 0 0 0 0 0 0 0 0 0 0 0 0 0 0 0 0 0 
0
0 0 0 0 0 0 0 0 0 
0 0 0 0 2 0 0 0 0 0 0 0 0 0 1 0 0 0 0 0 0 0 0 0 0 0 0 0 0 0 0 0 0 0 0 0 0 0 0 0 0 0 0 0 0 0 0 0 0 0 0 2 0 0 0 0 1 0 1 0 0 0 0 0 0 0 0 0 0 0 0 0 0 0 0 0 0 0 0 0 0 
0 0 0 0 2 0 0 0 0 0 0 0 0 0 1 0 0 0 0 0 0 0 0 0 0 0 0 0 0 0 0 0 0 0 0 0 0 0 0 0 0 0 0 0 0 0 0 0 0 0 0 2 0 0 0 0 1 0 1 0 0 0 0 0 0 0 0 0 0 0 0 0 0 0 0 0 0 0 0 0 0 
0
0 0 0 0 0 0 0 0 0 
0 0 0 0 2 0 0 0 0 0 0 0 0 0 1 0 0 2 0 0 0 0 0 0 0 0 0 0 0 0 0 0 0 0 0 0 0 0 0 0 0 0 0 0 0 0 0 0 0 0 0 2 0 0 0 0 1 0 1 0 0 0 0 0 0 0 0 0 0 0 0 0 0 0 0 0 0 0 0 0 0 
0 0 0 0 2 0 0 0 0 0 0 0 0 0 1 0 0 2 0 0 0 0 0 0 0 0 0 0 0 0 0 0 0 0 0 0 0 0 0 0 0 0 0 0 0 0 0 0 0 0 0 2 0 0 0 0 1 0 1 0 0 0 0 0 0 0 0 0 0 0 0 0 0 0 0 0 0 0 0 0 0 
0
0 0 0 0 0 0 0 0 0 
0 0 0 0 2 0 0 0 0 0 0 0 0 0 1 0 0 2 0 0 0 0 0 0 0 0 0 0 0 0 0 0 0 0 1 0 0 0 0 0 0 0 0 0 0 0 0 0 0 0 0 2 0 0 0 0 1 0 1 0 0 0 0 0 0 0 0 0 0 0 0 0 0 0 0 0 0 0 0 0 0 
0 0 0 0 2 0 0 0 0 0 0 0 0 0 1 0 0 2 0 0 0 0 0 0 0 0 0 0 0 0 0 0 0 0 1 0 0 0 0 0 0 0 0 0 0 0 0 0 0 0 0 2 0 0 0 0 1 0 1 0 0 0 0 0 0 0 0 0 0 0 0 0 0 0 0 0 0 0 0 0 0 
0
0 0 0 0 0 0 0 0 0 
0 0 0 2 2 0 0 0 0 0 0 0 0 0 1 0 0 2 0 0 0 0 0 0 0 0 0 0 0 0 0 0 0 0 1 0 0 0 0 0 0 0 0 0 0 0 0 0 0 0 0 2 0 0 0 0 1 0 1 0 0 0 0 0 0 0 0 0 0 0 0 0 0 0 0 0 0 0 0 0 0 
0 0 0 2 2 0 0 0 0 0 0 0 0 0 1 0 0 2 0 0 0 0 0 0 0 0 0 0 0 0 0 0 0 0 1 0 0 0 0 0 0 0 0 0 0 0 0 0 0 0 0 2 0 0 0 0 1 0 1 0 0 0 0 0 0 0 0 0 0 0 0 0 0 0 0 0 0 0 0 0 0 
0
0 0 0 0 0 0 0 0 0 
0 0 0 2 2 0 0 0 0 0 0 0 0 0 1 0 0 2 0 0 1 0 0 0 0 0 0 0 0 0 0 0 0 0 1 0 0 0 0 0 0 0 0 0 0 0 0 0 0 0 0 2 0 0 0 0 1 0 1 0 0 0 0 0 0 0 0 0 0 0 0 0 0 0 0 0 0 0 0 0 0 
0 0 0 2 2 0 0 0 0 0 0 0 0 0 1 0 0 2 0 0 1 0 0 0 0 0 0 0 0 0 0 0 0 0 1 0 0 0 0 0 0 0 0 0 0 0 0 0 0 0 0 2 0 0 0 0 1 0 1 0 0 0 0 0 0 0 0 0 0 0 0 0 0 0 0 0 0 0 0 0 0 
0
0 0 0 0 0 0 0 0 0 
0 0 0 2 2 0 0 0 0 0 0 0 0 0 1 0 0 2 0 0 1 0 0 0 0 0 0 0 0 0 0 0 0 0 1 0 0 0 0 0 0 0 0 0 0 0 0 0 0 0 0 2 0 0 0 0 1 0 1 0 0 0 2 0 0 0 0 0 0 0 0 0 0 0 0 0 0 0 0 0 0 
0 0 0 2 2 0 0 0 0 0 0 0 0 0 1 0 0 2 0 0 1 0 0 0 0 0 0 0 0 0 0 0 0 0 1 0 0 0 0 0 0 0 0 0 0 0 0 0 0 0 0 2 0 0 0 0 1 0 1 0 0 0 2 0 0 0 0 0 0 0 0 0 0 0 0 0 0 0 0 0 0 
0
0 0 0 0 0 0 0 0 0 
0 0 0 2 2 0 0 1 0 0 0 0 0 0 1 0 0 2 0 0 1 0 0 0 0 0 0 0 0 0 0 0 0 0 1 0 0 0 0 0 0 0 0 0 0 0 0 0 0 0 0 2 0 0 0 0 1 0 1 0 0 0 2 0 0 0 0 0 0 0 0 0 0 0 0 0 0 0 0 0 0 
0 0 0 2 2 0 0 1 0 0 0 0 0 0 1 0 0 2 0 0 1 0 0 0 0 0 0 0 0 0 0 0 0 0 1 0 0 0 0 0 0 0 0 0 0 0 0 0 0 0 0 2 0 0 0 0 1 0 1 0 0 0 2 0 0 0 0 0 0 0 0 0 0 0 0 0 0 0 0 0 0 
0
0 2 0 0 0 0 0 0 0 
0 0 0 2 2 2 0 1 0 0 0 0 0 0 1 0 0 2 0 0 1 0 0 0 0 0 0 0 0 0 0 0 0 0 1 0 0 0 0 0 0 0 0 0 0 0 0 0 0 0 0 2 0 0 0 0 1 0 1 0 0 0 2 0 0 0 0 0 0 0 0 0 0 0 0 0 0 0 0 0 0 
0 0 0 34 34 34 0 1 0 0 0 0 32 32 33 0 0 2 0 0 1 32 32 32 0 0 0 0 0 0 0 0 0 0 1 0 0 0 0 0 0 0 0 0 0 0 0 0 0 0 0 2 0 0 0 0 1 0 1 0 0 0 2 0 0 0 0 0 0 0 0 0 0 0 0 0 0 0 0 0 0 
0
0 2 0 0 0 0 0 0 0 
0 0 0 2 2 2 0 1 0 0 0 0 0 0 1 0 1 2 0 0 1 0 0 0 0 0 0 0 0 0 0 0 0 0 1 0 0 0 0 0 0 0 0 0 0 0 0 0 0 0 0 2 0 0 0 0 1 0 1 0 0 0 2 0 0 0 0 0 0 0 0 0 0 0 0 0 0 0 0 0 0 
0 0 0 34 34 34 0 1 0 0 0 0 32 32 33 0 1 2 0 0 1 32 32 32 0 0 0 0 0 0 0 0 0 0 1 0 0 0 0 0 0 0 0 0 0 0 0 0 0 0 0 2 0 0 0 0 1 0 1 0 0 0 2 0 0 0 0 0 0 0 0 0 0 0 0 0 0 0 0 0 0 
0
0 2 0 0 0 0 0 0 0 
0 0 0 2 2 2 0 1 0 0 0 0 0 0 1 0 1 2 0 0 1 0 0 0 0 0 0 0 0 0 2 0 0 0 1 0 0 0 0 0 0 0 0 0 0 0 0 0 0 0 0 2 0 0 0 0 1 0 1 0 0 0 2 0 0 0 0 0 0 0 0 0 0 0 0 0 0 0 0 0 0 
0 0 0 34 34 34 0 1 0 0 0 0 32 32 33 0 1 2 0 0 1 32 32 32 0 0 0 0 0 0 2 0 0 0 1 0 0 0 0 0 0 0 0 0 0 0 0 0 0 0 0 2 0 0 0 0 1 0 1 0 0 0 2 0 0 0 0 0 0 0 0 0 0 0 0 0 0 0 0 0 0 
0
0 2 0 0 0 0 0 0 0 
1 0 0 2 2 2 0 1 0 0 0 0 0 0 1 0 1 2 0 0 1 0 0 0 0 0 0 0 0 0 2 0 0 0 1 0 0 0 0 0 0 0 0 0 0 0 0 0 0 0 0 2 0 0 0 0 1 0 1 0 0 0 2 0 0 0 0 0 0 0 0 0 0 0 0 0 0 0 0 0 0 
1 0 0 34 34 34 0 1 0 0 0 0 32 32 33 0 1 2 0 0 1 32 32 32 0 0 0 0 0 0 2 0 0 0 1 0 0 0 0 0 0 0 0 0 0 0 0 0 0 0 0 2 0 0 0 0 1 0 1 0 0 0 2 0 0 0 0 0 0 0 0 0 0 0 0 0 0 0 0 0 0 
0
0 2 0 0 0 0 0 0 0 
1 0 0 2 2 2 0 1 0 0 2 0 0 0 1 0 1 2 0 0 1 0 0 0 0 0 0 0 0 0 2 0 0 0 1 0 0 0 0 0 0 0 0 0 0 0 0 0 0 0 0 2 0 0 0 0 1 0 1 0 0 0 2 0 0 0 0 0 0 0 0 0 0 0 0 0 0 0 0 0 0 
1 0 0 34 34 34 0 1 0 0 2 0 32 32 33 0 1 2 0 0 1 32 32 32 0 0 0 0 0 0 2 0 0 0 1 0 0 0 0 0 0 0 0 0 0 0 0 0 0 0 0 2 0 0 0 0 1 0 1 0 0 0 2 0 0 0 0 0 0 0 0 0 0 0 0 0 0 0 0 0 0 
0
0 2 0 0 0 0 0 0 0 
1 0 0 2 2 2 0 1 0 0 2 0 0 0 1 0 1 2 0 0 1 0 0 0 0 0 0 0 0 0 2 0 0 0 1 0 0 0 0 0 0 0 0 0 0 0 0 0 0 1 0 2 0 0 0 0 1 0 1 0 0 0 2 0 0 0 0 0 0 0 0 0 0 0 0 0 0 0 0 0 0 
1 0 0 34 34 34 0 1 0 0 2 0 32 32 33 0 1 2 0 0 1 32 32 32 0 0 0 0 0 0 2 0 0 0 1 0 0 0 0 0 0 0 0 0 0 0 0 0 0 1 0 2 0 0 0 0 1 0 1 0 0 0 2 0 0 0 0 0 0 0 0 0 0 0 0 0 0 0 0 0 0 
0
0 2 0 0 0 0 0 0 0 
1 0 0 2 2 2 0 1 0 0 2 0 0 0 1 0 1 2 0 0 1 0 0 0 0 0 0 0 0 0 2 0 0 0 1 0 0 0 0 0 0 0 0 0 0 0 0 0 0 1 0 2 0 0 0 0 1 0 1 0 0 0 2 0 0 0 0 0 0 0 0 0 0 0 0 2 0 0 0 0 0 
1 0 0 34 34 34 0 1 0 0 2 0 32 32 33 0 1 2 0 0 1 32 32 32 0 0 0 0 0 0 2 0 0 0 1 0 0 0 0 0 0 0 0 0 0 0 0 0 0 1 0 2 0 0 0 0 1 0 1 0 0 0 2 0 0 0 0 0 0 0 0 0 0 0 0 2 0 0 0 0 0 
0
0 2 0 0 0 0 0 0 0 
1 0 0 2 2 2 0 1 0 0 2 0 0 0 1 0 1 2 0 0 1 0 0 0 0 0 0 0 0 0 2 0 0 0 1 0 0 0 0 0 0 0 0 0 0 0 0 0 0 1 0 2 0 0 0 0 1 0 1 0 0 0 2 0 0 1 0 0 0 0 0 0 0 0 0 2 0 0 0 0 0 
1 0 0 34 34 34 0 1 0 0 2 0 32 32 33 0 1 2 0 0 1 32 32 32 0 0 0 0 0 0 2 0 0 0 1 0 0 0 0 0 0 0 0 0 0 0 0 0 0 1 0 2 0 0 0 0 1 0 1 0 0 0 2 0 0 1 0 0 0 0 0 0 0 0 0 2 0 0 0 0 0 
0
0 2 0 0 0 0 0 0 0 
1 0 0 2 2 2 0 1 0 0 2 0 0 0 1 0 1 2 0 0 1 0 0 0 0 0 0 0 0 0 2 0 0 0 1 0 0 0 0 0 0 0 2 0 0 0 0 0 0 1 0 2 0 0 0 0 1 0 1 0 0 0 2 0 0 1 0 0 0 0 0 0 0 0 0 2 0 0 0 0 0 
1 0 0 34 34 34 0 1 0 0 2 0 32 32 33 0 1 2 0 0 1 32 32 32 0 0 0 0 0 0 2 0 0 0 1 0 0 0 0 0 0 0 2 0 0 0 0 0 0 1 0 2 0 0 0 0 1 0 1 0 0 0 2 0 0 1 0 0 0 0 0 0 0 0 0 2 0 0 0 0 0 
0
0 2 0 0 0 0 0 0 0 
1 0 0 2 2 2 0 1 0 0 2 0 0 0 1 0 1 2 0 0 1 0 0 0 0 0 0 0 0 0 2 0 0 0 1 0 0 0 1 0 0 0 2 0 0 0 0 0 0 1 0 2 0 0 0 0 1 0 1 0 0 0 2 0 0 1 0 0 0 0 0 0 0 0 0 2 0 0 0 0 0 
1 0 0 34 34 34 0 1 0 0 2 0 32 32 33 0 1 2 0 0 1 32 32 32 0 0 0 0 0 0 2 0 0 0 1 0 0 0 1 0 0 0 2 0 0 0 0 0 0 1 0 2 0 0 0 0 1 0 1 0 0 0 2 0 0 1 0 0 0 0 0 0 0 0 0 2 0 0 0 0 0 
0
0 2 0 0 0 2 0 0 0 
1 0 0 2 2 2 0 1 0 0 2 0 0 0 1 0 1 2 0 0 1 0 0 0 0 0 0 0 0 0 2 0 0 2 1 0 0 0 1 0 0 0 2 0 0 0 0 0 0 1 0 2 0 0 0 0 1 0 1 0 0 0 2 0 0 1 0 0 0 0 0 0 0 0 0 2 0 0 0 0 0 
1 0 0 34 34 34 0 1 0 0 2 0 32 32 33 0 1 2 0 0 1 32 32 32 0 0 0 0 0 0 2 0 0 34 33 32 0 0 1 0 0 0 34 32 32 0 0 0 0 1 0 34 32 32 0 0 1 0 1 0 0 0 2 0 0 1 0 0 0 0 0 0 0 0 0 2 0 0 0 0 0 
0
0 2 0 0 0 2 0 0 0 
1 0 1 2 2 2 0 1 0 0 2 0 0 0 1 0 1 2 0 0 1 0 0 0 0 0 0 0 0 0 2 0 0 2 1 0 0 0 1 0 0 0 2 0 0 0 0 0 0 1 0 2 0 0 0 0 1 0 1 0 0 0 2 0 0 1 0 0 0 0 0 0 0 0 0 2 0 0 0 0 0 
1 0 1 34 34 34 0 1 0 0 2 0 32 32 33 0 1 2 0 0 1 32 32 32 0 0 0 0 0 0 2 0 0 34 33 32 0 0 1 0 0 0 34 32 32 0 0 0 0 1 0 34 32 32 0 0 1 0 1 0 0 0 2 0 0 1 0 0 0 0 0 0 0 0 0 2 0 0 0 0 0 
0
0 2 0 0 0 2 0 0 0 
1 0 1 2 2 2 0 1 0 0 2 0 0 0 1 0 1 2 0 0 1 0 0 0 0 0 2 0 0 0 2 0 0 2 1 0 0 0 1 0 0 0 2 0 0 0 0 0 0 1 0 2 0 0 0 0 1 0 1 0 0 0 2 0 0 1 0 0 0 0 0 0 0 0 0 2 0 0 0 0 0 
1 0 1 34 34 34 0 1 0 0 2 0 32 32 33 0 1 2 0 0 1 32 32 32 0 0 2 0 0 0 2 0 0 34 33 32 0 0 1 0 0 0 34 32 32 0 0 0 0 1 0 34 32 32 0 0 1 0 1 0 0 0 2 0 0 1 0 0 0 0 0 0 0 0 0 2 0 0 0 0 0 
0
0 2 0 0 0 2 0 0 0 
1 0 1 2 2 2 0 1 0 0 2 0 0 0 1 0 1 2 0 0 1 0 0 0 0 0 2 0 0 0 2 0 0 2 1 0 0 0 1 0 0 0 2 0 0 0 0 0 0 1 0 2 0 0 0 0 1 0 1 0 0 0 2 0 0 1 0 0 0 0 1 0 0 0 0 2 0 0 0 0 0 
1 0 1 34 34 34 0 1 0 0 2 0 32 32 33 0 1 2 0 0 1 32 32 32 0 0 2 0 0 0 2 0 0 34 33 32 0 0 1 0 0 0 34 32 32 0 0 0 0 1 0 34 32 32 0 0 1 0 1 0 0 0 2 0 0 1 0 0 0 0 1 0 0 0 0 2 0 0 0 0 0 
0
0 2 0 0 0 2 0 0 0 
1 0 1 2 2 2 0 1 0 0 2 0 0 0 1 0 1 2 0 0 1 0 0 0 0 0 2 0 0 0 2 0 0 2 1 0 0 0 1 0 0 0 2 0 0 0 0 0 0 1 2 2 0 0 0 0 1 0 1 0 0 0 2 0 0 1 0 0 0 0 1 0 0 0 0 2 0 0 0 0 0 
1 0 1 34 34 34 0 1 0 0 2 0 32 32 33 0 1 2 0 0 1 32 32 32 0 0 2 0 0 0 2 0 0 34 33 32 0 0 1 0 0 0 34 32 32 0 0 0 0 1 2 34 32 32 0 0 1 0 1 0 0 0 2 0 0 1 0 0 0 0 1 0 0 0 0 2 0 0 0 0 0 
0
0 2 0 0 0 2 0 0 0 
1 0 1 2 2 2 0 1 0 0 2 0 0 0 1 0 1 2 0 0 1 0 0 0 0 0 2 0 0 0 2 0 0 2 1 0 0 0 1 0 0 0 2 0 0 0 0 0 0 1 2 2 0 0 0 0 1 0 1 0 0 0 2 0 0 1 0 0 0 0 1 0 0 0 0 2 0 0 0 0 1 
1 0 1 34 34 34 0 1 0 0 2 0 32 32 33 0 1 2 0 0 1 32 32 32 0 0 2 0 0 0 2 0 0 34 33 32 0 0 1 0 0 0 34 32 32 0 0 0 0 1 2 34 32 32 0 0 1 0 1 0 0 0 2 0 0 1 0 0 0 0 1 0 0 0 0 2 0 0 0 0 1 
0
0 2 0 0 0 2 0 0 0 
1 0 1 2 2 2 0 1 0 0 2 0 0 0 1 0 1 2 0 0 1 0 0 0 0 0 2 0 0 0 2 0 0 2 1 0 0 0 1 0 0 0 2 0 0 0 0 0 0 1 2 2 0 0 0 0 1 0 1 0 2 0 2 0 0 1 0 0 0 0 1 0 0 0 0 2 0 0 0 0 1 
1 0 1 34 34 34 0 1 0 0 2 0 32 32 33 0 1 2 0 0 1 32 32 32 0 0 2 0 0 0 2 0 0 34 33 32 0 0 1 0 0 0 34 32 32 0 0 0 0 1 2 34 32 32 0 0 1 0 1 0 2 0 2 0 0 1 0 0 0 0 1 0 0 0 0 2 0 0 0 0 1 
0
1 2 0 0 0 2 0 0 0 
1 1 1 2 2 2 0 1 0 0 2 0 0 0 1 0 1 2 0 0 1 0 0 0 0 0 2 0 0 0 2 0 0 2 1 0 0 0 1 0 0 0 2 0 0 0 0 0 0 1 2 2 0 0 0 0 1 0 1 0 2 0 2 0 0 1 0 0 0 0 1 0 0 0 0 2 0 0 0 0 1 
17 17 17 34 34 34 0 1 0 16 18 16 32 32 33 0 1 2 16 16 17 32 32 32 0 0 2 0 0 0 2 0 0 34 33 32 0 0 1 0 0 0 34 32 32 0 0 0 0 1 2 34 32 32 0 0 1 0 1 0 2 0 2 0 0 1 0 0 0 0 1 0 0 0 0 2 0 0 0 0 1 
0
1 2 0 0 0 2 0 0 0 
1 1 1 2 2 2 0 1 0 0 2 0 0 0 1 0 1 2 0 0 1 0 0 0 0 0 2 0 0 0 2 0 0 2 1 0 0 0 1 0 0 0 2 0 0 0 0 0 0 1 2 2 0 0 0 0 1 0 1 0 2 0 2 0 0 1 0 0 0 0 1 0 0 0 2 2 0 0 0 0 1 
17 17 17 34 34 34 0 1 0 16 18 16 32 32 33 0 1 2 16 16 17 32 32 32 0 0 2 0 0 0 2 0 0 34 33 32 0 0 1 0 0 0 34 32 32 0 0 0 0 1 2 34 32 32 0 0 1 0 1 0 2 0 2 0 0 1 0 0 0 0 1 0 0 0 2 2 0 0 0 0 1 
0
1 2 0 0 0 2 0 0 0 
1 1 1 2 2 2 0 1 0 0 2 0 0 0 1 0 1 2 0 0 1 0 0 0 0 0 2 0 0 0 2 0 0 2 1 0 0 0 1 0 0 0 2 0 0 0 0 0 0 1 2 2 0 0 0 0 1 0 1 0 2 0 2 0 0 1 0 0 0 0 1 0 0 0 2 2 0 0 0 1 1 
17 17 17 34 34 34 0 1 0 16 18 16 32 32 33 0 1 2 16 16 17 32 32 32 0 0 2 0 0 0 2 0 0 34 33 32 0 0 1 0 0 0 34 32 32 0 0 0 0 1 2 34 32 32 0 0 1 0 1 0 2 0 2 0 0 1 0 0 0 0 1 0 0 0 2 2 0 0 0 1 1 
0
1 2 0 0 0 2 0 0 0 
1 1 1 2 2 2 0 1 0 0 2 0 0 0 1 0 1 2 0 0 1 0 0 0 0 0 2 0 0 0 2 0 0 2 1 0 0 0 1 0 0 0 2 0 0 0 0 0 0 1 2 2 0 0 0 0 1 0 1 2 2 0 2 0 0 1 0 0 0 0 1 0 0 0 2 2 0 0 0 1 1 
17 17 17 34 34 34 0 1 0 16 18 16 32 32 33 0 1 2 16 16 17 32 32 32 0 0 2 0 0 0 2 0 0 34 33 32 0 0 1 0 0 0 34 32 32 0 0 0 0 1 2 34 32 32 0 0 1 0 1 2 2 0 2 0 0 1 0 0 0 0 1 0 0 0 2 2 0 0 0 1 1 
0
1 2 0 0 0 2 0 0 0 
1 1 1 2 2 2 0 1 1 0 2 0 0 0 1 0 1 2 0 0 1 0 0 0 0 0 2 0 0 0 2 0 0 2 1 0 0 0 1 0 0 0 2 0 0 0 0 0 0 1 2 2 0 0 0 0 1 0 1 2 2 0 2 0 0 1 0 0 0 0 1 0 0 0 2 2 0 0 0 1 1 
17 17 17 34 34 34 0 1 1 16 18 16 32 32 33 0 1 2 16 16 17 32 32 32 0 0 2 0 0 0 2 0 0 34 33 32 0 0 1 0 0 0 34 32 32 0 0 0 0 1 2 34 32 32 0 0 1 0 1 2 2 0 2 0 0 1 0 0 0 0 1 0 0 0 2 2 0 0 0 1 1 
0
1 2 0 0 0 2 0 0 0 
1 1 1 2 2 2 0 1 1 0 2 0 0 0 1 0 1 2 0 0 1 0 0 0 2 0 2 0 0 0 2 0 0 2 1 0 0 0 1 0 0 0 2 0 0 0 0 0 0 1 2 2 0 0 0 0 1 0 1 2 2 0 2 0 0 1 0 0 0 0 1 0 0 0 2 2 0 0 0 1 1 
17 17 17 34 34 34 0 1 1 16 18 16 32 32 33 0 1 2 16 16 17 32 32 32 2 0 2 0 0 0 2 0 0 34 33 32 0 0 1 0 0 0 34 32 32 0 0 0 0 1 2 34 32 32 0 0 1 0 1 2 2 0 2 0 0 1 0 0 0 0 1 0 0 0 2 2 0 0 0 1 1 
0
1 2 0 0 0 2 0 0 0 
1 1 1 2 2 2 0 1 1 0 2 0 0 0 1 0 1 2 0 0 1 0 0 0 2 0 2 0 0 0 2 0 0 2 1 0 0 0 1 0 0 0 2 0 0 0 0 0 0 1 2 2 0 0 0 0 1 0 1 2 2 0 2 0 1 1 0 0 0 0 1 0 0 0 2 2 0 0 0 1 1 
17 17 17 34 34 34 0 1 1 16 18 16 32 32 33 0 1 2 16 16 17 32 32 32 2 0 2 0 0 0 2 0 0 34 33 32 0 0 1 0 0 0 34 32 32 0 0 0 0 1 2 34 32 32 0 0 1 0 1 2 2 0 2 0 1 1 0 0 0 0 1 0 0 0 2 2 0 0 0 1 1 
0
1 2 0 0 0 2 0 0 0 
1 1 1 2 2 2 0 1 1 0 2 0 0 0 1 0 1 2 0 0 1 0 0 0 2 0 2 0 0 0 2 0 2 2 1 0 0 0 1 0 0 0 2 0 0 0 0 0 0 1 2 2 0 0 0 0 1 0 1 2 2 0 2 0 1 1 0 0 0 0 1 0 0 0 2 2 0 0 0 1 1 
17 17 17 34 34 34 0 1 1 16 18 16 32 32 33 0 1 2 16 16 17 32 32 32 2 0 2 0 0 0 2 0 2 34 33 32 0 0 1 0 0 0 34 32 32 0 0 0 0 1 2 34 32 32 0 0 1 0 1 2 2 0 2 0 1 1 0 0 0 0 1 0 0 0 2 2 0 0 0 1 1 
0
1 2 1 0 0 2 0 0 0 
1 1 1 2 2 2 0 1 1 0 2 0 0 0 1 0 1 2 0 0 1 0 0 0 2 1 2 0 0 0 2 0 2 2 1 0 0 0 1 0 0 0 2 0 0 0 0 0 0 1 2 2 0 0 0 0 1 0 1 2 2 0 2 0 1 1 0 0 0 0 1 0 0 0 2 2 0 0 0 1 1 
17 17 17 34 34 34 16 17 17 16 18 16 32 32 33 16 17 18 16 16 17 32 32 32 18 17 18 0 0 0 2 0 2 34 33 32 0 0 1 0 0 0 34 32 32 0 0 0 0 1 2 34 32 32 0 0 1 0 1 2 2 0 2 0 1 1 0 0 0 0 1 0 0 0 2 2 0 0 0 1 1 
0
1 2 1 0 0 2 0 2 0 
1 1 1 2 2 2 0 1 1 0 2 0 0 0 1 0 1 2 0 0 1 0 0 0 2 1 2 0 0 0 2 0 2 2 1 0 0 0 1 0 0 0 2 0 0 0 0 0 0 1 2 2 0 0 0 0 1 0 1 2 2 0 2 0 1 1 0 2 0 0 1 0 0 0 2 2 0 0 0 1 1 
17 17 17 34 34 34 16 17 17 16 18 16 32 32 33 16 17 18 16 16 17 32 32 32 18 17 18 0 0 0 2 0 2 34 33 32 0 0 1 0 0 0 34 32 32 0 0 0 0 1 2 34 32 32 0 0 1 32 33 34 2 0 2 0 1 1 32 34 32 0 1 0 0 0 2 34 32 32 0 1 1 
0
1 2 1 0 0 2 0 2 0 
1 1 1 2 2 2 0 1 1 0 2 0 0 0 1 0 1 2 0 0 1 0 0 0 2 1 2 0 0 0 2 1 2 2 1 0 0 0 1 0 0 0 2 0 0 0 0 0 0 1 2 2 0 0 0 0 1 0 1 2 2 0 2 0 1 1 0 2 0 0 1 0 0 0 2 2 0 0 0 1 1 
17 17 17 34 34 34 16 17 17 16 18 16 32 32 33 16 17 18 16 16 17 32 32 32 18 17 18 0 0 0 2 1 2 34 33 32 0 0 1 0 0 0 34 32 32 0 0 0 0 1 2 34 32 32 0 0 1 32 33 34 2 0 2 0 1 1 32 34 32 0 1 0 0 0 2 34 32 32 0 1 1 
0
1 2 1 0 2 2 0 2 0 
1 1 1 2 2 2 0 1 1 0 2 0 0 0 1 0 1 2 0 0 1 0 0 0 2 1 2 0 0 0 2 1 2 2 1 0 0 0 1 0 2 0 2 0 0 0 0 0 0 1 2 2 0 0 0 0 1 0 1 2 2 0 2 0 1 1 0 2 0 0 1 0 0 0 2 2 0 0 0 1 1 
17 17 17 34 34 34 16 17 17 16 18 16 32 32 33 16 17 18 16 16 17 32 32 32 18 17 18 0 0 0 34 33 34 34 33 32 0 0 1 32 34 32 34 32 32 0 0 0 32 33 34 34 32 32 0 0 1 32 33 34 2 0 2 0 1 1 32 34 32 0 1 0 0 0 2 34 32 32 0 1 1 
0
1 2 1 0 2 2 0 2 0 
1 1 1 2 2 2 0 1 1 0 2 0 0 0 1 0 1 2 0 0 1 0 0 0 2 1 2 0 0 0 2 1 2 2 1 0 0 0 1 0 2 0 2 0 0 0 0 0 0 1 2 2 0 0 0 0 1 0 1 2 2 0 2 0 1 1 0 2 0 0 1 0 0 0 2 2 0 0 0 1 1 
17 17 17 34 34 34 16 17 17 16 18 16 32 32 33 16 17 18 16 16 17 32 32 32 18 17 18 0 0 0 34 33 34 34 33 32 0 0 1 32 34 32 34 32 32 0 0 0 32 33 34 34 32 32 0 0 1 32 33 34 2 0 2 0 1 1 32 34 32 0 1 0 0 0 2 34 32 32 0 1 1 
0
