0 0 0 0 0 0 0 0 0 
0 0 0 0 0 0 0 0 0 0 0 0 0 0 0 0 0 0 0 0 0 0 0 0 0 0 0 0 0 0 0 0 0 0 0 0 0 0 0 0 1 0 0 0 0 0 0 0 0 0 0 0 0 0 0 0 0 0 0 0 0 0 0 0 0 0 0 0 0 0 0 0 0 0 0 0 0 0 0 0 0 
0 0 0 0 0 0 0 0 0 0 0 0 0 0 0 0 0 0 0 0 0 0 0 0 0 0 0 0 0 0 0 0 0 0 0 0 0 0 0 0 1 0 0 0 0 0 0 0 0 0 0 0 0 0 0 0 0 0 0 0 0 0 0 0 0 0 0 0 0 0 0 0 0 0 0 0 0 0 0 0 0 
1
0 0 0 0 0 0 0 0 0 
0 0 0 0 0 0 0 0 0 0 0 0 0 0 0 0 0 0 0 0 0 0 0 0 0 0 0 0 0 0 0 0 0 0 0 0 0 0 0 0 1 0 0 0 0 0 0 0 2 0 0 0 0 0 0 0 0 0 0 0 0 0 0 0 0 0 0 0 0 0 0 0 0 0 0 0 0 0 0 0 0 
0 0 0 0 0 0 0 0 0 0 0 0 0 0 0 0 0 0 0 0 0 0 0 0 0 0 0 0 0 0 0 0 0 0 0 0 0 0 0 0 1 0 0 0 0 0 0 0 2 0 0 0 0 0 0 0 0 0 0 0 0 0 0 0 0 0 0 0 0 0 0 0 0 0 0 0 0 0 0 0 0 
1
0 0 0 0 0 0 0 0 0 
0 0 0 0 0 0 0 0 0 0 0 0 0 0 0 0 0 0 0 0 0 0 0 0 0 0 0 0 0 0 0 0 0 0 0 0 0 0 0 0 1 0 0 0 0 0 0 0 2 0 0 0 0 0 0 0 0 0 0 0 0 0 0 0 0 0 0 0 0 0 0 0 1 0 0 0 0 0 0 0 0 
0 0 0 0 0 0 0 0 0 0 0 0 0 0 0 0 0 0 0 0 0 0 0 0 0 0 0 0 0 0 0 0 0 0 0 0 0 0 0 0 1 0 0 0 0 0 0 0 2 0 0 0 0 0 0 0 0 0 0 0 0 0 0 0 0 0 0 0 0 0 0 0 1 0 0 0 0 0 0 0 0 
1
0 0 0 0 0 0 0 0 0 
0 0 0 0 0 0 0 0 0 0 0 0 0 0 0 0 0 0 0 0 0 0 0 0 0 0 0 0 0 0 0 0 0 0 0 0 0 0 0 0 1 0 0 0 0 0 0 0 2 0 0 0 0 0 0 2 0 0 0 0 0 0 0 0 0 0 0 0 0 0 0 0 1 0 0 0 0 0 0 0 0 
0 0 0 0 0 0 0 0 0 0 0 0 0 0 0 0 0 0 0 0 0 0 0 0 0 0 0 0 0 0 0 0 0 0 0 0 0 0 0 0 1 0 0 0 0 0 0 0 2 0 0 0 0 0 0 2 0 0 0 0 0 0 0 0 0 0 0 0 0 0 0 0 1 0 0 0 0 0 0 0 0 
1
0 0 0 0 0 0 0 0 0 
0 0 0 0 0 0 0 0 0 0 0 0 0 0 0 0 0 0 0 0 0 0 1 0 0 0 0 0 0 0 0 0 0 0 0 0 0 0 0 0 1 0 0 0 0 0 0 0 2 0 0 0 0 0 0 2 0 0 0 0 0 0 0 0 0 0 0 0 0 0 0 0 1 0 0 0 0 0 0 0 0 
0 0 0 0 0 0 0 0 0 0 0 0 0 0 0 0 0 0 0 0 0 0 1 0 0 0 0 0 0 0 0 0 0 0 0 0 0 0 0 0 1 0 0 0 0 0 0 0 2 0 0 0 0 0 0 2 0 0 0 0 0 0 0 0 0 0 0 0 0 0 0 0 1 0 0 0 0 0 0 0 0 
1
0 0 0 0 0 0 0 0 0 
0 0 0 0 0 0 0 0 0 0 0 0 0 0 0 0 0 0 0 0 0 0 1 0 0 0 0 0 0 0 0 0 0 0 0 0 0 0 0 0 1 0 0 0 0 0 0 0 2 0 0 0 0 0 0 2 0 0 2 0 0 0 0 0 0 0 0 0 0 0 0 0 1 0 0 0 0 0 0 0 0 
0 0 0 0 0 0 0 0 0 0 0 0 0 0 0 0 0 0 0 0 0 0 1 0 0 0 0 0 0 0 0 0 0 0 0 0 0 0 0 0 1 0 0 0 0 0 0 0 2 0 0 0 0 0 0 2 0 0 2 0 0 0 0 0 0 0 0 0 0 0 0 0 1 0 0 0 0 0 0 0 0 
1
0 0 0 0 0 0 0 0 0 
0 0 0 0 1 0 0 0 0 0 0 0 0 0 0 0 0 0 0 0 0 0 1 0 0 0 0 0 0 0 0 0 0 0 0 0 0 0 0 0 1 0 0 0 0 0 0 0 2 0 0 0 0 0 0 2 0 0 2 0 0 0 0 0 0 0 0 0 0 0 0 0 1 0 0 0 0 0 0 0 0 
0 0 0 0 1 0 0 0 0 0 0 0 0 0 0 0 0 0 0 0 0 0 1 0 0 0 0 0 0 0 0 0 0 0 0 0 0 0 0 0 1 0 0 0 0 0 0 0 2 0 0 0 0 0 0 2 0 0 2 0 0 0 0 0 0 0 0 0 0 0 0 0 1 0 0 0 0 0 0 0 0 
1
0 0 0 0 0 0 0 0 0 
0 0 0 0 1 0 0 0 0 0 0 0 2 0 0 0 0 0 0 0 0 0 1 0 0 0 0 0 0 0 0 0 0 0 0 0 0 0 0 0 1 0 0 0 0 0 0 0 2 0 0 0 0 0 0 2 0 0 2 0 0 0 0 0 0 0 0 0 0 0 0 0 1 0 0 0 0 0 0 0 0 
0 0 0 0 1 0 0 0 0 0 0 0 2 0 0 0 0 0 0 0 0 0 1 0 0 0 0 0 0 0 0 0 0 0 0 0 0 0 0 0 1 0 0 0 0 0 0 0 2 0 0 0 0 0 0 2 0 0 2 0 0 0 0 0 0 0 0 0 0 0 0 0 1 0 0 0 0 0 0 0 0 
1
0 0 0 0 0 0 0 0 0 
0 0 0 0 1 0 0 0 0 0 0 0 2 0 0 0 0 0 0 0 0 0 1 0 0 0 0 0 0 0 0 0 0 0 0 0 0 0 1 0 1 0 0 0 0 0 0 0 2 0 0 0 0 0 0 2 0 0 2 0 0 0 0 0 0 0 0 0 0 0 0 0 1 0 0 0 0 0 0 0 0 
0 0 0 0 1 0 0 0 0 0 0 0 2 0 0 0 0 0 0 0 0 0 1 0 0 0 0 0 0 0 0 0 0 0 0 0 0 0 1 0 1 0 0 0 0 0 0 0 2 0 0 0 0 0 0 2 0 0 2 0 0 0 0 0 0 0 0 0 0 0 0 0 1 0 0 0 0 0 0 0 0 
1
0 0 0 0 0 0 0 0 0 
0 0 0 0 1 0 0 0 0 0 0 0 2 0 0 0 0 0 0 0 0 0 1 0 0 0 0 0 0 0 0 0 0 0 0 0 0 0 1 0 1 0 2 0 0 0 0 0 2 0 0 0 0 0 0 2 0 0 2 0 0 0 0 0 0 0 0 0 0 0 0 0 1 0 0 0 0 0 0 0 0 
0 0 0 0 1 0 0 0 0 0 0 0 2 0 0 0 0 0 0 0 0 0 1 0 0 0 0 0 0 0 0 0 0 0 0 0 0 0 1 0 1 0 2 0 0 0 0 0 2 0 0 0 0 0 0 2 0 0 2 0 0 0 0 0 0 0 0 0 0 0 0 0 1 0 0 0 0 0 0 0 0 
1
0 0 0 0 0 0 0 0 0 
0 0 0 0 1 0 0 0 0 0 0 0 2 0 0 0 0 0 0 0 0 0 1 0 0 0 0 0 0 0 0 0 0 0 0 0 1 0 1 0 1 0 2 0 0 0 0 0 2 0 0 0 0 0 0 2 0 0 2 0 0 0 0 0 0 0 0 0 0 0 0 0 1 0 0 0 0 0 0 0 0 
0 0 0 0 1 0 0 0 0 0 0 0 2 0 0 0 0 0 0 0 0 0 1 0 0 0 0 0 0 0 0 0 0 0 0 0 1 0 1 0 1 0 2 0 0 0 0 0 2 0 0 0 0 0 0 2 0 0 2 0 0 0 0 0 0 0 0 0 0 0 0 0 1 0 0 0 0 0 0 0 0 
1
0 0 0 0 0 0 0 0 0 
0 0 0 0 1 0 0 0 0 0 0 0 2 0 0 0 0 0 0 0 0 0 1 0 0 0 0 0 2 0 0 0 0 0 0 0 1 0 1 0 1 0 2 0 0 0 0 0 2 0 0 0 0 0 0 2 0 0 2 0 0 0 0 0 0 0 0 0 0 0 0 0 1 0 0 0 0 0 0 0 0 
0 0 0 0 1 0 0 0 0 0 0 0 2 0 0 0 0 0 0 0 0 0 1 0 0 0 0 0 2 0 0 0 0 0 0 0 1 0 1 0 1 0 2 0 0 0 0 0 2 0 0 0 0 0 0 2 0 0 2 0 0 0 0 0 0 0 0 0 0 0 0 0 1 0 0 0 0 0 0 0 0 
1
0 1 0 0 0 0 0 0 0 
0 0 0 0 1 0 0 0 0 0 0 0 2 1 0 0 0 0 0 0 0 0 1 0 0 0 0 0 2 0 0 0 0 0 0 0 1 0 1 0 1 0 2 0 0 0 0 0 2 0 0 0 0 0 0 2 0 0 2 0 0 0 0 0 0 0 0 0 0 0 0 0 1 0 0 0 0 0 0 0 0 
0 0 0 16 17 16 0 0 0 0 0 0 18 17 16 0 0 0 0 0 0 16 17 16 0 0 0 0 2 0 0 0 0 0 0 0 1 0 1 0 1 0 2 0 0 0 0 0 2 0 0 0 0 0 0 2 0 0 2 0 0 0 0 0 0 0 0 0 0 0 0 0 1 0 0 0 0 0 0 0 0 
1
0 1 0 0 0 0 0 0 0 
0 0 0 0 1 0 0 0 0 0 0 0 2 1 0 0 0 0 0 0 0 0 1 0 0 0 0 0 2 0 0 0 0 0 0 0 1 0 1 0 1 0 2 0 0 0 0 0 2 0 2 0 0 0 0 2 0 0 2 0 0 0 0 0 0 0 0 0 0 0 0 0 1 0 0 0 0 0 0 0 0 
0 0 0 16 17 16 0 0 0 0 0 0 18 17 16 0 0 0 0 0 0 16 17 16 0 0 0 0 2 0 0 0 0 0 0 0 1 0 1 0 1 0 2 0 0 0 0 0 2 0 2 0 0 0 0 2 0 0 2 0 0 0 0 0 0 0 0 0 0 0 0 0 1 0 0 0 0 0 0 0 0 
1
0 1 0 0 0 0 0 0 0 
0 0 0 0 1 0 0 0 0 0 0 0 2 1 0 0 0 0 0 0 0 0 1 0 0 0 0 0 2 0 0 0 0 0 0 0 1 0 1 0 1 0 2 0 0 0 0 0 2 0 2 0 0 0 0 2 0 0 2 0 0 0 0 0 0 0 0 0 0 0 0 0 1 0 0 0 0 0 0 0 1 
0 0 0 16 17 16 0 0 0 0 0 0 18 17 16 0 0 0 0 0 0 16 17 16 0 0 0 0 2 0 0 0 0 0 0 0 1 0 1 0 1 0 2 0 0 0 0 0 2 0 2 0 0 0 0 2 0 0 2 0 0 0 0 0 0 0 0 0 0 0 0 0 1 0 0 0 0 0 0 0 1 
1
0 1 0 0 0 0 0 0 0 
0 0 0 0 1 0 0 0 0 0 0 0 2 1 0 0 0 0 0 0 0 0 1 0 0 0 0 0 2 0 0 0 0 0 0 0 1 0 1 0 1 0 2 0 0 0 0 0 2 0 2 0 0 0 0 2 0 0 2 0 0 0 0 0 0 0 0 0 0 2 0 0 1 0 0 0 0 0 0 0 1 
0 0 0 16 17 16 0 0 0 0 0 0 18 17 16 0 0 0 0 0 0 16 17 16 0 0 0 0 2 0 0 0 0 0 0 0 1 0 1 0 1 0 2 0 0 0 0 0 2 0 2 0 0 0 0 2 0 0 2 0 0 0 0 0 0 0 0 0 0 2 0 0 1 0 0 0 0 0 0 0 1 
1
0 1 0 0 0 0 0 0 0 
0 0 0 0 1 0 0 0 0 0 0 0 2 1 0 0 0 0 0 0 0 0 1 0 0 0 0 0 2 1 0 0 0 0 0 0 1 0 1 0 1 0 2 0 0 0 0 0 2 0 2 0 0 0 0 2 0 0 2 0 0 0 0 0 0 0 0 0 0 2 0 0 1 0 0 0 0 0 0 0 1 
0 0 0 16 17 16 0 0 0 0 0 0 18 17 16 0 0 0 0 0 0 16 17 16 0 0 0 0 2 1 0 0 0 0 0 0 1 0 1 0 1 0 2 0 0 0 0 0 2 0 2 0 0 0 0 2 0 0 2 0 0 0 0 0 0 0 0 0 0 2 0 0 1 0 0 0 0 0 0 0 1 
1
0 1 0 0 0 0 0 0 0 
0 0 0 0 1 0 0 0 0 0 0 0 2 1 0 0 0 2 0 0 0 0 1 0 0 0 0 0 2 1 0 0 0 0 0 0 1 0 1 0 1 0 2 0 0 0 0 0 2 0 2 0 0 0 0 2 0 0 2 0 0 0 0 0 0 0 0 0 0 2 0 0 1 0 0 0 0 0 0 0 1 
0 0 0 16 17 16 0 0 0 0 0 0 18 17 16 0 0 2 0 0 0 16 17 16 0 0 0 0 2 1 0 0 0 0 0 0 1 0 1 0 1 0 2 0 0 0 0 0 2 0 2 0 0 0 0 2 0 0 2 0 0 0 0 0 0 0 0 0 0 2 0 0 1 0 0 0 0 0 0 0 1 
1
0 1 0 0 0 0 0 0 0 
0 0 0 0 1 0 0 0 0 0 0 0 2 1 0 0 0 2 0 0 0 0 1 0 0 0 0 0 2 1 0 0 0 0 0 1 1 0 1 0 1 0 2 0 0 0 0 0 2 0 2 0 0 0 0 2 0 0 2 0 0 0 0 0 0 0 0 0 0 2 0 0 1 0 0 0 0 0 0 0 1 
0 0 0 16 17 16 0 0 0 0 0 0 18 17 16 0 0 2 0 0 0 16 17 16 0 0 0 0 2 1 0 0 0 0 0 1 1 0 1 0 1 0 2 0 0 0 0 0 2 0 2 0 0 0 0 2 0 0 2 0 0 0 0 0 0 0 0 0 0 2 0 0 1 0 0 0 0 0 0 0 1 
1
0 1 0 0 0 0 0 0 0 
0 0 0 0 1 0 0 0 2 0 0 0 2 1 0 0 0 2 0 0 0 0 1 0 0 0 0 0 2 1 0 0 0 0 0 1 1 0 1 0 1 0 2 0 0 0 0 0 2 0 2 0 0 0 0 2 0 0 2 0 0 0 0 0 0 0 0 0 0 2 0 0 1 0 0 0 0 0 0 0 1 
0 0 0 16 17 16 0 0 2 0 0 0 18 17 16 0 0 2 0 0 0 16 17 16 0 0 0 0 2 1 0 0 0 0 0 1 1 0 1 0 1 0 2 0 0 0 0 0 2 0 2 0 0 0 0 2 0 0 2 0 0 0 0 0 0 0 0 0 0 2 0 0 1 0 0 0 0 0 0 0 1 
1
0 1 0 0 0 0 0 0 0 
0 0 0 0 1 0 0 0 2 0 0 0 2 1 0 0 0 2 0 0 0 0 1 0 0 0 1 0 2 1 0 0 0 0 0 1 1 0 1 0 1 0 2 0 0 0 0 0 2 0 2 0 0 0 0 2 0 0 2 0 0 0 0 0 0 0 0 0 0 2 0 0 1 0 0 0 0 0 0 0 1 
0 0 0 16 17 16 0 0 2 0 0 0 18 17 16 0 0 2 0 0 0 16 17 16 0 0 1 0 2 1 0 0 0 0 0 1 1 0 1 0 1 0 2 0 0 0 0 0 2 0 2 0 0 0 0 2 0 0 2 0 0 0 0 0 0 0 0 0 0 2 0 0 1 0 0 0 0 0 0 0 1 
1
0 1 0 0 0 0 0 0 0 
0 0 0 0 1 0 0 0 2 0 0 0 2 1 0 0 0 2 0 0 0 0 1 0 0 0 1 0 2 1 0 0 0 0 0 1 1 0 1 0 1 0 2 0 0 0 0 0 2 0 2 0 0 0 0 2 0 0 2 0 0 0 0 0 0 0 0 0 0 2 0 2 1 0 0 0 0 0 0 0 1 
0 0 0 16 17 16 0 0 2 0 0 0 18 17 16 0 0 2 0 0 0 16 17 16 0 0 1 0 2 1 0 0 0 0 0 1 1 0 1 0 1 0 2 0 0 0 0 0 2 0 2 0 0 0 0 2 0 0 2 0 0 0 0 0 0 0 0 0 0 2 0 2 1 0 0 0 0 0 0 0 1 
1
0 1 0 0 0 0 0 0 0 
0 0 0 0 1 0 0 0 2 0 0 0 2 1 0 0 0 2 0 0 0 0 1 0 0 0 1 0 2 1 0 0 0 1 0 1 1 0 1 0 1 0 2 0 0 0 0 0 2 0 2 0 0 0 0 2 0 0 2 0 0 0 0 0 0 0 0 0 0 2 0 2 1 0 0 0 0 0 0 0 1 
0 0 0 16 17 16 0 0 2 0 0 0 18 17 16 0 0 2 0 0 0 16 17 16 0 0 1 0 2 1 0 0 0 1 0 1 1 0 1 0 1 0 2 0 0 0 0 0 2 0 2 0 0 0 0 2 0 0 2 0 0 0 0 0 0 0 0 0 0 2 0 2 1 0 0 0 0 0 0 0 1 
1
0 1 0 0 0 0 0 0 0 
0 0 0 0 1 0 0 0 2 0 0 0 2 1 0 0 0 2 2 0 0 0 1 0 0 0 1 0 2 1 0 0 0 1 0 1 1 0 1 0 1 0 2 0 0 0 0 0 2 0 2 0 0 0 0 2 0 0 2 0 0 0 0 0 0 0 0 0 0 2 0 2 1 0 0 0 0 0 0 0 1 
0 0 0 16 17 16 0 0 2 0 0 0 18 17 16 0 0 2 2 0 0 16 17 16 0 0 1 0 2 1 0 0 0 1 0 1 1 0 1 0 1 0 2 0 0 0 0 0 2 0 2 0 0 0 0 2 0 0 2 0 0 0 0 0 0 0 0 0 0 2 0 2 1 0 0 0 0 0 0 0 1 
1
0 1 0 0 0 0 0 0 0 
0 0 0 0 1 0 0 0 2 0 0 0 2 1 0 0 0 2 2 0 0 0 1 0 0 0 1 0 2 1 0 0 0 1 0 1 1 0 1 0 1 0 2 0 0 0 0 0 2 0 2 0 0 0 0 2 1 0 2 0 0 0 0 0 0 0 0 0 0 2 0 2 1 0 0 0 0 0 0 0 1 
0 0 0 16 17 16 0 0 2 0 0 0 18 17 16 0 0 2 2 0 0 16 17 16 0 0 1 0 2 1 0 0 0 1 0 1 1 0 1 0 1 0 2 0 0 0 0 0 2 0 2 0 0 0 0 2 1 0 2 0 0 0 0 0 0 0 0 0 0 2 0 2 1 0 0 0 0 0 0 0 1 
1
0 1 0 0 0 0 0 0 0 
0 0 0 0 1 0 0 0 2 0 0 0 2 1 0 0 0 2 2 0 0 0 1 0 2 0 1 0 2 1 0 0 0 1 0 1 1 0 1 0 1 0 2 0 0 0 0 0 2 0 2 0 0 0 0 2 1 0 2 0 0 0 0 0 0 0 0 0 0 2 0 2 1 0 0 0 0 0 0 0 1 
0 0 0 16 17 16 0 0 2 0 0 0 18 17 16 0 0 2 2 0 0 16 17 16 2 0 1 0 2 1 0 0 0 1 0 1 1 0 1 0 1 0 2 0 0 0 0 0 2 0 2 0 0 0 0 2 1 0 2 0 0 0 0 0 0 0 0 0 0 2 0 2 1 0 0 0 0 0 0 0 1 
1
0 1 0 0 0 0 0 0 0 
0 0 0 0 1 0 0 0 2 0 0 0 2 1 0 0 0 2 2 0 0 0 1 0 2 0 1 0 2 1 0 0 0 1 0 1 1 0 1 0 1 0 2 0 0 0 0 0 2 0 2 0 0 0 0 2 1 0 2 0 0 0 0 0 0 0 0 0 0 2 0 2 1 0 1 0 0 0 0 0 1 
0 0 0 16 17 16 0 0 2 0 0 0 18 17 16 0 0 2 2 0 0 16 17 16 2 0 1 0 2 1 0 0 0 1 0 1 1 0 1 0 1 0 2 0 0 0 0 0 2 0 2 0 0 0 0 2 1 0 2 0 0 0 0 0 0 0 0 0 0 2 0 2 1 0 1 0 0 0 0 0 1 
1
0 1 0 0 0 0 0 0 0 
0 0 0 0 1 0 0 0 2 0 0 0 2 1 0 0 0 2 2 0 0 0 1 0 2 0 1 0 2 1 0 0 0 1 0 1 1 0 1 0 1 0 2 0 0 0 0 0 2 0 2 0 0 0 0 2 1 0 2 0 2 0 0 0 0 0 0 0 0 2 0 2 1 0 1 0 0 0 0 0 1 
0 0 0 16 17 16 0 0 2 0 0 0 18 17 16 0 0 2 2 0 0 16 17 16 2 0 1 0 2 1 0 0 0 1 0 1 1 0 1 0 1 0 2 0 0 0 0 0 2 0 2 0 0 0 0 2 1 0 2 0 2 0 0 0 0 0 0 0 0 2 0 2 1 0 1 0 0 0 0 0 1 
1
0 1 0 0 0 0 0 0 0 
0 0 1 0 1 0 0 0 2 0 0 0 2 1 0 0 0 2 2 0 0 0 1 0 2 0 1 0 2 1 0 0 0 1 0 1 1 0 1 0 1 0 2 0 0 0 0 0 2 0 2 0 0 0 0 2 1 0 2 0 2 0 0 0 0 0 0 0 0 2 0 2 1 0 1 0 0 0 0 0 1 
0 0 1 16 17 16 0 0 2 0 0 0 18 17 16 0 0 2 2 0 0 16 17 16 2 0 1 0 2 1 0 0 0 1 0 1 1 0 1 0 1 0 2 0 0 0 0 0 2 0 2 0 0 0 0 2 1 0 2 0 2 0 0 0 0 0 0 0 0 2 0 2 1 0 1 0 0 0 0 0 1 
1
0 1 0 0 0 0 0 0 0 
0 0 1 0 1 0 0 0 2 0 0 0 2 1 0 0 0 2 2 0 0 0 1 0 2 2 1 0 2 1 0 0 0 1 0 1 1 0 1 0 1 0 2 0 0 0 0 0 2 0 2 0 0 0 0 2 1 0 2 0 2 0 0 0 0 0 0 0 0 2 0 2 1 0 1 0 0 0 0 0 1 
0 0 1 16 17 16 0 0 2 0 0 0 18 17 16 0 0 2 2 0 0 16 17 16 2 2 1 0 2 1 0 0 0 1 0 1 1 0 1 0 1 0 2 0 0 0 0 0 2 0 2 0 0 0 0 2 1 0 2 0 2 0 0 0 0 0 0 0 0 2 0 2 1 0 1 0 0 0 0 0 1 
1
0 1 0 0 0 0 0 0 0 
0 0 1 0 1 0 0 0 2 0 0 0 2 1 0 0 0 2 2 0 0 0 1 0 2 2 1 0 2 1 0 0 0 1 0 1 1 0 1 0 1 0 2 0 0 0 0 0 2 0 2 0 0 0 0 2 1 0 2 0 2 0 0 0 0 0 0 0 0 2 0 2 1 0 1 0 1 0 0 0 1 
0 0 1 16 17 16 0 0 2 0 0 0 18 17 16 0 0 2 2 0 0 16 17 16 2 2 1 0 2 1 0 0 0 1 0 1 1 0 1 0 1 0 2 0 0 0 0 0 2 0 2 0 0 0 0 2 1 0 2 0 2 0 0 0 0 0 0 0 0 2 0 2 1 0 1 0 1 0 0 0 1 
1
0 1 0 0 0 0 0 0 0 
0 0 1 0 1 0 0 0 2 0 0 0 2 1 0 0 0 2 2 0 0 0 1 0 2 2 1 0 2 1 0 0 0 1 0 1 1 0 1 0 1 0 2 0 0 0 0 0 2 0 2 0 0 0 0 2 1 0 2 2 2 0 0 0 0 0 0 0 0 2 0 2 1 0 1 0 1 0 0 0 1 
0 0 1 16 17 16 0 0 2 0 0 0 18 17 16 0 0 2 2 0 0 16 17 16 2 2 1 0 2 1 0 0 0 1 0 1 1 0 1 0 1 0 2 0 0 0 0 0 2 0 2 0 0 0 0 2 1 0 2 2 2 0 0 0 0 0 0 0 0 2 0 2 1 0 1 0 1 0 0 0 1 
1
0 1 0 0 0 0 0 0 0 
0 0 1 0 1 0 0 0 2 0 0 0 2 1 0 1 0 2 2 0 0 0 1 0 2 2 1 0 2 1 0 0 0 1 0 1 1 0 1 0 1 0 2 0 0 0 0 0 2 0 2 0 0 0 0 2 1 0 2 2 2 0 0 0 0 0 0 0 0 2 0 2 1 0 1 0 1 0 0 0 1 
0 0 1 16 17 16 0 0 2 0 0 0 18 17 16 1 0 2 2 0 0 16 17 16 2 2 1 0 2 1 0 0 0 1 0 1 1 0 1 0 1 0 2 0 0 0 0 0 2 0 2 0 0 0 0 2 1 0 2 2 2 0 0 0 0 0 0 0 0 2 0 2 1 0 1 0 1 0 0 0 1 
1
0 1 0 0 0 0 0 0 0 
0 0 1 0 1 0 0 0 2 0 0 0 2 1 0 1 0 2 2 0 0 0 1 0 2 2 1 0 2 1 0 0 0 1 0 1 1 0 1 0 1 0 2 0 0 0 2 0 2 0 2 0 0 0 0 2 1 0 2 2 2 0 0 0 0 0 0 0 0 2 0 2 1 0 1 0 1 0 0 0 1 
0 0 1 16 17 16 0 0 2 0 0 0 18 17 16 1 0 2 2 0 0 16 17 16 2 2 1 0 2 1 0 0 0 1 0 1 1 0 1 0 1 0 2 0 0 0 2 0 2 0 2 0 0 0 0 2 1 0 2 2 2 0 0 0 0 0 0 0 0 2 0 2 1 0 1 0 1 0 0 0 1 
1
0 1 0 0 0 0 0 0 0 
0 0 1 0 1 0 0 0 2 0 0 0 2 1 0 1 0 2 2 0 0 0 1 0 2 2 1 0 2 1 0 0 0 1 0 1 1 0 1 0 1 0 2 0 0 0 2 0 2 0 2 0 0 0 0 2 1 1 2 2 2 0 0 0 0 0 0 0 0 2 0 2 1 0 1 0 1 0 0 0 1 
0 0 1 16 17 16 0 0 2 0 0 0 18 17 16 1 0 2 2 0 0 16 17 16 2 2 1 0 2 1 0 0 0 1 0 1 1 0 1 0 1 0 2 0 0 0 2 0 2 0 2 0 0 0 0 2 1 1 2 2 2 0 0 0 0 0 0 0 0 2 0 2 1 0 1 0 1 0 0 0 1 
1
0 1 0 0 0 0 0 0 0 
0 0 1 0 1 0 0 0 2 2 0 0 2 1 0 1 0 2 2 0 0 0 1 0 2 2 1 0 2 1 0 0 0 1 0 1 1 0 1 0 1 0 2 0 0 0 2 0 2 0 2 0 0 0 0 2 1 1 2 2 2 0 0 0 0 0 0 0 0 2 0 2 1 0 1 0 1 0 0 0 1 
0 0 1 16 17 16 0 0 2 2 0 0 18 17 16 1 0 2 2 0 0 16 17 16 2 2 1 0 2 1 0 0 0 1 0 1 1 0 1 0 1 0 2 0 0 0 2 0 2 0 2 0 0 0 0 2 1 1 2 2 2 0 0 0 0 0 0 0 0 2 0 2 1 0 1 0 1 0 0 0 1 
1
0 1 0 1 0 0 0 0 0 
0 0 1 0 1 0 0 0 2 2 0 0 2 1 0 1 0 2 2 0 0 0 1 0 2 2 1 0 2 1 0 0 0 1 0 1 1 0 1 0 1 0 2 0 0 0 2 1 2 0 2 0 0 0 0 2 1 1 2 2 2 0 0 0 0 0 0 0 0 2 0 2 1 0 1 0 1 0 0 0 1 
0 0 1 16 17 16 0 0 2 2 0 0 18 17 16 1 0 2 2 0 0 16 17 16 2 2 1 16 18 17 0 0 0 1 0 1 17 16 17 0 1 0 2 0 0 16 18 17 2 0 2 0 0 0 0 2 1 1 2 2 2 0 0 0 0 0 0 0 0 2 0 2 1 0 1 0 1 0 0 0 1 
1
0 1 0 1 0 0 0 0 0 
0 0 1 0 1 0 0 0 2 2 0 0 2 1 0 1 0 2 2 0 0 0 1 0 2 2 1 0 2 1 0 0 0 1 0 1 1 0 1 0 1 0 2 0 0 0 2 1 2 0 2 0 0 0 0 2 1 1 2 2 2 0 2 0 0 0 0 0 0 2 0 2 1 0 1 0 1 0 0 0 1 
0 0 1 16 17 16 0 0 2 2 0 0 18 17 16 1 0 2 2 0 0 16 17 16 2 2 1 16 18 17 0 0 0 1 0 1 17 16 17 0 1 0 2 0 0 16 18 17 2 0 2 0 0 0 0 2 1 1 2 2 2 0 2 0 0 0 0 0 0 2 0 2 1 0 1 0 1 0 0 0 1 
1
0 1 0 1 0 0 0 0 0 
0 0 1 0 1 0 1 0 2 2 0 0 2 1 0 1 0 2 2 0 0 0 1 0 2 2 1 0 2 1 0 0 0 1 0 1 1 0 1 0 1 0 2 0 0 0 2 1 2 0 2 0 0 0 0 2 1 1 2 2 2 0 2 0 0 0 0 0 0 2 0 2 1 0 1 0 1 0 0 0 1 
0 0 1 16 17 16 1 0 2 2 0 0 18 17 16 1 0 2 2 0 0 16 17 16 2 2 1 16 18 17 0 0 0 1 0 1 17 16 17 0 1 0 2 0 0 16 18 17 2 0 2 0 0 0 0 2 1 1 2 2 2 0 2 0 0 0 0 0 0 2 0 2 1 0 1 0 1 0 0 0 1 
1
0 1 0 1 0 0 0 0 0 
0 0 1 0 1 0 1 0 2 2 0 0 2 1 0 1 0 2 2 2 0 0 1 0 2 2 1 0 2 1 0 0 0 1 0 1 1 0 1 0 1 0 2 0 0 0 2 1 2 0 2 0 0 0 0 2 1 1 2 2 2 0 2 0 0 0 0 0 0 2 0 2 1 0 1 0 1 0 0 0 1 
0 0 1 16 17 16 1 0 2 2 0 0 18 17 16 1 0 2 2 2 0 16 17 16 2 2 1 16 18 17 0 0 0 1 0 1 17 16 17 0 1 0 2 0 0 16 18 17 2 0 2 0 0 0 0 2 1 1 2 2 2 0 2 0 0 0 0 0 0 2 0 2 1 0 1 0 1 0 0 0 1 
1
0 1 0 1 0 0 0 0 0 
0 0 1 0 1 0 1 0 2 2 0 0 2 1 0 1 0 2 2 2 0 0 1 0 2 2 1 0 2 1 0 0 0 1 0 1 1 0 1 0 1 0 2 0 0 0 2 1 2 0 2 0 0 0 0 2 1 1 2 2 2 0 2 0 0 0 0 0 1 2 0 2 1 0 1 0 1 0 0 0 1 
0 0 1 16 17 16 1 0 2 2 0 0 18 17 16 1 0 2 2 2 0 16 17 16 2 2 1 16 18 17 0 0 0 1 0 1 17 16 17 0 1 0 2 0 0 16 18 17 2 0 2 0 0 0 0 2 1 1 2 2 2 0 2 0 0 0 0 0 1 2 0 2 1 0 1 0 1 0 0 0 1 
1
0 1 0 1 0 0 0 0 0 
0 0 1 0 1 0 1 0 2 2 0 0 2 1 0 1 0 2 2 2 0 0 1 0 2 2 1 0 2 1 0 0 0 1 0 1 1 0 1 0 1 0 2 0 2 0 2 1 2 0 2 0 0 0 0 2 1 1 2 2 2 0 2 0 0 0 0 0 1 2 0 2 1 0 1 0 1 0 0 0 1 
0 0 1 16 17 16 1 0 2 2 0 0 18 17 16 1 0 2 2 2 0 16 17 16 2 2 1 16 18 17 0 0 0 1 0 1 17 16 17 0 1 0 2 0 2 16 18 17 2 0 2 0 0 0 0 2 1 1 2 2 2 0 2 0 0 0 0 0 1 2 0 2 1 0 1 0 1 0 0 0 1 
1
0 1 0 1 0 0 0 0 0 
0 0 1 0 1 0 1 0 2 2 0 0 2 1 0 1 0 2 2 2 0 0 1 0 2 2 1 0 2 1 0 0 0 1 0 1 1 0 1 0 1 0 2 0 2 0 2 1 2 0 2 1 0 0 0 2 1 1 2 2 2 0 2 0 0 0 0 0 1 2 0 2 1 0 1 0 1 0 0 0 1 
0 0 1 16 17 16 1 0 2 2 0 0 18 17 16 1 0 2 2 2 0 16 17 16 2 2 1 16 18 17 0 0 0 1 0 1 17 16 17 0 1 0 2 0 2 16 18 17 2 0 2 1 0 0 0 2 1 1 2 2 2 0 2 0 0 0 0 0 1 2 0 2 1 0 1 0 1 0 0 0 1 
1
0 1 0 1 0 0 0 0 0 
0 0 1 0 1 0 1 0 2 2 0 0 2 1 0 1 0 2 2 2 0 0 1 0 2 2 1 0 2 1 0 0 0 1 0 1 1 0 1 0 1 0 2 0 2 0 2 1 2 0 2 1 0 0 0 2 1 1 2 2 2 0 2 0 0 2 0 0 1 2 0 2 1 0 1 0 1 0 0 0 1 
0 0 1 16 17 16 1 0 2 2 0 0 18 17 16 1 0 2 2 2 0 16 17 16 2 2 1 16 18 17 0 0 0 1 0 1 17 16 17 0 1 0 2 0 2 16 18 17 2 0 2 1 0 0 0 2 1 1 2 2 2 0 2 0 0 2 0 0 1 2 0 2 1 0 1 0 1 0 0 0 1 
1
0 1 0 1 0 0 0 0 0 
0 0 1 0 1 0 1 0 2 2 0 0 2 1 0 1 0 2 2 2 0 0 1 0 2 2 1 0 2 1 0 0 0 1 0 1 1 0 1 0 1 0 2 0 2 0 2 1 2 0 2 1 0 1 0 2 1 1 2 2 2 0 2 0 0 2 0 0 1 2 0 2 1 0 1 0 1 0 0 0 1 
0 0 1 16 17 16 1 0 2 2 0 0 18 17 16 1 0 2 2 2 0 16 17 16 2 2 1 16 18 17 0 0 0 1 0 1 17 16 17 0 1 0 2 0 2 16 18 17 2 0 2 1 0 1 0 2 1 1 2 2 2 0 2 0 0 2 0 0 1 2 0 2 1 0 1 0 1 0 0 0 1 
1
0 1 0 1 0 0 0 0 2 
0 0 1 0 1 0 1 0 2 2 0 0 2 1 0 1 0 2 2 2 0 0 1 0 2 2 1 0 2 1 0 0 0 1 0 1 1 0 1 0 1 0 2 0 2 0 2 1 2 0 2 1 0 1 0 2 1 1 2 2 2 0 2 0 0 2 0 0 1 2 0 2 1 0 1 0 1 0 2 0 1 
0 0 1 16 17 16 1 0 2 2 0 0 18 17 16 1 0 2 2 2 0 16 17 16 2 2 1 16 18 17 0 0 0 1 0 1 17 16 17 0 1 0 2 0 2 16 18 17 2 0 2 1 0 1 0 2 1 1 2 2 34 32 34 0 0 2 0 0 1 34 32 34 1 0 1 0 1 0 34 32 33 
1
0 1 0 1 0 0 1 0 2 
0 0 1 0 1 0 1 0 2 2 0 0 2 1 0 1 0 2 2 2 0 0 1 0 2 2 1 0 2 1 0 0 0 1 0 1 1 0 1 0 1 0 2 0 2 0 2 1 2 0 2 1 0 1 0 2 1 1 2 2 2 0 2 0 0 2 0 0 1 2 0 2 1 1 1 0 1 0 2 0 1 
0 0 1 16 17 16 1 0 2 2 0 0 18 17 16 1 0 2 2 2 0 16 17 16 2 2 1 16 18 17 0 0 0 1 0 1 17 16 17 0 1 0 2 0 2 16 18 17 2 0 2 1 0 1 16 18 17 1 2 2 34 32 34 16 16 18 0 0 1 34 32 34 17 17 17 0 1 0 34 32 33 
1
0 1 0 1 0 0 1 0 2 
0 0 1 0 1 0 1 0 2 2 0 0 2 1 0 1 0 2 2 2 0 0 1 0 2 2 1 0 2 1 0 0 0 1 0 1 1 0 1 0 1 0 2 0 2 0 2 1 2 0 2 1 0 1 0 2 1 1 2 2 2 0 2 0 0 2 2 0 1 2 0 2 1 1 1 0 1 0 2 0 1 
0 0 1 16 17 16 1 0 2 2 0 0 18 17 16 1 0 2 2 2 0 16 17 16 2 2 1 16 18 17 0 0 0 1 0 1 17 16 17 0 1 0 2 0 2 16 18 17 2 0 2 1 0 1 16 18 17 1 2 2 34 32 34 16 16 18 2 0 1 34 32 34 17 17 17 0 1 0 34 32 33 
1
0 1 0 1 0 1 1 0 2 
0 0 1 0 1 0 1 0 2 2 0 0 2 1 0 1 0 2 2 2 0 0 1 0 2 2 1 0 2 1 0 0 0 1 0 1 1 0 1 0 1 0 2 0 2 0 2 1 2 0 2 1 1 1 0 2 1 1 2 2 2 0 2 0 0 2 2 0 1 2 0 2 1 1 1 0 1 0 2 0 1 
0 0 1 16 17 16 1 0 2 2 0 0 18 17 16 1 0 2 2 2 0 16 17 16 2 2 1 16 18 17 0 0 0 17 16 17 17 16 17 0 1 0 18 16 18 16 18 17 2 0 2 17 17 17 16 18 17 1 2 2 34 32 34 16 16 18 2 0 1 34 32 34 17 17 17 0 1 0 34 32 33 
1
0 1 0 1 0 1 1 0 2 
0 0 1 0 1 0 1 0 2 2 0 0 2 1 0 1 0 2 2 2 0 0 1 0 2 2 1 0 2 1 0 0 0 1 0 1 1 0 1 0 1 0 2 0 2 0 2 1 2 0 2 1 1 1 0 2 1 1 2 2 2 0 2 0 0 2 2 2 1 2 0 2 1 1 1 0 1 0 2 0 1 
0 0 1 16 17 16 1 0 2 2 0 0 18 17 16 1 0 2 2 2 0 16 17 16 2 2 1 16 18 17 0 0 0 17 16 17 17 16 17 0 1 0 18 16 18 16 18 17 2 0 2 17 17 17 16 18 17 1 2 2 34 32 34 16 16 18 2 2 1 34 32 34 17 17 17 0 1 0 34 32 33 
1
0 1 0 1 0 1 1 0 2 
0 0 1 0 1 0 1 0 2 2 0 0 2 1 0 1 0 2 2 2 0 0 1 0 2 2 1 0 2 1 0 0 0 1 0 1 1 0 1 0 1 0 2 0 2 0 2 1 2 1 2 1 1 1 0 2 1 1 2 2 2 0 2 0 0 2 2 2 1 2 0 2 1 1 1 0 1 0 2 0 1 
0 0 1 16 17 16 1 0 2 2 0 0 18 17 16 1 0 2 2 2 0 16 17 16 2 2 1 16 18 17 0 0 0 17 16 17 17 16 17 0 1 0 18 16 18 16 18 17 2 1 2 17 17 17 16 18 17 1 2 2 34 32 34 16 16 18 2 2 1 34 32 34 17 17 17 0 1 0 34 32 33 
1
0 1 0 1 0 1 1 2 2 
0 0 1 0 1 0 1 0 2 2 0 0 2 1 0 1 0 2 2 2 0 0 1 0 2 2 1 0 2 1 0 0 0 1 0 1 1 0 1 0 1 0 2 0 2 0 2 1 2 1 2 1 1 1 0 2 1 1 2 2 2 0 2 0 0 2 2 2 1 2 0 2 1 1 1 2 1 0 2 0 1 
0 0 1 16 17 16 1 0 2 2 0 0 18 17 16 1 0 2 2 2 0 16 17 16 2 2 1 16 18 17 0 0 0 17 16 17 17 16 17 0 1 0 18 16 18 16 18 17 2 1 2 17 17 17 16 18 17 33 34 34 34 32 34 16 16 18 34 34 33 34 32 34 17 17 17 34 33 32 34 32 33 
1
0 1 0 1 1 1 1 2 2 
0 0 1 0 1 0 1 0 2 2 0 0 2 1 0 1 0 2 2 2 0 0 1 0 2 2 1 0 2 1 0 1 0 1 0 1 1 0 1 0 1 0 2 0 2 0 2 1 2 1 2 1 1 1 0 2 1 1 2 2 2 0 2 0 0 2 2 2 1 2 0 2 1 1 1 2 1 0 2 0 1 
0 0 1 16 17 16 1 0 2 2 0 0 18 17 16 1 0 2 2 2 0 16 17 16 2 2 1 16 18 17 16 17 16 17 16 17 17 16 17 16 17 16 18 16 18 16 18 17 18 17 18 17 17 17 16 18 17 33 34 34 34 32 34 16 16 18 34 34 33 34 32 34 17 17 17 34 33 32 34 32 33 
1
0 1 0 1 1 1 1 2 2 
0 0 1 0 1 0 1 0 2 2 0 0 2 1 0 1 0 2 2 2 0 0 1 0 2 2 1 0 2 1 0 1 0 1 0 1 1 0 1 0 1 0 2 0 2 0 2 1 2 1 2 1 1 1 0 2 1 1 2 2 2 0 2 0 0 2 2 2 1 2 0 2 1 1 1 2 1 0 2 0 1 
0 0 1 16 17 16 1 0 2 2 0 0 18 17 16 1 0 2 2 2 0 16 17 16 2 2 1 16 18 17 16 17 16 17 16 17 17 16 17 16 17 16 18 16 18 16 18 17 18 17 18 17 17 17 16 18 17 33 34 34 34 32 34 16 16 18 34 34 33 34 32 34 17 17 17 34 33 32 34 32 33 
1
