0 0 0 0 0 0 0 0 0 
0 0 0 0 0 0 0 0 0 0 0 0 0 0 0 0 0 0 0 0 0 0 0 0 0 0 0 0 0 0 0 0 0 0 0 0 0 0 0 0 1 0 0 0 0 0 0 0 0 0 0 0 0 0 0 0 0 0 0 0 0 0 0 0 0 0 0 0 0 0 0 0 0 0 0 0 0 0 0 0 0 
0 0 0 0 0 0 0 0 0 0 0 0 0 0 0 0 0 0 0 0 0 0 0 0 0 0 0 0 0 0 0 0 0 0 0 0 0 0 0 0 1 0 0 0 0 0 0 0 0 0 0 0 0 0 0 0 0 0 0 0 0 0 0 0 0 0 0 0 0 0 0 0 0 0 0 0 0 0 0 0 0 
1
0 0 0 0 0 0 0 0 0 
0 0 0 0 0 0 0 0 0 0 0 0 0 0 0 0 0 0 0 0 0 0 0 0 0 0 0 0 0 0 0 0 2 0 0 0 0 0 0 0 1 0 0 0 0 0 0 0 0 0 0 0 0 0 0 0 0 0 0 0 0 0 0 0 0 0 0 0 0 0 0 0 0 0 0 0 0 0 0 0 0 
0 0 0 0 0 0 0 0 0 0 0 0 0 0 0 0 0 0 0 0 0 0 0 0 0 0 0 0 0 0 0 0 2 0 0 0 0 0 0 0 1 0 0 0 0 0 0 0 0 0 0 0 0 0 0 0 0 0 0 0 0 0 0 0 0 0 0 0 0 0 0 0 0 0 0 0 0 0 0 0 0 
1
0 0 0 0 0 0 0 0 0 
0 0 0 0 0 0 0 0 0 0 0 0 0 0 0 0 0 0 0 0 0 0 0 0 0 0 1 0 0 0 0 0 2 0 0 0 0 0 0 0 1 0 0 0 0 0 0 0 0 0 0 0 0 0 0 0 0 0 0 0 0 0 0 0 0 0 0 0 0 0 0 0 0 0 0 0 0 0 0 0 0 
0 0 0 0 0 0 0 0 0 0 0 0 0 0 0 0 0 0 0 0 0 0 0 0 0 0 1 0 0 0 0 0 2 0 0 0 0 0 0 0 1 0 0 0 0 0 0 0 0 0 0 0 0 0 0 0 0 0 0 0 0 0 0 0 0 0 0 0 0 0 0 0 0 0 0 0 0 0 0 0 0 
1
0 0 0 0 0 0 0 0 0 
0 0 0 0 0 0 0 0 0 0 0 0 0 0 0 0 0 0 0 0 0 0 0 0 0 0 1 0 0 0 0 0 2 0 0 0 0 0 0 0 1 0 0 0 0 0 0 0 0 0 0 0 0 0 0 0 0 0 0 0 0 0 0 0 0 0 0 0 0 0 0 0 0 0 0 0 0 0 2 0 0 
0 0 0 0 0 0 0 0 0 0 0 0 0 0 0 0 0 0 0 0 0 0 0 0 0 0 1 0 0 0 0 0 2 0 0 0 0 0 0 0 1 0 0 0 0 0 0 0 0 0 0 0 0 0 0 0 0 0 0 0 0 0 0 0 0 0 0 0 0 0 0 0 0 0 0 0 0 0 2 0 0 
1
0 0 0 0 0 0 0 0 0 
0 0 0 0 0 0 0 0 0 0 0 0 0 0 0 0 0 0 0 0 0 0 0 0 0 0 1 0 0 0 0 0 2 0 0 0 0 0 0 0 1 0 0 0 0 0 0 0 0 0 0 0 0 0 0 0 0 0 0 0 0 0 0 0 0 0 0 0 0 0 0 0 0 0 1 0 0 0 2 0 0 
0 0 0 0 0 0 0 0 0 0 0 0 0 0 0 0 0 0 0 0 0 0 0 0 0 0 1 0 0 0 0 0 2 0 0 0 0 0 0 0 1 0 0 0 0 0 0 0 0 0 0 0 0 0 0 0 0 0 0 0 0 0 0 0 0 0 0 0 0 0 0 0 0 0 1 0 0 0 2 0 0 
1
0 0 0 0 0 0 0 0 0 
0 0 0 0 0 0 0 0 0 0 0 0 0 0 0 0 0 0 0 0 0 0 0 0 0 0 1 0 0 0 0 0 2 0 0 0 0 0 0 0 1 0 0 0 0 0 0 0 0 0 0 0 0 0 0 0 0 0 0 0 0 0 0 0 0 0 0 0 0 0 2 0 0 0 1 0 0 0 2 0 0 
0 0 0 0 0 0 0 0 0 0 0 0 0 0 0 0 0 0 0 0 0 0 0 0 0 0 1 0 0 0 0 0 2 0 0 0 0 0 0 0 1 0 0 0 0 0 0 0 0 0 0 0 0 0 0 0 0 0 0 0 0 0 0 0 0 0 0 0 0 0 2 0 0 0 1 0 0 0 2 0 0 
1
0 0 0 0 0 0 0 0 0 
0 0 0 0 0 0 0 0 0 0 0 0 0 0 0 0 0 0 0 0 0 0 0 0 0 0 1 0 0 0 0 1 2 0 0 0 0 0 0 0 1 0 0 0 0 0 0 0 0 0 0 0 0 0 0 0 0 0 0 0 0 0 0 0 0 0 0 0 0 0 2 0 0 0 1 0 0 0 2 0 0 
0 0 0 0 0 0 0 0 0 0 0 0 0 0 0 0 0 0 0 0 0 0 0 0 0 0 1 0 0 0 0 1 2 0 0 0 0 0 0 0 1 0 0 0 0 0 0 0 0 0 0 0 0 0 0 0 0 0 0 0 0 0 0 0 0 0 0 0 0 0 2 0 0 0 1 0 0 0 2 0 0 
1
0 0 0 0 0 0 0 0 0 
0 0 0 0 0 0 0 0 0 0 0 0 0 0 0 0 0 0 0 0 0 2 0 0 0 0 1 0 0 0 0 1 2 0 0 0 0 0 0 0 1 0 0 0 0 0 0 0 0 0 0 0 0 0 0 0 0 0 0 0 0 0 0 0 0 0 0 0 0 0 2 0 0 0 1 0 0 0 2 0 0 
0 0 0 0 0 0 0 0 0 0 0 0 0 0 0 0 0 0 0 0 0 2 0 0 0 0 1 0 0 0 0 1 2 0 0 0 0 0 0 0 1 0 0 0 0 0 0 0 0 0 0 0 0 0 0 0 0 0 0 0 0 0 0 0 0 0 0 0 0 0 2 0 0 0 1 0 0 0 2 0 0 
1
0 0 0 0 0 0 0 0 0 
0 0 0 0 0 0 0 0 0 0 0 0 0 0 0 0 0 0 0 0 0 2 0 0 0 0 1 0 0 0 0 1 2 0 0 0 0 0 0 0 1 0 0 0 0 0 0 0 0 0 0 0 0 0 0 0 0 0 0 0 0 0 0 0 0 0 0 0 0 0 2 0 0 1 1 0 0 0 2 0 0 
0 0 0 0 0 0 0 0 0 0 0 0 0 0 0 0 0 0 0 0 0 2 0 0 0 0 1 0 0 0 0 1 2 0 0 0 0 0 0 0 1 0 0 0 0 0 0 0 0 0 0 0 0 0 0 0 0 0 0 0 0 0 0 0 0 0 0 0 0 0 2 0 0 1 1 0 0 0 2 0 0 
1
0 0 0 0 0 0 0 0 0 
0 0 0 0 0 0 0 0 0 0 0 0 0 0 0 0 0 0 0 0 0 2 0 0 0 0 1 0 0 0 0 1 2 0 0 0 0 0 0 0 1 0 0 0 0 0 0 0 0 0 0 0 0 0 0 0 0 0 0 0 0 0 0 0 0 0 2 0 0 0 2 0 0 1 1 0 0 0 2 0 0 
0 0 0 0 0 0 0 0 0 0 0 0 0 0 0 0 0 0 0 0 0 2 0 0 0 0 1 0 0 0 0 1 2 0 0 0 0 0 0 0 1 0 0 0 0 0 0 0 0 0 0 0 0 0 0 0 0 0 0 0 0 0 0 0 0 0 2 0 0 0 2 0 0 1 1 0 0 0 2 0 0 
1
0 0 0 0 0 0 0 0 0 
0 0 0 0 0 0 0 0 0 0 0 0 0 0 0 0 0 0 0 0 0 2 0 0 0 0 1 0 0 0 0 1 2 0 0 0 0 0 0 0 1 0 0 0 0 0 0 1 0 0 0 0 0 0 0 0 0 0 0 0 0 0 0 0 0 0 2 0 0 0 2 0 0 1 1 0 0 0 2 0 0 
0 0 0 0 0 0 0 0 0 0 0 0 0 0 0 0 0 0 0 0 0 2 0 0 0 0 1 0 0 0 0 1 2 0 0 0 0 0 0 0 1 0 0 0 0 0 0 1 0 0 0 0 0 0 0 0 0 0 0 0 0 0 0 0 0 0 2 0 0 0 2 0 0 1 1 0 0 0 2 0 0 
1
0 0 0 0 0 0 0 0 2 
0 0 0 0 0 0 0 0 0 0 0 0 0 0 0 0 0 0 0 0 0 2 0 0 0 0 1 0 0 0 0 1 2 0 0 0 0 0 0 0 1 0 0 0 0 0 0 1 0 0 0 0 0 0 0 0 0 0 0 0 0 0 2 0 0 0 2 0 0 0 2 0 0 1 1 0 0 0 2 0 0 
0 0 0 0 0 0 0 0 0 0 0 0 0 0 0 0 0 0 0 0 0 2 0 0 0 0 1 0 0 0 0 1 2 0 0 0 0 0 0 0 1 0 0 0 0 0 0 1 0 0 0 0 0 0 0 0 0 0 0 0 32 32 34 0 0 0 2 0 0 32 34 32 0 1 1 0 0 0 34 32 32 
1
0 0 0 0 0 0 0 0 2 
0 0 0 0 0 0 0 0 0 0 0 0 0 0 0 0 0 0 0 0 0 2 0 0 0 1 1 0 0 0 0 1 2 0 0 0 0 0 0 0 1 0 0 0 0 0 0 1 0 0 0 0 0 0 0 0 0 0 0 0 0 0 2 0 0 0 2 0 0 0 2 0 0 1 1 0 0 0 2 0 0 
0 0 0 0 0 0 0 0 0 0 0 0 0 0 0 0 0 0 0 0 0 2 0 0 0 1 1 0 0 0 0 1 2 0 0 0 0 0 0 0 1 0 0 0 0 0 0 1 0 0 0 0 0 0 0 0 0 0 0 0 32 32 34 0 0 0 2 0 0 32 34 32 0 1 1 0 0 0 34 32 32 
1
0 0 0 0 0 0 0 0 2 
0 0 0 0 0 0 0 0 0 0 0 0 0 0 0 0 0 0 0 0 0 2 0 0 0 1 1 0 0 0 0 1 2 0 0 0 0 0 0 0 1 0 0 0 0 0 0 1 0 0 0 0 0 0 0 0 0 0 2 0 0 0 2 0 0 0 2 0 0 0 2 0 0 1 1 0 0 0 2 0 0 
0 0 0 0 0 0 0 0 0 0 0 0 0 0 0 0 0 0 0 0 0 2 0 0 0 1 1 0 0 0 0 1 2 0 0 0 0 0 0 0 1 0 0 0 0 0 0 1 0 0 0 0 0 0 0 0 0 0 2 0 32 32 34 0 0 0 2 0 0 32 34 32 0 1 1 0 0 0 34 32 32 
1
0 0 0 0 0 0 0 0 2 
0 0 0 0 0 0 0 0 0 0 0 0 0 0 1 0 0 0 0 0 0 2 0 0 0 1 1 0 0 0 0 1 2 0 0 0 0 0 0 0 1 0 0 0 0 0 0 1 0 0 0 0 0 0 0 0 0 0 2 0 0 0 2 0 0 0 2 0 0 0 2 0 0 1 1 0 0 0 2 0 0 
0 0 0 0 0 0 0 0 0 0 0 0 0 0 1 0 0 0 0 0 0 2 0 0 0 1 1 0 0 0 0 1 2 0 0 0 0 0 0 0 1 0 0 0 0 0 0 1 0 0 0 0 0 0 0 0 0 0 2 0 32 32 34 0 0 0 2 0 0 32 34 32 0 1 1 0 0 0 34 32 32 
1
0 0 0 0 0 0 0 0 2 
0 0 0 0 0 0 0 0 0 0 0 0 0 0 1 0 0 0 0 0 0 2 0 0 0 1 1 0 0 0 0 1 2 0 0 0 0 0 0 0 1 0 0 0 0 0 0 1 0 0 0 2 0 0 0 0 0 0 2 0 0 0 2 0 0 0 2 0 0 0 2 0 0 1 1 0 0 0 2 0 0 
0 0 0 0 0 0 0 0 0 0 0 0 0 0 1 0 0 0 0 0 0 2 0 0 0 1 1 0 0 0 0 1 2 0 0 0 0 0 0 0 1 0 0 0 0 0 0 1 0 0 0 2 0 0 0 0 0 0 2 0 32 32 34 0 0 0 2 0 0 32 34 32 0 1 1 0 0 0 34 32 32 
1
0 0 0 0 0 0 1 0 2 
0 0 0 0 0 0 0 0 0 0 0 0 0 0 1 0 0 0 0 0 0 2 0 0 0 1 1 0 0 0 0 1 2 0 0 0 0 0 0 0 1 0 0 0 0 0 0 1 0 0 0 2 0 0 0 0 0 0 2 0 0 0 2 0 0 0 2 0 0 0 2 0 1 1 1 0 0 0 2 0 0 
0 0 0 0 0 0 0 0 0 0 0 0 0 0 1 0 0 0 0 0 0 2 0 0 0 1 1 0 0 0 0 1 2 0 0 0 0 0 0 0 1 0 0 0 0 0 0 1 0 0 0 2 0 0 16 16 16 0 2 0 32 32 34 16 16 16 2 0 0 32 34 32 17 17 17 0 0 0 34 32 32 
1
0 0 0 0 0 0 1 0 2 
0 0 0 0 0 0 0 0 0 0 0 0 0 0 1 0 0 0 0 0 0 2 0 0 0 1 1 0 0 0 0 1 2 0 0 0 0 0 0 0 1 0 0 0 0 0 0 1 0 2 0 2 0 0 0 0 0 0 2 0 0 0 2 0 0 0 2 0 0 0 2 0 1 1 1 0 0 0 2 0 0 
0 0 0 0 0 0 0 0 0 0 0 0 0 0 1 0 0 0 0 0 0 2 0 0 0 1 1 0 0 0 0 1 2 0 0 0 0 0 0 0 1 0 0 0 0 0 0 1 0 2 0 2 0 0 16 16 16 0 2 0 32 32 34 16 16 16 2 0 0 32 34 32 17 17 17 0 0 0 34 32 32 
1
0 0 0 0 0 0 1 0 2 
0 0 0 0 0 0 0 0 0 0 0 0 0 0 1 0 0 0 0 0 0 2 0 0 0 1 1 0 0 0 0 1 2 0 0 0 0 0 0 0 1 0 0 0 0 0 0 1 0 2 0 2 0 0 0 0 0 0 2 0 0 0 2 0 0 0 2 0 1 0 2 0 1 1 1 0 0 0 2 0 0 
0 0 0 0 0 0 0 0 0 0 0 0 0 0 1 0 0 0 0 0 0 2 0 0 0 1 1 0 0 0 0 1 2 0 0 0 0 0 0 0 1 0 0 0 0 0 0 1 0 2 0 2 0 0 16 16 16 0 2 0 32 32 34 16 16 16 2 0 1 32 34 32 17 17 17 0 0 0 34 32 32 
1
0 0 0 0 0 0 1 0 2 
0 0 0 0 0 0 0 0 0 0 0 0 0 0 1 0 0 0 0 0 0 2 0 0 0 1 1 0 0 0 0 1 2 0 0 2 0 0 0 0 1 0 0 0 0 0 0 1 0 2 0 2 0 0 0 0 0 0 2 0 0 0 2 0 0 0 2 0 1 0 2 0 1 1 1 0 0 0 2 0 0 
0 0 0 0 0 0 0 0 0 0 0 0 0 0 1 0 0 0 0 0 0 2 0 0 0 1 1 0 0 0 0 1 2 0 0 2 0 0 0 0 1 0 0 0 0 0 0 1 0 2 0 2 0 0 16 16 16 0 2 0 32 32 34 16 16 16 2 0 1 32 34 32 17 17 17 0 0 0 34 32 32 
1
0 0 1 0 0 0 1 0 2 
0 0 0 0 0 0 0 0 0 0 0 0 0 0 1 0 0 0 0 0 0 2 0 0 1 1 1 0 0 0 0 1 2 0 0 2 0 0 0 0 1 0 0 0 0 0 0 1 0 2 0 2 0 0 0 0 0 0 2 0 0 0 2 0 0 0 2 0 1 0 2 0 1 1 1 0 0 0 2 0 0 
0 0 0 0 0 0 16 16 16 0 0 0 0 0 1 16 16 16 0 0 0 2 0 0 17 17 17 0 0 0 0 1 2 0 0 2 0 0 0 0 1 0 0 0 0 0 0 1 0 2 0 2 0 0 16 16 16 0 2 0 32 32 34 16 16 16 2 0 1 32 34 32 17 17 17 0 0 0 34 32 32 
1
0 0 1 0 0 2 1 0 2 
0 0 0 0 0 0 0 0 0 0 0 0 0 0 1 0 0 0 0 0 0 2 0 0 1 1 1 0 0 0 0 1 2 0 0 2 0 0 0 0 1 0 0 2 0 0 0 1 0 2 0 2 0 0 0 0 0 0 2 0 0 0 2 0 0 0 2 0 1 0 2 0 1 1 1 0 0 0 2 0 0 
0 0 0 0 0 0 16 16 16 0 0 0 0 0 1 16 16 16 0 0 0 2 0 0 17 17 17 0 0 0 0 1 2 32 32 34 0 0 0 0 1 0 32 34 32 0 0 1 0 2 0 34 32 32 16 16 16 0 2 0 32 32 34 16 16 16 2 0 1 32 34 32 17 17 17 0 0 0 34 32 32 
1
0 0 1 0 0 2 1 0 2 
0 0 0 0 0 0 0 0 0 0 0 0 0 0 1 0 0 0 0 0 0 2 0 0 1 1 1 0 0 0 1 1 2 0 0 2 0 0 0 0 1 0 0 2 0 0 0 1 0 2 0 2 0 0 0 0 0 0 2 0 0 0 2 0 0 0 2 0 1 0 2 0 1 1 1 0 0 0 2 0 0 
0 0 0 0 0 0 16 16 16 0 0 0 0 0 1 16 16 16 0 0 0 2 0 0 17 17 17 0 0 0 1 1 2 32 32 34 0 0 0 0 1 0 32 34 32 0 0 1 0 2 0 34 32 32 16 16 16 0 2 0 32 32 34 16 16 16 2 0 1 32 34 32 17 17 17 0 0 0 34 32 32 
1
0 0 1 0 0 2 1 0 2 
2 0 0 0 0 0 0 0 0 0 0 0 0 0 1 0 0 0 0 0 0 2 0 0 1 1 1 0 0 0 1 1 2 0 0 2 0 0 0 0 1 0 0 2 0 0 0 1 0 2 0 2 0 0 0 0 0 0 2 0 0 0 2 0 0 0 2 0 1 0 2 0 1 1 1 0 0 0 2 0 0 
2 0 0 0 0 0 16 16 16 0 0 0 0 0 1 16 16 16 0 0 0 2 0 0 17 17 17 0 0 0 1 1 2 32 32 34 0 0 0 0 1 0 32 34 32 0 0 1 0 2 0 34 32 32 16 16 16 0 2 0 32 32 34 16 16 16 2 0 1 32 34 32 17 17 17 0 0 0 34 32 32 
1
0 0 1 0 0 2 1 0 2 
2 0 0 0 0 0 0 0 0 0 0 0 0 0 1 0 0 0 0 1 0 2 0 0 1 1 1 0 0 0 1 1 2 0 0 2 0 0 0 0 1 0 0 2 0 0 0 1 0 2 0 2 0 0 0 0 0 0 2 0 0 0 2 0 0 0 2 0 1 0 2 0 1 1 1 0 0 0 2 0 0 
2 0 0 0 0 0 16 16 16 0 0 0 0 0 1 16 16 16 0 1 0 2 0 0 17 17 17 0 0 0 1 1 2 32 32 34 0 0 0 0 1 0 32 34 32 0 0 1 0 2 0 34 32 32 16 16 16 0 2 0 32 32 34 16 16 16 2 0 1 32 34 32 17 17 17 0 0 0 34 32 32 
1
0 0 1 0 0 2 1 0 2 
2 0 0 0 0 0 0 0 0 0 0 0 0 0 1 0 0 0 0 1 0 2 0 0 1 1 1 0 0 0 1 1 2 0 0 2 0 0 0 0 1 0 0 2 0 0 0 1 0 2 0 2 0 0 0 0 0 0 2 0 0 0 2 0 0 0 2 0 1 0 2 0 1 1 1 0 0 2 2 0 0 
2 0 0 0 0 0 16 16 16 0 0 0 0 0 1 16 16 16 0 1 0 2 0 0 17 17 17 0 0 0 1 1 2 32 32 34 0 0 0 0 1 0 32 34 32 0 0 1 0 2 0 34 32 32 16 16 16 0 2 0 32 32 34 16 16 16 2 0 1 32 34 32 17 17 17 0 0 2 34 32 32 
1
0 0 1 0 0 2 1 0 2 
2 0 0 0 0 0 0 0 0 0 0 0 0 0 1 0 0 0 0 1 0 2 0 0 1 1 1 0 0 0 1 1 2 0 0 2 0 0 0 0 1 0 0 2 0 0 0 1 0 2 0 2 0 0 0 0 0 1 2 0 0 0 2 0 0 0 2 0 1 0 2 0 1 1 1 0 0 2 2 0 0 
2 0 0 0 0 0 16 16 16 0 0 0 0 0 1 16 16 16 0 1 0 2 0 0 17 17 17 0 0 0 1 1 2 32 32 34 0 0 0 0 1 0 32 34 32 0 0 1 0 2 0 34 32 32 16 16 16 1 2 0 32 32 34 16 16 16 2 0 1 32 34 32 17 17 17 0 0 2 34 32 32 
1
0 0 1 0 0 2 1 0 2 
2 0 2 0 0 0 0 0 0 0 0 0 0 0 1 0 0 0 0 1 0 2 0 0 1 1 1 0 0 0 1 1 2 0 0 2 0 0 0 0 1 0 0 2 0 0 0 1 0 2 0 2 0 0 0 0 0 1 2 0 0 0 2 0 0 0 2 0 1 0 2 0 1 1 1 0 0 2 2 0 0 
2 0 2 0 0 0 16 16 16 0 0 0 0 0 1 16 16 16 0 1 0 2 0 0 17 17 17 0 0 0 1 1 2 32 32 34 0 0 0 0 1 0 32 34 32 0 0 1 0 2 0 34 32 32 16 16 16 1 2 0 32 32 34 16 16 16 2 0 1 32 34 32 17 17 17 0 0 2 34 32 32 
1
0 0 1 0 0 2 1 0 2 
2 0 2 1 0 0 0 0 0 0 0 0 0 0 1 0 0 0 0 1 0 2 0 0 1 1 1 0 0 0 1 1 2 0 0 2 0 0 0 0 1 0 0 2 0 0 0 1 0 2 0 2 0 0 0 0 0 1 2 0 0 0 2 0 0 0 2 0 1 0 2 0 1 1 1 0 0 2 2 0 0 
2 0 2 1 0 0 16 16 16 0 0 0 0 0 1 16 16 16 0 1 0 2 0 0 17 17 17 0 0 0 1 1 2 32 32 34 0 0 0 0 1 0 32 34 32 0 0 1 0 2 0 34 32 32 16 16 16 1 2 0 32 32 34 16 16 16 2 0 1 32 34 32 17 17 17 0 0 2 34 32 32 
1
2 0 1 0 0 2 1 0 2 
2 2 2 1 0 0 0 0 0 0 0 0 0 0 1 0 0 0 0 1 0 2 0 0 1 1 1 0 0 0 1 1 2 0 0 2 0 0 0 0 1 0 0 2 0 0 0 1 0 2 0 2 0 0 0 0 0 1 2 0 0 0 2 0 0 0 2 0 1 0 2 0 1 1 1 0 0 2 2 0 0 
34 34 34 1 0 0 16 16 16 32 32 32 0 0 1 16 16 16 32 33 32 2 0 0 17 17 17 0 0 0 1 1 2 32 32 34 0 0 0 0 1 0 32 34 32 0 0 1 0 2 0 34 32 32 16 16 16 1 2 0 32 32 34 16 16 16 2 0 1 32 34 32 17 17 17 0 0 2 34 32 32 
1
2 0 1 0 0 2 1 0 2 
2 2 2 1 1 0 0 0 0 0 0 0 0 0 1 0 0 0 0 1 0 2 0 0 1 1 1 0 0 0 1 1 2 0 0 2 0 0 0 0 1 0 0 2 0 0 0 1 0 2 0 2 0 0 0 0 0 1 2 0 0 0 2 0 0 0 2 0 1 0 2 0 1 1 1 0 0 2 2 0 0 
34 34 34 1 1 0 16 16 16 32 32 32 0 0 1 16 16 16 32 33 32 2 0 0 17 17 17 0 0 0 1 1 2 32 32 34 0 0 0 0 1 0 32 34 32 0 0 1 0 2 0 34 32 32 16 16 16 1 2 0 32 32 34 16 16 16 2 0 1 32 34 32 17 17 17 0 0 2 34 32 32 
1
2 0 1 0 0 2 1 0 2 
2 2 2 1 1 2 0 0 0 0 0 0 0 0 1 0 0 0 0 1 0 2 0 0 1 1 1 0 0 0 1 1 2 0 0 2 0 0 0 0 1 0 0 2 0 0 0 1 0 2 0 2 0 0 0 0 0 1 2 0 0 0 2 0 0 0 2 0 1 0 2 0 1 1 1 0 0 2 2 0 0 
34 34 34 1 1 2 16 16 16 32 32 32 0 0 1 16 16 16 32 33 32 2 0 0 17 17 17 0 0 0 1 1 2 32 32 34 0 0 0 0 1 0 32 34 32 0 0 1 0 2 0 34 32 32 16 16 16 1 2 0 32 32 34 16 16 16 2 0 1 32 34 32 17 17 17 0 0 2 34 32 32 
1
2 0 1 0 0 2 1 0 2 
2 2 2 1 1 2 0 0 0 0 0 0 0 0 1 0 0 0 0 1 0 2 0 0 1 1 1 0 0 0 1 1 2 0 0 2 0 0 0 1 1 0 0 2 0 0 0 1 0 2 0 2 0 0 0 0 0 1 2 0 0 0 2 0 0 0 2 0 1 0 2 0 1 1 1 0 0 2 2 0 0 
34 34 34 1 1 2 16 16 16 32 32 32 0 0 1 16 16 16 32 33 32 2 0 0 17 17 17 0 0 0 1 1 2 32 32 34 0 0 0 1 1 0 32 34 32 0 0 1 0 2 0 34 32 32 16 16 16 1 2 0 32 32 34 16 16 16 2 0 1 32 34 32 17 17 17 0 0 2 34 32 32 
1
2 0 1 0 0 2 1 0 2 
2 2 2 1 1 2 0 0 0 0 0 0 0 0 1 0 0 0 0 1 0 2 0 0 1 1 1 0 0 0 1 1 2 0 0 2 0 2 0 1 1 0 0 2 0 0 0 1 0 2 0 2 0 0 0 0 0 1 2 0 0 0 2 0 0 0 2 0 1 0 2 0 1 1 1 0 0 2 2 0 0 
34 34 34 1 1 2 16 16 16 32 32 32 0 0 1 16 16 16 32 33 32 2 0 0 17 17 17 0 0 0 1 1 2 32 32 34 0 2 0 1 1 0 32 34 32 0 0 1 0 2 0 34 32 32 16 16 16 1 2 0 32 32 34 16 16 16 2 0 1 32 34 32 17 17 17 0 0 2 34 32 32 
1
2 0 1 0 1 2 1 0 2 
2 2 2 1 1 2 0 0 0 0 0 0 0 0 1 0 0 0 0 1 0 2 0 0 1 1 1 0 0 0 1 1 2 0 0 2 0 2 0 1 1 1 0 2 0 0 0 1 0 2 0 2 0 0 0 0 0 1 2 0 0 0 2 0 0 0 2 0 1 0 2 0 1 1 1 0 0 2 2 0 0 
34 34 34 1 1 2 16 16 16 32 32 32 0 0 1 16 16 16 32 33 32 2 0 0 17 17 17 0 0 0 17 17 18 32 32 34 0 2 0 17 17 17 32 34 32 0 0 1 16 18 16 34 32 32 16 16 16 1 2 0 32 32 34 16 16 16 2 0 1 32 34 32 17 17 17 0 0 2 34 32 32 
1
2 0 1 0 1 2 1 0 2 
2 2 2 1 1 2 0 0 0 0 0 0 0 0 1 0 0 0 0 1 0 2 0 0 1 1 1 0 0 0 1 1 2 0 0 2 0 2 0 1 1 1 0 2 0 0 0 1 0 2 0 2 0 0 0 0 0 1 2 0 0 0 2 0 0 0 2 0 1 0 2 0 1 1 1 0 0 2 2 0 0 
34 34 34 1 1 2 16 16 16 32 32 32 0 0 1 16 16 16 32 33 32 2 0 0 17 17 17 0 0 0 17 17 18 32 32 34 0 2 0 17 17 17 32 34 32 0 0 1 16 18 16 34 32 32 16 16 16 1 2 0 32 32 34 16 16 16 2 0 1 32 34 32 17 17 17 0 0 2 34 32 32 
1
