0 0 0 0 0 0 0 0 0 
0 0 0 0 0 0 0 0 0 0 0 0 0 0 0 0 0 0 0 0 0 0 0 0 0 0 0 0 0 0 1 0 0 0 0 0 0 0 0 0 0 0 0 0 0 0 0 0 0 0 0 0 0 0 0 0 0 0 0 0 0 0 0 0 0 0 0 0 0 0 0 0 0 0 0 0 0 0 0 0 0 
0 0 0 0 0 0 0 0 0 0 0 0 0 0 0 0 0 0 0 0 0 0 0 0 0 0 0 0 0 0 1 0 0 0 0 0 0 0 0 0 0 0 0 0 0 0 0 0 0 0 0 0 0 0 0 0 0 0 0 0 0 0 0 0 0 0 0 0 0 0 0 0 0 0 0 0 0 0 0 0 0 
1
0 0 0 0 0 0 0 0 0 
0 0 0 0 0 0 0 0 0 0 0 0 0 0 0 0 0 0 0 2 0 0 0 0 0 0 0 0 0 0 1 0 0 0 0 0 0 0 0 0 0 0 0 0 0 0 0 0 0 0 0 0 0 0 0 0 0 0 0 0 0 0 0 0 0 0 0 0 0 0 0 0 0 0 0 0 0 0 0 0 0 
0 0 0 0 0 0 0 0 0 0 0 0 0 0 0 0 0 0 0 2 0 0 0 0 0 0 0 0 0 0 1 0 0 0 0 0 0 0 0 0 0 0 0 0 0 0 0 0 0 0 0 0 0 0 0 0 0 0 0 0 0 0 0 0 0 0 0 0 0 0 0 0 0 0 0 0 0 0 0 0 0 
1
0 0 0 0 0 0 0 0 0 
0 0 0 0 0 0 0 0 0 0 0 0 0 0 0 0 0 0 0 2 0 0 0 0 0 0 0 0 0 0 1 0 0 0 0 0 0 0 0 0 0 0 0 0 0 0 0 0 0 0 0 0 0 0 0 0 0 0 0 1 0 0 0 0 0 0 0 0 0 0 0 0 0 0 0 0 0 0 0 0 0 
0 0 0 0 0 0 0 0 0 0 0 0 0 0 0 0 0 0 0 2 0 0 0 0 0 0 0 0 0 0 1 0 0 0 0 0 0 0 0 0 0 0 0 0 0 0 0 0 0 0 0 0 0 0 0 0 0 0 0 1 0 0 0 0 0 0 0 0 0 0 0 0 0 0 0 0 0 0 0 0 0 
1
0 0 0 0 0 0 0 0 0 
0 0 0 0 0 0 2 0 0 0 0 0 0 0 0 0 0 0 0 2 0 0 0 0 0 0 0 0 0 0 1 0 0 0 0 0 0 0 0 0 0 0 0 0 0 0 0 0 0 0 0 0 0 0 0 0 0 0 0 1 0 0 0 0 0 0 0 0 0 0 0 0 0 0 0 0 0 0 0 0 0 
0 0 0 0 0 0 2 0 0 0 0 0 0 0 0 0 0 0 0 2 0 0 0 0 0 0 0 0 0 0 1 0 0 0 0 0 0 0 0 0 0 0 0 0 0 0 0 0 0 0 0 0 0 0 0 0 0 0 0 1 0 0 0 0 0 0 0 0 0 0 0 0 0 0 0 0 0 0 0 0 0 
1
0 0 0 0 0 0 0 0 0 
0 0 1 0 0 0 2 0 0 0 0 0 0 0 0 0 0 0 0 2 0 0 0 0 0 0 0 0 0 0 1 0 0 0 0 0 0 0 0 0 0 0 0 0 0 0 0 0 0 0 0 0 0 0 0 0 0 0 0 1 0 0 0 0 0 0 0 0 0 0 0 0 0 0 0 0 0 0 0 0 0 
0 0 1 0 0 0 2 0 0 0 0 0 0 0 0 0 0 0 0 2 0 0 0 0 0 0 0 0 0 0 1 0 0 0 0 0 0 0 0 0 0 0 0 0 0 0 0 0 0 0 0 0 0 0 0 0 0 0 0 1 0 0 0 0 0 0 0 0 0 0 0 0 0 0 0 0 0 0 0 0 0 
1
0 0 0 0 0 0 0 0 0 
0 0 1 0 0 0 2 0 0 0 0 0 0 0 0 0 0 0 0 2 0 0 0 0 0 2 0 0 0 0 1 0 0 0 0 0 0 0 0 0 0 0 0 0 0 0 0 0 0 0 0 0 0 0 0 0 0 0 0 1 0 0 0 0 0 0 0 0 0 0 0 0 0 0 0 0 0 0 0 0 0 
0 0 1 0 0 0 2 0 0 0 0 0 0 0 0 0 0 0 0 2 0 0 0 0 0 2 0 0 0 0 1 0 0 0 0 0 0 0 0 0 0 0 0 0 0 0 0 0 0 0 0 0 0 0 0 0 0 0 0 1 0 0 0 0 0 0 0 0 0 0 0 0 0 0 0 0 0 0 0 0 0 
1
0 0 0 0 0 0 0 0 0 
0 0 1 0 0 0 2 0 0 0 0 0 0 0 0 0 0 0 0 2 0 0 0 0 0 2 0 0 0 0 1 0 0 0 0 0 0 0 0 0 0 0 0 0 0 0 0 0 0 0 0 0 0 0 0 0 0 0 0 1 0 0 0 0 0 0 0 0 0 0 0 0 0 0 0 0 1 0 0 0 0 
0 0 1 0 0 0 2 0 0 0 0 0 0 0 0 0 0 0 0 2 0 0 0 0 0 2 0 0 0 0 1 0 0 0 0 0 0 0 0 0 0 0 0 0 0 0 0 0 0 0 0 0 0 0 0 0 0 0 0 1 0 0 0 0 0 0 0 0 0 0 0 0 0 0 0 0 1 0 0 0 0 
1
0 0 0 0 0 0 0 0 0 
0 0 1 0 0 0 2 0 0 0 0 0 0 0 0 0 0 0 0 2 0 0 0 0 0 2 0 0 0 0 1 0 0 0 0 0 0 0 0 0 0 0 0 0 0 0 0 0 0 0 0 0 0 0 0 0 0 0 0 1 0 0 0 0 0 0 2 0 0 0 0 0 0 0 0 0 1 0 0 0 0 
0 0 1 0 0 0 2 0 0 0 0 0 0 0 0 0 0 0 0 2 0 0 0 0 0 2 0 0 0 0 1 0 0 0 0 0 0 0 0 0 0 0 0 0 0 0 0 0 0 0 0 0 0 0 0 0 0 0 0 1 0 0 0 0 0 0 2 0 0 0 0 0 0 0 0 0 1 0 0 0 0 
1
0 0 0 0 0 0 0 0 0 
0 0 1 0 0 0 2 0 0 0 0 0 0 0 0 0 0 0 0 2 0 0 0 0 0 2 0 0 1 0 1 0 0 0 0 0 0 0 0 0 0 0 0 0 0 0 0 0 0 0 0 0 0 0 0 0 0 0 0 1 0 0 0 0 0 0 2 0 0 0 0 0 0 0 0 0 1 0 0 0 0 
0 0 1 0 0 0 2 0 0 0 0 0 0 0 0 0 0 0 0 2 0 0 0 0 0 2 0 0 1 0 1 0 0 0 0 0 0 0 0 0 0 0 0 0 0 0 0 0 0 0 0 0 0 0 0 0 0 0 0 1 0 0 0 0 0 0 2 0 0 0 0 0 0 0 0 0 1 0 0 0 0 
1
0 0 0 0 0 0 0 0 0 
0 0 1 0 0 2 2 0 0 0 0 0 0 0 0 0 0 0 0 2 0 0 0 0 0 2 0 0 1 0 1 0 0 0 0 0 0 0 0 0 0 0 0 0 0 0 0 0 0 0 0 0 0 0 0 0 0 0 0 1 0 0 0 0 0 0 2 0 0 0 0 0 0 0 0 0 1 0 0 0 0 
0 0 1 0 0 2 2 0 0 0 0 0 0 0 0 0 0 0 0 2 0 0 0 0 0 2 0 0 1 0 1 0 0 0 0 0 0 0 0 0 0 0 0 0 0 0 0 0 0 0 0 0 0 0 0 0 0 0 0 1 0 0 0 0 0 0 2 0 0 0 0 0 0 0 0 0 1 0 0 0 0 
1
0 0 0 0 0 0 0 0 0 
0 0 1 0 0 2 2 0 0 0 0 0 0 0 0 0 1 0 0 2 0 0 0 0 0 2 0 0 1 0 1 0 0 0 0 0 0 0 0 0 0 0 0 0 0 0 0 0 0 0 0 0 0 0 0 0 0 0 0 1 0 0 0 0 0 0 2 0 0 0 0 0 0 0 0 0 1 0 0 0 0 
0 0 1 0 0 2 2 0 0 0 0 0 0 0 0 0 1 0 0 2 0 0 0 0 0 2 0 0 1 0 1 0 0 0 0 0 0 0 0 0 0 0 0 0 0 0 0 0 0 0 0 0 0 0 0 0 0 0 0 1 0 0 0 0 0 0 2 0 0 0 0 0 0 0 0 0 1 0 0 0 0 
1
0 0 0 0 0 0 0 0 0 
0 0 1 0 0 2 2 0 0 0 0 0 0 0 0 0 1 0 0 2 0 0 0 0 0 2 0 0 1 0 1 0 0 0 0 0 0 0 0 0 0 0 0 0 0 0 0 0 2 0 0 0 0 0 0 0 0 0 0 1 0 0 0 0 0 0 2 0 0 0 0 0 0 0 0 0 1 0 0 0 0 
0 0 1 0 0 2 2 0 0 0 0 0 0 0 0 0 1 0 0 2 0 0 0 0 0 2 0 0 1 0 1 0 0 0 0 0 0 0 0 0 0 0 0 0 0 0 0 0 2 0 0 0 0 0 0 0 0 0 0 1 0 0 0 0 0 0 2 0 0 0 0 0 0 0 0 0 1 0 0 0 0 
1
0 0 0 0 0 0 0 0 0 
0 0 1 0 0 2 2 0 0 0 0 0 0 0 0 0 1 0 0 2 0 0 0 0 0 2 0 0 1 0 1 0 0 0 0 0 0 0 0 0 0 0 0 0 0 0 0 0 2 0 0 0 0 0 0 0 0 0 0 1 0 0 0 0 1 0 2 0 0 0 0 0 0 0 0 0 1 0 0 0 0 
0 0 1 0 0 2 2 0 0 0 0 0 0 0 0 0 1 0 0 2 0 0 0 0 0 2 0 0 1 0 1 0 0 0 0 0 0 0 0 0 0 0 0 0 0 0 0 0 2 0 0 0 0 0 0 0 0 0 0 1 0 0 0 0 1 0 2 0 0 0 0 0 0 0 0 0 1 0 0 0 0 
1
0 0 0 0 0 0 0 0 0 
0 0 1 0 0 2 2 0 0 0 0 0 0 0 0 0 1 0 0 2 0 0 0 0 0 2 0 0 1 0 1 0 0 0 0 0 0 0 0 0 2 0 0 0 0 0 0 0 2 0 0 0 0 0 0 0 0 0 0 1 0 0 0 0 1 0 2 0 0 0 0 0 0 0 0 0 1 0 0 0 0 
0 0 1 0 0 2 2 0 0 0 0 0 0 0 0 0 1 0 0 2 0 0 0 0 0 2 0 0 1 0 1 0 0 0 0 0 0 0 0 0 2 0 0 0 0 0 0 0 2 0 0 0 0 0 0 0 0 0 0 1 0 0 0 0 1 0 2 0 0 0 0 0 0 0 0 0 1 0 0 0 0 
1
0 0 0 0 0 0 0 0 0 
0 0 1 0 0 2 2 0 0 0 0 0 0 0 0 0 1 0 0 2 0 0 0 0 0 2 0 0 1 0 1 0 0 0 0 0 0 0 0 0 2 0 0 0 0 0 0 0 2 0 1 0 0 0 0 0 0 0 0 1 0 0 0 0 1 0 2 0 0 0 0 0 0 0 0 0 1 0 0 0 0 
0 0 1 0 0 2 2 0 0 0 0 0 0 0 0 0 1 0 0 2 0 0 0 0 0 2 0 0 1 0 1 0 0 0 0 0 0 0 0 0 2 0 0 0 0 0 0 0 2 0 1 0 0 0 0 0 0 0 0 1 0 0 0 0 1 0 2 0 0 0 0 0 0 0 0 0 1 0 0 0 0 
1
0 0 0 0 0 0 0 0 0 
0 0 1 0 0 2 2 0 0 0 0 0 0 0 0 0 1 0 0 2 0 0 0 0 0 2 0 0 1 0 1 0 0 0 0 0 0 0 0 0 2 0 0 0 0 0 0 0 2 0 1 0 0 0 0 0 0 0 0 1 0 0 0 0 1 0 2 0 0 0 2 0 0 0 0 0 1 0 0 0 0 
0 0 1 0 0 2 2 0 0 0 0 0 0 0 0 0 1 0 0 2 0 0 0 0 0 2 0 0 1 0 1 0 0 0 0 0 0 0 0 0 2 0 0 0 0 0 0 0 2 0 1 0 0 0 0 0 0 0 0 1 0 0 0 0 1 0 2 0 0 0 2 0 0 0 0 0 1 0 0 0 0 
1
0 0 0 0 0 0 0 0 0 
0 0 1 0 0 2 2 0 0 0 0 0 0 0 0 0 1 0 0 2 0 0 0 0 0 2 0 0 1 0 1 0 0 0 0 0 0 0 0 0 2 1 0 0 0 0 0 0 2 0 1 0 0 0 0 0 0 0 0 1 0 0 0 0 1 0 2 0 0 0 2 0 0 0 0 0 1 0 0 0 0 
0 0 1 0 0 2 2 0 0 0 0 0 0 0 0 0 1 0 0 2 0 0 0 0 0 2 0 0 1 0 1 0 0 0 0 0 0 0 0 0 2 1 0 0 0 0 0 0 2 0 1 0 0 0 0 0 0 0 0 1 0 0 0 0 1 0 2 0 0 0 2 0 0 0 0 0 1 0 0 0 0 
1
0 0 0 0 0 0 0 0 0 
0 0 1 0 0 2 2 0 0 0 0 0 0 0 0 0 1 0 0 2 0 0 0 0 0 2 0 0 1 0 1 0 0 0 2 0 0 0 0 0 2 1 0 0 0 0 0 0 2 0 1 0 0 0 0 0 0 0 0 1 0 0 0 0 1 0 2 0 0 0 2 0 0 0 0 0 1 0 0 0 0 
0 0 1 0 0 2 2 0 0 0 0 0 0 0 0 0 1 0 0 2 0 0 0 0 0 2 0 0 1 0 1 0 0 0 2 0 0 0 0 0 2 1 0 0 0 0 0 0 2 0 1 0 0 0 0 0 0 0 0 1 0 0 0 0 1 0 2 0 0 0 2 0 0 0 0 0 1 0 0 0 0 
1
0 0 0 0 0 0 0 0 0 
0 0 1 0 0 2 2 0 0 0 0 0 0 0 0 0 1 0 0 2 0 0 1 0 0 2 0 0 1 0 1 0 0 0 2 0 0 0 0 0 2 1 0 0 0 0 0 0 2 0 1 0 0 0 0 0 0 0 0 1 0 0 0 0 1 0 2 0 0 0 2 0 0 0 0 0 1 0 0 0 0 
0 0 1 0 0 2 2 0 0 0 0 0 0 0 0 0 1 0 0 2 0 0 1 0 0 2 0 0 1 0 1 0 0 0 2 0 0 0 0 0 2 1 0 0 0 0 0 0 2 0 1 0 0 0 0 0 0 0 0 1 0 0 0 0 1 0 2 0 0 0 2 0 0 0 0 0 1 0 0 0 0 
1
0 0 0 0 0 0 0 0 0 
0 0 1 0 0 2 2 0 0 0 0 0 0 0 0 0 1 0 0 2 0 0 1 0 0 2 0 0 1 0 1 0 0 0 2 0 0 0 0 0 2 1 0 0 0 0 0 0 2 0 1 0 0 0 0 0 0 0 0 1 0 0 0 0 1 0 2 0 0 0 2 0 0 0 0 0 1 2 0 0 0 
0 0 1 0 0 2 2 0 0 0 0 0 0 0 0 0 1 0 0 2 0 0 1 0 0 2 0 0 1 0 1 0 0 0 2 0 0 0 0 0 2 1 0 0 0 0 0 0 2 0 1 0 0 0 0 0 0 0 0 1 0 0 0 0 1 0 2 0 0 0 2 0 0 0 0 0 1 2 0 0 0 
1
0 0 0 0 0 0 0 0 0 
0 0 1 0 0 2 2 0 0 0 0 0 0 0 0 0 1 0 0 2 0 0 1 0 0 2 0 0 1 0 1 0 0 0 2 0 0 0 0 0 2 1 0 0 0 0 0 0 2 0 1 0 0 0 0 0 0 0 0 1 0 1 0 0 1 0 2 0 0 0 2 0 0 0 0 0 1 2 0 0 0 
0 0 1 0 0 2 2 0 0 0 0 0 0 0 0 0 1 0 0 2 0 0 1 0 0 2 0 0 1 0 1 0 0 0 2 0 0 0 0 0 2 1 0 0 0 0 0 0 2 0 1 0 0 0 0 0 0 0 0 1 0 1 0 0 1 0 2 0 0 0 2 0 0 0 0 0 1 2 0 0 0 
1
0 0 0 0 0 0 0 0 0 
0 0 1 0 0 2 2 0 0 0 0 0 2 0 0 0 1 0 0 2 0 0 1 0 0 2 0 0 1 0 1 0 0 0 2 0 0 0 0 0 2 1 0 0 0 0 0 0 2 0 1 0 0 0 0 0 0 0 0 1 0 1 0 0 1 0 2 0 0 0 2 0 0 0 0 0 1 2 0 0 0 
0 0 1 0 0 2 2 0 0 0 0 0 2 0 0 0 1 0 0 2 0 0 1 0 0 2 0 0 1 0 1 0 0 0 2 0 0 0 0 0 2 1 0 0 0 0 0 0 2 0 1 0 0 0 0 0 0 0 0 1 0 1 0 0 1 0 2 0 0 0 2 0 0 0 0 0 1 2 0 0 0 
1
0 0 0 0 0 0 0 0 0 
0 0 1 0 0 2 2 0 0 0 0 0 2 0 0 0 1 0 0 2 0 0 1 0 0 2 0 0 1 0 1 0 0 0 2 0 0 0 1 0 2 1 0 0 0 0 0 0 2 0 1 0 0 0 0 0 0 0 0 1 0 1 0 0 1 0 2 0 0 0 2 0 0 0 0 0 1 2 0 0 0 
0 0 1 0 0 2 2 0 0 0 0 0 2 0 0 0 1 0 0 2 0 0 1 0 0 2 0 0 1 0 1 0 0 0 2 0 0 0 1 0 2 1 0 0 0 0 0 0 2 0 1 0 0 0 0 0 0 0 0 1 0 1 0 0 1 0 2 0 0 0 2 0 0 0 0 0 1 2 0 0 0 
1
0 0 0 0 0 0 0 0 0 
0 0 1 0 0 2 2 0 0 0 0 0 2 0 0 0 1 0 0 2 0 0 1 0 0 2 0 0 1 0 1 0 0 0 2 0 0 0 1 0 2 1 0 0 0 0 0 0 2 0 1 0 0 2 0 0 0 0 0 1 0 1 0 0 1 0 2 0 0 0 2 0 0 0 0 0 1 2 0 0 0 
0 0 1 0 0 2 2 0 0 0 0 0 2 0 0 0 1 0 0 2 0 0 1 0 0 2 0 0 1 0 1 0 0 0 2 0 0 0 1 0 2 1 0 0 0 0 0 0 2 0 1 0 0 2 0 0 0 0 0 1 0 1 0 0 1 0 2 0 0 0 2 0 0 0 0 0 1 2 0 0 0 
1
0 0 0 0 0 0 0 0 0 
0 0 1 0 0 2 2 0 0 0 0 0 2 0 0 0 1 0 0 2 0 0 1 0 0 2 0 0 1 0 1 0 0 0 2 0 0 0 1 0 2 1 0 0 0 0 0 0 2 0 1 0 0 2 0 0 0 0 0 1 0 1 0 0 1 0 2 0 0 0 2 0 0 0 0 0 1 2 0 0 1 
0 0 1 0 0 2 2 0 0 0 0 0 2 0 0 0 1 0 0 2 0 0 1 0 0 2 0 0 1 0 1 0 0 0 2 0 0 0 1 0 2 1 0 0 0 0 0 0 2 0 1 0 0 2 0 0 0 0 0 1 0 1 0 0 1 0 2 0 0 0 2 0 0 0 0 0 1 2 0 0 1 
1
0 0 0 0 0 0 0 0 0 
0 0 1 0 0 2 2 0 0 0 0 0 2 0 0 0 1 0 0 2 0 0 1 0 0 2 0 0 1 0 1 0 0 0 2 0 0 0 1 0 2 1 0 0 0 0 0 0 2 0 1 0 0 2 0 0 0 0 0 1 0 1 0 0 1 0 2 0 0 0 2 2 0 0 0 0 1 2 0 0 1 
0 0 1 0 0 2 2 0 0 0 0 0 2 0 0 0 1 0 0 2 0 0 1 0 0 2 0 0 1 0 1 0 0 0 2 0 0 0 1 0 2 1 0 0 0 0 0 0 2 0 1 0 0 2 0 0 0 0 0 1 0 1 0 0 1 0 2 0 0 0 2 2 0 0 0 0 1 2 0 0 1 
1
0 0 0 0 0 0 0 0 0 
0 0 1 0 0 2 2 0 0 0 0 0 2 0 0 0 1 0 0 2 0 0 1 0 0 2 0 0 1 0 1 0 0 0 2 0 0 0 1 0 2 1 0 0 0 0 0 0 2 0 1 0 1 2 0 0 0 0 0 1 0 1 0 0 1 0 2 0 0 0 2 2 0 0 0 0 1 2 0 0 1 
0 0 1 0 0 2 2 0 0 0 0 0 2 0 0 0 1 0 0 2 0 0 1 0 0 2 0 0 1 0 1 0 0 0 2 0 0 0 1 0 2 1 0 0 0 0 0 0 2 0 1 0 1 2 0 0 0 0 0 1 0 1 0 0 1 0 2 0 0 0 2 2 0 0 0 0 1 2 0 0 1 
1
0 0 0 0 0 0 0 0 0 
0 0 1 0 0 2 2 0 0 0 0 0 2 0 0 0 1 0 0 2 0 0 1 0 0 2 0 0 1 0 1 0 0 0 2 0 0 0 1 0 2 1 0 0 0 0 0 0 2 0 1 0 1 2 0 0 0 0 0 1 0 1 0 0 1 0 2 2 0 0 2 2 0 0 0 0 1 2 0 0 1 
0 0 1 0 0 2 2 0 0 0 0 0 2 0 0 0 1 0 0 2 0 0 1 0 0 2 0 0 1 0 1 0 0 0 2 0 0 0 1 0 2 1 0 0 0 0 0 0 2 0 1 0 1 2 0 0 0 0 0 1 0 1 0 0 1 0 2 2 0 0 2 2 0 0 0 0 1 2 0 0 1 
1
0 0 0 0 0 0 0 0 0 
0 0 1 0 0 2 2 0 0 0 0 0 2 0 0 0 1 0 0 2 0 0 1 0 0 2 0 0 1 0 1 1 0 0 2 0 0 0 1 0 2 1 0 0 0 0 0 0 2 0 1 0 1 2 0 0 0 0 0 1 0 1 0 0 1 0 2 2 0 0 2 2 0 0 0 0 1 2 0 0 1 
0 0 1 0 0 2 2 0 0 0 0 0 2 0 0 0 1 0 0 2 0 0 1 0 0 2 0 0 1 0 1 1 0 0 2 0 0 0 1 0 2 1 0 0 0 0 0 0 2 0 1 0 1 2 0 0 0 0 0 1 0 1 0 0 1 0 2 2 0 0 2 2 0 0 0 0 1 2 0 0 1 
1
0 0 0 0 0 0 0 0 0 
0 0 1 0 0 2 2 0 0 0 0 0 2 0 0 0 1 0 0 2 0 0 1 2 0 2 0 0 1 0 1 1 0 0 2 0 0 0 1 0 2 1 0 0 0 0 0 0 2 0 1 0 1 2 0 0 0 0 0 1 0 1 0 0 1 0 2 2 0 0 2 2 0 0 0 0 1 2 0 0 1 
0 0 1 0 0 2 2 0 0 0 0 0 2 0 0 0 1 0 0 2 0 0 1 2 0 2 0 0 1 0 1 1 0 0 2 0 0 0 1 0 2 1 0 0 0 0 0 0 2 0 1 0 1 2 0 0 0 0 0 1 0 1 0 0 1 0 2 2 0 0 2 2 0 0 0 0 1 2 0 0 1 
1
0 0 0 0 0 0 0 0 0 
0 0 1 0 0 2 2 0 0 0 0 0 2 0 0 0 1 0 0 2 0 0 1 2 0 2 0 0 1 0 1 1 0 0 2 0 0 0 1 0 2 1 0 0 0 0 0 0 2 0 1 0 1 2 0 0 0 0 0 1 0 1 0 0 1 0 2 2 0 0 2 2 0 0 0 0 1 2 0 1 1 
0 0 1 0 0 2 2 0 0 0 0 0 2 0 0 0 1 0 0 2 0 0 1 2 0 2 0 0 1 0 1 1 0 0 2 0 0 0 1 0 2 1 0 0 0 0 0 0 2 0 1 0 1 2 0 0 0 0 0 1 0 1 0 0 1 0 2 2 0 0 2 2 0 0 0 0 1 2 0 1 1 
1
0 0 0 0 0 0 0 2 0 
0 0 1 0 0 2 2 0 0 0 0 0 2 0 0 0 1 0 0 2 0 0 1 2 0 2 0 0 1 0 1 1 0 0 2 0 0 0 1 0 2 1 0 0 0 0 0 0 2 0 1 0 1 2 0 0 0 0 0 1 0 1 0 0 1 0 2 2 2 0 2 2 0 0 0 0 1 2 0 1 1 
0 0 1 0 0 2 2 0 0 0 0 0 2 0 0 0 1 0 0 2 0 0 1 2 0 2 0 0 1 0 1 1 0 0 2 0 0 0 1 0 2 1 0 0 0 0 0 0 2 0 1 0 1 2 0 0 0 32 32 33 0 1 0 0 1 0 34 34 34 0 2 2 0 0 0 32 33 34 0 1 1 
1
0 0 0 0 0 0 0 2 0 
0 0 1 0 0 2 2 0 0 0 0 0 2 0 0 0 1 0 0 2 0 0 1 2 0 2 0 0 1 0 1 1 0 0 2 0 0 0 1 0 2 1 0 0 1 0 0 0 2 0 1 0 1 2 0 0 0 0 0 1 0 1 0 0 1 0 2 2 2 0 2 2 0 0 0 0 1 2 0 1 1 
0 0 1 0 0 2 2 0 0 0 0 0 2 0 0 0 1 0 0 2 0 0 1 2 0 2 0 0 1 0 1 1 0 0 2 0 0 0 1 0 2 1 0 0 1 0 0 0 2 0 1 0 1 2 0 0 0 32 32 33 0 1 0 0 1 0 34 34 34 0 2 2 0 0 0 32 33 34 0 1 1 
1
0 0 0 0 0 0 0 2 0 
0 0 1 0 0 2 2 0 0 0 0 0 2 0 0 0 1 0 0 2 0 0 1 2 0 2 0 0 1 0 1 1 0 0 2 2 0 0 1 0 2 1 0 0 1 0 0 0 2 0 1 0 1 2 0 0 0 0 0 1 0 1 0 0 1 0 2 2 2 0 2 2 0 0 0 0 1 2 0 1 1 
0 0 1 0 0 2 2 0 0 0 0 0 2 0 0 0 1 0 0 2 0 0 1 2 0 2 0 0 1 0 1 1 0 0 2 2 0 0 1 0 2 1 0 0 1 0 0 0 2 0 1 0 1 2 0 0 0 32 32 33 0 1 0 0 1 0 34 34 34 0 2 2 0 0 0 32 33 34 0 1 1 
1
0 0 0 0 0 0 0 2 0 
0 0 1 0 0 2 2 0 0 0 0 0 2 0 0 0 1 1 0 2 0 0 1 2 0 2 0 0 1 0 1 1 0 0 2 2 0 0 1 0 2 1 0 0 1 0 0 0 2 0 1 0 1 2 0 0 0 0 0 1 0 1 0 0 1 0 2 2 2 0 2 2 0 0 0 0 1 2 0 1 1 
0 0 1 0 0 2 2 0 0 0 0 0 2 0 0 0 1 1 0 2 0 0 1 2 0 2 0 0 1 0 1 1 0 0 2 2 0 0 1 0 2 1 0 0 1 0 0 0 2 0 1 0 1 2 0 0 0 32 32 33 0 1 0 0 1 0 34 34 34 0 2 2 0 0 0 32 33 34 0 1 1 
1
0 0 0 0 0 0 0 2 0 
0 0 1 0 0 2 2 0 0 0 0 0 2 0 0 0 1 1 0 2 0 0 1 2 0 2 0 0 1 0 1 1 0 0 2 2 0 0 1 0 2 1 2 0 1 0 0 0 2 0 1 0 1 2 0 0 0 0 0 1 0 1 0 0 1 0 2 2 2 0 2 2 0 0 0 0 1 2 0 1 1 
0 0 1 0 0 2 2 0 0 0 0 0 2 0 0 0 1 1 0 2 0 0 1 2 0 2 0 0 1 0 1 1 0 0 2 2 0 0 1 0 2 1 2 0 1 0 0 0 2 0 1 0 1 2 0 0 0 32 32 33 0 1 0 0 1 0 34 34 34 0 2 2 0 0 0 32 33 34 0 1 1 
1
0 0 0 0 0 0 0 2 0 
0 0 1 0 0 2 2 0 0 0 0 0 2 0 0 0 1 1 0 2 0 0 1 2 0 2 0 0 1 0 1 1 0 0 2 2 1 0 1 0 2 1 2 0 1 0 0 0 2 0 1 0 1 2 0 0 0 0 0 1 0 1 0 0 1 0 2 2 2 0 2 2 0 0 0 0 1 2 0 1 1 
0 0 1 0 0 2 2 0 0 0 0 0 2 0 0 0 1 1 0 2 0 0 1 2 0 2 0 0 1 0 1 1 0 0 2 2 1 0 1 0 2 1 2 0 1 0 0 0 2 0 1 0 1 2 0 0 0 32 32 33 0 1 0 0 1 0 34 34 34 0 2 2 0 0 0 32 33 34 0 1 1 
1
0 0 0 0 0 0 0 2 0 
0 0 1 0 0 2 2 0 0 0 0 0 2 0 0 0 1 1 0 2 0 0 1 2 0 2 0 0 1 0 1 1 0 0 2 2 1 0 1 0 2 1 2 0 1 0 2 0 2 0 1 0 1 2 0 0 0 0 0 1 0 1 0 0 1 0 2 2 2 0 2 2 0 0 0 0 1 2 0 1 1 
0 0 1 0 0 2 2 0 0 0 0 0 2 0 0 0 1 1 0 2 0 0 1 2 0 2 0 0 1 0 1 1 0 0 2 2 1 0 1 0 2 1 2 0 1 0 2 0 2 0 1 0 1 2 0 0 0 32 32 33 0 1 0 0 1 0 34 34 34 0 2 2 0 0 0 32 33 34 0 1 1 
1
0 0 0 0 0 0 0 2 0 
0 0 1 0 0 2 2 0 0 0 0 0 2 0 0 0 1 1 0 2 0 0 1 2 0 2 0 0 1 0 1 1 0 0 2 2 1 0 1 0 2 1 2 0 1 0 2 0 2 0 1 0 1 2 0 0 0 0 0 1 0 1 0 0 1 1 2 2 2 0 2 2 0 0 0 0 1 2 0 1 1 
0 0 1 0 0 2 2 0 0 0 0 0 2 0 0 0 1 1 0 2 0 0 1 2 0 2 0 0 1 0 1 1 0 0 2 2 1 0 1 0 2 1 2 0 1 0 2 0 2 0 1 0 1 2 0 0 0 32 32 33 0 1 0 0 1 1 34 34 34 0 2 2 0 0 0 32 33 34 0 1 1 
1
0 0 0 0 0 2 0 2 0 
0 0 1 0 0 2 2 0 0 0 0 0 2 0 0 0 1 1 0 2 0 0 1 2 0 2 0 0 1 0 1 1 0 2 2 2 1 0 1 0 2 1 2 0 1 0 2 0 2 0 1 0 1 2 0 0 0 0 0 1 0 1 0 0 1 1 2 2 2 0 2 2 0 0 0 0 1 2 0 1 1 
0 0 1 0 0 2 2 0 0 0 0 0 2 0 0 0 1 1 0 2 0 0 1 2 0 2 0 0 1 0 1 1 0 34 34 34 1 0 1 0 2 1 34 32 33 0 2 0 2 0 1 32 33 34 0 0 0 32 32 33 0 1 0 0 1 1 34 34 34 0 2 2 0 0 0 32 33 34 0 1 1 
1
0 0 0 0 0 2 0 2 0 
0 0 1 0 0 2 2 0 0 0 0 0 2 0 0 0 1 1 1 2 0 0 1 2 0 2 0 0 1 0 1 1 0 2 2 2 1 0 1 0 2 1 2 0 1 0 2 0 2 0 1 0 1 2 0 0 0 0 0 1 0 1 0 0 1 1 2 2 2 0 2 2 0 0 0 0 1 2 0 1 1 
0 0 1 0 0 2 2 0 0 0 0 0 2 0 0 0 1 1 1 2 0 0 1 2 0 2 0 0 1 0 1 1 0 34 34 34 1 0 1 0 2 1 34 32 33 0 2 0 2 0 1 32 33 34 0 0 0 32 32 33 0 1 0 0 1 1 34 34 34 0 2 2 0 0 0 32 33 34 0 1 1 
1
0 0 0 0 0 2 0 2 0 
0 0 1 0 0 2 2 0 0 0 0 0 2 0 0 0 1 1 1 2 0 0 1 2 0 2 0 0 1 0 1 1 0 2 2 2 1 0 1 0 2 1 2 0 1 0 2 0 2 0 1 0 1 2 0 0 0 0 0 1 0 1 0 2 1 1 2 2 2 0 2 2 0 0 0 0 1 2 0 1 1 
0 0 1 0 0 2 2 0 0 0 0 0 2 0 0 0 1 1 1 2 0 0 1 2 0 2 0 0 1 0 1 1 0 34 34 34 1 0 1 0 2 1 34 32 33 0 2 0 2 0 1 32 33 34 0 0 0 32 32 33 0 1 0 2 1 1 34 34 34 0 2 2 0 0 0 32 33 34 0 1 1 
1
0 0 0 0 0 2 0 2 0 
0 0 1 0 0 2 2 0 0 0 0 0 2 0 0 0 1 1 1 2 0 0 1 2 0 2 0 0 1 0 1 1 0 2 2 2 1 0 1 0 2 1 2 0 1 0 2 1 2 0 1 0 1 2 0 0 0 0 0 1 0 1 0 2 1 1 2 2 2 0 2 2 0 0 0 0 1 2 0 1 1 
0 0 1 0 0 2 2 0 0 0 0 0 2 0 0 0 1 1 1 2 0 0 1 2 0 2 0 0 1 0 1 1 0 34 34 34 1 0 1 0 2 1 34 32 33 0 2 1 2 0 1 32 33 34 0 0 0 32 32 33 0 1 0 2 1 1 34 34 34 0 2 2 0 0 0 32 33 34 0 1 1 
1
0 0 0 0 0 2 0 2 0 
0 0 1 0 0 2 2 0 0 0 0 0 2 0 0 0 1 1 1 2 0 0 1 2 0 2 0 0 1 0 1 1 0 2 2 2 1 0 1 0 2 1 2 0 1 0 2 1 2 0 1 0 1 2 0 0 0 0 0 1 0 1 0 2 1 1 2 2 2 0 2 2 0 0 0 0 1 2 2 1 1 
0 0 1 0 0 2 2 0 0 0 0 0 2 0 0 0 1 1 1 2 0 0 1 2 0 2 0 0 1 0 1 1 0 34 34 34 1 0 1 0 2 1 34 32 33 0 2 1 2 0 1 32 33 34 0 0 0 32 32 33 0 1 0 2 1 1 34 34 34 0 2 2 0 0 0 32 33 34 2 1 1 
1
0 0 0 0 0 2 0 2 0 
0 0 1 0 0 2 2 0 0 0 0 0 2 0 0 0 1 1 1 2 0 0 1 2 0 2 0 0 1 0 1 1 0 2 2 2 1 0 1 0 2 1 2 0 1 0 2 1 2 0 1 0 1 2 1 0 0 0 0 1 0 1 0 2 1 1 2 2 2 0 2 2 0 0 0 0 1 2 2 1 1 
0 0 1 0 0 2 2 0 0 0 0 0 2 0 0 0 1 1 1 2 0 0 1 2 0 2 0 0 1 0 1 1 0 34 34 34 1 0 1 0 2 1 34 32 33 0 2 1 2 0 1 32 33 34 1 0 0 32 32 33 0 1 0 2 1 1 34 34 34 0 2 2 0 0 0 32 33 34 2 1 1 
1
0 0 0 0 0 2 0 2 0 
0 0 1 0 0 2 2 0 0 0 0 2 2 0 0 0 1 1 1 2 0 0 1 2 0 2 0 0 1 0 1 1 0 2 2 2 1 0 1 0 2 1 2 0 1 0 2 1 2 0 1 0 1 2 1 0 0 0 0 1 0 1 0 2 1 1 2 2 2 0 2 2 0 0 0 0 1 2 2 1 1 
0 0 1 0 0 2 2 0 0 0 0 2 2 0 0 0 1 1 1 2 0 0 1 2 0 2 0 0 1 0 1 1 0 34 34 34 1 0 1 0 2 1 34 32 33 0 2 1 2 0 1 32 33 34 1 0 0 32 32 33 0 1 0 2 1 1 34 34 34 0 2 2 0 0 0 32 33 34 2 1 1 
1
0 0 0 0 0 2 0 2 0 
0 0 1 0 0 2 2 0 0 0 0 2 2 0 0 0 1 1 1 2 0 0 1 2 0 2 0 0 1 0 1 1 0 2 2 2 1 0 1 0 2 1 2 0 1 0 2 1 2 0 1 0 1 2 1 0 0 0 0 1 0 1 1 2 1 1 2 2 2 0 2 2 0 0 0 0 1 2 2 1 1 
0 0 1 0 0 2 2 0 0 0 0 2 2 0 0 0 1 1 1 2 0 0 1 2 0 2 0 0 1 0 1 1 0 34 34 34 1 0 1 0 2 1 34 32 33 0 2 1 2 0 1 32 33 34 1 0 0 32 32 33 0 1 1 2 1 1 34 34 34 0 2 2 0 0 0 32 33 34 2 1 1 
1
0 0 0 0 0 2 0 2 0 
0 0 1 0 0 2 2 0 0 0 0 2 2 0 0 0 1 1 1 2 0 0 1 2 0 2 2 0 1 0 1 1 0 2 2 2 1 0 1 0 2 1 2 0 1 0 2 1 2 0 1 0 1 2 1 0 0 0 0 1 0 1 1 2 1 1 2 2 2 0 2 2 0 0 0 0 1 2 2 1 1 
0 0 1 0 0 2 2 0 0 0 0 2 2 0 0 0 1 1 1 2 0 0 1 2 0 2 2 0 1 0 1 1 0 34 34 34 1 0 1 0 2 1 34 32 33 0 2 1 2 0 1 32 33 34 1 0 0 32 32 33 0 1 1 2 1 1 34 34 34 0 2 2 0 0 0 32 33 34 2 1 1 
1
0 0 0 0 0 2 0 2 0 
0 0 1 0 0 2 2 0 0 0 0 2 2 0 0 0 1 1 1 2 0 0 1 2 0 2 2 0 1 0 1 1 0 2 2 2 1 0 1 0 2 1 2 0 1 0 2 1 2 0 1 0 1 2 1 0 0 0 0 1 0 1 1 2 1 1 2 2 2 1 2 2 0 0 0 0 1 2 2 1 1 
0 0 1 0 0 2 2 0 0 0 0 2 2 0 0 0 1 1 1 2 0 0 1 2 0 2 2 0 1 0 1 1 0 34 34 34 1 0 1 0 2 1 34 32 33 0 2 1 2 0 1 32 33 34 1 0 0 32 32 33 0 1 1 2 1 1 34 34 34 1 2 2 0 0 0 32 33 34 2 1 1 
1
0 0 0 0 0 2 0 2 0 
0 0 1 0 0 2 2 0 0 0 0 2 2 0 0 0 1 1 1 2 0 0 1 2 0 2 2 0 1 0 1 1 0 2 2 2 1 0 1 0 2 1 2 0 1 2 2 1 2 0 1 0 1 2 1 0 0 0 0 1 0 1 1 2 1 1 2 2 2 1 2 2 0 0 0 0 1 2 2 1 1 
0 0 1 0 0 2 2 0 0 0 0 2 2 0 0 0 1 1 1 2 0 0 1 2 0 2 2 0 1 0 1 1 0 34 34 34 1 0 1 0 2 1 34 32 33 2 2 1 2 0 1 32 33 34 1 0 0 32 32 33 0 1 1 2 1 1 34 34 34 1 2 2 0 0 0 32 33 34 2 1 1 
1
0 0 0 0 0 2 0 2 0 
0 0 1 0 0 2 2 0 0 0 0 2 2 0 0 0 1 1 1 2 0 0 1 2 0 2 2 0 1 0 1 1 0 2 2 2 1 0 1 0 2 1 2 0 1 2 2 1 2 0 1 0 1 2 1 1 0 0 0 1 0 1 1 2 1 1 2 2 2 1 2 2 0 0 0 0 1 2 2 1 1 
0 0 1 0 0 2 2 0 0 0 0 2 2 0 0 0 1 1 1 2 0 0 1 2 0 2 2 0 1 0 1 1 0 34 34 34 1 0 1 0 2 1 34 32 33 2 2 1 2 0 1 32 33 34 1 1 0 32 32 33 0 1 1 2 1 1 34 34 34 1 2 2 0 0 0 32 33 34 2 1 1 
1
0 0 0 0 0 2 0 2 0 
0 0 1 2 0 2 2 0 0 0 0 2 2 0 0 0 1 1 1 2 0 0 1 2 0 2 2 0 1 0 1 1 0 2 2 2 1 0 1 0 2 1 2 0 1 2 2 1 2 0 1 0 1 2 1 1 0 0 0 1 0 1 1 2 1 1 2 2 2 1 2 2 0 0 0 0 1 2 2 1 1 
0 0 1 2 0 2 2 0 0 0 0 2 2 0 0 0 1 1 1 2 0 0 1 2 0 2 2 0 1 0 1 1 0 34 34 34 1 0 1 0 2 1 34 32 33 2 2 1 2 0 1 32 33 34 1 1 0 32 32 33 0 1 1 2 1 1 34 34 34 1 2 2 0 0 0 32 33 34 2 1 1 
1
0 0 0 0 0 2 0 2 0 
0 1 1 2 0 2 2 0 0 0 0 2 2 0 0 0 1 1 1 2 0 0 1 2 0 2 2 0 1 0 1 1 0 2 2 2 1 0 1 0 2 1 2 0 1 2 2 1 2 0 1 0 1 2 1 1 0 0 0 1 0 1 1 2 1 1 2 2 2 1 2 2 0 0 0 0 1 2 2 1 1 
0 1 1 2 0 2 2 0 0 0 0 2 2 0 0 0 1 1 1 2 0 0 1 2 0 2 2 0 1 0 1 1 0 34 34 34 1 0 1 0 2 1 34 32 33 2 2 1 2 0 1 32 33 34 1 1 0 32 32 33 0 1 1 2 1 1 34 34 34 1 2 2 0 0 0 32 33 34 2 1 1 
1
0 2 0 0 0 2 0 2 0 
0 1 1 2 0 2 2 0 0 0 0 2 2 0 0 0 1 1 1 2 0 2 1 2 0 2 2 0 1 0 1 1 0 2 2 2 1 0 1 0 2 1 2 0 1 2 2 1 2 0 1 0 1 2 1 1 0 0 0 1 0 1 1 2 1 1 2 2 2 1 2 2 0 0 0 0 1 2 2 1 1 
0 1 1 34 32 34 2 0 0 0 0 2 34 32 32 0 1 1 1 2 0 34 33 34 0 2 2 0 1 0 1 1 0 34 34 34 1 0 1 0 2 1 34 32 33 2 2 1 2 0 1 32 33 34 1 1 0 32 32 33 0 1 1 2 1 1 34 34 34 1 2 2 0 0 0 32 33 34 2 1 1 
1
0 2 0 0 0 2 1 2 0 
0 1 1 2 0 2 2 0 0 0 0 2 2 0 0 0 1 1 1 2 0 2 1 2 0 2 2 0 1 0 1 1 0 2 2 2 1 0 1 0 2 1 2 0 1 2 2 1 2 0 1 0 1 2 1 1 1 0 0 1 0 1 1 2 1 1 2 2 2 1 2 2 0 0 0 0 1 2 2 1 1 
0 1 1 34 32 34 2 0 0 0 0 2 34 32 32 0 1 1 1 2 0 34 33 34 0 2 2 0 1 0 1 1 0 34 34 34 1 0 1 0 2 1 34 32 33 2 2 1 2 0 1 32 33 34 17 17 17 32 32 33 0 1 1 18 17 17 34 34 34 1 2 2 16 16 16 32 33 34 2 1 1 
1
0 2 0 0 0 2 1 2 0 
0 1 1 2 0 2 2 0 2 0 0 2 2 0 0 0 1 1 1 2 0 2 1 2 0 2 2 0 1 0 1 1 0 2 2 2 1 0 1 0 2 1 2 0 1 2 2 1 2 0 1 0 1 2 1 1 1 0 0 1 0 1 1 2 1 1 2 2 2 1 2 2 0 0 0 0 1 2 2 1 1 
0 1 1 34 32 34 2 0 2 0 0 2 34 32 32 0 1 1 1 2 0 34 33 34 0 2 2 0 1 0 1 1 0 34 34 34 1 0 1 0 2 1 34 32 33 2 2 1 2 0 1 32 33 34 17 17 17 32 32 33 0 1 1 18 17 17 34 34 34 1 2 2 16 16 16 32 33 34 2 1 1 
1
0 2 1 0 0 2 1 2 0 
0 1 1 2 0 2 2 0 2 0 0 2 2 0 0 1 1 1 1 2 0 2 1 2 0 2 2 0 1 0 1 1 0 2 2 2 1 0 1 0 2 1 2 0 1 2 2 1 2 0 1 0 1 2 1 1 1 0 0 1 0 1 1 2 1 1 2 2 2 1 2 2 0 0 0 0 1 2 2 1 1 
0 1 1 34 32 34 18 16 18 0 0 2 34 32 32 17 17 17 1 2 0 34 33 34 16 18 18 0 1 0 1 1 0 34 34 34 1 0 1 0 2 1 34 32 33 2 2 1 2 0 1 32 33 34 17 17 17 32 32 33 0 1 1 18 17 17 34 34 34 1 2 2 16 16 16 32 33 34 2 1 1 
1
0 2 1 0 0 2 1 2 0 
0 1 1 2 0 2 2 0 2 0 0 2 2 0 0 1 1 1 1 2 0 2 1 2 0 2 2 2 1 0 1 1 0 2 2 2 1 0 1 0 2 1 2 0 1 2 2 1 2 0 1 0 1 2 1 1 1 0 0 1 0 1 1 2 1 1 2 2 2 1 2 2 0 0 0 0 1 2 2 1 1 
0 1 1 34 32 34 18 16 18 0 0 2 34 32 32 17 17 17 1 2 0 34 33 34 16 18 18 2 1 0 1 1 0 34 34 34 1 0 1 0 2 1 34 32 33 2 2 1 2 0 1 32 33 34 17 17 17 32 32 33 0 1 1 18 17 17 34 34 34 1 2 2 16 16 16 32 33 34 2 1 1 
1
0 2 1 0 0 2 1 2 0 
0 1 1 2 0 2 2 0 2 0 0 2 2 0 0 1 1 1 1 2 1 2 1 2 0 2 2 2 1 0 1 1 0 2 2 2 1 0 1 0 2 1 2 0 1 2 2 1 2 0 1 0 1 2 1 1 1 0 0 1 0 1 1 2 1 1 2 2 2 1 2 2 0 0 0 0 1 2 2 1 1 
0 1 1 34 32 34 18 16 18 0 0 2 34 32 32 17 17 17 1 2 1 34 33 34 16 18 18 2 1 0 1 1 0 34 34 34 1 0 1 0 2 1 34 32 33 2 2 1 2 0 1 32 33 34 17 17 17 32 32 33 0 1 1 18 17 17 34 34 34 1 2 2 16 16 16 32 33 34 2 1 1 
1
0 2 1 0 0 2 1 2 0 
0 1 1 2 0 2 2 0 2 0 0 2 2 0 0 1 1 1 1 2 1 2 1 2 0 2 2 2 1 0 1 1 0 2 2 2 1 0 1 0 2 1 2 0 1 2 2 1 2 0 1 0 1 2 1 1 1 0 0 1 2 1 1 2 1 1 2 2 2 1 2 2 0 0 0 0 1 2 2 1 1 
0 1 1 34 32 34 18 16 18 0 0 2 34 32 32 17 17 17 1 2 1 34 33 34 16 18 18 2 1 0 1 1 0 34 34 34 1 0 1 0 2 1 34 32 33 2 2 1 2 0 1 32 33 34 17 17 17 32 32 33 2 1 1 18 17 17 34 34 34 1 2 2 16 16 16 32 33 34 2 1 1 
1
0 2 1 0 0 2 1 2 0 
0 1 1 2 0 2 2 0 2 1 0 2 2 0 0 1 1 1 1 2 1 2 1 2 0 2 2 2 1 0 1 1 0 2 2 2 1 0 1 0 2 1 2 0 1 2 2 1 2 0 1 0 1 2 1 1 1 0 0 1 2 1 1 2 1 1 2 2 2 1 2 2 0 0 0 0 1 2 2 1 1 
0 1 1 34 32 34 18 16 18 1 0 2 34 32 32 17 17 17 1 2 1 34 33 34 16 18 18 2 1 0 1 1 0 34 34 34 1 0 1 0 2 1 34 32 33 2 2 1 2 0 1 32 33 34 17 17 17 32 32 33 2 1 1 18 17 17 34 34 34 1 2 2 16 16 16 32 33 34 2 1 1 
1
0 2 1 0 0 2 1 2 0 
0 1 1 2 0 2 2 0 2 1 0 2 2 0 0 1 1 1 1 2 1 2 1 2 0 2 2 2 1 0 1 1 0 2 2 2 1 2 1 0 2 1 2 0 1 2 2 1 2 0 1 0 1 2 1 1 1 0 0 1 2 1 1 2 1 1 2 2 2 1 2 2 0 0 0 0 1 2 2 1 1 
0 1 1 34 32 34 18 16 18 1 0 2 34 32 32 17 17 17 1 2 1 34 33 34 16 18 18 2 1 0 1 1 0 34 34 34 1 2 1 0 2 1 34 32 33 2 2 1 2 0 1 32 33 34 17 17 17 32 32 33 2 1 1 18 17 17 34 34 34 1 2 2 16 16 16 32 33 34 2 1 1 
1
0 2 1 0 1 2 1 2 0 
0 1 1 2 0 2 2 0 2 1 0 2 2 0 0 1 1 1 1 2 1 2 1 2 0 2 2 2 1 0 1 1 1 2 2 2 1 2 1 0 2 1 2 0 1 2 2 1 2 0 1 0 1 2 1 1 1 0 0 1 2 1 1 2 1 1 2 2 2 1 2 2 0 0 0 0 1 2 2 1 1 
0 1 1 34 32 34 18 16 18 1 0 2 34 32 32 17 17 17 1 2 1 34 33 34 16 18 18 2 1 0 17 17 17 34 34 34 1 2 1 16 18 17 34 32 33 2 2 1 18 16 17 32 33 34 17 17 17 32 32 33 2 1 1 18 17 17 34 34 34 1 2 2 16 16 16 32 33 34 2 1 1 
1
0 2 1 0 1 2 1 2 0 
0 1 1 2 0 2 2 0 2 1 0 2 2 0 0 1 1 1 1 2 1 2 1 2 0 2 2 2 1 0 1 1 1 2 2 2 1 2 1 0 2 1 2 0 1 2 2 1 2 0 1 0 1 2 1 1 1 0 0 1 2 1 1 2 1 1 2 2 2 1 2 2 0 0 0 0 1 2 2 1 1 
0 1 1 34 32 34 18 16 18 1 0 2 34 32 32 17 17 17 1 2 1 34 33 34 16 18 18 2 1 0 17 17 17 34 34 34 1 2 1 16 18 17 34 32 33 2 2 1 18 16 17 32 33 34 17 17 17 32 32 33 2 1 1 18 17 17 34 34 34 1 2 2 16 16 16 32 33 34 2 1 1 
1
