0 0 0 0 0 0 0 0 0 
0 0 0 0 0 0 0 0 0 0 0 0 0 0 0 0 0 0 0 0 0 0 0 0 0 0 0 0 0 0 0 0 0 0 0 0 0 0 0 0 0 0 0 0 0 0 0 0 0 0 0 0 0 0 0 0 0 0 0 0 0 0 0 0 0 0 0 0 0 0 0 0 0 0 0 0 0 0 0 1 0 
0 0 0 0 0 0 0 0 0 0 0 0 0 0 0 0 0 0 0 0 0 0 0 0 0 0 0 0 0 0 0 0 0 0 0 0 0 0 0 0 0 0 0 0 0 0 0 0 0 0 0 0 0 0 0 0 0 0 0 0 0 0 0 0 0 0 0 0 0 0 0 0 0 0 0 0 0 0 0 1 0 
0
0 0 0 0 0 0 0 0 0 
0 0 0 0 0 0 0 0 0 0 0 0 0 0 0 0 0 0 0 0 0 0 0 0 0 0 0 0 0 0 0 0 0 0 0 0 0 0 0 0 0 0 0 0 0 0 0 0 0 0 0 0 0 0 0 0 0 0 2 0 0 0 0 0 0 0 0 0 0 0 0 0 0 0 0 0 0 0 0 1 0 
0 0 0 0 0 0 0 0 0 0 0 0 0 0 0 0 0 0 0 0 0 0 0 0 0 0 0 0 0 0 0 0 0 0 0 0 0 0 0 0 0 0 0 0 0 0 0 0 0 0 0 0 0 0 0 0 0 0 2 0 0 0 0 0 0 0 0 0 0 0 0 0 0 0 0 0 0 0 0 1 0 
0
0 0 0 0 0 0 0 0 0 
0 0 0 0 0 0 0 0 0 0 0 0 1 0 0 0 0 0 0 0 0 0 0 0 0 0 0 0 0 0 0 0 0 0 0 0 0 0 0 0 0 0 0 0 0 0 0 0 0 0 0 0 0 0 0 0 0 0 2 0 0 0 0 0 0 0 0 0 0 0 0 0 0 0 0 0 0 0 0 1 0 
0 0 0 0 0 0 0 0 0 0 0 0 1 0 0 0 0 0 0 0 0 0 0 0 0 0 0 0 0 0 0 0 0 0 0 0 0 0 0 0 0 0 0 0 0 0 0 0 0 0 0 0 0 0 0 0 0 0 2 0 0 0 0 0 0 0 0 0 0 0 0 0 0 0 0 0 0 0 0 1 0 
0
0 0 0 0 0 0 0 0 0 
0 0 0 0 0 0 0 0 0 0 0 0 1 0 0 0 0 0 0 0 0 0 0 0 0 0 0 0 0 0 0 0 0 0 0 0 2 0 0 0 0 0 0 0 0 0 0 0 0 0 0 0 0 0 0 0 0 0 2 0 0 0 0 0 0 0 0 0 0 0 0 0 0 0 0 0 0 0 0 1 0 
0 0 0 0 0 0 0 0 0 0 0 0 1 0 0 0 0 0 0 0 0 0 0 0 0 0 0 0 0 0 0 0 0 0 0 0 2 0 0 0 0 0 0 0 0 0 0 0 0 0 0 0 0 0 0 0 0 0 2 0 0 0 0 0 0 0 0 0 0 0 0 0 0 0 0 0 0 0 0 1 0 
0
0 0 0 0 0 0 0 0 0 
0 0 0 0 0 0 0 0 0 0 0 0 1 0 0 0 0 0 0 0 0 0 0 0 0 0 0 0 0 0 0 0 0 0 0 0 2 0 1 0 0 0 0 0 0 0 0 0 0 0 0 0 0 0 0 0 0 0 2 0 0 0 0 0 0 0 0 0 0 0 0 0 0 0 0 0 0 0 0 1 0 
0 0 0 0 0 0 0 0 0 0 0 0 1 0 0 0 0 0 0 0 0 0 0 0 0 0 0 0 0 0 0 0 0 0 0 0 2 0 1 0 0 0 0 0 0 0 0 0 0 0 0 0 0 0 0 0 0 0 2 0 0 0 0 0 0 0 0 0 0 0 0 0 0 0 0 0 0 0 0 1 0 
0
0 0 0 0 0 0 0 0 0 
0 0 0 0 0 0 0 0 0 0 0 0 1 0 0 0 0 0 0 0 0 0 0 0 0 0 0 0 0 0 0 0 0 0 0 0 2 0 1 0 0 0 0 0 0 0 0 0 0 0 0 0 2 0 0 0 0 0 2 0 0 0 0 0 0 0 0 0 0 0 0 0 0 0 0 0 0 0 0 1 0 
0 0 0 0 0 0 0 0 0 0 0 0 1 0 0 0 0 0 0 0 0 0 0 0 0 0 0 0 0 0 0 0 0 0 0 0 2 0 1 0 0 0 0 0 0 0 0 0 0 0 0 0 2 0 0 0 0 0 2 0 0 0 0 0 0 0 0 0 0 0 0 0 0 0 0 0 0 0 0 1 0 
0
0 0 0 0 0 0 0 0 0 
0 0 0 0 0 0 0 0 0 0 0 0 1 0 0 0 0 0 0 0 0 0 0 0 0 0 0 0 0 0 0 0 0 0 0 0 2 0 1 0 0 0 0 0 0 0 0 0 0 0 0 0 2 0 0 0 0 0 2 0 0 0 0 0 0 0 1 0 0 0 0 0 0 0 0 0 0 0 0 1 0 
0 0 0 0 0 0 0 0 0 0 0 0 1 0 0 0 0 0 0 0 0 0 0 0 0 0 0 0 0 0 0 0 0 0 0 0 2 0 1 0 0 0 0 0 0 0 0 0 0 0 0 0 2 0 0 0 0 0 2 0 0 0 0 0 0 0 1 0 0 0 0 0 0 0 0 0 0 0 0 1 0 
0
0 0 0 0 0 0 0 0 0 
0 0 0 0 0 0 0 0 0 0 0 0 1 0 0 0 0 0 0 0 0 0 0 0 0 0 0 2 0 0 0 0 0 0 0 0 2 0 1 0 0 0 0 0 0 0 0 0 0 0 0 0 2 0 0 0 0 0 2 0 0 0 0 0 0 0 1 0 0 0 0 0 0 0 0 0 0 0 0 1 0 
0 0 0 0 0 0 0 0 0 0 0 0 1 0 0 0 0 0 0 0 0 0 0 0 0 0 0 2 0 0 0 0 0 0 0 0 2 0 1 0 0 0 0 0 0 0 0 0 0 0 0 0 2 0 0 0 0 0 2 0 0 0 0 0 0 0 1 0 0 0 0 0 0 0 0 0 0 0 0 1 0 
0
0 0 0 0 0 0 0 0 0 
0 0 1 0 0 0 0 0 0 0 0 0 1 0 0 0 0 0 0 0 0 0 0 0 0 0 0 2 0 0 0 0 0 0 0 0 2 0 1 0 0 0 0 0 0 0 0 0 0 0 0 0 2 0 0 0 0 0 2 0 0 0 0 0 0 0 1 0 0 0 0 0 0 0 0 0 0 0 0 1 0 
0 0 1 0 0 0 0 0 0 0 0 0 1 0 0 0 0 0 0 0 0 0 0 0 0 0 0 2 0 0 0 0 0 0 0 0 2 0 1 0 0 0 0 0 0 0 0 0 0 0 0 0 2 0 0 0 0 0 2 0 0 0 0 0 0 0 1 0 0 0 0 0 0 0 0 0 0 0 0 1 0 
0
0 0 0 0 0 0 0 0 0 
0 0 1 0 0 0 0 0 0 0 0 0 1 0 0 0 0 2 0 0 0 0 0 0 0 0 0 2 0 0 0 0 0 0 0 0 2 0 1 0 0 0 0 0 0 0 0 0 0 0 0 0 2 0 0 0 0 0 2 0 0 0 0 0 0 0 1 0 0 0 0 0 0 0 0 0 0 0 0 1 0 
0 0 1 0 0 0 0 0 0 0 0 0 1 0 0 0 0 2 0 0 0 0 0 0 0 0 0 2 0 0 0 0 0 0 0 0 2 0 1 0 0 0 0 0 0 0 0 0 0 0 0 0 2 0 0 0 0 0 2 0 0 0 0 0 0 0 1 0 0 0 0 0 0 0 0 0 0 0 0 1 0 
0
0 0 0 0 0 0 0 0 0 
0 0 1 0 0 0 0 0 0 0 0 0 1 0 0 0 0 2 0 0 0 0 0 0 0 0 0 2 0 0 0 0 0 0 0 0 2 0 1 0 0 0 1 0 0 0 0 0 0 0 0 0 2 0 0 0 0 0 2 0 0 0 0 0 0 0 1 0 0 0 0 0 0 0 0 0 0 0 0 1 0 
0 0 1 0 0 0 0 0 0 0 0 0 1 0 0 0 0 2 0 0 0 0 0 0 0 0 0 2 0 0 0 0 0 0 0 0 2 0 1 0 0 0 1 0 0 0 0 0 0 0 0 0 2 0 0 0 0 0 2 0 0 0 0 0 0 0 1 0 0 0 0 0 0 0 0 0 0 0 0 1 0 
0
0 0 0 2 0 0 0 0 0 
0 0 1 0 0 0 0 0 0 0 0 0 1 0 0 0 0 2 0 0 0 0 0 0 0 0 0 2 0 0 0 0 0 0 0 0 2 0 1 0 0 0 1 0 0 2 0 0 0 0 0 0 2 0 0 0 0 0 2 0 0 0 0 0 0 0 1 0 0 0 0 0 0 0 0 0 0 0 0 1 0 
0 0 1 0 0 0 0 0 0 0 0 0 1 0 0 0 0 2 0 0 0 0 0 0 0 0 0 34 32 32 0 0 0 0 0 0 34 32 33 0 0 0 1 0 0 34 32 32 0 0 0 0 2 0 0 0 0 0 2 0 0 0 0 0 0 0 1 0 0 0 0 0 0 0 0 0 0 0 0 1 0 
0
0 0 0 2 0 0 0 0 0 
0 0 1 0 0 0 0 0 0 0 0 0 1 0 0 0 0 2 0 0 0 0 0 0 0 0 0 2 0 0 0 0 0 0 0 0 2 0 1 0 0 0 1 0 0 2 0 0 0 0 0 0 2 0 0 0 0 0 2 0 0 0 0 1 0 0 1 0 0 0 0 0 0 0 0 0 0 0 0 1 0 
0 0 1 0 0 0 0 0 0 0 0 0 1 0 0 0 0 2 0 0 0 0 0 0 0 0 0 34 32 32 0 0 0 0 0 0 34 32 33 0 0 0 1 0 0 34 32 32 0 0 0 0 2 0 0 0 0 0 2 0 0 0 0 1 0 0 1 0 0 0 0 0 0 0 0 0 0 0 0 1 0 
0
0 0 0 2 0 0 0 0 0 
0 0 1 0 0 0 0 0 0 0 0 0 1 0 0 0 0 2 0 0 0 0 0 0 0 0 0 2 0 0 0 0 0 0 0 0 2 0 1 0 0 0 1 2 0 2 0 0 0 0 0 0 2 0 0 0 0 0 2 0 0 0 0 1 0 0 1 0 0 0 0 0 0 0 0 0 0 0 0 1 0 
0 0 1 0 0 0 0 0 0 0 0 0 1 0 0 0 0 2 0 0 0 0 0 0 0 0 0 34 32 32 0 0 0 0 0 0 34 32 33 0 0 0 1 2 0 34 32 32 0 0 0 0 2 0 0 0 0 0 2 0 0 0 0 1 0 0 1 0 0 0 0 0 0 0 0 0 0 0 0 1 0 
0
0 0 0 2 0 0 0 0 0 
0 0 1 0 0 0 0 0 0 0 0 0 1 0 0 0 0 2 0 0 0 0 0 0 0 0 0 2 0 0 0 0 0 0 0 0 2 0 1 1 0 0 1 2 0 2 0 0 0 0 0 0 2 0 0 0 0 0 2 0 0 0 0 1 0 0 1 0 0 0 0 0 0 0 0 0 0 0 0 1 0 
0 0 1 0 0 0 0 0 0 0 0 0 1 0 0 0 0 2 0 0 0 0 0 0 0 0 0 34 32 32 0 0 0 0 0 0 34 32 33 1 0 0 1 2 0 34 32 32 0 0 0 0 2 0 0 0 0 0 2 0 0 0 0 1 0 0 1 0 0 0 0 0 0 0 0 0 0 0 0 1 0 
0
0 0 0 2 0 0 0 0 0 
0 0 1 0 0 0 0 0 0 0 0 0 1 0 0 0 0 2 0 0 0 0 0 0 0 0 0 2 0 0 0 0 2 0 0 0 2 0 1 1 0 0 1 2 0 2 0 0 0 0 0 0 2 0 0 0 0 0 2 0 0 0 0 1 0 0 1 0 0 0 0 0 0 0 0 0 0 0 0 1 0 
0 0 1 0 0 0 0 0 0 0 0 0 1 0 0 0 0 2 0 0 0 0 0 0 0 0 0 34 32 32 0 0 2 0 0 0 34 32 33 1 0 0 1 2 0 34 32 32 0 0 0 0 2 0 0 0 0 0 2 0 0 0 0 1 0 0 1 0 0 0 0 0 0 0 0 0 0 0 0 1 0 
0
0 0 0 2 0 0 0 0 0 
0 0 1 0 0 0 0 0 0 0 0 0 1 0 0 1 0 2 0 0 0 0 0 0 0 0 0 2 0 0 0 0 2 0 0 0 2 0 1 1 0 0 1 2 0 2 0 0 0 0 0 0 2 0 0 0 0 0 2 0 0 0 0 1 0 0 1 0 0 0 0 0 0 0 0 0 0 0 0 1 0 
0 0 1 0 0 0 0 0 0 0 0 0 1 0 0 1 0 2 0 0 0 0 0 0 0 0 0 34 32 32 0 0 2 0 0 0 34 32 33 1 0 0 1 2 0 34 32 32 0 0 0 0 2 0 0 0 0 0 2 0 0 0 0 1 0 0 1 0 0 0 0 0 0 0 0 0 0 0 0 1 0 
0
0 0 0 2 0 2 0 0 0 
0 0 1 0 0 0 0 0 0 0 0 0 1 0 0 1 0 2 0 0 0 0 0 0 0 0 0 2 0 0 0 0 2 0 2 0 2 0 1 1 0 0 1 2 0 2 0 0 0 0 0 0 2 0 0 0 0 0 2 0 0 0 0 1 0 0 1 0 0 0 0 0 0 0 0 0 0 0 0 1 0 
0 0 1 0 0 0 0 0 0 0 0 0 1 0 0 1 0 2 0 0 0 0 0 0 0 0 0 34 32 32 0 0 2 32 34 32 34 32 33 1 0 0 33 34 32 34 32 32 0 0 0 32 34 32 0 0 0 0 2 0 0 0 0 1 0 0 1 0 0 0 0 0 0 0 0 0 0 0 0 1 0 
0
0 0 0 2 0 2 0 0 0 
0 0 1 0 0 0 0 0 0 0 0 0 1 0 0 1 0 2 0 0 0 1 0 0 0 0 0 2 0 0 0 0 2 0 2 0 2 0 1 1 0 0 1 2 0 2 0 0 0 0 0 0 2 0 0 0 0 0 2 0 0 0 0 1 0 0 1 0 0 0 0 0 0 0 0 0 0 0 0 1 0 
0 0 1 0 0 0 0 0 0 0 0 0 1 0 0 1 0 2 0 0 0 1 0 0 0 0 0 34 32 32 0 0 2 32 34 32 34 32 33 1 0 0 33 34 32 34 32 32 0 0 0 32 34 32 0 0 0 0 2 0 0 0 0 1 0 0 1 0 0 0 0 0 0 0 0 0 0 0 0 1 0 
0
0 0 0 2 0 2 0 0 0 
0 0 1 0 0 0 0 0 0 0 0 0 1 0 0 1 0 2 0 0 0 1 0 0 0 0 0 2 0 0 0 0 2 0 2 0 2 0 1 1 0 0 1 2 0 2 0 0 0 0 0 0 2 0 0 0 0 0 2 0 0 0 0 1 0 0 1 0 0 0 0 0 2 0 0 0 0 0 0 1 0 
0 0 1 0 0 0 0 0 0 0 0 0 1 0 0 1 0 2 0 0 0 1 0 0 0 0 0 34 32 32 0 0 2 32 34 32 34 32 33 1 0 0 33 34 32 34 32 32 0 0 0 32 34 32 0 0 0 0 2 0 0 0 0 1 0 0 1 0 0 0 0 0 2 0 0 0 0 0 0 1 0 
0
0 0 0 2 0 2 0 0 0 
0 0 1 0 0 0 0 0 0 0 0 0 1 0 0 1 0 2 0 0 0 1 0 0 0 0 0 2 0 0 0 0 2 0 2 0 2 0 1 1 0 0 1 2 0 2 0 0 0 0 0 0 2 0 0 0 1 0 2 0 0 0 0 1 0 0 1 0 0 0 0 0 2 0 0 0 0 0 0 1 0 
0 0 1 0 0 0 0 0 0 0 0 0 1 0 0 1 0 2 0 0 0 1 0 0 0 0 0 34 32 32 0 0 2 32 34 32 34 32 33 1 0 0 33 34 32 34 32 32 0 0 0 32 34 32 0 0 1 0 2 0 0 0 0 1 0 0 1 0 0 0 0 0 2 0 0 0 0 0 0 1 0 
0
0 0 0 2 0 2 0 0 0 
0 0 1 0 0 0 0 0 0 0 0 0 1 0 0 1 0 2 0 0 0 1 0 0 0 0 2 2 0 0 0 0 2 0 2 0 2 0 1 1 0 0 1 2 0 2 0 0 0 0 0 0 2 0 0 0 1 0 2 0 0 0 0 1 0 0 1 0 0 0 0 0 2 0 0 0 0 0 0 1 0 
0 0 1 0 0 0 0 0 0 0 0 0 1 0 0 1 0 2 0 0 0 1 0 0 0 0 2 34 32 32 0 0 2 32 34 32 34 32 33 1 0 0 33 34 32 34 32 32 0 0 0 32 34 32 0 0 1 0 2 0 0 0 0 1 0 0 1 0 0 0 0 0 2 0 0 0 0 0 0 1 0 
0
0 0 0 2 0 2 0 0 0 
0 0 1 0 0 0 0 0 0 0 0 0 1 0 0 1 0 2 0 0 0 1 0 0 0 0 2 2 0 0 0 0 2 0 2 0 2 0 1 1 0 0 1 2 0 2 0 0 0 0 0 0 2 0 0 0 1 0 2 0 0 0 0 1 0 0 1 0 0 0 0 0 2 0 0 0 0 0 1 1 0 
0 0 1 0 0 0 0 0 0 0 0 0 1 0 0 1 0 2 0 0 0 1 0 0 0 0 2 34 32 32 0 0 2 32 34 32 34 32 33 1 0 0 33 34 32 34 32 32 0 0 0 32 34 32 0 0 1 0 2 0 0 0 0 1 0 0 1 0 0 0 0 0 2 0 0 0 0 0 1 1 0 
0
0 0 0 2 0 2 0 0 0 
0 0 1 0 0 0 0 0 0 0 0 0 1 0 0 1 0 2 0 0 0 1 0 0 0 0 2 2 0 0 0 0 2 0 2 0 2 0 1 1 0 0 1 2 0 2 0 0 0 0 0 0 2 0 0 0 1 0 2 0 0 0 0 1 2 0 1 0 0 0 0 0 2 0 0 0 0 0 1 1 0 
0 0 1 0 0 0 0 0 0 0 0 0 1 0 0 1 0 2 0 0 0 1 0 0 0 0 2 34 32 32 0 0 2 32 34 32 34 32 33 1 0 0 33 34 32 34 32 32 0 0 0 32 34 32 0 0 1 0 2 0 0 0 0 1 2 0 1 0 0 0 0 0 2 0 0 0 0 0 1 1 0 
0
0 0 0 2 0 2 0 0 0 
0 0 1 0 0 0 0 0 0 0 0 0 1 0 0 1 0 2 0 0 0 1 0 0 0 0 2 2 0 0 1 0 2 0 2 0 2 0 1 1 0 0 1 2 0 2 0 0 0 0 0 0 2 0 0 0 1 0 2 0 0 0 0 1 2 0 1 0 0 0 0 0 2 0 0 0 0 0 1 1 0 
0 0 1 0 0 0 0 0 0 0 0 0 1 0 0 1 0 2 0 0 0 1 0 0 0 0 2 34 32 32 1 0 2 32 34 32 34 32 33 1 0 0 33 34 32 34 32 32 0 0 0 32 34 32 0 0 1 0 2 0 0 0 0 1 2 0 1 0 0 0 0 0 2 0 0 0 0 0 1 1 0 
0
0 0 0 2 0 2 0 0 0 
0 0 1 0 0 0 0 0 0 0 0 0 1 0 0 1 0 2 2 0 0 1 0 0 0 0 2 2 0 0 1 0 2 0 2 0 2 0 1 1 0 0 1 2 0 2 0 0 0 0 0 0 2 0 0 0 1 0 2 0 0 0 0 1 2 0 1 0 0 0 0 0 2 0 0 0 0 0 1 1 0 
0 0 1 0 0 0 0 0 0 0 0 0 1 0 0 1 0 2 2 0 0 1 0 0 0 0 2 34 32 32 1 0 2 32 34 32 34 32 33 1 0 0 33 34 32 34 32 32 0 0 0 32 34 32 0 0 1 0 2 0 0 0 0 1 2 0 1 0 0 0 0 0 2 0 0 0 0 0 1 1 0 
0
0 0 0 2 0 2 0 0 0 
0 0 1 0 0 0 0 0 0 0 0 0 1 0 0 1 0 2 2 0 0 1 0 0 0 0 2 2 0 0 1 0 2 0 2 0 2 0 1 1 0 0 1 2 0 2 0 0 0 0 0 0 2 0 0 1 1 0 2 0 0 0 0 1 2 0 1 0 0 0 0 0 2 0 0 0 0 0 1 1 0 
0 0 1 0 0 0 0 0 0 0 0 0 1 0 0 1 0 2 2 0 0 1 0 0 0 0 2 34 32 32 1 0 2 32 34 32 34 32 33 1 0 0 33 34 32 34 32 32 0 0 0 32 34 32 0 1 1 0 2 0 0 0 0 1 2 0 1 0 0 0 0 0 2 0 0 0 0 0 1 1 0 
0
0 0 0 2 0 2 0 0 0 
0 0 1 0 2 0 0 0 0 0 0 0 1 0 0 1 0 2 2 0 0 1 0 0 0 0 2 2 0 0 1 0 2 0 2 0 2 0 1 1 0 0 1 2 0 2 0 0 0 0 0 0 2 0 0 1 1 0 2 0 0 0 0 1 2 0 1 0 0 0 0 0 2 0 0 0 0 0 1 1 0 
0 0 1 0 2 0 0 0 0 0 0 0 1 0 0 1 0 2 2 0 0 1 0 0 0 0 2 34 32 32 1 0 2 32 34 32 34 32 33 1 0 0 33 34 32 34 32 32 0 0 0 32 34 32 0 1 1 0 2 0 0 0 0 1 2 0 1 0 0 0 0 0 2 0 0 0 0 0 1 1 0 
0
0 1 0 2 0 2 0 0 0 
0 0 1 1 2 0 0 0 0 0 0 0 1 0 0 1 0 2 2 0 0 1 0 0 0 0 2 2 0 0 1 0 2 0 2 0 2 0 1 1 0 0 1 2 0 2 0 0 0 0 0 0 2 0 0 1 1 0 2 0 0 0 0 1 2 0 1 0 0 0 0 0 2 0 0 0 0 0 1 1 0 
0 0 1 17 18 16 0 0 0 0 0 0 17 16 16 1 0 2 2 0 0 17 16 16 0 0 2 34 32 32 1 0 2 32 34 32 34 32 33 1 0 0 33 34 32 34 32 32 0 0 0 32 34 32 0 1 1 0 2 0 0 0 0 1 2 0 1 0 0 0 0 0 2 0 0 0 0 0 1 1 0 
0
0 1 0 2 0 2 0 0 0 
2 0 1 1 2 0 0 0 0 0 0 0 1 0 0 1 0 2 2 0 0 1 0 0 0 0 2 2 0 0 1 0 2 0 2 0 2 0 1 1 0 0 1 2 0 2 0 0 0 0 0 0 2 0 0 1 1 0 2 0 0 0 0 1 2 0 1 0 0 0 0 0 2 0 0 0 0 0 1 1 0 
2 0 1 17 18 16 0 0 0 0 0 0 17 16 16 1 0 2 2 0 0 17 16 16 0 0 2 34 32 32 1 0 2 32 34 32 34 32 33 1 0 0 33 34 32 34 32 32 0 0 0 32 34 32 0 1 1 0 2 0 0 0 0 1 2 0 1 0 0 0 0 0 2 0 0 0 0 0 1 1 0 
0
0 1 0 2 0 2 0 0 0 
2 0 1 1 2 0 0 0 0 0 0 1 1 0 0 1 0 2 2 0 0 1 0 0 0 0 2 2 0 0 1 0 2 0 2 0 2 0 1 1 0 0 1 2 0 2 0 0 0 0 0 0 2 0 0 1 1 0 2 0 0 0 0 1 2 0 1 0 0 0 0 0 2 0 0 0 0 0 1 1 0 
2 0 1 17 18 16 0 0 0 0 0 1 17 16 16 1 0 2 2 0 0 17 16 16 0 0 2 34 32 32 1 0 2 32 34 32 34 32 33 1 0 0 33 34 32 34 32 32 0 0 0 32 34 32 0 1 1 0 2 0 0 0 0 1 2 0 1 0 0 0 0 0 2 0 0 0 0 0 1 1 0 
0
0 1 0 2 0 2 0 0 0 
2 0 1 1 2 0 0 0 0 0 0 1 1 0 0 1 0 2 2 0 0 1 0 0 0 0 2 2 0 0 1 0 2 0 2 0 2 0 1 1 0 0 1 2 0 2 0 0 2 0 0 0 2 0 0 1 1 0 2 0 0 0 0 1 2 0 1 0 0 0 0 0 2 0 0 0 0 0 1 1 0 
2 0 1 17 18 16 0 0 0 0 0 1 17 16 16 1 0 2 2 0 0 17 16 16 0 0 2 34 32 32 1 0 2 32 34 32 34 32 33 1 0 0 33 34 32 34 32 32 2 0 0 32 34 32 0 1 1 0 2 0 0 0 0 1 2 0 1 0 0 0 0 0 2 0 0 0 0 0 1 1 0 
0
0 1 0 2 0 2 1 0 0 
2 0 1 1 2 0 0 0 0 0 0 1 1 0 0 1 0 2 2 0 0 1 0 0 0 0 2 2 0 0 1 0 2 0 2 0 2 0 1 1 0 0 1 2 0 2 0 0 2 0 0 0 2 0 1 1 1 0 2 0 0 0 0 1 2 0 1 0 0 0 0 0 2 0 0 0 0 0 1 1 0 
2 0 1 17 18 16 0 0 0 0 0 1 17 16 16 1 0 2 2 0 0 17 16 16 0 0 2 34 32 32 1 0 2 32 34 32 34 32 33 1 0 0 33 34 32 34 32 32 2 0 0 32 34 32 17 17 17 0 2 0 0 0 0 17 18 16 1 0 0 0 0 0 18 16 16 0 0 0 1 1 0 
0
0 1 0 2 0 2 1 0 0 
2 0 1 1 2 0 0 0 0 0 0 1 1 0 0 1 0 2 2 2 0 1 0 0 0 0 2 2 0 0 1 0 2 0 2 0 2 0 1 1 0 0 1 2 0 2 0 0 2 0 0 0 2 0 1 1 1 0 2 0 0 0 0 1 2 0 1 0 0 0 0 0 2 0 0 0 0 0 1 1 0 
2 0 1 17 18 16 0 0 0 0 0 1 17 16 16 1 0 2 2 2 0 17 16 16 0 0 2 34 32 32 1 0 2 32 34 32 34 32 33 1 0 0 33 34 32 34 32 32 2 0 0 32 34 32 17 17 17 0 2 0 0 0 0 17 18 16 1 0 0 0 0 0 18 16 16 0 0 0 1 1 0 
0
0 1 0 2 0 2 1 0 0 
2 0 1 1 2 0 0 0 0 0 0 1 1 0 0 1 0 2 2 2 0 1 0 0 0 0 2 2 0 0 1 0 2 0 2 0 2 0 1 1 0 0 1 2 0 2 0 0 2 0 0 0 2 0 1 1 1 0 2 0 0 0 0 1 2 0 1 0 0 0 0 0 2 0 0 1 0 0 1 1 0 
2 0 1 17 18 16 0 0 0 0 0 1 17 16 16 1 0 2 2 2 0 17 16 16 0 0 2 34 32 32 1 0 2 32 34 32 34 32 33 1 0 0 33 34 32 34 32 32 2 0 0 32 34 32 17 17 17 0 2 0 0 0 0 17 18 16 1 0 0 0 0 0 18 16 16 1 0 0 1 1 0 
0
0 1 0 2 2 2 1 0 0 
2 0 1 1 2 0 0 0 0 0 0 1 1 0 0 1 0 2 2 2 0 1 0 0 0 0 2 2 0 0 1 0 2 0 2 0 2 0 1 1 2 0 1 2 0 2 0 0 2 0 0 0 2 0 1 1 1 0 2 0 0 0 0 1 2 0 1 0 0 0 0 0 2 0 0 1 0 0 1 1 0 
2 0 1 17 18 16 0 0 0 0 0 1 17 16 16 1 0 2 2 2 0 17 16 16 0 0 2 34 32 32 33 32 34 32 34 32 34 32 33 33 34 32 33 34 32 34 32 32 34 32 32 32 34 32 17 17 17 0 2 0 0 0 0 17 18 16 1 0 0 0 0 0 18 16 16 1 0 0 1 1 0 
0
0 1 0 2 2 2 1 0 0 
2 0 1 1 2 0 0 0 0 0 0 1 1 0 0 1 0 2 2 2 0 1 0 0 0 0 2 2 0 0 1 0 2 0 2 0 2 0 1 1 2 0 1 2 0 2 0 0 2 0 0 0 2 0 1 1 1 0 2 0 0 0 0 1 2 0 1 0 0 0 0 0 2 0 0 1 0 0 1 1 0 
2 0 1 17 18 16 0 0 0 0 0 1 17 16 16 1 0 2 2 2 0 17 16 16 0 0 2 34 32 32 33 32 34 32 34 32 34 32 33 33 34 32 33 34 32 34 32 32 34 32 32 32 34 32 17 17 17 0 2 0 0 0 0 17 18 16 1 0 0 0 0 0 18 16 16 1 0 0 1 1 0 
0
