0 0 0 0 0 0 0 0 0 
0 0 0 0 0 0 0 0 0 0 0 0 0 0 0 0 0 0 0 0 0 0 0 0 0 0 0 0 0 0 0 0 0 0 0 0 0 0 0 0 1 0 0 0 0 0 0 0 0 0 0 0 0 0 0 0 0 0 0 0 0 0 0 0 0 0 0 0 0 0 0 0 0 0 0 0 0 0 0 0 0 
0 0 0 0 0 0 0 0 0 0 0 0 0 0 0 0 0 0 0 0 0 0 0 0 0 0 0 0 0 0 0 0 0 0 0 0 0 0 0 0 1 0 0 0 0 0 0 0 0 0 0 0 0 0 0 0 0 0 0 0 0 0 0 0 0 0 0 0 0 0 0 0 0 0 0 0 0 0 0 0 0 
1
0 0 0 0 0 0 0 0 0 
0 0 0 0 0 0 0 0 0 0 0 0 0 0 0 0 0 0 0 0 0 0 0 0 0 0 0 0 0 0 2 0 0 0 0 0 0 0 0 0 1 0 0 0 0 0 0 0 0 0 0 0 0 0 0 0 0 0 0 0 0 0 0 0 0 0 0 0 0 0 0 0 0 0 0 0 0 0 0 0 0 
0 0 0 0 0 0 0 0 0 0 0 0 0 0 0 0 0 0 0 0 0 0 0 0 0 0 0 0 0 0 2 0 0 0 0 0 0 0 0 0 1 0 0 0 0 0 0 0 0 0 0 0 0 0 0 0 0 0 0 0 0 0 0 0 0 0 0 0 0 0 0 0 0 0 0 0 0 0 0 0 0 
1
0 0 0 0 0 0 0 0 0 
0 0 1 0 0 0 0 0 0 0 0 0 0 0 0 0 0 0 0 0 0 0 0 0 0 0 0 0 0 0 2 0 0 0 0 0 0 0 0 0 1 0 0 0 0 0 0 0 0 0 0 0 0 0 0 0 0 0 0 0 0 0 0 0 0 0 0 0 0 0 0 0 0 0 0 0 0 0 0 0 0 
0 0 1 0 0 0 0 0 0 0 0 0 0 0 0 0 0 0 0 0 0 0 0 0 0 0 0 0 0 0 2 0 0 0 0 0 0 0 0 0 1 0 0 0 0 0 0 0 0 0 0 0 0 0 0 0 0 0 0 0 0 0 0 0 0 0 0 0 0 0 0 0 0 0 0 0 0 0 0 0 0 
1
0 0 0 0 0 0 0 0 0 
0 0 1 0 0 0 0 2 0 0 0 0 0 0 0 0 0 0 0 0 0 0 0 0 0 0 0 0 0 0 2 0 0 0 0 0 0 0 0 0 1 0 0 0 0 0 0 0 0 0 0 0 0 0 0 0 0 0 0 0 0 0 0 0 0 0 0 0 0 0 0 0 0 0 0 0 0 0 0 0 0 
0 0 1 0 0 0 0 2 0 0 0 0 0 0 0 0 0 0 0 0 0 0 0 0 0 0 0 0 0 0 2 0 0 0 0 0 0 0 0 0 1 0 0 0 0 0 0 0 0 0 0 0 0 0 0 0 0 0 0 0 0 0 0 0 0 0 0 0 0 0 0 0 0 0 0 0 0 0 0 0 0 
1
0 0 0 0 0 0 0 0 0 
0 0 1 0 0 0 0 2 0 0 0 0 1 0 0 0 0 0 0 0 0 0 0 0 0 0 0 0 0 0 2 0 0 0 0 0 0 0 0 0 1 0 0 0 0 0 0 0 0 0 0 0 0 0 0 0 0 0 0 0 0 0 0 0 0 0 0 0 0 0 0 0 0 0 0 0 0 0 0 0 0 
0 0 1 0 0 0 0 2 0 0 0 0 1 0 0 0 0 0 0 0 0 0 0 0 0 0 0 0 0 0 2 0 0 0 0 0 0 0 0 0 1 0 0 0 0 0 0 0 0 0 0 0 0 0 0 0 0 0 0 0 0 0 0 0 0 0 0 0 0 0 0 0 0 0 0 0 0 0 0 0 0 
1
0 0 0 0 0 0 0 0 0 
0 0 1 0 0 0 0 2 0 0 0 0 1 0 0 0 0 0 0 0 0 0 0 0 0 0 0 0 0 2 2 0 0 0 0 0 0 0 0 0 1 0 0 0 0 0 0 0 0 0 0 0 0 0 0 0 0 0 0 0 0 0 0 0 0 0 0 0 0 0 0 0 0 0 0 0 0 0 0 0 0 
0 0 1 0 0 0 0 2 0 0 0 0 1 0 0 0 0 0 0 0 0 0 0 0 0 0 0 0 0 2 2 0 0 0 0 0 0 0 0 0 1 0 0 0 0 0 0 0 0 0 0 0 0 0 0 0 0 0 0 0 0 0 0 0 0 0 0 0 0 0 0 0 0 0 0 0 0 0 0 0 0 
1
0 0 0 0 0 0 0 0 0 
0 0 1 0 0 0 0 2 0 0 0 0 1 0 0 0 0 0 0 0 0 0 0 0 1 0 0 0 0 2 2 0 0 0 0 0 0 0 0 0 1 0 0 0 0 0 0 0 0 0 0 0 0 0 0 0 0 0 0 0 0 0 0 0 0 0 0 0 0 0 0 0 0 0 0 0 0 0 0 0 0 
0 0 1 0 0 0 0 2 0 0 0 0 1 0 0 0 0 0 0 0 0 0 0 0 1 0 0 0 0 2 2 0 0 0 0 0 0 0 0 0 1 0 0 0 0 0 0 0 0 0 0 0 0 0 0 0 0 0 0 0 0 0 0 0 0 0 0 0 0 0 0 0 0 0 0 0 0 0 0 0 0 
1
0 0 0 0 0 0 0 0 0 
0 0 1 0 0 0 0 2 0 0 0 0 1 0 0 0 0 0 0 0 0 0 0 0 1 0 0 0 0 2 2 0 0 0 0 0 0 0 0 0 1 0 0 0 0 0 0 0 0 0 0 0 0 0 0 0 0 0 0 0 0 0 0 2 0 0 0 0 0 0 0 0 0 0 0 0 0 0 0 0 0 
0 0 1 0 0 0 0 2 0 0 0 0 1 0 0 0 0 0 0 0 0 0 0 0 1 0 0 0 0 2 2 0 0 0 0 0 0 0 0 0 1 0 0 0 0 0 0 0 0 0 0 0 0 0 0 0 0 0 0 0 0 0 0 2 0 0 0 0 0 0 0 0 0 0 0 0 0 0 0 0 0 
1
0 0 0 0 0 0 0 0 0 
0 0 1 0 0 0 0 2 0 0 0 0 1 0 0 0 0 0 0 0 0 0 0 0 1 0 0 0 0 2 2 0 0 0 0 0 0 0 0 0 1 0 0 0 0 0 1 0 0 0 0 0 0 0 0 0 0 0 0 0 0 0 0 2 0 0 0 0 0 0 0 0 0 0 0 0 0 0 0 0 0 
0 0 1 0 0 0 0 2 0 0 0 0 1 0 0 0 0 0 0 0 0 0 0 0 1 0 0 0 0 2 2 0 0 0 0 0 0 0 0 0 1 0 0 0 0 0 1 0 0 0 0 0 0 0 0 0 0 0 0 0 0 0 0 2 0 0 0 0 0 0 0 0 0 0 0 0 0 0 0 0 0 
1
0 0 0 0 0 0 0 0 0 
0 0 1 0 0 0 0 2 0 0 0 0 1 0 0 0 0 0 0 0 0 0 0 0 1 0 0 0 0 2 2 0 0 0 0 0 0 0 0 0 1 0 0 0 0 0 1 0 0 0 0 0 0 0 0 0 0 0 0 0 0 0 0 2 0 0 0 0 2 0 0 0 0 0 0 0 0 0 0 0 0 
0 0 1 0 0 0 0 2 0 0 0 0 1 0 0 0 0 0 0 0 0 0 0 0 1 0 0 0 0 2 2 0 0 0 0 0 0 0 0 0 1 0 0 0 0 0 1 0 0 0 0 0 0 0 0 0 0 0 0 0 0 0 0 2 0 0 0 0 2 0 0 0 0 0 0 0 0 0 0 0 0 
1
0 0 0 0 0 0 0 0 0 
0 0 1 0 0 0 0 2 0 0 0 0 1 0 0 0 0 0 0 0 0 0 0 0 1 0 0 0 0 2 2 0 0 0 0 0 0 0 0 0 1 0 0 0 0 0 1 0 0 0 0 0 1 0 0 0 0 0 0 0 0 0 0 2 0 0 0 0 2 0 0 0 0 0 0 0 0 0 0 0 0 
0 0 1 0 0 0 0 2 0 0 0 0 1 0 0 0 0 0 0 0 0 0 0 0 1 0 0 0 0 2 2 0 0 0 0 0 0 0 0 0 1 0 0 0 0 0 1 0 0 0 0 0 1 0 0 0 0 0 0 0 0 0 0 2 0 0 0 0 2 0 0 0 0 0 0 0 0 0 0 0 0 
1
0 0 0 0 0 0 0 0 0 
0 0 1 0 0 0 0 2 0 0 0 0 1 0 0 0 0 0 0 0 0 0 0 0 1 0 0 0 0 2 2 0 0 0 0 0 0 0 0 0 1 0 0 0 0 0 1 0 0 0 0 0 1 0 0 0 0 0 0 0 0 0 0 2 0 0 0 0 2 0 0 0 0 0 0 0 2 0 0 0 0 
0 0 1 0 0 0 0 2 0 0 0 0 1 0 0 0 0 0 0 0 0 0 0 0 1 0 0 0 0 2 2 0 0 0 0 0 0 0 0 0 1 0 0 0 0 0 1 0 0 0 0 0 1 0 0 0 0 0 0 0 0 0 0 2 0 0 0 0 2 0 0 0 0 0 0 0 2 0 0 0 0 
1
0 0 0 0 0 0 0 0 0 
0 0 1 0 0 0 0 2 0 0 0 0 1 0 0 0 0 0 0 0 0 0 0 0 1 0 0 0 0 2 2 0 0 0 0 0 0 0 0 0 1 0 0 0 0 0 1 0 0 0 0 0 1 0 0 0 0 0 1 0 0 0 0 2 0 0 0 0 2 0 0 0 0 0 0 0 2 0 0 0 0 
0 0 1 0 0 0 0 2 0 0 0 0 1 0 0 0 0 0 0 0 0 0 0 0 1 0 0 0 0 2 2 0 0 0 0 0 0 0 0 0 1 0 0 0 0 0 1 0 0 0 0 0 1 0 0 0 0 0 1 0 0 0 0 2 0 0 0 0 2 0 0 0 0 0 0 0 2 0 0 0 0 
1
0 0 0 0 0 0 0 0 0 
0 0 1 0 0 0 0 2 0 0 0 0 1 0 0 0 0 0 0 0 0 0 0 2 1 0 0 0 0 2 2 0 0 0 0 0 0 0 0 0 1 0 0 0 0 0 1 0 0 0 0 0 1 0 0 0 0 0 1 0 0 0 0 2 0 0 0 0 2 0 0 0 0 0 0 0 2 0 0 0 0 
0 0 1 0 0 0 0 2 0 0 0 0 1 0 0 0 0 0 0 0 0 0 0 2 1 0 0 0 0 2 2 0 0 0 0 0 0 0 0 0 1 0 0 0 0 0 1 0 0 0 0 0 1 0 0 0 0 0 1 0 0 0 0 2 0 0 0 0 2 0 0 0 0 0 0 0 2 0 0 0 0 
1
0 0 0 0 0 0 0 0 0 
0 0 1 0 0 0 0 2 0 0 0 0 1 0 0 0 0 0 0 0 0 0 0 2 1 0 0 0 0 2 2 0 0 0 0 0 0 0 0 0 1 0 0 0 0 0 1 0 0 0 0 0 1 0 0 0 0 0 1 0 0 0 0 2 0 0 0 0 2 0 0 0 0 0 0 0 2 0 1 0 0 
0 0 1 0 0 0 0 2 0 0 0 0 1 0 0 0 0 0 0 0 0 0 0 2 1 0 0 0 0 2 2 0 0 0 0 0 0 0 0 0 1 0 0 0 0 0 1 0 0 0 0 0 1 0 0 0 0 0 1 0 0 0 0 2 0 0 0 0 2 0 0 0 0 0 0 0 2 0 1 0 0 
1
0 0 0 0 0 0 0 0 0 
0 0 1 0 0 0 0 2 0 0 0 0 1 0 0 0 0 0 0 0 0 0 0 2 1 0 0 0 0 2 2 0 0 0 0 0 0 0 0 0 1 0 0 0 0 0 1 0 0 0 0 0 1 0 0 0 0 0 1 0 0 0 0 2 0 2 0 0 2 0 0 0 0 0 0 0 2 0 1 0 0 
0 0 1 0 0 0 0 2 0 0 0 0 1 0 0 0 0 0 0 0 0 0 0 2 1 0 0 0 0 2 2 0 0 0 0 0 0 0 0 0 1 0 0 0 0 0 1 0 0 0 0 0 1 0 0 0 0 0 1 0 0 0 0 2 0 2 0 0 2 0 0 0 0 0 0 0 2 0 1 0 0 
1
0 0 0 0 0 0 0 0 0 
0 0 1 0 0 0 0 2 0 0 0 0 1 0 0 0 0 0 0 0 0 0 0 2 1 0 0 0 0 2 2 0 0 1 0 0 0 0 0 0 1 0 0 0 0 0 1 0 0 0 0 0 1 0 0 0 0 0 1 0 0 0 0 2 0 2 0 0 2 0 0 0 0 0 0 0 2 0 1 0 0 
0 0 1 0 0 0 0 2 0 0 0 0 1 0 0 0 0 0 0 0 0 0 0 2 1 0 0 0 0 2 2 0 0 1 0 0 0 0 0 0 1 0 0 0 0 0 1 0 0 0 0 0 1 0 0 0 0 0 1 0 0 0 0 2 0 2 0 0 2 0 0 0 0 0 0 0 2 0 1 0 0 
1
0 0 0 0 0 0 0 0 0 
0 0 1 0 0 0 0 2 0 0 0 0 1 0 0 0 0 0 2 0 0 0 0 2 1 0 0 0 0 2 2 0 0 1 0 0 0 0 0 0 1 0 0 0 0 0 1 0 0 0 0 0 1 0 0 0 0 0 1 0 0 0 0 2 0 2 0 0 2 0 0 0 0 0 0 0 2 0 1 0 0 
0 0 1 0 0 0 0 2 0 0 0 0 1 0 0 0 0 0 2 0 0 0 0 2 1 0 0 0 0 2 2 0 0 1 0 0 0 0 0 0 1 0 0 0 0 0 1 0 0 0 0 0 1 0 0 0 0 0 1 0 0 0 0 2 0 2 0 0 2 0 0 0 0 0 0 0 2 0 1 0 0 
1
0 0 0 0 0 0 0 0 0 
0 0 1 0 0 0 0 2 0 0 0 0 1 0 0 0 0 0 2 0 0 0 0 2 1 0 0 0 0 2 2 0 0 1 0 0 0 0 0 0 1 0 0 0 0 0 1 0 0 0 0 0 1 0 0 0 0 0 1 0 0 0 0 2 1 2 0 0 2 0 0 0 0 0 0 0 2 0 1 0 0 
0 0 1 0 0 0 0 2 0 0 0 0 1 0 0 0 0 0 2 0 0 0 0 2 1 0 0 0 0 2 2 0 0 1 0 0 0 0 0 0 1 0 0 0 0 0 1 0 0 0 0 0 1 0 0 0 0 0 1 0 0 0 0 2 1 2 0 0 2 0 0 0 0 0 0 0 2 0 1 0 0 
1
0 0 0 0 0 0 0 0 0 
0 0 1 0 0 0 0 2 0 0 0 0 1 0 0 0 0 0 2 0 0 0 0 2 1 0 0 0 0 2 2 2 0 1 0 0 0 0 0 0 1 0 0 0 0 0 1 0 0 0 0 0 1 0 0 0 0 0 1 0 0 0 0 2 1 2 0 0 2 0 0 0 0 0 0 0 2 0 1 0 0 
0 0 1 0 0 0 0 2 0 0 0 0 1 0 0 0 0 0 2 0 0 0 0 2 1 0 0 0 0 2 2 2 0 1 0 0 0 0 0 0 1 0 0 0 0 0 1 0 0 0 0 0 1 0 0 0 0 0 1 0 0 0 0 2 1 2 0 0 2 0 0 0 0 0 0 0 2 0 1 0 0 
1
0 0 0 0 0 0 0 0 0 
0 0 1 0 0 0 0 2 0 0 0 0 1 0 1 0 0 0 2 0 0 0 0 2 1 0 0 0 0 2 2 2 0 1 0 0 0 0 0 0 1 0 0 0 0 0 1 0 0 0 0 0 1 0 0 0 0 0 1 0 0 0 0 2 1 2 0 0 2 0 0 0 0 0 0 0 2 0 1 0 0 
0 0 1 0 0 0 0 2 0 0 0 0 1 0 1 0 0 0 2 0 0 0 0 2 1 0 0 0 0 2 2 2 0 1 0 0 0 0 0 0 1 0 0 0 0 0 1 0 0 0 0 0 1 0 0 0 0 0 1 0 0 0 0 2 1 2 0 0 2 0 0 0 0 0 0 0 2 0 1 0 0 
1
0 0 0 0 0 0 0 0 0 
0 0 1 0 0 0 0 2 0 0 0 0 1 0 1 0 0 0 2 0 0 0 0 2 1 0 0 0 0 2 2 2 0 1 2 0 0 0 0 0 1 0 0 0 0 0 1 0 0 0 0 0 1 0 0 0 0 0 1 0 0 0 0 2 1 2 0 0 2 0 0 0 0 0 0 0 2 0 1 0 0 
0 0 1 0 0 0 0 2 0 0 0 0 1 0 1 0 0 0 2 0 0 0 0 2 1 0 0 0 0 2 2 2 0 1 2 0 0 0 0 0 1 0 0 0 0 0 1 0 0 0 0 0 1 0 0 0 0 0 1 0 0 0 0 2 1 2 0 0 2 0 0 0 0 0 0 0 2 0 1 0 0 
1
0 0 0 0 0 0 0 0 0 
0 0 1 0 0 0 0 2 0 0 0 0 1 0 1 0 0 0 2 0 0 0 1 2 1 0 0 0 0 2 2 2 0 1 2 0 0 0 0 0 1 0 0 0 0 0 1 0 0 0 0 0 1 0 0 0 0 0 1 0 0 0 0 2 1 2 0 0 2 0 0 0 0 0 0 0 2 0 1 0 0 
0 0 1 0 0 0 0 2 0 0 0 0 1 0 1 0 0 0 2 0 0 0 1 2 1 0 0 0 0 2 2 2 0 1 2 0 0 0 0 0 1 0 0 0 0 0 1 0 0 0 0 0 1 0 0 0 0 0 1 0 0 0 0 2 1 2 0 0 2 0 0 0 0 0 0 0 2 0 1 0 0 
1
0 0 0 0 0 0 0 0 0 
0 0 1 0 0 0 0 2 0 0 0 0 1 0 1 0 0 0 2 0 0 0 1 2 1 0 0 0 0 2 2 2 0 1 2 0 0 0 0 0 1 0 0 0 0 0 1 0 0 0 0 0 1 0 0 0 0 0 1 0 0 0 0 2 1 2 0 0 2 0 0 0 0 0 0 0 2 2 1 0 0 
0 0 1 0 0 0 0 2 0 0 0 0 1 0 1 0 0 0 2 0 0 0 1 2 1 0 0 0 0 2 2 2 0 1 2 0 0 0 0 0 1 0 0 0 0 0 1 0 0 0 0 0 1 0 0 0 0 0 1 0 0 0 0 2 1 2 0 0 2 0 0 0 0 0 0 0 2 2 1 0 0 
1
0 0 0 0 0 0 0 0 0 
0 0 1 0 0 0 0 2 0 0 0 0 1 0 1 0 0 0 2 0 0 0 1 2 1 0 0 0 0 2 2 2 0 1 2 0 0 0 0 0 1 0 0 0 0 0 1 0 0 0 0 0 1 0 0 0 0 0 1 0 0 1 0 2 1 2 0 0 2 0 0 0 0 0 0 0 2 2 1 0 0 
0 0 1 0 0 0 0 2 0 0 0 0 1 0 1 0 0 0 2 0 0 0 1 2 1 0 0 0 0 2 2 2 0 1 2 0 0 0 0 0 1 0 0 0 0 0 1 0 0 0 0 0 1 0 0 0 0 0 1 0 0 1 0 2 1 2 0 0 2 0 0 0 0 0 0 0 2 2 1 0 0 
1
0 0 0 0 0 0 0 0 0 
0 0 1 2 0 0 0 2 0 0 0 0 1 0 1 0 0 0 2 0 0 0 1 2 1 0 0 0 0 2 2 2 0 1 2 0 0 0 0 0 1 0 0 0 0 0 1 0 0 0 0 0 1 0 0 0 0 0 1 0 0 1 0 2 1 2 0 0 2 0 0 0 0 0 0 0 2 2 1 0 0 
0 0 1 2 0 0 0 2 0 0 0 0 1 0 1 0 0 0 2 0 0 0 1 2 1 0 0 0 0 2 2 2 0 1 2 0 0 0 0 0 1 0 0 0 0 0 1 0 0 0 0 0 1 0 0 0 0 0 1 0 0 1 0 2 1 2 0 0 2 0 0 0 0 0 0 0 2 2 1 0 0 
1
0 0 0 0 0 0 0 0 0 
0 1 1 2 0 0 0 2 0 0 0 0 1 0 1 0 0 0 2 0 0 0 1 2 1 0 0 0 0 2 2 2 0 1 2 0 0 0 0 0 1 0 0 0 0 0 1 0 0 0 0 0 1 0 0 0 0 0 1 0 0 1 0 2 1 2 0 0 2 0 0 0 0 0 0 0 2 2 1 0 0 
0 1 1 2 0 0 0 2 0 0 0 0 1 0 1 0 0 0 2 0 0 0 1 2 1 0 0 0 0 2 2 2 0 1 2 0 0 0 0 0 1 0 0 0 0 0 1 0 0 0 0 0 1 0 0 0 0 0 1 0 0 1 0 2 1 2 0 0 2 0 0 0 0 0 0 0 2 2 1 0 0 
1
0 2 0 0 0 0 0 0 0 
0 1 1 2 0 0 0 2 0 0 0 0 1 2 1 0 0 0 2 0 0 0 1 2 1 0 0 0 0 2 2 2 0 1 2 0 0 0 0 0 1 0 0 0 0 0 1 0 0 0 0 0 1 0 0 0 0 0 1 0 0 1 0 2 1 2 0 0 2 0 0 0 0 0 0 0 2 2 1 0 0 
0 1 1 34 32 32 0 2 0 0 0 0 33 34 33 0 0 0 2 0 0 32 33 34 1 0 0 0 0 2 2 2 0 1 2 0 0 0 0 0 1 0 0 0 0 0 1 0 0 0 0 0 1 0 0 0 0 0 1 0 0 1 0 2 1 2 0 0 2 0 0 0 0 0 0 0 2 2 1 0 0 
1
0 2 0 0 0 0 0 0 0 
0 1 1 2 0 0 0 2 0 0 0 0 1 2 1 0 0 0 2 0 0 0 1 2 1 0 0 0 0 2 2 2 1 1 2 0 0 0 0 0 1 0 0 0 0 0 1 0 0 0 0 0 1 0 0 0 0 0 1 0 0 1 0 2 1 2 0 0 2 0 0 0 0 0 0 0 2 2 1 0 0 
0 1 1 34 32 32 0 2 0 0 0 0 33 34 33 0 0 0 2 0 0 32 33 34 1 0 0 0 0 2 2 2 1 1 2 0 0 0 0 0 1 0 0 0 0 0 1 0 0 0 0 0 1 0 0 0 0 0 1 0 0 1 0 2 1 2 0 0 2 0 0 0 0 0 0 0 2 2 1 0 0 
1
0 2 0 0 0 0 0 0 0 
0 1 1 2 0 0 0 2 2 0 0 0 1 2 1 0 0 0 2 0 0 0 1 2 1 0 0 0 0 2 2 2 1 1 2 0 0 0 0 0 1 0 0 0 0 0 1 0 0 0 0 0 1 0 0 0 0 0 1 0 0 1 0 2 1 2 0 0 2 0 0 0 0 0 0 0 2 2 1 0 0 
0 1 1 34 32 32 0 2 2 0 0 0 33 34 33 0 0 0 2 0 0 32 33 34 1 0 0 0 0 2 2 2 1 1 2 0 0 0 0 0 1 0 0 0 0 0 1 0 0 0 0 0 1 0 0 0 0 0 1 0 0 1 0 2 1 2 0 0 2 0 0 0 0 0 0 0 2 2 1 0 0 
1
0 2 0 0 0 0 0 0 0 
0 1 1 2 0 0 1 2 2 0 0 0 1 2 1 0 0 0 2 0 0 0 1 2 1 0 0 0 0 2 2 2 1 1 2 0 0 0 0 0 1 0 0 0 0 0 1 0 0 0 0 0 1 0 0 0 0 0 1 0 0 1 0 2 1 2 0 0 2 0 0 0 0 0 0 0 2 2 1 0 0 
0 1 1 34 32 32 1 2 2 0 0 0 33 34 33 0 0 0 2 0 0 32 33 34 1 0 0 0 0 2 2 2 1 1 2 0 0 0 0 0 1 0 0 0 0 0 1 0 0 0 0 0 1 0 0 0 0 0 1 0 0 1 0 2 1 2 0 0 2 0 0 0 0 0 0 0 2 2 1 0 0 
1
0 2 0 0 0 0 0 0 0 
2 1 1 2 0 0 1 2 2 0 0 0 1 2 1 0 0 0 2 0 0 0 1 2 1 0 0 0 0 2 2 2 1 1 2 0 0 0 0 0 1 0 0 0 0 0 1 0 0 0 0 0 1 0 0 0 0 0 1 0 0 1 0 2 1 2 0 0 2 0 0 0 0 0 0 0 2 2 1 0 0 
2 1 1 34 32 32 1 2 2 0 0 0 33 34 33 0 0 0 2 0 0 32 33 34 1 0 0 0 0 2 2 2 1 1 2 0 0 0 0 0 1 0 0 0 0 0 1 0 0 0 0 0 1 0 0 0 0 0 1 0 0 1 0 2 1 2 0 0 2 0 0 0 0 0 0 0 2 2 1 0 0 
1
0 2 0 0 0 0 0 0 0 
2 1 1 2 0 0 1 2 2 0 0 0 1 2 1 0 0 0 2 0 1 0 1 2 1 0 0 0 0 2 2 2 1 1 2 0 0 0 0 0 1 0 0 0 0 0 1 0 0 0 0 0 1 0 0 0 0 0 1 0 0 1 0 2 1 2 0 0 2 0 0 0 0 0 0 0 2 2 1 0 0 
2 1 1 34 32 32 1 2 2 0 0 0 33 34 33 0 0 0 2 0 1 32 33 34 1 0 0 0 0 2 2 2 1 1 2 0 0 0 0 0 1 0 0 0 0 0 1 0 0 0 0 0 1 0 0 0 0 0 1 0 0 1 0 2 1 2 0 0 2 0 0 0 0 0 0 0 2 2 1 0 0 
1
0 2 0 0 0 0 0 0 0 
2 1 1 2 0 0 1 2 2 0 0 0 1 2 1 0 0 0 2 0 1 0 1 2 1 0 0 0 0 2 2 2 1 1 2 0 0 0 0 0 1 0 0 0 0 0 1 0 0 0 0 0 1 0 0 0 0 0 1 0 0 1 0 2 1 2 0 0 2 0 0 0 0 0 0 0 2 2 1 2 0 
2 1 1 34 32 32 1 2 2 0 0 0 33 34 33 0 0 0 2 0 1 32 33 34 1 0 0 0 0 2 2 2 1 1 2 0 0 0 0 0 1 0 0 0 0 0 1 0 0 0 0 0 1 0 0 0 0 0 1 0 0 1 0 2 1 2 0 0 2 0 0 0 0 0 0 0 2 2 1 2 0 
1
0 2 0 0 0 0 0 0 0 
2 1 1 2 0 0 1 2 2 0 0 0 1 2 1 0 0 0 2 0 1 0 1 2 1 0 0 0 0 2 2 2 1 1 2 0 0 0 0 0 1 0 0 0 0 0 1 0 0 0 0 0 1 0 0 0 0 0 1 1 0 1 0 2 1 2 0 0 2 0 0 0 0 0 0 0 2 2 1 2 0 
2 1 1 34 32 32 1 2 2 0 0 0 33 34 33 0 0 0 2 0 1 32 33 34 1 0 0 0 0 2 2 2 1 1 2 0 0 0 0 0 1 0 0 0 0 0 1 0 0 0 0 0 1 0 0 0 0 0 1 1 0 1 0 2 1 2 0 0 2 0 0 0 0 0 0 0 2 2 1 2 0 
1
0 2 0 0 0 0 0 0 0 
2 1 1 2 0 0 1 2 2 0 0 0 1 2 1 2 0 0 2 0 1 0 1 2 1 0 0 0 0 2 2 2 1 1 2 0 0 0 0 0 1 0 0 0 0 0 1 0 0 0 0 0 1 0 0 0 0 0 1 1 0 1 0 2 1 2 0 0 2 0 0 0 0 0 0 0 2 2 1 2 0 
2 1 1 34 32 32 1 2 2 0 0 0 33 34 33 2 0 0 2 0 1 32 33 34 1 0 0 0 0 2 2 2 1 1 2 0 0 0 0 0 1 0 0 0 0 0 1 0 0 0 0 0 1 0 0 0 0 0 1 1 0 1 0 2 1 2 0 0 2 0 0 0 0 0 0 0 2 2 1 2 0 
1
0 2 0 0 0 0 0 0 0 
2 1 1 2 0 0 1 2 2 0 0 0 1 2 1 2 0 0 2 0 1 0 1 2 1 0 0 0 0 2 2 2 1 1 2 0 0 0 0 0 1 0 0 0 0 0 1 1 0 0 0 0 1 0 0 0 0 0 1 1 0 1 0 2 1 2 0 0 2 0 0 0 0 0 0 0 2 2 1 2 0 
2 1 1 34 32 32 1 2 2 0 0 0 33 34 33 2 0 0 2 0 1 32 33 34 1 0 0 0 0 2 2 2 1 1 2 0 0 0 0 0 1 0 0 0 0 0 1 1 0 0 0 0 1 0 0 0 0 0 1 1 0 1 0 2 1 2 0 0 2 0 0 0 0 0 0 0 2 2 1 2 0 
1
0 2 0 0 0 0 0 0 0 
2 1 1 2 0 0 1 2 2 0 0 0 1 2 1 2 0 0 2 0 1 0 1 2 1 0 0 0 0 2 2 2 1 1 2 0 0 0 0 0 1 0 0 0 0 0 1 1 0 0 0 0 1 0 0 0 0 0 1 1 0 1 2 2 1 2 0 0 2 0 0 0 0 0 0 0 2 2 1 2 0 
2 1 1 34 32 32 1 2 2 0 0 0 33 34 33 2 0 0 2 0 1 32 33 34 1 0 0 0 0 2 2 2 1 1 2 0 0 0 0 0 1 0 0 0 0 0 1 1 0 0 0 0 1 0 0 0 0 0 1 1 0 1 2 2 1 2 0 0 2 0 0 0 0 0 0 0 2 2 1 2 0 
1
0 2 0 0 0 0 0 0 0 
2 1 1 2 0 0 1 2 2 0 0 0 1 2 1 2 0 0 2 0 1 0 1 2 1 0 1 0 0 2 2 2 1 1 2 0 0 0 0 0 1 0 0 0 0 0 1 1 0 0 0 0 1 0 0 0 0 0 1 1 0 1 2 2 1 2 0 0 2 0 0 0 0 0 0 0 2 2 1 2 0 
2 1 1 34 32 32 1 2 2 0 0 0 33 34 33 2 0 0 2 0 1 32 33 34 1 0 1 0 0 2 2 2 1 1 2 0 0 0 0 0 1 0 0 0 0 0 1 1 0 0 0 0 1 0 0 0 0 0 1 1 0 1 2 2 1 2 0 0 2 0 0 0 0 0 0 0 2 2 1 2 0 
1
0 2 0 0 0 0 0 0 0 
2 1 1 2 0 0 1 2 2 0 0 0 1 2 1 2 0 0 2 0 1 0 1 2 1 0 1 0 0 2 2 2 1 1 2 0 0 0 0 0 1 0 0 0 0 0 1 1 0 0 0 0 1 0 0 0 0 0 1 1 0 1 2 2 1 2 0 0 2 0 0 0 0 0 0 0 2 2 1 2 2 
2 1 1 34 32 32 1 2 2 0 0 0 33 34 33 2 0 0 2 0 1 32 33 34 1 0 1 0 0 2 2 2 1 1 2 0 0 0 0 0 1 0 0 0 0 0 1 1 0 0 0 0 1 0 0 0 0 0 1 1 0 1 2 2 1 2 0 0 2 0 0 0 0 0 0 0 2 2 1 2 2 
1
0 2 0 0 0 0 0 0 0 
2 1 1 2 0 0 1 2 2 0 0 0 1 2 1 2 0 0 2 0 1 0 1 2 1 0 1 0 0 2 2 2 1 1 2 0 0 0 0 0 1 0 0 0 0 0 1 1 0 0 0 0 1 0 0 0 0 0 1 1 0 1 2 2 1 2 0 0 2 0 0 1 0 0 0 0 2 2 1 2 2 
2 1 1 34 32 32 1 2 2 0 0 0 33 34 33 2 0 0 2 0 1 32 33 34 1 0 1 0 0 2 2 2 1 1 2 0 0 0 0 0 1 0 0 0 0 0 1 1 0 0 0 0 1 0 0 0 0 0 1 1 0 1 2 2 1 2 0 0 2 0 0 1 0 0 0 0 2 2 1 2 2 
1
0 2 0 0 0 0 0 0 0 
2 1 1 2 0 0 1 2 2 0 0 0 1 2 1 2 0 0 2 0 1 0 1 2 1 0 1 0 0 2 2 2 1 1 2 0 0 0 0 0 1 0 0 0 0 0 1 1 0 0 0 0 1 2 0 0 0 0 1 1 0 1 2 2 1 2 0 0 2 0 0 1 0 0 0 0 2 2 1 2 2 
2 1 1 34 32 32 1 2 2 0 0 0 33 34 33 2 0 0 2 0 1 32 33 34 1 0 1 0 0 2 2 2 1 1 2 0 0 0 0 0 1 0 0 0 0 0 1 1 0 0 0 0 1 2 0 0 0 0 1 1 0 1 2 2 1 2 0 0 2 0 0 1 0 0 0 0 2 2 1 2 2 
1
0 2 0 0 0 0 0 0 0 
2 1 1 2 0 0 1 2 2 0 0 0 1 2 1 2 0 0 2 0 1 0 1 2 1 0 1 0 0 2 2 2 1 1 2 0 0 0 0 0 1 0 0 0 0 0 1 1 0 0 0 0 1 2 0 0 0 0 1 1 0 1 2 2 1 2 0 0 2 1 0 1 0 0 0 0 2 2 1 2 2 
2 1 1 34 32 32 1 2 2 0 0 0 33 34 33 2 0 0 2 0 1 32 33 34 1 0 1 0 0 2 2 2 1 1 2 0 0 0 0 0 1 0 0 0 0 0 1 1 0 0 0 0 1 2 0 0 0 0 1 1 0 1 2 2 1 2 0 0 2 1 0 1 0 0 0 0 2 2 1 2 2 
1
0 2 0 0 0 0 0 0 0 
2 1 1 2 0 0 1 2 2 0 0 0 1 2 1 2 0 0 2 0 1 0 1 2 1 0 1 0 0 2 2 2 1 1 2 0 0 0 2 0 1 0 0 0 0 0 1 1 0 0 0 0 1 2 0 0 0 0 1 1 0 1 2 2 1 2 0 0 2 1 0 1 0 0 0 0 2 2 1 2 2 
2 1 1 34 32 32 1 2 2 0 0 0 33 34 33 2 0 0 2 0 1 32 33 34 1 0 1 0 0 2 2 2 1 1 2 0 0 0 2 0 1 0 0 0 0 0 1 1 0 0 0 0 1 2 0 0 0 0 1 1 0 1 2 2 1 2 0 0 2 1 0 1 0 0 0 0 2 2 1 2 2 
1
0 2 0 0 0 0 0 0 0 
2 1 1 2 0 0 1 2 2 0 0 0 1 2 1 2 0 0 2 0 1 0 1 2 1 0 1 0 0 2 2 2 1 1 2 0 0 0 2 0 1 0 1 0 0 0 1 1 0 0 0 0 1 2 0 0 0 0 1 1 0 1 2 2 1 2 0 0 2 1 0 1 0 0 0 0 2 2 1 2 2 
2 1 1 34 32 32 1 2 2 0 0 0 33 34 33 2 0 0 2 0 1 32 33 34 1 0 1 0 0 2 2 2 1 1 2 0 0 0 2 0 1 0 1 0 0 0 1 1 0 0 0 0 1 2 0 0 0 0 1 1 0 1 2 2 1 2 0 0 2 1 0 1 0 0 0 0 2 2 1 2 2 
1
0 2 0 0 0 0 0 0 0 
2 1 1 2 0 0 1 2 2 0 0 0 1 2 1 2 0 0 2 0 1 0 1 2 1 0 1 0 0 2 2 2 1 1 2 0 2 0 2 0 1 0 1 0 0 0 1 1 0 0 0 0 1 2 0 0 0 0 1 1 0 1 2 2 1 2 0 0 2 1 0 1 0 0 0 0 2 2 1 2 2 
2 1 1 34 32 32 1 2 2 0 0 0 33 34 33 2 0 0 2 0 1 32 33 34 1 0 1 0 0 2 2 2 1 1 2 0 2 0 2 0 1 0 1 0 0 0 1 1 0 0 0 0 1 2 0 0 0 0 1 1 0 1 2 2 1 2 0 0 2 1 0 1 0 0 0 0 2 2 1 2 2 
1
0 2 0 1 0 0 0 0 0 
2 1 1 2 0 0 1 2 2 0 0 0 1 2 1 2 0 0 2 0 1 0 1 2 1 0 1 0 0 2 2 2 1 1 2 0 2 0 2 0 1 0 1 0 0 1 1 1 0 0 0 0 1 2 0 0 0 0 1 1 0 1 2 2 1 2 0 0 2 1 0 1 0 0 0 0 2 2 1 2 2 
2 1 1 34 32 32 1 2 2 0 0 0 33 34 33 2 0 0 2 0 1 32 33 34 1 0 1 16 16 18 2 2 1 1 2 0 18 16 18 0 1 0 1 0 0 17 17 17 0 0 0 0 1 2 0 0 0 0 1 1 0 1 2 2 1 2 0 0 2 1 0 1 0 0 0 0 2 2 1 2 2 
1
0 2 0 1 0 0 0 0 0 
2 1 1 2 0 0 1 2 2 0 0 0 1 2 1 2 0 0 2 0 1 0 1 2 1 0 1 0 0 2 2 2 1 1 2 0 2 0 2 0 1 0 1 0 0 1 1 1 0 0 0 0 1 2 0 0 0 0 1 1 0 1 2 2 1 2 0 0 2 1 0 1 0 2 0 0 2 2 1 2 2 
2 1 1 34 32 32 1 2 2 0 0 0 33 34 33 2 0 0 2 0 1 32 33 34 1 0 1 16 16 18 2 2 1 1 2 0 18 16 18 0 1 0 1 0 0 17 17 17 0 0 0 0 1 2 0 0 0 0 1 1 0 1 2 2 1 2 0 0 2 1 0 1 0 2 0 0 2 2 1 2 2 
1
0 2 0 1 0 0 0 1 0 
2 1 1 2 0 0 1 2 2 0 0 0 1 2 1 2 0 0 2 0 1 0 1 2 1 0 1 0 0 2 2 2 1 1 2 0 2 0 2 0 1 0 1 0 0 1 1 1 0 0 0 0 1 2 0 0 0 1 1 1 0 1 2 2 1 2 0 0 2 1 0 1 0 2 0 0 2 2 1 2 2 
2 1 1 34 32 32 1 2 2 0 0 0 33 34 33 2 0 0 2 0 1 32 33 34 1 0 1 16 16 18 2 2 1 1 2 0 18 16 18 0 1 0 1 0 0 17 17 17 0 0 0 0 1 2 0 0 0 17 17 17 0 1 2 2 1 2 16 16 18 1 0 1 0 2 0 16 18 18 1 2 2 
1
0 2 0 1 0 0 0 1 0 
2 1 1 2 0 0 1 2 2 0 0 2 1 2 1 2 0 0 2 0 1 0 1 2 1 0 1 0 0 2 2 2 1 1 2 0 2 0 2 0 1 0 1 0 0 1 1 1 0 0 0 0 1 2 0 0 0 1 1 1 0 1 2 2 1 2 0 0 2 1 0 1 0 2 0 0 2 2 1 2 2 
2 1 1 34 32 32 1 2 2 0 0 2 33 34 33 2 0 0 2 0 1 32 33 34 1 0 1 16 16 18 2 2 1 1 2 0 18 16 18 0 1 0 1 0 0 17 17 17 0 0 0 0 1 2 0 0 0 17 17 17 0 1 2 2 1 2 16 16 18 1 0 1 0 2 0 16 18 18 1 2 2 
1
0 2 0 1 0 1 0 1 0 
2 1 1 2 0 0 1 2 2 0 0 2 1 2 1 2 0 0 2 0 1 0 1 2 1 0 1 0 0 2 2 2 1 1 2 0 2 0 2 0 1 0 1 0 0 1 1 1 0 0 0 1 1 2 0 0 0 1 1 1 0 1 2 2 1 2 0 0 2 1 0 1 0 2 0 0 2 2 1 2 2 
2 1 1 34 32 32 1 2 2 0 0 2 33 34 33 2 0 0 2 0 1 32 33 34 1 0 1 16 16 18 2 2 1 17 18 16 18 16 18 0 1 0 17 16 16 17 17 17 0 0 0 17 17 18 0 0 0 17 17 17 0 1 2 2 1 2 16 16 18 1 0 1 0 2 0 16 18 18 1 2 2 
1
0 2 0 1 0 1 0 1 0 
2 1 1 2 0 0 1 2 2 0 0 2 1 2 1 2 0 0 2 0 1 0 1 2 1 0 1 0 0 2 2 2 1 1 2 0 2 0 2 0 1 0 1 0 0 1 1 1 0 0 0 1 1 2 2 0 0 1 1 1 0 1 2 2 1 2 0 0 2 1 0 1 0 2 0 0 2 2 1 2 2 
2 1 1 34 32 32 1 2 2 0 0 2 33 34 33 2 0 0 2 0 1 32 33 34 1 0 1 16 16 18 2 2 1 17 18 16 18 16 18 0 1 0 17 16 16 17 17 17 0 0 0 17 17 18 2 0 0 17 17 17 0 1 2 2 1 2 16 16 18 1 0 1 0 2 0 16 18 18 1 2 2 
1
0 2 0 1 0 1 0 1 0 
2 1 1 2 0 0 1 2 2 0 1 2 1 2 1 2 0 0 2 0 1 0 1 2 1 0 1 0 0 2 2 2 1 1 2 0 2 0 2 0 1 0 1 0 0 1 1 1 0 0 0 1 1 2 2 0 0 1 1 1 0 1 2 2 1 2 0 0 2 1 0 1 0 2 0 0 2 2 1 2 2 
2 1 1 34 32 32 1 2 2 0 1 2 33 34 33 2 0 0 2 0 1 32 33 34 1 0 1 16 16 18 2 2 1 17 18 16 18 16 18 0 1 0 17 16 16 17 17 17 0 0 0 17 17 18 2 0 0 17 17 17 0 1 2 2 1 2 16 16 18 1 0 1 0 2 0 16 18 18 1 2 2 
1
0 2 0 1 0 1 0 1 0 
2 1 1 2 0 0 1 2 2 0 1 2 1 2 1 2 0 0 2 0 1 0 1 2 1 0 1 0 0 2 2 2 1 1 2 0 2 0 2 0 1 0 1 0 0 1 1 1 2 0 0 1 1 2 2 0 0 1 1 1 0 1 2 2 1 2 0 0 2 1 0 1 0 2 0 0 2 2 1 2 2 
2 1 1 34 32 32 1 2 2 0 1 2 33 34 33 2 0 0 2 0 1 32 33 34 1 0 1 16 16 18 2 2 1 17 18 16 18 16 18 0 1 0 17 16 16 17 17 17 2 0 0 17 17 18 2 0 0 17 17 17 0 1 2 2 1 2 16 16 18 1 0 1 0 2 0 16 18 18 1 2 2 
1
0 2 0 1 0 1 0 1 0 
2 1 1 2 0 0 1 2 2 0 1 2 1 2 1 2 0 0 2 0 1 0 1 2 1 0 1 0 0 2 2 2 1 1 2 0 2 0 2 0 1 0 1 0 0 1 1 1 2 0 0 1 1 2 2 0 0 1 1 1 0 1 2 2 1 2 0 0 2 1 0 1 1 2 0 0 2 2 1 2 2 
2 1 1 34 32 32 1 2 2 0 1 2 33 34 33 2 0 0 2 0 1 32 33 34 1 0 1 16 16 18 2 2 1 17 18 16 18 16 18 0 1 0 17 16 16 17 17 17 2 0 0 17 17 18 2 0 0 17 17 17 0 1 2 2 1 2 16 16 18 1 0 1 1 2 0 16 18 18 1 2 2 
1
0 2 0 1 0 1 0 1 0 
2 1 1 2 0 0 1 2 2 0 1 2 1 2 1 2 0 0 2 0 1 0 1 2 1 0 1 0 0 2 2 2 1 1 2 0 2 0 2 0 1 0 1 0 0 1 1 1 2 0 0 1 1 2 2 2 0 1 1 1 0 1 2 2 1 2 0 0 2 1 0 1 1 2 0 0 2 2 1 2 2 
2 1 1 34 32 32 1 2 2 0 1 2 33 34 33 2 0 0 2 0 1 32 33 34 1 0 1 16 16 18 2 2 1 17 18 16 18 16 18 0 1 0 17 16 16 17 17 17 2 0 0 17 17 18 2 2 0 17 17 17 0 1 2 2 1 2 16 16 18 1 0 1 1 2 0 16 18 18 1 2 2 
1
0 2 1 1 0 1 0 1 0 
2 1 1 2 0 0 1 2 2 0 1 2 1 2 1 2 1 0 2 0 1 0 1 2 1 0 1 0 0 2 2 2 1 1 2 0 2 0 2 0 1 0 1 0 0 1 1 1 2 0 0 1 1 2 2 2 0 1 1 1 0 1 2 2 1 2 0 0 2 1 0 1 1 2 0 0 2 2 1 2 2 
2 1 1 34 32 32 17 18 18 0 1 2 33 34 33 18 17 16 2 0 1 32 33 34 17 16 17 16 16 18 2 2 1 17 18 16 18 16 18 0 1 0 17 16 16 17 17 17 2 0 0 17 17 18 2 2 0 17 17 17 0 1 2 2 1 2 16 16 18 1 0 1 1 2 0 16 18 18 1 2 2 
1
0 2 1 1 2 1 0 1 0 
2 1 1 2 0 0 1 2 2 0 1 2 1 2 1 2 1 0 2 0 1 0 1 2 1 0 1 0 0 2 2 2 1 1 2 0 2 0 2 2 1 0 1 0 0 1 1 1 2 0 0 1 1 2 2 2 0 1 1 1 0 1 2 2 1 2 0 0 2 1 0 1 1 2 0 0 2 2 1 2 2 
2 1 1 34 32 32 17 18 18 0 1 2 33 34 33 18 17 16 2 0 1 32 33 34 17 16 17 16 16 18 34 34 33 17 18 16 18 16 18 34 33 32 17 16 16 17 17 17 34 32 32 17 17 18 2 2 0 17 17 17 0 1 2 2 1 2 16 16 18 1 0 1 1 2 0 16 18 18 1 2 2 
1
0 2 1 1 2 1 0 1 1 
2 1 1 2 0 0 1 2 2 0 1 2 1 2 1 2 1 0 2 0 1 0 1 2 1 0 1 0 0 2 2 2 1 1 2 0 2 0 2 2 1 0 1 0 0 1 1 1 2 0 0 1 1 2 2 2 0 1 1 1 0 1 2 2 1 2 0 0 2 1 1 1 1 2 0 0 2 2 1 2 2 
2 1 1 34 32 32 17 18 18 0 1 2 33 34 33 18 17 16 2 0 1 32 33 34 17 16 17 16 16 18 34 34 33 17 18 16 18 16 18 34 33 32 17 16 16 17 17 17 34 32 32 17 17 18 2 2 0 17 17 17 16 17 18 2 1 2 16 16 18 17 17 17 1 2 0 16 18 18 17 18 18 
1
0 2 1 1 2 1 0 1 1 
2 1 1 2 0 0 1 2 2 0 1 2 1 2 1 2 1 0 2 0 1 0 1 2 1 0 1 0 0 2 2 2 1 1 2 0 2 0 2 2 1 0 1 0 0 1 1 1 2 0 0 1 1 2 2 2 0 1 1 1 0 1 2 2 1 2 0 0 2 1 1 1 1 2 0 0 2 2 1 2 2 
2 1 1 34 32 32 17 18 18 0 1 2 33 34 33 18 17 16 2 0 1 32 33 34 17 16 17 16 16 18 34 34 33 17 18 16 18 16 18 34 33 32 17 16 16 17 17 17 34 32 32 17 17 18 2 2 0 17 17 17 16 17 18 2 1 2 16 16 18 17 17 17 1 2 0 16 18 18 17 18 18 
1
