0 0 0 0 0 0 0 0 0 
0 0 0 0 0 0 0 0 0 0 0 0 0 0 0 0 0 0 0 0 0 0 0 0 0 0 0 0 0 0 0 0 0 0 0 0 0 0 0 0 1 0 0 0 0 0 0 0 0 0 0 0 0 0 0 0 0 0 0 0 0 0 0 0 0 0 0 0 0 0 0 0 0 0 0 0 0 0 0 0 0 
0 0 0 0 0 0 0 0 0 0 0 0 0 0 0 0 0 0 0 0 0 0 0 0 0 0 0 0 0 0 0 0 0 0 0 0 0 0 0 0 1 0 0 0 0 0 0 0 0 0 0 0 0 0 0 0 0 0 0 0 0 0 0 0 0 0 0 0 0 0 0 0 0 0 0 0 0 0 0 0 0 
1
0 0 0 0 0 0 0 0 0 
0 0 0 0 0 0 0 0 0 0 0 0 0 0 0 0 0 0 0 0 0 0 0 0 0 0 0 0 0 0 0 0 0 0 0 0 0 0 0 0 1 0 0 0 0 0 0 0 0 2 0 0 0 0 0 0 0 0 0 0 0 0 0 0 0 0 0 0 0 0 0 0 0 0 0 0 0 0 0 0 0 
0 0 0 0 0 0 0 0 0 0 0 0 0 0 0 0 0 0 0 0 0 0 0 0 0 0 0 0 0 0 0 0 0 0 0 0 0 0 0 0 1 0 0 0 0 0 0 0 0 2 0 0 0 0 0 0 0 0 0 0 0 0 0 0 0 0 0 0 0 0 0 0 0 0 0 0 0 0 0 0 0 
1
0 0 0 0 0 0 0 0 0 
0 0 0 0 0 0 0 0 0 0 0 0 0 0 0 0 0 0 0 0 0 0 0 0 0 0 0 0 0 0 0 0 0 0 0 0 0 0 0 0 1 0 0 0 0 0 0 0 0 2 0 0 0 0 0 0 0 0 0 0 0 0 0 0 0 0 0 0 0 0 0 0 0 0 0 0 0 1 0 0 0 
0 0 0 0 0 0 0 0 0 0 0 0 0 0 0 0 0 0 0 0 0 0 0 0 0 0 0 0 0 0 0 0 0 0 0 0 0 0 0 0 1 0 0 0 0 0 0 0 0 2 0 0 0 0 0 0 0 0 0 0 0 0 0 0 0 0 0 0 0 0 0 0 0 0 0 0 0 1 0 0 0 
1
0 0 0 0 0 0 0 0 0 
0 0 0 0 0 0 0 0 0 0 0 0 0 0 0 0 0 0 0 0 0 0 0 0 0 0 0 0 0 0 0 0 0 0 0 0 0 0 0 0 1 0 0 0 0 0 0 0 0 2 0 0 0 0 0 0 0 0 0 0 0 0 0 0 0 0 0 0 0 2 0 0 0 0 0 0 0 1 0 0 0 
0 0 0 0 0 0 0 0 0 0 0 0 0 0 0 0 0 0 0 0 0 0 0 0 0 0 0 0 0 0 0 0 0 0 0 0 0 0 0 0 1 0 0 0 0 0 0 0 0 2 0 0 0 0 0 0 0 0 0 0 0 0 0 0 0 0 0 0 0 2 0 0 0 0 0 0 0 1 0 0 0 
1
0 0 0 0 0 0 0 0 0 
0 0 0 0 0 0 0 0 0 0 0 0 0 0 0 0 0 0 0 0 0 0 0 0 0 0 0 0 0 0 0 0 0 0 0 0 1 0 0 0 1 0 0 0 0 0 0 0 0 2 0 0 0 0 0 0 0 0 0 0 0 0 0 0 0 0 0 0 0 2 0 0 0 0 0 0 0 1 0 0 0 
0 0 0 0 0 0 0 0 0 0 0 0 0 0 0 0 0 0 0 0 0 0 0 0 0 0 0 0 0 0 0 0 0 0 0 0 1 0 0 0 1 0 0 0 0 0 0 0 0 2 0 0 0 0 0 0 0 0 0 0 0 0 0 0 0 0 0 0 0 2 0 0 0 0 0 0 0 1 0 0 0 
1
0 0 0 0 0 0 0 0 0 
0 0 0 0 0 0 0 0 0 0 0 0 0 0 0 0 0 0 0 0 0 0 0 0 0 0 0 2 0 0 0 0 0 0 0 0 1 0 0 0 1 0 0 0 0 0 0 0 0 2 0 0 0 0 0 0 0 0 0 0 0 0 0 0 0 0 0 0 0 2 0 0 0 0 0 0 0 1 0 0 0 
0 0 0 0 0 0 0 0 0 0 0 0 0 0 0 0 0 0 0 0 0 0 0 0 0 0 0 2 0 0 0 0 0 0 0 0 1 0 0 0 1 0 0 0 0 0 0 0 0 2 0 0 0 0 0 0 0 0 0 0 0 0 0 0 0 0 0 0 0 2 0 0 0 0 0 0 0 1 0 0 0 
1
0 0 0 0 0 0 0 0 0 
0 0 0 0 0 0 0 0 0 0 0 0 0 0 0 0 0 0 0 1 0 0 0 0 0 0 0 2 0 0 0 0 0 0 0 0 1 0 0 0 1 0 0 0 0 0 0 0 0 2 0 0 0 0 0 0 0 0 0 0 0 0 0 0 0 0 0 0 0 2 0 0 0 0 0 0 0 1 0 0 0 
0 0 0 0 0 0 0 0 0 0 0 0 0 0 0 0 0 0 0 1 0 0 0 0 0 0 0 2 0 0 0 0 0 0 0 0 1 0 0 0 1 0 0 0 0 0 0 0 0 2 0 0 0 0 0 0 0 0 0 0 0 0 0 0 0 0 0 0 0 2 0 0 0 0 0 0 0 1 0 0 0 
1
0 0 0 0 0 0 0 0 0 
0 0 0 0 0 0 0 0 0 0 0 0 0 0 0 0 0 0 0 1 0 0 0 0 0 0 0 2 0 0 0 0 0 0 0 0 1 0 0 0 1 0 0 0 0 0 0 0 0 2 0 0 0 0 0 0 0 0 0 0 0 0 0 0 0 0 0 0 0 2 0 0 0 0 0 0 2 1 0 0 0 
0 0 0 0 0 0 0 0 0 0 0 0 0 0 0 0 0 0 0 1 0 0 0 0 0 0 0 2 0 0 0 0 0 0 0 0 1 0 0 0 1 0 0 0 0 0 0 0 0 2 0 0 0 0 0 0 0 0 0 0 0 0 0 0 0 0 0 0 0 2 0 0 0 0 0 0 2 1 0 0 0 
1
0 0 0 0 0 0 0 0 0 
0 0 0 0 0 0 0 0 0 0 0 0 0 0 0 0 0 0 0 1 0 0 0 0 0 0 0 2 0 0 0 0 0 0 0 0 1 0 0 0 1 0 0 0 0 0 0 0 0 2 0 0 0 0 0 0 0 0 0 0 0 0 0 0 0 0 0 0 1 2 0 0 0 0 0 0 2 1 0 0 0 
0 0 0 0 0 0 0 0 0 0 0 0 0 0 0 0 0 0 0 1 0 0 0 0 0 0 0 2 0 0 0 0 0 0 0 0 1 0 0 0 1 0 0 0 0 0 0 0 0 2 0 0 0 0 0 0 0 0 0 0 0 0 0 0 0 0 0 0 1 2 0 0 0 0 0 0 2 1 0 0 0 
1
0 0 0 0 0 0 0 0 0 
0 0 0 0 0 0 0 0 0 0 0 0 0 0 0 0 0 0 0 1 0 0 0 0 0 0 0 2 0 0 0 0 0 2 0 0 1 0 0 0 1 0 0 0 0 0 0 0 0 2 0 0 0 0 0 0 0 0 0 0 0 0 0 0 0 0 0 0 1 2 0 0 0 0 0 0 2 1 0 0 0 
0 0 0 0 0 0 0 0 0 0 0 0 0 0 0 0 0 0 0 1 0 0 0 0 0 0 0 2 0 0 0 0 0 2 0 0 1 0 0 0 1 0 0 0 0 0 0 0 0 2 0 0 0 0 0 0 0 0 0 0 0 0 0 0 0 0 0 0 1 2 0 0 0 0 0 0 2 1 0 0 0 
1
0 0 0 0 0 0 0 0 0 
0 1 0 0 0 0 0 0 0 0 0 0 0 0 0 0 0 0 0 1 0 0 0 0 0 0 0 2 0 0 0 0 0 2 0 0 1 0 0 0 1 0 0 0 0 0 0 0 0 2 0 0 0 0 0 0 0 0 0 0 0 0 0 0 0 0 0 0 1 2 0 0 0 0 0 0 2 1 0 0 0 
0 1 0 0 0 0 0 0 0 0 0 0 0 0 0 0 0 0 0 1 0 0 0 0 0 0 0 2 0 0 0 0 0 2 0 0 1 0 0 0 1 0 0 0 0 0 0 0 0 2 0 0 0 0 0 0 0 0 0 0 0 0 0 0 0 0 0 0 1 2 0 0 0 0 0 0 2 1 0 0 0 
1
0 0 0 0 0 0 0 0 0 
0 1 0 0 0 0 0 0 0 0 0 0 0 0 0 0 0 0 0 1 0 0 0 2 0 0 0 2 0 0 0 0 0 2 0 0 1 0 0 0 1 0 0 0 0 0 0 0 0 2 0 0 0 0 0 0 0 0 0 0 0 0 0 0 0 0 0 0 1 2 0 0 0 0 0 0 2 1 0 0 0 
0 1 0 0 0 0 0 0 0 0 0 0 0 0 0 0 0 0 0 1 0 0 0 2 0 0 0 2 0 0 0 0 0 2 0 0 1 0 0 0 1 0 0 0 0 0 0 0 0 2 0 0 0 0 0 0 0 0 0 0 0 0 0 0 0 0 0 0 1 2 0 0 0 0 0 0 2 1 0 0 0 
1
0 0 0 0 0 0 0 0 0 
0 1 0 0 0 0 0 0 0 0 0 0 0 0 0 0 0 0 0 1 0 0 0 2 0 0 0 2 0 0 0 0 0 2 0 0 1 0 0 0 1 0 0 0 0 0 0 0 0 2 0 0 0 0 0 0 0 0 0 0 0 0 0 0 0 0 0 0 1 2 0 0 0 0 0 0 2 1 1 0 0 
0 1 0 0 0 0 0 0 0 0 0 0 0 0 0 0 0 0 0 1 0 0 0 2 0 0 0 2 0 0 0 0 0 2 0 0 1 0 0 0 1 0 0 0 0 0 0 0 0 2 0 0 0 0 0 0 0 0 0 0 0 0 0 0 0 0 0 0 1 2 0 0 0 0 0 0 2 1 1 0 0 
1
0 0 0 0 0 0 0 0 0 
0 1 0 0 0 0 0 0 0 0 0 0 0 0 0 0 0 0 0 1 0 0 0 2 0 0 0 2 0 0 0 0 0 2 0 0 1 0 0 0 1 0 0 0 0 0 0 0 0 2 0 0 0 0 0 0 2 0 0 0 0 0 0 0 0 0 0 0 1 2 0 0 0 0 0 0 2 1 1 0 0 
0 1 0 0 0 0 0 0 0 0 0 0 0 0 0 0 0 0 0 1 0 0 0 2 0 0 0 2 0 0 0 0 0 2 0 0 1 0 0 0 1 0 0 0 0 0 0 0 0 2 0 0 0 0 0 0 2 0 0 0 0 0 0 0 0 0 0 0 1 2 0 0 0 0 0 0 2 1 1 0 0 
1
0 0 0 0 0 0 0 0 0 
0 1 0 0 0 0 0 0 1 0 0 0 0 0 0 0 0 0 0 1 0 0 0 2 0 0 0 2 0 0 0 0 0 2 0 0 1 0 0 0 1 0 0 0 0 0 0 0 0 2 0 0 0 0 0 0 2 0 0 0 0 0 0 0 0 0 0 0 1 2 0 0 0 0 0 0 2 1 1 0 0 
0 1 0 0 0 0 0 0 1 0 0 0 0 0 0 0 0 0 0 1 0 0 0 2 0 0 0 2 0 0 0 0 0 2 0 0 1 0 0 0 1 0 0 0 0 0 0 0 0 2 0 0 0 0 0 0 2 0 0 0 0 0 0 0 0 0 0 0 1 2 0 0 0 0 0 0 2 1 1 0 0 
1
0 0 0 0 0 0 0 0 0 
0 1 0 0 0 0 2 0 1 0 0 0 0 0 0 0 0 0 0 1 0 0 0 2 0 0 0 2 0 0 0 0 0 2 0 0 1 0 0 0 1 0 0 0 0 0 0 0 0 2 0 0 0 0 0 0 2 0 0 0 0 0 0 0 0 0 0 0 1 2 0 0 0 0 0 0 2 1 1 0 0 
0 1 0 0 0 0 2 0 1 0 0 0 0 0 0 0 0 0 0 1 0 0 0 2 0 0 0 2 0 0 0 0 0 2 0 0 1 0 0 0 1 0 0 0 0 0 0 0 0 2 0 0 0 0 0 0 2 0 0 0 0 0 0 0 0 0 0 0 1 2 0 0 0 0 0 0 2 1 1 0 0 
1
1 0 0 0 0 0 0 0 0 
0 1 0 0 0 0 2 0 1 0 1 0 0 0 0 0 0 0 0 1 0 0 0 2 0 0 0 2 0 0 0 0 0 2 0 0 1 0 0 0 1 0 0 0 0 0 0 0 0 2 0 0 0 0 0 0 2 0 0 0 0 0 0 0 0 0 0 0 1 2 0 0 0 0 0 0 2 1 1 0 0 
16 17 16 0 0 0 2 0 1 16 17 16 0 0 0 0 0 0 16 17 16 0 0 2 0 0 0 2 0 0 0 0 0 2 0 0 1 0 0 0 1 0 0 0 0 0 0 0 0 2 0 0 0 0 0 0 2 0 0 0 0 0 0 0 0 0 0 0 1 2 0 0 0 0 0 0 2 1 1 0 0 
1
1 0 0 0 0 0 0 0 0 
0 1 0 0 0 0 2 0 1 0 1 0 0 0 0 0 0 0 0 1 0 0 0 2 0 0 0 2 0 0 0 0 0 2 0 0 1 0 0 0 1 0 0 0 0 0 0 0 2 2 0 0 0 0 0 0 2 0 0 0 0 0 0 0 0 0 0 0 1 2 0 0 0 0 0 0 2 1 1 0 0 
16 17 16 0 0 0 2 0 1 16 17 16 0 0 0 0 0 0 16 17 16 0 0 2 0 0 0 2 0 0 0 0 0 2 0 0 1 0 0 0 1 0 0 0 0 0 0 0 2 2 0 0 0 0 0 0 2 0 0 0 0 0 0 0 0 0 0 0 1 2 0 0 0 0 0 0 2 1 1 0 0 
1
1 0 0 0 0 0 0 0 0 
0 1 0 0 0 0 2 0 1 0 1 0 0 0 0 0 0 0 0 1 0 0 0 2 0 0 0 2 0 0 0 0 0 2 0 0 1 0 0 0 1 0 0 0 0 0 0 0 2 2 0 0 0 0 0 0 2 0 0 0 0 0 0 0 0 0 0 0 1 2 0 0 1 0 0 0 2 1 1 0 0 
16 17 16 0 0 0 2 0 1 16 17 16 0 0 0 0 0 0 16 17 16 0 0 2 0 0 0 2 0 0 0 0 0 2 0 0 1 0 0 0 1 0 0 0 0 0 0 0 2 2 0 0 0 0 0 0 2 0 0 0 0 0 0 0 0 0 0 0 1 2 0 0 1 0 0 0 2 1 1 0 0 
1
1 0 0 0 0 0 0 0 0 
0 1 0 0 0 0 2 0 1 0 1 0 0 0 0 0 0 0 0 1 0 0 0 2 0 0 0 2 0 0 0 0 0 2 0 0 1 0 0 0 1 0 0 0 0 0 0 0 2 2 0 0 0 0 0 0 2 0 0 0 0 0 0 0 0 0 0 0 1 2 0 0 1 0 2 0 2 1 1 0 0 
16 17 16 0 0 0 2 0 1 16 17 16 0 0 0 0 0 0 16 17 16 0 0 2 0 0 0 2 0 0 0 0 0 2 0 0 1 0 0 0 1 0 0 0 0 0 0 0 2 2 0 0 0 0 0 0 2 0 0 0 0 0 0 0 0 0 0 0 1 2 0 0 1 0 2 0 2 1 1 0 0 
1
1 0 0 0 0 0 0 0 0 
0 1 0 0 0 0 2 0 1 0 1 0 0 0 0 0 0 0 0 1 0 0 0 2 0 0 0 2 0 0 0 0 0 2 0 0 1 0 0 0 1 0 0 0 0 0 0 0 2 2 0 0 0 0 0 0 2 0 0 0 0 0 0 0 0 0 0 0 1 2 0 0 1 0 2 0 2 1 1 0 1 
16 17 16 0 0 0 2 0 1 16 17 16 0 0 0 0 0 0 16 17 16 0 0 2 0 0 0 2 0 0 0 0 0 2 0 0 1 0 0 0 1 0 0 0 0 0 0 0 2 2 0 0 0 0 0 0 2 0 0 0 0 0 0 0 0 0 0 0 1 2 0 0 1 0 2 0 2 1 1 0 1 
1
1 0 0 0 0 0 0 0 0 
0 1 0 0 0 0 2 0 1 0 1 0 0 0 0 0 0 0 0 1 0 0 0 2 0 0 0 2 0 0 0 0 0 2 0 0 1 0 0 0 1 0 0 0 0 0 0 0 2 2 0 0 0 0 0 0 2 0 0 0 0 0 0 0 0 0 0 0 1 2 0 2 1 0 2 0 2 1 1 0 1 
16 17 16 0 0 0 2 0 1 16 17 16 0 0 0 0 0 0 16 17 16 0 0 2 0 0 0 2 0 0 0 0 0 2 0 0 1 0 0 0 1 0 0 0 0 0 0 0 2 2 0 0 0 0 0 0 2 0 0 0 0 0 0 0 0 0 0 0 1 2 0 2 1 0 2 0 2 1 1 0 1 
1
1 0 0 0 0 0 0 0 0 
0 1 0 0 0 0 2 0 1 0 1 0 0 0 0 0 0 0 0 1 0 0 0 2 0 0 0 2 0 0 0 0 0 2 0 1 1 0 0 0 1 0 0 0 0 0 0 0 2 2 0 0 0 0 0 0 2 0 0 0 0 0 0 0 0 0 0 0 1 2 0 2 1 0 2 0 2 1 1 0 1 
16 17 16 0 0 0 2 0 1 16 17 16 0 0 0 0 0 0 16 17 16 0 0 2 0 0 0 2 0 0 0 0 0 2 0 1 1 0 0 0 1 0 0 0 0 0 0 0 2 2 0 0 0 0 0 0 2 0 0 0 0 0 0 0 0 0 0 0 1 2 0 2 1 0 2 0 2 1 1 0 1 
1
1 0 0 0 0 0 0 0 0 
0 1 0 0 0 0 2 0 1 0 1 0 0 0 0 2 0 0 0 1 0 0 0 2 0 0 0 2 0 0 0 0 0 2 0 1 1 0 0 0 1 0 0 0 0 0 0 0 2 2 0 0 0 0 0 0 2 0 0 0 0 0 0 0 0 0 0 0 1 2 0 2 1 0 2 0 2 1 1 0 1 
16 17 16 0 0 0 2 0 1 16 17 16 0 0 0 2 0 0 16 17 16 0 0 2 0 0 0 2 0 0 0 0 0 2 0 1 1 0 0 0 1 0 0 0 0 0 0 0 2 2 0 0 0 0 0 0 2 0 0 0 0 0 0 0 0 0 0 0 1 2 0 2 1 0 2 0 2 1 1 0 1 
1
1 0 0 0 0 0 0 0 0 
0 1 0 0 0 0 2 0 1 0 1 0 0 0 0 2 0 0 0 1 0 0 0 2 0 0 0 2 0 0 0 0 0 2 0 1 1 0 1 0 1 0 0 0 0 0 0 0 2 2 0 0 0 0 0 0 2 0 0 0 0 0 0 0 0 0 0 0 1 2 0 2 1 0 2 0 2 1 1 0 1 
16 17 16 0 0 0 2 0 1 16 17 16 0 0 0 2 0 0 16 17 16 0 0 2 0 0 0 2 0 0 0 0 0 2 0 1 1 0 1 0 1 0 0 0 0 0 0 0 2 2 0 0 0 0 0 0 2 0 0 0 0 0 0 0 0 0 0 0 1 2 0 2 1 0 2 0 2 1 1 0 1 
1
1 0 0 0 0 0 0 0 0 
0 1 0 0 0 0 2 0 1 0 1 0 0 0 0 2 0 0 0 1 0 0 0 2 0 0 0 2 0 0 0 0 0 2 0 1 1 0 1 0 1 0 2 0 0 0 0 0 2 2 0 0 0 0 0 0 2 0 0 0 0 0 0 0 0 0 0 0 1 2 0 2 1 0 2 0 2 1 1 0 1 
16 17 16 0 0 0 2 0 1 16 17 16 0 0 0 2 0 0 16 17 16 0 0 2 0 0 0 2 0 0 0 0 0 2 0 1 1 0 1 0 1 0 2 0 0 0 0 0 2 2 0 0 0 0 0 0 2 0 0 0 0 0 0 0 0 0 0 0 1 2 0 2 1 0 2 0 2 1 1 0 1 
1
1 0 0 0 0 0 0 0 0 
0 1 0 0 0 0 2 0 1 0 1 0 0 0 0 2 0 0 0 1 0 0 0 2 0 0 0 2 1 0 0 0 0 2 0 1 1 0 1 0 1 0 2 0 0 0 0 0 2 2 0 0 0 0 0 0 2 0 0 0 0 0 0 0 0 0 0 0 1 2 0 2 1 0 2 0 2 1 1 0 1 
16 17 16 0 0 0 2 0 1 16 17 16 0 0 0 2 0 0 16 17 16 0 0 2 0 0 0 2 1 0 0 0 0 2 0 1 1 0 1 0 1 0 2 0 0 0 0 0 2 2 0 0 0 0 0 0 2 0 0 0 0 0 0 0 0 0 0 0 1 2 0 2 1 0 2 0 2 1 1 0 1 
1
1 0 0 0 0 0 0 0 0 
0 1 0 0 0 0 2 0 1 0 1 0 2 0 0 2 0 0 0 1 0 0 0 2 0 0 0 2 1 0 0 0 0 2 0 1 1 0 1 0 1 0 2 0 0 0 0 0 2 2 0 0 0 0 0 0 2 0 0 0 0 0 0 0 0 0 0 0 1 2 0 2 1 0 2 0 2 1 1 0 1 
16 17 16 0 0 0 2 0 1 16 17 16 2 0 0 2 0 0 16 17 16 0 0 2 0 0 0 2 1 0 0 0 0 2 0 1 1 0 1 0 1 0 2 0 0 0 0 0 2 2 0 0 0 0 0 0 2 0 0 0 0 0 0 0 0 0 0 0 1 2 0 2 1 0 2 0 2 1 1 0 1 
1
1 0 0 0 0 0 0 0 0 
0 1 0 0 0 0 2 0 1 0 1 0 2 0 0 2 0 0 0 1 0 0 0 2 0 0 0 2 1 0 0 0 0 2 0 1 1 0 1 0 1 0 2 0 0 0 1 0 2 2 0 0 0 0 0 0 2 0 0 0 0 0 0 0 0 0 0 0 1 2 0 2 1 0 2 0 2 1 1 0 1 
16 17 16 0 0 0 2 0 1 16 17 16 2 0 0 2 0 0 16 17 16 0 0 2 0 0 0 2 1 0 0 0 0 2 0 1 1 0 1 0 1 0 2 0 0 0 1 0 2 2 0 0 0 0 0 0 2 0 0 0 0 0 0 0 0 0 0 0 1 2 0 2 1 0 2 0 2 1 1 0 1 
1
1 0 0 0 0 0 0 0 0 
0 1 0 0 0 0 2 0 1 0 1 0 2 0 0 2 0 0 0 1 0 0 0 2 0 0 0 2 1 0 0 0 0 2 0 1 1 0 1 0 1 0 2 0 0 0 1 0 2 2 0 0 0 0 0 0 2 0 2 0 0 0 0 0 0 0 0 0 1 2 0 2 1 0 2 0 2 1 1 0 1 
16 17 16 0 0 0 2 0 1 16 17 16 2 0 0 2 0 0 16 17 16 0 0 2 0 0 0 2 1 0 0 0 0 2 0 1 1 0 1 0 1 0 2 0 0 0 1 0 2 2 0 0 0 0 0 0 2 0 2 0 0 0 0 0 0 0 0 0 1 2 0 2 1 0 2 0 2 1 1 0 1 
1
1 0 0 0 0 0 0 0 0 
0 1 0 0 1 0 2 0 1 0 1 0 2 0 0 2 0 0 0 1 0 0 0 2 0 0 0 2 1 0 0 0 0 2 0 1 1 0 1 0 1 0 2 0 0 0 1 0 2 2 0 0 0 0 0 0 2 0 2 0 0 0 0 0 0 0 0 0 1 2 0 2 1 0 2 0 2 1 1 0 1 
16 17 16 0 1 0 2 0 1 16 17 16 2 0 0 2 0 0 16 17 16 0 0 2 0 0 0 2 1 0 0 0 0 2 0 1 1 0 1 0 1 0 2 0 0 0 1 0 2 2 0 0 0 0 0 0 2 0 2 0 0 0 0 0 0 0 0 0 1 2 0 2 1 0 2 0 2 1 1 0 1 
1
1 0 0 0 0 0 0 0 0 
0 1 0 0 1 2 2 0 1 0 1 0 2 0 0 2 0 0 0 1 0 0 0 2 0 0 0 2 1 0 0 0 0 2 0 1 1 0 1 0 1 0 2 0 0 0 1 0 2 2 0 0 0 0 0 0 2 0 2 0 0 0 0 0 0 0 0 0 1 2 0 2 1 0 2 0 2 1 1 0 1 
16 17 16 0 1 2 2 0 1 16 17 16 2 0 0 2 0 0 16 17 16 0 0 2 0 0 0 2 1 0 0 0 0 2 0 1 1 0 1 0 1 0 2 0 0 0 1 0 2 2 0 0 0 0 0 0 2 0 2 0 0 0 0 0 0 0 0 0 1 2 0 2 1 0 2 0 2 1 1 0 1 
1
1 0 0 0 0 0 0 0 0 
0 1 0 0 1 2 2 0 1 0 1 0 2 0 0 2 0 0 0 1 0 0 0 2 1 0 0 2 1 0 0 0 0 2 0 1 1 0 1 0 1 0 2 0 0 0 1 0 2 2 0 0 0 0 0 0 2 0 2 0 0 0 0 0 0 0 0 0 1 2 0 2 1 0 2 0 2 1 1 0 1 
16 17 16 0 1 2 2 0 1 16 17 16 2 0 0 2 0 0 16 17 16 0 0 2 1 0 0 2 1 0 0 0 0 2 0 1 1 0 1 0 1 0 2 0 0 0 1 0 2 2 0 0 0 0 0 0 2 0 2 0 0 0 0 0 0 0 0 0 1 2 0 2 1 0 2 0 2 1 1 0 1 
1
1 0 0 0 0 0 0 0 0 
0 1 0 0 1 2 2 0 1 0 1 0 2 0 0 2 0 0 0 1 0 0 0 2 1 0 0 2 1 0 0 0 0 2 0 1 1 0 1 0 1 0 2 0 0 0 1 0 2 2 0 0 0 0 2 0 2 0 2 0 0 0 0 0 0 0 0 0 1 2 0 2 1 0 2 0 2 1 1 0 1 
16 17 16 0 1 2 2 0 1 16 17 16 2 0 0 2 0 0 16 17 16 0 0 2 1 0 0 2 1 0 0 0 0 2 0 1 1 0 1 0 1 0 2 0 0 0 1 0 2 2 0 0 0 0 2 0 2 0 2 0 0 0 0 0 0 0 0 0 1 2 0 2 1 0 2 0 2 1 1 0 1 
1
1 0 0 0 0 0 0 0 0 
0 1 0 0 1 2 2 0 1 0 1 0 2 0 0 2 0 0 0 1 0 0 0 2 1 0 0 2 1 0 0 0 0 2 0 1 1 0 1 0 1 1 2 0 0 0 1 0 2 2 0 0 0 0 2 0 2 0 2 0 0 0 0 0 0 0 0 0 1 2 0 2 1 0 2 0 2 1 1 0 1 
16 17 16 0 1 2 2 0 1 16 17 16 2 0 0 2 0 0 16 17 16 0 0 2 1 0 0 2 1 0 0 0 0 2 0 1 1 0 1 0 1 1 2 0 0 0 1 0 2 2 0 0 0 0 2 0 2 0 2 0 0 0 0 0 0 0 0 0 1 2 0 2 1 0 2 0 2 1 1 0 1 
1
1 0 0 0 0 2 0 0 0 
0 1 0 0 1 2 2 0 1 0 1 0 2 0 0 2 0 0 0 1 0 0 0 2 1 0 0 2 1 0 0 0 0 2 0 1 1 0 1 0 1 1 2 0 0 0 1 0 2 2 0 2 0 0 2 0 2 0 2 0 0 0 0 0 0 0 0 0 1 2 0 2 1 0 2 0 2 1 1 0 1 
16 17 16 0 1 2 2 0 1 16 17 16 2 0 0 2 0 0 16 17 16 0 0 2 1 0 0 2 1 0 0 0 0 34 32 33 1 0 1 0 1 1 34 32 32 0 1 0 2 2 0 34 32 32 2 0 2 0 2 0 0 0 0 0 0 0 0 0 1 2 0 2 1 0 2 0 2 1 1 0 1 
1
1 0 0 0 0 2 0 0 0 
0 1 0 0 1 2 2 0 1 0 1 0 2 0 0 2 0 0 0 1 0 0 0 2 1 0 0 2 1 0 0 0 0 2 0 1 1 0 1 0 1 1 2 0 0 0 1 0 2 2 0 2 0 0 2 1 2 0 2 0 0 0 0 0 0 0 0 0 1 2 0 2 1 0 2 0 2 1 1 0 1 
16 17 16 0 1 2 2 0 1 16 17 16 2 0 0 2 0 0 16 17 16 0 0 2 1 0 0 2 1 0 0 0 0 34 32 33 1 0 1 0 1 1 34 32 32 0 1 0 2 2 0 34 32 32 2 1 2 0 2 0 0 0 0 0 0 0 0 0 1 2 0 2 1 0 2 0 2 1 1 0 1 
1
1 2 0 0 0 2 0 0 0 
0 1 0 0 1 2 2 0 1 0 1 0 2 0 2 2 0 0 0 1 0 0 0 2 1 0 0 2 1 0 0 0 0 2 0 1 1 0 1 0 1 1 2 0 0 0 1 0 2 2 0 2 0 0 2 1 2 0 2 0 0 0 0 0 0 0 0 0 1 2 0 2 1 0 2 0 2 1 1 0 1 
16 17 16 32 33 34 2 0 1 16 17 16 34 32 34 2 0 0 16 17 16 32 32 34 1 0 0 2 1 0 0 0 0 34 32 33 1 0 1 0 1 1 34 32 32 0 1 0 2 2 0 34 32 32 2 1 2 0 2 0 0 0 0 0 0 0 0 0 1 2 0 2 1 0 2 0 2 1 1 0 1 
1
1 2 0 0 0 2 0 0 0 
0 1 0 0 1 2 2 0 1 0 1 0 2 0 2 2 0 0 0 1 0 0 0 2 1 0 0 2 1 1 0 0 0 2 0 1 1 0 1 0 1 1 2 0 0 0 1 0 2 2 0 2 0 0 2 1 2 0 2 0 0 0 0 0 0 0 0 0 1 2 0 2 1 0 2 0 2 1 1 0 1 
16 17 16 32 33 34 2 0 1 16 17 16 34 32 34 2 0 0 16 17 16 32 32 34 1 0 0 2 1 1 0 0 0 34 32 33 1 0 1 0 1 1 34 32 32 0 1 0 2 2 0 34 32 32 2 1 2 0 2 0 0 0 0 0 0 0 0 0 1 2 0 2 1 0 2 0 2 1 1 0 1 
1
1 2 0 0 0 2 0 0 0 
0 1 0 0 1 2 2 0 1 0 1 0 2 0 2 2 0 0 0 1 0 0 0 2 1 2 0 2 1 1 0 0 0 2 0 1 1 0 1 0 1 1 2 0 0 0 1 0 2 2 0 2 0 0 2 1 2 0 2 0 0 0 0 0 0 0 0 0 1 2 0 2 1 0 2 0 2 1 1 0 1 
16 17 16 32 33 34 2 0 1 16 17 16 34 32 34 2 0 0 16 17 16 32 32 34 1 2 0 2 1 1 0 0 0 34 32 33 1 0 1 0 1 1 34 32 32 0 1 0 2 2 0 34 32 32 2 1 2 0 2 0 0 0 0 0 0 0 0 0 1 2 0 2 1 0 2 0 2 1 1 0 1 
1
1 2 0 0 0 2 0 1 0 
0 1 0 0 1 2 2 0 1 0 1 0 2 0 2 2 0 0 0 1 0 0 0 2 1 2 0 2 1 1 0 0 0 2 0 1 1 0 1 0 1 1 2 0 0 0 1 0 2 2 0 2 0 0 2 1 2 0 2 1 0 0 0 0 0 0 0 0 1 2 0 2 1 0 2 0 2 1 1 0 1 
16 17 16 32 33 34 2 0 1 16 17 16 34 32 34 2 0 0 16 17 16 32 32 34 1 2 0 2 1 1 0 0 0 34 32 33 1 0 1 0 1 1 34 32 32 0 1 0 2 2 0 34 32 32 2 1 2 16 18 17 0 0 0 0 0 0 16 16 17 2 0 2 1 0 2 16 18 17 1 0 1 
1
1 2 0 0 0 2 0 1 0 
0 1 0 0 1 2 2 0 1 0 1 0 2 0 2 2 0 0 0 1 0 0 0 2 1 2 2 2 1 1 0 0 0 2 0 1 1 0 1 0 1 1 2 0 0 0 1 0 2 2 0 2 0 0 2 1 2 0 2 1 0 0 0 0 0 0 0 0 1 2 0 2 1 0 2 0 2 1 1 0 1 
16 17 16 32 33 34 2 0 1 16 17 16 34 32 34 2 0 0 16 17 16 32 32 34 1 2 2 2 1 1 0 0 0 34 32 33 1 0 1 0 1 1 34 32 32 0 1 0 2 2 0 34 32 32 2 1 2 16 18 17 0 0 0 0 0 0 16 16 17 2 0 2 1 0 2 16 18 17 1 0 1 
1
1 2 0 0 0 2 0 1 0 
0 1 0 0 1 2 2 0 1 0 1 0 2 0 2 2 0 0 0 1 0 0 0 2 1 2 2 2 1 1 0 0 0 2 0 1 1 0 1 0 1 1 2 0 0 0 1 0 2 2 0 2 0 0 2 1 2 0 2 1 0 0 1 0 0 0 0 0 1 2 0 2 1 0 2 0 2 1 1 0 1 
16 17 16 32 33 34 2 0 1 16 17 16 34 32 34 2 0 0 16 17 16 32 32 34 1 2 2 2 1 1 0 0 0 34 32 33 1 0 1 0 1 1 34 32 32 0 1 0 2 2 0 34 32 32 2 1 2 16 18 17 0 0 1 0 0 0 16 16 17 2 0 2 1 0 2 16 18 17 1 0 1 
1
1 2 0 0 0 2 0 1 0 
0 1 0 0 1 2 2 0 1 0 1 0 2 0 2 2 0 2 0 1 0 0 0 2 1 2 2 2 1 1 0 0 0 2 0 1 1 0 1 0 1 1 2 0 0 0 1 0 2 2 0 2 0 0 2 1 2 0 2 1 0 0 1 0 0 0 0 0 1 2 0 2 1 0 2 0 2 1 1 0 1 
16 17 16 32 33 34 2 0 1 16 17 16 34 32 34 2 0 2 16 17 16 32 32 34 1 2 2 2 1 1 0 0 0 34 32 33 1 0 1 0 1 1 34 32 32 0 1 0 2 2 0 34 32 32 2 1 2 16 18 17 0 0 1 0 0 0 16 16 17 2 0 2 1 0 2 16 18 17 1 0 1 
1
1 2 0 0 1 2 0 1 0 
0 1 0 0 1 2 2 0 1 0 1 0 2 0 2 2 0 2 0 1 0 0 0 2 1 2 2 2 1 1 0 0 0 2 0 1 1 0 1 1 1 1 2 0 0 0 1 0 2 2 0 2 0 0 2 1 2 0 2 1 0 0 1 0 0 0 0 0 1 2 0 2 1 0 2 0 2 1 1 0 1 
16 17 16 32 33 34 2 0 1 16 17 16 34 32 34 2 0 2 16 17 16 32 32 34 1 2 2 2 1 1 16 16 16 34 32 33 1 0 1 17 17 17 34 32 32 0 1 0 18 18 16 34 32 32 2 1 2 16 18 17 0 0 1 0 0 0 16 16 17 2 0 2 1 0 2 16 18 17 1 0 1 
1
1 2 0 0 1 2 0 1 0 
0 1 0 0 1 2 2 0 1 0 1 0 2 0 2 2 0 2 0 1 0 0 0 2 1 2 2 2 1 1 0 0 0 2 0 1 1 0 1 1 1 1 2 0 0 2 1 0 2 2 0 2 0 0 2 1 2 0 2 1 0 0 1 0 0 0 0 0 1 2 0 2 1 0 2 0 2 1 1 0 1 
16 17 16 32 33 34 2 0 1 16 17 16 34 32 34 2 0 2 16 17 16 32 32 34 1 2 2 2 1 1 16 16 16 34 32 33 1 0 1 17 17 17 34 32 32 2 1 0 18 18 16 34 32 32 2 1 2 16 18 17 0 0 1 0 0 0 16 16 17 2 0 2 1 0 2 16 18 17 1 0 1 
1
1 2 0 0 1 2 0 1 0 
0 1 0 0 1 2 2 0 1 0 1 0 2 0 2 2 0 2 0 1 0 0 0 2 1 2 2 2 1 1 0 0 0 2 0 1 1 0 1 1 1 1 2 0 0 2 1 0 2 2 0 2 0 0 2 1 2 0 2 1 0 0 1 1 0 0 0 0 1 2 0 2 1 0 2 0 2 1 1 0 1 
16 17 16 32 33 34 2 0 1 16 17 16 34 32 34 2 0 2 16 17 16 32 32 34 1 2 2 2 1 1 16 16 16 34 32 33 1 0 1 17 17 17 34 32 32 2 1 0 18 18 16 34 32 32 2 1 2 16 18 17 0 0 1 1 0 0 16 16 17 2 0 2 1 0 2 16 18 17 1 0 1 
1
1 2 0 0 1 2 0 1 0 
0 1 0 0 1 2 2 0 1 0 1 0 2 0 2 2 0 2 0 1 0 0 0 2 1 2 2 2 1 1 0 0 0 2 0 1 1 2 1 1 1 1 2 0 0 2 1 0 2 2 0 2 0 0 2 1 2 0 2 1 0 0 1 1 0 0 0 0 1 2 0 2 1 0 2 0 2 1 1 0 1 
16 17 16 32 33 34 2 0 1 16 17 16 34 32 34 2 0 2 16 17 16 32 32 34 1 2 2 2 1 1 16 16 16 34 32 33 1 2 1 17 17 17 34 32 32 2 1 0 18 18 16 34 32 32 2 1 2 16 18 17 0 0 1 1 0 0 16 16 17 2 0 2 1 0 2 16 18 17 1 0 1 
1
1 2 0 0 1 2 0 1 1 
0 1 0 0 1 2 2 0 1 0 1 0 2 0 2 2 0 2 0 1 0 0 0 2 1 2 2 2 1 1 0 0 0 2 0 1 1 2 1 1 1 1 2 0 0 2 1 0 2 2 0 2 0 0 2 1 2 0 2 1 0 0 1 1 0 0 0 0 1 2 1 2 1 0 2 0 2 1 1 0 1 
16 17 16 32 33 34 2 0 1 16 17 16 34 32 34 2 0 2 16 17 16 32 32 34 1 2 2 2 1 1 16 16 16 34 32 33 1 2 1 17 17 17 34 32 32 2 1 0 18 18 16 34 32 32 2 1 2 16 18 17 16 16 17 1 0 0 16 16 17 18 17 18 1 0 2 16 18 17 17 16 17 
1
1 2 0 0 1 2 0 1 1 
0 1 0 0 1 2 2 0 1 0 1 0 2 0 2 2 0 2 0 1 0 0 0 2 1 2 2 2 1 1 0 0 0 2 0 1 1 2 1 1 1 1 2 0 0 2 1 0 2 2 0 2 0 0 2 1 2 0 2 1 0 0 1 1 0 0 0 0 1 2 1 2 1 0 2 0 2 1 1 0 1 
16 17 16 32 33 34 2 0 1 16 17 16 34 32 34 2 0 2 16 17 16 32 32 34 1 2 2 2 1 1 16 16 16 34 32 33 1 2 1 17 17 17 34 32 32 2 1 0 18 18 16 34 32 32 2 1 2 16 18 17 16 16 17 1 0 0 16 16 17 18 17 18 1 0 2 16 18 17 17 16 17 
1
