0 0 0 0 0 0 0 0 0 
0 0 0 0 0 0 0 0 0 0 0 0 0 0 0 0 0 0 0 0 0 0 0 0 0 0 0 0 0 0 1 0 0 0 0 0 0 0 0 0 0 0 0 0 0 0 0 0 0 0 0 0 0 0 0 0 0 0 0 0 0 0 0 0 0 0 0 0 0 0 0 0 0 0 0 0 0 0 0 0 0 
0 0 0 0 0 0 0 0 0 0 0 0 0 0 0 0 0 0 0 0 0 0 0 0 0 0 0 0 0 0 1 0 0 0 0 0 0 0 0 0 0 0 0 0 0 0 0 0 0 0 0 0 0 0 0 0 0 0 0 0 0 0 0 0 0 0 0 0 0 0 0 0 0 0 0 0 0 0 0 0 0 
1
0 0 0 0 0 0 0 0 0 
0 0 0 0 0 0 0 0 0 0 0 2 0 0 0 0 0 0 0 0 0 0 0 0 0 0 0 0 0 0 1 0 0 0 0 0 0 0 0 0 0 0 0 0 0 0 0 0 0 0 0 0 0 0 0 0 0 0 0 0 0 0 0 0 0 0 0 0 0 0 0 0 0 0 0 0 0 0 0 0 0 
0 0 0 0 0 0 0 0 0 0 0 2 0 0 0 0 0 0 0 0 0 0 0 0 0 0 0 0 0 0 1 0 0 0 0 0 0 0 0 0 0 0 0 0 0 0 0 0 0 0 0 0 0 0 0 0 0 0 0 0 0 0 0 0 0 0 0 0 0 0 0 0 0 0 0 0 0 0 0 0 0 
1
0 0 0 0 0 0 0 0 0 
0 0 0 0 0 0 0 0 0 0 0 2 0 0 0 0 0 0 0 0 0 0 0 0 0 0 0 0 0 0 1 0 0 0 0 1 0 0 0 0 0 0 0 0 0 0 0 0 0 0 0 0 0 0 0 0 0 0 0 0 0 0 0 0 0 0 0 0 0 0 0 0 0 0 0 0 0 0 0 0 0 
0 0 0 0 0 0 0 0 0 0 0 2 0 0 0 0 0 0 0 0 0 0 0 0 0 0 0 0 0 0 1 0 0 0 0 1 0 0 0 0 0 0 0 0 0 0 0 0 0 0 0 0 0 0 0 0 0 0 0 0 0 0 0 0 0 0 0 0 0 0 0 0 0 0 0 0 0 0 0 0 0 
1
0 0 0 0 0 0 0 0 0 
0 0 0 0 0 0 0 0 0 0 0 2 0 0 0 0 0 0 0 0 0 0 0 0 0 2 0 0 0 0 1 0 0 0 0 1 0 0 0 0 0 0 0 0 0 0 0 0 0 0 0 0 0 0 0 0 0 0 0 0 0 0 0 0 0 0 0 0 0 0 0 0 0 0 0 0 0 0 0 0 0 
0 0 0 0 0 0 0 0 0 0 0 2 0 0 0 0 0 0 0 0 0 0 0 0 0 2 0 0 0 0 1 0 0 0 0 1 0 0 0 0 0 0 0 0 0 0 0 0 0 0 0 0 0 0 0 0 0 0 0 0 0 0 0 0 0 0 0 0 0 0 0 0 0 0 0 0 0 0 0 0 0 
1
0 0 0 0 0 0 0 0 0 
0 0 0 0 0 0 0 0 0 0 0 2 0 0 0 0 0 0 0 0 0 0 0 0 0 2 0 0 0 0 1 0 0 0 0 1 0 0 0 0 0 0 0 0 0 0 0 0 0 0 0 0 0 0 0 0 0 0 1 0 0 0 0 0 0 0 0 0 0 0 0 0 0 0 0 0 0 0 0 0 0 
0 0 0 0 0 0 0 0 0 0 0 2 0 0 0 0 0 0 0 0 0 0 0 0 0 2 0 0 0 0 1 0 0 0 0 1 0 0 0 0 0 0 0 0 0 0 0 0 0 0 0 0 0 0 0 0 0 0 1 0 0 0 0 0 0 0 0 0 0 0 0 0 0 0 0 0 0 0 0 0 0 
1
0 0 0 0 0 0 0 0 0 
0 0 0 0 0 0 0 0 0 0 0 2 2 0 0 0 0 0 0 0 0 0 0 0 0 2 0 0 0 0 1 0 0 0 0 1 0 0 0 0 0 0 0 0 0 0 0 0 0 0 0 0 0 0 0 0 0 0 1 0 0 0 0 0 0 0 0 0 0 0 0 0 0 0 0 0 0 0 0 0 0 
0 0 0 0 0 0 0 0 0 0 0 2 2 0 0 0 0 0 0 0 0 0 0 0 0 2 0 0 0 0 1 0 0 0 0 1 0 0 0 0 0 0 0 0 0 0 0 0 0 0 0 0 0 0 0 0 0 0 1 0 0 0 0 0 0 0 0 0 0 0 0 0 0 0 0 0 0 0 0 0 0 
1
0 0 0 0 0 0 0 0 0 
0 0 0 0 0 0 0 0 0 0 0 2 2 0 0 0 0 0 0 0 0 0 0 0 0 2 0 0 0 0 1 0 0 0 0 1 1 0 0 0 0 0 0 0 0 0 0 0 0 0 0 0 0 0 0 0 0 0 1 0 0 0 0 0 0 0 0 0 0 0 0 0 0 0 0 0 0 0 0 0 0 
0 0 0 0 0 0 0 0 0 0 0 2 2 0 0 0 0 0 0 0 0 0 0 0 0 2 0 0 0 0 1 0 0 0 0 1 1 0 0 0 0 0 0 0 0 0 0 0 0 0 0 0 0 0 0 0 0 0 1 0 0 0 0 0 0 0 0 0 0 0 0 0 0 0 0 0 0 0 0 0 0 
1
0 0 0 0 0 0 0 0 0 
0 0 0 0 0 0 0 0 0 0 0 2 2 0 0 0 0 0 0 0 0 0 0 0 0 2 0 0 0 2 1 0 0 0 0 1 1 0 0 0 0 0 0 0 0 0 0 0 0 0 0 0 0 0 0 0 0 0 1 0 0 0 0 0 0 0 0 0 0 0 0 0 0 0 0 0 0 0 0 0 0 
0 0 0 0 0 0 0 0 0 0 0 2 2 0 0 0 0 0 0 0 0 0 0 0 0 2 0 0 0 2 1 0 0 0 0 1 1 0 0 0 0 0 0 0 0 0 0 0 0 0 0 0 0 0 0 0 0 0 1 0 0 0 0 0 0 0 0 0 0 0 0 0 0 0 0 0 0 0 0 0 0 
1
0 0 0 0 0 0 0 0 0 
0 0 0 0 0 0 0 0 0 0 0 2 2 0 0 0 1 0 0 0 0 0 0 0 0 2 0 0 0 2 1 0 0 0 0 1 1 0 0 0 0 0 0 0 0 0 0 0 0 0 0 0 0 0 0 0 0 0 1 0 0 0 0 0 0 0 0 0 0 0 0 0 0 0 0 0 0 0 0 0 0 
0 0 0 0 0 0 0 0 0 0 0 2 2 0 0 0 1 0 0 0 0 0 0 0 0 2 0 0 0 2 1 0 0 0 0 1 1 0 0 0 0 0 0 0 0 0 0 0 0 0 0 0 0 0 0 0 0 0 1 0 0 0 0 0 0 0 0 0 0 0 0 0 0 0 0 0 0 0 0 0 0 
1
0 0 0 0 0 0 0 0 0 
0 0 0 0 0 0 0 0 0 0 0 2 2 0 0 0 1 0 0 0 0 0 0 0 0 2 0 0 0 2 1 0 0 0 0 1 1 0 0 0 0 0 0 0 0 0 0 0 0 0 2 0 0 0 0 0 0 0 1 0 0 0 0 0 0 0 0 0 0 0 0 0 0 0 0 0 0 0 0 0 0 
0 0 0 0 0 0 0 0 0 0 0 2 2 0 0 0 1 0 0 0 0 0 0 0 0 2 0 0 0 2 1 0 0 0 0 1 1 0 0 0 0 0 0 0 0 0 0 0 0 0 2 0 0 0 0 0 0 0 1 0 0 0 0 0 0 0 0 0 0 0 0 0 0 0 0 0 0 0 0 0 0 
1
0 0 0 0 0 0 0 0 0 
0 0 0 0 0 0 0 0 0 0 0 2 2 0 0 0 1 0 0 0 0 0 0 0 0 2 0 0 0 2 1 0 0 0 0 1 1 0 0 0 0 0 0 0 0 0 0 0 0 0 2 0 0 0 0 0 0 0 1 0 0 0 0 0 0 0 0 0 0 0 0 1 0 0 0 0 0 0 0 0 0 
0 0 0 0 0 0 0 0 0 0 0 2 2 0 0 0 1 0 0 0 0 0 0 0 0 2 0 0 0 2 1 0 0 0 0 1 1 0 0 0 0 0 0 0 0 0 0 0 0 0 2 0 0 0 0 0 0 0 1 0 0 0 0 0 0 0 0 0 0 0 0 1 0 0 0 0 0 0 0 0 0 
1
0 0 0 0 0 0 0 0 0 
0 0 0 0 0 0 0 0 0 0 0 2 2 0 0 0 1 0 0 0 0 0 0 0 0 2 0 0 0 2 1 0 0 0 2 1 1 0 0 0 0 0 0 0 0 0 0 0 0 0 2 0 0 0 0 0 0 0 1 0 0 0 0 0 0 0 0 0 0 0 0 1 0 0 0 0 0 0 0 0 0 
0 0 0 0 0 0 0 0 0 0 0 2 2 0 0 0 1 0 0 0 0 0 0 0 0 2 0 0 0 2 1 0 0 0 2 1 1 0 0 0 0 0 0 0 0 0 0 0 0 0 2 0 0 0 0 0 0 0 1 0 0 0 0 0 0 0 0 0 0 0 0 1 0 0 0 0 0 0 0 0 0 
1
0 0 0 0 0 0 0 0 0 
0 0 0 0 0 0 0 0 0 0 0 2 2 0 0 0 1 0 0 0 0 0 0 1 0 2 0 0 0 2 1 0 0 0 2 1 1 0 0 0 0 0 0 0 0 0 0 0 0 0 2 0 0 0 0 0 0 0 1 0 0 0 0 0 0 0 0 0 0 0 0 1 0 0 0 0 0 0 0 0 0 
0 0 0 0 0 0 0 0 0 0 0 2 2 0 0 0 1 0 0 0 0 0 0 1 0 2 0 0 0 2 1 0 0 0 2 1 1 0 0 0 0 0 0 0 0 0 0 0 0 0 2 0 0 0 0 0 0 0 1 0 0 0 0 0 0 0 0 0 0 0 0 1 0 0 0 0 0 0 0 0 0 
1
0 0 0 0 0 0 0 0 0 
0 0 0 0 0 0 0 0 0 0 0 2 2 0 0 0 1 0 0 0 0 0 0 1 0 2 0 0 0 2 1 0 0 0 2 1 1 0 0 0 0 0 0 0 0 0 0 0 0 0 2 0 0 0 0 0 0 0 1 0 2 0 0 0 0 0 0 0 0 0 0 1 0 0 0 0 0 0 0 0 0 
0 0 0 0 0 0 0 0 0 0 0 2 2 0 0 0 1 0 0 0 0 0 0 1 0 2 0 0 0 2 1 0 0 0 2 1 1 0 0 0 0 0 0 0 0 0 0 0 0 0 2 0 0 0 0 0 0 0 1 0 2 0 0 0 0 0 0 0 0 0 0 1 0 0 0 0 0 0 0 0 0 
1
0 0 0 0 0 0 0 0 0 
0 0 0 0 0 0 0 0 0 0 0 2 2 0 0 0 1 0 1 0 0 0 0 1 0 2 0 0 0 2 1 0 0 0 2 1 1 0 0 0 0 0 0 0 0 0 0 0 0 0 2 0 0 0 0 0 0 0 1 0 2 0 0 0 0 0 0 0 0 0 0 1 0 0 0 0 0 0 0 0 0 
0 0 0 0 0 0 0 0 0 0 0 2 2 0 0 0 1 0 1 0 0 0 0 1 0 2 0 0 0 2 1 0 0 0 2 1 1 0 0 0 0 0 0 0 0 0 0 0 0 0 2 0 0 0 0 0 0 0 1 0 2 0 0 0 0 0 0 0 0 0 0 1 0 0 0 0 0 0 0 0 0 
1
0 0 0 0 0 0 0 0 0 
0 0 0 0 0 0 0 0 0 0 0 2 2 0 0 0 1 0 1 0 0 0 0 1 0 2 0 0 0 2 1 0 0 0 2 1 1 0 0 0 0 0 0 0 0 0 0 0 0 0 2 0 0 0 0 0 0 0 1 0 2 0 0 0 0 2 0 0 0 0 0 1 0 0 0 0 0 0 0 0 0 
0 0 0 0 0 0 0 0 0 0 0 2 2 0 0 0 1 0 1 0 0 0 0 1 0 2 0 0 0 2 1 0 0 0 2 1 1 0 0 0 0 0 0 0 0 0 0 0 0 0 2 0 0 0 0 0 0 0 1 0 2 0 0 0 0 2 0 0 0 0 0 1 0 0 0 0 0 0 0 0 0 
1
0 0 0 0 0 0 0 0 0 
0 0 0 0 0 0 0 0 0 0 0 2 2 0 0 0 1 0 1 0 0 0 0 1 0 2 0 0 0 2 1 0 0 0 2 1 1 0 0 0 0 0 0 0 0 0 0 0 0 0 2 1 0 0 0 0 0 0 1 0 2 0 0 0 0 2 0 0 0 0 0 1 0 0 0 0 0 0 0 0 0 
0 0 0 0 0 0 0 0 0 0 0 2 2 0 0 0 1 0 1 0 0 0 0 1 0 2 0 0 0 2 1 0 0 0 2 1 1 0 0 0 0 0 0 0 0 0 0 0 0 0 2 1 0 0 0 0 0 0 1 0 2 0 0 0 0 2 0 0 0 0 0 1 0 0 0 0 0 0 0 0 0 
1
0 0 0 0 0 0 0 0 0 
0 0 0 0 0 0 0 0 0 0 0 2 2 0 0 0 1 0 1 0 0 0 0 1 0 2 0 0 0 2 1 0 0 0 2 1 1 0 0 0 0 0 0 0 0 0 0 0 0 0 2 1 0 0 0 0 0 0 1 0 2 0 0 2 0 2 0 0 0 0 0 1 0 0 0 0 0 0 0 0 0 
0 0 0 0 0 0 0 0 0 0 0 2 2 0 0 0 1 0 1 0 0 0 0 1 0 2 0 0 0 2 1 0 0 0 2 1 1 0 0 0 0 0 0 0 0 0 0 0 0 0 2 1 0 0 0 0 0 0 1 0 2 0 0 2 0 2 0 0 0 0 0 1 0 0 0 0 0 0 0 0 0 
1
0 0 0 0 0 0 0 0 0 
0 0 0 0 0 0 0 0 0 0 0 2 2 0 0 0 1 0 1 0 0 0 0 1 0 2 0 1 0 2 1 0 0 0 2 1 1 0 0 0 0 0 0 0 0 0 0 0 0 0 2 1 0 0 0 0 0 0 1 0 2 0 0 2 0 2 0 0 0 0 0 1 0 0 0 0 0 0 0 0 0 
0 0 0 0 0 0 0 0 0 0 0 2 2 0 0 0 1 0 1 0 0 0 0 1 0 2 0 1 0 2 1 0 0 0 2 1 1 0 0 0 0 0 0 0 0 0 0 0 0 0 2 1 0 0 0 0 0 0 1 0 2 0 0 2 0 2 0 0 0 0 0 1 0 0 0 0 0 0 0 0 0 
1
0 0 0 0 0 0 0 0 0 
0 0 0 0 0 0 0 0 0 0 0 2 2 0 0 0 1 0 1 0 2 0 0 1 0 2 0 1 0 2 1 0 0 0 2 1 1 0 0 0 0 0 0 0 0 0 0 0 0 0 2 1 0 0 0 0 0 0 1 0 2 0 0 2 0 2 0 0 0 0 0 1 0 0 0 0 0 0 0 0 0 
0 0 0 0 0 0 0 0 0 0 0 2 2 0 0 0 1 0 1 0 2 0 0 1 0 2 0 1 0 2 1 0 0 0 2 1 1 0 0 0 0 0 0 0 0 0 0 0 0 0 2 1 0 0 0 0 0 0 1 0 2 0 0 2 0 2 0 0 0 0 0 1 0 0 0 0 0 0 0 0 0 
1
0 0 0 0 0 0 0 0 0 
0 0 0 0 0 0 0 0 0 0 0 2 2 0 0 0 1 0 1 0 2 0 0 1 0 2 0 1 0 2 1 0 0 0 2 1 1 0 0 0 0 0 0 0 0 0 0 0 0 0 2 1 0 0 0 0 0 0 1 0 2 0 0 2 0 2 0 0 0 0 0 1 0 0 0 0 0 0 0 1 0 
0 0 0 0 0 0 0 0 0 0 0 2 2 0 0 0 1 0 1 0 2 0 0 1 0 2 0 1 0 2 1 0 0 0 2 1 1 0 0 0 0 0 0 0 0 0 0 0 0 0 2 1 0 0 0 0 0 0 1 0 2 0 0 2 0 2 0 0 0 0 0 1 0 0 0 0 0 0 0 1 0 
1
0 0 0 0 0 0 0 0 0 
0 0 0 0 0 0 0 0 0 0 0 2 2 0 0 0 1 0 1 0 2 0 0 1 0 2 0 1 0 2 1 0 0 0 2 1 1 0 0 0 0 0 0 0 0 0 0 0 0 0 2 1 0 0 0 0 0 0 1 0 2 0 0 2 0 2 2 0 0 0 0 1 0 0 0 0 0 0 0 1 0 
0 0 0 0 0 0 0 0 0 0 0 2 2 0 0 0 1 0 1 0 2 0 0 1 0 2 0 1 0 2 1 0 0 0 2 1 1 0 0 0 0 0 0 0 0 0 0 0 0 0 2 1 0 0 0 0 0 0 1 0 2 0 0 2 0 2 2 0 0 0 0 1 0 0 0 0 0 0 0 1 0 
1
0 0 0 1 0 0 0 0 0 
0 0 0 0 0 0 0 0 0 0 0 2 2 0 0 0 1 0 1 0 2 0 0 1 0 2 0 1 0 2 1 0 0 0 2 1 1 0 0 0 0 0 0 0 0 1 0 0 0 0 2 1 0 0 0 0 0 0 1 0 2 0 0 2 0 2 2 0 0 0 0 1 0 0 0 0 0 0 0 1 0 
0 0 0 0 0 0 0 0 0 0 0 2 2 0 0 0 1 0 1 0 2 0 0 1 0 2 0 17 16 18 1 0 0 0 2 1 17 16 16 0 0 0 0 0 0 17 16 16 0 0 2 1 0 0 0 0 0 0 1 0 2 0 0 2 0 2 2 0 0 0 0 1 0 0 0 0 0 0 0 1 0 
1
0 0 0 1 0 0 2 0 0 
0 0 0 0 0 0 0 0 0 0 0 2 2 0 0 0 1 0 1 0 2 0 0 1 0 2 0 1 0 2 1 0 0 0 2 1 1 0 0 0 0 0 0 0 0 1 0 0 0 0 2 1 0 0 0 0 0 0 1 0 2 0 0 2 2 2 2 0 0 0 0 1 0 0 0 0 0 0 0 1 0 
0 0 0 0 0 0 0 0 0 0 0 2 2 0 0 0 1 0 1 0 2 0 0 1 0 2 0 17 16 18 1 0 0 0 2 1 17 16 16 0 0 0 0 0 0 17 16 16 0 0 2 1 0 0 32 32 32 0 1 0 2 0 0 34 34 34 2 0 0 0 0 1 32 32 32 0 0 0 0 1 0 
1
0 0 0 1 0 0 2 0 0 
0 0 0 0 0 0 0 0 0 0 0 2 2 0 0 0 1 0 1 0 2 0 0 1 0 2 0 1 0 2 1 1 0 0 2 1 1 0 0 0 0 0 0 0 0 1 0 0 0 0 2 1 0 0 0 0 0 0 1 0 2 0 0 2 2 2 2 0 0 0 0 1 0 0 0 0 0 0 0 1 0 
0 0 0 0 0 0 0 0 0 0 0 2 2 0 0 0 1 0 1 0 2 0 0 1 0 2 0 17 16 18 1 1 0 0 2 1 17 16 16 0 0 0 0 0 0 17 16 16 0 0 2 1 0 0 32 32 32 0 1 0 2 0 0 34 34 34 2 0 0 0 0 1 32 32 32 0 0 0 0 1 0 
1
0 0 0 1 0 0 2 0 0 
0 0 0 0 0 0 0 0 0 0 0 2 2 0 0 0 1 0 1 0 2 0 2 1 0 2 0 1 0 2 1 1 0 0 2 1 1 0 0 0 0 0 0 0 0 1 0 0 0 0 2 1 0 0 0 0 0 0 1 0 2 0 0 2 2 2 2 0 0 0 0 1 0 0 0 0 0 0 0 1 0 
0 0 0 0 0 0 0 0 0 0 0 2 2 0 0 0 1 0 1 0 2 0 2 1 0 2 0 17 16 18 1 1 0 0 2 1 17 16 16 0 0 0 0 0 0 17 16 16 0 0 2 1 0 0 32 32 32 0 1 0 2 0 0 34 34 34 2 0 0 0 0 1 32 32 32 0 0 0 0 1 0 
1
0 0 0 1 0 0 2 0 0 
0 0 0 0 0 0 0 0 0 0 0 2 2 0 0 0 1 0 1 0 2 0 2 1 0 2 0 1 0 2 1 1 0 0 2 1 1 0 0 0 0 0 0 0 0 1 0 0 0 0 2 1 0 0 0 0 0 0 1 0 2 0 0 2 2 2 2 0 0 0 0 1 0 0 0 0 1 0 0 1 0 
0 0 0 0 0 0 0 0 0 0 0 2 2 0 0 0 1 0 1 0 2 0 2 1 0 2 0 17 16 18 1 1 0 0 2 1 17 16 16 0 0 0 0 0 0 17 16 16 0 0 2 1 0 0 32 32 32 0 1 0 2 0 0 34 34 34 2 0 0 0 0 1 32 32 32 0 1 0 0 1 0 
1
0 0 0 1 0 0 2 0 0 
0 0 0 0 0 0 0 0 0 0 0 2 2 0 0 0 1 0 1 0 2 0 2 1 0 2 0 1 0 2 1 1 0 0 2 1 1 0 0 0 0 0 0 0 0 1 0 0 0 0 2 1 0 0 0 0 0 2 1 0 2 0 0 2 2 2 2 0 0 0 0 1 0 0 0 0 1 0 0 1 0 
0 0 0 0 0 0 0 0 0 0 0 2 2 0 0 0 1 0 1 0 2 0 2 1 0 2 0 17 16 18 1 1 0 0 2 1 17 16 16 0 0 0 0 0 0 17 16 16 0 0 2 1 0 0 32 32 32 2 1 0 2 0 0 34 34 34 2 0 0 0 0 1 32 32 32 0 1 0 0 1 0 
1
0 0 0 1 0 0 2 0 0 
0 0 1 0 0 0 0 0 0 0 0 2 2 0 0 0 1 0 1 0 2 0 2 1 0 2 0 1 0 2 1 1 0 0 2 1 1 0 0 0 0 0 0 0 0 1 0 0 0 0 2 1 0 0 0 0 0 2 1 0 2 0 0 2 2 2 2 0 0 0 0 1 0 0 0 0 1 0 0 1 0 
0 0 1 0 0 0 0 0 0 0 0 2 2 0 0 0 1 0 1 0 2 0 2 1 0 2 0 17 16 18 1 1 0 0 2 1 17 16 16 0 0 0 0 0 0 17 16 16 0 0 2 1 0 0 32 32 32 2 1 0 2 0 0 34 34 34 2 0 0 0 0 1 32 32 32 0 1 0 0 1 0 
1
0 0 0 1 0 0 2 0 0 
0 0 1 0 0 0 0 0 0 0 0 2 2 0 0 0 1 0 1 0 2 0 2 1 0 2 2 1 0 2 1 1 0 0 2 1 1 0 0 0 0 0 0 0 0 1 0 0 0 0 2 1 0 0 0 0 0 2 1 0 2 0 0 2 2 2 2 0 0 0 0 1 0 0 0 0 1 0 0 1 0 
0 0 1 0 0 0 0 0 0 0 0 2 2 0 0 0 1 0 1 0 2 0 2 1 0 2 2 17 16 18 1 1 0 0 2 1 17 16 16 0 0 0 0 0 0 17 16 16 0 0 2 1 0 0 32 32 32 2 1 0 2 0 0 34 34 34 2 0 0 0 0 1 32 32 32 0 1 0 0 1 0 
1
0 0 0 1 0 0 2 0 0 
0 0 1 0 0 0 0 0 0 0 0 2 2 0 0 0 1 0 1 0 2 0 2 1 0 2 2 1 0 2 1 1 0 0 2 1 1 0 0 0 0 0 0 0 0 1 0 0 0 0 2 1 0 0 0 0 0 2 1 0 2 1 0 2 2 2 2 0 0 0 0 1 0 0 0 0 1 0 0 1 0 
0 0 1 0 0 0 0 0 0 0 0 2 2 0 0 0 1 0 1 0 2 0 2 1 0 2 2 17 16 18 1 1 0 0 2 1 17 16 16 0 0 0 0 0 0 17 16 16 0 0 2 1 0 0 32 32 32 2 1 0 2 1 0 34 34 34 2 0 0 0 0 1 32 32 32 0 1 0 0 1 0 
1
0 0 0 1 0 0 2 0 0 
0 0 1 2 0 0 0 0 0 0 0 2 2 0 0 0 1 0 1 0 2 0 2 1 0 2 2 1 0 2 1 1 0 0 2 1 1 0 0 0 0 0 0 0 0 1 0 0 0 0 2 1 0 0 0 0 0 2 1 0 2 1 0 2 2 2 2 0 0 0 0 1 0 0 0 0 1 0 0 1 0 
0 0 1 2 0 0 0 0 0 0 0 2 2 0 0 0 1 0 1 0 2 0 2 1 0 2 2 17 16 18 1 1 0 0 2 1 17 16 16 0 0 0 0 0 0 17 16 16 0 0 2 1 0 0 32 32 32 2 1 0 2 1 0 34 34 34 2 0 0 0 0 1 32 32 32 0 1 0 0 1 0 
1
0 0 0 1 0 0 2 0 0 
1 0 1 2 0 0 0 0 0 0 0 2 2 0 0 0 1 0 1 0 2 0 2 1 0 2 2 1 0 2 1 1 0 0 2 1 1 0 0 0 0 0 0 0 0 1 0 0 0 0 2 1 0 0 0 0 0 2 1 0 2 1 0 2 2 2 2 0 0 0 0 1 0 0 0 0 1 0 0 1 0 
1 0 1 2 0 0 0 0 0 0 0 2 2 0 0 0 1 0 1 0 2 0 2 1 0 2 2 17 16 18 1 1 0 0 2 1 17 16 16 0 0 0 0 0 0 17 16 16 0 0 2 1 0 0 32 32 32 2 1 0 2 1 0 34 34 34 2 0 0 0 0 1 32 32 32 0 1 0 0 1 0 
1
0 0 0 1 0 0 2 0 0 
1 0 1 2 0 0 0 0 0 0 0 2 2 0 0 0 1 0 1 2 2 0 2 1 0 2 2 1 0 2 1 1 0 0 2 1 1 0 0 0 0 0 0 0 0 1 0 0 0 0 2 1 0 0 0 0 0 2 1 0 2 1 0 2 2 2 2 0 0 0 0 1 0 0 0 0 1 0 0 1 0 
1 0 1 2 0 0 0 0 0 0 0 2 2 0 0 0 1 0 1 2 2 0 2 1 0 2 2 17 16 18 1 1 0 0 2 1 17 16 16 0 0 0 0 0 0 17 16 16 0 0 2 1 0 0 32 32 32 2 1 0 2 1 0 34 34 34 2 0 0 0 0 1 32 32 32 0 1 0 0 1 0 
1
0 0 0 1 0 0 2 0 0 
1 0 1 2 0 0 0 0 0 0 0 2 2 0 0 0 1 0 1 2 2 0 2 1 0 2 2 1 0 2 1 1 0 0 2 1 1 0 0 0 0 0 0 0 0 1 0 0 0 0 2 1 0 0 0 0 0 2 1 1 2 1 0 2 2 2 2 0 0 0 0 1 0 0 0 0 1 0 0 1 0 
1 0 1 2 0 0 0 0 0 0 0 2 2 0 0 0 1 0 1 2 2 0 2 1 0 2 2 17 16 18 1 1 0 0 2 1 17 16 16 0 0 0 0 0 0 17 16 16 0 0 2 1 0 0 32 32 32 2 1 1 2 1 0 34 34 34 2 0 0 0 0 1 32 32 32 0 1 0 0 1 0 
1
0 0 0 1 0 0 2 0 0 
1 0 1 2 0 0 0 2 0 0 0 2 2 0 0 0 1 0 1 2 2 0 2 1 0 2 2 1 0 2 1 1 0 0 2 1 1 0 0 0 0 0 0 0 0 1 0 0 0 0 2 1 0 0 0 0 0 2 1 1 2 1 0 2 2 2 2 0 0 0 0 1 0 0 0 0 1 0 0 1 0 
1 0 1 2 0 0 0 2 0 0 0 2 2 0 0 0 1 0 1 2 2 0 2 1 0 2 2 17 16 18 1 1 0 0 2 1 17 16 16 0 0 0 0 0 0 17 16 16 0 0 2 1 0 0 32 32 32 2 1 1 2 1 0 34 34 34 2 0 0 0 0 1 32 32 32 0 1 0 0 1 0 
1
0 0 0 1 0 0 2 0 0 
1 0 1 2 0 1 0 2 0 0 0 2 2 0 0 0 1 0 1 2 2 0 2 1 0 2 2 1 0 2 1 1 0 0 2 1 1 0 0 0 0 0 0 0 0 1 0 0 0 0 2 1 0 0 0 0 0 2 1 1 2 1 0 2 2 2 2 0 0 0 0 1 0 0 0 0 1 0 0 1 0 
1 0 1 2 0 1 0 2 0 0 0 2 2 0 0 0 1 0 1 2 2 0 2 1 0 2 2 17 16 18 1 1 0 0 2 1 17 16 16 0 0 0 0 0 0 17 16 16 0 0 2 1 0 0 32 32 32 2 1 1 2 1 0 34 34 34 2 0 0 0 0 1 32 32 32 0 1 0 0 1 0 
1
0 0 0 1 0 0 2 0 0 
1 0 1 2 0 1 0 2 2 0 0 2 2 0 0 0 1 0 1 2 2 0 2 1 0 2 2 1 0 2 1 1 0 0 2 1 1 0 0 0 0 0 0 0 0 1 0 0 0 0 2 1 0 0 0 0 0 2 1 1 2 1 0 2 2 2 2 0 0 0 0 1 0 0 0 0 1 0 0 1 0 
1 0 1 2 0 1 0 2 2 0 0 2 2 0 0 0 1 0 1 2 2 0 2 1 0 2 2 17 16 18 1 1 0 0 2 1 17 16 16 0 0 0 0 0 0 17 16 16 0 0 2 1 0 0 32 32 32 2 1 1 2 1 0 34 34 34 2 0 0 0 0 1 32 32 32 0 1 0 0 1 0 
1
0 0 0 1 0 0 2 0 0 
1 0 1 2 0 1 1 2 2 0 0 2 2 0 0 0 1 0 1 2 2 0 2 1 0 2 2 1 0 2 1 1 0 0 2 1 1 0 0 0 0 0 0 0 0 1 0 0 0 0 2 1 0 0 0 0 0 2 1 1 2 1 0 2 2 2 2 0 0 0 0 1 0 0 0 0 1 0 0 1 0 
1 0 1 2 0 1 1 2 2 0 0 2 2 0 0 0 1 0 1 2 2 0 2 1 0 2 2 17 16 18 1 1 0 0 2 1 17 16 16 0 0 0 0 0 0 17 16 16 0 0 2 1 0 0 32 32 32 2 1 1 2 1 0 34 34 34 2 0 0 0 0 1 32 32 32 0 1 0 0 1 0 
1
0 0 0 1 0 0 2 0 0 
1 2 1 2 0 1 1 2 2 0 0 2 2 0 0 0 1 0 1 2 2 0 2 1 0 2 2 1 0 2 1 1 0 0 2 1 1 0 0 0 0 0 0 0 0 1 0 0 0 0 2 1 0 0 0 0 0 2 1 1 2 1 0 2 2 2 2 0 0 0 0 1 0 0 0 0 1 0 0 1 0 
1 2 1 2 0 1 1 2 2 0 0 2 2 0 0 0 1 0 1 2 2 0 2 1 0 2 2 17 16 18 1 1 0 0 2 1 17 16 16 0 0 0 0 0 0 17 16 16 0 0 2 1 0 0 32 32 32 2 1 1 2 1 0 34 34 34 2 0 0 0 0 1 32 32 32 0 1 0 0 1 0 
1
0 0 0 1 0 0 2 0 0 
1 2 1 2 1 1 1 2 2 0 0 2 2 0 0 0 1 0 1 2 2 0 2 1 0 2 2 1 0 2 1 1 0 0 2 1 1 0 0 0 0 0 0 0 0 1 0 0 0 0 2 1 0 0 0 0 0 2 1 1 2 1 0 2 2 2 2 0 0 0 0 1 0 0 0 0 1 0 0 1 0 
1 2 1 2 1 1 1 2 2 0 0 2 2 0 0 0 1 0 1 2 2 0 2 1 0 2 2 17 16 18 1 1 0 0 2 1 17 16 16 0 0 0 0 0 0 17 16 16 0 0 2 1 0 0 32 32 32 2 1 1 2 1 0 34 34 34 2 0 0 0 0 1 32 32 32 0 1 0 0 1 0 
1
0 0 0 1 0 0 2 0 0 
1 2 1 2 1 1 1 2 2 0 0 2 2 0 2 0 1 0 1 2 2 0 2 1 0 2 2 1 0 2 1 1 0 0 2 1 1 0 0 0 0 0 0 0 0 1 0 0 0 0 2 1 0 0 0 0 0 2 1 1 2 1 0 2 2 2 2 0 0 0 0 1 0 0 0 0 1 0 0 1 0 
1 2 1 2 1 1 1 2 2 0 0 2 2 0 2 0 1 0 1 2 2 0 2 1 0 2 2 17 16 18 1 1 0 0 2 1 17 16 16 0 0 0 0 0 0 17 16 16 0 0 2 1 0 0 32 32 32 2 1 1 2 1 0 34 34 34 2 0 0 0 0 1 32 32 32 0 1 0 0 1 0 
1
0 0 0 1 0 0 2 0 0 
1 2 1 2 1 1 1 2 2 0 0 2 2 0 2 0 1 0 1 2 2 0 2 1 0 2 2 1 0 2 1 1 0 1 2 1 1 0 0 0 0 0 0 0 0 1 0 0 0 0 2 1 0 0 0 0 0 2 1 1 2 1 0 2 2 2 2 0 0 0 0 1 0 0 0 0 1 0 0 1 0 
1 2 1 2 1 1 1 2 2 0 0 2 2 0 2 0 1 0 1 2 2 0 2 1 0 2 2 17 16 18 1 1 0 1 2 1 17 16 16 0 0 0 0 0 0 17 16 16 0 0 2 1 0 0 32 32 32 2 1 1 2 1 0 34 34 34 2 0 0 0 0 1 32 32 32 0 1 0 0 1 0 
1
2 0 0 1 0 0 2 0 0 
1 2 1 2 1 1 1 2 2 0 2 2 2 0 2 0 1 0 1 2 2 0 2 1 0 2 2 1 0 2 1 1 0 1 2 1 1 0 0 0 0 0 0 0 0 1 0 0 0 0 2 1 0 0 0 0 0 2 1 1 2 1 0 2 2 2 2 0 0 0 0 1 0 0 0 0 1 0 0 1 0 
33 34 33 2 1 1 1 2 2 32 34 34 2 0 2 0 1 0 33 34 34 0 2 1 0 2 2 17 16 18 1 1 0 1 2 1 17 16 16 0 0 0 0 0 0 17 16 16 0 0 2 1 0 0 32 32 32 2 1 1 2 1 0 34 34 34 2 0 0 0 0 1 32 32 32 0 1 0 0 1 0 
1
2 0 0 1 1 0 2 0 0 
1 2 1 2 1 1 1 2 2 0 2 2 2 0 2 0 1 0 1 2 2 0 2 1 0 2 2 1 0 2 1 1 1 1 2 1 1 0 0 0 0 0 0 0 0 1 0 0 0 0 2 1 0 0 0 0 0 2 1 1 2 1 0 2 2 2 2 0 0 0 0 1 0 0 0 0 1 0 0 1 0 
33 34 33 2 1 1 1 2 2 32 34 34 2 0 2 0 1 0 33 34 34 0 2 1 0 2 2 17 16 18 17 17 17 1 2 1 17 16 16 16 16 16 0 0 0 17 16 16 16 16 18 1 0 0 32 32 32 2 1 1 2 1 0 34 34 34 2 0 0 0 0 1 32 32 32 0 1 0 0 1 0 
1
2 0 2 1 1 0 2 0 0 
1 2 1 2 1 1 1 2 2 0 2 2 2 0 2 0 1 2 1 2 2 0 2 1 0 2 2 1 0 2 1 1 1 1 2 1 1 0 0 0 0 0 0 0 0 1 0 0 0 0 2 1 0 0 0 0 0 2 1 1 2 1 0 2 2 2 2 0 0 0 0 1 0 0 0 0 1 0 0 1 0 
33 34 33 2 1 1 33 34 34 32 34 34 2 0 2 32 33 34 33 34 34 0 2 1 32 34 34 17 16 18 17 17 17 1 2 1 17 16 16 16 16 16 0 0 0 17 16 16 16 16 18 1 0 0 32 32 32 2 1 1 2 1 0 34 34 34 2 0 0 0 0 1 32 32 32 0 1 0 0 1 0 
1
2 0 2 1 1 1 2 0 0 
1 2 1 2 1 1 1 2 2 0 2 2 2 0 2 0 1 2 1 2 2 0 2 1 0 2 2 1 0 2 1 1 1 1 2 1 1 0 0 0 0 0 0 1 0 1 0 0 0 0 2 1 0 0 0 0 0 2 1 1 2 1 0 2 2 2 2 0 0 0 0 1 0 0 0 0 1 0 0 1 0 
33 34 33 2 1 1 33 34 34 32 34 34 2 0 2 32 33 34 33 34 34 0 2 1 32 34 34 17 16 18 17 17 17 17 18 17 17 16 16 16 16 16 16 17 16 17 16 16 16 16 18 17 16 16 32 32 32 2 1 1 2 1 0 34 34 34 2 0 0 0 0 1 32 32 32 0 1 0 0 1 0 
1
2 0 2 1 1 1 2 0 0 
1 2 1 2 1 1 1 2 2 0 2 2 2 0 2 0 1 2 1 2 2 0 2 1 0 2 2 1 0 2 1 1 1 1 2 1 1 0 0 0 0 0 0 1 0 1 0 0 0 0 2 1 0 0 0 0 0 2 1 1 2 1 0 2 2 2 2 0 0 0 0 1 0 0 0 0 1 0 0 1 0 
33 34 33 2 1 1 33 34 34 32 34 34 2 0 2 32 33 34 33 34 34 0 2 1 32 34 34 17 16 18 17 17 17 17 18 17 17 16 16 16 16 16 16 17 16 17 16 16 16 16 18 17 16 16 32 32 32 2 1 1 2 1 0 34 34 34 2 0 0 0 0 1 32 32 32 0 1 0 0 1 0 
1
