0 0 0 0 0 0 0 0 0 
0 0 0 0 0 0 0 0 0 0 0 0 0 0 0 0 0 0 0 0 0 0 0 0 0 0 0 0 0 0 0 0 0 0 0 0 0 0 0 0 0 0 0 0 0 1 0 0 0 0 0 0 0 0 0 0 0 0 0 0 0 0 0 0 0 0 0 0 0 0 0 0 0 0 0 0 0 0 0 0 0 
0 0 0 0 0 0 0 0 0 0 0 0 0 0 0 0 0 0 0 0 0 0 0 0 0 0 0 0 0 0 0 0 0 0 0 0 0 0 0 0 0 0 0 0 0 1 0 0 0 0 0 0 0 0 0 0 0 0 0 0 0 0 0 0 0 0 0 0 0 0 0 0 0 0 0 0 0 0 0 0 0 
0
0 0 0 0 0 0 0 0 0 
0 0 0 0 0 0 0 0 0 0 0 0 0 0 0 0 0 0 0 0 0 0 0 0 0 0 0 0 0 0 0 0 0 0 0 0 0 0 0 0 0 0 0 0 0 1 0 0 0 0 0 0 0 0 2 0 0 0 0 0 0 0 0 0 0 0 0 0 0 0 0 0 0 0 0 0 0 0 0 0 0 
0 0 0 0 0 0 0 0 0 0 0 0 0 0 0 0 0 0 0 0 0 0 0 0 0 0 0 0 0 0 0 0 0 0 0 0 0 0 0 0 0 0 0 0 0 1 0 0 0 0 0 0 0 0 2 0 0 0 0 0 0 0 0 0 0 0 0 0 0 0 0 0 0 0 0 0 0 0 0 0 0 
0
0 0 0 0 0 0 0 0 0 
1 0 0 0 0 0 0 0 0 0 0 0 0 0 0 0 0 0 0 0 0 0 0 0 0 0 0 0 0 0 0 0 0 0 0 0 0 0 0 0 0 0 0 0 0 1 0 0 0 0 0 0 0 0 2 0 0 0 0 0 0 0 0 0 0 0 0 0 0 0 0 0 0 0 0 0 0 0 0 0 0 
1 0 0 0 0 0 0 0 0 0 0 0 0 0 0 0 0 0 0 0 0 0 0 0 0 0 0 0 0 0 0 0 0 0 0 0 0 0 0 0 0 0 0 0 0 1 0 0 0 0 0 0 0 0 2 0 0 0 0 0 0 0 0 0 0 0 0 0 0 0 0 0 0 0 0 0 0 0 0 0 0 
0
0 0 0 0 0 0 0 0 0 
1 0 0 0 0 0 0 0 0 2 0 0 0 0 0 0 0 0 0 0 0 0 0 0 0 0 0 0 0 0 0 0 0 0 0 0 0 0 0 0 0 0 0 0 0 1 0 0 0 0 0 0 0 0 2 0 0 0 0 0 0 0 0 0 0 0 0 0 0 0 0 0 0 0 0 0 0 0 0 0 0 
1 0 0 0 0 0 0 0 0 2 0 0 0 0 0 0 0 0 0 0 0 0 0 0 0 0 0 0 0 0 0 0 0 0 0 0 0 0 0 0 0 0 0 0 0 1 0 0 0 0 0 0 0 0 2 0 0 0 0 0 0 0 0 0 0 0 0 0 0 0 0 0 0 0 0 0 0 0 0 0 0 
0
0 0 0 0 0 0 0 0 0 
1 0 0 0 0 0 0 0 0 2 0 0 0 0 0 0 0 0 0 0 0 0 0 0 0 0 0 0 0 1 0 0 0 0 0 0 0 0 0 0 0 0 0 0 0 1 0 0 0 0 0 0 0 0 2 0 0 0 0 0 0 0 0 0 0 0 0 0 0 0 0 0 0 0 0 0 0 0 0 0 0 
1 0 0 0 0 0 0 0 0 2 0 0 0 0 0 0 0 0 0 0 0 0 0 0 0 0 0 0 0 1 0 0 0 0 0 0 0 0 0 0 0 0 0 0 0 1 0 0 0 0 0 0 0 0 2 0 0 0 0 0 0 0 0 0 0 0 0 0 0 0 0 0 0 0 0 0 0 0 0 0 0 
0
0 0 0 0 0 0 0 0 0 
1 0 0 0 0 0 0 0 0 2 0 0 0 0 0 0 0 0 0 0 0 0 0 0 0 0 2 0 0 1 0 0 0 0 0 0 0 0 0 0 0 0 0 0 0 1 0 0 0 0 0 0 0 0 2 0 0 0 0 0 0 0 0 0 0 0 0 0 0 0 0 0 0 0 0 0 0 0 0 0 0 
1 0 0 0 0 0 0 0 0 2 0 0 0 0 0 0 0 0 0 0 0 0 0 0 0 0 2 0 0 1 0 0 0 0 0 0 0 0 0 0 0 0 0 0 0 1 0 0 0 0 0 0 0 0 2 0 0 0 0 0 0 0 0 0 0 0 0 0 0 0 0 0 0 0 0 0 0 0 0 0 0 
0
0 0 0 0 0 0 0 0 0 
1 0 0 0 0 0 0 0 0 2 0 0 0 0 0 0 0 0 0 0 0 0 0 0 0 0 2 0 0 1 0 0 0 0 0 0 0 0 0 0 0 0 0 0 0 1 0 0 0 0 0 0 0 0 2 0 0 0 0 0 0 1 0 0 0 0 0 0 0 0 0 0 0 0 0 0 0 0 0 0 0 
1 0 0 0 0 0 0 0 0 2 0 0 0 0 0 0 0 0 0 0 0 0 0 0 0 0 2 0 0 1 0 0 0 0 0 0 0 0 0 0 0 0 0 0 0 1 0 0 0 0 0 0 0 0 2 0 0 0 0 0 0 1 0 0 0 0 0 0 0 0 0 0 0 0 0 0 0 0 0 0 0 
0
0 0 0 0 0 0 0 0 0 
1 0 0 0 0 0 0 0 0 2 0 0 0 0 0 0 0 0 0 0 0 0 0 2 0 0 2 0 0 1 0 0 0 0 0 0 0 0 0 0 0 0 0 0 0 1 0 0 0 0 0 0 0 0 2 0 0 0 0 0 0 1 0 0 0 0 0 0 0 0 0 0 0 0 0 0 0 0 0 0 0 
1 0 0 0 0 0 0 0 0 2 0 0 0 0 0 0 0 0 0 0 0 0 0 2 0 0 2 0 0 1 0 0 0 0 0 0 0 0 0 0 0 0 0 0 0 1 0 0 0 0 0 0 0 0 2 0 0 0 0 0 0 1 0 0 0 0 0 0 0 0 0 0 0 0 0 0 0 0 0 0 0 
0
0 0 0 0 0 0 0 0 0 
1 0 0 0 0 0 0 0 0 2 0 0 0 0 0 0 0 0 0 0 0 0 0 2 0 0 2 0 0 1 0 0 0 0 0 0 0 0 0 0 0 0 0 0 0 1 0 0 0 0 0 0 0 0 2 0 0 0 0 0 1 1 0 0 0 0 0 0 0 0 0 0 0 0 0 0 0 0 0 0 0 
1 0 0 0 0 0 0 0 0 2 0 0 0 0 0 0 0 0 0 0 0 0 0 2 0 0 2 0 0 1 0 0 0 0 0 0 0 0 0 0 0 0 0 0 0 1 0 0 0 0 0 0 0 0 2 0 0 0 0 0 1 1 0 0 0 0 0 0 0 0 0 0 0 0 0 0 0 0 0 0 0 
0
0 0 0 0 0 0 0 0 0 
1 0 0 0 0 0 0 0 0 2 2 0 0 0 0 0 0 0 0 0 0 0 0 2 0 0 2 0 0 1 0 0 0 0 0 0 0 0 0 0 0 0 0 0 0 1 0 0 0 0 0 0 0 0 2 0 0 0 0 0 1 1 0 0 0 0 0 0 0 0 0 0 0 0 0 0 0 0 0 0 0 
1 0 0 0 0 0 0 0 0 2 2 0 0 0 0 0 0 0 0 0 0 0 0 2 0 0 2 0 0 1 0 0 0 0 0 0 0 0 0 0 0 0 0 0 0 1 0 0 0 0 0 0 0 0 2 0 0 0 0 0 1 1 0 0 0 0 0 0 0 0 0 0 0 0 0 0 0 0 0 0 0 
0
0 0 0 0 0 0 0 0 0 
1 0 0 0 0 0 0 0 0 2 2 0 0 0 0 0 0 0 0 0 0 0 0 2 0 0 2 0 0 1 0 0 0 0 0 0 0 0 0 0 1 0 0 0 0 1 0 0 0 0 0 0 0 0 2 0 0 0 0 0 1 1 0 0 0 0 0 0 0 0 0 0 0 0 0 0 0 0 0 0 0 
1 0 0 0 0 0 0 0 0 2 2 0 0 0 0 0 0 0 0 0 0 0 0 2 0 0 2 0 0 1 0 0 0 0 0 0 0 0 0 0 1 0 0 0 0 1 0 0 0 0 0 0 0 0 2 0 0 0 0 0 1 1 0 0 0 0 0 0 0 0 0 0 0 0 0 0 0 0 0 0 0 
0
0 0 0 0 0 0 0 0 0 
1 0 0 0 0 0 0 0 0 2 2 0 0 0 0 0 0 0 0 0 0 0 0 2 0 0 2 0 0 1 0 0 0 0 0 0 0 0 0 2 1 0 0 0 0 1 0 0 0 0 0 0 0 0 2 0 0 0 0 0 1 1 0 0 0 0 0 0 0 0 0 0 0 0 0 0 0 0 0 0 0 
1 0 0 0 0 0 0 0 0 2 2 0 0 0 0 0 0 0 0 0 0 0 0 2 0 0 2 0 0 1 0 0 0 0 0 0 0 0 0 2 1 0 0 0 0 1 0 0 0 0 0 0 0 0 2 0 0 0 0 0 1 1 0 0 0 0 0 0 0 0 0 0 0 0 0 0 0 0 0 0 0 
0
0 0 0 1 0 0 0 0 0 
1 0 0 0 0 0 0 0 0 2 2 0 0 0 0 0 0 0 0 0 0 0 0 2 0 0 2 0 0 1 0 0 0 0 0 0 0 1 0 2 1 0 0 0 0 1 0 0 0 0 0 0 0 0 2 0 0 0 0 0 1 1 0 0 0 0 0 0 0 0 0 0 0 0 0 0 0 0 0 0 0 
1 0 0 0 0 0 0 0 0 2 2 0 0 0 0 0 0 0 0 0 0 0 0 2 0 0 2 16 16 17 0 0 0 0 0 0 16 17 16 2 1 0 0 0 0 17 16 16 0 0 0 0 0 0 2 0 0 0 0 0 1 1 0 0 0 0 0 0 0 0 0 0 0 0 0 0 0 0 0 0 0 
0
0 0 0 1 0 0 0 0 0 
1 0 0 0 0 0 0 0 0 2 2 0 0 0 0 0 0 0 0 0 0 0 0 2 0 0 2 0 0 1 0 0 0 0 0 0 0 1 0 2 1 0 0 0 0 1 0 0 2 0 0 0 0 0 2 0 0 0 0 0 1 1 0 0 0 0 0 0 0 0 0 0 0 0 0 0 0 0 0 0 0 
1 0 0 0 0 0 0 0 0 2 2 0 0 0 0 0 0 0 0 0 0 0 0 2 0 0 2 16 16 17 0 0 0 0 0 0 16 17 16 2 1 0 0 0 0 17 16 16 2 0 0 0 0 0 2 0 0 0 0 0 1 1 0 0 0 0 0 0 0 0 0 0 0 0 0 0 0 0 0 0 0 
0
0 0 0 1 0 0 0 0 0 
1 0 0 0 0 0 0 0 0 2 2 0 0 0 0 0 0 0 0 0 0 0 0 2 0 0 2 0 0 1 0 0 0 0 0 0 0 1 0 2 1 0 0 0 0 1 0 0 2 0 0 0 0 0 2 1 0 0 0 0 1 1 0 0 0 0 0 0 0 0 0 0 0 0 0 0 0 0 0 0 0 
1 0 0 0 0 0 0 0 0 2 2 0 0 0 0 0 0 0 0 0 0 0 0 2 0 0 2 16 16 17 0 0 0 0 0 0 16 17 16 2 1 0 0 0 0 17 16 16 2 0 0 0 0 0 2 1 0 0 0 0 1 1 0 0 0 0 0 0 0 0 0 0 0 0 0 0 0 0 0 0 0 
0
0 0 0 1 0 0 0 0 0 
1 0 0 0 0 0 0 0 0 2 2 0 0 0 2 0 0 0 0 0 0 0 0 2 0 0 2 0 0 1 0 0 0 0 0 0 0 1 0 2 1 0 0 0 0 1 0 0 2 0 0 0 0 0 2 1 0 0 0 0 1 1 0 0 0 0 0 0 0 0 0 0 0 0 0 0 0 0 0 0 0 
1 0 0 0 0 0 0 0 0 2 2 0 0 0 2 0 0 0 0 0 0 0 0 2 0 0 2 16 16 17 0 0 0 0 0 0 16 17 16 2 1 0 0 0 0 17 16 16 2 0 0 0 0 0 2 1 0 0 0 0 1 1 0 0 0 0 0 0 0 0 0 0 0 0 0 0 0 0 0 0 0 
0
0 0 0 1 0 0 0 0 0 
1 0 0 0 0 0 0 0 0 2 2 0 0 0 2 0 0 0 0 0 0 0 0 2 0 0 2 0 0 1 0 0 0 0 0 1 0 1 0 2 1 0 0 0 0 1 0 0 2 0 0 0 0 0 2 1 0 0 0 0 1 1 0 0 0 0 0 0 0 0 0 0 0 0 0 0 0 0 0 0 0 
1 0 0 0 0 0 0 0 0 2 2 0 0 0 2 0 0 0 0 0 0 0 0 2 0 0 2 16 16 17 0 0 0 0 0 1 16 17 16 2 1 0 0 0 0 17 16 16 2 0 0 0 0 0 2 1 0 0 0 0 1 1 0 0 0 0 0 0 0 0 0 0 0 0 0 0 0 0 0 0 0 
0
0 0 0 1 0 0 0 0 0 
1 0 0 0 0 0 0 0 0 2 2 0 0 0 2 0 0 0 0 0 0 0 0 2 2 0 2 0 0 1 0 0 0 0 0 1 0 1 0 2 1 0 0 0 0 1 0 0 2 0 0 0 0 0 2 1 0 0 0 0 1 1 0 0 0 0 0 0 0 0 0 0 0 0 0 0 0 0 0 0 0 
1 0 0 0 0 0 0 0 0 2 2 0 0 0 2 0 0 0 0 0 0 0 0 2 2 0 2 16 16 17 0 0 0 0 0 1 16 17 16 2 1 0 0 0 0 17 16 16 2 0 0 0 0 0 2 1 0 0 0 0 1 1 0 0 0 0 0 0 0 0 0 0 0 0 0 0 0 0 0 0 0 
0
0 0 0 1 0 0 0 0 0 
1 0 0 0 0 0 0 0 0 2 2 0 0 0 2 0 0 0 0 0 0 0 0 2 2 0 2 0 0 1 0 0 0 0 0 1 0 1 0 2 1 0 0 0 0 1 0 0 2 0 0 0 0 0 2 1 0 0 0 0 1 1 0 0 0 1 0 0 0 0 0 0 0 0 0 0 0 0 0 0 0 
1 0 0 0 0 0 0 0 0 2 2 0 0 0 2 0 0 0 0 0 0 0 0 2 2 0 2 16 16 17 0 0 0 0 0 1 16 17 16 2 1 0 0 0 0 17 16 16 2 0 0 0 0 0 2 1 0 0 0 0 1 1 0 0 0 1 0 0 0 0 0 0 0 0 0 0 0 0 0 0 0 
0
0 0 0 1 0 0 0 0 0 
1 0 0 0 0 0 0 0 0 2 2 0 0 0 2 0 0 0 0 0 0 0 0 2 2 0 2 0 0 1 0 0 0 0 2 1 0 1 0 2 1 0 0 0 0 1 0 0 2 0 0 0 0 0 2 1 0 0 0 0 1 1 0 0 0 1 0 0 0 0 0 0 0 0 0 0 0 0 0 0 0 
1 0 0 0 0 0 0 0 0 2 2 0 0 0 2 0 0 0 0 0 0 0 0 2 2 0 2 16 16 17 0 0 0 0 2 1 16 17 16 2 1 0 0 0 0 17 16 16 2 0 0 0 0 0 2 1 0 0 0 0 1 1 0 0 0 1 0 0 0 0 0 0 0 0 0 0 0 0 0 0 0 
0
0 0 0 1 0 0 0 0 0 
1 0 0 0 0 0 0 0 0 2 2 0 0 0 2 0 0 0 0 0 0 0 1 2 2 0 2 0 0 1 0 0 0 0 2 1 0 1 0 2 1 0 0 0 0 1 0 0 2 0 0 0 0 0 2 1 0 0 0 0 1 1 0 0 0 1 0 0 0 0 0 0 0 0 0 0 0 0 0 0 0 
1 0 0 0 0 0 0 0 0 2 2 0 0 0 2 0 0 0 0 0 0 0 1 2 2 0 2 16 16 17 0 0 0 0 2 1 16 17 16 2 1 0 0 0 0 17 16 16 2 0 0 0 0 0 2 1 0 0 0 0 1 1 0 0 0 1 0 0 0 0 0 0 0 0 0 0 0 0 0 0 0 
0
0 0 0 1 0 0 0 0 0 
1 0 0 0 0 0 0 0 0 2 2 0 0 0 2 0 0 0 0 0 0 0 1 2 2 0 2 0 0 1 0 0 0 0 2 1 0 1 0 2 1 0 0 0 0 1 0 0 2 0 0 0 0 0 2 1 0 0 0 0 1 1 0 0 0 1 0 0 0 0 0 0 0 0 0 0 0 2 0 0 0 
1 0 0 0 0 0 0 0 0 2 2 0 0 0 2 0 0 0 0 0 0 0 1 2 2 0 2 16 16 17 0 0 0 0 2 1 16 17 16 2 1 0 0 0 0 17 16 16 2 0 0 0 0 0 2 1 0 0 0 0 1 1 0 0 0 1 0 0 0 0 0 0 0 0 0 0 0 2 0 0 0 
0
0 0 0 1 0 0 0 0 0 
1 0 0 0 0 0 0 0 0 2 2 0 0 0 2 0 0 0 0 0 0 0 1 2 2 0 2 0 0 1 0 0 0 0 2 1 0 1 0 2 1 0 0 0 0 1 0 0 2 0 0 0 0 0 2 1 0 0 0 0 1 1 0 0 0 1 0 0 0 0 0 0 0 0 0 0 0 2 1 0 0 
1 0 0 0 0 0 0 0 0 2 2 0 0 0 2 0 0 0 0 0 0 0 1 2 2 0 2 16 16 17 0 0 0 0 2 1 16 17 16 2 1 0 0 0 0 17 16 16 2 0 0 0 0 0 2 1 0 0 0 0 1 1 0 0 0 1 0 0 0 0 0 0 0 0 0 0 0 2 1 0 0 
0
0 0 0 1 0 0 0 0 0 
1 0 0 0 0 0 0 0 0 2 2 0 0 0 2 0 0 0 0 0 0 0 1 2 2 0 2 0 0 1 0 0 0 0 2 1 0 1 0 2 1 0 0 0 0 1 0 0 2 0 0 0 0 0 2 1 0 0 0 0 1 1 0 0 0 1 0 0 0 0 0 0 2 0 0 0 0 2 1 0 0 
1 0 0 0 0 0 0 0 0 2 2 0 0 0 2 0 0 0 0 0 0 0 1 2 2 0 2 16 16 17 0 0 0 0 2 1 16 17 16 2 1 0 0 0 0 17 16 16 2 0 0 0 0 0 2 1 0 0 0 0 1 1 0 0 0 1 0 0 0 0 0 0 2 0 0 0 0 2 1 0 0 
0
0 0 0 1 0 0 0 0 0 
1 0 0 0 0 0 0 0 0 2 2 0 0 0 2 0 0 0 0 0 0 0 1 2 2 0 2 0 0 1 0 0 0 0 2 1 0 1 0 2 1 0 0 0 0 1 0 0 2 0 0 0 0 0 2 1 0 0 0 0 1 1 0 0 0 1 0 0 0 0 0 0 2 0 1 0 0 2 1 0 0 
1 0 0 0 0 0 0 0 0 2 2 0 0 0 2 0 0 0 0 0 0 0 1 2 2 0 2 16 16 17 0 0 0 0 2 1 16 17 16 2 1 0 0 0 0 17 16 16 2 0 0 0 0 0 2 1 0 0 0 0 1 1 0 0 0 1 0 0 0 0 0 0 2 0 1 0 0 2 1 0 0 
0
0 0 0 1 0 0 0 0 0 
1 0 0 0 0 0 0 0 0 2 2 0 0 0 2 0 0 0 0 0 0 0 1 2 2 0 2 0 0 1 0 0 0 0 2 1 0 1 0 2 1 0 0 0 0 1 0 0 2 0 0 0 0 0 2 1 0 0 0 0 1 1 0 0 0 1 0 0 0 0 0 2 2 0 1 0 0 2 1 0 0 
1 0 0 0 0 0 0 0 0 2 2 0 0 0 2 0 0 0 0 0 0 0 1 2 2 0 2 16 16 17 0 0 0 0 2 1 16 17 16 2 1 0 0 0 0 17 16 16 2 0 0 0 0 0 2 1 0 0 0 0 1 1 0 0 0 1 0 0 0 0 0 2 2 0 1 0 0 2 1 0 0 
0
0 0 0 1 0 0 0 0 0 
1 0 0 0 0 0 0 0 0 2 2 0 0 0 2 0 0 0 0 0 0 0 1 2 2 0 2 0 0 1 0 0 0 0 2 1 0 1 0 2 1 0 0 0 1 1 0 0 2 0 0 0 0 0 2 1 0 0 0 0 1 1 0 0 0 1 0 0 0 0 0 2 2 0 1 0 0 2 1 0 0 
1 0 0 0 0 0 0 0 0 2 2 0 0 0 2 0 0 0 0 0 0 0 1 2 2 0 2 16 16 17 0 0 0 0 2 1 16 17 16 2 1 0 0 0 1 17 16 16 2 0 0 0 0 0 2 1 0 0 0 0 1 1 0 0 0 1 0 0 0 0 0 2 2 0 1 0 0 2 1 0 0 
0
0 0 0 1 0 0 0 0 0 
1 0 0 0 0 0 0 0 0 2 2 0 0 0 2 0 0 0 0 0 0 0 1 2 2 0 2 0 0 1 0 0 0 0 2 1 0 1 0 2 1 0 0 0 1 1 0 0 2 0 0 0 2 0 2 1 0 0 0 0 1 1 0 0 0 1 0 0 0 0 0 2 2 0 1 0 0 2 1 0 0 
1 0 0 0 0 0 0 0 0 2 2 0 0 0 2 0 0 0 0 0 0 0 1 2 2 0 2 16 16 17 0 0 0 0 2 1 16 17 16 2 1 0 0 0 1 17 16 16 2 0 0 0 2 0 2 1 0 0 0 0 1 1 0 0 0 1 0 0 0 0 0 2 2 0 1 0 0 2 1 0 0 
0
0 0 0 1 0 0 0 0 0 
1 0 0 0 0 0 0 0 0 2 2 0 0 0 2 0 0 0 0 0 0 0 1 2 2 0 2 0 0 1 0 0 0 0 2 1 0 1 0 2 1 0 0 0 1 1 0 0 2 0 0 0 2 0 2 1 0 0 0 0 1 1 0 0 0 1 0 0 1 0 0 2 2 0 1 0 0 2 1 0 0 
1 0 0 0 0 0 0 0 0 2 2 0 0 0 2 0 0 0 0 0 0 0 1 2 2 0 2 16 16 17 0 0 0 0 2 1 16 17 16 2 1 0 0 0 1 17 16 16 2 0 0 0 2 0 2 1 0 0 0 0 1 1 0 0 0 1 0 0 1 0 0 2 2 0 1 0 0 2 1 0 0 
0
0 0 0 1 0 0 0 0 0 
1 0 0 0 0 0 0 0 0 2 2 0 0 0 2 0 0 0 0 0 0 0 1 2 2 0 2 0 0 1 0 0 0 0 2 1 0 1 0 2 1 0 0 0 1 1 0 0 2 0 0 0 2 2 2 1 0 0 0 0 1 1 0 0 0 1 0 0 1 0 0 2 2 0 1 0 0 2 1 0 0 
1 0 0 0 0 0 0 0 0 2 2 0 0 0 2 0 0 0 0 0 0 0 1 2 2 0 2 16 16 17 0 0 0 0 2 1 16 17 16 2 1 0 0 0 1 17 16 16 2 0 0 0 2 2 2 1 0 0 0 0 1 1 0 0 0 1 0 0 1 0 0 2 2 0 1 0 0 2 1 0 0 
0
0 0 0 1 0 0 0 0 0 
1 0 0 0 0 0 0 0 0 2 2 0 0 0 2 0 0 0 0 0 0 0 1 2 2 0 2 0 0 1 0 0 0 0 2 1 0 1 0 2 1 0 0 0 1 1 0 0 2 0 0 0 2 2 2 1 0 0 0 0 1 1 0 0 0 1 0 0 1 0 0 2 2 0 1 0 0 2 1 0 1 
1 0 0 0 0 0 0 0 0 2 2 0 0 0 2 0 0 0 0 0 0 0 1 2 2 0 2 16 16 17 0 0 0 0 2 1 16 17 16 2 1 0 0 0 1 17 16 16 2 0 0 0 2 2 2 1 0 0 0 0 1 1 0 0 0 1 0 0 1 0 0 2 2 0 1 0 0 2 1 0 1 
0
0 0 0 1 0 0 0 0 0 
1 0 0 0 0 0 0 0 0 2 2 0 0 0 2 0 0 0 0 0 0 0 1 2 2 0 2 0 0 1 0 0 0 0 2 1 0 1 0 2 1 0 0 0 1 1 0 0 2 0 0 0 2 2 2 1 0 0 0 0 1 1 0 0 0 1 0 0 1 0 2 2 2 0 1 0 0 2 1 0 1 
1 0 0 0 0 0 0 0 0 2 2 0 0 0 2 0 0 0 0 0 0 0 1 2 2 0 2 16 16 17 0 0 0 0 2 1 16 17 16 2 1 0 0 0 1 17 16 16 2 0 0 0 2 2 2 1 0 0 0 0 1 1 0 0 0 1 0 0 1 0 2 2 2 0 1 0 0 2 1 0 1 
0
0 0 0 1 0 0 0 0 0 
1 0 0 0 0 0 0 0 0 2 2 0 0 0 2 0 0 0 0 0 0 0 1 2 2 0 2 0 0 1 0 0 0 0 2 1 0 1 0 2 1 0 0 0 1 1 0 0 2 0 1 0 2 2 2 1 0 0 0 0 1 1 0 0 0 1 0 0 1 0 2 2 2 0 1 0 0 2 1 0 1 
1 0 0 0 0 0 0 0 0 2 2 0 0 0 2 0 0 0 0 0 0 0 1 2 2 0 2 16 16 17 0 0 0 0 2 1 16 17 16 2 1 0 0 0 1 17 16 16 2 0 1 0 2 2 2 1 0 0 0 0 1 1 0 0 0 1 0 0 1 0 2 2 2 0 1 0 0 2 1 0 1 
0
0 0 0 1 0 0 0 0 2 
1 0 0 0 0 0 0 0 0 2 2 0 0 0 2 0 0 0 0 0 0 0 1 2 2 0 2 0 0 1 0 0 0 0 2 1 0 1 0 2 1 0 0 0 1 1 0 0 2 0 1 0 2 2 2 1 0 0 0 0 1 1 0 0 0 1 0 0 1 2 2 2 2 0 1 0 0 2 1 0 1 
1 0 0 0 0 0 0 0 0 2 2 0 0 0 2 0 0 0 0 0 0 0 1 2 2 0 2 16 16 17 0 0 0 0 2 1 16 17 16 2 1 0 0 0 1 17 16 16 2 0 1 0 2 2 2 1 0 0 0 0 33 33 32 0 0 1 0 0 1 34 34 34 2 0 1 0 0 2 33 32 33 
0
0 0 0 1 1 0 0 0 2 
1 0 0 0 0 0 0 0 0 2 2 0 0 0 2 0 0 0 0 0 0 0 1 2 2 0 2 0 0 1 1 0 0 0 2 1 0 1 0 2 1 0 0 0 1 1 0 0 2 0 1 0 2 2 2 1 0 0 0 0 1 1 0 0 0 1 0 0 1 2 2 2 2 0 1 0 0 2 1 0 1 
1 0 0 0 0 0 0 0 0 2 2 0 0 0 2 0 0 0 0 0 0 0 1 2 2 0 2 16 16 17 17 16 16 0 2 1 16 17 16 18 17 16 0 0 1 17 16 16 18 16 17 0 2 2 2 1 0 0 0 0 33 33 32 0 0 1 0 0 1 34 34 34 2 0 1 0 0 2 33 32 33 
0
0 0 0 1 1 0 0 0 2 
1 0 0 0 0 0 0 0 0 2 2 0 0 0 2 0 0 0 2 0 0 0 1 2 2 0 2 0 0 1 1 0 0 0 2 1 0 1 0 2 1 0 0 0 1 1 0 0 2 0 1 0 2 2 2 1 0 0 0 0 1 1 0 0 0 1 0 0 1 2 2 2 2 0 1 0 0 2 1 0 1 
1 0 0 0 0 0 0 0 0 2 2 0 0 0 2 0 0 0 2 0 0 0 1 2 2 0 2 16 16 17 17 16 16 0 2 1 16 17 16 18 17 16 0 0 1 17 16 16 18 16 17 0 2 2 2 1 0 0 0 0 33 33 32 0 0 1 0 0 1 34 34 34 2 0 1 0 0 2 33 32 33 
0
0 0 0 1 1 0 0 0 2 
1 0 0 0 0 0 0 0 0 2 2 0 0 0 2 0 0 0 2 0 0 0 1 2 2 0 2 0 0 1 1 0 0 0 2 1 0 1 0 2 1 0 0 0 1 1 0 0 2 0 1 0 2 2 2 1 0 0 0 0 1 1 0 0 0 1 0 0 1 2 2 2 2 1 1 0 0 2 1 0 1 
1 0 0 0 0 0 0 0 0 2 2 0 0 0 2 0 0 0 2 0 0 0 1 2 2 0 2 16 16 17 17 16 16 0 2 1 16 17 16 18 17 16 0 0 1 17 16 16 18 16 17 0 2 2 2 1 0 0 0 0 33 33 32 0 0 1 0 0 1 34 34 34 2 1 1 0 0 2 33 32 33 
0
0 0 0 1 1 0 0 0 2 
1 0 0 0 0 0 0 0 0 2 2 0 0 0 2 0 0 0 2 0 0 0 1 2 2 0 2 0 0 1 1 0 0 0 2 1 0 1 0 2 1 0 0 0 1 1 0 0 2 0 1 0 2 2 2 1 0 0 0 0 1 1 0 0 0 1 0 0 1 2 2 2 2 1 1 2 0 2 1 0 1 
1 0 0 0 0 0 0 0 0 2 2 0 0 0 2 0 0 0 2 0 0 0 1 2 2 0 2 16 16 17 17 16 16 0 2 1 16 17 16 18 17 16 0 0 1 17 16 16 18 16 17 0 2 2 2 1 0 0 0 0 33 33 32 0 0 1 0 0 1 34 34 34 2 1 1 2 0 2 33 32 33 
0
0 0 0 1 1 0 1 0 2 
1 0 0 0 0 0 0 0 0 2 2 0 0 0 2 0 0 0 2 0 0 0 1 2 2 0 2 0 0 1 1 0 0 0 2 1 0 1 0 2 1 0 0 0 1 1 0 0 2 0 1 0 2 2 2 1 1 0 0 0 1 1 0 0 0 1 0 0 1 2 2 2 2 1 1 2 0 2 1 0 1 
1 0 0 0 0 0 0 0 0 2 2 0 0 0 2 0 0 0 2 0 0 0 1 2 2 0 2 16 16 17 17 16 16 0 2 1 16 17 16 18 17 16 0 0 1 17 16 16 18 16 17 0 2 2 18 17 17 0 0 0 33 33 32 16 16 17 0 0 1 34 34 34 18 17 17 2 0 2 33 32 33 
0
0 0 2 1 1 0 1 0 2 
1 0 0 0 0 0 0 0 0 2 2 0 0 0 2 0 0 0 2 0 0 0 1 2 2 2 2 0 0 1 1 0 0 0 2 1 0 1 0 2 1 0 0 0 1 1 0 0 2 0 1 0 2 2 2 1 1 0 0 0 1 1 0 0 0 1 0 0 1 2 2 2 2 1 1 2 0 2 1 0 1 
1 0 0 0 0 0 32 32 32 2 2 0 0 0 2 32 32 32 2 0 0 0 1 2 34 34 34 16 16 17 17 16 16 0 2 1 16 17 16 18 17 16 0 0 1 17 16 16 18 16 17 0 2 2 18 17 17 0 0 0 33 33 32 16 16 17 0 0 1 34 34 34 18 17 17 2 0 2 33 32 33 
0
0 0 2 1 1 0 1 0 2 
1 0 0 0 0 0 0 0 0 2 2 0 0 0 2 0 0 0 2 0 0 0 1 2 2 2 2 0 0 1 1 0 0 0 2 1 0 1 0 2 1 0 0 0 1 1 0 0 2 0 1 0 2 2 2 1 1 1 0 0 1 1 0 0 0 1 0 0 1 2 2 2 2 1 1 2 0 2 1 0 1 
1 0 0 0 0 0 32 32 32 2 2 0 0 0 2 32 32 32 2 0 0 0 1 2 34 34 34 16 16 17 17 16 16 0 2 1 16 17 16 18 17 16 0 0 1 17 16 16 18 16 17 0 2 2 18 17 17 1 0 0 33 33 32 16 16 17 0 0 1 34 34 34 18 17 17 2 0 2 33 32 33 
0
2 0 2 1 1 0 1 0 2 
1 0 0 0 0 0 0 0 0 2 2 2 0 0 2 0 0 0 2 0 0 0 1 2 2 2 2 0 0 1 1 0 0 0 2 1 0 1 0 2 1 0 0 0 1 1 0 0 2 0 1 0 2 2 2 1 1 1 0 0 1 1 0 0 0 1 0 0 1 2 2 2 2 1 1 2 0 2 1 0 1 
33 32 32 0 0 0 32 32 32 34 34 34 0 0 2 32 32 32 34 32 32 0 1 2 34 34 34 16 16 17 17 16 16 0 2 1 16 17 16 18 17 16 0 0 1 17 16 16 18 16 17 0 2 2 18 17 17 1 0 0 33 33 32 16 16 17 0 0 1 34 34 34 18 17 17 2 0 2 33 32 33 
0
2 0 2 1 1 0 1 0 2 
1 0 0 0 0 0 0 0 0 2 2 2 0 0 2 0 0 0 2 0 0 0 1 2 2 2 2 0 0 1 1 0 0 1 2 1 0 1 0 2 1 0 0 0 1 1 0 0 2 0 1 0 2 2 2 1 1 1 0 0 1 1 0 0 0 1 0 0 1 2 2 2 2 1 1 2 0 2 1 0 1 
33 32 32 0 0 0 32 32 32 34 34 34 0 0 2 32 32 32 34 32 32 0 1 2 34 34 34 16 16 17 17 16 16 1 2 1 16 17 16 18 17 16 0 0 1 17 16 16 18 16 17 0 2 2 18 17 17 1 0 0 33 33 32 16 16 17 0 0 1 34 34 34 18 17 17 2 0 2 33 32 33 
0
2 2 2 1 1 0 1 0 2 
1 0 0 0 0 2 0 0 0 2 2 2 0 0 2 0 0 0 2 0 0 0 1 2 2 2 2 0 0 1 1 0 0 1 2 1 0 1 0 2 1 0 0 0 1 1 0 0 2 0 1 0 2 2 2 1 1 1 0 0 1 1 0 0 0 1 0 0 1 2 2 2 2 1 1 2 0 2 1 0 1 
33 32 32 32 32 34 32 32 32 34 34 34 32 32 34 32 32 32 34 32 32 32 33 34 34 34 34 16 16 17 17 16 16 1 2 1 16 17 16 18 17 16 0 0 1 17 16 16 18 16 17 0 2 2 18 17 17 1 0 0 33 33 32 16 16 17 0 0 1 34 34 34 18 17 17 2 0 2 33 32 33 
0
2 2 2 1 1 0 1 0 2 
1 0 0 0 0 2 0 0 0 2 2 2 0 0 2 0 0 0 2 0 0 0 1 2 2 2 2 0 0 1 1 0 0 1 2 1 0 1 0 2 1 0 0 0 1 1 0 0 2 0 1 0 2 2 2 1 1 1 0 0 1 1 0 0 0 1 0 0 1 2 2 2 2 1 1 2 0 2 1 0 1 
33 32 32 32 32 34 32 32 32 34 34 34 32 32 34 32 32 32 34 32 32 32 33 34 34 34 34 16 16 17 17 16 16 1 2 1 16 17 16 18 17 16 0 0 1 17 16 16 18 16 17 0 2 2 18 17 17 1 0 0 33 33 32 16 16 17 0 0 1 34 34 34 18 17 17 2 0 2 33 32 33 
0
