0 0 0 0 0 0 0 0 0 
0 0 0 0 0 0 0 0 0 0 0 0 0 0 0 0 0 0 0 0 0 0 0 0 0 0 0 0 0 0 0 0 0 0 0 0 0 0 0 0 1 0 0 0 0 0 0 0 0 0 0 0 0 0 0 0 0 0 0 0 0 0 0 0 0 0 0 0 0 0 0 0 0 0 0 0 0 0 0 0 0 
0 0 0 0 0 0 0 0 0 0 0 0 0 0 0 0 0 0 0 0 0 0 0 0 0 0 0 0 0 0 0 0 0 0 0 0 0 0 0 0 1 0 0 0 0 0 0 0 0 0 0 0 0 0 0 0 0 0 0 0 0 0 0 0 0 0 0 0 0 0 0 0 0 0 0 0 0 0 0 0 0 
0
0 0 0 0 0 0 0 0 0 
0 0 0 0 0 0 0 0 0 0 0 0 0 0 0 0 0 0 0 0 0 0 0 0 0 0 0 0 0 0 0 0 0 0 0 0 0 0 0 0 1 0 0 0 0 0 0 0 0 2 0 0 0 0 0 0 0 0 0 0 0 0 0 0 0 0 0 0 0 0 0 0 0 0 0 0 0 0 0 0 0 
0 0 0 0 0 0 0 0 0 0 0 0 0 0 0 0 0 0 0 0 0 0 0 0 0 0 0 0 0 0 0 0 0 0 0 0 0 0 0 0 1 0 0 0 0 0 0 0 0 2 0 0 0 0 0 0 0 0 0 0 0 0 0 0 0 0 0 0 0 0 0 0 0 0 0 0 0 0 0 0 0 
0
0 0 0 0 0 0 0 0 0 
0 0 0 0 0 0 0 0 0 0 0 0 0 0 0 0 0 0 0 0 0 0 0 0 0 0 0 0 0 0 0 0 0 0 0 0 0 0 0 0 1 0 0 0 0 0 0 0 0 2 0 0 0 0 0 0 0 0 0 0 0 0 0 0 0 0 0 0 0 0 0 0 0 0 0 0 0 1 0 0 0 
0 0 0 0 0 0 0 0 0 0 0 0 0 0 0 0 0 0 0 0 0 0 0 0 0 0 0 0 0 0 0 0 0 0 0 0 0 0 0 0 1 0 0 0 0 0 0 0 0 2 0 0 0 0 0 0 0 0 0 0 0 0 0 0 0 0 0 0 0 0 0 0 0 0 0 0 0 1 0 0 0 
0
0 0 0 0 0 0 0 0 0 
0 0 0 0 0 0 0 0 0 0 0 0 0 0 0 0 0 0 0 0 0 0 0 0 0 0 0 0 0 0 0 0 0 0 0 0 0 0 0 0 1 0 0 0 0 0 0 0 0 2 0 0 0 0 0 0 0 0 0 0 0 2 0 0 0 0 0 0 0 0 0 0 0 0 0 0 0 1 0 0 0 
0 0 0 0 0 0 0 0 0 0 0 0 0 0 0 0 0 0 0 0 0 0 0 0 0 0 0 0 0 0 0 0 0 0 0 0 0 0 0 0 1 0 0 0 0 0 0 0 0 2 0 0 0 0 0 0 0 0 0 0 0 2 0 0 0 0 0 0 0 0 0 0 0 0 0 0 0 1 0 0 0 
0
0 0 0 0 0 0 0 0 0 
0 0 0 0 0 0 0 0 0 0 0 0 0 0 0 0 0 0 0 0 0 1 0 0 0 0 0 0 0 0 0 0 0 0 0 0 0 0 0 0 1 0 0 0 0 0 0 0 0 2 0 0 0 0 0 0 0 0 0 0 0 2 0 0 0 0 0 0 0 0 0 0 0 0 0 0 0 1 0 0 0 
0 0 0 0 0 0 0 0 0 0 0 0 0 0 0 0 0 0 0 0 0 1 0 0 0 0 0 0 0 0 0 0 0 0 0 0 0 0 0 0 1 0 0 0 0 0 0 0 0 2 0 0 0 0 0 0 0 0 0 0 0 2 0 0 0 0 0 0 0 0 0 0 0 0 0 0 0 1 0 0 0 
0
0 0 0 0 0 0 0 0 0 
0 0 0 0 0 0 0 0 0 0 0 0 0 0 0 0 0 0 0 0 0 1 0 0 0 0 0 0 0 0 0 0 0 0 0 0 0 0 0 0 1 0 0 0 0 0 0 0 0 2 0 0 0 0 0 0 0 0 0 0 0 2 0 0 0 0 0 0 0 0 0 0 0 0 2 0 0 1 0 0 0 
0 0 0 0 0 0 0 0 0 0 0 0 0 0 0 0 0 0 0 0 0 1 0 0 0 0 0 0 0 0 0 0 0 0 0 0 0 0 0 0 1 0 0 0 0 0 0 0 0 2 0 0 0 0 0 0 0 0 0 0 0 2 0 0 0 0 0 0 0 0 0 0 0 0 2 0 0 1 0 0 0 
0
0 0 0 0 0 0 0 0 0 
0 0 0 0 0 0 0 0 0 0 0 0 0 0 0 0 0 0 0 0 0 1 0 0 0 0 0 0 0 0 0 0 0 0 0 0 0 0 0 0 1 0 0 0 0 0 0 0 0 2 0 0 0 0 0 0 0 0 0 0 0 2 1 0 0 0 0 0 0 0 0 0 0 0 2 0 0 1 0 0 0 
0 0 0 0 0 0 0 0 0 0 0 0 0 0 0 0 0 0 0 0 0 1 0 0 0 0 0 0 0 0 0 0 0 0 0 0 0 0 0 0 1 0 0 0 0 0 0 0 0 2 0 0 0 0 0 0 0 0 0 0 0 2 1 0 0 0 0 0 0 0 0 0 0 0 2 0 0 1 0 0 0 
0
0 0 0 0 0 0 0 0 0 
0 0 0 0 0 0 2 0 0 0 0 0 0 0 0 0 0 0 0 0 0 1 0 0 0 0 0 0 0 0 0 0 0 0 0 0 0 0 0 0 1 0 0 0 0 0 0 0 0 2 0 0 0 0 0 0 0 0 0 0 0 2 1 0 0 0 0 0 0 0 0 0 0 0 2 0 0 1 0 0 0 
0 0 0 0 0 0 2 0 0 0 0 0 0 0 0 0 0 0 0 0 0 1 0 0 0 0 0 0 0 0 0 0 0 0 0 0 0 0 0 0 1 0 0 0 0 0 0 0 0 2 0 0 0 0 0 0 0 0 0 0 0 2 1 0 0 0 0 0 0 0 0 0 0 0 2 0 0 1 0 0 0 
0
0 0 0 0 0 0 0 0 0 
1 0 0 0 0 0 2 0 0 0 0 0 0 0 0 0 0 0 0 0 0 1 0 0 0 0 0 0 0 0 0 0 0 0 0 0 0 0 0 0 1 0 0 0 0 0 0 0 0 2 0 0 0 0 0 0 0 0 0 0 0 2 1 0 0 0 0 0 0 0 0 0 0 0 2 0 0 1 0 0 0 
1 0 0 0 0 0 2 0 0 0 0 0 0 0 0 0 0 0 0 0 0 1 0 0 0 0 0 0 0 0 0 0 0 0 0 0 0 0 0 0 1 0 0 0 0 0 0 0 0 2 0 0 0 0 0 0 0 0 0 0 0 2 1 0 0 0 0 0 0 0 0 0 0 0 2 0 0 1 0 0 0 
0
0 0 0 0 0 0 0 0 0 
1 0 0 0 0 0 2 0 0 0 0 0 0 0 0 0 0 0 0 0 2 1 0 0 0 0 0 0 0 0 0 0 0 0 0 0 0 0 0 0 1 0 0 0 0 0 0 0 0 2 0 0 0 0 0 0 0 0 0 0 0 2 1 0 0 0 0 0 0 0 0 0 0 0 2 0 0 1 0 0 0 
1 0 0 0 0 0 2 0 0 0 0 0 0 0 0 0 0 0 0 0 2 1 0 0 0 0 0 0 0 0 0 0 0 0 0 0 0 0 0 0 1 0 0 0 0 0 0 0 0 2 0 0 0 0 0 0 0 0 0 0 0 2 1 0 0 0 0 0 0 0 0 0 0 0 2 0 0 1 0 0 0 
0
0 0 0 0 0 0 0 0 0 
1 0 0 0 0 0 2 0 0 0 0 0 0 0 0 0 0 0 0 0 2 1 0 0 0 0 0 0 0 0 0 0 0 0 0 0 0 0 0 0 1 0 0 0 0 0 0 0 0 2 0 0 0 0 0 0 0 0 0 0 0 2 1 0 0 0 0 0 0 0 0 1 0 0 2 0 0 1 0 0 0 
1 0 0 0 0 0 2 0 0 0 0 0 0 0 0 0 0 0 0 0 2 1 0 0 0 0 0 0 0 0 0 0 0 0 0 0 0 0 0 0 1 0 0 0 0 0 0 0 0 2 0 0 0 0 0 0 0 0 0 0 0 2 1 0 0 0 0 0 0 0 0 1 0 0 2 0 0 1 0 0 0 
0
0 0 0 0 0 0 0 0 0 
1 0 0 0 0 0 2 0 0 0 0 0 0 0 0 0 0 0 0 0 2 1 0 0 0 0 0 0 0 0 0 0 0 0 2 0 0 0 0 0 1 0 0 0 0 0 0 0 0 2 0 0 0 0 0 0 0 0 0 0 0 2 1 0 0 0 0 0 0 0 0 1 0 0 2 0 0 1 0 0 0 
1 0 0 0 0 0 2 0 0 0 0 0 0 0 0 0 0 0 0 0 2 1 0 0 0 0 0 0 0 0 0 0 0 0 2 0 0 0 0 0 1 0 0 0 0 0 0 0 0 2 0 0 0 0 0 0 0 0 0 0 0 2 1 0 0 0 0 0 0 0 0 1 0 0 2 0 0 1 0 0 0 
0
0 0 0 0 0 0 0 0 0 
1 0 0 0 0 0 2 0 0 0 0 0 0 0 0 0 0 0 0 0 2 1 1 0 0 0 0 0 0 0 0 0 0 0 2 0 0 0 0 0 1 0 0 0 0 0 0 0 0 2 0 0 0 0 0 0 0 0 0 0 0 2 1 0 0 0 0 0 0 0 0 1 0 0 2 0 0 1 0 0 0 
1 0 0 0 0 0 2 0 0 0 0 0 0 0 0 0 0 0 0 0 2 1 1 0 0 0 0 0 0 0 0 0 0 0 2 0 0 0 0 0 1 0 0 0 0 0 0 0 0 2 0 0 0 0 0 0 0 0 0 0 0 2 1 0 0 0 0 0 0 0 0 1 0 0 2 0 0 1 0 0 0 
0
0 0 0 0 0 0 0 0 0 
1 0 0 0 0 0 2 0 0 0 0 0 0 0 0 0 0 0 0 0 2 1 1 0 0 0 0 0 0 0 0 0 0 0 2 0 0 0 0 0 1 0 0 0 0 0 0 0 0 2 0 0 0 0 0 0 0 0 0 0 0 2 1 0 0 0 0 0 0 0 0 1 0 0 2 2 0 1 0 0 0 
1 0 0 0 0 0 2 0 0 0 0 0 0 0 0 0 0 0 0 0 2 1 1 0 0 0 0 0 0 0 0 0 0 0 2 0 0 0 0 0 1 0 0 0 0 0 0 0 0 2 0 0 0 0 0 0 0 0 0 0 0 2 1 0 0 0 0 0 0 0 0 1 0 0 2 2 0 1 0 0 0 
0
0 0 0 0 0 0 0 0 0 
1 0 0 0 0 0 2 0 0 0 0 0 0 0 0 0 0 0 0 0 2 1 1 0 0 0 0 0 0 0 0 0 0 0 2 0 0 0 0 0 1 0 0 0 0 0 0 0 0 2 0 0 0 0 0 0 0 0 0 0 0 2 1 1 0 0 0 0 0 0 0 1 0 0 2 2 0 1 0 0 0 
1 0 0 0 0 0 2 0 0 0 0 0 0 0 0 0 0 0 0 0 2 1 1 0 0 0 0 0 0 0 0 0 0 0 2 0 0 0 0 0 1 0 0 0 0 0 0 0 0 2 0 0 0 0 0 0 0 0 0 0 0 2 1 1 0 0 0 0 0 0 0 1 0 0 2 2 0 1 0 0 0 
0
0 0 0 0 0 0 0 0 0 
1 0 0 0 0 0 2 0 0 0 0 0 0 0 0 0 0 0 0 0 2 1 1 0 0 0 0 0 0 0 0 0 0 0 2 0 0 0 2 0 1 0 0 0 0 0 0 0 0 2 0 0 0 0 0 0 0 0 0 0 0 2 1 1 0 0 0 0 0 0 0 1 0 0 2 2 0 1 0 0 0 
1 0 0 0 0 0 2 0 0 0 0 0 0 0 0 0 0 0 0 0 2 1 1 0 0 0 0 0 0 0 0 0 0 0 2 0 0 0 2 0 1 0 0 0 0 0 0 0 0 2 0 0 0 0 0 0 0 0 0 0 0 2 1 1 0 0 0 0 0 0 0 1 0 0 2 2 0 1 0 0 0 
0
0 0 0 0 0 0 0 0 0 
1 0 0 0 0 0 2 0 0 0 0 0 0 0 0 0 0 0 0 0 2 1 1 0 0 0 0 0 0 0 0 0 0 0 2 0 0 0 2 0 1 0 0 0 0 0 0 0 0 2 0 1 0 0 0 0 0 0 0 0 0 2 1 1 0 0 0 0 0 0 0 1 0 0 2 2 0 1 0 0 0 
1 0 0 0 0 0 2 0 0 0 0 0 0 0 0 0 0 0 0 0 2 1 1 0 0 0 0 0 0 0 0 0 0 0 2 0 0 0 2 0 1 0 0 0 0 0 0 0 0 2 0 1 0 0 0 0 0 0 0 0 0 2 1 1 0 0 0 0 0 0 0 1 0 0 2 2 0 1 0 0 0 
0
0 0 0 0 0 0 0 0 0 
1 0 0 0 0 0 2 0 0 0 0 0 0 0 0 0 0 0 0 0 2 1 1 0 0 0 0 0 0 0 0 0 0 0 2 0 0 0 2 0 1 0 0 0 0 0 0 0 0 2 0 1 0 0 0 0 0 0 0 0 0 2 1 1 0 2 0 0 0 0 0 1 0 0 2 2 0 1 0 0 0 
1 0 0 0 0 0 2 0 0 0 0 0 0 0 0 0 0 0 0 0 2 1 1 0 0 0 0 0 0 0 0 0 0 0 2 0 0 0 2 0 1 0 0 0 0 0 0 0 0 2 0 1 0 0 0 0 0 0 0 0 0 2 1 1 0 2 0 0 0 0 0 1 0 0 2 2 0 1 0 0 0 
0
0 0 0 0 0 0 0 0 0 
1 0 0 0 0 0 2 0 0 0 0 0 0 0 0 0 0 0 0 0 2 1 1 0 0 0 0 0 0 0 0 0 0 0 2 1 0 0 2 0 1 0 0 0 0 0 0 0 0 2 0 1 0 0 0 0 0 0 0 0 0 2 1 1 0 2 0 0 0 0 0 1 0 0 2 2 0 1 0 0 0 
1 0 0 0 0 0 2 0 0 0 0 0 0 0 0 0 0 0 0 0 2 1 1 0 0 0 0 0 0 0 0 0 0 0 2 1 0 0 2 0 1 0 0 0 0 0 0 0 0 2 0 1 0 0 0 0 0 0 0 0 0 2 1 1 0 2 0 0 0 0 0 1 0 0 2 2 0 1 0 0 0 
0
0 0 0 0 0 0 0 0 0 
1 0 0 0 0 0 2 0 0 0 0 0 0 0 0 0 0 0 0 0 2 1 1 0 2 0 0 0 0 0 0 0 0 0 2 1 0 0 2 0 1 0 0 0 0 0 0 0 0 2 0 1 0 0 0 0 0 0 0 0 0 2 1 1 0 2 0 0 0 0 0 1 0 0 2 2 0 1 0 0 0 
1 0 0 0 0 0 2 0 0 0 0 0 0 0 0 0 0 0 0 0 2 1 1 0 2 0 0 0 0 0 0 0 0 0 2 1 0 0 2 0 1 0 0 0 0 0 0 0 0 2 0 1 0 0 0 0 0 0 0 0 0 2 1 1 0 2 0 0 0 0 0 1 0 0 2 2 0 1 0 0 0 
0
0 0 0 0 0 0 0 0 0 
1 0 0 0 0 0 2 0 0 0 0 0 0 0 0 0 0 0 0 0 2 1 1 0 2 0 0 0 0 0 0 0 0 0 2 1 0 0 2 0 1 0 0 0 0 0 0 0 0 2 0 1 0 0 1 0 0 0 0 0 0 2 1 1 0 2 0 0 0 0 0 1 0 0 2 2 0 1 0 0 0 
1 0 0 0 0 0 2 0 0 0 0 0 0 0 0 0 0 0 0 0 2 1 1 0 2 0 0 0 0 0 0 0 0 0 2 1 0 0 2 0 1 0 0 0 0 0 0 0 0 2 0 1 0 0 1 0 0 0 0 0 0 2 1 1 0 2 0 0 0 0 0 1 0 0 2 2 0 1 0 0 0 
0
0 0 0 0 0 0 0 0 0 
1 0 0 0 0 0 2 0 0 0 0 2 0 0 0 0 0 0 0 0 2 1 1 0 2 0 0 0 0 0 0 0 0 0 2 1 0 0 2 0 1 0 0 0 0 0 0 0 0 2 0 1 0 0 1 0 0 0 0 0 0 2 1 1 0 2 0 0 0 0 0 1 0 0 2 2 0 1 0 0 0 
1 0 0 0 0 0 2 0 0 0 0 2 0 0 0 0 0 0 0 0 2 1 1 0 2 0 0 0 0 0 0 0 0 0 2 1 0 0 2 0 1 0 0 0 0 0 0 0 0 2 0 1 0 0 1 0 0 0 0 0 0 2 1 1 0 2 0 0 0 0 0 1 0 0 2 2 0 1 0 0 0 
0
0 0 0 0 0 1 0 0 0 
1 0 0 0 0 0 2 0 0 0 0 2 0 0 0 0 0 0 0 0 2 1 1 0 2 0 0 0 0 0 0 0 0 0 2 1 0 0 2 0 1 0 0 1 0 0 0 0 0 2 0 1 0 0 1 0 0 0 0 0 0 2 1 1 0 2 0 0 0 0 0 1 0 0 2 2 0 1 0 0 0 
1 0 0 0 0 0 2 0 0 0 0 2 0 0 0 0 0 0 0 0 2 1 1 0 2 0 0 0 0 0 0 0 0 16 18 17 0 0 2 0 1 0 16 17 16 0 0 0 0 2 0 17 16 16 1 0 0 0 0 0 0 2 1 1 0 2 0 0 0 0 0 1 0 0 2 2 0 1 0 0 0 
0
0 0 0 0 0 1 0 0 0 
1 0 0 0 0 0 2 0 0 0 0 2 0 0 0 0 0 0 0 0 2 1 1 0 2 0 0 0 0 0 0 0 0 0 2 1 0 0 2 0 1 0 0 1 0 0 0 0 0 2 2 1 0 0 1 0 0 0 0 0 0 2 1 1 0 2 0 0 0 0 0 1 0 0 2 2 0 1 0 0 0 
1 0 0 0 0 0 2 0 0 0 0 2 0 0 0 0 0 0 0 0 2 1 1 0 2 0 0 0 0 0 0 0 0 16 18 17 0 0 2 0 1 0 16 17 16 0 0 0 0 2 2 17 16 16 1 0 0 0 0 0 0 2 1 1 0 2 0 0 0 0 0 1 0 0 2 2 0 1 0 0 0 
0
0 0 0 0 0 1 0 0 1 
1 0 0 0 0 0 2 0 0 0 0 2 0 0 0 0 0 0 0 0 2 1 1 0 2 0 0 0 0 0 0 0 0 0 2 1 0 0 2 0 1 0 0 1 0 0 0 0 0 2 2 1 0 0 1 0 0 0 0 0 0 2 1 1 0 2 0 0 0 0 0 1 0 0 2 2 0 1 0 0 1 
1 0 0 0 0 0 2 0 0 0 0 2 0 0 0 0 0 0 0 0 2 1 1 0 2 0 0 0 0 0 0 0 0 16 18 17 0 0 2 0 1 0 16 17 16 0 0 0 0 2 2 17 16 16 1 0 0 0 0 0 16 18 17 1 0 2 0 0 0 16 16 17 0 0 2 2 0 1 16 16 17 
0
0 0 0 0 0 1 2 0 1 
1 0 0 0 0 0 2 0 0 0 0 2 0 0 0 0 0 0 0 0 2 1 1 0 2 0 0 0 0 0 0 0 0 0 2 1 0 0 2 0 1 0 0 1 0 0 0 0 0 2 2 1 0 0 1 0 2 0 0 0 0 2 1 1 0 2 0 0 0 0 0 1 0 0 2 2 0 1 0 0 1 
1 0 0 0 0 0 2 0 0 0 0 2 0 0 0 0 0 0 0 0 2 1 1 0 2 0 0 0 0 0 0 0 0 16 18 17 0 0 2 0 1 0 16 17 16 0 0 0 0 2 2 17 16 16 33 32 34 0 0 0 16 18 17 33 32 34 0 0 0 16 16 17 32 32 34 2 0 1 16 16 17 
0
0 0 0 0 0 1 2 0 1 
1 0 0 0 0 0 2 0 0 0 0 2 0 0 0 1 0 0 0 0 2 1 1 0 2 0 0 0 0 0 0 0 0 0 2 1 0 0 2 0 1 0 0 1 0 0 0 0 0 2 2 1 0 0 1 0 2 0 0 0 0 2 1 1 0 2 0 0 0 0 0 1 0 0 2 2 0 1 0 0 1 
1 0 0 0 0 0 2 0 0 0 0 2 0 0 0 1 0 0 0 0 2 1 1 0 2 0 0 0 0 0 0 0 0 16 18 17 0 0 2 0 1 0 16 17 16 0 0 0 0 2 2 17 16 16 33 32 34 0 0 0 16 18 17 33 32 34 0 0 0 16 16 17 32 32 34 2 0 1 16 16 17 
0
0 0 0 0 0 1 2 0 1 
1 0 0 0 0 0 2 0 0 0 0 2 0 0 0 1 0 0 0 0 2 1 1 0 2 0 0 0 0 0 0 0 0 0 2 1 2 0 2 0 1 0 0 1 0 0 0 0 0 2 2 1 0 0 1 0 2 0 0 0 0 2 1 1 0 2 0 0 0 0 0 1 0 0 2 2 0 1 0 0 1 
1 0 0 0 0 0 2 0 0 0 0 2 0 0 0 1 0 0 0 0 2 1 1 0 2 0 0 0 0 0 0 0 0 16 18 17 2 0 2 0 1 0 16 17 16 0 0 0 0 2 2 17 16 16 33 32 34 0 0 0 16 18 17 33 32 34 0 0 0 16 16 17 32 32 34 2 0 1 16 16 17 
0
0 0 0 0 0 1 2 0 1 
1 0 0 0 0 0 2 0 0 0 0 2 0 0 0 1 0 0 0 0 2 1 1 0 2 0 0 0 1 0 0 0 0 0 2 1 2 0 2 0 1 0 0 1 0 0 0 0 0 2 2 1 0 0 1 0 2 0 0 0 0 2 1 1 0 2 0 0 0 0 0 1 0 0 2 2 0 1 0 0 1 
1 0 0 0 0 0 2 0 0 0 0 2 0 0 0 1 0 0 0 0 2 1 1 0 2 0 0 0 1 0 0 0 0 16 18 17 2 0 2 0 1 0 16 17 16 0 0 0 0 2 2 17 16 16 33 32 34 0 0 0 16 18 17 33 32 34 0 0 0 16 16 17 32 32 34 2 0 1 16 16 17 
0
0 0 0 0 0 1 2 0 1 
1 0 0 2 0 0 2 0 0 0 0 2 0 0 0 1 0 0 0 0 2 1 1 0 2 0 0 0 1 0 0 0 0 0 2 1 2 0 2 0 1 0 0 1 0 0 0 0 0 2 2 1 0 0 1 0 2 0 0 0 0 2 1 1 0 2 0 0 0 0 0 1 0 0 2 2 0 1 0 0 1 
1 0 0 2 0 0 2 0 0 0 0 2 0 0 0 1 0 0 0 0 2 1 1 0 2 0 0 0 1 0 0 0 0 16 18 17 2 0 2 0 1 0 16 17 16 0 0 0 0 2 2 17 16 16 33 32 34 0 0 0 16 18 17 33 32 34 0 0 0 16 16 17 32 32 34 2 0 1 16 16 17 
0
0 0 0 0 0 1 2 0 1 
1 0 1 2 0 0 2 0 0 0 0 2 0 0 0 1 0 0 0 0 2 1 1 0 2 0 0 0 1 0 0 0 0 0 2 1 2 0 2 0 1 0 0 1 0 0 0 0 0 2 2 1 0 0 1 0 2 0 0 0 0 2 1 1 0 2 0 0 0 0 0 1 0 0 2 2 0 1 0 0 1 
1 0 1 2 0 0 2 0 0 0 0 2 0 0 0 1 0 0 0 0 2 1 1 0 2 0 0 0 1 0 0 0 0 16 18 17 2 0 2 0 1 0 16 17 16 0 0 0 0 2 2 17 16 16 33 32 34 0 0 0 16 18 17 33 32 34 0 0 0 16 16 17 32 32 34 2 0 1 16 16 17 
0
0 0 0 0 0 1 2 0 1 
1 0 1 2 0 0 2 0 0 0 0 2 0 0 0 1 0 0 0 0 2 1 1 0 2 2 0 0 1 0 0 0 0 0 2 1 2 0 2 0 1 0 0 1 0 0 0 0 0 2 2 1 0 0 1 0 2 0 0 0 0 2 1 1 0 2 0 0 0 0 0 1 0 0 2 2 0 1 0 0 1 
1 0 1 2 0 0 2 0 0 0 0 2 0 0 0 1 0 0 0 0 2 1 1 0 2 2 0 0 1 0 0 0 0 16 18 17 2 0 2 0 1 0 16 17 16 0 0 0 0 2 2 17 16 16 33 32 34 0 0 0 16 18 17 33 32 34 0 0 0 16 16 17 32 32 34 2 0 1 16 16 17 
0
0 0 0 0 0 1 2 0 1 
1 0 1 2 0 0 2 0 0 0 0 2 0 0 0 1 0 0 0 0 2 1 1 0 2 2 0 0 1 0 0 0 0 0 2 1 2 0 2 0 1 0 0 1 0 0 0 0 0 2 2 1 0 0 1 0 2 1 0 0 0 2 1 1 0 2 0 0 0 0 0 1 0 0 2 2 0 1 0 0 1 
1 0 1 2 0 0 2 0 0 0 0 2 0 0 0 1 0 0 0 0 2 1 1 0 2 2 0 0 1 0 0 0 0 16 18 17 2 0 2 0 1 0 16 17 16 0 0 0 0 2 2 17 16 16 33 32 34 1 0 0 16 18 17 33 32 34 0 0 0 16 16 17 32 32 34 2 0 1 16 16 17 
0
0 0 0 0 0 1 2 0 1 
1 0 1 2 0 0 2 0 0 0 0 2 0 0 0 1 0 0 0 2 2 1 1 0 2 2 0 0 1 0 0 0 0 0 2 1 2 0 2 0 1 0 0 1 0 0 0 0 0 2 2 1 0 0 1 0 2 1 0 0 0 2 1 1 0 2 0 0 0 0 0 1 0 0 2 2 0 1 0 0 1 
1 0 1 2 0 0 2 0 0 0 0 2 0 0 0 1 0 0 0 2 2 1 1 0 2 2 0 0 1 0 0 0 0 16 18 17 2 0 2 0 1 0 16 17 16 0 0 0 0 2 2 17 16 16 33 32 34 1 0 0 16 18 17 33 32 34 0 0 0 16 16 17 32 32 34 2 0 1 16 16 17 
0
0 0 0 0 0 1 2 0 1 
1 0 1 2 0 0 2 0 0 0 0 2 0 0 0 1 0 0 0 2 2 1 1 0 2 2 0 0 1 0 0 0 0 0 2 1 2 0 2 0 1 0 0 1 0 0 0 0 0 2 2 1 0 0 1 0 2 1 1 0 0 2 1 1 0 2 0 0 0 0 0 1 0 0 2 2 0 1 0 0 1 
1 0 1 2 0 0 2 0 0 0 0 2 0 0 0 1 0 0 0 2 2 1 1 0 2 2 0 0 1 0 0 0 0 16 18 17 2 0 2 0 1 0 16 17 16 0 0 0 0 2 2 17 16 16 33 32 34 1 1 0 16 18 17 33 32 34 0 0 0 16 16 17 32 32 34 2 0 1 16 16 17 
0
0 0 0 0 0 1 2 0 1 
1 0 1 2 2 0 2 0 0 0 0 2 0 0 0 1 0 0 0 2 2 1 1 0 2 2 0 0 1 0 0 0 0 0 2 1 2 0 2 0 1 0 0 1 0 0 0 0 0 2 2 1 0 0 1 0 2 1 1 0 0 2 1 1 0 2 0 0 0 0 0 1 0 0 2 2 0 1 0 0 1 
1 0 1 2 2 0 2 0 0 0 0 2 0 0 0 1 0 0 0 2 2 1 1 0 2 2 0 0 1 0 0 0 0 16 18 17 2 0 2 0 1 0 16 17 16 0 0 0 0 2 2 17 16 16 33 32 34 1 1 0 16 18 17 33 32 34 0 0 0 16 16 17 32 32 34 2 0 1 16 16 17 
0
0 1 0 0 0 1 2 0 1 
1 0 1 2 2 0 2 0 0 0 0 2 0 0 0 1 0 0 0 2 2 1 1 1 2 2 0 0 1 0 0 0 0 0 2 1 2 0 2 0 1 0 0 1 0 0 0 0 0 2 2 1 0 0 1 0 2 1 1 0 0 2 1 1 0 2 0 0 0 0 0 1 0 0 2 2 0 1 0 0 1 
1 0 1 18 18 16 2 0 0 0 0 2 16 16 16 1 0 0 0 2 2 17 17 17 2 2 0 0 1 0 0 0 0 16 18 17 2 0 2 0 1 0 16 17 16 0 0 0 0 2 2 17 16 16 33 32 34 1 1 0 16 18 17 33 32 34 0 0 0 16 16 17 32 32 34 2 0 1 16 16 17 
0
0 1 0 2 0 1 2 0 1 
1 0 1 2 2 0 2 0 0 0 0 2 0 0 0 1 0 0 0 2 2 1 1 1 2 2 0 0 1 0 0 0 0 0 2 1 2 2 2 0 1 0 0 1 0 0 0 0 0 2 2 1 0 0 1 0 2 1 1 0 0 2 1 1 0 2 0 0 0 0 0 1 0 0 2 2 0 1 0 0 1 
1 0 1 18 18 16 2 0 0 0 0 2 16 16 16 1 0 0 0 2 2 17 17 17 2 2 0 32 33 32 0 0 0 16 18 17 34 34 34 0 1 0 16 17 16 32 32 32 0 2 2 17 16 16 33 32 34 1 1 0 16 18 17 33 32 34 0 0 0 16 16 17 32 32 34 2 0 1 16 16 17 
0
0 1 0 2 0 1 2 0 1 
1 0 1 2 2 0 2 0 0 0 0 2 0 0 0 1 0 0 0 2 2 1 1 1 2 2 0 0 1 0 0 0 1 0 2 1 2 2 2 0 1 0 0 1 0 0 0 0 0 2 2 1 0 0 1 0 2 1 1 0 0 2 1 1 0 2 0 0 0 0 0 1 0 0 2 2 0 1 0 0 1 
1 0 1 18 18 16 2 0 0 0 0 2 16 16 16 1 0 0 0 2 2 17 17 17 2 2 0 32 33 32 0 0 1 16 18 17 34 34 34 0 1 0 16 17 16 32 32 32 0 2 2 17 16 16 33 32 34 1 1 0 16 18 17 33 32 34 0 0 0 16 16 17 32 32 34 2 0 1 16 16 17 
0
0 1 0 2 0 1 2 0 1 
1 0 1 2 2 0 2 0 0 0 0 2 0 0 0 1 2 0 0 2 2 1 1 1 2 2 0 0 1 0 0 0 1 0 2 1 2 2 2 0 1 0 0 1 0 0 0 0 0 2 2 1 0 0 1 0 2 1 1 0 0 2 1 1 0 2 0 0 0 0 0 1 0 0 2 2 0 1 0 0 1 
1 0 1 18 18 16 2 0 0 0 0 2 16 16 16 1 2 0 0 2 2 17 17 17 2 2 0 32 33 32 0 0 1 16 18 17 34 34 34 0 1 0 16 17 16 32 32 32 0 2 2 17 16 16 33 32 34 1 1 0 16 18 17 33 32 34 0 0 0 16 16 17 32 32 34 2 0 1 16 16 17 
0
0 1 0 2 1 1 2 0 1 
1 0 1 2 2 0 2 0 0 0 0 2 0 0 0 1 2 0 0 2 2 1 1 1 2 2 0 0 1 0 0 0 1 0 2 1 2 2 2 0 1 0 0 1 0 0 0 0 1 2 2 1 0 0 1 0 2 1 1 0 0 2 1 1 0 2 0 0 0 0 0 1 0 0 2 2 0 1 0 0 1 
1 0 1 18 18 16 2 0 0 0 0 2 16 16 16 1 2 0 0 2 2 17 17 17 2 2 0 32 33 32 16 16 17 16 18 17 34 34 34 16 17 16 16 17 16 32 32 32 17 18 18 17 16 16 33 32 34 1 1 0 16 18 17 33 32 34 0 0 0 16 16 17 32 32 34 2 0 1 16 16 17 
0
2 1 0 2 1 1 2 0 1 
1 0 1 2 2 0 2 0 0 0 0 2 0 0 0 1 2 0 2 2 2 1 1 1 2 2 0 0 1 0 0 0 1 0 2 1 2 2 2 0 1 0 0 1 0 0 0 0 1 2 2 1 0 0 1 0 2 1 1 0 0 2 1 1 0 2 0 0 0 0 0 1 0 0 2 2 0 1 0 0 1 
33 32 33 18 18 16 2 0 0 32 32 34 16 16 16 1 2 0 34 34 34 17 17 17 2 2 0 32 33 32 16 16 17 16 18 17 34 34 34 16 17 16 16 17 16 32 32 32 17 18 18 17 16 16 33 32 34 1 1 0 16 18 17 33 32 34 0 0 0 16 16 17 32 32 34 2 0 1 16 16 17 
0
2 1 0 2 1 1 2 0 1 
1 0 1 2 2 0 2 0 0 0 0 2 0 0 0 1 2 0 2 2 2 1 1 1 2 2 0 0 1 0 0 0 1 0 2 1 2 2 2 0 1 0 0 1 0 0 0 0 1 2 2 1 0 0 1 0 2 1 1 0 0 2 1 1 0 2 0 0 0 0 0 1 0 0 2 2 0 1 0 0 1 
33 32 33 18 18 16 2 0 0 32 32 34 16 16 16 1 2 0 34 34 34 17 17 17 2 2 0 32 33 32 16 16 17 16 18 17 34 34 34 16 17 16 16 17 16 32 32 32 17 18 18 17 16 16 33 32 34 1 1 0 16 18 17 33 32 34 0 0 0 16 16 17 32 32 34 2 0 1 16 16 17 
0
