0 0 0 0 0 0 0 0 0 
0 0 0 0 0 0 0 0 0 0 0 0 0 0 0 0 0 0 0 0 0 0 0 0 0 0 1 0 0 0 0 0 0 0 0 0 0 0 0 0 0 0 0 0 0 0 0 0 0 0 0 0 0 0 0 0 0 0 0 0 0 0 0 0 0 0 0 0 0 0 0 0 0 0 0 0 0 0 0 0 0 
0 0 0 0 0 0 0 0 0 0 0 0 0 0 0 0 0 0 0 0 0 0 0 0 0 0 1 0 0 0 0 0 0 0 0 0 0 0 0 0 0 0 0 0 0 0 0 0 0 0 0 0 0 0 0 0 0 0 0 0 0 0 0 0 0 0 0 0 0 0 0 0 0 0 0 0 0 0 0 0 0 
1
0 0 0 0 0 0 0 0 0 
0 0 0 0 0 0 0 0 0 0 0 0 0 0 0 0 0 0 0 0 0 0 0 0 0 0 1 0 0 0 0 0 0 0 0 0 0 0 0 0 0 0 0 0 0 0 0 0 0 0 0 0 0 0 0 0 0 0 0 0 0 0 0 0 0 0 0 0 0 0 2 0 0 0 0 0 0 0 0 0 0 
0 0 0 0 0 0 0 0 0 0 0 0 0 0 0 0 0 0 0 0 0 0 0 0 0 0 1 0 0 0 0 0 0 0 0 0 0 0 0 0 0 0 0 0 0 0 0 0 0 0 0 0 0 0 0 0 0 0 0 0 0 0 0 0 0 0 0 0 0 0 2 0 0 0 0 0 0 0 0 0 0 
1
0 0 0 0 0 0 0 0 0 
0 0 0 0 0 0 0 0 0 0 0 0 0 0 0 0 0 0 0 0 0 0 0 0 0 0 1 0 0 0 1 0 0 0 0 0 0 0 0 0 0 0 0 0 0 0 0 0 0 0 0 0 0 0 0 0 0 0 0 0 0 0 0 0 0 0 0 0 0 0 2 0 0 0 0 0 0 0 0 0 0 
0 0 0 0 0 0 0 0 0 0 0 0 0 0 0 0 0 0 0 0 0 0 0 0 0 0 1 0 0 0 1 0 0 0 0 0 0 0 0 0 0 0 0 0 0 0 0 0 0 0 0 0 0 0 0 0 0 0 0 0 0 0 0 0 0 0 0 0 0 0 2 0 0 0 0 0 0 0 0 0 0 
1
0 0 0 0 0 0 0 0 0 
0 0 0 0 0 0 0 0 0 0 2 0 0 0 0 0 0 0 0 0 0 0 0 0 0 0 1 0 0 0 1 0 0 0 0 0 0 0 0 0 0 0 0 0 0 0 0 0 0 0 0 0 0 0 0 0 0 0 0 0 0 0 0 0 0 0 0 0 0 0 2 0 0 0 0 0 0 0 0 0 0 
0 0 0 0 0 0 0 0 0 0 2 0 0 0 0 0 0 0 0 0 0 0 0 0 0 0 1 0 0 0 1 0 0 0 0 0 0 0 0 0 0 0 0 0 0 0 0 0 0 0 0 0 0 0 0 0 0 0 0 0 0 0 0 0 0 0 0 0 0 0 2 0 0 0 0 0 0 0 0 0 0 
1
0 0 0 0 0 0 0 0 0 
0 0 0 0 0 0 0 0 0 0 2 0 0 0 0 0 0 0 0 0 0 0 0 0 0 0 1 0 0 0 1 0 0 0 0 0 0 0 0 1 0 0 0 0 0 0 0 0 0 0 0 0 0 0 0 0 0 0 0 0 0 0 0 0 0 0 0 0 0 0 2 0 0 0 0 0 0 0 0 0 0 
0 0 0 0 0 0 0 0 0 0 2 0 0 0 0 0 0 0 0 0 0 0 0 0 0 0 1 0 0 0 1 0 0 0 0 0 0 0 0 1 0 0 0 0 0 0 0 0 0 0 0 0 0 0 0 0 0 0 0 0 0 0 0 0 0 0 0 0 0 0 2 0 0 0 0 0 0 0 0 0 0 
1
0 0 0 0 0 0 0 0 0 
0 0 0 0 0 0 0 0 0 0 2 0 0 0 0 0 0 0 0 0 0 0 0 0 0 0 1 2 0 0 1 0 0 0 0 0 0 0 0 1 0 0 0 0 0 0 0 0 0 0 0 0 0 0 0 0 0 0 0 0 0 0 0 0 0 0 0 0 0 0 2 0 0 0 0 0 0 0 0 0 0 
0 0 0 0 0 0 0 0 0 0 2 0 0 0 0 0 0 0 0 0 0 0 0 0 0 0 1 2 0 0 1 0 0 0 0 0 0 0 0 1 0 0 0 0 0 0 0 0 0 0 0 0 0 0 0 0 0 0 0 0 0 0 0 0 0 0 0 0 0 0 2 0 0 0 0 0 0 0 0 0 0 
1
0 0 0 0 0 0 0 0 0 
0 0 0 0 0 0 0 0 0 0 2 0 0 0 0 0 0 0 1 0 0 0 0 0 0 0 1 2 0 0 1 0 0 0 0 0 0 0 0 1 0 0 0 0 0 0 0 0 0 0 0 0 0 0 0 0 0 0 0 0 0 0 0 0 0 0 0 0 0 0 2 0 0 0 0 0 0 0 0 0 0 
0 0 0 0 0 0 0 0 0 0 2 0 0 0 0 0 0 0 1 0 0 0 0 0 0 0 1 2 0 0 1 0 0 0 0 0 0 0 0 1 0 0 0 0 0 0 0 0 0 0 0 0 0 0 0 0 0 0 0 0 0 0 0 0 0 0 0 0 0 0 2 0 0 0 0 0 0 0 0 0 0 
1
0 0 0 0 0 0 0 0 0 
0 0 0 0 0 0 0 0 0 0 2 0 0 0 0 0 0 0 1 0 0 0 0 0 0 0 1 2 0 0 1 0 0 0 0 0 0 0 0 1 0 0 0 0 0 0 0 0 0 0 0 0 0 0 2 0 0 0 0 0 0 0 0 0 0 0 0 0 0 0 2 0 0 0 0 0 0 0 0 0 0 
0 0 0 0 0 0 0 0 0 0 2 0 0 0 0 0 0 0 1 0 0 0 0 0 0 0 1 2 0 0 1 0 0 0 0 0 0 0 0 1 0 0 0 0 0 0 0 0 0 0 0 0 0 0 2 0 0 0 0 0 0 0 0 0 0 0 0 0 0 0 2 0 0 0 0 0 0 0 0 0 0 
1
0 0 0 0 0 0 0 0 0 
0 0 0 0 0 0 0 0 0 0 2 0 0 0 0 0 0 0 1 0 1 0 0 0 0 0 1 2 0 0 1 0 0 0 0 0 0 0 0 1 0 0 0 0 0 0 0 0 0 0 0 0 0 0 2 0 0 0 0 0 0 0 0 0 0 0 0 0 0 0 2 0 0 0 0 0 0 0 0 0 0 
0 0 0 0 0 0 0 0 0 0 2 0 0 0 0 0 0 0 1 0 1 0 0 0 0 0 1 2 0 0 1 0 0 0 0 0 0 0 0 1 0 0 0 0 0 0 0 0 0 0 0 0 0 0 2 0 0 0 0 0 0 0 0 0 0 0 0 0 0 0 2 0 0 0 0 0 0 0 0 0 0 
1
0 0 0 0 0 0 0 0 0 
0 0 0 0 0 0 0 0 0 0 2 0 0 0 0 0 0 0 1 0 1 0 0 0 0 0 1 2 0 0 1 0 0 0 0 0 0 0 0 1 0 0 0 0 0 0 0 0 0 0 0 0 0 0 2 0 0 0 0 0 0 0 0 0 0 0 0 0 0 0 2 0 0 0 0 0 0 0 2 0 0 
0 0 0 0 0 0 0 0 0 0 2 0 0 0 0 0 0 0 1 0 1 0 0 0 0 0 1 2 0 0 1 0 0 0 0 0 0 0 0 1 0 0 0 0 0 0 0 0 0 0 0 0 0 0 2 0 0 0 0 0 0 0 0 0 0 0 0 0 0 0 2 0 0 0 0 0 0 0 2 0 0 
1
0 0 0 0 0 0 0 0 0 
0 0 0 0 0 0 0 0 0 0 2 0 0 0 0 0 0 0 1 0 1 0 0 0 0 0 1 2 0 0 1 0 0 0 0 0 0 0 0 1 0 0 0 0 0 0 0 0 0 0 0 0 0 0 2 0 0 0 0 0 0 0 0 0 0 0 0 0 0 0 2 0 0 0 1 0 0 0 2 0 0 
0 0 0 0 0 0 0 0 0 0 2 0 0 0 0 0 0 0 1 0 1 0 0 0 0 0 1 2 0 0 1 0 0 0 0 0 0 0 0 1 0 0 0 0 0 0 0 0 0 0 0 0 0 0 2 0 0 0 0 0 0 0 0 0 0 0 0 0 0 0 2 0 0 0 1 0 0 0 2 0 0 
1
0 0 0 0 0 0 0 0 2 
0 0 0 0 0 0 0 0 0 0 2 0 0 0 0 0 0 0 1 0 1 0 0 0 0 0 1 2 0 0 1 0 0 0 0 0 0 0 0 1 0 0 0 0 0 0 0 0 0 0 0 0 0 0 2 0 0 0 0 0 0 0 2 0 0 0 0 0 0 0 2 0 0 0 1 0 0 0 2 0 0 
0 0 0 0 0 0 0 0 0 0 2 0 0 0 0 0 0 0 1 0 1 0 0 0 0 0 1 2 0 0 1 0 0 0 0 0 0 0 0 1 0 0 0 0 0 0 0 0 0 0 0 0 0 0 2 0 0 0 0 0 32 32 34 0 0 0 0 0 0 32 34 32 0 0 1 0 0 0 34 32 32 
1
0 0 0 0 0 0 0 0 2 
0 0 0 0 0 0 0 0 0 0 2 0 0 0 0 0 0 1 1 0 1 0 0 0 0 0 1 2 0 0 1 0 0 0 0 0 0 0 0 1 0 0 0 0 0 0 0 0 0 0 0 0 0 0 2 0 0 0 0 0 0 0 2 0 0 0 0 0 0 0 2 0 0 0 1 0 0 0 2 0 0 
0 0 0 0 0 0 0 0 0 0 2 0 0 0 0 0 0 1 1 0 1 0 0 0 0 0 1 2 0 0 1 0 0 0 0 0 0 0 0 1 0 0 0 0 0 0 0 0 0 0 0 0 0 0 2 0 0 0 0 0 32 32 34 0 0 0 0 0 0 32 34 32 0 0 1 0 0 0 34 32 32 
1
0 0 0 0 0 0 0 0 2 
0 0 0 0 0 0 0 0 0 0 2 0 0 0 0 0 0 1 1 0 1 0 0 0 0 0 1 2 0 0 1 0 0 0 0 0 0 0 0 1 0 0 0 0 0 0 0 0 0 0 0 2 0 0 2 0 0 0 0 0 0 0 2 0 0 0 0 0 0 0 2 0 0 0 1 0 0 0 2 0 0 
0 0 0 0 0 0 0 0 0 0 2 0 0 0 0 0 0 1 1 0 1 0 0 0 0 0 1 2 0 0 1 0 0 0 0 0 0 0 0 1 0 0 0 0 0 0 0 0 0 0 0 2 0 0 2 0 0 0 0 0 32 32 34 0 0 0 0 0 0 32 34 32 0 0 1 0 0 0 34 32 32 
1
0 0 0 0 0 0 0 0 2 
0 0 0 0 0 0 0 0 0 0 2 0 0 0 0 0 0 1 1 0 1 0 0 0 0 0 1 2 0 0 1 0 0 0 0 0 0 0 0 1 0 0 0 0 0 0 0 0 0 0 0 2 0 0 2 0 0 0 0 0 0 0 2 0 1 0 0 0 0 0 2 0 0 0 1 0 0 0 2 0 0 
0 0 0 0 0 0 0 0 0 0 2 0 0 0 0 0 0 1 1 0 1 0 0 0 0 0 1 2 0 0 1 0 0 0 0 0 0 0 0 1 0 0 0 0 0 0 0 0 0 0 0 2 0 0 2 0 0 0 0 0 32 32 34 0 1 0 0 0 0 32 34 32 0 0 1 0 0 0 34 32 32 
1
0 0 0 0 0 0 0 0 2 
0 0 0 0 0 0 0 0 0 0 2 0 0 0 0 0 0 1 1 0 1 0 0 0 0 0 1 2 0 0 1 2 0 0 0 0 0 0 0 1 0 0 0 0 0 0 0 0 0 0 0 2 0 0 2 0 0 0 0 0 0 0 2 0 1 0 0 0 0 0 2 0 0 0 1 0 0 0 2 0 0 
0 0 0 0 0 0 0 0 0 0 2 0 0 0 0 0 0 1 1 0 1 0 0 0 0 0 1 2 0 0 1 2 0 0 0 0 0 0 0 1 0 0 0 0 0 0 0 0 0 0 0 2 0 0 2 0 0 0 0 0 32 32 34 0 1 0 0 0 0 32 34 32 0 0 1 0 0 0 34 32 32 
1
0 0 0 0 0 0 0 0 2 
0 0 0 0 0 0 0 0 0 0 2 0 0 0 0 0 0 1 1 0 1 0 1 0 0 0 1 2 0 0 1 2 0 0 0 0 0 0 0 1 0 0 0 0 0 0 0 0 0 0 0 2 0 0 2 0 0 0 0 0 0 0 2 0 1 0 0 0 0 0 2 0 0 0 1 0 0 0 2 0 0 
0 0 0 0 0 0 0 0 0 0 2 0 0 0 0 0 0 1 1 0 1 0 1 0 0 0 1 2 0 0 1 2 0 0 0 0 0 0 0 1 0 0 0 0 0 0 0 0 0 0 0 2 0 0 2 0 0 0 0 0 32 32 34 0 1 0 0 0 0 32 34 32 0 0 1 0 0 0 34 32 32 
1
0 0 0 0 0 0 0 0 2 
0 0 0 0 0 0 0 0 0 0 2 0 0 0 0 0 0 1 1 0 1 0 1 0 0 0 1 2 0 0 1 2 0 0 0 0 0 0 0 1 0 0 0 0 0 0 0 0 0 0 0 2 0 0 2 0 0 0 2 0 0 0 2 0 1 0 0 0 0 0 2 0 0 0 1 0 0 0 2 0 0 
0 0 0 0 0 0 0 0 0 0 2 0 0 0 0 0 0 1 1 0 1 0 1 0 0 0 1 2 0 0 1 2 0 0 0 0 0 0 0 1 0 0 0 0 0 0 0 0 0 0 0 2 0 0 2 0 0 0 2 0 32 32 34 0 1 0 0 0 0 32 34 32 0 0 1 0 0 0 34 32 32 
1
0 0 0 0 0 0 0 0 2 
0 0 0 0 0 0 0 0 0 0 2 0 0 0 1 0 0 1 1 0 1 0 1 0 0 0 1 2 0 0 1 2 0 0 0 0 0 0 0 1 0 0 0 0 0 0 0 0 0 0 0 2 0 0 2 0 0 0 2 0 0 0 2 0 1 0 0 0 0 0 2 0 0 0 1 0 0 0 2 0 0 
0 0 0 0 0 0 0 0 0 0 2 0 0 0 1 0 0 1 1 0 1 0 1 0 0 0 1 2 0 0 1 2 0 0 0 0 0 0 0 1 0 0 0 0 0 0 0 0 0 0 0 2 0 0 2 0 0 0 2 0 32 32 34 0 1 0 0 0 0 32 34 32 0 0 1 0 0 0 34 32 32 
1
0 0 0 0 0 0 0 0 2 
0 0 0 0 0 0 0 0 0 0 2 0 0 0 1 0 0 1 1 0 1 0 1 0 0 0 1 2 0 0 1 2 0 0 0 0 0 0 0 1 0 0 0 0 0 0 0 0 0 0 0 2 2 0 2 0 0 0 2 0 0 0 2 0 1 0 0 0 0 0 2 0 0 0 1 0 0 0 2 0 0 
0 0 0 0 0 0 0 0 0 0 2 0 0 0 1 0 0 1 1 0 1 0 1 0 0 0 1 2 0 0 1 2 0 0 0 0 0 0 0 1 0 0 0 0 0 0 0 0 0 0 0 2 2 0 2 0 0 0 2 0 32 32 34 0 1 0 0 0 0 32 34 32 0 0 1 0 0 0 34 32 32 
1
0 0 0 0 0 0 0 0 2 
0 0 0 0 0 0 0 0 0 0 2 0 0 0 1 0 0 1 1 0 1 0 1 0 0 0 1 2 0 0 1 2 0 0 0 0 0 0 0 1 0 0 0 0 0 0 0 0 0 0 0 2 2 0 2 0 0 0 2 0 0 0 2 0 1 0 0 0 0 0 2 0 0 0 1 0 0 1 2 0 0 
0 0 0 0 0 0 0 0 0 0 2 0 0 0 1 0 0 1 1 0 1 0 1 0 0 0 1 2 0 0 1 2 0 0 0 0 0 0 0 1 0 0 0 0 0 0 0 0 0 0 0 2 2 0 2 0 0 0 2 0 32 32 34 0 1 0 0 0 0 32 34 32 0 0 1 0 0 1 34 32 32 
1
0 0 0 0 0 0 0 0 2 
0 0 0 0 0 0 0 0 0 0 2 0 0 0 1 0 0 1 1 0 1 0 1 0 0 0 1 2 0 0 1 2 0 0 0 0 0 0 0 1 0 0 0 0 0 0 0 0 0 0 0 2 2 0 2 0 0 0 2 0 0 0 2 0 1 0 0 0 0 0 2 0 0 0 1 0 2 1 2 0 0 
0 0 0 0 0 0 0 0 0 0 2 0 0 0 1 0 0 1 1 0 1 0 1 0 0 0 1 2 0 0 1 2 0 0 0 0 0 0 0 1 0 0 0 0 0 0 0 0 0 0 0 2 2 0 2 0 0 0 2 0 32 32 34 0 1 0 0 0 0 32 34 32 0 0 1 0 2 1 34 32 32 
1
0 0 0 0 0 0 0 0 2 
0 0 0 0 0 0 0 0 0 0 2 0 0 0 1 0 0 1 1 0 1 0 1 0 0 0 1 2 0 0 1 2 0 0 0 0 0 0 0 1 0 0 0 0 0 0 0 0 0 0 0 2 2 0 2 0 0 0 2 0 0 0 2 0 1 0 0 1 0 0 2 0 0 0 1 0 2 1 2 0 0 
0 0 0 0 0 0 0 0 0 0 2 0 0 0 1 0 0 1 1 0 1 0 1 0 0 0 1 2 0 0 1 2 0 0 0 0 0 0 0 1 0 0 0 0 0 0 0 0 0 0 0 2 2 0 2 0 0 0 2 0 32 32 34 0 1 0 0 1 0 32 34 32 0 0 1 0 2 1 34 32 32 
1
0 0 0 0 0 0 0 0 2 
0 0 0 0 0 0 0 0 0 0 2 0 0 0 1 0 0 1 1 0 1 0 1 0 0 0 1 2 0 0 1 2 0 0 0 0 0 0 0 1 0 2 0 0 0 0 0 0 0 0 0 2 2 0 2 0 0 0 2 0 0 0 2 0 1 0 0 1 0 0 2 0 0 0 1 0 2 1 2 0 0 
0 0 0 0 0 0 0 0 0 0 2 0 0 0 1 0 0 1 1 0 1 0 1 0 0 0 1 2 0 0 1 2 0 0 0 0 0 0 0 1 0 2 0 0 0 0 0 0 0 0 0 2 2 0 2 0 0 0 2 0 32 32 34 0 1 0 0 1 0 32 34 32 0 0 1 0 2 1 34 32 32 
1
0 0 0 0 0 0 0 0 2 
0 0 0 0 0 0 0 0 0 0 2 0 0 0 1 0 0 1 1 0 1 0 1 0 0 0 1 2 0 0 1 2 0 0 0 0 0 0 0 1 0 2 0 0 0 0 0 0 0 0 0 2 2 1 2 0 0 0 2 0 0 0 2 0 1 0 0 1 0 0 2 0 0 0 1 0 2 1 2 0 0 
0 0 0 0 0 0 0 0 0 0 2 0 0 0 1 0 0 1 1 0 1 0 1 0 0 0 1 2 0 0 1 2 0 0 0 0 0 0 0 1 0 2 0 0 0 0 0 0 0 0 0 2 2 1 2 0 0 0 2 0 32 32 34 0 1 0 0 1 0 32 34 32 0 0 1 0 2 1 34 32 32 
1
0 0 0 0 0 0 0 0 2 
0 0 0 0 0 0 0 0 0 0 2 0 0 0 1 0 0 1 1 0 1 0 1 0 0 0 1 2 0 0 1 2 0 0 0 0 0 0 0 1 0 2 0 0 0 0 0 0 0 0 0 2 2 1 2 0 0 0 2 0 0 0 2 0 1 0 0 1 2 0 2 0 0 0 1 0 2 1 2 0 0 
0 0 0 0 0 0 0 0 0 0 2 0 0 0 1 0 0 1 1 0 1 0 1 0 0 0 1 2 0 0 1 2 0 0 0 0 0 0 0 1 0 2 0 0 0 0 0 0 0 0 0 2 2 1 2 0 0 0 2 0 32 32 34 0 1 0 0 1 2 32 34 32 0 0 1 0 2 1 34 32 32 
1
0 0 0 0 0 0 0 0 2 
0 0 0 0 0 0 0 0 0 0 2 0 0 0 1 0 0 1 1 0 1 0 1 0 0 0 1 2 0 0 1 2 0 0 0 0 0 0 0 1 0 2 1 0 0 0 0 0 0 0 0 2 2 1 2 0 0 0 2 0 0 0 2 0 1 0 0 1 2 0 2 0 0 0 1 0 2 1 2 0 0 
0 0 0 0 0 0 0 0 0 0 2 0 0 0 1 0 0 1 1 0 1 0 1 0 0 0 1 2 0 0 1 2 0 0 0 0 0 0 0 1 0 2 1 0 0 0 0 0 0 0 0 2 2 1 2 0 0 0 2 0 32 32 34 0 1 0 0 1 2 32 34 32 0 0 1 0 2 1 34 32 32 
1
0 0 0 0 0 0 0 0 2 
0 0 0 0 0 0 0 0 0 0 2 0 0 0 1 0 0 1 1 0 1 0 1 0 0 0 1 2 0 0 1 2 0 0 0 0 2 0 0 1 0 2 1 0 0 0 0 0 0 0 0 2 2 1 2 0 0 0 2 0 0 0 2 0 1 0 0 1 2 0 2 0 0 0 1 0 2 1 2 0 0 
0 0 0 0 0 0 0 0 0 0 2 0 0 0 1 0 0 1 1 0 1 0 1 0 0 0 1 2 0 0 1 2 0 0 0 0 2 0 0 1 0 2 1 0 0 0 0 0 0 0 0 2 2 1 2 0 0 0 2 0 32 32 34 0 1 0 0 1 2 32 34 32 0 0 1 0 2 1 34 32 32 
1
0 0 0 0 0 0 0 0 2 
0 0 0 0 0 0 0 0 0 0 2 0 0 0 1 0 0 1 1 0 1 0 1 0 0 0 1 2 0 0 1 2 0 0 0 0 2 0 0 1 0 2 1 0 0 1 0 0 0 0 0 2 2 1 2 0 0 0 2 0 0 0 2 0 1 0 0 1 2 0 2 0 0 0 1 0 2 1 2 0 0 
0 0 0 0 0 0 0 0 0 0 2 0 0 0 1 0 0 1 1 0 1 0 1 0 0 0 1 2 0 0 1 2 0 0 0 0 2 0 0 1 0 2 1 0 0 1 0 0 0 0 0 2 2 1 2 0 0 0 2 0 32 32 34 0 1 0 0 1 2 32 34 32 0 0 1 0 2 1 34 32 32 
1
0 0 0 0 0 0 0 0 2 
0 0 0 0 0 0 0 0 0 0 2 0 0 0 1 0 0 1 1 0 1 0 1 0 0 0 1 2 0 0 1 2 0 0 0 0 2 0 0 1 0 2 1 0 0 1 0 0 0 0 0 2 2 1 2 0 0 0 2 0 0 0 2 2 1 0 0 1 2 0 2 0 0 0 1 0 2 1 2 0 0 
0 0 0 0 0 0 0 0 0 0 2 0 0 0 1 0 0 1 1 0 1 0 1 0 0 0 1 2 0 0 1 2 0 0 0 0 2 0 0 1 0 2 1 0 0 1 0 0 0 0 0 2 2 1 2 0 0 0 2 0 32 32 34 2 1 0 0 1 2 32 34 32 0 0 1 0 2 1 34 32 32 
1
0 0 0 0 0 0 0 0 2 
0 0 0 0 0 0 0 0 0 0 2 0 0 0 1 0 0 1 1 0 1 0 1 0 0 0 1 2 0 0 1 2 0 0 0 0 2 0 0 1 0 2 1 0 0 1 0 1 0 0 0 2 2 1 2 0 0 0 2 0 0 0 2 2 1 0 0 1 2 0 2 0 0 0 1 0 2 1 2 0 0 
0 0 0 0 0 0 0 0 0 0 2 0 0 0 1 0 0 1 1 0 1 0 1 0 0 0 1 2 0 0 1 2 0 0 0 0 2 0 0 1 0 2 1 0 0 1 0 1 0 0 0 2 2 1 2 0 0 0 2 0 32 32 34 2 1 0 0 1 2 32 34 32 0 0 1 0 2 1 34 32 32 
1
0 0 0 0 0 0 0 0 2 
0 0 0 0 0 0 0 0 0 0 2 0 0 0 1 0 0 1 1 0 1 0 1 0 0 0 1 2 0 0 1 2 0 0 0 0 2 0 0 1 0 2 1 0 0 1 0 1 0 0 0 2 2 1 2 0 0 2 2 0 0 0 2 2 1 0 0 1 2 0 2 0 0 0 1 0 2 1 2 0 0 
0 0 0 0 0 0 0 0 0 0 2 0 0 0 1 0 0 1 1 0 1 0 1 0 0 0 1 2 0 0 1 2 0 0 0 0 2 0 0 1 0 2 1 0 0 1 0 1 0 0 0 2 2 1 2 0 0 2 2 0 32 32 34 2 1 0 0 1 2 32 34 32 0 0 1 0 2 1 34 32 32 
1
1 0 0 0 0 0 0 0 2 
0 0 0 0 0 0 0 0 0 0 2 0 0 0 1 0 0 1 1 1 1 0 1 0 0 0 1 2 0 0 1 2 0 0 0 0 2 0 0 1 0 2 1 0 0 1 0 1 0 0 0 2 2 1 2 0 0 2 2 0 0 0 2 2 1 0 0 1 2 0 2 0 0 0 1 0 2 1 2 0 0 
16 16 16 0 0 0 0 0 0 16 18 16 0 0 1 0 0 1 17 17 17 0 1 0 0 0 1 2 0 0 1 2 0 0 0 0 2 0 0 1 0 2 1 0 0 1 0 1 0 0 0 2 2 1 2 0 0 2 2 0 32 32 34 2 1 0 0 1 2 32 34 32 0 0 1 0 2 1 34 32 32 
1
1 0 0 0 0 0 0 2 2 
0 0 0 0 0 0 0 0 0 0 2 0 0 0 1 0 0 1 1 1 1 0 1 0 0 0 1 2 0 0 1 2 0 0 0 0 2 0 0 1 0 2 1 0 0 1 0 1 0 0 0 2 2 1 2 0 0 2 2 2 0 0 2 2 1 0 0 1 2 0 2 0 0 0 1 0 2 1 2 0 0 
16 16 16 0 0 0 0 0 0 16 18 16 0 0 1 0 0 1 17 17 17 0 1 0 0 0 1 2 0 0 1 2 0 0 0 0 2 0 0 1 0 2 1 0 0 1 0 1 0 0 0 2 2 1 2 0 0 34 34 34 32 32 34 2 1 0 32 33 34 32 34 32 0 0 1 32 34 33 34 32 32 
1
1 0 1 0 0 0 0 2 2 
0 0 0 0 0 0 0 0 1 0 2 0 0 0 1 0 0 1 1 1 1 0 1 0 0 0 1 2 0 0 1 2 0 0 0 0 2 0 0 1 0 2 1 0 0 1 0 1 0 0 0 2 2 1 2 0 0 2 2 2 0 0 2 2 1 0 0 1 2 0 2 0 0 0 1 0 2 1 2 0 0 
16 16 16 0 0 0 16 16 17 16 18 16 0 0 1 16 16 17 17 17 17 0 1 0 16 16 17 2 0 0 1 2 0 0 0 0 2 0 0 1 0 2 1 0 0 1 0 1 0 0 0 2 2 1 2 0 0 34 34 34 32 32 34 2 1 0 32 33 34 32 34 32 0 0 1 32 34 33 34 32 32 
1
1 0 1 0 0 0 0 2 2 
0 0 0 0 0 0 0 0 1 0 2 0 0 0 1 0 0 1 1 1 1 0 1 0 0 0 1 2 0 0 1 2 0 0 0 0 2 0 0 1 0 2 1 0 0 1 0 1 0 0 0 2 2 1 2 2 0 2 2 2 0 0 2 2 1 0 0 1 2 0 2 0 0 0 1 0 2 1 2 0 0 
16 16 16 0 0 0 16 16 17 16 18 16 0 0 1 16 16 17 17 17 17 0 1 0 16 16 17 2 0 0 1 2 0 0 0 0 2 0 0 1 0 2 1 0 0 1 0 1 0 0 0 2 2 1 2 2 0 34 34 34 32 32 34 2 1 0 32 33 34 32 34 32 0 0 1 32 34 33 34 32 32 
1
1 0 1 0 0 0 0 2 2 
0 0 0 0 0 0 0 0 1 0 2 0 0 1 1 0 0 1 1 1 1 0 1 0 0 0 1 2 0 0 1 2 0 0 0 0 2 0 0 1 0 2 1 0 0 1 0 1 0 0 0 2 2 1 2 2 0 2 2 2 0 0 2 2 1 0 0 1 2 0 2 0 0 0 1 0 2 1 2 0 0 
16 16 16 0 0 0 16 16 17 16 18 16 0 1 1 16 16 17 17 17 17 0 1 0 16 16 17 2 0 0 1 2 0 0 0 0 2 0 0 1 0 2 1 0 0 1 0 1 0 0 0 2 2 1 2 2 0 34 34 34 32 32 34 2 1 0 32 33 34 32 34 32 0 0 1 32 34 33 34 32 32 
1
1 0 1 0 0 0 0 2 2 
0 0 0 0 0 0 0 0 1 0 2 0 0 1 1 0 0 1 1 1 1 0 1 0 0 0 1 2 0 0 1 2 0 0 0 0 2 0 0 1 0 2 1 0 0 1 0 1 2 0 0 2 2 1 2 2 0 2 2 2 0 0 2 2 1 0 0 1 2 0 2 0 0 0 1 0 2 1 2 0 0 
16 16 16 0 0 0 16 16 17 16 18 16 0 1 1 16 16 17 17 17 17 0 1 0 16 16 17 2 0 0 1 2 0 0 0 0 2 0 0 1 0 2 1 0 0 1 0 1 2 0 0 2 2 1 2 2 0 34 34 34 32 32 34 2 1 0 32 33 34 32 34 32 0 0 1 32 34 33 34 32 32 
1
1 0 1 0 0 0 0 2 2 
0 0 0 0 0 0 0 0 1 0 2 0 0 1 1 0 0 1 1 1 1 0 1 0 0 0 1 2 0 0 1 2 0 0 0 0 2 0 0 1 0 2 1 0 0 1 0 1 2 0 0 2 2 1 2 2 1 2 2 2 0 0 2 2 1 0 0 1 2 0 2 0 0 0 1 0 2 1 2 0 0 
16 16 16 0 0 0 16 16 17 16 18 16 0 1 1 16 16 17 17 17 17 0 1 0 16 16 17 2 0 0 1 2 0 0 0 0 2 0 0 1 0 2 1 0 0 1 0 1 2 0 0 2 2 1 2 2 1 34 34 34 32 32 34 2 1 0 32 33 34 32 34 32 0 0 1 32 34 33 34 32 32 
1
1 0 1 0 0 0 0 2 2 
0 0 0 0 0 0 0 0 1 0 2 0 0 1 1 0 0 1 1 1 1 0 1 0 0 0 1 2 0 0 1 2 0 0 0 0 2 0 0 1 0 2 1 0 0 1 0 1 2 0 0 2 2 1 2 2 1 2 2 2 0 0 2 2 1 2 0 1 2 0 2 0 0 0 1 0 2 1 2 0 0 
16 16 16 0 0 0 16 16 17 16 18 16 0 1 1 16 16 17 17 17 17 0 1 0 16 16 17 2 0 0 1 2 0 0 0 0 2 0 0 1 0 2 1 0 0 1 0 1 2 0 0 2 2 1 2 2 1 34 34 34 32 32 34 2 1 2 32 33 34 32 34 32 0 0 1 32 34 33 34 32 32 
1
1 0 1 0 0 0 0 2 2 
0 0 0 0 0 0 0 0 1 0 2 0 0 1 1 0 0 1 1 1 1 0 1 0 0 0 1 2 0 0 1 2 0 0 0 0 2 0 0 1 0 2 1 1 0 1 0 1 2 0 0 2 2 1 2 2 1 2 2 2 0 0 2 2 1 2 0 1 2 0 2 0 0 0 1 0 2 1 2 0 0 
16 16 16 0 0 0 16 16 17 16 18 16 0 1 1 16 16 17 17 17 17 0 1 0 16 16 17 2 0 0 1 2 0 0 0 0 2 0 0 1 0 2 1 1 0 1 0 1 2 0 0 2 2 1 2 2 1 34 34 34 32 32 34 2 1 2 32 33 34 32 34 32 0 0 1 32 34 33 34 32 32 
1
1 0 1 0 0 0 0 2 2 
0 0 0 0 0 0 0 0 1 0 2 0 0 1 1 0 0 1 1 1 1 0 1 0 0 0 1 2 0 0 1 2 0 0 0 0 2 0 0 1 0 2 1 1 0 1 0 1 2 2 0 2 2 1 2 2 1 2 2 2 0 0 2 2 1 2 0 1 2 0 2 0 0 0 1 0 2 1 2 0 0 
16 16 16 0 0 0 16 16 17 16 18 16 0 1 1 16 16 17 17 17 17 0 1 0 16 16 17 2 0 0 1 2 0 0 0 0 2 0 0 1 0 2 1 1 0 1 0 1 2 2 0 2 2 1 2 2 1 34 34 34 32 32 34 2 1 2 32 33 34 32 34 32 0 0 1 32 34 33 34 32 32 
1
1 1 1 0 0 0 0 2 2 
0 0 0 0 1 0 0 0 1 0 2 0 0 1 1 0 0 1 1 1 1 0 1 0 0 0 1 2 0 0 1 2 0 0 0 0 2 0 0 1 0 2 1 1 0 1 0 1 2 2 0 2 2 1 2 2 1 2 2 2 0 0 2 2 1 2 0 1 2 0 2 0 0 0 1 0 2 1 2 0 0 
16 16 16 16 17 16 16 16 17 16 18 16 16 17 17 16 16 17 17 17 17 16 17 16 16 16 17 2 0 0 1 2 0 0 0 0 2 0 0 1 0 2 1 1 0 1 0 1 2 2 0 2 2 1 2 2 1 34 34 34 32 32 34 2 1 2 32 33 34 32 34 32 0 0 1 32 34 33 34 32 32 
1
1 1 1 0 0 0 0 2 2 
0 0 0 0 1 0 0 0 1 0 2 0 0 1 1 0 0 1 1 1 1 0 1 0 0 0 1 2 0 0 1 2 0 0 0 0 2 0 0 1 0 2 1 1 0 1 0 1 2 2 0 2 2 1 2 2 1 2 2 2 0 0 2 2 1 2 0 1 2 0 2 0 0 0 1 0 2 1 2 0 0 
16 16 16 16 17 16 16 16 17 16 18 16 16 17 17 16 16 17 17 17 17 16 17 16 16 16 17 2 0 0 1 2 0 0 0 0 2 0 0 1 0 2 1 1 0 1 0 1 2 2 0 2 2 1 2 2 1 34 34 34 32 32 34 2 1 2 32 33 34 32 34 32 0 0 1 32 34 33 34 32 32 
1
