0 0 0 0 0 0 0 0 0 
1 0 0 0 0 0 0 0 0 0 0 0 0 0 0 0 0 0 0 0 0 0 0 0 0 0 0 0 0 0 0 0 0 0 0 0 0 0 0 0 0 0 0 0 0 0 0 0 0 0 0 0 0 0 0 0 0 0 0 0 0 0 0 0 0 0 0 0 0 0 0 0 0 0 0 0 0 0 0 0 0 
1 0 0 0 0 0 0 0 0 0 0 0 0 0 0 0 0 0 0 0 0 0 0 0 0 0 0 0 0 0 0 0 0 0 0 0 0 0 0 0 0 0 0 0 0 0 0 0 0 0 0 0 0 0 0 0 0 0 0 0 0 0 0 0 0 0 0 0 0 0 0 0 0 0 0 0 0 0 0 0 0 
1
0 0 0 0 0 0 0 0 0 
1 2 0 0 0 0 0 0 0 0 0 0 0 0 0 0 0 0 0 0 0 0 0 0 0 0 0 0 0 0 0 0 0 0 0 0 0 0 0 0 0 0 0 0 0 0 0 0 0 0 0 0 0 0 0 0 0 0 0 0 0 0 0 0 0 0 0 0 0 0 0 0 0 0 0 0 0 0 0 0 0 
1 2 0 0 0 0 0 0 0 0 0 0 0 0 0 0 0 0 0 0 0 0 0 0 0 0 0 0 0 0 0 0 0 0 0 0 0 0 0 0 0 0 0 0 0 0 0 0 0 0 0 0 0 0 0 0 0 0 0 0 0 0 0 0 0 0 0 0 0 0 0 0 0 0 0 0 0 0 0 0 0 
1
0 0 0 0 0 0 0 0 0 
1 2 0 1 0 0 0 0 0 0 0 0 0 0 0 0 0 0 0 0 0 0 0 0 0 0 0 0 0 0 0 0 0 0 0 0 0 0 0 0 0 0 0 0 0 0 0 0 0 0 0 0 0 0 0 0 0 0 0 0 0 0 0 0 0 0 0 0 0 0 0 0 0 0 0 0 0 0 0 0 0 
1 2 0 1 0 0 0 0 0 0 0 0 0 0 0 0 0 0 0 0 0 0 0 0 0 0 0 0 0 0 0 0 0 0 0 0 0 0 0 0 0 0 0 0 0 0 0 0 0 0 0 0 0 0 0 0 0 0 0 0 0 0 0 0 0 0 0 0 0 0 0 0 0 0 0 0 0 0 0 0 0 
1
0 0 0 0 0 0 0 0 0 
1 2 2 1 0 0 0 0 0 0 0 0 0 0 0 0 0 0 0 0 0 0 0 0 0 0 0 0 0 0 0 0 0 0 0 0 0 0 0 0 0 0 0 0 0 0 0 0 0 0 0 0 0 0 0 0 0 0 0 0 0 0 0 0 0 0 0 0 0 0 0 0 0 0 0 0 0 0 0 0 0 
1 2 2 1 0 0 0 0 0 0 0 0 0 0 0 0 0 0 0 0 0 0 0 0 0 0 0 0 0 0 0 0 0 0 0 0 0 0 0 0 0 0 0 0 0 0 0 0 0 0 0 0 0 0 0 0 0 0 0 0 0 0 0 0 0 0 0 0 0 0 0 0 0 0 0 0 0 0 0 0 0 
1
0 0 0 0 0 0 0 0 0 
1 2 2 1 0 0 1 0 0 0 0 0 0 0 0 0 0 0 0 0 0 0 0 0 0 0 0 0 0 0 0 0 0 0 0 0 0 0 0 0 0 0 0 0 0 0 0 0 0 0 0 0 0 0 0 0 0 0 0 0 0 0 0 0 0 0 0 0 0 0 0 0 0 0 0 0 0 0 0 0 0 
1 2 2 1 0 0 1 0 0 0 0 0 0 0 0 0 0 0 0 0 0 0 0 0 0 0 0 0 0 0 0 0 0 0 0 0 0 0 0 0 0 0 0 0 0 0 0 0 0 0 0 0 0 0 0 0 0 0 0 0 0 0 0 0 0 0 0 0 0 0 0 0 0 0 0 0 0 0 0 0 0 
1
0 0 0 0 0 0 0 0 0 
1 2 2 1 0 0 1 0 0 2 0 0 0 0 0 0 0 0 0 0 0 0 0 0 0 0 0 0 0 0 0 0 0 0 0 0 0 0 0 0 0 0 0 0 0 0 0 0 0 0 0 0 0 0 0 0 0 0 0 0 0 0 0 0 0 0 0 0 0 0 0 0 0 0 0 0 0 0 0 0 0 
1 2 2 1 0 0 1 0 0 2 0 0 0 0 0 0 0 0 0 0 0 0 0 0 0 0 0 0 0 0 0 0 0 0 0 0 0 0 0 0 0 0 0 0 0 0 0 0 0 0 0 0 0 0 0 0 0 0 0 0 0 0 0 0 0 0 0 0 0 0 0 0 0 0 0 0 0 0 0 0 0 
1
0 0 0 0 0 0 0 0 0 
1 2 2 1 0 0 1 0 0 2 0 0 0 0 0 0 0 0 0 0 0 0 0 0 0 0 0 1 0 0 0 0 0 0 0 0 0 0 0 0 0 0 0 0 0 0 0 0 0 0 0 0 0 0 0 0 0 0 0 0 0 0 0 0 0 0 0 0 0 0 0 0 0 0 0 0 0 0 0 0 0 
1 2 2 1 0 0 1 0 0 2 0 0 0 0 0 0 0 0 0 0 0 0 0 0 0 0 0 1 0 0 0 0 0 0 0 0 0 0 0 0 0 0 0 0 0 0 0 0 0 0 0 0 0 0 0 0 0 0 0 0 0 0 0 0 0 0 0 0 0 0 0 0 0 0 0 0 0 0 0 0 0 
1
0 0 0 0 0 0 0 0 0 
1 2 2 1 0 0 1 0 0 2 2 0 0 0 0 0 0 0 0 0 0 0 0 0 0 0 0 1 0 0 0 0 0 0 0 0 0 0 0 0 0 0 0 0 0 0 0 0 0 0 0 0 0 0 0 0 0 0 0 0 0 0 0 0 0 0 0 0 0 0 0 0 0 0 0 0 0 0 0 0 0 
1 2 2 1 0 0 1 0 0 2 2 0 0 0 0 0 0 0 0 0 0 0 0 0 0 0 0 1 0 0 0 0 0 0 0 0 0 0 0 0 0 0 0 0 0 0 0 0 0 0 0 0 0 0 0 0 0 0 0 0 0 0 0 0 0 0 0 0 0 0 0 0 0 0 0 0 0 0 0 0 0 
1
0 0 0 0 0 0 0 0 0 
1 2 2 1 0 0 1 0 0 2 2 0 0 0 0 0 0 0 0 0 0 0 0 0 0 0 0 1 0 0 0 1 0 0 0 0 0 0 0 0 0 0 0 0 0 0 0 0 0 0 0 0 0 0 0 0 0 0 0 0 0 0 0 0 0 0 0 0 0 0 0 0 0 0 0 0 0 0 0 0 0 
1 2 2 1 0 0 1 0 0 2 2 0 0 0 0 0 0 0 0 0 0 0 0 0 0 0 0 1 0 0 0 1 0 0 0 0 0 0 0 0 0 0 0 0 0 0 0 0 0 0 0 0 0 0 0 0 0 0 0 0 0 0 0 0 0 0 0 0 0 0 0 0 0 0 0 0 0 0 0 0 0 
1
0 0 0 0 0 0 0 0 0 
1 2 2 1 2 0 1 0 0 2 2 0 0 0 0 0 0 0 0 0 0 0 0 0 0 0 0 1 0 0 0 1 0 0 0 0 0 0 0 0 0 0 0 0 0 0 0 0 0 0 0 0 0 0 0 0 0 0 0 0 0 0 0 0 0 0 0 0 0 0 0 0 0 0 0 0 0 0 0 0 0 
1 2 2 1 2 0 1 0 0 2 2 0 0 0 0 0 0 0 0 0 0 0 0 0 0 0 0 1 0 0 0 1 0 0 0 0 0 0 0 0 0 0 0 0 0 0 0 0 0 0 0 0 0 0 0 0 0 0 0 0 0 0 0 0 0 0 0 0 0 0 0 0 0 0 0 0 0 0 0 0 0 
1
0 0 0 0 0 0 0 0 0 
1 2 2 1 2 1 1 0 0 2 2 0 0 0 0 0 0 0 0 0 0 0 0 0 0 0 0 1 0 0 0 1 0 0 0 0 0 0 0 0 0 0 0 0 0 0 0 0 0 0 0 0 0 0 0 0 0 0 0 0 0 0 0 0 0 0 0 0 0 0 0 0 0 0 0 0 0 0 0 0 0 
1 2 2 1 2 1 1 0 0 2 2 0 0 0 0 0 0 0 0 0 0 0 0 0 0 0 0 1 0 0 0 1 0 0 0 0 0 0 0 0 0 0 0 0 0 0 0 0 0 0 0 0 0 0 0 0 0 0 0 0 0 0 0 0 0 0 0 0 0 0 0 0 0 0 0 0 0 0 0 0 0 
1
0 0 0 0 0 0 0 0 0 
1 2 2 1 2 1 1 2 0 2 2 0 0 0 0 0 0 0 0 0 0 0 0 0 0 0 0 1 0 0 0 1 0 0 0 0 0 0 0 0 0 0 0 0 0 0 0 0 0 0 0 0 0 0 0 0 0 0 0 0 0 0 0 0 0 0 0 0 0 0 0 0 0 0 0 0 0 0 0 0 0 
1 2 2 1 2 1 1 2 0 2 2 0 0 0 0 0 0 0 0 0 0 0 0 0 0 0 0 1 0 0 0 1 0 0 0 0 0 0 0 0 0 0 0 0 0 0 0 0 0 0 0 0 0 0 0 0 0 0 0 0 0 0 0 0 0 0 0 0 0 0 0 0 0 0 0 0 0 0 0 0 0 
1
0 0 0 0 0 0 0 0 0 
1 2 2 1 2 1 1 2 0 2 2 0 1 0 0 0 0 0 0 0 0 0 0 0 0 0 0 1 0 0 0 1 0 0 0 0 0 0 0 0 0 0 0 0 0 0 0 0 0 0 0 0 0 0 0 0 0 0 0 0 0 0 0 0 0 0 0 0 0 0 0 0 0 0 0 0 0 0 0 0 0 
1 2 2 1 2 1 1 2 0 2 2 0 1 0 0 0 0 0 0 0 0 0 0 0 0 0 0 1 0 0 0 1 0 0 0 0 0 0 0 0 0 0 0 0 0 0 0 0 0 0 0 0 0 0 0 0 0 0 0 0 0 0 0 0 0 0 0 0 0 0 0 0 0 0 0 0 0 0 0 0 0 
1
0 0 0 0 0 0 0 0 0 
1 2 2 1 2 1 1 2 0 2 2 0 1 0 0 0 0 0 0 0 0 0 0 0 0 0 0 1 0 2 0 1 0 0 0 0 0 0 0 0 0 0 0 0 0 0 0 0 0 0 0 0 0 0 0 0 0 0 0 0 0 0 0 0 0 0 0 0 0 0 0 0 0 0 0 0 0 0 0 0 0 
1 2 2 1 2 1 1 2 0 2 2 0 1 0 0 0 0 0 0 0 0 0 0 0 0 0 0 1 0 2 0 1 0 0 0 0 0 0 0 0 0 0 0 0 0 0 0 0 0 0 0 0 0 0 0 0 0 0 0 0 0 0 0 0 0 0 0 0 0 0 0 0 0 0 0 0 0 0 0 0 0 
1
0 0 0 0 0 0 0 0 0 
1 2 2 1 2 1 1 2 1 2 2 0 1 0 0 0 0 0 0 0 0 0 0 0 0 0 0 1 0 2 0 1 0 0 0 0 0 0 0 0 0 0 0 0 0 0 0 0 0 0 0 0 0 0 0 0 0 0 0 0 0 0 0 0 0 0 0 0 0 0 0 0 0 0 0 0 0 0 0 0 0 
1 2 2 1 2 1 1 2 1 2 2 0 1 0 0 0 0 0 0 0 0 0 0 0 0 0 0 1 0 2 0 1 0 0 0 0 0 0 0 0 0 0 0 0 0 0 0 0 0 0 0 0 0 0 0 0 0 0 0 0 0 0 0 0 0 0 0 0 0 0 0 0 0 0 0 0 0 0 0 0 0 
1
0 0 0 0 0 0 0 0 0 
1 2 2 1 2 1 1 2 1 2 2 0 1 0 0 2 0 0 0 0 0 0 0 0 0 0 0 1 0 2 0 1 0 0 0 0 0 0 0 0 0 0 0 0 0 0 0 0 0 0 0 0 0 0 0 0 0 0 0 0 0 0 0 0 0 0 0 0 0 0 0 0 0 0 0 0 0 0 0 0 0 
1 2 2 1 2 1 1 2 1 2 2 0 1 0 0 2 0 0 0 0 0 0 0 0 0 0 0 1 0 2 0 1 0 0 0 0 0 0 0 0 0 0 0 0 0 0 0 0 0 0 0 0 0 0 0 0 0 0 0 0 0 0 0 0 0 0 0 0 0 0 0 0 0 0 0 0 0 0 0 0 0 
1
0 0 0 0 0 0 0 0 0 
1 2 2 1 2 1 1 2 1 2 2 0 1 0 0 2 0 0 0 0 0 0 0 0 0 0 0 1 1 2 0 1 0 0 0 0 0 0 0 0 0 0 0 0 0 0 0 0 0 0 0 0 0 0 0 0 0 0 0 0 0 0 0 0 0 0 0 0 0 0 0 0 0 0 0 0 0 0 0 0 0 
1 2 2 1 2 1 1 2 1 2 2 0 1 0 0 2 0 0 0 0 0 0 0 0 0 0 0 1 1 2 0 1 0 0 0 0 0 0 0 0 0 0 0 0 0 0 0 0 0 0 0 0 0 0 0 0 0 0 0 0 0 0 0 0 0 0 0 0 0 0 0 0 0 0 0 0 0 0 0 0 0 
1
0 0 0 0 0 0 0 0 0 
1 2 2 1 2 1 1 2 1 2 2 0 1 2 0 2 0 0 0 0 0 0 0 0 0 0 0 1 1 2 0 1 0 0 0 0 0 0 0 0 0 0 0 0 0 0 0 0 0 0 0 0 0 0 0 0 0 0 0 0 0 0 0 0 0 0 0 0 0 0 0 0 0 0 0 0 0 0 0 0 0 
1 2 2 1 2 1 1 2 1 2 2 0 1 2 0 2 0 0 0 0 0 0 0 0 0 0 0 1 1 2 0 1 0 0 0 0 0 0 0 0 0 0 0 0 0 0 0 0 0 0 0 0 0 0 0 0 0 0 0 0 0 0 0 0 0 0 0 0 0 0 0 0 0 0 0 0 0 0 0 0 0 
1
0 0 0 0 0 0 0 0 0 
1 2 2 1 2 1 1 2 1 2 2 0 1 2 0 2 0 0 0 0 0 0 0 0 0 0 0 1 1 2 0 1 1 0 0 0 0 0 0 0 0 0 0 0 0 0 0 0 0 0 0 0 0 0 0 0 0 0 0 0 0 0 0 0 0 0 0 0 0 0 0 0 0 0 0 0 0 0 0 0 0 
1 2 2 1 2 1 1 2 1 2 2 0 1 2 0 2 0 0 0 0 0 0 0 0 0 0 0 1 1 2 0 1 1 0 0 0 0 0 0 0 0 0 0 0 0 0 0 0 0 0 0 0 0 0 0 0 0 0 0 0 0 0 0 0 0 0 0 0 0 0 0 0 0 0 0 0 0 0 0 0 0 
1
0 0 0 0 0 0 0 0 0 
1 2 2 1 2 1 1 2 1 2 2 0 1 2 0 2 2 0 0 0 0 0 0 0 0 0 0 1 1 2 0 1 1 0 0 0 0 0 0 0 0 0 0 0 0 0 0 0 0 0 0 0 0 0 0 0 0 0 0 0 0 0 0 0 0 0 0 0 0 0 0 0 0 0 0 0 0 0 0 0 0 
1 2 2 1 2 1 1 2 1 2 2 0 1 2 0 2 2 0 0 0 0 0 0 0 0 0 0 1 1 2 0 1 1 0 0 0 0 0 0 0 0 0 0 0 0 0 0 0 0 0 0 0 0 0 0 0 0 0 0 0 0 0 0 0 0 0 0 0 0 0 0 0 0 0 0 0 0 0 0 0 0 
1
0 0 0 0 1 0 0 0 0 
1 2 2 1 2 1 1 2 1 2 2 0 1 2 0 2 2 0 0 0 0 0 0 0 0 0 0 1 1 2 1 1 1 0 0 0 0 0 0 0 0 0 0 0 0 0 0 0 0 0 0 0 0 0 0 0 0 0 0 0 0 0 0 0 0 0 0 0 0 0 0 0 0 0 0 0 0 0 0 0 0 
1 2 2 1 2 1 1 2 1 2 2 0 1 2 0 2 2 0 0 0 0 0 0 0 0 0 0 1 1 2 17 17 17 0 0 0 0 0 0 16 16 16 0 0 0 0 0 0 16 16 16 0 0 0 0 0 0 0 0 0 0 0 0 0 0 0 0 0 0 0 0 0 0 0 0 0 0 0 0 0 0 
1
2 0 0 0 1 0 0 0 0 
1 2 2 1 2 1 1 2 1 2 2 2 1 2 0 2 2 0 0 0 0 0 0 0 0 0 0 1 1 2 1 1 1 0 0 0 0 0 0 0 0 0 0 0 0 0 0 0 0 0 0 0 0 0 0 0 0 0 0 0 0 0 0 0 0 0 0 0 0 0 0 0 0 0 0 0 0 0 0 0 0 
33 34 34 1 2 1 1 2 1 34 34 34 1 2 0 2 2 0 32 32 32 0 0 0 0 0 0 1 1 2 17 17 17 0 0 0 0 0 0 16 16 16 0 0 0 0 0 0 16 16 16 0 0 0 0 0 0 0 0 0 0 0 0 0 0 0 0 0 0 0 0 0 0 0 0 0 0 0 0 0 0 
1
2 0 0 0 1 0 0 0 0 
1 2 2 1 2 1 1 2 1 2 2 2 1 2 0 2 2 0 0 0 0 0 0 0 0 0 0 1 1 2 1 1 1 0 0 0 0 0 0 0 0 0 1 0 0 0 0 0 0 0 0 0 0 0 0 0 0 0 0 0 0 0 0 0 0 0 0 0 0 0 0 0 0 0 0 0 0 0 0 0 0 
33 34 34 1 2 1 1 2 1 34 34 34 1 2 0 2 2 0 32 32 32 0 0 0 0 0 0 1 1 2 17 17 17 0 0 0 0 0 0 16 16 16 1 0 0 0 0 0 16 16 16 0 0 0 0 0 0 0 0 0 0 0 0 0 0 0 0 0 0 0 0 0 0 0 0 0 0 0 0 0 0 
1
2 0 0 0 1 0 0 0 0 
1 2 2 1 2 1 1 2 1 2 2 2 1 2 0 2 2 0 0 0 0 0 0 0 0 0 0 1 1 2 1 1 1 0 0 0 2 0 0 0 0 0 1 0 0 0 0 0 0 0 0 0 0 0 0 0 0 0 0 0 0 0 0 0 0 0 0 0 0 0 0 0 0 0 0 0 0 0 0 0 0 
33 34 34 1 2 1 1 2 1 34 34 34 1 2 0 2 2 0 32 32 32 0 0 0 0 0 0 1 1 2 17 17 17 0 0 0 2 0 0 16 16 16 1 0 0 0 0 0 16 16 16 0 0 0 0 0 0 0 0 0 0 0 0 0 0 0 0 0 0 0 0 0 0 0 0 0 0 0 0 0 0 
1
2 0 0 0 1 0 0 0 0 
1 2 2 1 2 1 1 2 1 2 2 2 1 2 0 2 2 0 0 0 0 0 0 0 0 0 0 1 1 2 1 1 1 0 0 0 2 0 1 0 0 0 1 0 0 0 0 0 0 0 0 0 0 0 0 0 0 0 0 0 0 0 0 0 0 0 0 0 0 0 0 0 0 0 0 0 0 0 0 0 0 
33 34 34 1 2 1 1 2 1 34 34 34 1 2 0 2 2 0 32 32 32 0 0 0 0 0 0 1 1 2 17 17 17 0 0 0 2 0 1 16 16 16 1 0 0 0 0 0 16 16 16 0 0 0 0 0 0 0 0 0 0 0 0 0 0 0 0 0 0 0 0 0 0 0 0 0 0 0 0 0 0 
1
2 0 0 0 1 0 0 0 0 
1 2 2 1 2 1 1 2 1 2 2 2 1 2 0 2 2 0 0 0 0 0 0 0 0 0 0 1 1 2 1 1 1 0 0 2 2 0 1 0 0 0 1 0 0 0 0 0 0 0 0 0 0 0 0 0 0 0 0 0 0 0 0 0 0 0 0 0 0 0 0 0 0 0 0 0 0 0 0 0 0 
33 34 34 1 2 1 1 2 1 34 34 34 1 2 0 2 2 0 32 32 32 0 0 0 0 0 0 1 1 2 17 17 17 0 0 2 2 0 1 16 16 16 1 0 0 0 0 0 16 16 16 0 0 0 0 0 0 0 0 0 0 0 0 0 0 0 0 0 0 0 0 0 0 0 0 0 0 0 0 0 0 
1
2 0 0 0 1 0 0 0 0 
1 2 2 1 2 1 1 2 1 2 2 2 1 2 0 2 2 1 0 0 0 0 0 0 0 0 0 1 1 2 1 1 1 0 0 2 2 0 1 0 0 0 1 0 0 0 0 0 0 0 0 0 0 0 0 0 0 0 0 0 0 0 0 0 0 0 0 0 0 0 0 0 0 0 0 0 0 0 0 0 0 
33 34 34 1 2 1 1 2 1 34 34 34 1 2 0 2 2 1 32 32 32 0 0 0 0 0 0 1 1 2 17 17 17 0 0 2 2 0 1 16 16 16 1 0 0 0 0 0 16 16 16 0 0 0 0 0 0 0 0 0 0 0 0 0 0 0 0 0 0 0 0 0 0 0 0 0 0 0 0 0 0 
1
2 0 0 0 1 0 0 0 0 
1 2 2 1 2 1 1 2 1 2 2 2 1 2 0 2 2 1 0 0 0 0 0 0 0 0 0 1 1 2 1 1 1 0 0 2 2 0 1 0 0 0 1 0 2 0 0 0 0 0 0 0 0 0 0 0 0 0 0 0 0 0 0 0 0 0 0 0 0 0 0 0 0 0 0 0 0 0 0 0 0 
33 34 34 1 2 1 1 2 1 34 34 34 1 2 0 2 2 1 32 32 32 0 0 0 0 0 0 1 1 2 17 17 17 0 0 2 2 0 1 16 16 16 1 0 2 0 0 0 16 16 16 0 0 0 0 0 0 0 0 0 0 0 0 0 0 0 0 0 0 0 0 0 0 0 0 0 0 0 0 0 0 
1
2 0 0 0 1 0 0 0 0 
1 2 2 1 2 1 1 2 1 2 2 2 1 2 0 2 2 1 0 0 0 0 0 0 0 0 0 1 1 2 1 1 1 0 0 2 2 0 1 0 0 0 1 0 2 0 0 0 0 0 0 1 0 0 0 0 0 0 0 0 0 0 0 0 0 0 0 0 0 0 0 0 0 0 0 0 0 0 0 0 0 
33 34 34 1 2 1 1 2 1 34 34 34 1 2 0 2 2 1 32 32 32 0 0 0 0 0 0 1 1 2 17 17 17 0 0 2 2 0 1 16 16 16 1 0 2 0 0 0 16 16 16 1 0 0 0 0 0 0 0 0 0 0 0 0 0 0 0 0 0 0 0 0 0 0 0 0 0 0 0 0 0 
1
2 0 0 0 1 0 0 0 0 
1 2 2 1 2 1 1 2 1 2 2 2 1 2 0 2 2 1 0 0 0 0 0 0 0 0 0 1 1 2 1 1 1 0 0 2 2 0 1 0 0 0 1 0 2 0 0 0 0 0 0 1 0 0 0 0 0 0 0 0 0 0 0 0 0 0 0 0 0 0 0 0 2 0 0 0 0 0 0 0 0 
33 34 34 1 2 1 1 2 1 34 34 34 1 2 0 2 2 1 32 32 32 0 0 0 0 0 0 1 1 2 17 17 17 0 0 2 2 0 1 16 16 16 1 0 2 0 0 0 16 16 16 1 0 0 0 0 0 0 0 0 0 0 0 0 0 0 0 0 0 0 0 0 2 0 0 0 0 0 0 0 0 
1
2 0 0 0 1 0 0 0 0 
1 2 2 1 2 1 1 2 1 2 2 2 1 2 0 2 2 1 0 0 0 0 0 0 0 0 0 1 1 2 1 1 1 0 0 2 2 0 1 0 0 0 1 0 2 0 0 0 0 0 0 1 0 0 0 1 0 0 0 0 0 0 0 0 0 0 0 0 0 0 0 0 2 0 0 0 0 0 0 0 0 
33 34 34 1 2 1 1 2 1 34 34 34 1 2 0 2 2 1 32 32 32 0 0 0 0 0 0 1 1 2 17 17 17 0 0 2 2 0 1 16 16 16 1 0 2 0 0 0 16 16 16 1 0 0 0 1 0 0 0 0 0 0 0 0 0 0 0 0 0 0 0 0 2 0 0 0 0 0 0 0 0 
1
2 2 0 0 1 0 0 0 0 
1 2 2 1 2 1 1 2 1 2 2 2 1 2 0 2 2 1 0 0 0 0 2 0 0 0 0 1 1 2 1 1 1 0 0 2 2 0 1 0 0 0 1 0 2 0 0 0 0 0 0 1 0 0 0 1 0 0 0 0 0 0 0 0 0 0 0 0 0 0 0 0 2 0 0 0 0 0 0 0 0 
33 34 34 33 34 33 1 2 1 34 34 34 33 34 32 2 2 1 32 32 32 32 34 32 0 0 0 1 1 2 17 17 17 0 0 2 2 0 1 16 16 16 1 0 2 0 0 0 16 16 16 1 0 0 0 1 0 0 0 0 0 0 0 0 0 0 0 0 0 0 0 0 2 0 0 0 0 0 0 0 0 
1
2 2 0 0 1 0 0 0 0 
1 2 2 1 2 1 1 2 1 2 2 2 1 2 0 2 2 1 0 0 0 0 2 0 0 0 0 1 1 2 1 1 1 0 0 2 2 0 1 0 0 0 1 0 2 0 0 0 0 0 0 1 0 0 0 1 0 0 0 0 0 0 0 0 0 0 1 0 0 0 0 0 2 0 0 0 0 0 0 0 0 
33 34 34 33 34 33 1 2 1 34 34 34 33 34 32 2 2 1 32 32 32 32 34 32 0 0 0 1 1 2 17 17 17 0 0 2 2 0 1 16 16 16 1 0 2 0 0 0 16 16 16 1 0 0 0 1 0 0 0 0 0 0 0 0 0 0 1 0 0 0 0 0 2 0 0 0 0 0 0 0 0 
1
2 2 0 0 1 0 0 0 0 
1 2 2 1 2 1 1 2 1 2 2 2 1 2 0 2 2 1 0 0 0 0 2 0 0 0 0 1 1 2 1 1 1 0 0 2 2 2 1 0 0 0 1 0 2 0 0 0 0 0 0 1 0 0 0 1 0 0 0 0 0 0 0 0 0 0 1 0 0 0 0 0 2 0 0 0 0 0 0 0 0 
33 34 34 33 34 33 1 2 1 34 34 34 33 34 32 2 2 1 32 32 32 32 34 32 0 0 0 1 1 2 17 17 17 0 0 2 2 2 1 16 16 16 1 0 2 0 0 0 16 16 16 1 0 0 0 1 0 0 0 0 0 0 0 0 0 0 1 0 0 0 0 0 2 0 0 0 0 0 0 0 0 
1
2 2 1 0 1 0 0 0 0 
1 2 2 1 2 1 1 2 1 2 2 2 1 2 0 2 2 1 0 0 0 0 2 0 0 0 1 1 1 2 1 1 1 0 0 2 2 2 1 0 0 0 1 0 2 0 0 0 0 0 0 1 0 0 0 1 0 0 0 0 0 0 0 0 0 0 1 0 0 0 0 0 2 0 0 0 0 0 0 0 0 
33 34 34 33 34 33 17 18 17 34 34 34 33 34 32 18 18 17 32 32 32 32 34 32 16 16 17 1 1 2 17 17 17 0 0 2 2 2 1 16 16 16 1 0 2 0 0 0 16 16 16 1 0 0 0 1 0 0 0 0 0 0 0 0 0 0 1 0 0 0 0 0 2 0 0 0 0 0 0 0 0 
1
2 2 1 0 1 0 0 0 0 
1 2 2 1 2 1 1 2 1 2 2 2 1 2 0 2 2 1 0 0 0 0 2 0 0 0 1 1 1 2 1 1 1 0 0 2 2 2 1 0 0 0 1 0 2 0 0 0 0 0 0 1 0 0 0 1 0 0 0 0 0 0 0 0 0 0 1 0 0 0 0 0 2 0 0 0 0 0 0 0 2 
33 34 34 33 34 33 17 18 17 34 34 34 33 34 32 18 18 17 32 32 32 32 34 32 16 16 17 1 1 2 17 17 17 0 0 2 2 2 1 16 16 16 1 0 2 0 0 0 16 16 16 1 0 0 0 1 0 0 0 0 0 0 0 0 0 0 1 0 0 0 0 0 2 0 0 0 0 0 0 0 2 
1
2 2 1 0 1 0 0 0 0 
1 2 2 1 2 1 1 2 1 2 2 2 1 2 0 2 2 1 0 0 0 0 2 0 0 0 1 1 1 2 1 1 1 0 0 2 2 2 1 0 0 0 1 0 2 0 0 0 0 0 0 1 0 0 0 1 0 0 0 0 1 0 0 0 0 0 1 0 0 0 0 0 2 0 0 0 0 0 0 0 2 
33 34 34 33 34 33 17 18 17 34 34 34 33 34 32 18 18 17 32 32 32 32 34 32 16 16 17 1 1 2 17 17 17 0 0 2 2 2 1 16 16 16 1 0 2 0 0 0 16 16 16 1 0 0 0 1 0 0 0 0 1 0 0 0 0 0 1 0 0 0 0 0 2 0 0 0 0 0 0 0 2 
1
2 2 1 2 1 0 0 0 0 
1 2 2 1 2 1 1 2 1 2 2 2 1 2 0 2 2 1 0 0 0 0 2 0 0 0 1 1 1 2 1 1 1 0 0 2 2 2 1 0 0 0 1 0 2 2 0 0 0 0 0 1 0 0 0 1 0 0 0 0 1 0 0 0 0 0 1 0 0 0 0 0 2 0 0 0 0 0 0 0 2 
33 34 34 33 34 33 17 18 17 34 34 34 33 34 32 18 18 17 32 32 32 32 34 32 16 16 17 33 33 34 17 17 17 0 0 2 34 34 33 16 16 16 1 0 2 34 32 32 16 16 16 1 0 0 0 1 0 0 0 0 1 0 0 0 0 0 1 0 0 0 0 0 2 0 0 0 0 0 0 0 2 
1
2 2 1 2 1 0 0 0 0 
1 2 2 1 2 1 1 2 1 2 2 2 1 2 0 2 2 1 0 0 0 0 2 0 0 0 1 1 1 2 1 1 1 0 0 2 2 2 1 0 0 0 1 0 2 2 0 0 0 0 0 1 0 0 0 1 0 0 0 0 1 0 0 0 0 0 1 0 0 0 0 0 2 1 0 0 0 0 0 0 2 
33 34 34 33 34 33 17 18 17 34 34 34 33 34 32 18 18 17 32 32 32 32 34 32 16 16 17 33 33 34 17 17 17 0 0 2 34 34 33 16 16 16 1 0 2 34 32 32 16 16 16 1 0 0 0 1 0 0 0 0 1 0 0 0 0 0 1 0 0 0 0 0 2 1 0 0 0 0 0 0 2 
1
2 2 1 2 1 0 0 0 0 
1 2 2 1 2 1 1 2 1 2 2 2 1 2 0 2 2 1 0 0 0 0 2 0 0 0 1 1 1 2 1 1 1 0 0 2 2 2 1 0 0 0 1 0 2 2 0 0 0 0 0 1 0 0 0 1 0 0 0 0 1 0 0 0 0 0 1 0 0 0 0 0 2 1 0 0 2 0 0 0 2 
33 34 34 33 34 33 17 18 17 34 34 34 33 34 32 18 18 17 32 32 32 32 34 32 16 16 17 33 33 34 17 17 17 0 0 2 34 34 33 16 16 16 1 0 2 34 32 32 16 16 16 1 0 0 0 1 0 0 0 0 1 0 0 0 0 0 1 0 0 0 0 0 2 1 0 0 2 0 0 0 2 
1
2 2 1 2 1 0 0 0 0 
1 2 2 1 2 1 1 2 1 2 2 2 1 2 0 2 2 1 0 0 0 0 2 0 0 0 1 1 1 2 1 1 1 0 0 2 2 2 1 0 0 0 1 0 2 2 0 0 0 0 0 1 0 0 0 1 0 0 0 0 1 0 0 0 0 0 1 0 0 0 0 0 2 1 0 1 2 0 0 0 2 
33 34 34 33 34 33 17 18 17 34 34 34 33 34 32 18 18 17 32 32 32 32 34 32 16 16 17 33 33 34 17 17 17 0 0 2 34 34 33 16 16 16 1 0 2 34 32 32 16 16 16 1 0 0 0 1 0 0 0 0 1 0 0 0 0 0 1 0 0 0 0 0 2 1 0 1 2 0 0 0 2 
1
2 2 1 2 1 0 0 0 0 
1 2 2 1 2 1 1 2 1 2 2 2 1 2 0 2 2 1 0 0 0 0 2 0 0 0 1 1 1 2 1 1 1 0 0 2 2 2 1 0 0 0 1 0 2 2 0 0 0 0 0 1 0 0 0 1 0 0 0 0 1 0 0 0 2 0 1 0 0 0 0 0 2 1 0 1 2 0 0 0 2 
33 34 34 33 34 33 17 18 17 34 34 34 33 34 32 18 18 17 32 32 32 32 34 32 16 16 17 33 33 34 17 17 17 0 0 2 34 34 33 16 16 16 1 0 2 34 32 32 16 16 16 1 0 0 0 1 0 0 0 0 1 0 0 0 2 0 1 0 0 0 0 0 2 1 0 1 2 0 0 0 2 
1
2 2 1 2 1 0 0 0 0 
1 2 2 1 2 1 1 2 1 2 2 2 1 2 0 2 2 1 0 0 0 0 2 0 0 0 1 1 1 2 1 1 1 0 0 2 2 2 1 0 0 0 1 0 2 2 0 0 0 0 0 1 0 1 0 1 0 0 0 0 1 0 0 0 2 0 1 0 0 0 0 0 2 1 0 1 2 0 0 0 2 
33 34 34 33 34 33 17 18 17 34 34 34 33 34 32 18 18 17 32 32 32 32 34 32 16 16 17 33 33 34 17 17 17 0 0 2 34 34 33 16 16 16 1 0 2 34 32 32 16 16 16 1 0 1 0 1 0 0 0 0 1 0 0 0 2 0 1 0 0 0 0 0 2 1 0 1 2 0 0 0 2 
1
2 2 1 2 1 0 0 0 0 
1 2 2 1 2 1 1 2 1 2 2 2 1 2 0 2 2 1 0 0 0 0 2 0 0 0 1 1 1 2 1 1 1 0 0 2 2 2 1 0 0 0 1 0 2 2 0 0 0 0 0 1 0 1 0 1 0 0 0 0 1 0 0 0 2 0 1 0 0 0 0 2 2 1 0 1 2 0 0 0 2 
33 34 34 33 34 33 17 18 17 34 34 34 33 34 32 18 18 17 32 32 32 32 34 32 16 16 17 33 33 34 17 17 17 0 0 2 34 34 33 16 16 16 1 0 2 34 32 32 16 16 16 1 0 1 0 1 0 0 0 0 1 0 0 0 2 0 1 0 0 0 0 2 2 1 0 1 2 0 0 0 2 
1
2 2 1 2 1 1 0 0 0 
1 2 2 1 2 1 1 2 1 2 2 2 1 2 0 2 2 1 0 0 0 0 2 0 0 0 1 1 1 2 1 1 1 0 0 2 2 2 1 0 0 0 1 0 2 2 0 0 0 0 0 1 1 1 0 1 0 0 0 0 1 0 0 0 2 0 1 0 0 0 0 2 2 1 0 1 2 0 0 0 2 
33 34 34 33 34 33 17 18 17 34 34 34 33 34 32 18 18 17 32 32 32 32 34 32 16 16 17 33 33 34 17 17 17 16 16 18 34 34 33 16 16 16 17 16 18 34 32 32 16 16 16 17 17 17 0 1 0 0 0 0 1 0 0 0 2 0 1 0 0 0 0 2 2 1 0 1 2 0 0 0 2 
1
2 2 1 2 1 1 0 0 0 
1 2 2 1 2 1 1 2 1 2 2 2 1 2 0 2 2 1 0 0 0 0 2 0 0 0 1 1 1 2 1 1 1 0 0 2 2 2 1 0 0 0 1 0 2 2 0 0 0 0 0 1 1 1 0 1 0 2 0 0 1 0 0 0 2 0 1 0 0 0 0 2 2 1 0 1 2 0 0 0 2 
33 34 34 33 34 33 17 18 17 34 34 34 33 34 32 18 18 17 32 32 32 32 34 32 16 16 17 33 33 34 17 17 17 16 16 18 34 34 33 16 16 16 17 16 18 34 32 32 16 16 16 17 17 17 0 1 0 2 0 0 1 0 0 0 2 0 1 0 0 0 0 2 2 1 0 1 2 0 0 0 2 
1
2 2 1 2 1 1 0 0 0 
1 2 2 1 2 1 1 2 1 2 2 2 1 2 0 2 2 1 0 0 0 0 2 0 0 0 1 1 1 2 1 1 1 0 0 2 2 2 1 0 0 0 1 0 2 2 0 0 0 0 0 1 1 1 0 1 0 2 0 0 1 0 0 0 2 0 1 0 0 0 0 2 2 1 1 1 2 0 0 0 2 
33 34 34 33 34 33 17 18 17 34 34 34 33 34 32 18 18 17 32 32 32 32 34 32 16 16 17 33 33 34 17 17 17 16 16 18 34 34 33 16 16 16 17 16 18 34 32 32 16 16 16 17 17 17 0 1 0 2 0 0 1 0 0 0 2 0 1 0 0 0 0 2 2 1 1 1 2 0 0 0 2 
1
2 2 1 2 1 1 0 0 0 
1 2 2 1 2 1 1 2 1 2 2 2 1 2 0 2 2 1 0 0 0 0 2 0 0 0 1 1 1 2 1 1 1 0 0 2 2 2 1 0 0 0 1 0 2 2 0 0 0 0 0 1 1 1 0 1 0 2 0 0 1 2 0 0 2 0 1 0 0 0 0 2 2 1 1 1 2 0 0 0 2 
33 34 34 33 34 33 17 18 17 34 34 34 33 34 32 18 18 17 32 32 32 32 34 32 16 16 17 33 33 34 17 17 17 16 16 18 34 34 33 16 16 16 17 16 18 34 32 32 16 16 16 17 17 17 0 1 0 2 0 0 1 2 0 0 2 0 1 0 0 0 0 2 2 1 1 1 2 0 0 0 2 
1
2 2 1 2 1 1 0 0 0 
1 2 2 1 2 1 1 2 1 2 2 2 1 2 0 2 2 1 0 0 0 0 2 0 0 0 1 1 1 2 1 1 1 0 0 2 2 2 1 0 0 0 1 0 2 2 0 0 0 0 0 1 1 1 0 1 1 2 0 0 1 2 0 0 2 0 1 0 0 0 0 2 2 1 1 1 2 0 0 0 2 
33 34 34 33 34 33 17 18 17 34 34 34 33 34 32 18 18 17 32 32 32 32 34 32 16 16 17 33 33 34 17 17 17 16 16 18 34 34 33 16 16 16 17 16 18 34 32 32 16 16 16 17 17 17 0 1 1 2 0 0 1 2 0 0 2 0 1 0 0 0 0 2 2 1 1 1 2 0 0 0 2 
1
2 2 1 2 1 1 0 0 0 
1 2 2 1 2 1 1 2 1 2 2 2 1 2 0 2 2 1 0 0 0 0 2 0 0 0 1 1 1 2 1 1 1 0 0 2 2 2 1 0 0 0 1 0 2 2 0 0 0 0 0 1 1 1 2 1 1 2 0 0 1 2 0 0 2 0 1 0 0 0 0 2 2 1 1 1 2 0 0 0 2 
33 34 34 33 34 33 17 18 17 34 34 34 33 34 32 18 18 17 32 32 32 32 34 32 16 16 17 33 33 34 17 17 17 16 16 18 34 34 33 16 16 16 17 16 18 34 32 32 16 16 16 17 17 17 2 1 1 2 0 0 1 2 0 0 2 0 1 0 0 0 0 2 2 1 1 1 2 0 0 0 2 
1
2 2 1 2 1 1 1 0 0 
1 2 2 1 2 1 1 2 1 2 2 2 1 2 0 2 2 1 0 0 0 0 2 0 0 0 1 1 1 2 1 1 1 0 0 2 2 2 1 0 0 0 1 0 2 2 0 0 0 0 0 1 1 1 2 1 1 2 0 0 1 2 0 0 2 1 1 0 0 0 0 2 2 1 1 1 2 0 0 0 2 
33 34 34 33 34 33 17 18 17 34 34 34 33 34 32 18 18 17 32 32 32 32 34 32 16 16 17 33 33 34 17 17 17 16 16 18 34 34 33 16 16 16 17 16 18 34 32 32 16 16 16 17 17 17 18 17 17 2 0 0 1 2 0 16 18 17 1 0 0 0 0 2 18 17 17 1 2 0 0 0 2 
1
2 2 1 2 1 1 1 0 0 
1 2 2 1 2 1 1 2 1 2 2 2 1 2 0 2 2 1 0 0 0 0 2 0 0 0 1 1 1 2 1 1 1 0 0 2 2 2 1 0 0 0 1 0 2 2 0 0 0 0 0 1 1 1 2 1 1 2 0 0 1 2 0 0 2 1 1 0 0 0 0 2 2 1 1 1 2 0 0 0 2 
33 34 34 33 34 33 17 18 17 34 34 34 33 34 32 18 18 17 32 32 32 32 34 32 16 16 17 33 33 34 17 17 17 16 16 18 34 34 33 16 16 16 17 16 18 34 32 32 16 16 16 17 17 17 18 17 17 2 0 0 1 2 0 16 18 17 1 0 0 0 0 2 18 17 17 1 2 0 0 0 2 
1
