0 0 0 0 0 0 0 0 0 
0 0 0 0 0 0 0 0 0 0 0 0 0 0 0 0 0 0 0 0 0 0 0 0 0 0 0 0 0 0 0 0 0 0 0 0 0 0 0 0 0 0 0 0 0 0 0 0 0 0 0 0 0 0 0 0 0 0 0 0 0 0 0 0 0 0 0 0 0 0 1 0 0 0 0 0 0 0 0 0 0 
0 0 0 0 0 0 0 0 0 0 0 0 0 0 0 0 0 0 0 0 0 0 0 0 0 0 0 0 0 0 0 0 0 0 0 0 0 0 0 0 0 0 0 0 0 0 0 0 0 0 0 0 0 0 0 0 0 0 0 0 0 0 0 0 0 0 0 0 0 0 1 0 0 0 0 0 0 0 0 0 0 
1
0 0 0 0 0 0 0 0 0 
0 0 0 0 0 0 0 0 0 0 0 0 0 0 0 0 0 0 0 0 0 0 0 0 0 0 0 0 0 0 2 0 0 0 0 0 0 0 0 0 0 0 0 0 0 0 0 0 0 0 0 0 0 0 0 0 0 0 0 0 0 0 0 0 0 0 0 0 0 0 1 0 0 0 0 0 0 0 0 0 0 
0 0 0 0 0 0 0 0 0 0 0 0 0 0 0 0 0 0 0 0 0 0 0 0 0 0 0 0 0 0 2 0 0 0 0 0 0 0 0 0 0 0 0 0 0 0 0 0 0 0 0 0 0 0 0 0 0 0 0 0 0 0 0 0 0 0 0 0 0 0 1 0 0 0 0 0 0 0 0 0 0 
1
0 0 0 0 0 0 0 0 0 
0 0 0 0 0 0 0 0 0 0 1 0 0 0 0 0 0 0 0 0 0 0 0 0 0 0 0 0 0 0 2 0 0 0 0 0 0 0 0 0 0 0 0 0 0 0 0 0 0 0 0 0 0 0 0 0 0 0 0 0 0 0 0 0 0 0 0 0 0 0 1 0 0 0 0 0 0 0 0 0 0 
0 0 0 0 0 0 0 0 0 0 1 0 0 0 0 0 0 0 0 0 0 0 0 0 0 0 0 0 0 0 2 0 0 0 0 0 0 0 0 0 0 0 0 0 0 0 0 0 0 0 0 0 0 0 0 0 0 0 0 0 0 0 0 0 0 0 0 0 0 0 1 0 0 0 0 0 0 0 0 0 0 
1
0 0 0 0 0 0 0 0 0 
0 0 0 0 0 0 0 0 0 0 1 0 0 0 0 0 0 0 0 0 0 0 0 0 0 0 0 0 0 0 2 0 2 0 0 0 0 0 0 0 0 0 0 0 0 0 0 0 0 0 0 0 0 0 0 0 0 0 0 0 0 0 0 0 0 0 0 0 0 0 1 0 0 0 0 0 0 0 0 0 0 
0 0 0 0 0 0 0 0 0 0 1 0 0 0 0 0 0 0 0 0 0 0 0 0 0 0 0 0 0 0 2 0 2 0 0 0 0 0 0 0 0 0 0 0 0 0 0 0 0 0 0 0 0 0 0 0 0 0 0 0 0 0 0 0 0 0 0 0 0 0 1 0 0 0 0 0 0 0 0 0 0 
1
0 0 0 0 0 0 0 0 0 
0 0 0 0 0 0 1 0 0 0 1 0 0 0 0 0 0 0 0 0 0 0 0 0 0 0 0 0 0 0 2 0 2 0 0 0 0 0 0 0 0 0 0 0 0 0 0 0 0 0 0 0 0 0 0 0 0 0 0 0 0 0 0 0 0 0 0 0 0 0 1 0 0 0 0 0 0 0 0 0 0 
0 0 0 0 0 0 1 0 0 0 1 0 0 0 0 0 0 0 0 0 0 0 0 0 0 0 0 0 0 0 2 0 2 0 0 0 0 0 0 0 0 0 0 0 0 0 0 0 0 0 0 0 0 0 0 0 0 0 0 0 0 0 0 0 0 0 0 0 0 0 1 0 0 0 0 0 0 0 0 0 0 
1
0 0 0 0 0 0 0 0 0 
0 0 0 0 0 0 1 0 0 0 1 0 0 0 0 0 0 0 2 0 0 0 0 0 0 0 0 0 0 0 2 0 2 0 0 0 0 0 0 0 0 0 0 0 0 0 0 0 0 0 0 0 0 0 0 0 0 0 0 0 0 0 0 0 0 0 0 0 0 0 1 0 0 0 0 0 0 0 0 0 0 
0 0 0 0 0 0 1 0 0 0 1 0 0 0 0 0 0 0 2 0 0 0 0 0 0 0 0 0 0 0 2 0 2 0 0 0 0 0 0 0 0 0 0 0 0 0 0 0 0 0 0 0 0 0 0 0 0 0 0 0 0 0 0 0 0 0 0 0 0 0 1 0 0 0 0 0 0 0 0 0 0 
1
0 0 0 0 0 0 0 0 0 
0 0 0 0 0 0 1 0 0 0 1 0 0 0 0 0 0 0 2 0 0 0 0 0 0 0 0 0 0 0 2 0 2 0 0 0 0 0 0 0 0 0 0 0 0 0 0 0 0 0 0 0 0 0 1 0 0 0 0 0 0 0 0 0 0 0 0 0 0 0 1 0 0 0 0 0 0 0 0 0 0 
0 0 0 0 0 0 1 0 0 0 1 0 0 0 0 0 0 0 2 0 0 0 0 0 0 0 0 0 0 0 2 0 2 0 0 0 0 0 0 0 0 0 0 0 0 0 0 0 0 0 0 0 0 0 1 0 0 0 0 0 0 0 0 0 0 0 0 0 0 0 1 0 0 0 0 0 0 0 0 0 0 
1
0 0 0 0 0 0 0 0 0 
0 0 0 0 0 0 1 0 0 0 1 0 0 0 0 0 0 0 2 0 2 0 0 0 0 0 0 0 0 0 2 0 2 0 0 0 0 0 0 0 0 0 0 0 0 0 0 0 0 0 0 0 0 0 1 0 0 0 0 0 0 0 0 0 0 0 0 0 0 0 1 0 0 0 0 0 0 0 0 0 0 
0 0 0 0 0 0 1 0 0 0 1 0 0 0 0 0 0 0 2 0 2 0 0 0 0 0 0 0 0 0 2 0 2 0 0 0 0 0 0 0 0 0 0 0 0 0 0 0 0 0 0 0 0 0 1 0 0 0 0 0 0 0 0 0 0 0 0 0 0 0 1 0 0 0 0 0 0 0 0 0 0 
1
0 0 0 0 0 0 0 0 0 
0 0 0 0 0 0 1 0 0 0 1 0 0 0 0 0 0 0 2 0 2 0 0 0 0 0 0 0 0 0 2 0 2 0 0 0 0 0 0 0 0 0 0 0 0 0 0 0 0 0 0 0 0 0 1 0 0 0 0 0 0 0 0 0 0 0 0 0 0 0 1 0 0 0 0 0 0 0 1 0 0 
0 0 0 0 0 0 1 0 0 0 1 0 0 0 0 0 0 0 2 0 2 0 0 0 0 0 0 0 0 0 2 0 2 0 0 0 0 0 0 0 0 0 0 0 0 0 0 0 0 0 0 0 0 0 1 0 0 0 0 0 0 0 0 0 0 0 0 0 0 0 1 0 0 0 0 0 0 0 1 0 0 
1
0 0 0 0 0 0 0 0 0 
0 0 0 0 0 0 1 0 0 0 1 0 0 0 0 0 0 0 2 0 2 0 0 0 0 0 0 0 0 0 2 0 2 0 0 0 0 0 0 0 0 0 0 0 0 0 0 0 0 0 0 0 0 0 1 0 0 0 0 0 0 0 0 0 0 0 0 0 0 0 1 0 2 0 0 0 0 0 1 0 0 
0 0 0 0 0 0 1 0 0 0 1 0 0 0 0 0 0 0 2 0 2 0 0 0 0 0 0 0 0 0 2 0 2 0 0 0 0 0 0 0 0 0 0 0 0 0 0 0 0 0 0 0 0 0 1 0 0 0 0 0 0 0 0 0 0 0 0 0 0 0 1 0 2 0 0 0 0 0 1 0 0 
1
0 0 0 0 0 0 0 0 0 
0 0 0 0 0 0 1 0 0 0 1 0 0 0 0 0 0 0 2 0 2 0 0 0 0 0 0 0 0 0 2 0 2 0 0 0 0 0 0 0 0 0 0 0 0 0 0 0 0 0 0 0 0 0 1 0 0 0 0 0 0 0 0 0 0 0 0 0 0 0 1 0 2 0 1 0 0 0 1 0 0 
0 0 0 0 0 0 1 0 0 0 1 0 0 0 0 0 0 0 2 0 2 0 0 0 0 0 0 0 0 0 2 0 2 0 0 0 0 0 0 0 0 0 0 0 0 0 0 0 0 0 0 0 0 0 1 0 0 0 0 0 0 0 0 0 0 0 0 0 0 0 1 0 2 0 1 0 0 0 1 0 0 
1
0 0 0 0 0 0 0 0 0 
0 0 0 0 0 0 1 0 0 0 1 0 0 0 0 0 0 0 2 0 2 0 0 0 0 0 0 0 0 0 2 0 2 0 0 0 0 0 0 0 0 0 0 0 0 0 0 0 0 0 0 0 0 0 1 0 0 0 0 0 0 0 2 0 0 0 0 0 0 0 1 0 2 0 1 0 0 0 1 0 0 
0 0 0 0 0 0 1 0 0 0 1 0 0 0 0 0 0 0 2 0 2 0 0 0 0 0 0 0 0 0 2 0 2 0 0 0 0 0 0 0 0 0 0 0 0 0 0 0 0 0 0 0 0 0 1 0 0 0 0 0 0 0 2 0 0 0 0 0 0 0 1 0 2 0 1 0 0 0 1 0 0 
1
0 0 0 0 0 0 0 0 0 
0 0 0 0 0 0 1 0 0 0 1 0 0 0 0 0 0 0 2 0 2 0 0 0 1 0 0 0 0 0 2 0 2 0 0 0 0 0 0 0 0 0 0 0 0 0 0 0 0 0 0 0 0 0 1 0 0 0 0 0 0 0 2 0 0 0 0 0 0 0 1 0 2 0 1 0 0 0 1 0 0 
0 0 0 0 0 0 1 0 0 0 1 0 0 0 0 0 0 0 2 0 2 0 0 0 1 0 0 0 0 0 2 0 2 0 0 0 0 0 0 0 0 0 0 0 0 0 0 0 0 0 0 0 0 0 1 0 0 0 0 0 0 0 2 0 0 0 0 0 0 0 1 0 2 0 1 0 0 0 1 0 0 
1
0 0 0 0 0 0 0 0 0 
0 0 0 0 0 0 1 0 0 0 1 0 0 0 0 0 0 0 2 0 2 0 0 0 1 0 0 0 0 0 2 0 2 0 0 0 0 0 0 0 0 0 0 0 0 0 0 0 0 0 0 0 0 0 1 0 0 0 0 0 0 0 2 0 2 0 0 0 0 0 1 0 2 0 1 0 0 0 1 0 0 
0 0 0 0 0 0 1 0 0 0 1 0 0 0 0 0 0 0 2 0 2 0 0 0 1 0 0 0 0 0 2 0 2 0 0 0 0 0 0 0 0 0 0 0 0 0 0 0 0 0 0 0 0 0 1 0 0 0 0 0 0 0 2 0 2 0 0 0 0 0 1 0 2 0 1 0 0 0 1 0 0 
1
0 0 0 0 0 0 0 0 0 
0 0 0 0 0 0 1 0 0 0 1 0 0 0 0 0 0 0 2 0 2 0 0 0 1 0 0 0 0 0 2 1 2 0 0 0 0 0 0 0 0 0 0 0 0 0 0 0 0 0 0 0 0 0 1 0 0 0 0 0 0 0 2 0 2 0 0 0 0 0 1 0 2 0 1 0 0 0 1 0 0 
0 0 0 0 0 0 1 0 0 0 1 0 0 0 0 0 0 0 2 0 2 0 0 0 1 0 0 0 0 0 2 1 2 0 0 0 0 0 0 0 0 0 0 0 0 0 0 0 0 0 0 0 0 0 1 0 0 0 0 0 0 0 2 0 2 0 0 0 0 0 1 0 2 0 1 0 0 0 1 0 0 
1
0 0 0 0 0 0 0 0 0 
0 0 0 2 0 0 1 0 0 0 1 0 0 0 0 0 0 0 2 0 2 0 0 0 1 0 0 0 0 0 2 1 2 0 0 0 0 0 0 0 0 0 0 0 0 0 0 0 0 0 0 0 0 0 1 0 0 0 0 0 0 0 2 0 2 0 0 0 0 0 1 0 2 0 1 0 0 0 1 0 0 
0 0 0 2 0 0 1 0 0 0 1 0 0 0 0 0 0 0 2 0 2 0 0 0 1 0 0 0 0 0 2 1 2 0 0 0 0 0 0 0 0 0 0 0 0 0 0 0 0 0 0 0 0 0 1 0 0 0 0 0 0 0 2 0 2 0 0 0 0 0 1 0 2 0 1 0 0 0 1 0 0 
1
0 0 0 0 0 0 0 0 0 
0 0 0 2 0 0 1 0 0 0 1 0 0 0 0 0 0 0 2 1 2 0 0 0 1 0 0 0 0 0 2 1 2 0 0 0 0 0 0 0 0 0 0 0 0 0 0 0 0 0 0 0 0 0 1 0 0 0 0 0 0 0 2 0 2 0 0 0 0 0 1 0 2 0 1 0 0 0 1 0 0 
0 0 0 2 0 0 1 0 0 0 1 0 0 0 0 0 0 0 2 1 2 0 0 0 1 0 0 0 0 0 2 1 2 0 0 0 0 0 0 0 0 0 0 0 0 0 0 0 0 0 0 0 0 0 1 0 0 0 0 0 0 0 2 0 2 0 0 0 0 0 1 0 2 0 1 0 0 0 1 0 0 
1
0 0 0 0 0 0 0 0 0 
0 0 0 2 0 0 1 0 0 0 1 0 0 0 0 0 0 0 2 1 2 0 0 0 1 0 0 0 0 0 2 1 2 0 0 0 0 0 0 0 0 0 0 0 0 0 0 0 0 0 0 0 0 0 1 0 0 0 0 0 0 0 2 0 2 0 0 2 0 0 1 0 2 0 1 0 0 0 1 0 0 
0 0 0 2 0 0 1 0 0 0 1 0 0 0 0 0 0 0 2 1 2 0 0 0 1 0 0 0 0 0 2 1 2 0 0 0 0 0 0 0 0 0 0 0 0 0 0 0 0 0 0 0 0 0 1 0 0 0 0 0 0 0 2 0 2 0 0 2 0 0 1 0 2 0 1 0 0 0 1 0 0 
1
0 0 0 0 0 0 0 0 0 
0 0 0 2 0 0 1 0 0 0 1 0 0 0 0 0 0 0 2 1 2 0 0 0 1 0 0 0 0 0 2 1 2 0 0 0 0 0 0 0 0 0 0 0 0 0 0 0 0 1 0 0 0 0 1 0 0 0 0 0 0 0 2 0 2 0 0 2 0 0 1 0 2 0 1 0 0 0 1 0 0 
0 0 0 2 0 0 1 0 0 0 1 0 0 0 0 0 0 0 2 1 2 0 0 0 1 0 0 0 0 0 2 1 2 0 0 0 0 0 0 0 0 0 0 0 0 0 0 0 0 1 0 0 0 0 1 0 0 0 0 0 0 0 2 0 2 0 0 2 0 0 1 0 2 0 1 0 0 0 1 0 0 
1
0 0 0 0 0 0 0 0 0 
0 0 0 2 0 0 1 0 0 0 1 0 0 0 0 0 0 0 2 1 2 0 0 0 1 0 0 0 0 0 2 1 2 0 0 0 0 0 0 0 0 0 0 0 0 0 0 0 0 1 0 0 0 0 1 0 0 0 0 0 0 0 2 0 2 0 2 2 0 0 1 0 2 0 1 0 0 0 1 0 0 
0 0 0 2 0 0 1 0 0 0 1 0 0 0 0 0 0 0 2 1 2 0 0 0 1 0 0 0 0 0 2 1 2 0 0 0 0 0 0 0 0 0 0 0 0 0 0 0 0 1 0 0 0 0 1 0 0 0 0 0 0 0 2 0 2 0 2 2 0 0 1 0 2 0 1 0 0 0 1 0 0 
1
0 0 0 0 0 0 0 0 0 
0 0 0 2 0 0 1 0 0 0 1 0 0 0 0 0 0 0 2 1 2 0 0 0 1 0 0 0 0 0 2 1 2 0 0 0 0 1 0 0 0 0 0 0 0 0 0 0 0 1 0 0 0 0 1 0 0 0 0 0 0 0 2 0 2 0 2 2 0 0 1 0 2 0 1 0 0 0 1 0 0 
0 0 0 2 0 0 1 0 0 0 1 0 0 0 0 0 0 0 2 1 2 0 0 0 1 0 0 0 0 0 2 1 2 0 0 0 0 1 0 0 0 0 0 0 0 0 0 0 0 1 0 0 0 0 1 0 0 0 0 0 0 0 2 0 2 0 2 2 0 0 1 0 2 0 1 0 0 0 1 0 0 
1
0 0 0 0 0 0 0 0 0 
0 0 0 2 0 0 1 0 0 0 1 0 0 0 0 0 0 0 2 1 2 0 0 0 1 0 0 0 0 0 2 1 2 0 0 0 0 1 0 0 2 0 0 0 0 0 0 0 0 1 0 0 0 0 1 0 0 0 0 0 0 0 2 0 2 0 2 2 0 0 1 0 2 0 1 0 0 0 1 0 0 
0 0 0 2 0 0 1 0 0 0 1 0 0 0 0 0 0 0 2 1 2 0 0 0 1 0 0 0 0 0 2 1 2 0 0 0 0 1 0 0 2 0 0 0 0 0 0 0 0 1 0 0 0 0 1 0 0 0 0 0 0 0 2 0 2 0 2 2 0 0 1 0 2 0 1 0 0 0 1 0 0 
1
0 0 0 0 0 0 0 0 0 
0 0 0 2 0 0 1 0 0 0 1 0 0 0 0 0 0 0 2 1 2 0 0 0 1 0 0 0 0 0 2 1 2 0 0 0 0 1 0 0 2 0 0 0 0 0 0 0 0 1 1 0 0 0 1 0 0 0 0 0 0 0 2 0 2 0 2 2 0 0 1 0 2 0 1 0 0 0 1 0 0 
0 0 0 2 0 0 1 0 0 0 1 0 0 0 0 0 0 0 2 1 2 0 0 0 1 0 0 0 0 0 2 1 2 0 0 0 0 1 0 0 2 0 0 0 0 0 0 0 0 1 1 0 0 0 1 0 0 0 0 0 0 0 2 0 2 0 2 2 0 0 1 0 2 0 1 0 0 0 1 0 0 
1
0 0 0 0 0 0 0 0 0 
0 0 0 2 0 0 1 0 0 0 1 0 0 0 0 0 0 0 2 1 2 0 0 0 1 0 0 0 0 0 2 1 2 0 0 0 0 1 0 0 2 0 0 0 0 0 0 0 0 1 1 0 0 0 1 0 0 0 0 0 2 0 2 0 2 0 2 2 0 0 1 0 2 0 1 0 0 0 1 0 0 
0 0 0 2 0 0 1 0 0 0 1 0 0 0 0 0 0 0 2 1 2 0 0 0 1 0 0 0 0 0 2 1 2 0 0 0 0 1 0 0 2 0 0 0 0 0 0 0 0 1 1 0 0 0 1 0 0 0 0 0 2 0 2 0 2 0 2 2 0 0 1 0 2 0 1 0 0 0 1 0 0 
1
1 0 0 0 0 0 0 0 0 
0 1 0 2 0 0 1 0 0 0 1 0 0 0 0 0 0 0 2 1 2 0 0 0 1 0 0 0 0 0 2 1 2 0 0 0 0 1 0 0 2 0 0 0 0 0 0 0 0 1 1 0 0 0 1 0 0 0 0 0 2 0 2 0 2 0 2 2 0 0 1 0 2 0 1 0 0 0 1 0 0 
16 17 16 2 0 0 1 0 0 16 17 16 0 0 0 0 0 0 18 17 18 0 0 0 1 0 0 0 0 0 2 1 2 0 0 0 0 1 0 0 2 0 0 0 0 0 0 0 0 1 1 0 0 0 1 0 0 0 0 0 2 0 2 0 2 0 2 2 0 0 1 0 2 0 1 0 0 0 1 0 0 
1
1 0 0 0 0 0 0 0 0 
0 1 0 2 2 0 1 0 0 0 1 0 0 0 0 0 0 0 2 1 2 0 0 0 1 0 0 0 0 0 2 1 2 0 0 0 0 1 0 0 2 0 0 0 0 0 0 0 0 1 1 0 0 0 1 0 0 0 0 0 2 0 2 0 2 0 2 2 0 0 1 0 2 0 1 0 0 0 1 0 0 
16 17 16 2 2 0 1 0 0 16 17 16 0 0 0 0 0 0 18 17 18 0 0 0 1 0 0 0 0 0 2 1 2 0 0 0 0 1 0 0 2 0 0 0 0 0 0 0 0 1 1 0 0 0 1 0 0 0 0 0 2 0 2 0 2 0 2 2 0 0 1 0 2 0 1 0 0 0 1 0 0 
1
1 0 0 0 0 0 0 0 0 
0 1 0 2 2 1 1 0 0 0 1 0 0 0 0 0 0 0 2 1 2 0 0 0 1 0 0 0 0 0 2 1 2 0 0 0 0 1 0 0 2 0 0 0 0 0 0 0 0 1 1 0 0 0 1 0 0 0 0 0 2 0 2 0 2 0 2 2 0 0 1 0 2 0 1 0 0 0 1 0 0 
16 17 16 2 2 1 1 0 0 16 17 16 0 0 0 0 0 0 18 17 18 0 0 0 1 0 0 0 0 0 2 1 2 0 0 0 0 1 0 0 2 0 0 0 0 0 0 0 0 1 1 0 0 0 1 0 0 0 0 0 2 0 2 0 2 0 2 2 0 0 1 0 2 0 1 0 0 0 1 0 0 
1
1 0 0 0 0 0 0 0 0 
0 1 0 2 2 1 1 0 0 0 1 0 0 0 0 2 0 0 2 1 2 0 0 0 1 0 0 0 0 0 2 1 2 0 0 0 0 1 0 0 2 0 0 0 0 0 0 0 0 1 1 0 0 0 1 0 0 0 0 0 2 0 2 0 2 0 2 2 0 0 1 0 2 0 1 0 0 0 1 0 0 
16 17 16 2 2 1 1 0 0 16 17 16 0 0 0 2 0 0 18 17 18 0 0 0 1 0 0 0 0 0 2 1 2 0 0 0 0 1 0 0 2 0 0 0 0 0 0 0 0 1 1 0 0 0 1 0 0 0 0 0 2 0 2 0 2 0 2 2 0 0 1 0 2 0 1 0 0 0 1 0 0 
1
1 0 0 0 0 0 0 0 0 
0 1 0 2 2 1 1 0 0 0 1 0 0 0 0 2 0 0 2 1 2 0 0 0 1 0 0 0 0 0 2 1 2 0 0 0 1 1 0 0 2 0 0 0 0 0 0 0 0 1 1 0 0 0 1 0 0 0 0 0 2 0 2 0 2 0 2 2 0 0 1 0 2 0 1 0 0 0 1 0 0 
16 17 16 2 2 1 1 0 0 16 17 16 0 0 0 2 0 0 18 17 18 0 0 0 1 0 0 0 0 0 2 1 2 0 0 0 1 1 0 0 2 0 0 0 0 0 0 0 0 1 1 0 0 0 1 0 0 0 0 0 2 0 2 0 2 0 2 2 0 0 1 0 2 0 1 0 0 0 1 0 0 
1
1 0 0 0 0 0 0 0 0 
0 1 0 2 2 1 1 0 0 0 1 0 0 0 0 2 0 0 2 1 2 0 0 0 1 0 0 0 0 0 2 1 2 0 0 0 1 1 2 0 2 0 0 0 0 0 0 0 0 1 1 0 0 0 1 0 0 0 0 0 2 0 2 0 2 0 2 2 0 0 1 0 2 0 1 0 0 0 1 0 0 
16 17 16 2 2 1 1 0 0 16 17 16 0 0 0 2 0 0 18 17 18 0 0 0 1 0 0 0 0 0 2 1 2 0 0 0 1 1 2 0 2 0 0 0 0 0 0 0 0 1 1 0 0 0 1 0 0 0 0 0 2 0 2 0 2 0 2 2 0 0 1 0 2 0 1 0 0 0 1 0 0 
1
1 0 0 0 0 0 0 0 0 
0 1 0 2 2 1 1 0 0 0 1 0 0 0 0 2 0 0 2 1 2 0 0 0 1 0 0 0 0 0 2 1 2 0 0 1 1 1 2 0 2 0 0 0 0 0 0 0 0 1 1 0 0 0 1 0 0 0 0 0 2 0 2 0 2 0 2 2 0 0 1 0 2 0 1 0 0 0 1 0 0 
16 17 16 2 2 1 1 0 0 16 17 16 0 0 0 2 0 0 18 17 18 0 0 0 1 0 0 0 0 0 2 1 2 0 0 1 1 1 2 0 2 0 0 0 0 0 0 0 0 1 1 0 0 0 1 0 0 0 0 0 2 0 2 0 2 0 2 2 0 0 1 0 2 0 1 0 0 0 1 0 0 
1
1 0 0 0 0 0 0 0 0 
0 1 0 2 2 1 1 0 0 0 1 0 0 0 0 2 2 0 2 1 2 0 0 0 1 0 0 0 0 0 2 1 2 0 0 1 1 1 2 0 2 0 0 0 0 0 0 0 0 1 1 0 0 0 1 0 0 0 0 0 2 0 2 0 2 0 2 2 0 0 1 0 2 0 1 0 0 0 1 0 0 
16 17 16 2 2 1 1 0 0 16 17 16 0 0 0 2 2 0 18 17 18 0 0 0 1 0 0 0 0 0 2 1 2 0 0 1 1 1 2 0 2 0 0 0 0 0 0 0 0 1 1 0 0 0 1 0 0 0 0 0 2 0 2 0 2 0 2 2 0 0 1 0 2 0 1 0 0 0 1 0 0 
1
1 0 0 0 0 0 0 0 0 
0 1 0 2 2 1 1 0 0 0 1 0 0 0 0 2 2 0 2 1 2 0 0 0 1 0 0 0 0 0 2 1 2 0 0 1 1 1 2 1 2 0 0 0 0 0 0 0 0 1 1 0 0 0 1 0 0 0 0 0 2 0 2 0 2 0 2 2 0 0 1 0 2 0 1 0 0 0 1 0 0 
16 17 16 2 2 1 1 0 0 16 17 16 0 0 0 2 2 0 18 17 18 0 0 0 1 0 0 0 0 0 2 1 2 0 0 1 1 1 2 1 2 0 0 0 0 0 0 0 0 1 1 0 0 0 1 0 0 0 0 0 2 0 2 0 2 0 2 2 0 0 1 0 2 0 1 0 0 0 1 0 0 
1
1 0 0 0 0 0 0 0 0 
0 1 0 2 2 1 1 0 0 0 1 0 0 0 0 2 2 0 2 1 2 0 0 0 1 0 0 0 0 2 2 1 2 0 0 1 1 1 2 1 2 0 0 0 0 0 0 0 0 1 1 0 0 0 1 0 0 0 0 0 2 0 2 0 2 0 2 2 0 0 1 0 2 0 1 0 0 0 1 0 0 
16 17 16 2 2 1 1 0 0 16 17 16 0 0 0 2 2 0 18 17 18 0 0 0 1 0 0 0 0 2 2 1 2 0 0 1 1 1 2 1 2 0 0 0 0 0 0 0 0 1 1 0 0 0 1 0 0 0 0 0 2 0 2 0 2 0 2 2 0 0 1 0 2 0 1 0 0 0 1 0 0 
1
1 0 0 0 0 0 0 0 0 
0 1 0 2 2 1 1 0 0 0 1 0 0 0 0 2 2 1 2 1 2 0 0 0 1 0 0 0 0 2 2 1 2 0 0 1 1 1 2 1 2 0 0 0 0 0 0 0 0 1 1 0 0 0 1 0 0 0 0 0 2 0 2 0 2 0 2 2 0 0 1 0 2 0 1 0 0 0 1 0 0 
16 17 16 2 2 1 1 0 0 16 17 16 0 0 0 2 2 1 18 17 18 0 0 0 1 0 0 0 0 2 2 1 2 0 0 1 1 1 2 1 2 0 0 0 0 0 0 0 0 1 1 0 0 0 1 0 0 0 0 0 2 0 2 0 2 0 2 2 0 0 1 0 2 0 1 0 0 0 1 0 0 
1
1 0 0 0 0 0 0 0 0 
0 1 0 2 2 1 1 0 0 0 1 0 0 0 0 2 2 1 2 1 2 0 0 0 1 0 0 0 0 2 2 1 2 0 0 1 1 1 2 1 2 0 0 0 0 0 0 0 0 1 1 2 0 0 1 0 0 0 0 0 2 0 2 0 2 0 2 2 0 0 1 0 2 0 1 0 0 0 1 0 0 
16 17 16 2 2 1 1 0 0 16 17 16 0 0 0 2 2 1 18 17 18 0 0 0 1 0 0 0 0 2 2 1 2 0 0 1 1 1 2 1 2 0 0 0 0 0 0 0 0 1 1 2 0 0 1 0 0 0 0 0 2 0 2 0 2 0 2 2 0 0 1 0 2 0 1 0 0 0 1 0 0 
1
1 0 0 0 0 0 0 0 0 
0 1 0 2 2 1 1 0 0 0 1 0 0 0 0 2 2 1 2 1 2 0 0 0 1 0 0 0 0 2 2 1 2 0 0 1 1 1 2 1 2 0 0 0 0 0 0 0 0 1 1 2 0 0 1 0 0 0 0 0 2 0 2 0 2 1 2 2 0 0 1 0 2 0 1 0 0 0 1 0 0 
16 17 16 2 2 1 1 0 0 16 17 16 0 0 0 2 2 1 18 17 18 0 0 0 1 0 0 0 0 2 2 1 2 0 0 1 1 1 2 1 2 0 0 0 0 0 0 0 0 1 1 2 0 0 1 0 0 0 0 0 2 0 2 0 2 1 2 2 0 0 1 0 2 0 1 0 0 0 1 0 0 
1
1 0 0 0 0 0 0 0 0 
0 1 0 2 2 1 1 0 0 0 1 0 0 0 0 2 2 1 2 1 2 0 0 0 1 0 0 0 0 2 2 1 2 0 0 1 1 1 2 1 2 0 0 0 0 0 0 0 0 1 1 2 0 2 1 0 0 0 0 0 2 0 2 0 2 1 2 2 0 0 1 0 2 0 1 0 0 0 1 0 0 
16 17 16 2 2 1 1 0 0 16 17 16 0 0 0 2 2 1 18 17 18 0 0 0 1 0 0 0 0 2 2 1 2 0 0 1 1 1 2 1 2 0 0 0 0 0 0 0 0 1 1 2 0 2 1 0 0 0 0 0 2 0 2 0 2 1 2 2 0 0 1 0 2 0 1 0 0 0 1 0 0 
1
1 0 0 0 0 0 0 0 0 
0 1 0 2 2 1 1 0 0 0 1 0 0 0 0 2 2 1 2 1 2 0 0 0 1 0 0 0 0 2 2 1 2 0 0 1 1 1 2 1 2 0 0 0 0 0 0 0 0 1 1 2 0 2 1 0 0 0 0 0 2 1 2 0 2 1 2 2 0 0 1 0 2 0 1 0 0 0 1 0 0 
16 17 16 2 2 1 1 0 0 16 17 16 0 0 0 2 2 1 18 17 18 0 0 0 1 0 0 0 0 2 2 1 2 0 0 1 1 1 2 1 2 0 0 0 0 0 0 0 0 1 1 2 0 2 1 0 0 0 0 0 2 1 2 0 2 1 2 2 0 0 1 0 2 0 1 0 0 0 1 0 0 
1
1 0 0 0 0 0 0 0 0 
0 1 0 2 2 1 1 0 0 0 1 0 2 0 0 2 2 1 2 1 2 0 0 0 1 0 0 0 0 2 2 1 2 0 0 1 1 1 2 1 2 0 0 0 0 0 0 0 0 1 1 2 0 2 1 0 0 0 0 0 2 1 2 0 2 1 2 2 0 0 1 0 2 0 1 0 0 0 1 0 0 
16 17 16 2 2 1 1 0 0 16 17 16 2 0 0 2 2 1 18 17 18 0 0 0 1 0 0 0 0 2 2 1 2 0 0 1 1 1 2 1 2 0 0 0 0 0 0 0 0 1 1 2 0 2 1 0 0 0 0 0 2 1 2 0 2 1 2 2 0 0 1 0 2 0 1 0 0 0 1 0 0 
1
1 0 0 0 0 0 0 0 0 
0 1 0 2 2 1 1 0 0 0 1 0 2 0 0 2 2 1 2 1 2 0 0 0 1 0 0 0 0 2 2 1 2 0 0 1 1 1 2 1 2 0 0 0 0 0 0 1 0 1 1 2 0 2 1 0 0 0 0 0 2 1 2 0 2 1 2 2 0 0 1 0 2 0 1 0 0 0 1 0 0 
16 17 16 2 2 1 1 0 0 16 17 16 2 0 0 2 2 1 18 17 18 0 0 0 1 0 0 0 0 2 2 1 2 0 0 1 1 1 2 1 2 0 0 0 0 0 0 1 0 1 1 2 0 2 1 0 0 0 0 0 2 1 2 0 2 1 2 2 0 0 1 0 2 0 1 0 0 0 1 0 0 
1
1 0 0 0 0 0 0 0 0 
0 1 0 2 2 1 1 0 0 0 1 0 2 0 0 2 2 1 2 1 2 0 0 0 1 0 0 0 0 2 2 1 2 0 0 1 1 1 2 1 2 0 0 0 0 0 0 1 0 1 1 2 0 2 1 0 0 0 0 0 2 1 2 0 2 1 2 2 0 0 1 0 2 0 1 0 0 0 1 2 0 
16 17 16 2 2 1 1 0 0 16 17 16 2 0 0 2 2 1 18 17 18 0 0 0 1 0 0 0 0 2 2 1 2 0 0 1 1 1 2 1 2 0 0 0 0 0 0 1 0 1 1 2 0 2 1 0 0 0 0 0 2 1 2 0 2 1 2 2 0 0 1 0 2 0 1 0 0 0 1 2 0 
1
1 0 0 0 0 0 0 0 0 
0 1 0 2 2 1 1 0 0 0 1 0 2 0 0 2 2 1 2 1 2 0 0 0 1 0 0 0 0 2 2 1 2 0 0 1 1 1 2 1 2 0 0 0 0 0 0 1 0 1 1 2 0 2 1 0 0 0 0 0 2 1 2 0 2 1 2 2 0 0 1 0 2 0 1 0 0 1 1 2 0 
16 17 16 2 2 1 1 0 0 16 17 16 2 0 0 2 2 1 18 17 18 0 0 0 1 0 0 0 0 2 2 1 2 0 0 1 1 1 2 1 2 0 0 0 0 0 0 1 0 1 1 2 0 2 1 0 0 0 0 0 2 1 2 0 2 1 2 2 0 0 1 0 2 0 1 0 0 1 1 2 0 
1
1 0 0 0 0 0 0 0 0 
0 1 0 2 2 1 1 0 0 0 1 0 2 0 0 2 2 1 2 1 2 0 0 0 1 0 0 0 0 2 2 1 2 0 0 1 1 1 2 1 2 0 0 0 0 0 0 1 0 1 1 2 0 2 1 0 0 0 0 0 2 1 2 0 2 1 2 2 0 0 1 0 2 0 1 0 0 1 1 2 2 
16 17 16 2 2 1 1 0 0 16 17 16 2 0 0 2 2 1 18 17 18 0 0 0 1 0 0 0 0 2 2 1 2 0 0 1 1 1 2 1 2 0 0 0 0 0 0 1 0 1 1 2 0 2 1 0 0 0 0 0 2 1 2 0 2 1 2 2 0 0 1 0 2 0 1 0 0 1 1 2 2 
1
1 0 0 0 0 0 0 0 0 
0 1 0 2 2 1 1 0 0 0 1 0 2 0 0 2 2 1 2 1 2 0 0 0 1 0 0 0 0 2 2 1 2 0 0 1 1 1 2 1 2 0 0 0 0 0 0 1 0 1 1 2 0 2 1 0 0 0 0 0 2 1 2 0 2 1 2 2 0 0 1 1 2 0 1 0 0 1 1 2 2 
16 17 16 2 2 1 1 0 0 16 17 16 2 0 0 2 2 1 18 17 18 0 0 0 1 0 0 0 0 2 2 1 2 0 0 1 1 1 2 1 2 0 0 0 0 0 0 1 0 1 1 2 0 2 1 0 0 0 0 0 2 1 2 0 2 1 2 2 0 0 1 1 2 0 1 0 0 1 1 2 2 
1
1 0 0 0 0 2 0 0 0 
0 1 0 2 2 1 1 0 0 0 1 0 2 0 0 2 2 1 2 1 2 0 0 0 1 0 0 0 0 2 2 1 2 0 0 1 1 1 2 1 2 0 0 0 0 0 0 1 0 1 1 2 2 2 1 0 0 0 0 0 2 1 2 0 2 1 2 2 0 0 1 1 2 0 1 0 0 1 1 2 2 
16 17 16 2 2 1 1 0 0 16 17 16 2 0 0 2 2 1 18 17 18 0 0 0 1 0 0 0 0 2 2 1 2 32 32 33 1 1 2 1 2 0 32 32 32 0 0 1 0 1 1 34 34 34 1 0 0 0 0 0 2 1 2 0 2 1 2 2 0 0 1 1 2 0 1 0 0 1 1 2 2 
1
1 0 0 0 0 2 0 0 0 
0 1 0 2 2 1 1 0 0 0 1 0 2 0 0 2 2 1 2 1 2 0 0 0 1 0 0 0 0 2 2 1 2 0 0 1 1 1 2 1 2 0 0 0 0 0 0 1 0 1 1 2 2 2 1 0 0 0 0 0 2 1 2 0 2 1 2 2 1 0 1 1 2 0 1 0 0 1 1 2 2 
16 17 16 2 2 1 1 0 0 16 17 16 2 0 0 2 2 1 18 17 18 0 0 0 1 0 0 0 0 2 2 1 2 32 32 33 1 1 2 1 2 0 32 32 32 0 0 1 0 1 1 34 34 34 1 0 0 0 0 0 2 1 2 0 2 1 2 2 1 0 1 1 2 0 1 0 0 1 1 2 2 
1
1 2 0 0 0 2 0 0 0 
0 1 0 2 2 1 1 0 0 0 1 0 2 0 0 2 2 1 2 1 2 2 0 0 1 0 0 0 0 2 2 1 2 0 0 1 1 1 2 1 2 0 0 0 0 0 0 1 0 1 1 2 2 2 1 0 0 0 0 0 2 1 2 0 2 1 2 2 1 0 1 1 2 0 1 0 0 1 1 2 2 
16 17 16 34 34 33 1 0 0 16 17 16 34 32 32 2 2 1 18 17 18 34 32 32 1 0 0 0 0 2 2 1 2 32 32 33 1 1 2 1 2 0 32 32 32 0 0 1 0 1 1 34 34 34 1 0 0 0 0 0 2 1 2 0 2 1 2 2 1 0 1 1 2 0 1 0 0 1 1 2 2 
1
1 2 0 0 0 2 1 0 0 
0 1 0 2 2 1 1 0 0 0 1 0 2 0 0 2 2 1 2 1 2 2 0 0 1 0 0 0 0 2 2 1 2 0 0 1 1 1 2 1 2 0 0 0 0 0 0 1 0 1 1 2 2 2 1 0 1 0 0 0 2 1 2 0 2 1 2 2 1 0 1 1 2 0 1 0 0 1 1 2 2 
16 17 16 34 34 33 1 0 0 16 17 16 34 32 32 2 2 1 18 17 18 34 32 32 1 0 0 0 0 2 2 1 2 32 32 33 1 1 2 1 2 0 32 32 32 0 0 1 0 1 1 34 34 34 17 16 17 0 0 0 2 1 2 16 18 17 2 2 1 0 1 1 18 16 17 0 0 1 1 2 2 
1
1 2 0 0 0 2 1 0 0 
0 1 0 2 2 1 1 2 0 0 1 0 2 0 0 2 2 1 2 1 2 2 0 0 1 0 0 0 0 2 2 1 2 0 0 1 1 1 2 1 2 0 0 0 0 0 0 1 0 1 1 2 2 2 1 0 1 0 0 0 2 1 2 0 2 1 2 2 1 0 1 1 2 0 1 0 0 1 1 2 2 
16 17 16 34 34 33 1 2 0 16 17 16 34 32 32 2 2 1 18 17 18 34 32 32 1 0 0 0 0 2 2 1 2 32 32 33 1 1 2 1 2 0 32 32 32 0 0 1 0 1 1 34 34 34 17 16 17 0 0 0 2 1 2 16 18 17 2 2 1 0 1 1 18 16 17 0 0 1 1 2 2 
1
1 2 0 0 0 2 1 0 1 
0 1 0 2 2 1 1 2 0 0 1 0 2 0 0 2 2 1 2 1 2 2 0 0 1 0 0 0 0 2 2 1 2 0 0 1 1 1 2 1 2 0 0 0 0 0 0 1 0 1 1 2 2 2 1 0 1 0 0 0 2 1 2 0 2 1 2 2 1 1 1 1 2 0 1 0 0 1 1 2 2 
16 17 16 34 34 33 1 2 0 16 17 16 34 32 32 2 2 1 18 17 18 34 32 32 1 0 0 0 0 2 2 1 2 32 32 33 1 1 2 1 2 0 32 32 32 0 0 1 0 1 1 34 34 34 17 16 17 0 0 0 18 17 18 16 18 17 2 2 1 17 17 17 18 16 17 0 0 1 17 18 18 
1
1 2 0 0 0 2 1 0 1 
0 1 0 2 2 1 1 2 0 0 1 0 2 0 0 2 2 1 2 1 2 2 0 0 1 0 0 2 0 2 2 1 2 0 0 1 1 1 2 1 2 0 0 0 0 0 0 1 0 1 1 2 2 2 1 0 1 0 0 0 2 1 2 0 2 1 2 2 1 1 1 1 2 0 1 0 0 1 1 2 2 
16 17 16 34 34 33 1 2 0 16 17 16 34 32 32 2 2 1 18 17 18 34 32 32 1 0 0 2 0 2 2 1 2 32 32 33 1 1 2 1 2 0 32 32 32 0 0 1 0 1 1 34 34 34 17 16 17 0 0 0 18 17 18 16 18 17 2 2 1 17 17 17 18 16 17 0 0 1 17 18 18 
1
1 2 0 0 0 2 1 1 1 
0 1 0 2 2 1 1 2 0 0 1 0 2 0 0 2 2 1 2 1 2 2 0 0 1 0 0 2 0 2 2 1 2 0 0 1 1 1 2 1 2 0 0 0 0 0 0 1 0 1 1 2 2 2 1 0 1 0 0 1 2 1 2 0 2 1 2 2 1 1 1 1 2 0 1 0 0 1 1 2 2 
16 17 16 34 34 33 1 2 0 16 17 16 34 32 32 2 2 1 18 17 18 34 32 32 1 0 0 2 0 2 2 1 2 32 32 33 1 1 2 1 2 0 32 32 32 0 0 1 0 1 1 34 34 34 17 16 17 16 16 17 18 17 18 16 18 17 18 18 17 17 17 17 18 16 17 16 16 17 17 18 18 
1
1 2 0 0 0 2 1 1 1 
0 1 0 2 2 1 1 2 0 0 1 0 2 0 0 2 2 1 2 1 2 2 0 0 1 0 0 2 0 2 2 1 2 0 0 1 1 1 2 1 2 0 0 0 0 0 0 1 0 1 1 2 2 2 1 0 1 0 0 1 2 1 2 0 2 1 2 2 1 1 1 1 2 0 1 0 0 1 1 2 2 
16 17 16 34 34 33 1 2 0 16 17 16 34 32 32 2 2 1 18 17 18 34 32 32 1 0 0 2 0 2 2 1 2 32 32 33 1 1 2 1 2 0 32 32 32 0 0 1 0 1 1 34 34 34 17 16 17 16 16 17 18 17 18 16 18 17 18 18 17 17 17 17 18 16 17 16 16 17 17 18 18 
1
