0 0 0 0 0 0 0 0 0 
0 0 0 0 0 0 0 0 0 0 0 0 0 0 0 0 0 0 0 0 0 0 0 0 0 0 0 0 0 0 0 0 0 0 0 0 0 0 1 0 0 0 0 0 0 0 0 0 0 0 0 0 0 0 0 0 0 0 0 0 0 0 0 0 0 0 0 0 0 0 0 0 0 0 0 0 0 0 0 0 0 
0 0 0 0 0 0 0 0 0 0 0 0 0 0 0 0 0 0 0 0 0 0 0 0 0 0 0 0 0 0 0 0 0 0 0 0 0 0 1 0 0 0 0 0 0 0 0 0 0 0 0 0 0 0 0 0 0 0 0 0 0 0 0 0 0 0 0 0 0 0 0 0 0 0 0 0 0 0 0 0 0 
0
0 0 0 0 0 0 0 0 0 
0 0 0 0 0 0 0 0 0 0 0 0 0 0 0 0 0 0 0 0 0 0 0 0 0 0 0 0 0 0 0 0 0 0 0 0 0 0 1 0 0 0 0 0 2 0 0 0 0 0 0 0 0 0 0 0 0 0 0 0 0 0 0 0 0 0 0 0 0 0 0 0 0 0 0 0 0 0 0 0 0 
0 0 0 0 0 0 0 0 0 0 0 0 0 0 0 0 0 0 0 0 0 0 0 0 0 0 0 0 0 0 0 0 0 0 0 0 0 0 1 0 0 0 0 0 2 0 0 0 0 0 0 0 0 0 0 0 0 0 0 0 0 0 0 0 0 0 0 0 0 0 0 0 0 0 0 0 0 0 0 0 0 
0
0 0 0 0 0 0 0 0 0 
0 0 0 0 0 0 0 0 0 0 0 0 0 0 0 0 0 0 0 0 0 0 0 0 0 0 0 0 0 0 0 0 0 1 0 0 0 0 1 0 0 0 0 0 2 0 0 0 0 0 0 0 0 0 0 0 0 0 0 0 0 0 0 0 0 0 0 0 0 0 0 0 0 0 0 0 0 0 0 0 0 
0 0 0 0 0 0 0 0 0 0 0 0 0 0 0 0 0 0 0 0 0 0 0 0 0 0 0 0 0 0 0 0 0 1 0 0 0 0 1 0 0 0 0 0 2 0 0 0 0 0 0 0 0 0 0 0 0 0 0 0 0 0 0 0 0 0 0 0 0 0 0 0 0 0 0 0 0 0 0 0 0 
0
0 0 0 0 0 0 0 0 0 
0 0 2 0 0 0 0 0 0 0 0 0 0 0 0 0 0 0 0 0 0 0 0 0 0 0 0 0 0 0 0 0 0 1 0 0 0 0 1 0 0 0 0 0 2 0 0 0 0 0 0 0 0 0 0 0 0 0 0 0 0 0 0 0 0 0 0 0 0 0 0 0 0 0 0 0 0 0 0 0 0 
0 0 2 0 0 0 0 0 0 0 0 0 0 0 0 0 0 0 0 0 0 0 0 0 0 0 0 0 0 0 0 0 0 1 0 0 0 0 1 0 0 0 0 0 2 0 0 0 0 0 0 0 0 0 0 0 0 0 0 0 0 0 0 0 0 0 0 0 0 0 0 0 0 0 0 0 0 0 0 0 0 
0
0 0 0 0 0 0 0 0 0 
0 0 2 0 0 0 0 0 0 0 0 0 0 0 0 0 0 0 0 0 0 0 0 0 0 1 0 0 0 0 0 0 0 1 0 0 0 0 1 0 0 0 0 0 2 0 0 0 0 0 0 0 0 0 0 0 0 0 0 0 0 0 0 0 0 0 0 0 0 0 0 0 0 0 0 0 0 0 0 0 0 
0 0 2 0 0 0 0 0 0 0 0 0 0 0 0 0 0 0 0 0 0 0 0 0 0 1 0 0 0 0 0 0 0 1 0 0 0 0 1 0 0 0 0 0 2 0 0 0 0 0 0 0 0 0 0 0 0 0 0 0 0 0 0 0 0 0 0 0 0 0 0 0 0 0 0 0 0 0 0 0 0 
0
0 0 0 0 0 0 0 0 0 
0 0 2 0 0 0 0 0 0 0 0 0 0 0 0 0 0 0 0 0 0 0 0 0 0 1 0 0 0 0 0 0 0 1 0 0 0 0 1 0 0 0 0 0 2 0 0 0 0 0 0 0 0 0 0 0 0 0 2 0 0 0 0 0 0 0 0 0 0 0 0 0 0 0 0 0 0 0 0 0 0 
0 0 2 0 0 0 0 0 0 0 0 0 0 0 0 0 0 0 0 0 0 0 0 0 0 1 0 0 0 0 0 0 0 1 0 0 0 0 1 0 0 0 0 0 2 0 0 0 0 0 0 0 0 0 0 0 0 0 2 0 0 0 0 0 0 0 0 0 0 0 0 0 0 0 0 0 0 0 0 0 0 
0
0 0 0 0 0 0 0 0 0 
0 0 2 0 0 0 0 0 0 0 0 0 0 0 0 0 0 0 0 0 0 1 0 0 0 1 0 0 0 0 0 0 0 1 0 0 0 0 1 0 0 0 0 0 2 0 0 0 0 0 0 0 0 0 0 0 0 0 2 0 0 0 0 0 0 0 0 0 0 0 0 0 0 0 0 0 0 0 0 0 0 
0 0 2 0 0 0 0 0 0 0 0 0 0 0 0 0 0 0 0 0 0 1 0 0 0 1 0 0 0 0 0 0 0 1 0 0 0 0 1 0 0 0 0 0 2 0 0 0 0 0 0 0 0 0 0 0 0 0 2 0 0 0 0 0 0 0 0 0 0 0 0 0 0 0 0 0 0 0 0 0 0 
0
0 0 0 0 0 0 0 0 0 
0 0 2 0 0 0 0 0 0 0 0 0 0 0 0 0 0 0 0 0 0 1 0 0 0 1 0 0 0 0 0 0 0 1 0 0 0 0 1 0 0 0 0 0 2 0 0 0 0 0 0 0 0 0 0 0 2 0 2 0 0 0 0 0 0 0 0 0 0 0 0 0 0 0 0 0 0 0 0 0 0 
0 0 2 0 0 0 0 0 0 0 0 0 0 0 0 0 0 0 0 0 0 1 0 0 0 1 0 0 0 0 0 0 0 1 0 0 0 0 1 0 0 0 0 0 2 0 0 0 0 0 0 0 0 0 0 0 2 0 2 0 0 0 0 0 0 0 0 0 0 0 0 0 0 0 0 0 0 0 0 0 0 
0
0 0 0 0 0 0 0 0 0 
0 0 2 0 0 0 0 0 0 0 0 0 0 0 0 0 0 0 0 0 0 1 0 0 1 1 0 0 0 0 0 0 0 1 0 0 0 0 1 0 0 0 0 0 2 0 0 0 0 0 0 0 0 0 0 0 2 0 2 0 0 0 0 0 0 0 0 0 0 0 0 0 0 0 0 0 0 0 0 0 0 
0 0 2 0 0 0 0 0 0 0 0 0 0 0 0 0 0 0 0 0 0 1 0 0 1 1 0 0 0 0 0 0 0 1 0 0 0 0 1 0 0 0 0 0 2 0 0 0 0 0 0 0 0 0 0 0 2 0 2 0 0 0 0 0 0 0 0 0 0 0 0 0 0 0 0 0 0 0 0 0 0 
0
0 0 0 0 0 0 0 0 0 
0 0 2 0 0 0 0 0 0 0 0 0 0 0 0 0 0 0 0 0 0 1 0 0 1 1 0 0 0 0 0 0 0 1 0 0 0 0 1 0 0 0 0 0 2 0 0 0 0 0 0 0 0 0 0 2 2 0 2 0 0 0 0 0 0 0 0 0 0 0 0 0 0 0 0 0 0 0 0 0 0 
0 0 2 0 0 0 0 0 0 0 0 0 0 0 0 0 0 0 0 0 0 1 0 0 1 1 0 0 0 0 0 0 0 1 0 0 0 0 1 0 0 0 0 0 2 0 0 0 0 0 0 0 0 0 0 2 2 0 2 0 0 0 0 0 0 0 0 0 0 0 0 0 0 0 0 0 0 0 0 0 0 
0
0 0 0 0 0 0 0 0 0 
0 0 2 0 0 0 0 0 0 0 0 0 0 1 0 0 0 0 0 0 0 1 0 0 1 1 0 0 0 0 0 0 0 1 0 0 0 0 1 0 0 0 0 0 2 0 0 0 0 0 0 0 0 0 0 2 2 0 2 0 0 0 0 0 0 0 0 0 0 0 0 0 0 0 0 0 0 0 0 0 0 
0 0 2 0 0 0 0 0 0 0 0 0 0 1 0 0 0 0 0 0 0 1 0 0 1 1 0 0 0 0 0 0 0 1 0 0 0 0 1 0 0 0 0 0 2 0 0 0 0 0 0 0 0 0 0 2 2 0 2 0 0 0 0 0 0 0 0 0 0 0 0 0 0 0 0 0 0 0 0 0 0 
0
0 0 0 0 0 0 0 0 0 
0 0 2 0 0 0 0 0 0 0 0 0 0 1 0 0 0 0 0 0 0 1 0 0 1 1 0 0 0 0 0 0 0 1 0 0 0 0 1 2 0 0 0 0 2 0 0 0 0 0 0 0 0 0 0 2 2 0 2 0 0 0 0 0 0 0 0 0 0 0 0 0 0 0 0 0 0 0 0 0 0 
0 0 2 0 0 0 0 0 0 0 0 0 0 1 0 0 0 0 0 0 0 1 0 0 1 1 0 0 0 0 0 0 0 1 0 0 0 0 1 2 0 0 0 0 2 0 0 0 0 0 0 0 0 0 0 2 2 0 2 0 0 0 0 0 0 0 0 0 0 0 0 0 0 0 0 0 0 0 0 0 0 
0
0 0 0 0 0 0 0 0 0 
0 0 2 0 0 0 0 0 0 0 0 0 0 1 0 0 0 0 0 0 0 1 0 0 1 1 0 0 0 0 0 0 0 1 0 0 0 1 1 2 0 0 0 0 2 0 0 0 0 0 0 0 0 0 0 2 2 0 2 0 0 0 0 0 0 0 0 0 0 0 0 0 0 0 0 0 0 0 0 0 0 
0 0 2 0 0 0 0 0 0 0 0 0 0 1 0 0 0 0 0 0 0 1 0 0 1 1 0 0 0 0 0 0 0 1 0 0 0 1 1 2 0 0 0 0 2 0 0 0 0 0 0 0 0 0 0 2 2 0 2 0 0 0 0 0 0 0 0 0 0 0 0 0 0 0 0 0 0 0 0 0 0 
0
0 0 0 0 0 0 0 0 0 
0 0 2 0 0 0 0 0 0 0 0 0 0 1 0 0 0 0 0 0 0 1 0 0 1 1 0 0 0 0 0 0 0 1 0 0 0 1 1 2 0 0 0 0 2 0 0 0 0 0 2 0 0 0 0 2 2 0 2 0 0 0 0 0 0 0 0 0 0 0 0 0 0 0 0 0 0 0 0 0 0 
0 0 2 0 0 0 0 0 0 0 0 0 0 1 0 0 0 0 0 0 0 1 0 0 1 1 0 0 0 0 0 0 0 1 0 0 0 1 1 2 0 0 0 0 2 0 0 0 0 0 2 0 0 0 0 2 2 0 2 0 0 0 0 0 0 0 0 0 0 0 0 0 0 0 0 0 0 0 0 0 0 
0
0 0 0 0 0 0 0 0 0 
0 0 2 0 0 0 0 0 0 0 0 0 0 1 0 0 0 0 0 0 0 1 0 0 1 1 0 0 0 0 0 0 0 1 0 0 0 1 1 2 0 0 0 0 2 0 0 0 0 0 2 0 0 0 0 2 2 0 2 0 0 1 0 0 0 0 0 0 0 0 0 0 0 0 0 0 0 0 0 0 0 
0 0 2 0 0 0 0 0 0 0 0 0 0 1 0 0 0 0 0 0 0 1 0 0 1 1 0 0 0 0 0 0 0 1 0 0 0 1 1 2 0 0 0 0 2 0 0 0 0 0 2 0 0 0 0 2 2 0 2 0 0 1 0 0 0 0 0 0 0 0 0 0 0 0 0 0 0 0 0 0 0 
0
0 0 0 0 0 0 0 0 0 
0 0 2 0 0 0 0 0 0 0 0 0 2 1 0 0 0 0 0 0 0 1 0 0 1 1 0 0 0 0 0 0 0 1 0 0 0 1 1 2 0 0 0 0 2 0 0 0 0 0 2 0 0 0 0 2 2 0 2 0 0 1 0 0 0 0 0 0 0 0 0 0 0 0 0 0 0 0 0 0 0 
0 0 2 0 0 0 0 0 0 0 0 0 2 1 0 0 0 0 0 0 0 1 0 0 1 1 0 0 0 0 0 0 0 1 0 0 0 1 1 2 0 0 0 0 2 0 0 0 0 0 2 0 0 0 0 2 2 0 2 0 0 1 0 0 0 0 0 0 0 0 0 0 0 0 0 0 0 0 0 0 0 
0
0 0 0 0 0 0 0 0 0 
0 0 2 0 0 0 0 0 0 0 0 0 2 1 0 0 0 0 0 0 0 1 0 0 1 1 0 0 0 0 0 0 0 1 0 0 0 1 1 2 0 0 0 0 2 0 0 1 0 0 2 0 0 0 0 2 2 0 2 0 0 1 0 0 0 0 0 0 0 0 0 0 0 0 0 0 0 0 0 0 0 
0 0 2 0 0 0 0 0 0 0 0 0 2 1 0 0 0 0 0 0 0 1 0 0 1 1 0 0 0 0 0 0 0 1 0 0 0 1 1 2 0 0 0 0 2 0 0 1 0 0 2 0 0 0 0 2 2 0 2 0 0 1 0 0 0 0 0 0 0 0 0 0 0 0 0 0 0 0 0 0 0 
0
0 0 0 0 0 0 0 0 0 
0 0 2 0 0 0 0 0 0 0 0 0 2 1 0 0 0 0 0 0 0 1 0 0 1 1 0 0 0 0 0 0 0 1 0 0 0 1 1 2 0 0 0 0 2 0 0 1 0 0 2 0 0 0 0 2 2 0 2 0 0 1 0 0 0 0 0 0 0 2 0 0 0 0 0 0 0 0 0 0 0 
0 0 2 0 0 0 0 0 0 0 0 0 2 1 0 0 0 0 0 0 0 1 0 0 1 1 0 0 0 0 0 0 0 1 0 0 0 1 1 2 0 0 0 0 2 0 0 1 0 0 2 0 0 0 0 2 2 0 2 0 0 1 0 0 0 0 0 0 0 2 0 0 0 0 0 0 0 0 0 0 0 
0
0 0 0 1 0 0 0 0 0 
0 0 2 0 0 0 0 0 0 0 0 0 2 1 0 0 0 0 0 0 0 1 0 0 1 1 0 0 0 1 0 0 0 1 0 0 0 1 1 2 0 0 0 0 2 0 0 1 0 0 2 0 0 0 0 2 2 0 2 0 0 1 0 0 0 0 0 0 0 2 0 0 0 0 0 0 0 0 0 0 0 
0 0 2 0 0 0 0 0 0 0 0 0 2 1 0 0 0 0 0 0 0 1 0 0 1 1 0 16 16 17 0 0 0 1 0 0 16 17 17 2 0 0 0 0 2 16 16 17 0 0 2 0 0 0 0 2 2 0 2 0 0 1 0 0 0 0 0 0 0 2 0 0 0 0 0 0 0 0 0 0 0 
0
0 0 0 1 0 0 0 0 0 
0 0 2 0 0 0 0 0 0 0 0 0 2 1 0 0 2 0 0 0 0 1 0 0 1 1 0 0 0 1 0 0 0 1 0 0 0 1 1 2 0 0 0 0 2 0 0 1 0 0 2 0 0 0 0 2 2 0 2 0 0 1 0 0 0 0 0 0 0 2 0 0 0 0 0 0 0 0 0 0 0 
0 0 2 0 0 0 0 0 0 0 0 0 2 1 0 0 2 0 0 0 0 1 0 0 1 1 0 16 16 17 0 0 0 1 0 0 16 17 17 2 0 0 0 0 2 16 16 17 0 0 2 0 0 0 0 2 2 0 2 0 0 1 0 0 0 0 0 0 0 2 0 0 0 0 0 0 0 0 0 0 0 
0
0 0 0 1 0 0 0 0 0 
0 0 2 0 0 0 0 0 0 0 0 0 2 1 0 0 2 0 0 0 0 1 0 0 1 1 0 0 0 1 0 1 0 1 0 0 0 1 1 2 0 0 0 0 2 0 0 1 0 0 2 0 0 0 0 2 2 0 2 0 0 1 0 0 0 0 0 0 0 2 0 0 0 0 0 0 0 0 0 0 0 
0 0 2 0 0 0 0 0 0 0 0 0 2 1 0 0 2 0 0 0 0 1 0 0 1 1 0 16 16 17 0 1 0 1 0 0 16 17 17 2 0 0 0 0 2 16 16 17 0 0 2 0 0 0 0 2 2 0 2 0 0 1 0 0 0 0 0 0 0 2 0 0 0 0 0 0 0 0 0 0 0 
0
0 0 0 1 0 0 0 0 0 
0 0 2 0 2 0 0 0 0 0 0 0 2 1 0 0 2 0 0 0 0 1 0 0 1 1 0 0 0 1 0 1 0 1 0 0 0 1 1 2 0 0 0 0 2 0 0 1 0 0 2 0 0 0 0 2 2 0 2 0 0 1 0 0 0 0 0 0 0 2 0 0 0 0 0 0 0 0 0 0 0 
0 0 2 0 2 0 0 0 0 0 0 0 2 1 0 0 2 0 0 0 0 1 0 0 1 1 0 16 16 17 0 1 0 1 0 0 16 17 17 2 0 0 0 0 2 16 16 17 0 0 2 0 0 0 0 2 2 0 2 0 0 1 0 0 0 0 0 0 0 2 0 0 0 0 0 0 0 0 0 0 0 
0
0 0 0 1 0 0 0 0 0 
0 0 2 0 2 0 0 0 0 0 0 0 2 1 1 0 2 0 0 0 0 1 0 0 1 1 0 0 0 1 0 1 0 1 0 0 0 1 1 2 0 0 0 0 2 0 0 1 0 0 2 0 0 0 0 2 2 0 2 0 0 1 0 0 0 0 0 0 0 2 0 0 0 0 0 0 0 0 0 0 0 
0 0 2 0 2 0 0 0 0 0 0 0 2 1 1 0 2 0 0 0 0 1 0 0 1 1 0 16 16 17 0 1 0 1 0 0 16 17 17 2 0 0 0 0 2 16 16 17 0 0 2 0 0 0 0 2 2 0 2 0 0 1 0 0 0 0 0 0 0 2 0 0 0 0 0 0 0 0 0 0 0 
0
0 0 0 1 0 0 0 0 0 
0 0 2 0 2 0 0 0 0 0 0 0 2 1 1 0 2 0 0 0 0 1 0 0 1 1 0 0 0 1 0 1 0 1 0 0 0 1 1 2 0 0 0 0 2 0 0 1 0 0 2 0 2 0 0 2 2 0 2 0 0 1 0 0 0 0 0 0 0 2 0 0 0 0 0 0 0 0 0 0 0 
0 0 2 0 2 0 0 0 0 0 0 0 2 1 1 0 2 0 0 0 0 1 0 0 1 1 0 16 16 17 0 1 0 1 0 0 16 17 17 2 0 0 0 0 2 16 16 17 0 0 2 0 2 0 0 2 2 0 2 0 0 1 0 0 0 0 0 0 0 2 0 0 0 0 0 0 0 0 0 0 0 
0
0 0 0 1 0 0 0 0 0 
0 0 2 0 2 0 0 0 0 0 0 0 2 1 1 0 2 0 0 0 0 1 0 0 1 1 0 0 0 1 0 1 0 1 0 0 0 1 1 2 0 0 0 0 2 0 0 1 0 0 2 0 2 0 0 2 2 1 2 0 0 1 0 0 0 0 0 0 0 2 0 0 0 0 0 0 0 0 0 0 0 
0 0 2 0 2 0 0 0 0 0 0 0 2 1 1 0 2 0 0 0 0 1 0 0 1 1 0 16 16 17 0 1 0 1 0 0 16 17 17 2 0 0 0 0 2 16 16 17 0 0 2 0 2 0 0 2 2 1 2 0 0 1 0 0 0 0 0 0 0 2 0 0 0 0 0 0 0 0 0 0 0 
0
0 0 0 1 0 0 0 0 0 
0 0 2 0 2 0 0 0 0 0 0 0 2 1 1 0 2 0 2 0 0 1 0 0 1 1 0 0 0 1 0 1 0 1 0 0 0 1 1 2 0 0 0 0 2 0 0 1 0 0 2 0 2 0 0 2 2 1 2 0 0 1 0 0 0 0 0 0 0 2 0 0 0 0 0 0 0 0 0 0 0 
0 0 2 0 2 0 0 0 0 0 0 0 2 1 1 0 2 0 2 0 0 1 0 0 1 1 0 16 16 17 0 1 0 1 0 0 16 17 17 2 0 0 0 0 2 16 16 17 0 0 2 0 2 0 0 2 2 1 2 0 0 1 0 0 0 0 0 0 0 2 0 0 0 0 0 0 0 0 0 0 0 
0
0 0 0 1 0 0 0 0 0 
0 0 2 0 2 0 0 0 0 0 0 0 2 1 1 0 2 0 2 0 0 1 0 0 1 1 0 0 0 1 0 1 0 1 0 0 0 1 1 2 0 0 0 0 2 0 0 1 0 0 2 0 2 0 0 2 2 1 2 0 0 1 0 0 0 1 0 0 0 2 0 0 0 0 0 0 0 0 0 0 0 
0 0 2 0 2 0 0 0 0 0 0 0 2 1 1 0 2 0 2 0 0 1 0 0 1 1 0 16 16 17 0 1 0 1 0 0 16 17 17 2 0 0 0 0 2 16 16 17 0 0 2 0 2 0 0 2 2 1 2 0 0 1 0 0 0 1 0 0 0 2 0 0 0 0 0 0 0 0 0 0 0 
0
0 0 0 1 0 0 0 0 0 
0 0 2 0 2 0 0 0 0 0 0 0 2 1 1 0 2 0 2 0 0 1 0 0 1 1 0 0 0 1 0 1 0 1 0 0 0 1 1 2 0 0 0 2 2 0 0 1 0 0 2 0 2 0 0 2 2 1 2 0 0 1 0 0 0 1 0 0 0 2 0 0 0 0 0 0 0 0 0 0 0 
0 0 2 0 2 0 0 0 0 0 0 0 2 1 1 0 2 0 2 0 0 1 0 0 1 1 0 16 16 17 0 1 0 1 0 0 16 17 17 2 0 0 0 2 2 16 16 17 0 0 2 0 2 0 0 2 2 1 2 0 0 1 0 0 0 1 0 0 0 2 0 0 0 0 0 0 0 0 0 0 0 
0
0 0 0 1 0 0 0 0 0 
0 0 2 0 2 0 0 0 0 0 0 0 2 1 1 0 2 0 2 0 0 1 0 0 1 1 0 0 0 1 0 1 0 1 0 0 0 1 1 2 1 0 0 2 2 0 0 1 0 0 2 0 2 0 0 2 2 1 2 0 0 1 0 0 0 1 0 0 0 2 0 0 0 0 0 0 0 0 0 0 0 
0 0 2 0 2 0 0 0 0 0 0 0 2 1 1 0 2 0 2 0 0 1 0 0 1 1 0 16 16 17 0 1 0 1 0 0 16 17 17 2 1 0 0 2 2 16 16 17 0 0 2 0 2 0 0 2 2 1 2 0 0 1 0 0 0 1 0 0 0 2 0 0 0 0 0 0 0 0 0 0 0 
0
0 0 0 1 0 0 0 0 0 
0 0 2 0 2 0 0 0 0 0 0 0 2 1 1 0 2 0 2 0 0 1 0 0 1 1 0 0 0 1 0 1 2 1 0 0 0 1 1 2 1 0 0 2 2 0 0 1 0 0 2 0 2 0 0 2 2 1 2 0 0 1 0 0 0 1 0 0 0 2 0 0 0 0 0 0 0 0 0 0 0 
0 0 2 0 2 0 0 0 0 0 0 0 2 1 1 0 2 0 2 0 0 1 0 0 1 1 0 16 16 17 0 1 2 1 0 0 16 17 17 2 1 0 0 2 2 16 16 17 0 0 2 0 2 0 0 2 2 1 2 0 0 1 0 0 0 1 0 0 0 2 0 0 0 0 0 0 0 0 0 0 0 
0
0 0 0 1 0 0 0 0 0 
0 0 2 0 2 0 0 0 1 0 0 0 2 1 1 0 2 0 2 0 0 1 0 0 1 1 0 0 0 1 0 1 2 1 0 0 0 1 1 2 1 0 0 2 2 0 0 1 0 0 2 0 2 0 0 2 2 1 2 0 0 1 0 0 0 1 0 0 0 2 0 0 0 0 0 0 0 0 0 0 0 
0 0 2 0 2 0 0 0 1 0 0 0 2 1 1 0 2 0 2 0 0 1 0 0 1 1 0 16 16 17 0 1 2 1 0 0 16 17 17 2 1 0 0 2 2 16 16 17 0 0 2 0 2 0 0 2 2 1 2 0 0 1 0 0 0 1 0 0 0 2 0 0 0 0 0 0 0 0 0 0 0 
0
0 0 0 1 0 0 0 0 0 
0 0 2 0 2 0 0 2 1 0 0 0 2 1 1 0 2 0 2 0 0 1 0 0 1 1 0 0 0 1 0 1 2 1 0 0 0 1 1 2 1 0 0 2 2 0 0 1 0 0 2 0 2 0 0 2 2 1 2 0 0 1 0 0 0 1 0 0 0 2 0 0 0 0 0 0 0 0 0 0 0 
0 0 2 0 2 0 0 2 1 0 0 0 2 1 1 0 2 0 2 0 0 1 0 0 1 1 0 16 16 17 0 1 2 1 0 0 16 17 17 2 1 0 0 2 2 16 16 17 0 0 2 0 2 0 0 2 2 1 2 0 0 1 0 0 0 1 0 0 0 2 0 0 0 0 0 0 0 0 0 0 0 
0
0 0 0 1 0 0 0 0 0 
0 0 2 1 2 0 0 2 1 0 0 0 2 1 1 0 2 0 2 0 0 1 0 0 1 1 0 0 0 1 0 1 2 1 0 0 0 1 1 2 1 0 0 2 2 0 0 1 0 0 2 0 2 0 0 2 2 1 2 0 0 1 0 0 0 1 0 0 0 2 0 0 0 0 0 0 0 0 0 0 0 
0 0 2 1 2 0 0 2 1 0 0 0 2 1 1 0 2 0 2 0 0 1 0 0 1 1 0 16 16 17 0 1 2 1 0 0 16 17 17 2 1 0 0 2 2 16 16 17 0 0 2 0 2 0 0 2 2 1 2 0 0 1 0 0 0 1 0 0 0 2 0 0 0 0 0 0 0 0 0 0 0 
0
0 0 0 1 0 0 0 0 0 
0 0 2 1 2 0 0 2 1 2 0 0 2 1 1 0 2 0 2 0 0 1 0 0 1 1 0 0 0 1 0 1 2 1 0 0 0 1 1 2 1 0 0 2 2 0 0 1 0 0 2 0 2 0 0 2 2 1 2 0 0 1 0 0 0 1 0 0 0 2 0 0 0 0 0 0 0 0 0 0 0 
0 0 2 1 2 0 0 2 1 2 0 0 2 1 1 0 2 0 2 0 0 1 0 0 1 1 0 16 16 17 0 1 2 1 0 0 16 17 17 2 1 0 0 2 2 16 16 17 0 0 2 0 2 0 0 2 2 1 2 0 0 1 0 0 0 1 0 0 0 2 0 0 0 0 0 0 0 0 0 0 0 
0
0 0 0 1 0 0 0 0 0 
0 0 2 1 2 0 0 2 1 2 0 0 2 1 1 0 2 0 2 0 0 1 0 0 1 1 0 0 0 1 0 1 2 1 0 0 0 1 1 2 1 0 0 2 2 0 0 1 0 0 2 0 2 0 0 2 2 1 2 0 0 1 0 1 0 1 0 0 0 2 0 0 0 0 0 0 0 0 0 0 0 
0 0 2 1 2 0 0 2 1 2 0 0 2 1 1 0 2 0 2 0 0 1 0 0 1 1 0 16 16 17 0 1 2 1 0 0 16 17 17 2 1 0 0 2 2 16 16 17 0 0 2 0 2 0 0 2 2 1 2 0 0 1 0 1 0 1 0 0 0 2 0 0 0 0 0 0 0 0 0 0 0 
0
0 0 0 1 0 0 0 0 0 
0 0 2 1 2 0 0 2 1 2 0 0 2 1 1 0 2 0 2 0 0 1 0 0 1 1 0 0 0 1 0 1 2 1 0 0 0 1 1 2 1 0 0 2 2 0 0 1 0 0 2 0 2 0 0 2 2 1 2 0 0 1 0 1 0 1 0 0 0 2 0 2 0 0 0 0 0 0 0 0 0 
0 0 2 1 2 0 0 2 1 2 0 0 2 1 1 0 2 0 2 0 0 1 0 0 1 1 0 16 16 17 0 1 2 1 0 0 16 17 17 2 1 0 0 2 2 16 16 17 0 0 2 0 2 0 0 2 2 1 2 0 0 1 0 1 0 1 0 0 0 2 0 2 0 0 0 0 0 0 0 0 0 
0
0 0 0 1 0 0 0 0 0 
0 0 2 1 2 0 0 2 1 2 0 0 2 1 1 0 2 0 2 0 0 1 0 0 1 1 0 0 0 1 0 1 2 1 1 0 0 1 1 2 1 0 0 2 2 0 0 1 0 0 2 0 2 0 0 2 2 1 2 0 0 1 0 1 0 1 0 0 0 2 0 2 0 0 0 0 0 0 0 0 0 
0 0 2 1 2 0 0 2 1 2 0 0 2 1 1 0 2 0 2 0 0 1 0 0 1 1 0 16 16 17 0 1 2 1 1 0 16 17 17 2 1 0 0 2 2 16 16 17 0 0 2 0 2 0 0 2 2 1 2 0 0 1 0 1 0 1 0 0 0 2 0 2 0 0 0 0 0 0 0 0 0 
0
0 0 0 1 0 0 0 0 0 
0 0 2 1 2 2 0 2 1 2 0 0 2 1 1 0 2 0 2 0 0 1 0 0 1 1 0 0 0 1 0 1 2 1 1 0 0 1 1 2 1 0 0 2 2 0 0 1 0 0 2 0 2 0 0 2 2 1 2 0 0 1 0 1 0 1 0 0 0 2 0 2 0 0 0 0 0 0 0 0 0 
0 0 2 1 2 2 0 2 1 2 0 0 2 1 1 0 2 0 2 0 0 1 0 0 1 1 0 16 16 17 0 1 2 1 1 0 16 17 17 2 1 0 0 2 2 16 16 17 0 0 2 0 2 0 0 2 2 1 2 0 0 1 0 1 0 1 0 0 0 2 0 2 0 0 0 0 0 0 0 0 0 
0
0 0 0 1 0 0 0 0 0 
0 0 2 1 2 2 0 2 1 2 0 0 2 1 1 1 2 0 2 0 0 1 0 0 1 1 0 0 0 1 0 1 2 1 1 0 0 1 1 2 1 0 0 2 2 0 0 1 0 0 2 0 2 0 0 2 2 1 2 0 0 1 0 1 0 1 0 0 0 2 0 2 0 0 0 0 0 0 0 0 0 
0 0 2 1 2 2 0 2 1 2 0 0 2 1 1 1 2 0 2 0 0 1 0 0 1 1 0 16 16 17 0 1 2 1 1 0 16 17 17 2 1 0 0 2 2 16 16 17 0 0 2 0 2 0 0 2 2 1 2 0 0 1 0 1 0 1 0 0 0 2 0 2 0 0 0 0 0 0 0 0 0 
0
0 0 0 1 0 0 0 0 0 
0 0 2 1 2 2 0 2 1 2 0 0 2 1 1 1 2 0 2 0 0 1 0 0 1 1 0 0 0 1 0 1 2 1 1 0 0 1 1 2 1 0 0 2 2 0 0 1 0 0 2 0 2 0 0 2 2 1 2 0 0 1 0 1 0 1 0 0 0 2 0 2 0 0 0 0 0 0 2 0 0 
0 0 2 1 2 2 0 2 1 2 0 0 2 1 1 1 2 0 2 0 0 1 0 0 1 1 0 16 16 17 0 1 2 1 1 0 16 17 17 2 1 0 0 2 2 16 16 17 0 0 2 0 2 0 0 2 2 1 2 0 0 1 0 1 0 1 0 0 0 2 0 2 0 0 0 0 0 0 2 0 0 
0
0 0 0 1 0 0 1 0 0 
0 0 2 1 2 2 0 2 1 2 0 0 2 1 1 1 2 0 2 0 0 1 0 0 1 1 0 0 0 1 0 1 2 1 1 0 0 1 1 2 1 0 0 2 2 0 0 1 0 0 2 0 2 0 0 2 2 1 2 0 0 1 0 1 1 1 0 0 0 2 0 2 0 0 0 0 0 0 2 0 0 
0 0 2 1 2 2 0 2 1 2 0 0 2 1 1 1 2 0 2 0 0 1 0 0 1 1 0 16 16 17 0 1 2 1 1 0 16 17 17 2 1 0 0 2 2 16 16 17 0 0 2 0 2 0 16 18 18 1 2 0 0 1 0 17 17 17 0 0 0 2 0 2 16 16 16 0 0 0 2 0 0 
0
0 0 0 1 0 0 1 0 0 
0 0 2 1 2 2 0 2 1 2 0 0 2 1 1 1 2 0 2 0 0 1 0 0 1 1 0 0 0 1 0 1 2 1 1 0 0 1 1 2 1 0 0 2 2 0 0 1 2 0 2 0 2 0 0 2 2 1 2 0 0 1 0 1 1 1 0 0 0 2 0 2 0 0 0 0 0 0 2 0 0 
0 0 2 1 2 2 0 2 1 2 0 0 2 1 1 1 2 0 2 0 0 1 0 0 1 1 0 16 16 17 0 1 2 1 1 0 16 17 17 2 1 0 0 2 2 16 16 17 2 0 2 0 2 0 16 18 18 1 2 0 0 1 0 17 17 17 0 0 0 2 0 2 16 16 16 0 0 0 2 0 0 
0
0 0 0 1 0 0 1 0 0 
0 0 2 1 2 2 0 2 1 2 0 0 2 1 1 1 2 0 2 0 0 1 0 0 1 1 0 0 0 1 0 1 2 1 1 0 0 1 1 2 1 0 0 2 2 0 0 1 2 0 2 0 2 0 0 2 2 1 2 0 0 1 0 1 1 1 1 0 0 2 0 2 0 0 0 0 0 0 2 0 0 
0 0 2 1 2 2 0 2 1 2 0 0 2 1 1 1 2 0 2 0 0 1 0 0 1 1 0 16 16 17 0 1 2 1 1 0 16 17 17 2 1 0 0 2 2 16 16 17 2 0 2 0 2 0 16 18 18 1 2 0 0 1 0 17 17 17 1 0 0 2 0 2 16 16 16 0 0 0 2 0 0 
0
0 0 0 1 0 0 1 0 2 
0 0 2 1 2 2 0 2 1 2 0 0 2 1 1 1 2 0 2 0 0 1 0 0 1 1 0 0 0 1 0 1 2 1 1 0 0 1 1 2 1 0 0 2 2 0 0 1 2 0 2 0 2 0 0 2 2 1 2 0 2 1 0 1 1 1 1 0 0 2 0 2 0 0 0 0 0 0 2 0 0 
0 0 2 1 2 2 0 2 1 2 0 0 2 1 1 1 2 0 2 0 0 1 0 0 1 1 0 16 16 17 0 1 2 1 1 0 16 17 17 2 1 0 0 2 2 16 16 17 2 0 2 0 2 0 16 18 18 1 2 0 34 33 32 17 17 17 1 0 0 34 32 34 16 16 16 0 0 0 34 32 32 
0
0 0 0 1 0 0 1 0 2 
0 0 2 1 2 2 0 2 1 2 1 0 2 1 1 1 2 0 2 0 0 1 0 0 1 1 0 0 0 1 0 1 2 1 1 0 0 1 1 2 1 0 0 2 2 0 0 1 2 0 2 0 2 0 0 2 2 1 2 0 2 1 0 1 1 1 1 0 0 2 0 2 0 0 0 0 0 0 2 0 0 
0 0 2 1 2 2 0 2 1 2 1 0 2 1 1 1 2 0 2 0 0 1 0 0 1 1 0 16 16 17 0 1 2 1 1 0 16 17 17 2 1 0 0 2 2 16 16 17 2 0 2 0 2 0 16 18 18 1 2 0 34 33 32 17 17 17 1 0 0 34 32 34 16 16 16 0 0 0 34 32 32 
0
0 0 0 1 2 0 1 0 2 
0 0 2 1 2 2 0 2 1 2 1 0 2 1 1 1 2 0 2 0 0 1 0 0 1 1 0 0 0 1 2 1 2 1 1 0 0 1 1 2 1 0 0 2 2 0 0 1 2 0 2 0 2 0 0 2 2 1 2 0 2 1 0 1 1 1 1 0 0 2 0 2 0 0 0 0 0 0 2 0 0 
0 0 2 1 2 2 0 2 1 2 1 0 2 1 1 1 2 0 2 0 0 1 0 0 1 1 0 16 16 17 34 33 34 1 1 0 16 17 17 34 33 32 0 2 2 16 16 17 34 32 34 0 2 0 16 18 18 1 2 0 34 33 32 17 17 17 1 0 0 34 32 34 16 16 16 0 0 0 34 32 32 
0
0 0 0 1 2 0 1 0 2 
0 0 2 1 2 2 0 2 1 2 1 1 2 1 1 1 2 0 2 0 0 1 0 0 1 1 0 0 0 1 2 1 2 1 1 0 0 1 1 2 1 0 0 2 2 0 0 1 2 0 2 0 2 0 0 2 2 1 2 0 2 1 0 1 1 1 1 0 0 2 0 2 0 0 0 0 0 0 2 0 0 
0 0 2 1 2 2 0 2 1 2 1 1 2 1 1 1 2 0 2 0 0 1 0 0 1 1 0 16 16 17 34 33 34 1 1 0 16 17 17 34 33 32 0 2 2 16 16 17 34 32 34 0 2 0 16 18 18 1 2 0 34 33 32 17 17 17 1 0 0 34 32 34 16 16 16 0 0 0 34 32 32 
0
0 0 0 1 2 0 1 0 2 
0 0 2 1 2 2 0 2 1 2 1 1 2 1 1 1 2 0 2 0 0 1 0 0 1 1 0 0 0 1 2 1 2 1 1 0 0 1 1 2 1 0 0 2 2 0 0 1 2 0 2 2 2 0 0 2 2 1 2 0 2 1 0 1 1 1 1 0 0 2 0 2 0 0 0 0 0 0 2 0 0 
0 0 2 1 2 2 0 2 1 2 1 1 2 1 1 1 2 0 2 0 0 1 0 0 1 1 0 16 16 17 34 33 34 1 1 0 16 17 17 34 33 32 0 2 2 16 16 17 34 32 34 2 2 0 16 18 18 1 2 0 34 33 32 17 17 17 1 0 0 34 32 34 16 16 16 0 0 0 34 32 32 
0
0 0 0 1 2 0 1 0 2 
0 0 2 1 2 2 0 2 1 2 1 1 2 1 1 1 2 0 2 0 0 1 0 0 1 1 0 0 0 1 2 1 2 1 1 0 0 1 1 2 1 0 0 2 2 0 0 1 2 0 2 2 2 0 0 2 2 1 2 0 2 1 0 1 1 1 1 0 0 2 0 2 0 0 0 0 0 1 2 0 0 
0 0 2 1 2 2 0 2 1 2 1 1 2 1 1 1 2 0 2 0 0 1 0 0 1 1 0 16 16 17 34 33 34 1 1 0 16 17 17 34 33 32 0 2 2 16 16 17 34 32 34 2 2 0 16 18 18 1 2 0 34 33 32 17 17 17 1 0 0 34 32 34 16 16 16 0 0 1 34 32 32 
0
0 0 0 1 2 0 1 0 2 
0 0 2 1 2 2 0 2 1 2 1 1 2 1 1 1 2 0 2 0 0 1 0 0 1 1 0 0 0 1 2 1 2 1 1 0 0 1 1 2 1 0 0 2 2 0 0 1 2 0 2 2 2 0 0 2 2 1 2 0 2 1 0 1 1 1 1 0 0 2 0 2 0 0 0 2 0 1 2 0 0 
0 0 2 1 2 2 0 2 1 2 1 1 2 1 1 1 2 0 2 0 0 1 0 0 1 1 0 16 16 17 34 33 34 1 1 0 16 17 17 34 33 32 0 2 2 16 16 17 34 32 34 2 2 0 16 18 18 1 2 0 34 33 32 17 17 17 1 0 0 34 32 34 16 16 16 2 0 1 34 32 32 
0
0 0 0 1 2 0 1 1 2 
0 0 2 1 2 2 0 2 1 2 1 1 2 1 1 1 2 0 2 0 0 1 0 0 1 1 0 0 0 1 2 1 2 1 1 0 0 1 1 2 1 0 0 2 2 0 0 1 2 0 2 2 2 0 0 2 2 1 2 0 2 1 0 1 1 1 1 1 0 2 0 2 0 0 0 2 0 1 2 0 0 
0 0 2 1 2 2 0 2 1 2 1 1 2 1 1 1 2 0 2 0 0 1 0 0 1 1 0 16 16 17 34 33 34 1 1 0 16 17 17 34 33 32 0 2 2 16 16 17 34 32 34 2 2 0 16 18 18 17 18 16 34 33 32 17 17 17 17 17 16 34 32 34 16 16 16 18 16 17 34 32 32 
0
0 0 0 1 2 2 1 1 2 
0 0 2 1 2 2 0 2 1 2 1 1 2 1 1 1 2 0 2 0 0 1 0 0 1 1 0 0 0 1 2 1 2 1 1 0 0 1 1 2 1 0 2 2 2 0 0 1 2 0 2 2 2 0 0 2 2 1 2 0 2 1 0 1 1 1 1 1 0 2 0 2 0 0 0 2 0 1 2 0 0 
0 0 2 1 2 2 0 2 1 2 1 1 2 1 1 1 2 0 2 0 0 1 0 0 1 1 0 16 16 17 34 33 34 33 33 32 16 17 17 34 33 32 34 34 34 16 16 17 34 32 34 34 34 32 16 18 18 17 18 16 34 33 32 17 17 17 17 17 16 34 32 34 16 16 16 18 16 17 34 32 32 
0
0 1 0 1 2 2 1 1 2 
0 0 2 1 2 2 0 2 1 2 1 1 2 1 1 1 2 0 2 0 0 1 0 1 1 1 0 0 0 1 2 1 2 1 1 0 0 1 1 2 1 0 2 2 2 0 0 1 2 0 2 2 2 0 0 2 2 1 2 0 2 1 0 1 1 1 1 1 0 2 0 2 0 0 0 2 0 1 2 0 0 
0 0 2 17 18 18 0 2 1 2 1 1 18 17 17 1 2 0 2 0 0 17 16 17 1 1 0 16 16 17 34 33 34 33 33 32 16 17 17 34 33 32 34 34 34 16 16 17 34 32 34 34 34 32 16 18 18 17 18 16 34 33 32 17 17 17 17 17 16 34 32 34 16 16 16 18 16 17 34 32 32 
0
0 1 0 1 2 2 1 1 2 
0 0 2 1 2 2 0 2 1 2 1 1 2 1 1 1 2 0 2 0 0 1 0 1 1 1 2 0 0 1 2 1 2 1 1 0 0 1 1 2 1 0 2 2 2 0 0 1 2 0 2 2 2 0 0 2 2 1 2 0 2 1 0 1 1 1 1 1 0 2 0 2 0 0 0 2 0 1 2 0 0 
0 0 2 17 18 18 0 2 1 2 1 1 18 17 17 1 2 0 2 0 0 17 16 17 1 1 2 16 16 17 34 33 34 33 33 32 16 17 17 34 33 32 34 34 34 16 16 17 34 32 34 34 34 32 16 18 18 17 18 16 34 33 32 17 17 17 17 17 16 34 32 34 16 16 16 18 16 17 34 32 32 
0
0 1 0 1 2 2 1 1 2 
0 0 2 1 2 2 0 2 1 2 1 1 2 1 1 1 2 1 2 0 0 1 0 1 1 1 2 0 0 1 2 1 2 1 1 0 0 1 1 2 1 0 2 2 2 0 0 1 2 0 2 2 2 0 0 2 2 1 2 0 2 1 0 1 1 1 1 1 0 2 0 2 0 0 0 2 0 1 2 0 0 
0 0 2 17 18 18 0 2 1 2 1 1 18 17 17 1 2 1 2 0 0 17 16 17 1 1 2 16 16 17 34 33 34 33 33 32 16 17 17 34 33 32 34 34 34 16 16 17 34 32 34 34 34 32 16 18 18 17 18 16 34 33 32 17 17 17 17 17 16 34 32 34 16 16 16 18 16 17 34 32 32 
0
0 1 2 1 2 2 1 1 2 
0 0 2 1 2 2 2 2 1 2 1 1 2 1 1 1 2 1 2 0 0 1 0 1 1 1 2 0 0 1 2 1 2 1 1 0 0 1 1 2 1 0 2 2 2 0 0 1 2 0 2 2 2 0 0 2 2 1 2 0 2 1 0 1 1 1 1 1 0 2 0 2 0 0 0 2 0 1 2 0 0 
0 0 2 17 18 18 34 34 33 2 1 1 18 17 17 33 34 33 2 0 0 17 16 17 33 33 34 16 16 17 34 33 34 33 33 32 16 17 17 34 33 32 34 34 34 16 16 17 34 32 34 34 34 32 16 18 18 17 18 16 34 33 32 17 17 17 17 17 16 34 32 34 16 16 16 18 16 17 34 32 32 
0
0 1 2 1 2 2 1 1 2 
0 0 2 1 2 2 2 2 1 2 1 1 2 1 1 1 2 1 2 0 0 1 0 1 1 1 2 0 0 1 2 1 2 1 1 0 0 1 1 2 1 0 2 2 2 0 0 1 2 0 2 2 2 0 0 2 2 1 2 0 2 1 0 1 1 1 1 1 0 2 0 2 0 0 0 2 0 1 2 0 0 
0 0 2 17 18 18 34 34 33 2 1 1 18 17 17 33 34 33 2 0 0 17 16 17 33 33 34 16 16 17 34 33 34 33 33 32 16 17 17 34 33 32 34 34 34 16 16 17 34 32 34 34 34 32 16 18 18 17 18 16 34 33 32 17 17 17 17 17 16 34 32 34 16 16 16 18 16 17 34 32 32 
0
