0 0 0 0 0 0 0 0 0 
0 0 0 0 0 0 0 0 0 0 0 0 0 0 0 0 0 0 0 0 0 0 0 0 0 0 0 0 0 0 1 0 0 0 0 0 0 0 0 0 0 0 0 0 0 0 0 0 0 0 0 0 0 0 0 0 0 0 0 0 0 0 0 0 0 0 0 0 0 0 0 0 0 0 0 0 0 0 0 0 0 
0 0 0 0 0 0 0 0 0 0 0 0 0 0 0 0 0 0 0 0 0 0 0 0 0 0 0 0 0 0 1 0 0 0 0 0 0 0 0 0 0 0 0 0 0 0 0 0 0 0 0 0 0 0 0 0 0 0 0 0 0 0 0 0 0 0 0 0 0 0 0 0 0 0 0 0 0 0 0 0 0 
1
0 0 0 0 0 0 0 0 0 
0 0 2 0 0 0 0 0 0 0 0 0 0 0 0 0 0 0 0 0 0 0 0 0 0 0 0 0 0 0 1 0 0 0 0 0 0 0 0 0 0 0 0 0 0 0 0 0 0 0 0 0 0 0 0 0 0 0 0 0 0 0 0 0 0 0 0 0 0 0 0 0 0 0 0 0 0 0 0 0 0 
0 0 2 0 0 0 0 0 0 0 0 0 0 0 0 0 0 0 0 0 0 0 0 0 0 0 0 0 0 0 1 0 0 0 0 0 0 0 0 0 0 0 0 0 0 0 0 0 0 0 0 0 0 0 0 0 0 0 0 0 0 0 0 0 0 0 0 0 0 0 0 0 0 0 0 0 0 0 0 0 0 
1
0 0 0 0 0 0 0 0 0 
0 0 2 0 0 0 0 0 1 0 0 0 0 0 0 0 0 0 0 0 0 0 0 0 0 0 0 0 0 0 1 0 0 0 0 0 0 0 0 0 0 0 0 0 0 0 0 0 0 0 0 0 0 0 0 0 0 0 0 0 0 0 0 0 0 0 0 0 0 0 0 0 0 0 0 0 0 0 0 0 0 
0 0 2 0 0 0 0 0 1 0 0 0 0 0 0 0 0 0 0 0 0 0 0 0 0 0 0 0 0 0 1 0 0 0 0 0 0 0 0 0 0 0 0 0 0 0 0 0 0 0 0 0 0 0 0 0 0 0 0 0 0 0 0 0 0 0 0 0 0 0 0 0 0 0 0 0 0 0 0 0 0 
1
0 0 0 0 0 0 0 0 0 
0 0 2 0 0 0 0 2 1 0 0 0 0 0 0 0 0 0 0 0 0 0 0 0 0 0 0 0 0 0 1 0 0 0 0 0 0 0 0 0 0 0 0 0 0 0 0 0 0 0 0 0 0 0 0 0 0 0 0 0 0 0 0 0 0 0 0 0 0 0 0 0 0 0 0 0 0 0 0 0 0 
0 0 2 0 0 0 0 2 1 0 0 0 0 0 0 0 0 0 0 0 0 0 0 0 0 0 0 0 0 0 1 0 0 0 0 0 0 0 0 0 0 0 0 0 0 0 0 0 0 0 0 0 0 0 0 0 0 0 0 0 0 0 0 0 0 0 0 0 0 0 0 0 0 0 0 0 0 0 0 0 0 
1
0 0 0 0 0 0 0 0 0 
0 0 2 0 1 0 0 2 1 0 0 0 0 0 0 0 0 0 0 0 0 0 0 0 0 0 0 0 0 0 1 0 0 0 0 0 0 0 0 0 0 0 0 0 0 0 0 0 0 0 0 0 0 0 0 0 0 0 0 0 0 0 0 0 0 0 0 0 0 0 0 0 0 0 0 0 0 0 0 0 0 
0 0 2 0 1 0 0 2 1 0 0 0 0 0 0 0 0 0 0 0 0 0 0 0 0 0 0 0 0 0 1 0 0 0 0 0 0 0 0 0 0 0 0 0 0 0 0 0 0 0 0 0 0 0 0 0 0 0 0 0 0 0 0 0 0 0 0 0 0 0 0 0 0 0 0 0 0 0 0 0 0 
1
0 0 0 0 0 0 0 0 0 
0 0 2 0 1 0 0 2 1 0 0 0 0 0 0 0 0 0 0 0 0 2 0 0 0 0 0 0 0 0 1 0 0 0 0 0 0 0 0 0 0 0 0 0 0 0 0 0 0 0 0 0 0 0 0 0 0 0 0 0 0 0 0 0 0 0 0 0 0 0 0 0 0 0 0 0 0 0 0 0 0 
0 0 2 0 1 0 0 2 1 0 0 0 0 0 0 0 0 0 0 0 0 2 0 0 0 0 0 0 0 0 1 0 0 0 0 0 0 0 0 0 0 0 0 0 0 0 0 0 0 0 0 0 0 0 0 0 0 0 0 0 0 0 0 0 0 0 0 0 0 0 0 0 0 0 0 0 0 0 0 0 0 
1
0 0 0 0 0 0 0 0 0 
0 0 2 0 1 0 0 2 1 0 0 0 0 0 0 0 0 0 0 0 0 2 0 0 0 0 0 0 0 0 1 0 0 0 0 0 0 0 0 0 0 0 0 0 0 0 0 0 0 0 0 0 0 0 0 0 1 0 0 0 0 0 0 0 0 0 0 0 0 0 0 0 0 0 0 0 0 0 0 0 0 
0 0 2 0 1 0 0 2 1 0 0 0 0 0 0 0 0 0 0 0 0 2 0 0 0 0 0 0 0 0 1 0 0 0 0 0 0 0 0 0 0 0 0 0 0 0 0 0 0 0 0 0 0 0 0 0 1 0 0 0 0 0 0 0 0 0 0 0 0 0 0 0 0 0 0 0 0 0 0 0 0 
1
0 0 0 0 0 0 0 0 0 
0 0 2 0 1 0 2 2 1 0 0 0 0 0 0 0 0 0 0 0 0 2 0 0 0 0 0 0 0 0 1 0 0 0 0 0 0 0 0 0 0 0 0 0 0 0 0 0 0 0 0 0 0 0 0 0 1 0 0 0 0 0 0 0 0 0 0 0 0 0 0 0 0 0 0 0 0 0 0 0 0 
0 0 2 0 1 0 2 2 1 0 0 0 0 0 0 0 0 0 0 0 0 2 0 0 0 0 0 0 0 0 1 0 0 0 0 0 0 0 0 0 0 0 0 0 0 0 0 0 0 0 0 0 0 0 0 0 1 0 0 0 0 0 0 0 0 0 0 0 0 0 0 0 0 0 0 0 0 0 0 0 0 
1
0 0 0 0 0 0 0 0 0 
0 0 2 0 1 0 2 2 1 0 0 0 0 0 0 0 0 0 1 0 0 2 0 0 0 0 0 0 0 0 1 0 0 0 0 0 0 0 0 0 0 0 0 0 0 0 0 0 0 0 0 0 0 0 0 0 1 0 0 0 0 0 0 0 0 0 0 0 0 0 0 0 0 0 0 0 0 0 0 0 0 
0 0 2 0 1 0 2 2 1 0 0 0 0 0 0 0 0 0 1 0 0 2 0 0 0 0 0 0 0 0 1 0 0 0 0 0 0 0 0 0 0 0 0 0 0 0 0 0 0 0 0 0 0 0 0 0 1 0 0 0 0 0 0 0 0 0 0 0 0 0 0 0 0 0 0 0 0 0 0 0 0 
1
0 0 0 0 0 0 0 0 0 
0 0 2 0 1 0 2 2 1 0 0 0 0 0 0 0 0 0 1 0 0 2 0 0 0 0 0 0 0 0 1 0 0 0 0 0 0 0 0 0 0 0 0 0 0 0 0 0 0 0 0 0 0 0 0 0 1 0 0 0 0 0 0 0 0 2 0 0 0 0 0 0 0 0 0 0 0 0 0 0 0 
0 0 2 0 1 0 2 2 1 0 0 0 0 0 0 0 0 0 1 0 0 2 0 0 0 0 0 0 0 0 1 0 0 0 0 0 0 0 0 0 0 0 0 0 0 0 0 0 0 0 0 0 0 0 0 0 1 0 0 0 0 0 0 0 0 2 0 0 0 0 0 0 0 0 0 0 0 0 0 0 0 
1
0 0 0 0 0 0 0 0 0 
0 0 2 0 1 0 2 2 1 0 0 0 0 0 0 0 0 0 1 0 0 2 0 0 0 0 0 0 0 0 1 0 0 0 0 1 0 0 0 0 0 0 0 0 0 0 0 0 0 0 0 0 0 0 0 0 1 0 0 0 0 0 0 0 0 2 0 0 0 0 0 0 0 0 0 0 0 0 0 0 0 
0 0 2 0 1 0 2 2 1 0 0 0 0 0 0 0 0 0 1 0 0 2 0 0 0 0 0 0 0 0 1 0 0 0 0 1 0 0 0 0 0 0 0 0 0 0 0 0 0 0 0 0 0 0 0 0 1 0 0 0 0 0 0 0 0 2 0 0 0 0 0 0 0 0 0 0 0 0 0 0 0 
1
0 0 0 0 0 0 0 0 0 
0 0 2 0 1 0 2 2 1 0 0 0 0 0 0 2 0 0 1 0 0 2 0 0 0 0 0 0 0 0 1 0 0 0 0 1 0 0 0 0 0 0 0 0 0 0 0 0 0 0 0 0 0 0 0 0 1 0 0 0 0 0 0 0 0 2 0 0 0 0 0 0 0 0 0 0 0 0 0 0 0 
0 0 2 0 1 0 2 2 1 0 0 0 0 0 0 2 0 0 1 0 0 2 0 0 0 0 0 0 0 0 1 0 0 0 0 1 0 0 0 0 0 0 0 0 0 0 0 0 0 0 0 0 0 0 0 0 1 0 0 0 0 0 0 0 0 2 0 0 0 0 0 0 0 0 0 0 0 0 0 0 0 
1
0 0 0 0 0 0 0 0 0 
0 0 2 0 1 0 2 2 1 0 0 0 0 0 0 2 0 0 1 0 0 2 0 0 0 0 0 0 0 0 1 0 0 0 0 1 1 0 0 0 0 0 0 0 0 0 0 0 0 0 0 0 0 0 0 0 1 0 0 0 0 0 0 0 0 2 0 0 0 0 0 0 0 0 0 0 0 0 0 0 0 
0 0 2 0 1 0 2 2 1 0 0 0 0 0 0 2 0 0 1 0 0 2 0 0 0 0 0 0 0 0 1 0 0 0 0 1 1 0 0 0 0 0 0 0 0 0 0 0 0 0 0 0 0 0 0 0 1 0 0 0 0 0 0 0 0 2 0 0 0 0 0 0 0 0 0 0 0 0 0 0 0 
1
0 0 0 0 0 0 0 0 0 
0 0 2 0 1 0 2 2 1 0 0 0 0 0 0 2 0 0 1 0 0 2 0 0 0 0 0 0 0 0 1 0 0 0 0 1 1 0 0 0 0 0 0 0 0 0 0 2 0 0 0 0 0 0 0 0 1 0 0 0 0 0 0 0 0 2 0 0 0 0 0 0 0 0 0 0 0 0 0 0 0 
0 0 2 0 1 0 2 2 1 0 0 0 0 0 0 2 0 0 1 0 0 2 0 0 0 0 0 0 0 0 1 0 0 0 0 1 1 0 0 0 0 0 0 0 0 0 0 2 0 0 0 0 0 0 0 0 1 0 0 0 0 0 0 0 0 2 0 0 0 0 0 0 0 0 0 0 0 0 0 0 0 
1
0 0 0 0 0 0 0 0 0 
0 0 2 0 1 0 2 2 1 0 0 0 0 0 0 2 0 0 1 0 0 2 0 0 0 0 0 0 0 0 1 0 0 0 0 1 1 0 0 0 0 0 0 0 0 0 0 2 0 0 0 0 0 0 0 0 1 0 0 0 0 0 0 0 0 2 0 0 0 0 0 0 0 0 0 0 0 0 0 0 1 
0 0 2 0 1 0 2 2 1 0 0 0 0 0 0 2 0 0 1 0 0 2 0 0 0 0 0 0 0 0 1 0 0 0 0 1 1 0 0 0 0 0 0 0 0 0 0 2 0 0 0 0 0 0 0 0 1 0 0 0 0 0 0 0 0 2 0 0 0 0 0 0 0 0 0 0 0 0 0 0 1 
1
0 0 0 0 0 0 0 0 0 
0 0 2 0 1 0 2 2 1 0 0 0 0 0 0 2 0 0 1 0 0 2 0 0 0 0 0 0 0 0 1 0 0 0 0 1 1 0 0 0 0 0 0 0 0 0 0 2 0 0 0 0 0 0 0 0 1 0 0 0 0 0 0 0 0 2 0 0 0 0 0 0 0 0 0 0 0 0 0 2 1 
0 0 2 0 1 0 2 2 1 0 0 0 0 0 0 2 0 0 1 0 0 2 0 0 0 0 0 0 0 0 1 0 0 0 0 1 1 0 0 0 0 0 0 0 0 0 0 2 0 0 0 0 0 0 0 0 1 0 0 0 0 0 0 0 0 2 0 0 0 0 0 0 0 0 0 0 0 0 0 2 1 
1
0 0 0 0 0 0 0 0 0 
0 0 2 0 1 0 2 2 1 0 0 0 0 0 0 2 0 0 1 0 0 2 0 0 0 0 0 0 0 0 1 0 0 0 0 1 1 0 0 0 0 0 0 0 0 0 0 2 0 0 0 0 0 0 0 0 1 0 0 0 0 0 0 0 0 2 1 0 0 0 0 0 0 0 0 0 0 0 0 2 1 
0 0 2 0 1 0 2 2 1 0 0 0 0 0 0 2 0 0 1 0 0 2 0 0 0 0 0 0 0 0 1 0 0 0 0 1 1 0 0 0 0 0 0 0 0 0 0 2 0 0 0 0 0 0 0 0 1 0 0 0 0 0 0 0 0 2 1 0 0 0 0 0 0 0 0 0 0 0 0 2 1 
1
0 0 0 0 0 0 0 0 0 
0 0 2 0 1 0 2 2 1 0 0 0 0 0 0 2 0 0 1 0 0 2 0 0 0 0 0 0 0 0 1 0 0 0 0 1 1 2 0 0 0 0 0 0 0 0 0 2 0 0 0 0 0 0 0 0 1 0 0 0 0 0 0 0 0 2 1 0 0 0 0 0 0 0 0 0 0 0 0 2 1 
0 0 2 0 1 0 2 2 1 0 0 0 0 0 0 2 0 0 1 0 0 2 0 0 0 0 0 0 0 0 1 0 0 0 0 1 1 2 0 0 0 0 0 0 0 0 0 2 0 0 0 0 0 0 0 0 1 0 0 0 0 0 0 0 0 2 1 0 0 0 0 0 0 0 0 0 0 0 0 2 1 
1
0 0 0 0 0 0 0 0 0 
0 0 2 0 1 0 2 2 1 0 0 0 0 0 0 2 0 0 1 0 0 2 0 0 0 0 0 0 0 0 1 0 0 0 0 1 1 2 0 0 0 0 0 0 0 0 0 2 1 0 0 0 0 0 0 0 1 0 0 0 0 0 0 0 0 2 1 0 0 0 0 0 0 0 0 0 0 0 0 2 1 
0 0 2 0 1 0 2 2 1 0 0 0 0 0 0 2 0 0 1 0 0 2 0 0 0 0 0 0 0 0 1 0 0 0 0 1 1 2 0 0 0 0 0 0 0 0 0 2 1 0 0 0 0 0 0 0 1 0 0 0 0 0 0 0 0 2 1 0 0 0 0 0 0 0 0 0 0 0 0 2 1 
1
0 0 0 0 0 0 0 0 0 
0 0 2 0 1 0 2 2 1 0 0 0 0 0 0 2 0 0 1 0 0 2 0 0 0 0 0 0 0 0 1 0 0 0 0 1 1 2 0 0 0 0 0 0 0 0 0 2 1 0 0 0 0 0 0 0 1 0 0 0 0 0 0 0 0 2 1 0 0 0 0 0 2 0 0 0 0 0 0 2 1 
0 0 2 0 1 0 2 2 1 0 0 0 0 0 0 2 0 0 1 0 0 2 0 0 0 0 0 0 0 0 1 0 0 0 0 1 1 2 0 0 0 0 0 0 0 0 0 2 1 0 0 0 0 0 0 0 1 0 0 0 0 0 0 0 0 2 1 0 0 0 0 0 2 0 0 0 0 0 0 2 1 
1
0 0 0 0 0 0 0 0 0 
0 0 2 0 1 0 2 2 1 0 0 0 0 0 0 2 0 0 1 0 0 2 0 0 0 0 0 0 0 0 1 0 0 0 0 1 1 2 0 0 0 0 0 0 0 0 0 2 1 0 0 0 0 0 0 1 1 0 0 0 0 0 0 0 0 2 1 0 0 0 0 0 2 0 0 0 0 0 0 2 1 
0 0 2 0 1 0 2 2 1 0 0 0 0 0 0 2 0 0 1 0 0 2 0 0 0 0 0 0 0 0 1 0 0 0 0 1 1 2 0 0 0 0 0 0 0 0 0 2 1 0 0 0 0 0 0 1 1 0 0 0 0 0 0 0 0 2 1 0 0 0 0 0 2 0 0 0 0 0 0 2 1 
1
0 0 0 0 0 0 0 0 0 
0 0 2 0 1 0 2 2 1 0 0 0 0 0 0 2 0 0 1 0 0 2 2 0 0 0 0 0 0 0 1 0 0 0 0 1 1 2 0 0 0 0 0 0 0 0 0 2 1 0 0 0 0 0 0 1 1 0 0 0 0 0 0 0 0 2 1 0 0 0 0 0 2 0 0 0 0 0 0 2 1 
0 0 2 0 1 0 2 2 1 0 0 0 0 0 0 2 0 0 1 0 0 2 2 0 0 0 0 0 0 0 1 0 0 0 0 1 1 2 0 0 0 0 0 0 0 0 0 2 1 0 0 0 0 0 0 1 1 0 0 0 0 0 0 0 0 2 1 0 0 0 0 0 2 0 0 0 0 0 0 2 1 
1
0 0 0 0 0 0 0 0 0 
0 0 2 0 1 0 2 2 1 0 0 0 0 0 0 2 0 0 1 0 0 2 2 0 0 0 0 0 0 0 1 0 0 0 0 1 1 2 0 0 0 0 0 0 0 0 0 2 1 0 0 0 0 0 0 1 1 0 0 0 0 0 0 0 0 2 1 0 1 0 0 0 2 0 0 0 0 0 0 2 1 
0 0 2 0 1 0 2 2 1 0 0 0 0 0 0 2 0 0 1 0 0 2 2 0 0 0 0 0 0 0 1 0 0 0 0 1 1 2 0 0 0 0 0 0 0 0 0 2 1 0 0 0 0 0 0 1 1 0 0 0 0 0 0 0 0 2 1 0 1 0 0 0 2 0 0 0 0 0 0 2 1 
1
0 0 0 0 0 0 0 0 0 
0 0 2 0 1 0 2 2 1 0 0 0 0 0 0 2 0 0 1 0 0 2 2 0 0 0 0 0 0 0 1 0 0 0 0 1 1 2 0 0 0 0 2 0 0 0 0 2 1 0 0 0 0 0 0 1 1 0 0 0 0 0 0 0 0 2 1 0 1 0 0 0 2 0 0 0 0 0 0 2 1 
0 0 2 0 1 0 2 2 1 0 0 0 0 0 0 2 0 0 1 0 0 2 2 0 0 0 0 0 0 0 1 0 0 0 0 1 1 2 0 0 0 0 2 0 0 0 0 2 1 0 0 0 0 0 0 1 1 0 0 0 0 0 0 0 0 2 1 0 1 0 0 0 2 0 0 0 0 0 0 2 1 
1
0 0 0 0 0 0 0 0 0 
0 0 2 0 1 0 2 2 1 0 0 0 0 0 0 2 0 0 1 0 0 2 2 0 0 0 0 0 0 1 1 0 0 0 0 1 1 2 0 0 0 0 2 0 0 0 0 2 1 0 0 0 0 0 0 1 1 0 0 0 0 0 0 0 0 2 1 0 1 0 0 0 2 0 0 0 0 0 0 2 1 
0 0 2 0 1 0 2 2 1 0 0 0 0 0 0 2 0 0 1 0 0 2 2 0 0 0 0 0 0 1 1 0 0 0 0 1 1 2 0 0 0 0 2 0 0 0 0 2 1 0 0 0 0 0 0 1 1 0 0 0 0 0 0 0 0 2 1 0 1 0 0 0 2 0 0 0 0 0 0 2 1 
1
0 0 2 0 0 0 0 0 0 
0 0 2 0 1 0 2 2 1 0 0 0 0 0 0 2 0 0 1 0 0 2 2 0 2 0 0 0 0 1 1 0 0 0 0 1 1 2 0 0 0 0 2 0 0 0 0 2 1 0 0 0 0 0 0 1 1 0 0 0 0 0 0 0 0 2 1 0 1 0 0 0 2 0 0 0 0 0 0 2 1 
0 0 2 0 1 0 34 34 33 0 0 0 0 0 0 34 32 32 1 0 0 2 2 0 34 32 32 0 0 1 1 0 0 0 0 1 1 2 0 0 0 0 2 0 0 0 0 2 1 0 0 0 0 0 0 1 1 0 0 0 0 0 0 0 0 2 1 0 1 0 0 0 2 0 0 0 0 0 0 2 1 
1
0 0 2 0 0 0 1 0 0 
0 0 2 0 1 0 2 2 1 0 0 0 0 0 0 2 0 0 1 0 0 2 2 0 2 0 0 0 0 1 1 0 0 0 0 1 1 2 0 0 0 0 2 0 0 0 0 2 1 0 0 0 0 0 1 1 1 0 0 0 0 0 0 0 0 2 1 0 1 0 0 0 2 0 0 0 0 0 0 2 1 
0 0 2 0 1 0 34 34 33 0 0 0 0 0 0 34 32 32 1 0 0 2 2 0 34 32 32 0 0 1 1 0 0 0 0 1 1 2 0 0 0 0 2 0 0 0 0 2 1 0 0 0 0 0 17 17 17 0 0 0 0 0 0 16 16 18 1 0 1 0 0 0 18 16 16 0 0 0 0 2 1 
1
0 0 2 0 0 0 1 0 0 
0 0 2 0 1 0 2 2 1 0 0 2 0 0 0 2 0 0 1 0 0 2 2 0 2 0 0 0 0 1 1 0 0 0 0 1 1 2 0 0 0 0 2 0 0 0 0 2 1 0 0 0 0 0 1 1 1 0 0 0 0 0 0 0 0 2 1 0 1 0 0 0 2 0 0 0 0 0 0 2 1 
0 0 2 0 1 0 34 34 33 0 0 2 0 0 0 34 32 32 1 0 0 2 2 0 34 32 32 0 0 1 1 0 0 0 0 1 1 2 0 0 0 0 2 0 0 0 0 2 1 0 0 0 0 0 17 17 17 0 0 0 0 0 0 16 16 18 1 0 1 0 0 0 18 16 16 0 0 0 0 2 1 
1
0 0 2 0 0 0 1 0 0 
0 0 2 0 1 0 2 2 1 0 0 2 0 0 0 2 0 0 1 0 0 2 2 0 2 0 0 0 0 1 1 0 0 0 0 1 1 2 0 0 0 0 2 0 1 0 0 2 1 0 0 0 0 0 1 1 1 0 0 0 0 0 0 0 0 2 1 0 1 0 0 0 2 0 0 0 0 0 0 2 1 
0 0 2 0 1 0 34 34 33 0 0 2 0 0 0 34 32 32 1 0 0 2 2 0 34 32 32 0 0 1 1 0 0 0 0 1 1 2 0 0 0 0 2 0 1 0 0 2 1 0 0 0 0 0 17 17 17 0 0 0 0 0 0 16 16 18 1 0 1 0 0 0 18 16 16 0 0 0 0 2 1 
1
0 0 2 0 0 0 1 0 0 
0 0 2 0 1 0 2 2 1 0 0 2 0 0 0 2 0 0 1 0 0 2 2 0 2 0 0 0 0 1 1 0 0 0 0 1 1 2 0 0 0 0 2 0 1 0 0 2 1 0 0 0 0 2 1 1 1 0 0 0 0 0 0 0 0 2 1 0 1 0 0 0 2 0 0 0 0 0 0 2 1 
0 0 2 0 1 0 34 34 33 0 0 2 0 0 0 34 32 32 1 0 0 2 2 0 34 32 32 0 0 1 1 0 0 0 0 1 1 2 0 0 0 0 2 0 1 0 0 2 1 0 0 0 0 2 17 17 17 0 0 0 0 0 0 16 16 18 1 0 1 0 0 0 18 16 16 0 0 0 0 2 1 
1
0 0 2 0 0 0 1 0 0 
0 0 2 0 1 0 2 2 1 0 0 2 0 0 0 2 0 0 1 0 0 2 2 0 2 0 0 0 0 1 1 0 0 0 0 1 1 2 0 0 0 0 2 0 1 0 0 2 1 0 0 0 0 2 1 1 1 0 0 0 0 0 0 0 0 2 1 0 1 0 0 1 2 0 0 0 0 0 0 2 1 
0 0 2 0 1 0 34 34 33 0 0 2 0 0 0 34 32 32 1 0 0 2 2 0 34 32 32 0 0 1 1 0 0 0 0 1 1 2 0 0 0 0 2 0 1 0 0 2 1 0 0 0 0 2 17 17 17 0 0 0 0 0 0 16 16 18 1 0 1 0 0 1 18 16 16 0 0 0 0 2 1 
1
0 0 2 0 0 0 1 0 0 
0 0 2 0 1 0 2 2 1 0 0 2 0 0 0 2 0 0 1 0 0 2 2 0 2 0 0 0 0 1 1 0 0 2 0 1 1 2 0 0 0 0 2 0 1 0 0 2 1 0 0 0 0 2 1 1 1 0 0 0 0 0 0 0 0 2 1 0 1 0 0 1 2 0 0 0 0 0 0 2 1 
0 0 2 0 1 0 34 34 33 0 0 2 0 0 0 34 32 32 1 0 0 2 2 0 34 32 32 0 0 1 1 0 0 2 0 1 1 2 0 0 0 0 2 0 1 0 0 2 1 0 0 0 0 2 17 17 17 0 0 0 0 0 0 16 16 18 1 0 1 0 0 1 18 16 16 0 0 0 0 2 1 
1
0 0 2 0 0 0 1 0 0 
0 0 2 0 1 0 2 2 1 0 0 2 0 0 0 2 0 0 1 0 1 2 2 0 2 0 0 0 0 1 1 0 0 2 0 1 1 2 0 0 0 0 2 0 1 0 0 2 1 0 0 0 0 2 1 1 1 0 0 0 0 0 0 0 0 2 1 0 1 0 0 1 2 0 0 0 0 0 0 2 1 
0 0 2 0 1 0 34 34 33 0 0 2 0 0 0 34 32 32 1 0 1 2 2 0 34 32 32 0 0 1 1 0 0 2 0 1 1 2 0 0 0 0 2 0 1 0 0 2 1 0 0 0 0 2 17 17 17 0 0 0 0 0 0 16 16 18 1 0 1 0 0 1 18 16 16 0 0 0 0 2 1 
1
0 0 2 0 0 0 1 0 0 
0 0 2 0 1 0 2 2 1 0 0 2 0 0 0 2 0 0 1 0 1 2 2 0 2 0 0 0 0 1 1 0 0 2 0 1 1 2 0 0 0 0 2 0 1 0 0 2 1 0 0 0 0 2 1 1 1 0 0 0 0 0 0 0 0 2 1 0 1 2 0 1 2 0 0 0 0 0 0 2 1 
0 0 2 0 1 0 34 34 33 0 0 2 0 0 0 34 32 32 1 0 1 2 2 0 34 32 32 0 0 1 1 0 0 2 0 1 1 2 0 0 0 0 2 0 1 0 0 2 1 0 0 0 0 2 17 17 17 0 0 0 0 0 0 16 16 18 1 0 1 2 0 1 18 16 16 0 0 0 0 2 1 
1
0 0 2 0 0 0 1 0 0 
0 0 2 0 1 0 2 2 1 0 0 2 0 0 0 2 0 0 1 0 1 2 2 0 2 0 0 0 0 1 1 0 0 2 0 1 1 2 1 0 0 0 2 0 1 0 0 2 1 0 0 0 0 2 1 1 1 0 0 0 0 0 0 0 0 2 1 0 1 2 0 1 2 0 0 0 0 0 0 2 1 
0 0 2 0 1 0 34 34 33 0 0 2 0 0 0 34 32 32 1 0 1 2 2 0 34 32 32 0 0 1 1 0 0 2 0 1 1 2 1 0 0 0 2 0 1 0 0 2 1 0 0 0 0 2 17 17 17 0 0 0 0 0 0 16 16 18 1 0 1 2 0 1 18 16 16 0 0 0 0 2 1 
1
0 0 2 0 0 2 1 0 0 
0 0 2 0 1 0 2 2 1 0 0 2 0 0 0 2 0 0 1 0 1 2 2 0 2 0 0 0 0 1 1 0 0 2 0 1 1 2 1 0 0 0 2 2 1 0 0 2 1 0 0 0 0 2 1 1 1 0 0 0 0 0 0 0 0 2 1 0 1 2 0 1 2 0 0 0 0 0 0 2 1 
0 0 2 0 1 0 34 34 33 0 0 2 0 0 0 34 32 32 1 0 1 2 2 0 34 32 32 0 0 1 1 0 0 34 32 33 1 2 1 0 0 0 34 34 33 0 0 2 1 0 0 32 32 34 17 17 17 0 0 0 0 0 0 16 16 18 1 0 1 2 0 1 18 16 16 0 0 0 0 2 1 
1
0 0 2 0 1 2 1 0 0 
0 0 2 0 1 0 2 2 1 0 0 2 0 0 0 2 0 0 1 0 1 2 2 0 2 0 0 0 0 1 1 0 0 2 0 1 1 2 1 1 0 0 2 2 1 0 0 2 1 0 0 0 0 2 1 1 1 0 0 0 0 0 0 0 0 2 1 0 1 2 0 1 2 0 0 0 0 0 0 2 1 
0 0 2 0 1 0 34 34 33 0 0 2 0 0 0 34 32 32 1 0 1 2 2 0 34 32 32 0 0 1 17 16 16 34 32 33 1 2 1 17 16 16 34 34 33 0 0 2 17 16 16 32 32 34 17 17 17 0 0 0 0 0 0 16 16 18 1 0 1 2 0 1 18 16 16 0 0 0 0 2 1 
1
0 0 2 0 1 2 1 0 0 
0 0 2 0 1 0 2 2 1 0 0 2 0 0 0 2 0 0 1 0 1 2 2 0 2 0 0 0 2 1 1 0 0 2 0 1 1 2 1 1 0 0 2 2 1 0 0 2 1 0 0 0 0 2 1 1 1 0 0 0 0 0 0 0 0 2 1 0 1 2 0 1 2 0 0 0 0 0 0 2 1 
0 0 2 0 1 0 34 34 33 0 0 2 0 0 0 34 32 32 1 0 1 2 2 0 34 32 32 0 2 1 17 16 16 34 32 33 1 2 1 17 16 16 34 34 33 0 0 2 17 16 16 32 32 34 17 17 17 0 0 0 0 0 0 16 16 18 1 0 1 2 0 1 18 16 16 0 0 0 0 2 1 
1
0 0 2 0 1 2 1 0 0 
0 0 2 0 1 0 2 2 1 0 0 2 0 0 0 2 0 0 1 0 1 2 2 1 2 0 0 0 2 1 1 0 0 2 0 1 1 2 1 1 0 0 2 2 1 0 0 2 1 0 0 0 0 2 1 1 1 0 0 0 0 0 0 0 0 2 1 0 1 2 0 1 2 0 0 0 0 0 0 2 1 
0 0 2 0 1 0 34 34 33 0 0 2 0 0 0 34 32 32 1 0 1 2 2 1 34 32 32 0 2 1 17 16 16 34 32 33 1 2 1 17 16 16 34 34 33 0 0 2 17 16 16 32 32 34 17 17 17 0 0 0 0 0 0 16 16 18 1 0 1 2 0 1 18 16 16 0 0 0 0 2 1 
1
0 0 2 0 1 2 1 0 0 
0 0 2 0 1 0 2 2 1 0 0 2 0 0 0 2 0 0 1 0 1 2 2 1 2 0 0 0 2 1 1 0 0 2 0 1 1 2 1 1 0 0 2 2 1 0 0 2 1 0 0 0 0 2 1 1 1 0 0 0 0 2 0 0 0 2 1 0 1 2 0 1 2 0 0 0 0 0 0 2 1 
0 0 2 0 1 0 34 34 33 0 0 2 0 0 0 34 32 32 1 0 1 2 2 1 34 32 32 0 2 1 17 16 16 34 32 33 1 2 1 17 16 16 34 34 33 0 0 2 17 16 16 32 32 34 17 17 17 0 0 0 0 2 0 16 16 18 1 0 1 2 0 1 18 16 16 0 0 0 0 2 1 
1
0 0 2 0 1 2 1 0 0 
0 0 2 1 1 0 2 2 1 0 0 2 0 0 0 2 0 0 1 0 1 2 2 1 2 0 0 0 2 1 1 0 0 2 0 1 1 2 1 1 0 0 2 2 1 0 0 2 1 0 0 0 0 2 1 1 1 0 0 0 0 2 0 0 0 2 1 0 1 2 0 1 2 0 0 0 0 0 0 2 1 
0 0 2 1 1 0 34 34 33 0 0 2 0 0 0 34 32 32 1 0 1 2 2 1 34 32 32 0 2 1 17 16 16 34 32 33 1 2 1 17 16 16 34 34 33 0 0 2 17 16 16 32 32 34 17 17 17 0 0 0 0 2 0 16 16 18 1 0 1 2 0 1 18 16 16 0 0 0 0 2 1 
1
0 0 2 0 1 2 1 0 0 
0 0 2 1 1 0 2 2 1 2 0 2 0 0 0 2 0 0 1 0 1 2 2 1 2 0 0 0 2 1 1 0 0 2 0 1 1 2 1 1 0 0 2 2 1 0 0 2 1 0 0 0 0 2 1 1 1 0 0 0 0 2 0 0 0 2 1 0 1 2 0 1 2 0 0 0 0 0 0 2 1 
0 0 2 1 1 0 34 34 33 2 0 2 0 0 0 34 32 32 1 0 1 2 2 1 34 32 32 0 2 1 17 16 16 34 32 33 1 2 1 17 16 16 34 34 33 0 0 2 17 16 16 32 32 34 17 17 17 0 0 0 0 2 0 16 16 18 1 0 1 2 0 1 18 16 16 0 0 0 0 2 1 
1
0 0 2 0 1 2 1 0 0 
0 0 2 1 1 0 2 2 1 2 0 2 0 0 0 2 0 0 1 0 1 2 2 1 2 0 0 1 2 1 1 0 0 2 0 1 1 2 1 1 0 0 2 2 1 0 0 2 1 0 0 0 0 2 1 1 1 0 0 0 0 2 0 0 0 2 1 0 1 2 0 1 2 0 0 0 0 0 0 2 1 
0 0 2 1 1 0 34 34 33 2 0 2 0 0 0 34 32 32 1 0 1 2 2 1 34 32 32 1 2 1 17 16 16 34 32 33 1 2 1 17 16 16 34 34 33 0 0 2 17 16 16 32 32 34 17 17 17 0 0 0 0 2 0 16 16 18 1 0 1 2 0 1 18 16 16 0 0 0 0 2 1 
1
0 0 2 0 1 2 1 0 0 
0 2 2 1 1 0 2 2 1 2 0 2 0 0 0 2 0 0 1 0 1 2 2 1 2 0 0 1 2 1 1 0 0 2 0 1 1 2 1 1 0 0 2 2 1 0 0 2 1 0 0 0 0 2 1 1 1 0 0 0 0 2 0 0 0 2 1 0 1 2 0 1 2 0 0 0 0 0 0 2 1 
0 2 2 1 1 0 34 34 33 2 0 2 0 0 0 34 32 32 1 0 1 2 2 1 34 32 32 1 2 1 17 16 16 34 32 33 1 2 1 17 16 16 34 34 33 0 0 2 17 16 16 32 32 34 17 17 17 0 0 0 0 2 0 16 16 18 1 0 1 2 0 1 18 16 16 0 0 0 0 2 1 
1
0 0 2 0 1 2 1 0 0 
0 2 2 1 1 0 2 2 1 2 0 2 1 0 0 2 0 0 1 0 1 2 2 1 2 0 0 1 2 1 1 0 0 2 0 1 1 2 1 1 0 0 2 2 1 0 0 2 1 0 0 0 0 2 1 1 1 0 0 0 0 2 0 0 0 2 1 0 1 2 0 1 2 0 0 0 0 0 0 2 1 
0 2 2 1 1 0 34 34 33 2 0 2 1 0 0 34 32 32 1 0 1 2 2 1 34 32 32 1 2 1 17 16 16 34 32 33 1 2 1 17 16 16 34 34 33 0 0 2 17 16 16 32 32 34 17 17 17 0 0 0 0 2 0 16 16 18 1 0 1 2 0 1 18 16 16 0 0 0 0 2 1 
1
0 0 2 2 1 2 1 0 0 
0 2 2 1 1 0 2 2 1 2 0 2 1 0 0 2 0 0 1 0 1 2 2 1 2 0 0 1 2 1 1 0 0 2 0 1 1 2 1 1 0 0 2 2 1 0 2 2 1 0 0 0 0 2 1 1 1 0 0 0 0 2 0 0 0 2 1 0 1 2 0 1 2 0 0 0 0 0 0 2 1 
0 2 2 1 1 0 34 34 33 2 0 2 1 0 0 34 32 32 1 0 1 2 2 1 34 32 32 33 34 33 17 16 16 34 32 33 33 34 33 17 16 16 34 34 33 32 34 34 17 16 16 32 32 34 17 17 17 0 0 0 0 2 0 16 16 18 1 0 1 2 0 1 18 16 16 0 0 0 0 2 1 
1
0 0 2 2 1 2 1 0 0 
0 2 2 1 1 0 2 2 1 2 0 2 1 0 0 2 0 0 1 0 1 2 2 1 2 0 0 1 2 1 1 0 0 2 0 1 1 2 1 1 0 0 2 2 1 0 2 2 1 0 0 0 0 2 1 1 1 0 1 0 0 2 0 0 0 2 1 0 1 2 0 1 2 0 0 0 0 0 0 2 1 
0 2 2 1 1 0 34 34 33 2 0 2 1 0 0 34 32 32 1 0 1 2 2 1 34 32 32 33 34 33 17 16 16 34 32 33 33 34 33 17 16 16 34 34 33 32 34 34 17 16 16 32 32 34 17 17 17 0 1 0 0 2 0 16 16 18 1 0 1 2 0 1 18 16 16 0 0 0 0 2 1 
1
0 0 2 2 1 2 1 0 0 
0 2 2 1 1 0 2 2 1 2 0 2 1 2 0 2 0 0 1 0 1 2 2 1 2 0 0 1 2 1 1 0 0 2 0 1 1 2 1 1 0 0 2 2 1 0 2 2 1 0 0 0 0 2 1 1 1 0 1 0 0 2 0 0 0 2 1 0 1 2 0 1 2 0 0 0 0 0 0 2 1 
0 2 2 1 1 0 34 34 33 2 0 2 1 2 0 34 32 32 1 0 1 2 2 1 34 32 32 33 34 33 17 16 16 34 32 33 33 34 33 17 16 16 34 34 33 32 34 34 17 16 16 32 32 34 17 17 17 0 1 0 0 2 0 16 16 18 1 0 1 2 0 1 18 16 16 0 0 0 0 2 1 
1
0 0 2 2 1 2 1 0 1 
0 2 2 1 1 0 2 2 1 2 0 2 1 2 0 2 0 0 1 0 1 2 2 1 2 0 0 1 2 1 1 0 0 2 0 1 1 2 1 1 0 0 2 2 1 0 2 2 1 0 0 0 0 2 1 1 1 0 1 0 0 2 1 0 0 2 1 0 1 2 0 1 2 0 0 0 0 0 0 2 1 
0 2 2 1 1 0 34 34 33 2 0 2 1 2 0 34 32 32 1 0 1 2 2 1 34 32 32 33 34 33 17 16 16 34 32 33 33 34 33 17 16 16 34 34 33 32 34 34 17 16 16 32 32 34 17 17 17 0 1 0 16 18 17 16 16 18 1 0 1 18 16 17 18 16 16 0 0 0 16 18 17 
1
2 0 2 2 1 2 1 0 1 
0 2 2 1 1 0 2 2 1 2 2 2 1 2 0 2 0 0 1 0 1 2 2 1 2 0 0 1 2 1 1 0 0 2 0 1 1 2 1 1 0 0 2 2 1 0 2 2 1 0 0 0 0 2 1 1 1 0 1 0 0 2 1 0 0 2 1 0 1 2 0 1 2 0 0 0 0 0 0 2 1 
32 34 34 1 1 0 34 34 33 34 34 34 1 2 0 34 32 32 33 32 33 2 2 1 34 32 32 33 34 33 17 16 16 34 32 33 33 34 33 17 16 16 34 34 33 32 34 34 17 16 16 32 32 34 17 17 17 0 1 0 16 18 17 16 16 18 1 0 1 18 16 17 18 16 16 0 0 0 16 18 17 
1
2 1 2 2 1 2 1 0 1 
0 2 2 1 1 1 2 2 1 2 2 2 1 2 0 2 0 0 1 0 1 2 2 1 2 0 0 1 2 1 1 0 0 2 0 1 1 2 1 1 0 0 2 2 1 0 2 2 1 0 0 0 0 2 1 1 1 0 1 0 0 2 1 0 0 2 1 0 1 2 0 1 2 0 0 0 0 0 0 2 1 
32 34 34 17 17 17 34 34 33 34 34 34 17 18 16 34 32 32 33 32 33 18 18 17 34 32 32 33 34 33 17 16 16 34 32 33 33 34 33 17 16 16 34 34 33 32 34 34 17 16 16 32 32 34 17 17 17 0 1 0 16 18 17 16 16 18 1 0 1 18 16 17 18 16 16 0 0 0 16 18 17 
1
2 1 2 2 1 2 1 0 1 
0 2 2 1 1 1 2 2 1 2 2 2 1 2 0 2 0 0 1 0 1 2 2 1 2 0 0 1 2 1 1 0 0 2 0 1 1 2 1 1 0 0 2 2 1 0 2 2 1 0 0 0 0 2 1 1 1 0 1 2 0 2 1 0 0 2 1 0 1 2 0 1 2 0 0 0 0 0 0 2 1 
32 34 34 17 17 17 34 34 33 34 34 34 17 18 16 34 32 32 33 32 33 18 18 17 34 32 32 33 34 33 17 16 16 34 32 33 33 34 33 17 16 16 34 34 33 32 34 34 17 16 16 32 32 34 17 17 17 0 1 2 16 18 17 16 16 18 1 0 1 18 16 17 18 16 16 0 0 0 16 18 17 
1
2 1 2 2 1 2 1 0 1 
0 2 2 1 1 1 2 2 1 2 2 2 1 2 0 2 0 0 1 0 1 2 2 1 2 0 0 1 2 1 1 0 0 2 0 1 1 2 1 1 0 0 2 2 1 0 2 2 1 0 0 0 0 2 1 1 1 1 1 2 0 2 1 0 0 2 1 0 1 2 0 1 2 0 0 0 0 0 0 2 1 
32 34 34 17 17 17 34 34 33 34 34 34 17 18 16 34 32 32 33 32 33 18 18 17 34 32 32 33 34 33 17 16 16 34 32 33 33 34 33 17 16 16 34 34 33 32 34 34 17 16 16 32 32 34 17 17 17 1 1 2 16 18 17 16 16 18 1 0 1 18 16 17 18 16 16 0 0 0 16 18 17 
1
2 1 2 2 1 2 1 0 1 
0 2 2 1 1 1 2 2 1 2 2 2 1 2 0 2 0 0 1 0 1 2 2 1 2 0 0 1 2 1 1 0 0 2 0 1 1 2 1 1 0 0 2 2 1 0 2 2 1 0 0 0 0 2 1 1 1 1 1 2 0 2 1 0 0 2 1 0 1 2 0 1 2 0 0 2 0 0 0 2 1 
32 34 34 17 17 17 34 34 33 34 34 34 17 18 16 34 32 32 33 32 33 18 18 17 34 32 32 33 34 33 17 16 16 34 32 33 33 34 33 17 16 16 34 34 33 32 34 34 17 16 16 32 32 34 17 17 17 1 1 2 16 18 17 16 16 18 1 0 1 18 16 17 18 16 16 2 0 0 16 18 17 
1
2 1 2 2 1 2 1 1 1 
0 2 2 1 1 1 2 2 1 2 2 2 1 2 0 2 0 0 1 0 1 2 2 1 2 0 0 1 2 1 1 0 0 2 0 1 1 2 1 1 0 0 2 2 1 0 2 2 1 0 0 0 0 2 1 1 1 1 1 2 0 2 1 0 0 2 1 1 1 2 0 1 2 0 0 2 0 0 0 2 1 
32 34 34 17 17 17 34 34 33 34 34 34 17 18 16 34 32 32 33 32 33 18 18 17 34 32 32 33 34 33 17 16 16 34 32 33 33 34 33 17 16 16 34 34 33 32 34 34 17 16 16 32 32 34 17 17 17 17 17 18 16 18 17 16 16 18 17 17 17 18 16 17 18 16 16 18 16 16 16 18 17 
1
2 1 2 2 1 2 1 1 1 
0 2 2 1 1 1 2 2 1 2 2 2 1 2 0 2 0 0 1 0 1 2 2 1 2 0 0 1 2 1 1 0 0 2 0 1 1 2 1 1 0 0 2 2 1 0 2 2 1 0 0 0 0 2 1 1 1 1 1 2 0 2 1 0 0 2 1 1 1 2 0 1 2 0 0 2 0 0 0 2 1 
32 34 34 17 17 17 34 34 33 34 34 34 17 18 16 34 32 32 33 32 33 18 18 17 34 32 32 33 34 33 17 16 16 34 32 33 33 34 33 17 16 16 34 34 33 32 34 34 17 16 16 32 32 34 17 17 17 17 17 18 16 18 17 16 16 18 17 17 17 18 16 17 18 16 16 18 16 16 16 18 17 
1
