0 0 0 0 0 0 0 0 0 
1 0 0 0 0 0 0 0 0 0 0 0 0 0 0 0 0 0 0 0 0 0 0 0 0 0 0 0 0 0 0 0 0 0 0 0 0 0 0 0 0 0 0 0 0 0 0 0 0 0 0 0 0 0 0 0 0 0 0 0 0 0 0 0 0 0 0 0 0 0 0 0 0 0 0 0 0 0 0 0 0 
1 0 0 0 0 0 0 0 0 0 0 0 0 0 0 0 0 0 0 0 0 0 0 0 0 0 0 0 0 0 0 0 0 0 0 0 0 0 0 0 0 0 0 0 0 0 0 0 0 0 0 0 0 0 0 0 0 0 0 0 0 0 0 0 0 0 0 0 0 0 0 0 0 0 0 0 0 0 0 0 0 
0
0 0 0 0 0 0 0 0 0 
1 0 0 0 0 0 0 0 0 0 0 0 0 0 0 0 0 0 2 0 0 0 0 0 0 0 0 0 0 0 0 0 0 0 0 0 0 0 0 0 0 0 0 0 0 0 0 0 0 0 0 0 0 0 0 0 0 0 0 0 0 0 0 0 0 0 0 0 0 0 0 0 0 0 0 0 0 0 0 0 0 
1 0 0 0 0 0 0 0 0 0 0 0 0 0 0 0 0 0 2 0 0 0 0 0 0 0 0 0 0 0 0 0 0 0 0 0 0 0 0 0 0 0 0 0 0 0 0 0 0 0 0 0 0 0 0 0 0 0 0 0 0 0 0 0 0 0 0 0 0 0 0 0 0 0 0 0 0 0 0 0 0 
0
0 0 0 0 0 0 0 0 0 
1 0 0 0 0 0 0 0 0 0 0 0 0 0 0 0 0 0 2 0 0 0 0 0 0 0 0 0 0 0 0 0 0 0 0 0 0 0 0 0 0 0 0 0 0 0 0 0 0 0 0 0 0 0 1 0 0 0 0 0 0 0 0 0 0 0 0 0 0 0 0 0 0 0 0 0 0 0 0 0 0 
1 0 0 0 0 0 0 0 0 0 0 0 0 0 0 0 0 0 2 0 0 0 0 0 0 0 0 0 0 0 0 0 0 0 0 0 0 0 0 0 0 0 0 0 0 0 0 0 0 0 0 0 0 0 1 0 0 0 0 0 0 0 0 0 0 0 0 0 0 0 0 0 0 0 0 0 0 0 0 0 0 
0
0 0 0 0 0 0 0 0 0 
1 0 0 0 0 0 0 0 0 0 0 0 0 0 0 0 0 0 2 0 2 0 0 0 0 0 0 0 0 0 0 0 0 0 0 0 0 0 0 0 0 0 0 0 0 0 0 0 0 0 0 0 0 0 1 0 0 0 0 0 0 0 0 0 0 0 0 0 0 0 0 0 0 0 0 0 0 0 0 0 0 
1 0 0 0 0 0 0 0 0 0 0 0 0 0 0 0 0 0 2 0 2 0 0 0 0 0 0 0 0 0 0 0 0 0 0 0 0 0 0 0 0 0 0 0 0 0 0 0 0 0 0 0 0 0 1 0 0 0 0 0 0 0 0 0 0 0 0 0 0 0 0 0 0 0 0 0 0 0 0 0 0 
0
0 0 0 0 0 0 0 0 0 
1 0 0 0 0 0 0 0 0 0 0 0 0 0 0 0 0 0 2 0 2 0 0 0 0 0 0 0 0 0 0 0 0 0 0 0 0 0 0 0 0 0 0 0 0 0 0 0 0 0 0 0 0 0 1 0 0 0 0 0 0 1 0 0 0 0 0 0 0 0 0 0 0 0 0 0 0 0 0 0 0 
1 0 0 0 0 0 0 0 0 0 0 0 0 0 0 0 0 0 2 0 2 0 0 0 0 0 0 0 0 0 0 0 0 0 0 0 0 0 0 0 0 0 0 0 0 0 0 0 0 0 0 0 0 0 1 0 0 0 0 0 0 1 0 0 0 0 0 0 0 0 0 0 0 0 0 0 0 0 0 0 0 
0
0 0 0 0 0 0 0 0 0 
1 0 0 0 0 0 0 0 0 0 0 0 2 0 0 0 0 0 2 0 2 0 0 0 0 0 0 0 0 0 0 0 0 0 0 0 0 0 0 0 0 0 0 0 0 0 0 0 0 0 0 0 0 0 1 0 0 0 0 0 0 1 0 0 0 0 0 0 0 0 0 0 0 0 0 0 0 0 0 0 0 
1 0 0 0 0 0 0 0 0 0 0 0 2 0 0 0 0 0 2 0 2 0 0 0 0 0 0 0 0 0 0 0 0 0 0 0 0 0 0 0 0 0 0 0 0 0 0 0 0 0 0 0 0 0 1 0 0 0 0 0 0 1 0 0 0 0 0 0 0 0 0 0 0 0 0 0 0 0 0 0 0 
0
0 0 0 0 0 0 0 0 0 
1 0 0 0 0 0 0 0 0 0 0 0 2 0 0 0 0 0 2 0 2 0 0 0 0 0 0 0 1 0 0 0 0 0 0 0 0 0 0 0 0 0 0 0 0 0 0 0 0 0 0 0 0 0 1 0 0 0 0 0 0 1 0 0 0 0 0 0 0 0 0 0 0 0 0 0 0 0 0 0 0 
1 0 0 0 0 0 0 0 0 0 0 0 2 0 0 0 0 0 2 0 2 0 0 0 0 0 0 0 1 0 0 0 0 0 0 0 0 0 0 0 0 0 0 0 0 0 0 0 0 0 0 0 0 0 1 0 0 0 0 0 0 1 0 0 0 0 0 0 0 0 0 0 0 0 0 0 0 0 0 0 0 
0
0 0 0 0 0 0 0 0 0 
1 0 0 0 0 0 0 0 0 0 0 0 2 0 2 0 0 0 2 0 2 0 0 0 0 0 0 0 1 0 0 0 0 0 0 0 0 0 0 0 0 0 0 0 0 0 0 0 0 0 0 0 0 0 1 0 0 0 0 0 0 1 0 0 0 0 0 0 0 0 0 0 0 0 0 0 0 0 0 0 0 
1 0 0 0 0 0 0 0 0 0 0 0 2 0 2 0 0 0 2 0 2 0 0 0 0 0 0 0 1 0 0 0 0 0 0 0 0 0 0 0 0 0 0 0 0 0 0 0 0 0 0 0 0 0 1 0 0 0 0 0 0 1 0 0 0 0 0 0 0 0 0 0 0 0 0 0 0 0 0 0 0 
0
0 0 0 0 0 0 0 0 0 
1 0 0 0 0 0 0 0 0 0 0 0 2 0 2 0 0 0 2 0 2 0 0 0 0 0 0 0 1 0 0 0 0 0 0 1 0 0 0 0 0 0 0 0 0 0 0 0 0 0 0 0 0 0 1 0 0 0 0 0 0 1 0 0 0 0 0 0 0 0 0 0 0 0 0 0 0 0 0 0 0 
1 0 0 0 0 0 0 0 0 0 0 0 2 0 2 0 0 0 2 0 2 0 0 0 0 0 0 0 1 0 0 0 0 0 0 1 0 0 0 0 0 0 0 0 0 0 0 0 0 0 0 0 0 0 1 0 0 0 0 0 0 1 0 0 0 0 0 0 0 0 0 0 0 0 0 0 0 0 0 0 0 
0
0 0 0 0 0 0 0 0 0 
1 0 0 0 0 0 0 0 0 0 0 0 2 0 2 0 0 0 2 0 2 0 0 0 0 0 2 0 1 0 0 0 0 0 0 1 0 0 0 0 0 0 0 0 0 0 0 0 0 0 0 0 0 0 1 0 0 0 0 0 0 1 0 0 0 0 0 0 0 0 0 0 0 0 0 0 0 0 0 0 0 
1 0 0 0 0 0 0 0 0 0 0 0 2 0 2 0 0 0 2 0 2 0 0 0 0 0 2 0 1 0 0 0 0 0 0 1 0 0 0 0 0 0 0 0 0 0 0 0 0 0 0 0 0 0 1 0 0 0 0 0 0 1 0 0 0 0 0 0 0 0 0 0 0 0 0 0 0 0 0 0 0 
0
0 0 0 0 0 0 0 0 0 
1 0 0 0 0 0 0 0 0 0 0 0 2 0 2 0 0 0 2 0 2 0 0 0 0 0 2 0 1 0 0 0 0 0 0 1 0 0 0 0 0 0 0 0 0 0 0 0 0 0 0 0 0 0 1 0 0 0 0 0 0 1 1 0 0 0 0 0 0 0 0 0 0 0 0 0 0 0 0 0 0 
1 0 0 0 0 0 0 0 0 0 0 0 2 0 2 0 0 0 2 0 2 0 0 0 0 0 2 0 1 0 0 0 0 0 0 1 0 0 0 0 0 0 0 0 0 0 0 0 0 0 0 0 0 0 1 0 0 0 0 0 0 1 1 0 0 0 0 0 0 0 0 0 0 0 0 0 0 0 0 0 0 
0
0 0 0 0 0 0 0 0 0 
1 0 0 0 0 0 0 0 0 0 0 0 2 0 2 0 2 0 2 0 2 0 0 0 0 0 2 0 1 0 0 0 0 0 0 1 0 0 0 0 0 0 0 0 0 0 0 0 0 0 0 0 0 0 1 0 0 0 0 0 0 1 1 0 0 0 0 0 0 0 0 0 0 0 0 0 0 0 0 0 0 
1 0 0 0 0 0 0 0 0 0 0 0 2 0 2 0 2 0 2 0 2 0 0 0 0 0 2 0 1 0 0 0 0 0 0 1 0 0 0 0 0 0 0 0 0 0 0 0 0 0 0 0 0 0 1 0 0 0 0 0 0 1 1 0 0 0 0 0 0 0 0 0 0 0 0 0 0 0 0 0 0 
0
0 0 0 0 0 0 0 0 0 
1 0 0 0 0 0 0 0 0 0 0 0 2 0 2 0 2 0 2 0 2 0 0 0 0 0 2 0 1 0 0 0 0 0 0 1 0 0 0 1 0 0 0 0 0 0 0 0 0 0 0 0 0 0 1 0 0 0 0 0 0 1 1 0 0 0 0 0 0 0 0 0 0 0 0 0 0 0 0 0 0 
1 0 0 0 0 0 0 0 0 0 0 0 2 0 2 0 2 0 2 0 2 0 0 0 0 0 2 0 1 0 0 0 0 0 0 1 0 0 0 1 0 0 0 0 0 0 0 0 0 0 0 0 0 0 1 0 0 0 0 0 0 1 1 0 0 0 0 0 0 0 0 0 0 0 0 0 0 0 0 0 0 
0
0 0 0 0 0 0 0 0 0 
1 0 0 0 0 0 0 0 0 0 0 0 2 0 2 0 2 0 2 0 2 0 0 0 0 0 2 0 1 0 0 0 0 0 0 1 0 0 0 1 0 0 0 0 0 0 0 2 0 0 0 0 0 0 1 0 0 0 0 0 0 1 1 0 0 0 0 0 0 0 0 0 0 0 0 0 0 0 0 0 0 
1 0 0 0 0 0 0 0 0 0 0 0 2 0 2 0 2 0 2 0 2 0 0 0 0 0 2 0 1 0 0 0 0 0 0 1 0 0 0 1 0 0 0 0 0 0 0 2 0 0 0 0 0 0 1 0 0 0 0 0 0 1 1 0 0 0 0 0 0 0 0 0 0 0 0 0 0 0 0 0 0 
0
0 0 0 0 0 0 0 0 1 
1 0 0 0 0 0 0 0 0 0 0 0 2 0 2 0 2 0 2 0 2 0 0 0 0 0 2 0 1 0 0 0 0 0 0 1 0 0 0 1 0 0 0 0 0 0 0 2 0 0 0 0 0 0 1 0 0 0 0 0 1 1 1 0 0 0 0 0 0 0 0 0 0 0 0 0 0 0 0 0 0 
1 0 0 0 0 0 0 0 0 0 0 0 2 0 2 0 2 0 2 0 2 0 0 0 0 0 2 0 1 0 0 0 0 0 0 1 0 0 0 1 0 0 0 0 0 0 0 2 0 0 0 0 0 0 1 0 0 0 0 0 17 17 17 0 0 0 0 0 0 16 16 16 0 0 0 0 0 0 16 16 16 
0
2 0 0 0 0 0 0 0 1 
1 0 0 0 0 0 0 0 0 0 0 0 2 0 2 0 2 0 2 2 2 0 0 0 0 0 2 0 1 0 0 0 0 0 0 1 0 0 0 1 0 0 0 0 0 0 0 2 0 0 0 0 0 0 1 0 0 0 0 0 1 1 1 0 0 0 0 0 0 0 0 0 0 0 0 0 0 0 0 0 0 
33 32 32 0 0 0 0 0 0 32 32 32 2 0 2 0 2 0 34 34 34 0 0 0 0 0 2 0 1 0 0 0 0 0 0 1 0 0 0 1 0 0 0 0 0 0 0 2 0 0 0 0 0 0 1 0 0 0 0 0 17 17 17 0 0 0 0 0 0 16 16 16 0 0 0 0 0 0 16 16 16 
0
2 0 0 0 0 0 0 0 1 
1 0 0 0 0 0 0 0 0 0 0 0 2 0 2 0 2 0 2 2 2 0 0 0 0 0 2 0 1 0 0 0 0 0 0 1 0 0 0 1 0 0 0 0 0 0 0 2 0 0 0 0 0 0 1 0 0 0 0 0 1 1 1 0 0 0 1 0 0 0 0 0 0 0 0 0 0 0 0 0 0 
33 32 32 0 0 0 0 0 0 32 32 32 2 0 2 0 2 0 34 34 34 0 0 0 0 0 2 0 1 0 0 0 0 0 0 1 0 0 0 1 0 0 0 0 0 0 0 2 0 0 0 0 0 0 1 0 0 0 0 0 17 17 17 0 0 0 1 0 0 16 16 16 0 0 0 0 0 0 16 16 16 
0
2 0 0 0 0 0 0 0 1 
1 0 0 0 0 0 0 0 0 0 0 0 2 0 2 0 2 0 2 2 2 0 0 0 0 0 2 0 1 0 0 0 0 0 0 1 0 0 2 1 0 0 0 0 0 0 0 2 0 0 0 0 0 0 1 0 0 0 0 0 1 1 1 0 0 0 1 0 0 0 0 0 0 0 0 0 0 0 0 0 0 
33 32 32 0 0 0 0 0 0 32 32 32 2 0 2 0 2 0 34 34 34 0 0 0 0 0 2 0 1 0 0 0 0 0 0 1 0 0 2 1 0 0 0 0 0 0 0 2 0 0 0 0 0 0 1 0 0 0 0 0 17 17 17 0 0 0 1 0 0 16 16 16 0 0 0 0 0 0 16 16 16 
0
2 0 0 0 0 0 0 0 1 
1 0 0 0 0 0 0 0 0 0 0 0 2 0 2 0 2 0 2 2 2 0 0 0 0 0 2 0 1 0 0 0 0 0 0 1 0 0 2 1 0 0 0 1 0 0 0 2 0 0 0 0 0 0 1 0 0 0 0 0 1 1 1 0 0 0 1 0 0 0 0 0 0 0 0 0 0 0 0 0 0 
33 32 32 0 0 0 0 0 0 32 32 32 2 0 2 0 2 0 34 34 34 0 0 0 0 0 2 0 1 0 0 0 0 0 0 1 0 0 2 1 0 0 0 1 0 0 0 2 0 0 0 0 0 0 1 0 0 0 0 0 17 17 17 0 0 0 1 0 0 16 16 16 0 0 0 0 0 0 16 16 16 
0
2 0 0 0 0 0 0 0 1 
1 0 0 0 0 0 0 0 0 0 0 0 2 0 2 0 2 0 2 2 2 0 0 0 0 0 2 0 1 0 0 0 0 0 0 1 0 0 2 1 2 0 0 1 0 0 0 2 0 0 0 0 0 0 1 0 0 0 0 0 1 1 1 0 0 0 1 0 0 0 0 0 0 0 0 0 0 0 0 0 0 
33 32 32 0 0 0 0 0 0 32 32 32 2 0 2 0 2 0 34 34 34 0 0 0 0 0 2 0 1 0 0 0 0 0 0 1 0 0 2 1 2 0 0 1 0 0 0 2 0 0 0 0 0 0 1 0 0 0 0 0 17 17 17 0 0 0 1 0 0 16 16 16 0 0 0 0 0 0 16 16 16 
0
2 0 0 0 0 0 0 0 1 
1 0 0 0 0 0 0 0 0 0 0 0 2 0 2 0 2 0 2 2 2 0 0 0 0 0 2 0 1 0 0 0 0 0 0 1 0 0 2 1 2 1 0 1 0 0 0 2 0 0 0 0 0 0 1 0 0 0 0 0 1 1 1 0 0 0 1 0 0 0 0 0 0 0 0 0 0 0 0 0 0 
33 32 32 0 0 0 0 0 0 32 32 32 2 0 2 0 2 0 34 34 34 0 0 0 0 0 2 0 1 0 0 0 0 0 0 1 0 0 2 1 2 1 0 1 0 0 0 2 0 0 0 0 0 0 1 0 0 0 0 0 17 17 17 0 0 0 1 0 0 16 16 16 0 0 0 0 0 0 16 16 16 
0
2 0 0 0 0 0 0 0 1 
1 0 0 0 0 0 0 0 0 0 0 0 2 0 2 0 2 0 2 2 2 0 0 0 0 0 2 0 1 0 0 0 0 0 0 1 0 0 2 1 2 1 0 1 2 0 0 2 0 0 0 0 0 0 1 0 0 0 0 0 1 1 1 0 0 0 1 0 0 0 0 0 0 0 0 0 0 0 0 0 0 
33 32 32 0 0 0 0 0 0 32 32 32 2 0 2 0 2 0 34 34 34 0 0 0 0 0 2 0 1 0 0 0 0 0 0 1 0 0 2 1 2 1 0 1 2 0 0 2 0 0 0 0 0 0 1 0 0 0 0 0 17 17 17 0 0 0 1 0 0 16 16 16 0 0 0 0 0 0 16 16 16 
0
2 0 0 0 0 1 0 0 1 
1 0 0 0 0 0 0 0 0 0 0 0 2 0 2 0 2 0 2 2 2 0 0 0 0 0 2 0 1 0 0 0 0 0 0 1 0 0 2 1 2 1 0 1 2 0 0 2 0 0 0 1 0 0 1 0 0 0 0 0 1 1 1 0 0 0 1 0 0 0 0 0 0 0 0 0 0 0 0 0 0 
33 32 32 0 0 0 0 0 0 32 32 32 2 0 2 0 2 0 34 34 34 0 0 0 0 0 2 0 1 0 0 0 0 16 16 17 0 0 2 1 2 1 16 17 18 0 0 2 0 0 0 17 16 16 1 0 0 0 0 0 17 17 17 0 0 0 1 0 0 16 16 16 0 0 0 0 0 0 16 16 16 
0
2 0 0 0 0 1 0 0 1 
1 0 0 0 0 0 0 0 0 0 0 0 2 0 2 0 2 0 2 2 2 0 0 0 0 0 2 0 1 0 0 0 0 0 0 1 0 0 2 1 2 1 0 1 2 0 0 2 0 0 0 1 0 0 1 0 0 0 0 0 1 1 1 0 2 0 1 0 0 0 0 0 0 0 0 0 0 0 0 0 0 
33 32 32 0 0 0 0 0 0 32 32 32 2 0 2 0 2 0 34 34 34 0 0 0 0 0 2 0 1 0 0 0 0 16 16 17 0 0 2 1 2 1 16 17 18 0 0 2 0 0 0 17 16 16 1 0 0 0 0 0 17 17 17 0 2 0 1 0 0 16 16 16 0 0 0 0 0 0 16 16 16 
0
2 0 0 0 0 1 0 0 1 
1 0 0 0 0 0 0 0 0 0 0 0 2 0 2 0 2 0 2 2 2 0 0 0 0 0 2 0 1 0 1 0 0 0 0 1 0 0 2 1 2 1 0 1 2 0 0 2 0 0 0 1 0 0 1 0 0 0 0 0 1 1 1 0 2 0 1 0 0 0 0 0 0 0 0 0 0 0 0 0 0 
33 32 32 0 0 0 0 0 0 32 32 32 2 0 2 0 2 0 34 34 34 0 0 0 0 0 2 0 1 0 1 0 0 16 16 17 0 0 2 1 2 1 16 17 18 0 0 2 0 0 0 17 16 16 1 0 0 0 0 0 17 17 17 0 2 0 1 0 0 16 16 16 0 0 0 0 0 0 16 16 16 
0
2 2 0 0 0 1 0 0 1 
1 0 0 0 0 0 0 0 0 0 0 0 2 2 2 0 2 0 2 2 2 0 0 0 0 0 2 0 1 0 1 0 0 0 0 1 0 0 2 1 2 1 0 1 2 0 0 2 0 0 0 1 0 0 1 0 0 0 0 0 1 1 1 0 2 0 1 0 0 0 0 0 0 0 0 0 0 0 0 0 0 
33 32 32 32 32 32 0 0 0 32 32 32 34 34 34 0 2 0 34 34 34 32 32 32 0 0 2 0 1 0 1 0 0 16 16 17 0 0 2 1 2 1 16 17 18 0 0 2 0 0 0 17 16 16 1 0 0 0 0 0 17 17 17 0 2 0 1 0 0 16 16 16 0 0 0 0 0 0 16 16 16 
0
2 2 0 0 0 1 0 0 1 
1 0 0 0 0 0 0 0 0 0 0 0 2 2 2 0 2 0 2 2 2 0 0 0 0 0 2 0 1 0 1 0 0 0 0 1 0 0 2 1 2 1 0 1 2 0 0 2 0 1 0 1 0 0 1 0 0 0 0 0 1 1 1 0 2 0 1 0 0 0 0 0 0 0 0 0 0 0 0 0 0 
33 32 32 32 32 32 0 0 0 32 32 32 34 34 34 0 2 0 34 34 34 32 32 32 0 0 2 0 1 0 1 0 0 16 16 17 0 0 2 1 2 1 16 17 18 0 0 2 0 1 0 17 16 16 1 0 0 0 0 0 17 17 17 0 2 0 1 0 0 16 16 16 0 0 0 0 0 0 16 16 16 
0
2 2 0 0 0 1 0 0 1 
1 0 0 0 0 0 0 0 0 0 0 0 2 2 2 0 2 0 2 2 2 0 0 0 0 0 2 0 1 0 1 0 0 0 0 1 0 0 2 1 2 1 0 1 2 0 0 2 0 1 0 1 0 0 1 0 0 0 0 0 1 1 1 0 2 0 1 0 0 0 0 0 0 0 0 0 2 0 0 0 0 
33 32 32 32 32 32 0 0 0 32 32 32 34 34 34 0 2 0 34 34 34 32 32 32 0 0 2 0 1 0 1 0 0 16 16 17 0 0 2 1 2 1 16 17 18 0 0 2 0 1 0 17 16 16 1 0 0 0 0 0 17 17 17 0 2 0 1 0 0 16 16 16 0 0 0 0 2 0 16 16 16 
0
2 2 0 0 0 1 0 0 1 
1 0 0 0 0 0 0 0 0 0 0 0 2 2 2 0 2 0 2 2 2 0 0 0 0 0 2 0 1 0 1 0 0 0 0 1 0 0 2 1 2 1 0 1 2 0 0 2 0 1 0 1 0 0 1 0 0 0 0 0 1 1 1 0 2 0 1 1 0 0 0 0 0 0 0 0 2 0 0 0 0 
33 32 32 32 32 32 0 0 0 32 32 32 34 34 34 0 2 0 34 34 34 32 32 32 0 0 2 0 1 0 1 0 0 16 16 17 0 0 2 1 2 1 16 17 18 0 0 2 0 1 0 17 16 16 1 0 0 0 0 0 17 17 17 0 2 0 1 1 0 16 16 16 0 0 0 0 2 0 16 16 16 
0
2 2 0 0 0 1 0 0 1 
1 0 0 0 0 0 0 0 0 0 0 0 2 2 2 0 2 0 2 2 2 0 0 0 0 0 2 0 1 0 1 0 0 0 0 1 0 0 2 1 2 1 0 1 2 0 0 2 2 1 0 1 0 0 1 0 0 0 0 0 1 1 1 0 2 0 1 1 0 0 0 0 0 0 0 0 2 0 0 0 0 
33 32 32 32 32 32 0 0 0 32 32 32 34 34 34 0 2 0 34 34 34 32 32 32 0 0 2 0 1 0 1 0 0 16 16 17 0 0 2 1 2 1 16 17 18 0 0 2 2 1 0 17 16 16 1 0 0 0 0 0 17 17 17 0 2 0 1 1 0 16 16 16 0 0 0 0 2 0 16 16 16 
0
2 2 0 0 0 1 0 0 1 
1 0 0 0 0 0 0 0 0 0 0 0 2 2 2 0 2 0 2 2 2 0 0 0 0 0 2 0 1 0 1 0 0 0 0 1 0 0 2 1 2 1 0 1 2 0 0 2 2 1 0 1 0 0 1 0 0 0 0 0 1 1 1 0 2 0 1 1 0 0 0 0 1 0 0 0 2 0 0 0 0 
33 32 32 32 32 32 0 0 0 32 32 32 34 34 34 0 2 0 34 34 34 32 32 32 0 0 2 0 1 0 1 0 0 16 16 17 0 0 2 1 2 1 16 17 18 0 0 2 2 1 0 17 16 16 1 0 0 0 0 0 17 17 17 0 2 0 1 1 0 16 16 16 1 0 0 0 2 0 16 16 16 
0
2 2 0 0 0 1 0 0 1 
1 0 0 0 0 0 0 0 0 0 0 0 2 2 2 0 2 0 2 2 2 0 0 0 0 0 2 0 1 0 1 0 0 0 0 1 0 0 2 1 2 1 0 1 2 0 0 2 2 1 0 1 0 0 1 0 0 0 0 0 1 1 1 0 2 0 1 1 0 0 0 0 1 2 0 0 2 0 0 0 0 
33 32 32 32 32 32 0 0 0 32 32 32 34 34 34 0 2 0 34 34 34 32 32 32 0 0 2 0 1 0 1 0 0 16 16 17 0 0 2 1 2 1 16 17 18 0 0 2 2 1 0 17 16 16 1 0 0 0 0 0 17 17 17 0 2 0 1 1 0 16 16 16 1 2 0 0 2 0 16 16 16 
0
2 2 0 0 0 1 0 0 1 
1 0 0 0 0 0 0 0 0 0 0 0 2 2 2 0 2 0 2 2 2 0 0 0 0 0 2 0 1 0 1 0 0 0 0 1 0 0 2 1 2 1 0 1 2 0 0 2 2 1 0 1 0 0 1 0 0 0 0 0 1 1 1 0 2 0 1 1 0 0 0 0 1 2 0 1 2 0 0 0 0 
33 32 32 32 32 32 0 0 0 32 32 32 34 34 34 0 2 0 34 34 34 32 32 32 0 0 2 0 1 0 1 0 0 16 16 17 0 0 2 1 2 1 16 17 18 0 0 2 2 1 0 17 16 16 1 0 0 0 0 0 17 17 17 0 2 0 1 1 0 16 16 16 1 2 0 1 2 0 16 16 16 
0
2 2 0 0 0 1 2 0 1 
1 0 0 0 0 0 0 0 0 0 0 0 2 2 2 0 2 0 2 2 2 0 0 0 0 0 2 0 1 0 1 0 0 0 0 1 0 0 2 1 2 1 0 1 2 0 0 2 2 1 0 1 0 0 1 2 0 0 0 0 1 1 1 0 2 0 1 1 0 0 0 0 1 2 0 1 2 0 0 0 0 
33 32 32 32 32 32 0 0 0 32 32 32 34 34 34 0 2 0 34 34 34 32 32 32 0 0 2 0 1 0 1 0 0 16 16 17 0 0 2 1 2 1 16 17 18 0 0 2 2 1 0 17 16 16 33 34 32 0 0 0 17 17 17 32 34 32 1 1 0 16 16 16 33 34 32 1 2 0 16 16 16 
0
2 2 0 0 0 1 2 0 1 
1 0 0 0 0 0 0 0 0 0 0 0 2 2 2 0 2 0 2 2 2 0 0 0 0 0 2 0 1 0 1 0 0 0 0 1 0 0 2 1 2 1 0 1 2 0 1 2 2 1 0 1 0 0 1 2 0 0 0 0 1 1 1 0 2 0 1 1 0 0 0 0 1 2 0 1 2 0 0 0 0 
33 32 32 32 32 32 0 0 0 32 32 32 34 34 34 0 2 0 34 34 34 32 32 32 0 0 2 0 1 0 1 0 0 16 16 17 0 0 2 1 2 1 16 17 18 0 1 2 2 1 0 17 16 16 33 34 32 0 0 0 17 17 17 32 34 32 1 1 0 16 16 16 33 34 32 1 2 0 16 16 16 
0
2 2 0 0 0 1 2 0 1 
1 0 0 0 0 0 0 0 0 0 0 0 2 2 2 0 2 0 2 2 2 0 0 0 0 0 2 0 1 0 1 0 0 0 0 1 0 0 2 1 2 1 0 1 2 0 1 2 2 1 0 1 0 0 1 2 0 0 0 2 1 1 1 0 2 0 1 1 0 0 0 0 1 2 0 1 2 0 0 0 0 
33 32 32 32 32 32 0 0 0 32 32 32 34 34 34 0 2 0 34 34 34 32 32 32 0 0 2 0 1 0 1 0 0 16 16 17 0 0 2 1 2 1 16 17 18 0 1 2 2 1 0 17 16 16 33 34 32 0 0 2 17 17 17 32 34 32 1 1 0 16 16 16 33 34 32 1 2 0 16 16 16 
0
2 2 0 0 0 1 2 0 1 
1 0 0 0 0 0 0 0 0 0 0 0 2 2 2 0 2 0 2 2 2 0 0 0 0 1 2 0 1 0 1 0 0 0 0 1 0 0 2 1 2 1 0 1 2 0 1 2 2 1 0 1 0 0 1 2 0 0 0 2 1 1 1 0 2 0 1 1 0 0 0 0 1 2 0 1 2 0 0 0 0 
33 32 32 32 32 32 0 0 0 32 32 32 34 34 34 0 2 0 34 34 34 32 32 32 0 1 2 0 1 0 1 0 0 16 16 17 0 0 2 1 2 1 16 17 18 0 1 2 2 1 0 17 16 16 33 34 32 0 0 2 17 17 17 32 34 32 1 1 0 16 16 16 33 34 32 1 2 0 16 16 16 
0
2 2 0 0 0 1 2 0 1 
1 0 0 0 0 0 0 0 0 0 0 0 2 2 2 0 2 0 2 2 2 0 0 0 0 1 2 0 1 0 1 0 0 0 0 1 0 0 2 1 2 1 0 1 2 0 1 2 2 1 0 1 0 0 1 2 0 0 0 2 1 1 1 0 2 0 1 1 0 0 0 0 1 2 0 1 2 2 0 0 0 
33 32 32 32 32 32 0 0 0 32 32 32 34 34 34 0 2 0 34 34 34 32 32 32 0 1 2 0 1 0 1 0 0 16 16 17 0 0 2 1 2 1 16 17 18 0 1 2 2 1 0 17 16 16 33 34 32 0 0 2 17 17 17 32 34 32 1 1 0 16 16 16 33 34 32 1 2 2 16 16 16 
0
2 2 0 1 0 1 2 0 1 
1 0 0 0 0 0 0 0 0 0 0 0 2 2 2 0 2 0 2 2 2 0 0 0 0 1 2 0 1 0 1 0 0 0 0 1 0 1 2 1 2 1 0 1 2 0 1 2 2 1 0 1 0 0 1 2 0 0 0 2 1 1 1 0 2 0 1 1 0 0 0 0 1 2 0 1 2 2 0 0 0 
33 32 32 32 32 32 0 0 0 32 32 32 34 34 34 0 2 0 34 34 34 32 32 32 0 1 2 16 17 16 1 0 0 16 16 17 16 17 18 1 2 1 16 17 18 16 17 18 2 1 0 17 16 16 33 34 32 0 0 2 17 17 17 32 34 32 1 1 0 16 16 16 33 34 32 1 2 2 16 16 16 
0
2 2 0 1 2 1 2 0 1 
1 0 0 0 0 0 0 0 0 0 0 0 2 2 2 0 2 0 2 2 2 0 0 0 0 1 2 0 1 0 1 0 2 0 0 1 0 1 2 1 2 1 0 1 2 0 1 2 2 1 0 1 0 0 1 2 0 0 0 2 1 1 1 0 2 0 1 1 0 0 0 0 1 2 0 1 2 2 0 0 0 
33 32 32 32 32 32 0 0 0 32 32 32 34 34 34 0 2 0 34 34 34 32 32 32 0 1 2 16 17 16 33 32 34 16 16 17 16 17 18 33 34 33 16 17 18 16 17 18 34 33 32 17 16 16 33 34 32 0 0 2 17 17 17 32 34 32 1 1 0 16 16 16 33 34 32 1 2 2 16 16 16 
0
2 2 0 1 2 1 2 0 1 
1 0 0 0 0 0 1 0 0 0 0 0 2 2 2 0 2 0 2 2 2 0 0 0 0 1 2 0 1 0 1 0 2 0 0 1 0 1 2 1 2 1 0 1 2 0 1 2 2 1 0 1 0 0 1 2 0 0 0 2 1 1 1 0 2 0 1 1 0 0 0 0 1 2 0 1 2 2 0 0 0 
33 32 32 32 32 32 1 0 0 32 32 32 34 34 34 0 2 0 34 34 34 32 32 32 0 1 2 16 17 16 33 32 34 16 16 17 16 17 18 33 34 33 16 17 18 16 17 18 34 33 32 17 16 16 33 34 32 0 0 2 17 17 17 32 34 32 1 1 0 16 16 16 33 34 32 1 2 2 16 16 16 
0
2 2 0 1 2 1 2 0 1 
1 0 0 0 0 0 1 2 0 0 0 0 2 2 2 0 2 0 2 2 2 0 0 0 0 1 2 0 1 0 1 0 2 0 0 1 0 1 2 1 2 1 0 1 2 0 1 2 2 1 0 1 0 0 1 2 0 0 0 2 1 1 1 0 2 0 1 1 0 0 0 0 1 2 0 1 2 2 0 0 0 
33 32 32 32 32 32 1 2 0 32 32 32 34 34 34 0 2 0 34 34 34 32 32 32 0 1 2 16 17 16 33 32 34 16 16 17 16 17 18 33 34 33 16 17 18 16 17 18 34 33 32 17 16 16 33 34 32 0 0 2 17 17 17 32 34 32 1 1 0 16 16 16 33 34 32 1 2 2 16 16 16 
0
2 2 0 1 2 1 2 0 1 
1 0 0 0 0 0 1 2 1 0 0 0 2 2 2 0 2 0 2 2 2 0 0 0 0 1 2 0 1 0 1 0 2 0 0 1 0 1 2 1 2 1 0 1 2 0 1 2 2 1 0 1 0 0 1 2 0 0 0 2 1 1 1 0 2 0 1 1 0 0 0 0 1 2 0 1 2 2 0 0 0 
33 32 32 32 32 32 1 2 1 32 32 32 34 34 34 0 2 0 34 34 34 32 32 32 0 1 2 16 17 16 33 32 34 16 16 17 16 17 18 33 34 33 16 17 18 16 17 18 34 33 32 17 16 16 33 34 32 0 0 2 17 17 17 32 34 32 1 1 0 16 16 16 33 34 32 1 2 2 16 16 16 
0
2 2 0 1 2 1 2 0 1 
1 0 0 0 0 0 1 2 1 0 0 0 2 2 2 2 2 0 2 2 2 0 0 0 0 1 2 0 1 0 1 0 2 0 0 1 0 1 2 1 2 1 0 1 2 0 1 2 2 1 0 1 0 0 1 2 0 0 0 2 1 1 1 0 2 0 1 1 0 0 0 0 1 2 0 1 2 2 0 0 0 
33 32 32 32 32 32 1 2 1 32 32 32 34 34 34 2 2 0 34 34 34 32 32 32 0 1 2 16 17 16 33 32 34 16 16 17 16 17 18 33 34 33 16 17 18 16 17 18 34 33 32 17 16 16 33 34 32 0 0 2 17 17 17 32 34 32 1 1 0 16 16 16 33 34 32 1 2 2 16 16 16 
0
2 2 0 1 2 1 2 0 1 
1 0 0 0 0 0 1 2 1 0 0 0 2 2 2 2 2 1 2 2 2 0 0 0 0 1 2 0 1 0 1 0 2 0 0 1 0 1 2 1 2 1 0 1 2 0 1 2 2 1 0 1 0 0 1 2 0 0 0 2 1 1 1 0 2 0 1 1 0 0 0 0 1 2 0 1 2 2 0 0 0 
33 32 32 32 32 32 1 2 1 32 32 32 34 34 34 2 2 1 34 34 34 32 32 32 0 1 2 16 17 16 33 32 34 16 16 17 16 17 18 33 34 33 16 17 18 16 17 18 34 33 32 17 16 16 33 34 32 0 0 2 17 17 17 32 34 32 1 1 0 16 16 16 33 34 32 1 2 2 16 16 16 
0
2 2 0 1 2 1 2 2 1 
1 0 0 0 0 0 1 2 1 0 0 0 2 2 2 2 2 1 2 2 2 0 0 0 0 1 2 0 1 0 1 0 2 0 0 1 0 1 2 1 2 1 0 1 2 0 1 2 2 1 0 1 0 0 1 2 0 0 0 2 1 1 1 0 2 0 1 1 2 0 0 0 1 2 0 1 2 2 0 0 0 
33 32 32 32 32 32 1 2 1 32 32 32 34 34 34 2 2 1 34 34 34 32 32 32 0 1 2 16 17 16 33 32 34 16 16 17 16 17 18 33 34 33 16 17 18 16 17 18 34 33 32 17 16 16 33 34 32 32 32 34 17 17 17 32 34 32 33 33 34 16 16 16 33 34 32 33 34 34 16 16 16 
0
2 2 0 1 2 1 2 2 1 
1 0 0 0 0 0 1 2 1 0 0 0 2 2 2 2 2 1 2 2 2 0 0 0 0 1 2 0 1 0 1 0 2 0 0 1 0 1 2 1 2 1 0 1 2 0 1 2 2 1 0 1 0 0 1 2 0 0 0 2 1 1 1 0 2 0 1 1 2 0 0 0 1 2 0 1 2 2 0 0 0 
33 32 32 32 32 32 1 2 1 32 32 32 34 34 34 2 2 1 34 34 34 32 32 32 0 1 2 16 17 16 33 32 34 16 16 17 16 17 18 33 34 33 16 17 18 16 17 18 34 33 32 17 16 16 33 34 32 32 32 34 17 17 17 32 34 32 33 33 34 16 16 16 33 34 32 33 34 34 16 16 16 
0
