0 0 0 0 0 0 0 0 0 
0 0 0 0 0 0 0 0 0 0 0 0 0 0 0 0 0 0 0 0 0 0 0 0 0 0 0 0 0 0 0 0 0 0 0 0 0 0 0 0 0 0 0 0 0 0 0 0 0 0 0 0 0 0 0 0 0 0 0 0 0 0 1 0 0 0 0 0 0 0 0 0 0 0 0 0 0 0 0 0 0 
0 0 0 0 0 0 0 0 0 0 0 0 0 0 0 0 0 0 0 0 0 0 0 0 0 0 0 0 0 0 0 0 0 0 0 0 0 0 0 0 0 0 0 0 0 0 0 0 0 0 0 0 0 0 0 0 0 0 0 0 0 0 1 0 0 0 0 0 0 0 0 0 0 0 0 0 0 0 0 0 0 
1
0 0 0 0 0 0 0 0 0 
0 0 0 0 0 0 0 0 0 0 0 0 0 0 0 0 0 0 0 0 0 0 0 0 0 0 2 0 0 0 0 0 0 0 0 0 0 0 0 0 0 0 0 0 0 0 0 0 0 0 0 0 0 0 0 0 0 0 0 0 0 0 1 0 0 0 0 0 0 0 0 0 0 0 0 0 0 0 0 0 0 
0 0 0 0 0 0 0 0 0 0 0 0 0 0 0 0 0 0 0 0 0 0 0 0 0 0 2 0 0 0 0 0 0 0 0 0 0 0 0 0 0 0 0 0 0 0 0 0 0 0 0 0 0 0 0 0 0 0 0 0 0 0 1 0 0 0 0 0 0 0 0 0 0 0 0 0 0 0 0 0 0 
1
0 0 0 0 0 0 0 0 0 
0 0 0 0 0 0 0 0 0 0 0 0 0 0 0 0 0 0 0 0 0 0 0 0 0 0 2 0 0 0 0 0 0 0 0 0 0 0 0 0 0 0 0 0 0 0 0 0 0 0 0 0 0 0 0 0 0 0 0 0 1 0 1 0 0 0 0 0 0 0 0 0 0 0 0 0 0 0 0 0 0 
0 0 0 0 0 0 0 0 0 0 0 0 0 0 0 0 0 0 0 0 0 0 0 0 0 0 2 0 0 0 0 0 0 0 0 0 0 0 0 0 0 0 0 0 0 0 0 0 0 0 0 0 0 0 0 0 0 0 0 0 1 0 1 0 0 0 0 0 0 0 0 0 0 0 0 0 0 0 0 0 0 
1
0 0 0 0 0 0 0 0 0 
0 0 2 0 0 0 0 0 0 0 0 0 0 0 0 0 0 0 0 0 0 0 0 0 0 0 2 0 0 0 0 0 0 0 0 0 0 0 0 0 0 0 0 0 0 0 0 0 0 0 0 0 0 0 0 0 0 0 0 0 1 0 1 0 0 0 0 0 0 0 0 0 0 0 0 0 0 0 0 0 0 
0 0 2 0 0 0 0 0 0 0 0 0 0 0 0 0 0 0 0 0 0 0 0 0 0 0 2 0 0 0 0 0 0 0 0 0 0 0 0 0 0 0 0 0 0 0 0 0 0 0 0 0 0 0 0 0 0 0 0 0 1 0 1 0 0 0 0 0 0 0 0 0 0 0 0 0 0 0 0 0 0 
1
0 0 0 0 0 0 0 0 0 
0 0 2 0 0 0 0 0 0 0 0 0 0 0 0 0 0 0 0 0 0 0 0 0 1 0 2 0 0 0 0 0 0 0 0 0 0 0 0 0 0 0 0 0 0 0 0 0 0 0 0 0 0 0 0 0 0 0 0 0 1 0 1 0 0 0 0 0 0 0 0 0 0 0 0 0 0 0 0 0 0 
0 0 2 0 0 0 0 0 0 0 0 0 0 0 0 0 0 0 0 0 0 0 0 0 1 0 2 0 0 0 0 0 0 0 0 0 0 0 0 0 0 0 0 0 0 0 0 0 0 0 0 0 0 0 0 0 0 0 0 0 1 0 1 0 0 0 0 0 0 0 0 0 0 0 0 0 0 0 0 0 0 
1
0 0 0 0 0 0 0 0 0 
0 0 2 0 0 0 0 0 0 0 0 0 0 0 0 0 0 0 0 0 0 0 0 0 1 0 2 0 0 0 0 0 0 0 0 0 0 0 0 0 0 0 0 0 0 0 0 0 0 0 0 0 0 0 0 0 0 0 0 0 1 0 1 0 2 0 0 0 0 0 0 0 0 0 0 0 0 0 0 0 0 
0 0 2 0 0 0 0 0 0 0 0 0 0 0 0 0 0 0 0 0 0 0 0 0 1 0 2 0 0 0 0 0 0 0 0 0 0 0 0 0 0 0 0 0 0 0 0 0 0 0 0 0 0 0 0 0 0 0 0 0 1 0 1 0 2 0 0 0 0 0 0 0 0 0 0 0 0 0 0 0 0 
1
0 0 0 0 0 0 0 0 0 
0 0 2 0 0 0 0 0 0 0 0 0 0 0 0 0 0 0 0 0 0 0 0 0 1 0 2 0 0 0 0 0 0 0 0 0 0 0 0 0 0 0 0 0 0 0 0 0 0 0 1 0 0 0 0 0 0 0 0 0 1 0 1 0 2 0 0 0 0 0 0 0 0 0 0 0 0 0 0 0 0 
0 0 2 0 0 0 0 0 0 0 0 0 0 0 0 0 0 0 0 0 0 0 0 0 1 0 2 0 0 0 0 0 0 0 0 0 0 0 0 0 0 0 0 0 0 0 0 0 0 0 1 0 0 0 0 0 0 0 0 0 1 0 1 0 2 0 0 0 0 0 0 0 0 0 0 0 0 0 0 0 0 
1
0 0 0 0 0 0 0 0 0 
0 0 2 0 0 0 0 0 0 0 0 0 0 0 0 0 0 0 0 0 0 0 0 0 1 0 2 0 0 0 0 0 0 0 0 0 0 0 0 0 0 0 0 0 0 0 0 0 0 0 1 0 0 0 0 0 0 0 0 0 1 2 1 0 2 0 0 0 0 0 0 0 0 0 0 0 0 0 0 0 0 
0 0 2 0 0 0 0 0 0 0 0 0 0 0 0 0 0 0 0 0 0 0 0 0 1 0 2 0 0 0 0 0 0 0 0 0 0 0 0 0 0 0 0 0 0 0 0 0 0 0 1 0 0 0 0 0 0 0 0 0 1 2 1 0 2 0 0 0 0 0 0 0 0 0 0 0 0 0 0 0 0 
1
0 0 0 0 0 0 0 0 0 
0 0 2 0 0 0 0 0 0 0 0 0 0 0 0 0 0 0 0 0 0 0 0 1 1 0 2 0 0 0 0 0 0 0 0 0 0 0 0 0 0 0 0 0 0 0 0 0 0 0 1 0 0 0 0 0 0 0 0 0 1 2 1 0 2 0 0 0 0 0 0 0 0 0 0 0 0 0 0 0 0 
0 0 2 0 0 0 0 0 0 0 0 0 0 0 0 0 0 0 0 0 0 0 0 1 1 0 2 0 0 0 0 0 0 0 0 0 0 0 0 0 0 0 0 0 0 0 0 0 0 0 1 0 0 0 0 0 0 0 0 0 1 2 1 0 2 0 0 0 0 0 0 0 0 0 0 0 0 0 0 0 0 
1
0 0 0 0 0 0 0 0 0 
0 0 2 0 0 0 0 0 0 0 0 0 0 0 0 0 0 0 0 0 0 0 0 1 1 0 2 0 0 0 0 0 0 0 0 0 0 0 0 0 0 0 0 0 0 0 0 0 0 0 1 0 0 0 0 0 0 0 0 0 1 2 1 0 2 0 0 0 0 0 0 2 0 0 0 0 0 0 0 0 0 
0 0 2 0 0 0 0 0 0 0 0 0 0 0 0 0 0 0 0 0 0 0 0 1 1 0 2 0 0 0 0 0 0 0 0 0 0 0 0 0 0 0 0 0 0 0 0 0 0 0 1 0 0 0 0 0 0 0 0 0 1 2 1 0 2 0 0 0 0 0 0 2 0 0 0 0 0 0 0 0 0 
1
0 0 0 0 0 0 0 0 0 
0 0 2 0 0 0 0 0 0 0 0 0 0 0 0 0 0 0 0 0 0 0 0 1 1 0 2 0 0 0 0 0 0 1 0 0 0 0 0 0 0 0 0 0 0 0 0 0 0 0 1 0 0 0 0 0 0 0 0 0 1 2 1 0 2 0 0 0 0 0 0 2 0 0 0 0 0 0 0 0 0 
0 0 2 0 0 0 0 0 0 0 0 0 0 0 0 0 0 0 0 0 0 0 0 1 1 0 2 0 0 0 0 0 0 1 0 0 0 0 0 0 0 0 0 0 0 0 0 0 0 0 1 0 0 0 0 0 0 0 0 0 1 2 1 0 2 0 0 0 0 0 0 2 0 0 0 0 0 0 0 0 0 
1
0 0 0 0 0 0 0 0 0 
0 0 2 0 0 0 0 0 0 2 0 0 0 0 0 0 0 0 0 0 0 0 0 1 1 0 2 0 0 0 0 0 0 1 0 0 0 0 0 0 0 0 0 0 0 0 0 0 0 0 1 0 0 0 0 0 0 0 0 0 1 2 1 0 2 0 0 0 0 0 0 2 0 0 0 0 0 0 0 0 0 
0 0 2 0 0 0 0 0 0 2 0 0 0 0 0 0 0 0 0 0 0 0 0 1 1 0 2 0 0 0 0 0 0 1 0 0 0 0 0 0 0 0 0 0 0 0 0 0 0 0 1 0 0 0 0 0 0 0 0 0 1 2 1 0 2 0 0 0 0 0 0 2 0 0 0 0 0 0 0 0 0 
1
0 0 0 0 0 0 0 0 0 
0 0 2 0 0 0 0 0 0 2 0 0 0 0 0 0 0 0 0 0 0 0 0 1 1 0 2 0 0 0 0 0 0 1 0 0 0 0 0 0 0 0 0 0 0 0 1 0 0 0 1 0 0 0 0 0 0 0 0 0 1 2 1 0 2 0 0 0 0 0 0 2 0 0 0 0 0 0 0 0 0 
0 0 2 0 0 0 0 0 0 2 0 0 0 0 0 0 0 0 0 0 0 0 0 1 1 0 2 0 0 0 0 0 0 1 0 0 0 0 0 0 0 0 0 0 0 0 1 0 0 0 1 0 0 0 0 0 0 0 0 0 1 2 1 0 2 0 0 0 0 0 0 2 0 0 0 0 0 0 0 0 0 
1
0 0 0 0 0 0 0 0 0 
0 0 2 0 0 0 0 0 0 2 0 0 0 0 0 0 0 0 0 0 0 0 0 1 1 0 2 0 0 0 0 0 0 1 0 0 0 0 0 0 0 0 0 0 0 0 1 0 0 0 1 0 0 0 0 0 0 0 0 0 1 2 1 0 2 0 0 0 0 0 0 2 0 0 0 0 2 0 0 0 0 
0 0 2 0 0 0 0 0 0 2 0 0 0 0 0 0 0 0 0 0 0 0 0 1 1 0 2 0 0 0 0 0 0 1 0 0 0 0 0 0 0 0 0 0 0 0 1 0 0 0 1 0 0 0 0 0 0 0 0 0 1 2 1 0 2 0 0 0 0 0 0 2 0 0 0 0 2 0 0 0 0 
1
0 0 0 0 0 0 0 0 0 
0 0 2 0 0 0 0 0 0 2 0 0 0 0 0 0 0 0 0 0 0 0 0 1 1 0 2 0 0 0 0 0 0 1 0 0 0 0 0 0 0 0 0 0 0 0 1 0 0 0 1 0 0 0 0 0 0 0 1 0 1 2 1 0 2 0 0 0 0 0 0 2 0 0 0 0 2 0 0 0 0 
0 0 2 0 0 0 0 0 0 2 0 0 0 0 0 0 0 0 0 0 0 0 0 1 1 0 2 0 0 0 0 0 0 1 0 0 0 0 0 0 0 0 0 0 0 0 1 0 0 0 1 0 0 0 0 0 0 0 1 0 1 2 1 0 2 0 0 0 0 0 0 2 0 0 0 0 2 0 0 0 0 
1
0 0 0 0 0 0 0 0 0 
0 0 2 0 0 0 0 0 0 2 0 0 2 0 0 0 0 0 0 0 0 0 0 1 1 0 2 0 0 0 0 0 0 1 0 0 0 0 0 0 0 0 0 0 0 0 1 0 0 0 1 0 0 0 0 0 0 0 1 0 1 2 1 0 2 0 0 0 0 0 0 2 0 0 0 0 2 0 0 0 0 
0 0 2 0 0 0 0 0 0 2 0 0 2 0 0 0 0 0 0 0 0 0 0 1 1 0 2 0 0 0 0 0 0 1 0 0 0 0 0 0 0 0 0 0 0 0 1 0 0 0 1 0 0 0 0 0 0 0 1 0 1 2 1 0 2 0 0 0 0 0 0 2 0 0 0 0 2 0 0 0 0 
1
0 0 0 0 0 0 0 0 0 
0 0 2 0 0 0 0 0 0 2 0 0 2 0 0 0 0 0 0 0 0 0 0 1 1 0 2 0 0 0 0 0 0 1 0 0 1 0 0 0 0 0 0 0 0 0 1 0 0 0 1 0 0 0 0 0 0 0 1 0 1 2 1 0 2 0 0 0 0 0 0 2 0 0 0 0 2 0 0 0 0 
0 0 2 0 0 0 0 0 0 2 0 0 2 0 0 0 0 0 0 0 0 0 0 1 1 0 2 0 0 0 0 0 0 1 0 0 1 0 0 0 0 0 0 0 0 0 1 0 0 0 1 0 0 0 0 0 0 0 1 0 1 2 1 0 2 0 0 0 0 0 0 2 0 0 0 0 2 0 0 0 0 
1
0 0 0 0 0 0 0 0 0 
0 0 2 0 0 0 0 0 0 2 0 0 2 0 0 0 0 0 0 0 0 0 0 1 1 0 2 0 0 0 0 0 0 1 0 0 1 0 2 0 0 0 0 0 0 0 1 0 0 0 1 0 0 0 0 0 0 0 1 0 1 2 1 0 2 0 0 0 0 0 0 2 0 0 0 0 2 0 0 0 0 
0 0 2 0 0 0 0 0 0 2 0 0 2 0 0 0 0 0 0 0 0 0 0 1 1 0 2 0 0 0 0 0 0 1 0 0 1 0 2 0 0 0 0 0 0 0 1 0 0 0 1 0 0 0 0 0 0 0 1 0 1 2 1 0 2 0 0 0 0 0 0 2 0 0 0 0 2 0 0 0 0 
1
0 0 0 0 0 0 0 0 0 
0 0 2 0 0 0 0 0 0 2 0 0 2 0 0 0 0 0 0 0 0 0 0 1 1 0 2 0 0 0 0 0 0 1 0 0 1 0 2 0 0 0 0 1 0 0 1 0 0 0 1 0 0 0 0 0 0 0 1 0 1 2 1 0 2 0 0 0 0 0 0 2 0 0 0 0 2 0 0 0 0 
0 0 2 0 0 0 0 0 0 2 0 0 2 0 0 0 0 0 0 0 0 0 0 1 1 0 2 0 0 0 0 0 0 1 0 0 1 0 2 0 0 0 0 1 0 0 1 0 0 0 1 0 0 0 0 0 0 0 1 0 1 2 1 0 2 0 0 0 0 0 0 2 0 0 0 0 2 0 0 0 0 
1
0 0 0 0 0 0 0 0 0 
0 0 2 0 0 0 0 0 0 2 0 0 2 0 0 0 0 0 0 0 0 0 0 1 1 0 2 0 0 0 0 0 0 1 0 0 1 0 2 0 0 0 0 1 0 0 1 0 0 2 1 0 0 0 0 0 0 0 1 0 1 2 1 0 2 0 0 0 0 0 0 2 0 0 0 0 2 0 0 0 0 
0 0 2 0 0 0 0 0 0 2 0 0 2 0 0 0 0 0 0 0 0 0 0 1 1 0 2 0 0 0 0 0 0 1 0 0 1 0 2 0 0 0 0 1 0 0 1 0 0 2 1 0 0 0 0 0 0 0 1 0 1 2 1 0 2 0 0 0 0 0 0 2 0 0 0 0 2 0 0 0 0 
1
0 0 0 0 0 0 0 0 0 
0 0 2 0 0 0 0 0 0 2 0 0 2 0 0 0 0 0 0 0 0 0 0 1 1 0 2 0 0 0 0 0 0 1 0 0 1 0 2 0 0 0 0 1 0 0 1 0 0 2 1 0 0 0 0 0 0 0 1 0 1 2 1 0 2 0 0 1 0 0 0 2 0 0 0 0 2 0 0 0 0 
0 0 2 0 0 0 0 0 0 2 0 0 2 0 0 0 0 0 0 0 0 0 0 1 1 0 2 0 0 0 0 0 0 1 0 0 1 0 2 0 0 0 0 1 0 0 1 0 0 2 1 0 0 0 0 0 0 0 1 0 1 2 1 0 2 0 0 1 0 0 0 2 0 0 0 0 2 0 0 0 0 
1
0 0 0 0 0 0 0 0 0 
0 0 2 0 0 0 0 0 0 2 0 0 2 0 0 0 0 0 0 0 0 0 0 1 1 0 2 0 0 0 0 0 2 1 0 0 1 0 2 0 0 0 0 1 0 0 1 0 0 2 1 0 0 0 0 0 0 0 1 0 1 2 1 0 2 0 0 1 0 0 0 2 0 0 0 0 2 0 0 0 0 
0 0 2 0 0 0 0 0 0 2 0 0 2 0 0 0 0 0 0 0 0 0 0 1 1 0 2 0 0 0 0 0 2 1 0 0 1 0 2 0 0 0 0 1 0 0 1 0 0 2 1 0 0 0 0 0 0 0 1 0 1 2 1 0 2 0 0 1 0 0 0 2 0 0 0 0 2 0 0 0 0 
1
0 0 0 0 0 0 0 0 0 
0 0 2 0 0 0 0 0 0 2 0 0 2 0 0 0 0 1 0 0 0 0 0 1 1 0 2 0 0 0 0 0 2 1 0 0 1 0 2 0 0 0 0 1 0 0 1 0 0 2 1 0 0 0 0 0 0 0 1 0 1 2 1 0 2 0 0 1 0 0 0 2 0 0 0 0 2 0 0 0 0 
0 0 2 0 0 0 0 0 0 2 0 0 2 0 0 0 0 1 0 0 0 0 0 1 1 0 2 0 0 0 0 0 2 1 0 0 1 0 2 0 0 0 0 1 0 0 1 0 0 2 1 0 0 0 0 0 0 0 1 0 1 2 1 0 2 0 0 1 0 0 0 2 0 0 0 0 2 0 0 0 0 
1
0 0 0 0 0 0 0 0 0 
0 0 2 0 0 0 0 0 0 2 0 0 2 0 0 0 0 1 0 0 0 0 0 1 1 0 2 0 0 0 0 0 2 1 0 0 1 0 2 0 0 0 0 1 0 0 1 0 0 2 1 0 0 2 0 0 0 0 1 0 1 2 1 0 2 0 0 1 0 0 0 2 0 0 0 0 2 0 0 0 0 
0 0 2 0 0 0 0 0 0 2 0 0 2 0 0 0 0 1 0 0 0 0 0 1 1 0 2 0 0 0 0 0 2 1 0 0 1 0 2 0 0 0 0 1 0 0 1 0 0 2 1 0 0 2 0 0 0 0 1 0 1 2 1 0 2 0 0 1 0 0 0 2 0 0 0 0 2 0 0 0 0 
1
0 0 0 0 0 0 0 0 0 
0 0 2 0 0 0 0 0 0 2 0 0 2 0 0 0 0 1 0 0 0 0 0 1 1 0 2 0 0 0 0 0 2 1 0 0 1 0 2 0 0 0 0 1 0 0 1 0 0 2 1 0 0 2 0 0 0 0 1 0 1 2 1 0 2 0 0 1 0 1 0 2 0 0 0 0 2 0 0 0 0 
0 0 2 0 0 0 0 0 0 2 0 0 2 0 0 0 0 1 0 0 0 0 0 1 1 0 2 0 0 0 0 0 2 1 0 0 1 0 2 0 0 0 0 1 0 0 1 0 0 2 1 0 0 2 0 0 0 0 1 0 1 2 1 0 2 0 0 1 0 1 0 2 0 0 0 0 2 0 0 0 0 
1
0 0 0 0 0 0 0 0 0 
0 0 2 0 0 0 0 0 0 2 0 0 2 0 0 0 0 1 0 0 0 0 0 1 1 0 2 0 0 2 0 0 2 1 0 0 1 0 2 0 0 0 0 1 0 0 1 0 0 2 1 0 0 2 0 0 0 0 1 0 1 2 1 0 2 0 0 1 0 1 0 2 0 0 0 0 2 0 0 0 0 
0 0 2 0 0 0 0 0 0 2 0 0 2 0 0 0 0 1 0 0 0 0 0 1 1 0 2 0 0 2 0 0 2 1 0 0 1 0 2 0 0 0 0 1 0 0 1 0 0 2 1 0 0 2 0 0 0 0 1 0 1 2 1 0 2 0 0 1 0 1 0 2 0 0 0 0 2 0 0 0 0 
1
0 0 0 0 0 0 0 0 0 
0 0 2 0 0 0 0 0 1 2 0 0 2 0 0 0 0 1 0 0 0 0 0 1 1 0 2 0 0 2 0 0 2 1 0 0 1 0 2 0 0 0 0 1 0 0 1 0 0 2 1 0 0 2 0 0 0 0 1 0 1 2 1 0 2 0 0 1 0 1 0 2 0 0 0 0 2 0 0 0 0 
0 0 2 0 0 0 0 0 1 2 0 0 2 0 0 0 0 1 0 0 0 0 0 1 1 0 2 0 0 2 0 0 2 1 0 0 1 0 2 0 0 0 0 1 0 0 1 0 0 2 1 0 0 2 0 0 0 0 1 0 1 2 1 0 2 0 0 1 0 1 0 2 0 0 0 0 2 0 0 0 0 
1
0 0 0 0 0 0 0 0 0 
0 0 2 0 0 0 2 0 1 2 0 0 2 0 0 0 0 1 0 0 0 0 0 1 1 0 2 0 0 2 0 0 2 1 0 0 1 0 2 0 0 0 0 1 0 0 1 0 0 2 1 0 0 2 0 0 0 0 1 0 1 2 1 0 2 0 0 1 0 1 0 2 0 0 0 0 2 0 0 0 0 
0 0 2 0 0 0 2 0 1 2 0 0 2 0 0 0 0 1 0 0 0 0 0 1 1 0 2 0 0 2 0 0 2 1 0 0 1 0 2 0 0 0 0 1 0 0 1 0 0 2 1 0 0 2 0 0 0 0 1 0 1 2 1 0 2 0 0 1 0 1 0 2 0 0 0 0 2 0 0 0 0 
1
0 0 0 0 0 0 0 0 0 
0 0 2 0 0 0 2 0 1 2 0 0 2 0 0 0 0 1 0 1 0 0 0 1 1 0 2 0 0 2 0 0 2 1 0 0 1 0 2 0 0 0 0 1 0 0 1 0 0 2 1 0 0 2 0 0 0 0 1 0 1 2 1 0 2 0 0 1 0 1 0 2 0 0 0 0 2 0 0 0 0 
0 0 2 0 0 0 2 0 1 2 0 0 2 0 0 0 0 1 0 1 0 0 0 1 1 0 2 0 0 2 0 0 2 1 0 0 1 0 2 0 0 0 0 1 0 0 1 0 0 2 1 0 0 2 0 0 0 0 1 0 1 2 1 0 2 0 0 1 0 1 0 2 0 0 0 0 2 0 0 0 0 
1
0 0 0 0 0 0 0 0 0 
0 0 2 0 0 0 2 0 1 2 0 0 2 0 0 0 0 1 0 1 0 0 0 1 1 0 2 0 0 2 0 0 2 1 0 0 1 0 2 0 0 0 0 1 0 0 1 0 0 2 1 0 0 2 0 0 0 2 1 0 1 2 1 0 2 0 0 1 0 1 0 2 0 0 0 0 2 0 0 0 0 
0 0 2 0 0 0 2 0 1 2 0 0 2 0 0 0 0 1 0 1 0 0 0 1 1 0 2 0 0 2 0 0 2 1 0 0 1 0 2 0 0 0 0 1 0 0 1 0 0 2 1 0 0 2 0 0 0 2 1 0 1 2 1 0 2 0 0 1 0 1 0 2 0 0 0 0 2 0 0 0 0 
1
0 0 0 0 0 0 0 0 0 
0 0 2 0 0 0 2 0 1 2 1 0 2 0 0 0 0 1 0 1 0 0 0 1 1 0 2 0 0 2 0 0 2 1 0 0 1 0 2 0 0 0 0 1 0 0 1 0 0 2 1 0 0 2 0 0 0 2 1 0 1 2 1 0 2 0 0 1 0 1 0 2 0 0 0 0 2 0 0 0 0 
0 0 2 0 0 0 2 0 1 2 1 0 2 0 0 0 0 1 0 1 0 0 0 1 1 0 2 0 0 2 0 0 2 1 0 0 1 0 2 0 0 0 0 1 0 0 1 0 0 2 1 0 0 2 0 0 0 2 1 0 1 2 1 0 2 0 0 1 0 1 0 2 0 0 0 0 2 0 0 0 0 
1
0 0 0 0 0 0 0 0 0 
0 0 2 0 0 0 2 0 1 2 1 0 2 0 0 0 0 1 0 1 0 0 0 1 1 0 2 0 0 2 0 0 2 1 0 0 1 0 2 0 0 2 0 1 0 0 1 0 0 2 1 0 0 2 0 0 0 2 1 0 1 2 1 0 2 0 0 1 0 1 0 2 0 0 0 0 2 0 0 0 0 
0 0 2 0 0 0 2 0 1 2 1 0 2 0 0 0 0 1 0 1 0 0 0 1 1 0 2 0 0 2 0 0 2 1 0 0 1 0 2 0 0 2 0 1 0 0 1 0 0 2 1 0 0 2 0 0 0 2 1 0 1 2 1 0 2 0 0 1 0 1 0 2 0 0 0 0 2 0 0 0 0 
1
0 0 0 0 0 0 0 0 0 
0 0 2 0 0 0 2 0 1 2 1 0 2 0 0 0 0 1 0 1 0 0 0 1 1 0 2 0 0 2 0 0 2 1 0 0 1 0 2 0 0 2 0 1 0 0 1 0 0 2 1 1 0 2 0 0 0 2 1 0 1 2 1 0 2 0 0 1 0 1 0 2 0 0 0 0 2 0 0 0 0 
0 0 2 0 0 0 2 0 1 2 1 0 2 0 0 0 0 1 0 1 0 0 0 1 1 0 2 0 0 2 0 0 2 1 0 0 1 0 2 0 0 2 0 1 0 0 1 0 0 2 1 1 0 2 0 0 0 2 1 0 1 2 1 0 2 0 0 1 0 1 0 2 0 0 0 0 2 0 0 0 0 
1
0 0 0 0 0 0 0 0 0 
0 0 2 0 0 0 2 0 1 2 1 0 2 0 0 0 0 1 0 1 0 0 0 1 1 0 2 0 0 2 0 0 2 1 0 0 1 0 2 0 0 2 0 1 0 0 1 0 0 2 1 1 0 2 0 0 0 2 1 0 1 2 1 0 2 0 0 1 0 1 0 2 2 0 0 0 2 0 0 0 0 
0 0 2 0 0 0 2 0 1 2 1 0 2 0 0 0 0 1 0 1 0 0 0 1 1 0 2 0 0 2 0 0 2 1 0 0 1 0 2 0 0 2 0 1 0 0 1 0 0 2 1 1 0 2 0 0 0 2 1 0 1 2 1 0 2 0 0 1 0 1 0 2 2 0 0 0 2 0 0 0 0 
1
0 0 0 0 0 0 0 0 0 
0 0 2 0 0 0 2 0 1 2 1 0 2 0 0 0 0 1 0 1 0 0 0 1 1 0 2 0 0 2 0 0 2 1 0 0 1 0 2 0 0 2 0 1 0 0 1 0 0 2 1 1 0 2 0 0 1 2 1 0 1 2 1 0 2 0 0 1 0 1 0 2 2 0 0 0 2 0 0 0 0 
0 0 2 0 0 0 2 0 1 2 1 0 2 0 0 0 0 1 0 1 0 0 0 1 1 0 2 0 0 2 0 0 2 1 0 0 1 0 2 0 0 2 0 1 0 0 1 0 0 2 1 1 0 2 0 0 1 2 1 0 1 2 1 0 2 0 0 1 0 1 0 2 2 0 0 0 2 0 0 0 0 
1
0 0 0 0 0 0 0 0 0 
0 0 2 0 0 0 2 0 1 2 1 0 2 0 0 2 0 1 0 1 0 0 0 1 1 0 2 0 0 2 0 0 2 1 0 0 1 0 2 0 0 2 0 1 0 0 1 0 0 2 1 1 0 2 0 0 1 2 1 0 1 2 1 0 2 0 0 1 0 1 0 2 2 0 0 0 2 0 0 0 0 
0 0 2 0 0 0 2 0 1 2 1 0 2 0 0 2 0 1 0 1 0 0 0 1 1 0 2 0 0 2 0 0 2 1 0 0 1 0 2 0 0 2 0 1 0 0 1 0 0 2 1 1 0 2 0 0 1 2 1 0 1 2 1 0 2 0 0 1 0 1 0 2 2 0 0 0 2 0 0 0 0 
1
0 0 0 0 0 0 0 0 0 
0 0 2 0 0 0 2 0 1 2 1 0 2 0 0 2 0 1 0 1 0 0 0 1 1 0 2 0 0 2 0 0 2 1 0 0 1 0 2 0 0 2 0 1 0 0 1 1 0 2 1 1 0 2 0 0 1 2 1 0 1 2 1 0 2 0 0 1 0 1 0 2 2 0 0 0 2 0 0 0 0 
0 0 2 0 0 0 2 0 1 2 1 0 2 0 0 2 0 1 0 1 0 0 0 1 1 0 2 0 0 2 0 0 2 1 0 0 1 0 2 0 0 2 0 1 0 0 1 1 0 2 1 1 0 2 0 0 1 2 1 0 1 2 1 0 2 0 0 1 0 1 0 2 2 0 0 0 2 0 0 0 0 
1
0 0 0 0 0 0 0 0 0 
0 0 2 0 0 0 2 0 1 2 1 0 2 0 0 2 0 1 0 1 0 0 0 1 1 0 2 0 0 2 0 0 2 1 0 0 1 0 2 0 0 2 0 1 0 0 1 1 0 2 1 1 0 2 0 0 1 2 1 0 1 2 1 0 2 0 0 1 0 1 0 2 2 0 0 0 2 0 0 0 2 
0 0 2 0 0 0 2 0 1 2 1 0 2 0 0 2 0 1 0 1 0 0 0 1 1 0 2 0 0 2 0 0 2 1 0 0 1 0 2 0 0 2 0 1 0 0 1 1 0 2 1 1 0 2 0 0 1 2 1 0 1 2 1 0 2 0 0 1 0 1 0 2 2 0 0 0 2 0 0 0 2 
1
0 0 0 0 0 0 0 0 1 
0 0 2 0 0 0 2 0 1 2 1 0 2 0 0 2 0 1 0 1 0 0 0 1 1 0 2 0 0 2 0 0 2 1 0 0 1 0 2 0 0 2 0 1 0 0 1 1 0 2 1 1 0 2 0 0 1 2 1 0 1 2 1 0 2 0 0 1 0 1 0 2 2 0 0 0 2 0 1 0 2 
0 0 2 0 0 0 2 0 1 2 1 0 2 0 0 2 0 1 0 1 0 0 0 1 1 0 2 0 0 2 0 0 2 1 0 0 1 0 2 0 0 2 0 1 0 0 1 1 0 2 1 1 0 2 0 0 1 2 1 0 17 18 17 0 2 0 0 1 0 17 16 18 2 0 0 0 2 0 17 16 18 
1
0 0 0 0 0 0 0 0 1 
0 0 2 0 0 0 2 0 1 2 1 0 2 0 0 2 0 1 0 1 0 0 0 1 1 0 2 0 0 2 0 0 2 1 0 0 1 0 2 0 0 2 0 1 0 0 1 1 0 2 1 1 0 2 0 0 1 2 1 0 1 2 1 2 2 0 0 1 0 1 0 2 2 0 0 0 2 0 1 0 2 
0 0 2 0 0 0 2 0 1 2 1 0 2 0 0 2 0 1 0 1 0 0 0 1 1 0 2 0 0 2 0 0 2 1 0 0 1 0 2 0 0 2 0 1 0 0 1 1 0 2 1 1 0 2 0 0 1 2 1 0 17 18 17 2 2 0 0 1 0 17 16 18 2 0 0 0 2 0 17 16 18 
1
0 0 0 0 0 0 0 0 1 
0 0 2 0 0 0 2 0 1 2 1 0 2 0 0 2 0 1 0 1 0 0 0 1 1 0 2 0 0 2 0 0 2 1 0 0 1 1 2 0 0 2 0 1 0 0 1 1 0 2 1 1 0 2 0 0 1 2 1 0 1 2 1 2 2 0 0 1 0 1 0 2 2 0 0 0 2 0 1 0 2 
0 0 2 0 0 0 2 0 1 2 1 0 2 0 0 2 0 1 0 1 0 0 0 1 1 0 2 0 0 2 0 0 2 1 0 0 1 1 2 0 0 2 0 1 0 0 1 1 0 2 1 1 0 2 0 0 1 2 1 0 17 18 17 2 2 0 0 1 0 17 16 18 2 0 0 0 2 0 17 16 18 
1
0 0 0 0 0 0 0 0 1 
0 0 2 0 0 0 2 0 1 2 1 0 2 0 0 2 0 1 0 1 0 0 0 1 1 0 2 0 0 2 0 0 2 1 0 0 1 1 2 0 0 2 0 1 0 0 1 1 2 2 1 1 0 2 0 0 1 2 1 0 1 2 1 2 2 0 0 1 0 1 0 2 2 0 0 0 2 0 1 0 2 
0 0 2 0 0 0 2 0 1 2 1 0 2 0 0 2 0 1 0 1 0 0 0 1 1 0 2 0 0 2 0 0 2 1 0 0 1 1 2 0 0 2 0 1 0 0 1 1 2 2 1 1 0 2 0 0 1 2 1 0 17 18 17 2 2 0 0 1 0 17 16 18 2 0 0 0 2 0 17 16 18 
1
0 0 0 0 0 0 0 0 1 
0 0 2 0 0 0 2 0 1 2 1 0 2 0 0 2 0 1 0 1 0 0 0 1 1 0 2 0 0 2 0 0 2 1 0 0 1 1 2 0 0 2 0 1 0 0 1 1 2 2 1 1 0 2 0 1 1 2 1 0 1 2 1 2 2 0 0 1 0 1 0 2 2 0 0 0 2 0 1 0 2 
0 0 2 0 0 0 2 0 1 2 1 0 2 0 0 2 0 1 0 1 0 0 0 1 1 0 2 0 0 2 0 0 2 1 0 0 1 1 2 0 0 2 0 1 0 0 1 1 2 2 1 1 0 2 0 1 1 2 1 0 17 18 17 2 2 0 0 1 0 17 16 18 2 0 0 0 2 0 17 16 18 
1
0 0 0 0 0 0 0 0 1 
0 0 2 0 0 0 2 0 1 2 1 0 2 2 0 2 0 1 0 1 0 0 0 1 1 0 2 0 0 2 0 0 2 1 0 0 1 1 2 0 0 2 0 1 0 0 1 1 2 2 1 1 0 2 0 1 1 2 1 0 1 2 1 2 2 0 0 1 0 1 0 2 2 0 0 0 2 0 1 0 2 
0 0 2 0 0 0 2 0 1 2 1 0 2 2 0 2 0 1 0 1 0 0 0 1 1 0 2 0 0 2 0 0 2 1 0 0 1 1 2 0 0 2 0 1 0 0 1 1 2 2 1 1 0 2 0 1 1 2 1 0 17 18 17 2 2 0 0 1 0 17 16 18 2 0 0 0 2 0 17 16 18 
1
0 0 0 0 0 0 0 0 1 
0 0 2 0 0 0 2 0 1 2 1 0 2 2 0 2 0 1 0 1 0 0 0 1 1 0 2 0 0 2 0 0 2 1 0 0 1 1 2 1 0 2 0 1 0 0 1 1 2 2 1 1 0 2 0 1 1 2 1 0 1 2 1 2 2 0 0 1 0 1 0 2 2 0 0 0 2 0 1 0 2 
0 0 2 0 0 0 2 0 1 2 1 0 2 2 0 2 0 1 0 1 0 0 0 1 1 0 2 0 0 2 0 0 2 1 0 0 1 1 2 1 0 2 0 1 0 0 1 1 2 2 1 1 0 2 0 1 1 2 1 0 17 18 17 2 2 0 0 1 0 17 16 18 2 0 0 0 2 0 17 16 18 
1
0 0 0 0 0 0 0 0 1 
0 0 2 0 0 0 2 0 1 2 1 0 2 2 0 2 0 1 0 1 0 0 0 1 1 0 2 2 0 2 0 0 2 1 0 0 1 1 2 1 0 2 0 1 0 0 1 1 2 2 1 1 0 2 0 1 1 2 1 0 1 2 1 2 2 0 0 1 0 1 0 2 2 0 0 0 2 0 1 0 2 
0 0 2 0 0 0 2 0 1 2 1 0 2 2 0 2 0 1 0 1 0 0 0 1 1 0 2 2 0 2 0 0 2 1 0 0 1 1 2 1 0 2 0 1 0 0 1 1 2 2 1 1 0 2 0 1 1 2 1 0 17 18 17 2 2 0 0 1 0 17 16 18 2 0 0 0 2 0 17 16 18 
1
0 0 0 0 0 0 0 0 1 
1 0 2 0 0 0 2 0 1 2 1 0 2 2 0 2 0 1 0 1 0 0 0 1 1 0 2 2 0 2 0 0 2 1 0 0 1 1 2 1 0 2 0 1 0 0 1 1 2 2 1 1 0 2 0 1 1 2 1 0 1 2 1 2 2 0 0 1 0 1 0 2 2 0 0 0 2 0 1 0 2 
1 0 2 0 0 0 2 0 1 2 1 0 2 2 0 2 0 1 0 1 0 0 0 1 1 0 2 2 0 2 0 0 2 1 0 0 1 1 2 1 0 2 0 1 0 0 1 1 2 2 1 1 0 2 0 1 1 2 1 0 17 18 17 2 2 0 0 1 0 17 16 18 2 0 0 0 2 0 17 16 18 
1
0 0 0 0 0 0 0 0 1 
1 2 2 0 0 0 2 0 1 2 1 0 2 2 0 2 0 1 0 1 0 0 0 1 1 0 2 2 0 2 0 0 2 1 0 0 1 1 2 1 0 2 0 1 0 0 1 1 2 2 1 1 0 2 0 1 1 2 1 0 1 2 1 2 2 0 0 1 0 1 0 2 2 0 0 0 2 0 1 0 2 
1 2 2 0 0 0 2 0 1 2 1 0 2 2 0 2 0 1 0 1 0 0 0 1 1 0 2 2 0 2 0 0 2 1 0 0 1 1 2 1 0 2 0 1 0 0 1 1 2 2 1 1 0 2 0 1 1 2 1 0 17 18 17 2 2 0 0 1 0 17 16 18 2 0 0 0 2 0 17 16 18 
1
0 0 0 0 0 0 0 0 1 
1 2 2 0 0 0 2 0 1 2 1 0 2 2 1 2 0 1 0 1 0 0 0 1 1 0 2 2 0 2 0 0 2 1 0 0 1 1 2 1 0 2 0 1 0 0 1 1 2 2 1 1 0 2 0 1 1 2 1 0 1 2 1 2 2 0 0 1 0 1 0 2 2 0 0 0 2 0 1 0 2 
1 2 2 0 0 0 2 0 1 2 1 0 2 2 1 2 0 1 0 1 0 0 0 1 1 0 2 2 0 2 0 0 2 1 0 0 1 1 2 1 0 2 0 1 0 0 1 1 2 2 1 1 0 2 0 1 1 2 1 0 17 18 17 2 2 0 0 1 0 17 16 18 2 0 0 0 2 0 17 16 18 
1
0 0 0 0 0 0 0 0 1 
1 2 2 0 0 0 2 0 1 2 1 0 2 2 1 2 0 1 0 1 0 0 0 1 1 0 2 2 0 2 0 0 2 1 0 0 1 1 2 1 0 2 0 1 2 0 1 1 2 2 1 1 0 2 0 1 1 2 1 0 1 2 1 2 2 0 0 1 0 1 0 2 2 0 0 0 2 0 1 0 2 
1 2 2 0 0 0 2 0 1 2 1 0 2 2 1 2 0 1 0 1 0 0 0 1 1 0 2 2 0 2 0 0 2 1 0 0 1 1 2 1 0 2 0 1 2 0 1 1 2 2 1 1 0 2 0 1 1 2 1 0 17 18 17 2 2 0 0 1 0 17 16 18 2 0 0 0 2 0 17 16 18 
1
0 0 0 0 0 0 0 0 1 
1 2 2 0 0 0 2 0 1 2 1 0 2 2 1 2 0 1 0 1 0 0 0 1 1 0 2 2 0 2 0 0 2 1 0 0 1 1 2 1 0 2 0 1 2 0 1 1 2 2 1 1 1 2 0 1 1 2 1 0 1 2 1 2 2 0 0 1 0 1 0 2 2 0 0 0 2 0 1 0 2 
1 2 2 0 0 0 2 0 1 2 1 0 2 2 1 2 0 1 0 1 0 0 0 1 1 0 2 2 0 2 0 0 2 1 0 0 1 1 2 1 0 2 0 1 2 0 1 1 2 2 1 1 1 2 0 1 1 2 1 0 17 18 17 2 2 0 0 1 0 17 16 18 2 0 0 0 2 0 17 16 18 
1
0 0 0 0 0 0 0 0 1 
1 2 2 0 0 0 2 0 1 2 1 0 2 2 1 2 0 1 0 1 0 0 0 1 1 0 2 2 0 2 0 0 2 1 0 0 1 1 2 1 0 2 0 1 2 0 1 1 2 2 1 1 1 2 0 1 1 2 1 2 1 2 1 2 2 0 0 1 0 1 0 2 2 0 0 0 2 0 1 0 2 
1 2 2 0 0 0 2 0 1 2 1 0 2 2 1 2 0 1 0 1 0 0 0 1 1 0 2 2 0 2 0 0 2 1 0 0 1 1 2 1 0 2 0 1 2 0 1 1 2 2 1 1 1 2 0 1 1 2 1 2 17 18 17 2 2 0 0 1 0 17 16 18 2 0 0 0 2 0 17 16 18 
1
0 0 0 0 0 0 0 0 1 
1 2 2 0 0 0 2 0 1 2 1 0 2 2 1 2 0 1 0 1 0 0 0 1 1 1 2 2 0 2 0 0 2 1 0 0 1 1 2 1 0 2 0 1 2 0 1 1 2 2 1 1 1 2 0 1 1 2 1 2 1 2 1 2 2 0 0 1 0 1 0 2 2 0 0 0 2 0 1 0 2 
1 2 2 0 0 0 2 0 1 2 1 0 2 2 1 2 0 1 0 1 0 0 0 1 1 1 2 2 0 2 0 0 2 1 0 0 1 1 2 1 0 2 0 1 2 0 1 1 2 2 1 1 1 2 0 1 1 2 1 2 17 18 17 2 2 0 0 1 0 17 16 18 2 0 0 0 2 0 17 16 18 
1
0 0 0 0 0 0 0 0 1 
1 2 2 0 0 0 2 0 1 2 1 0 2 2 1 2 0 1 0 1 0 0 0 1 1 1 2 2 0 2 0 0 2 1 0 0 1 1 2 1 0 2 0 1 2 0 1 1 2 2 1 1 1 2 0 1 1 2 1 2 1 2 1 2 2 0 0 1 2 1 0 2 2 0 0 0 2 0 1 0 2 
1 2 2 0 0 0 2 0 1 2 1 0 2 2 1 2 0 1 0 1 0 0 0 1 1 1 2 2 0 2 0 0 2 1 0 0 1 1 2 1 0 2 0 1 2 0 1 1 2 2 1 1 1 2 0 1 1 2 1 2 17 18 17 2 2 0 0 1 2 17 16 18 2 0 0 0 2 0 17 16 18 
1
0 0 0 0 0 1 0 0 1 
1 2 2 0 0 0 2 0 1 2 1 0 2 2 1 2 0 1 0 1 0 0 0 1 1 1 2 2 0 2 0 0 2 1 0 1 1 1 2 1 0 2 0 1 2 0 1 1 2 2 1 1 1 2 0 1 1 2 1 2 1 2 1 2 2 0 0 1 2 1 0 2 2 0 0 0 2 0 1 0 2 
1 2 2 0 0 0 2 0 1 2 1 0 2 2 1 2 0 1 0 1 0 0 0 1 1 1 2 2 0 2 0 0 2 17 16 17 1 1 2 1 0 2 16 17 18 0 1 1 2 2 1 17 17 18 0 1 1 2 1 2 17 18 17 2 2 0 0 1 2 17 16 18 2 0 0 0 2 0 17 16 18 
1
0 0 0 0 0 1 0 0 1 
1 2 2 0 0 0 2 2 1 2 1 0 2 2 1 2 0 1 0 1 0 0 0 1 1 1 2 2 0 2 0 0 2 1 0 1 1 1 2 1 0 2 0 1 2 0 1 1 2 2 1 1 1 2 0 1 1 2 1 2 1 2 1 2 2 0 0 1 2 1 0 2 2 0 0 0 2 0 1 0 2 
1 2 2 0 0 0 2 2 1 2 1 0 2 2 1 2 0 1 0 1 0 0 0 1 1 1 2 2 0 2 0 0 2 17 16 17 1 1 2 1 0 2 16 17 18 0 1 1 2 2 1 17 17 18 0 1 1 2 1 2 17 18 17 2 2 0 0 1 2 17 16 18 2 0 0 0 2 0 17 16 18 
1
0 0 0 0 0 1 0 0 1 
1 2 2 1 0 0 2 2 1 2 1 0 2 2 1 2 0 1 0 1 0 0 0 1 1 1 2 2 0 2 0 0 2 1 0 1 1 1 2 1 0 2 0 1 2 0 1 1 2 2 1 1 1 2 0 1 1 2 1 2 1 2 1 2 2 0 0 1 2 1 0 2 2 0 0 0 2 0 1 0 2 
1 2 2 1 0 0 2 2 1 2 1 0 2 2 1 2 0 1 0 1 0 0 0 1 1 1 2 2 0 2 0 0 2 17 16 17 1 1 2 1 0 2 16 17 18 0 1 1 2 2 1 17 17 18 0 1 1 2 1 2 17 18 17 2 2 0 0 1 2 17 16 18 2 0 0 0 2 0 17 16 18 
1
0 0 0 0 0 1 0 0 1 
1 2 2 1 0 0 2 2 1 2 1 2 2 2 1 2 0 1 0 1 0 0 0 1 1 1 2 2 0 2 0 0 2 1 0 1 1 1 2 1 0 2 0 1 2 0 1 1 2 2 1 1 1 2 0 1 1 2 1 2 1 2 1 2 2 0 0 1 2 1 0 2 2 0 0 0 2 0 1 0 2 
1 2 2 1 0 0 2 2 1 2 1 2 2 2 1 2 0 1 0 1 0 0 0 1 1 1 2 2 0 2 0 0 2 17 16 17 1 1 2 1 0 2 16 17 18 0 1 1 2 2 1 17 17 18 0 1 1 2 1 2 17 18 17 2 2 0 0 1 2 17 16 18 2 0 0 0 2 0 17 16 18 
1
0 0 0 0 0 1 0 0 1 
1 2 2 1 0 0 2 2 1 2 1 2 2 2 1 2 0 1 0 1 0 0 0 1 1 1 2 2 0 2 0 0 2 1 0 1 1 1 2 1 0 2 0 1 2 0 1 1 2 2 1 1 1 2 0 1 1 2 1 2 1 2 1 2 2 0 0 1 2 1 0 2 2 0 0 0 2 1 1 0 2 
1 2 2 1 0 0 2 2 1 2 1 2 2 2 1 2 0 1 0 1 0 0 0 1 1 1 2 2 0 2 0 0 2 17 16 17 1 1 2 1 0 2 16 17 18 0 1 1 2 2 1 17 17 18 0 1 1 2 1 2 17 18 17 2 2 0 0 1 2 17 16 18 2 0 0 0 2 1 17 16 18 
1
0 0 0 0 0 1 0 0 1 
1 2 2 1 0 0 2 2 1 2 1 2 2 2 1 2 0 1 0 1 0 0 0 1 1 1 2 2 0 2 0 0 2 1 0 1 1 1 2 1 0 2 0 1 2 0 1 1 2 2 1 1 1 2 0 1 1 2 1 2 1 2 1 2 2 0 2 1 2 1 0 2 2 0 0 0 2 1 1 0 2 
1 2 2 1 0 0 2 2 1 2 1 2 2 2 1 2 0 1 0 1 0 0 0 1 1 1 2 2 0 2 0 0 2 17 16 17 1 1 2 1 0 2 16 17 18 0 1 1 2 2 1 17 17 18 0 1 1 2 1 2 17 18 17 2 2 0 2 1 2 17 16 18 2 0 0 0 2 1 17 16 18 
1
0 0 0 1 0 1 0 0 1 
1 2 2 1 0 0 2 2 1 2 1 2 2 2 1 2 0 1 0 1 0 0 0 1 1 1 2 2 0 2 0 0 2 1 0 1 1 1 2 1 0 2 0 1 2 1 1 1 2 2 1 1 1 2 0 1 1 2 1 2 1 2 1 2 2 0 2 1 2 1 0 2 2 0 0 0 2 1 1 0 2 
1 2 2 1 0 0 2 2 1 2 1 2 2 2 1 2 0 1 0 1 0 0 0 1 1 1 2 18 16 18 0 0 2 17 16 17 17 17 18 1 0 2 16 17 18 17 17 17 2 2 1 17 17 18 0 1 1 2 1 2 17 18 17 2 2 0 2 1 2 17 16 18 2 0 0 0 2 1 17 16 18 
1
0 0 0 1 0 1 0 0 1 
1 2 2 1 0 0 2 2 1 2 1 2 2 2 1 2 0 1 0 1 0 0 0 1 1 1 2 2 0 2 0 0 2 1 0 1 1 1 2 1 0 2 0 1 2 1 1 1 2 2 1 1 1 2 0 1 1 2 1 2 1 2 1 2 2 0 2 1 2 1 0 2 2 2 0 0 2 1 1 0 2 
1 2 2 1 0 0 2 2 1 2 1 2 2 2 1 2 0 1 0 1 0 0 0 1 1 1 2 18 16 18 0 0 2 17 16 17 17 17 18 1 0 2 16 17 18 17 17 17 2 2 1 17 17 18 0 1 1 2 1 2 17 18 17 2 2 0 2 1 2 17 16 18 2 2 0 0 2 1 17 16 18 
1
0 0 0 1 0 1 0 0 1 
1 2 2 1 0 0 2 2 1 2 1 2 2 2 1 2 0 1 0 1 0 0 0 1 1 1 2 2 0 2 0 0 2 1 0 1 1 1 2 1 0 2 0 1 2 1 1 1 2 2 1 1 1 2 0 1 1 2 1 2 1 2 1 2 2 0 2 1 2 1 0 2 2 2 0 1 2 1 1 0 2 
1 2 2 1 0 0 2 2 1 2 1 2 2 2 1 2 0 1 0 1 0 0 0 1 1 1 2 18 16 18 0 0 2 17 16 17 17 17 18 1 0 2 16 17 18 17 17 17 2 2 1 17 17 18 0 1 1 2 1 2 17 18 17 2 2 0 2 1 2 17 16 18 2 2 0 1 2 1 17 16 18 
1
0 0 0 1 0 1 2 0 1 
1 2 2 1 0 0 2 2 1 2 1 2 2 2 1 2 0 1 0 1 0 0 0 1 1 1 2 2 0 2 0 0 2 1 0 1 1 1 2 1 0 2 0 1 2 1 1 1 2 2 1 1 1 2 2 1 1 2 1 2 1 2 1 2 2 0 2 1 2 1 0 2 2 2 0 1 2 1 1 0 2 
1 2 2 1 0 0 2 2 1 2 1 2 2 2 1 2 0 1 0 1 0 0 0 1 1 1 2 18 16 18 0 0 2 17 16 17 17 17 18 1 0 2 16 17 18 17 17 17 2 2 1 17 17 18 34 33 33 2 1 2 17 18 17 34 34 32 2 1 2 17 16 18 34 34 32 1 2 1 17 16 18 
1
1 0 0 1 0 1 2 0 1 
1 2 2 1 0 0 2 2 1 2 1 2 2 2 1 2 0 1 0 1 1 0 0 1 1 1 2 2 0 2 0 0 2 1 0 1 1 1 2 1 0 2 0 1 2 1 1 1 2 2 1 1 1 2 2 1 1 2 1 2 1 2 1 2 2 0 2 1 2 1 0 2 2 2 0 1 2 1 1 0 2 
17 18 18 1 0 0 2 2 1 18 17 18 2 2 1 2 0 1 16 17 17 0 0 1 1 1 2 18 16 18 0 0 2 17 16 17 17 17 18 1 0 2 16 17 18 17 17 17 2 2 1 17 17 18 34 33 33 2 1 2 17 18 17 34 34 32 2 1 2 17 16 18 34 34 32 1 2 1 17 16 18 
1
1 0 0 1 0 1 2 0 1 
1 2 2 1 0 0 2 2 1 2 1 2 2 2 1 2 0 1 0 1 1 0 0 1 1 1 2 2 0 2 2 0 2 1 0 1 1 1 2 1 0 2 0 1 2 1 1 1 2 2 1 1 1 2 2 1 1 2 1 2 1 2 1 2 2 0 2 1 2 1 0 2 2 2 0 1 2 1 1 0 2 
17 18 18 1 0 0 2 2 1 18 17 18 2 2 1 2 0 1 16 17 17 0 0 1 1 1 2 18 16 18 2 0 2 17 16 17 17 17 18 1 0 2 16 17 18 17 17 17 2 2 1 17 17 18 34 33 33 2 1 2 17 18 17 34 34 32 2 1 2 17 16 18 34 34 32 1 2 1 17 16 18 
1
1 0 0 1 0 1 2 0 1 
1 2 2 1 0 0 2 2 1 2 1 2 2 2 1 2 0 1 0 1 1 0 0 1 1 1 2 2 0 2 2 0 2 1 0 1 1 1 2 1 1 2 0 1 2 1 1 1 2 2 1 1 1 2 2 1 1 2 1 2 1 2 1 2 2 0 2 1 2 1 0 2 2 2 0 1 2 1 1 0 2 
17 18 18 1 0 0 2 2 1 18 17 18 2 2 1 2 0 1 16 17 17 0 0 1 1 1 2 18 16 18 2 0 2 17 16 17 17 17 18 1 1 2 16 17 18 17 17 17 2 2 1 17 17 18 34 33 33 2 1 2 17 18 17 34 34 32 2 1 2 17 16 18 34 34 32 1 2 1 17 16 18 
1
1 0 0 1 2 1 2 0 1 
1 2 2 1 0 0 2 2 1 2 1 2 2 2 1 2 0 1 0 1 1 0 0 1 1 1 2 2 0 2 2 2 2 1 0 1 1 1 2 1 1 2 0 1 2 1 1 1 2 2 1 1 1 2 2 1 1 2 1 2 1 2 1 2 2 0 2 1 2 1 0 2 2 2 0 1 2 1 1 0 2 
17 18 18 1 0 0 2 2 1 18 17 18 2 2 1 2 0 1 16 17 17 0 0 1 1 1 2 18 16 18 34 34 34 17 16 17 17 17 18 33 33 34 16 17 18 17 17 17 34 34 33 17 17 18 34 33 33 2 1 2 17 18 17 34 34 32 2 1 2 17 16 18 34 34 32 1 2 1 17 16 18 
1
1 0 0 1 2 1 2 0 1 
1 2 2 1 1 0 2 2 1 2 1 2 2 2 1 2 0 1 0 1 1 0 0 1 1 1 2 2 0 2 2 2 2 1 0 1 1 1 2 1 1 2 0 1 2 1 1 1 2 2 1 1 1 2 2 1 1 2 1 2 1 2 1 2 2 0 2 1 2 1 0 2 2 2 0 1 2 1 1 0 2 
17 18 18 1 1 0 2 2 1 18 17 18 2 2 1 2 0 1 16 17 17 0 0 1 1 1 2 18 16 18 34 34 34 17 16 17 17 17 18 33 33 34 16 17 18 17 17 17 34 34 33 17 17 18 34 33 33 2 1 2 17 18 17 34 34 32 2 1 2 17 16 18 34 34 32 1 2 1 17 16 18 
1
1 0 0 1 2 1 2 0 1 
1 2 2 1 1 2 2 2 1 2 1 2 2 2 1 2 0 1 0 1 1 0 0 1 1 1 2 2 0 2 2 2 2 1 0 1 1 1 2 1 1 2 0 1 2 1 1 1 2 2 1 1 1 2 2 1 1 2 1 2 1 2 1 2 2 0 2 1 2 1 0 2 2 2 0 1 2 1 1 0 2 
17 18 18 1 1 2 2 2 1 18 17 18 2 2 1 2 0 1 16 17 17 0 0 1 1 1 2 18 16 18 34 34 34 17 16 17 17 17 18 33 33 34 16 17 18 17 17 17 34 34 33 17 17 18 34 33 33 2 1 2 17 18 17 34 34 32 2 1 2 17 16 18 34 34 32 1 2 1 17 16 18 
1
1 0 1 1 2 1 2 0 1 
1 2 2 1 1 2 2 2 1 2 1 2 2 2 1 2 1 1 0 1 1 0 0 1 1 1 2 2 0 2 2 2 2 1 0 1 1 1 2 1 1 2 0 1 2 1 1 1 2 2 1 1 1 2 2 1 1 2 1 2 1 2 1 2 2 0 2 1 2 1 0 2 2 2 0 1 2 1 1 0 2 
17 18 18 1 1 2 18 18 17 18 17 18 2 2 1 18 17 17 16 17 17 0 0 1 17 17 18 18 16 18 34 34 34 17 16 17 17 17 18 33 33 34 16 17 18 17 17 17 34 34 33 17 17 18 34 33 33 2 1 2 17 18 17 34 34 32 2 1 2 17 16 18 34 34 32 1 2 1 17 16 18 
1
1 0 1 1 2 1 2 0 1 
1 2 2 1 1 2 2 2 1 2 1 2 2 2 1 2 1 1 0 1 1 0 0 1 1 1 2 2 0 2 2 2 2 1 0 1 1 1 2 1 1 2 0 1 2 1 1 1 2 2 1 1 1 2 2 1 1 2 1 2 1 2 1 2 2 0 2 1 2 1 0 2 2 2 0 1 2 1 1 0 2 
17 18 18 1 1 2 18 18 17 18 17 18 2 2 1 18 17 17 16 17 17 0 0 1 17 17 18 18 16 18 34 34 34 17 16 17 17 17 18 33 33 34 16 17 18 17 17 17 34 34 33 17 17 18 34 33 33 2 1 2 17 18 17 34 34 32 2 1 2 17 16 18 34 34 32 1 2 1 17 16 18 
1
