0 0 0 0 0 0 0 0 0 
0 0 0 0 0 0 0 0 0 0 0 0 0 0 0 0 0 0 0 0 0 0 0 0 0 0 0 0 0 0 0 0 0 0 0 0 0 0 0 0 1 0 0 0 0 0 0 0 0 0 0 0 0 0 0 0 0 0 0 0 0 0 0 0 0 0 0 0 0 0 0 0 0 0 0 0 0 0 0 0 0 
0 0 0 0 0 0 0 0 0 0 0 0 0 0 0 0 0 0 0 0 0 0 0 0 0 0 0 0 0 0 0 0 0 0 0 0 0 0 0 0 1 0 0 0 0 0 0 0 0 0 0 0 0 0 0 0 0 0 0 0 0 0 0 0 0 0 0 0 0 0 0 0 0 0 0 0 0 0 0 0 0 
1
0 0 0 0 0 0 0 0 0 
0 0 0 0 0 0 0 0 0 0 0 0 0 0 0 0 0 0 0 0 0 0 0 0 0 0 0 0 0 0 0 0 0 0 0 0 0 0 0 0 1 0 0 0 0 0 0 0 0 2 0 0 0 0 0 0 0 0 0 0 0 0 0 0 0 0 0 0 0 0 0 0 0 0 0 0 0 0 0 0 0 
0 0 0 0 0 0 0 0 0 0 0 0 0 0 0 0 0 0 0 0 0 0 0 0 0 0 0 0 0 0 0 0 0 0 0 0 0 0 0 0 1 0 0 0 0 0 0 0 0 2 0 0 0 0 0 0 0 0 0 0 0 0 0 0 0 0 0 0 0 0 0 0 0 0 0 0 0 0 0 0 0 
1
0 0 0 0 0 0 0 0 0 
0 0 0 0 0 0 0 0 0 0 0 0 0 0 0 0 0 0 0 0 0 0 0 0 0 0 0 0 0 0 0 0 0 0 0 0 0 0 0 0 1 0 0 0 0 0 0 0 0 2 0 0 0 0 0 0 0 0 0 0 0 0 0 0 0 0 1 0 0 0 0 0 0 0 0 0 0 0 0 0 0 
0 0 0 0 0 0 0 0 0 0 0 0 0 0 0 0 0 0 0 0 0 0 0 0 0 0 0 0 0 0 0 0 0 0 0 0 0 0 0 0 1 0 0 0 0 0 0 0 0 2 0 0 0 0 0 0 0 0 0 0 0 0 0 0 0 0 1 0 0 0 0 0 0 0 0 0 0 0 0 0 0 
1
0 0 0 0 0 0 0 0 0 
0 0 0 0 0 0 0 0 0 0 0 0 0 0 0 0 0 0 0 0 0 0 0 0 0 0 0 0 2 0 0 0 0 0 0 0 0 0 0 0 1 0 0 0 0 0 0 0 0 2 0 0 0 0 0 0 0 0 0 0 0 0 0 0 0 0 1 0 0 0 0 0 0 0 0 0 0 0 0 0 0 
0 0 0 0 0 0 0 0 0 0 0 0 0 0 0 0 0 0 0 0 0 0 0 0 0 0 0 0 2 0 0 0 0 0 0 0 0 0 0 0 1 0 0 0 0 0 0 0 0 2 0 0 0 0 0 0 0 0 0 0 0 0 0 0 0 0 1 0 0 0 0 0 0 0 0 0 0 0 0 0 0 
1
0 0 0 0 0 0 0 0 0 
0 0 0 0 0 0 0 0 0 0 0 0 0 0 1 0 0 0 0 0 0 0 0 0 0 0 0 0 2 0 0 0 0 0 0 0 0 0 0 0 1 0 0 0 0 0 0 0 0 2 0 0 0 0 0 0 0 0 0 0 0 0 0 0 0 0 1 0 0 0 0 0 0 0 0 0 0 0 0 0 0 
0 0 0 0 0 0 0 0 0 0 0 0 0 0 1 0 0 0 0 0 0 0 0 0 0 0 0 0 2 0 0 0 0 0 0 0 0 0 0 0 1 0 0 0 0 0 0 0 0 2 0 0 0 0 0 0 0 0 0 0 0 0 0 0 0 0 1 0 0 0 0 0 0 0 0 0 0 0 0 0 0 
1
0 0 0 0 0 0 0 0 0 
0 0 0 0 0 0 0 0 0 0 0 0 0 0 1 0 0 0 0 0 0 0 0 0 0 0 0 0 2 0 0 0 0 0 0 0 0 0 0 0 1 0 0 0 0 0 0 0 0 2 0 2 0 0 0 0 0 0 0 0 0 0 0 0 0 0 1 0 0 0 0 0 0 0 0 0 0 0 0 0 0 
0 0 0 0 0 0 0 0 0 0 0 0 0 0 1 0 0 0 0 0 0 0 0 0 0 0 0 0 2 0 0 0 0 0 0 0 0 0 0 0 1 0 0 0 0 0 0 0 0 2 0 2 0 0 0 0 0 0 0 0 0 0 0 0 0 0 1 0 0 0 0 0 0 0 0 0 0 0 0 0 0 
1
0 0 0 0 0 0 0 0 0 
0 0 0 0 0 0 0 0 0 0 0 0 0 0 1 0 0 0 0 0 0 0 0 0 0 0 0 0 2 0 0 0 0 0 0 0 0 0 0 0 1 0 0 0 0 0 0 0 0 2 0 2 0 0 0 0 0 0 0 0 0 0 0 0 0 1 1 0 0 0 0 0 0 0 0 0 0 0 0 0 0 
0 0 0 0 0 0 0 0 0 0 0 0 0 0 1 0 0 0 0 0 0 0 0 0 0 0 0 0 2 0 0 0 0 0 0 0 0 0 0 0 1 0 0 0 0 0 0 0 0 2 0 2 0 0 0 0 0 0 0 0 0 0 0 0 0 1 1 0 0 0 0 0 0 0 0 0 0 0 0 0 0 
1
0 0 0 0 0 0 0 0 0 
0 0 0 0 0 0 0 0 0 0 0 0 0 0 1 0 0 0 0 0 0 0 0 0 0 0 0 0 2 0 0 0 0 0 0 0 0 0 0 0 1 0 2 0 0 0 0 0 0 2 0 2 0 0 0 0 0 0 0 0 0 0 0 0 0 1 1 0 0 0 0 0 0 0 0 0 0 0 0 0 0 
0 0 0 0 0 0 0 0 0 0 0 0 0 0 1 0 0 0 0 0 0 0 0 0 0 0 0 0 2 0 0 0 0 0 0 0 0 0 0 0 1 0 2 0 0 0 0 0 0 2 0 2 0 0 0 0 0 0 0 0 0 0 0 0 0 1 1 0 0 0 0 0 0 0 0 0 0 0 0 0 0 
1
0 0 0 0 0 0 0 0 0 
0 0 0 0 0 0 0 0 0 0 0 0 0 0 1 0 0 0 0 0 0 0 0 0 0 0 0 0 2 1 0 0 0 0 0 0 0 0 0 0 1 0 2 0 0 0 0 0 0 2 0 2 0 0 0 0 0 0 0 0 0 0 0 0 0 1 1 0 0 0 0 0 0 0 0 0 0 0 0 0 0 
0 0 0 0 0 0 0 0 0 0 0 0 0 0 1 0 0 0 0 0 0 0 0 0 0 0 0 0 2 1 0 0 0 0 0 0 0 0 0 0 1 0 2 0 0 0 0 0 0 2 0 2 0 0 0 0 0 0 0 0 0 0 0 0 0 1 1 0 0 0 0 0 0 0 0 0 0 0 0 0 0 
1
0 0 0 0 0 0 0 0 0 
0 0 0 0 0 0 2 0 0 0 0 0 0 0 1 0 0 0 0 0 0 0 0 0 0 0 0 0 2 1 0 0 0 0 0 0 0 0 0 0 1 0 2 0 0 0 0 0 0 2 0 2 0 0 0 0 0 0 0 0 0 0 0 0 0 1 1 0 0 0 0 0 0 0 0 0 0 0 0 0 0 
0 0 0 0 0 0 2 0 0 0 0 0 0 0 1 0 0 0 0 0 0 0 0 0 0 0 0 0 2 1 0 0 0 0 0 0 0 0 0 0 1 0 2 0 0 0 0 0 0 2 0 2 0 0 0 0 0 0 0 0 0 0 0 0 0 1 1 0 0 0 0 0 0 0 0 0 0 0 0 0 0 
1
0 0 0 0 0 0 0 0 0 
0 0 0 0 0 0 2 0 0 0 0 0 0 0 1 0 0 0 0 0 1 0 0 0 0 0 0 0 2 1 0 0 0 0 0 0 0 0 0 0 1 0 2 0 0 0 0 0 0 2 0 2 0 0 0 0 0 0 0 0 0 0 0 0 0 1 1 0 0 0 0 0 0 0 0 0 0 0 0 0 0 
0 0 0 0 0 0 2 0 0 0 0 0 0 0 1 0 0 0 0 0 1 0 0 0 0 0 0 0 2 1 0 0 0 0 0 0 0 0 0 0 1 0 2 0 0 0 0 0 0 2 0 2 0 0 0 0 0 0 0 0 0 0 0 0 0 1 1 0 0 0 0 0 0 0 0 0 0 0 0 0 0 
1
0 0 0 0 0 0 0 0 0 
0 0 0 0 0 0 2 0 0 0 0 0 0 0 1 0 0 0 0 0 1 0 0 0 0 0 0 0 2 1 0 0 0 0 0 0 0 0 0 0 1 0 2 0 0 0 0 0 0 2 0 2 0 0 0 0 0 0 0 0 0 0 0 0 0 1 1 0 0 0 0 0 0 0 0 0 0 0 0 0 2 
0 0 0 0 0 0 2 0 0 0 0 0 0 0 1 0 0 0 0 0 1 0 0 0 0 0 0 0 2 1 0 0 0 0 0 0 0 0 0 0 1 0 2 0 0 0 0 0 0 2 0 2 0 0 0 0 0 0 0 0 0 0 0 0 0 1 1 0 0 0 0 0 0 0 0 0 0 0 0 0 2 
1
0 0 0 0 0 0 0 0 0 
0 0 0 0 0 0 2 0 0 0 0 0 0 0 1 0 0 0 0 0 1 0 0 0 0 0 0 0 2 1 0 0 0 0 0 0 0 0 0 0 1 0 2 0 0 0 0 0 0 2 0 2 0 0 0 0 0 0 0 0 0 1 0 0 0 1 1 0 0 0 0 0 0 0 0 0 0 0 0 0 2 
0 0 0 0 0 0 2 0 0 0 0 0 0 0 1 0 0 0 0 0 1 0 0 0 0 0 0 0 2 1 0 0 0 0 0 0 0 0 0 0 1 0 2 0 0 0 0 0 0 2 0 2 0 0 0 0 0 0 0 0 0 1 0 0 0 1 1 0 0 0 0 0 0 0 0 0 0 0 0 0 2 
1
0 0 0 0 0 0 0 0 0 
0 0 0 0 0 2 2 0 0 0 0 0 0 0 1 0 0 0 0 0 1 0 0 0 0 0 0 0 2 1 0 0 0 0 0 0 0 0 0 0 1 0 2 0 0 0 0 0 0 2 0 2 0 0 0 0 0 0 0 0 0 1 0 0 0 1 1 0 0 0 0 0 0 0 0 0 0 0 0 0 2 
0 0 0 0 0 2 2 0 0 0 0 0 0 0 1 0 0 0 0 0 1 0 0 0 0 0 0 0 2 1 0 0 0 0 0 0 0 0 0 0 1 0 2 0 0 0 0 0 0 2 0 2 0 0 0 0 0 0 0 0 0 1 0 0 0 1 1 0 0 0 0 0 0 0 0 0 0 0 0 0 2 
1
0 0 0 0 0 0 0 0 0 
0 0 0 0 0 2 2 0 0 0 0 0 0 0 1 0 0 0 0 0 1 0 0 0 1 0 0 0 2 1 0 0 0 0 0 0 0 0 0 0 1 0 2 0 0 0 0 0 0 2 0 2 0 0 0 0 0 0 0 0 0 1 0 0 0 1 1 0 0 0 0 0 0 0 0 0 0 0 0 0 2 
0 0 0 0 0 2 2 0 0 0 0 0 0 0 1 0 0 0 0 0 1 0 0 0 1 0 0 0 2 1 0 0 0 0 0 0 0 0 0 0 1 0 2 0 0 0 0 0 0 2 0 2 0 0 0 0 0 0 0 0 0 1 0 0 0 1 1 0 0 0 0 0 0 0 0 0 0 0 0 0 2 
1
0 0 0 0 0 0 0 0 0 
0 0 0 0 0 2 2 0 0 0 0 0 0 0 1 0 0 0 0 0 1 0 0 0 1 0 0 0 2 1 0 0 0 0 0 0 0 0 0 0 1 0 2 0 0 0 0 0 0 2 0 2 0 0 0 0 0 0 0 0 0 1 0 0 0 1 1 0 0 0 0 0 0 2 0 0 0 0 0 0 2 
0 0 0 0 0 2 2 0 0 0 0 0 0 0 1 0 0 0 0 0 1 0 0 0 1 0 0 0 2 1 0 0 0 0 0 0 0 0 0 0 1 0 2 0 0 0 0 0 0 2 0 2 0 0 0 0 0 0 0 0 0 1 0 0 0 1 1 0 0 0 0 0 0 2 0 0 0 0 0 0 2 
1
0 0 0 0 0 0 0 0 0 
0 0 0 0 0 2 2 0 0 0 0 0 0 0 1 0 0 0 0 0 1 0 0 0 1 0 0 0 2 1 0 0 0 0 0 0 0 0 0 0 1 0 2 0 0 0 0 0 0 2 0 2 0 0 0 0 0 0 0 0 0 1 0 0 0 1 1 0 0 0 0 0 0 2 0 0 1 0 0 0 2 
0 0 0 0 0 2 2 0 0 0 0 0 0 0 1 0 0 0 0 0 1 0 0 0 1 0 0 0 2 1 0 0 0 0 0 0 0 0 0 0 1 0 2 0 0 0 0 0 0 2 0 2 0 0 0 0 0 0 0 0 0 1 0 0 0 1 1 0 0 0 0 0 0 2 0 0 1 0 0 0 2 
1
0 0 0 0 0 0 0 0 0 
0 0 0 0 0 2 2 0 0 0 0 0 0 0 1 0 0 0 0 0 1 0 0 0 1 0 0 0 2 1 0 0 0 0 0 0 0 0 0 0 1 0 2 0 0 0 0 0 0 2 0 2 0 0 0 0 0 0 2 0 0 1 0 0 0 1 1 0 0 0 0 0 0 2 0 0 1 0 0 0 2 
0 0 0 0 0 2 2 0 0 0 0 0 0 0 1 0 0 0 0 0 1 0 0 0 1 0 0 0 2 1 0 0 0 0 0 0 0 0 0 0 1 0 2 0 0 0 0 0 0 2 0 2 0 0 0 0 0 0 2 0 0 1 0 0 0 1 1 0 0 0 0 0 0 2 0 0 1 0 0 0 2 
1
0 0 0 0 0 0 0 0 0 
0 0 0 0 0 2 2 0 0 0 0 0 1 0 1 0 0 0 0 0 1 0 0 0 1 0 0 0 2 1 0 0 0 0 0 0 0 0 0 0 1 0 2 0 0 0 0 0 0 2 0 2 0 0 0 0 0 0 2 0 0 1 0 0 0 1 1 0 0 0 0 0 0 2 0 0 1 0 0 0 2 
0 0 0 0 0 2 2 0 0 0 0 0 1 0 1 0 0 0 0 0 1 0 0 0 1 0 0 0 2 1 0 0 0 0 0 0 0 0 0 0 1 0 2 0 0 0 0 0 0 2 0 2 0 0 0 0 0 0 2 0 0 1 0 0 0 1 1 0 0 0 0 0 0 2 0 0 1 0 0 0 2 
1
0 0 0 0 0 0 0 0 0 
0 0 0 0 0 2 2 0 0 0 0 0 1 0 1 0 0 0 0 0 1 0 0 0 1 0 0 0 2 1 0 0 0 0 0 0 2 0 0 0 1 0 2 0 0 0 0 0 0 2 0 2 0 0 0 0 0 0 2 0 0 1 0 0 0 1 1 0 0 0 0 0 0 2 0 0 1 0 0 0 2 
0 0 0 0 0 2 2 0 0 0 0 0 1 0 1 0 0 0 0 0 1 0 0 0 1 0 0 0 2 1 0 0 0 0 0 0 2 0 0 0 1 0 2 0 0 0 0 0 0 2 0 2 0 0 0 0 0 0 2 0 0 1 0 0 0 1 1 0 0 0 0 0 0 2 0 0 1 0 0 0 2 
1
0 0 0 0 0 0 0 0 0 
0 0 0 0 0 2 2 0 0 0 0 0 1 0 1 0 0 0 0 0 1 0 0 0 1 0 0 0 2 1 0 0 0 0 0 0 2 0 0 0 1 0 2 0 0 1 0 0 0 2 0 2 0 0 0 0 0 0 2 0 0 1 0 0 0 1 1 0 0 0 0 0 0 2 0 0 1 0 0 0 2 
0 0 0 0 0 2 2 0 0 0 0 0 1 0 1 0 0 0 0 0 1 0 0 0 1 0 0 0 2 1 0 0 0 0 0 0 2 0 0 0 1 0 2 0 0 1 0 0 0 2 0 2 0 0 0 0 0 0 2 0 0 1 0 0 0 1 1 0 0 0 0 0 0 2 0 0 1 0 0 0 2 
1
0 0 0 0 0 0 0 0 0 
0 0 0 0 0 2 2 0 0 0 0 0 1 0 1 0 0 0 0 0 1 0 0 0 1 0 0 0 2 1 0 0 0 0 0 0 2 0 0 0 1 0 2 0 0 1 0 0 0 2 0 2 0 0 0 0 0 0 2 0 0 1 0 0 0 1 1 0 0 0 0 0 0 2 2 0 1 0 0 0 2 
0 0 0 0 0 2 2 0 0 0 0 0 1 0 1 0 0 0 0 0 1 0 0 0 1 0 0 0 2 1 0 0 0 0 0 0 2 0 0 0 1 0 2 0 0 1 0 0 0 2 0 2 0 0 0 0 0 0 2 0 0 1 0 0 0 1 1 0 0 0 0 0 0 2 2 0 1 0 0 0 2 
1
0 0 0 0 0 0 0 0 0 
0 0 0 0 0 2 2 0 0 0 0 0 1 0 1 0 0 0 0 0 1 0 0 0 1 0 0 0 2 1 0 0 0 0 0 0 2 0 0 0 1 0 2 0 0 1 0 0 0 2 0 2 0 0 0 0 0 0 2 0 0 1 0 0 0 1 1 0 0 0 1 0 0 2 2 0 1 0 0 0 2 
0 0 0 0 0 2 2 0 0 0 0 0 1 0 1 0 0 0 0 0 1 0 0 0 1 0 0 0 2 1 0 0 0 0 0 0 2 0 0 0 1 0 2 0 0 1 0 0 0 2 0 2 0 0 0 0 0 0 2 0 0 1 0 0 0 1 1 0 0 0 1 0 0 2 2 0 1 0 0 0 2 
1
0 0 0 0 0 0 0 0 0 
0 0 0 0 0 2 2 0 0 0 0 0 1 0 1 0 0 0 0 0 1 0 0 0 1 0 0 0 2 1 0 0 0 0 0 0 2 0 0 0 1 0 2 0 0 1 0 0 2 2 0 2 0 0 0 0 0 0 2 0 0 1 0 0 0 1 1 0 0 0 1 0 0 2 2 0 1 0 0 0 2 
0 0 0 0 0 2 2 0 0 0 0 0 1 0 1 0 0 0 0 0 1 0 0 0 1 0 0 0 2 1 0 0 0 0 0 0 2 0 0 0 1 0 2 0 0 1 0 0 2 2 0 2 0 0 0 0 0 0 2 0 0 1 0 0 0 1 1 0 0 0 1 0 0 2 2 0 1 0 0 0 2 
1
0 0 0 0 0 0 0 0 0 
0 0 0 0 0 2 2 0 0 0 0 0 1 0 1 0 0 0 0 0 1 0 0 0 1 0 0 0 2 1 0 0 0 0 0 0 2 0 0 0 1 0 2 0 0 1 0 0 2 2 0 2 0 0 0 0 0 0 2 0 0 1 0 0 0 1 1 0 0 0 1 0 1 2 2 0 1 0 0 0 2 
0 0 0 0 0 2 2 0 0 0 0 0 1 0 1 0 0 0 0 0 1 0 0 0 1 0 0 0 2 1 0 0 0 0 0 0 2 0 0 0 1 0 2 0 0 1 0 0 2 2 0 2 0 0 0 0 0 0 2 0 0 1 0 0 0 1 1 0 0 0 1 0 1 2 2 0 1 0 0 0 2 
1
0 0 0 0 0 0 0 0 0 
0 0 0 0 0 2 2 0 0 0 0 0 1 0 1 0 0 0 0 0 1 0 0 0 1 0 0 0 2 1 0 0 0 0 0 0 2 0 0 0 1 0 2 0 0 1 0 0 2 2 0 2 0 0 0 0 0 0 2 0 0 1 0 0 2 1 1 0 0 0 1 0 1 2 2 0 1 0 0 0 2 
0 0 0 0 0 2 2 0 0 0 0 0 1 0 1 0 0 0 0 0 1 0 0 0 1 0 0 0 2 1 0 0 0 0 0 0 2 0 0 0 1 0 2 0 0 1 0 0 2 2 0 2 0 0 0 0 0 0 2 0 0 1 0 0 2 1 1 0 0 0 1 0 1 2 2 0 1 0 0 0 2 
1
0 0 0 0 0 0 0 0 0 
0 0 0 0 0 2 2 0 0 0 0 0 1 0 1 0 0 0 0 0 1 0 0 0 1 0 0 0 2 1 1 0 0 0 0 0 2 0 0 0 1 0 2 0 0 1 0 0 2 2 0 2 0 0 0 0 0 0 2 0 0 1 0 0 2 1 1 0 0 0 1 0 1 2 2 0 1 0 0 0 2 
0 0 0 0 0 2 2 0 0 0 0 0 1 0 1 0 0 0 0 0 1 0 0 0 1 0 0 0 2 1 1 0 0 0 0 0 2 0 0 0 1 0 2 0 0 1 0 0 2 2 0 2 0 0 0 0 0 0 2 0 0 1 0 0 2 1 1 0 0 0 1 0 1 2 2 0 1 0 0 0 2 
1
0 0 0 0 0 0 0 0 0 
2 0 0 0 0 2 2 0 0 0 0 0 1 0 1 0 0 0 0 0 1 0 0 0 1 0 0 0 2 1 1 0 0 0 0 0 2 0 0 0 1 0 2 0 0 1 0 0 2 2 0 2 0 0 0 0 0 0 2 0 0 1 0 0 2 1 1 0 0 0 1 0 1 2 2 0 1 0 0 0 2 
2 0 0 0 0 2 2 0 0 0 0 0 1 0 1 0 0 0 0 0 1 0 0 0 1 0 0 0 2 1 1 0 0 0 0 0 2 0 0 0 1 0 2 0 0 1 0 0 2 2 0 2 0 0 0 0 0 0 2 0 0 1 0 0 2 1 1 0 0 0 1 0 1 2 2 0 1 0 0 0 2 
1
0 0 0 0 0 0 0 0 0 
2 0 0 0 0 2 2 0 0 0 0 1 1 0 1 0 0 0 0 0 1 0 0 0 1 0 0 0 2 1 1 0 0 0 0 0 2 0 0 0 1 0 2 0 0 1 0 0 2 2 0 2 0 0 0 0 0 0 2 0 0 1 0 0 2 1 1 0 0 0 1 0 1 2 2 0 1 0 0 0 2 
2 0 0 0 0 2 2 0 0 0 0 1 1 0 1 0 0 0 0 0 1 0 0 0 1 0 0 0 2 1 1 0 0 0 0 0 2 0 0 0 1 0 2 0 0 1 0 0 2 2 0 2 0 0 0 0 0 0 2 0 0 1 0 0 2 1 1 0 0 0 1 0 1 2 2 0 1 0 0 0 2 
1
0 0 0 0 0 0 0 0 0 
2 0 0 0 0 2 2 0 0 0 0 1 1 0 1 0 0 0 0 0 1 0 0 0 1 0 0 0 2 1 1 0 0 0 0 0 2 0 0 0 1 0 2 0 0 1 0 0 2 2 0 2 2 0 0 0 0 0 2 0 0 1 0 0 2 1 1 0 0 0 1 0 1 2 2 0 1 0 0 0 2 
2 0 0 0 0 2 2 0 0 0 0 1 1 0 1 0 0 0 0 0 1 0 0 0 1 0 0 0 2 1 1 0 0 0 0 0 2 0 0 0 1 0 2 0 0 1 0 0 2 2 0 2 2 0 0 0 0 0 2 0 0 1 0 0 2 1 1 0 0 0 1 0 1 2 2 0 1 0 0 0 2 
1
0 0 0 0 0 0 0 0 0 
2 0 0 0 0 2 2 0 0 0 0 1 1 0 1 0 0 0 0 0 1 0 0 0 1 0 0 0 2 1 1 0 0 0 0 0 2 0 0 0 1 0 2 0 0 1 0 0 2 2 0 2 2 0 0 0 0 0 2 0 0 1 0 0 2 1 1 0 1 0 1 0 1 2 2 0 1 0 0 0 2 
2 0 0 0 0 2 2 0 0 0 0 1 1 0 1 0 0 0 0 0 1 0 0 0 1 0 0 0 2 1 1 0 0 0 0 0 2 0 0 0 1 0 2 0 0 1 0 0 2 2 0 2 2 0 0 0 0 0 2 0 0 1 0 0 2 1 1 0 1 0 1 0 1 2 2 0 1 0 0 0 2 
1
0 0 0 0 0 0 0 0 0 
2 0 0 0 0 2 2 0 0 0 0 1 1 0 1 0 0 0 0 0 1 0 0 0 1 0 0 0 2 1 1 0 0 0 0 0 2 0 0 0 1 0 2 0 2 1 0 0 2 2 0 2 2 0 0 0 0 0 2 0 0 1 0 0 2 1 1 0 1 0 1 0 1 2 2 0 1 0 0 0 2 
2 0 0 0 0 2 2 0 0 0 0 1 1 0 1 0 0 0 0 0 1 0 0 0 1 0 0 0 2 1 1 0 0 0 0 0 2 0 0 0 1 0 2 0 2 1 0 0 2 2 0 2 2 0 0 0 0 0 2 0 0 1 0 0 2 1 1 0 1 0 1 0 1 2 2 0 1 0 0 0 2 
1
0 0 0 0 0 0 0 0 0 
2 0 0 0 0 2 2 0 0 0 0 1 1 0 1 0 0 0 0 0 1 0 0 0 1 0 0 0 2 1 1 0 0 1 0 0 2 0 0 0 1 0 2 0 2 1 0 0 2 2 0 2 2 0 0 0 0 0 2 0 0 1 0 0 2 1 1 0 1 0 1 0 1 2 2 0 1 0 0 0 2 
2 0 0 0 0 2 2 0 0 0 0 1 1 0 1 0 0 0 0 0 1 0 0 0 1 0 0 0 2 1 1 0 0 1 0 0 2 0 0 0 1 0 2 0 2 1 0 0 2 2 0 2 2 0 0 0 0 0 2 0 0 1 0 0 2 1 1 0 1 0 1 0 1 2 2 0 1 0 0 0 2 
1
0 0 0 0 0 0 0 0 0 
2 0 2 0 0 2 2 0 0 0 0 1 1 0 1 0 0 0 0 0 1 0 0 0 1 0 0 0 2 1 1 0 0 1 0 0 2 0 0 0 1 0 2 0 2 1 0 0 2 2 0 2 2 0 0 0 0 0 2 0 0 1 0 0 2 1 1 0 1 0 1 0 1 2 2 0 1 0 0 0 2 
2 0 2 0 0 2 2 0 0 0 0 1 1 0 1 0 0 0 0 0 1 0 0 0 1 0 0 0 2 1 1 0 0 1 0 0 2 0 0 0 1 0 2 0 2 1 0 0 2 2 0 2 2 0 0 0 0 0 2 0 0 1 0 0 2 1 1 0 1 0 1 0 1 2 2 0 1 0 0 0 2 
1
0 0 0 0 0 0 0 0 0 
2 0 2 0 0 2 2 0 1 0 0 1 1 0 1 0 0 0 0 0 1 0 0 0 1 0 0 0 2 1 1 0 0 1 0 0 2 0 0 0 1 0 2 0 2 1 0 0 2 2 0 2 2 0 0 0 0 0 2 0 0 1 0 0 2 1 1 0 1 0 1 0 1 2 2 0 1 0 0 0 2 
2 0 2 0 0 2 2 0 1 0 0 1 1 0 1 0 0 0 0 0 1 0 0 0 1 0 0 0 2 1 1 0 0 1 0 0 2 0 0 0 1 0 2 0 2 1 0 0 2 2 0 2 2 0 0 0 0 0 2 0 0 1 0 0 2 1 1 0 1 0 1 0 1 2 2 0 1 0 0 0 2 
1
0 0 0 0 0 0 0 0 0 
2 0 2 0 0 2 2 0 1 0 0 1 1 0 1 0 0 0 0 0 1 0 0 0 1 2 0 0 2 1 1 0 0 1 0 0 2 0 0 0 1 0 2 0 2 1 0 0 2 2 0 2 2 0 0 0 0 0 2 0 0 1 0 0 2 1 1 0 1 0 1 0 1 2 2 0 1 0 0 0 2 
2 0 2 0 0 2 2 0 1 0 0 1 1 0 1 0 0 0 0 0 1 0 0 0 1 2 0 0 2 1 1 0 0 1 0 0 2 0 0 0 1 0 2 0 2 1 0 0 2 2 0 2 2 0 0 0 0 0 2 0 0 1 0 0 2 1 1 0 1 0 1 0 1 2 2 0 1 0 0 0 2 
1
0 0 0 0 0 0 0 0 0 
2 0 2 0 0 2 2 0 1 0 0 1 1 0 1 0 0 0 0 0 1 0 0 0 1 2 0 0 2 1 1 0 0 1 0 0 2 0 0 0 1 0 2 0 2 1 0 0 2 2 0 2 2 0 0 0 0 0 2 1 0 1 0 0 2 1 1 0 1 0 1 0 1 2 2 0 1 0 0 0 2 
2 0 2 0 0 2 2 0 1 0 0 1 1 0 1 0 0 0 0 0 1 0 0 0 1 2 0 0 2 1 1 0 0 1 0 0 2 0 0 0 1 0 2 0 2 1 0 0 2 2 0 2 2 0 0 0 0 0 2 1 0 1 0 0 2 1 1 0 1 0 1 0 1 2 2 0 1 0 0 0 2 
1
0 0 0 0 0 0 0 0 0 
2 0 2 0 0 2 2 2 1 0 0 1 1 0 1 0 0 0 0 0 1 0 0 0 1 2 0 0 2 1 1 0 0 1 0 0 2 0 0 0 1 0 2 0 2 1 0 0 2 2 0 2 2 0 0 0 0 0 2 1 0 1 0 0 2 1 1 0 1 0 1 0 1 2 2 0 1 0 0 0 2 
2 0 2 0 0 2 2 2 1 0 0 1 1 0 1 0 0 0 0 0 1 0 0 0 1 2 0 0 2 1 1 0 0 1 0 0 2 0 0 0 1 0 2 0 2 1 0 0 2 2 0 2 2 0 0 0 0 0 2 1 0 1 0 0 2 1 1 0 1 0 1 0 1 2 2 0 1 0 0 0 2 
1
0 0 0 0 0 0 0 0 0 
2 0 2 0 0 2 2 2 1 0 0 1 1 0 1 0 0 0 0 0 1 1 0 0 1 2 0 0 2 1 1 0 0 1 0 0 2 0 0 0 1 0 2 0 2 1 0 0 2 2 0 2 2 0 0 0 0 0 2 1 0 1 0 0 2 1 1 0 1 0 1 0 1 2 2 0 1 0 0 0 2 
2 0 2 0 0 2 2 2 1 0 0 1 1 0 1 0 0 0 0 0 1 1 0 0 1 2 0 0 2 1 1 0 0 1 0 0 2 0 0 0 1 0 2 0 2 1 0 0 2 2 0 2 2 0 0 0 0 0 2 1 0 1 0 0 2 1 1 0 1 0 1 0 1 2 2 0 1 0 0 0 2 
1
0 0 0 0 0 0 2 0 0 
2 0 2 0 0 2 2 2 1 0 0 1 1 0 1 0 0 0 0 0 1 1 0 0 1 2 0 0 2 1 1 0 0 1 0 0 2 0 0 0 1 0 2 0 2 1 0 0 2 2 0 2 2 0 2 0 0 0 2 1 0 1 0 0 2 1 1 0 1 0 1 0 1 2 2 0 1 0 0 0 2 
2 0 2 0 0 2 2 2 1 0 0 1 1 0 1 0 0 0 0 0 1 1 0 0 1 2 0 0 2 1 1 0 0 1 0 0 2 0 0 0 1 0 2 0 2 1 0 0 2 2 0 2 2 0 34 32 32 0 2 1 0 1 0 32 34 33 1 0 1 0 1 0 33 34 34 0 1 0 0 0 2 
1
0 0 0 0 0 0 2 0 0 
2 0 2 0 0 2 2 2 1 0 0 1 1 0 1 0 0 0 0 1 1 1 0 0 1 2 0 0 2 1 1 0 0 1 0 0 2 0 0 0 1 0 2 0 2 1 0 0 2 2 0 2 2 0 2 0 0 0 2 1 0 1 0 0 2 1 1 0 1 0 1 0 1 2 2 0 1 0 0 0 2 
2 0 2 0 0 2 2 2 1 0 0 1 1 0 1 0 0 0 0 1 1 1 0 0 1 2 0 0 2 1 1 0 0 1 0 0 2 0 0 0 1 0 2 0 2 1 0 0 2 2 0 2 2 0 34 32 32 0 2 1 0 1 0 32 34 33 1 0 1 0 1 0 33 34 34 0 1 0 0 0 2 
1
0 0 0 0 0 0 2 0 0 
2 0 2 0 0 2 2 2 1 0 0 1 1 0 1 0 0 0 0 1 1 1 0 0 1 2 0 0 2 1 1 0 0 1 0 0 2 0 0 0 1 0 2 0 2 1 0 0 2 2 0 2 2 0 2 0 0 0 2 1 0 1 0 0 2 1 1 0 1 0 1 0 1 2 2 0 1 2 0 0 2 
2 0 2 0 0 2 2 2 1 0 0 1 1 0 1 0 0 0 0 1 1 1 0 0 1 2 0 0 2 1 1 0 0 1 0 0 2 0 0 0 1 0 2 0 2 1 0 0 2 2 0 2 2 0 34 32 32 0 2 1 0 1 0 32 34 33 1 0 1 0 1 0 33 34 34 0 1 2 0 0 2 
1
0 0 0 0 0 0 2 0 0 
2 0 2 0 0 2 2 2 1 0 0 1 1 0 1 0 0 0 0 1 1 1 0 0 1 2 0 0 2 1 1 0 0 1 0 0 2 0 0 0 1 0 2 0 2 1 0 0 2 2 0 2 2 0 2 0 0 0 2 1 0 1 1 0 2 1 1 0 1 0 1 0 1 2 2 0 1 2 0 0 2 
2 0 2 0 0 2 2 2 1 0 0 1 1 0 1 0 0 0 0 1 1 1 0 0 1 2 0 0 2 1 1 0 0 1 0 0 2 0 0 0 1 0 2 0 2 1 0 0 2 2 0 2 2 0 34 32 32 0 2 1 0 1 1 32 34 33 1 0 1 0 1 0 33 34 34 0 1 2 0 0 2 
1
0 0 0 0 0 0 2 0 0 
2 0 2 0 0 2 2 2 1 0 0 1 1 0 1 0 0 2 0 1 1 1 0 0 1 2 0 0 2 1 1 0 0 1 0 0 2 0 0 0 1 0 2 0 2 1 0 0 2 2 0 2 2 0 2 0 0 0 2 1 0 1 1 0 2 1 1 0 1 0 1 0 1 2 2 0 1 2 0 0 2 
2 0 2 0 0 2 2 2 1 0 0 1 1 0 1 0 0 2 0 1 1 1 0 0 1 2 0 0 2 1 1 0 0 1 0 0 2 0 0 0 1 0 2 0 2 1 0 0 2 2 0 2 2 0 34 32 32 0 2 1 0 1 1 32 34 33 1 0 1 0 1 0 33 34 34 0 1 2 0 0 2 
1
0 0 0 0 0 0 2 0 0 
2 0 2 0 0 2 2 2 1 0 0 1 1 0 1 0 0 2 0 1 1 1 0 0 1 2 0 0 2 1 1 0 0 1 0 1 2 0 0 0 1 0 2 0 2 1 0 0 2 2 0 2 2 0 2 0 0 0 2 1 0 1 1 0 2 1 1 0 1 0 1 0 1 2 2 0 1 2 0 0 2 
2 0 2 0 0 2 2 2 1 0 0 1 1 0 1 0 0 2 0 1 1 1 0 0 1 2 0 0 2 1 1 0 0 1 0 1 2 0 0 0 1 0 2 0 2 1 0 0 2 2 0 2 2 0 34 32 32 0 2 1 0 1 1 32 34 33 1 0 1 0 1 0 33 34 34 0 1 2 0 0 2 
1
0 0 0 0 0 0 2 0 0 
2 0 2 0 0 2 2 2 1 0 0 1 1 0 1 2 0 2 0 1 1 1 0 0 1 2 0 0 2 1 1 0 0 1 0 1 2 0 0 0 1 0 2 0 2 1 0 0 2 2 0 2 2 0 2 0 0 0 2 1 0 1 1 0 2 1 1 0 1 0 1 0 1 2 2 0 1 2 0 0 2 
2 0 2 0 0 2 2 2 1 0 0 1 1 0 1 2 0 2 0 1 1 1 0 0 1 2 0 0 2 1 1 0 0 1 0 1 2 0 0 0 1 0 2 0 2 1 0 0 2 2 0 2 2 0 34 32 32 0 2 1 0 1 1 32 34 33 1 0 1 0 1 0 33 34 34 0 1 2 0 0 2 
1
0 0 0 0 0 0 2 0 0 
2 0 2 0 0 2 2 2 1 0 0 1 1 0 1 2 0 2 0 1 1 1 0 0 1 2 0 0 2 1 1 0 0 1 0 1 2 0 0 0 1 0 2 0 2 1 0 1 2 2 0 2 2 0 2 0 0 0 2 1 0 1 1 0 2 1 1 0 1 0 1 0 1 2 2 0 1 2 0 0 2 
2 0 2 0 0 2 2 2 1 0 0 1 1 0 1 2 0 2 0 1 1 1 0 0 1 2 0 0 2 1 1 0 0 1 0 1 2 0 0 0 1 0 2 0 2 1 0 1 2 2 0 2 2 0 34 32 32 0 2 1 0 1 1 32 34 33 1 0 1 0 1 0 33 34 34 0 1 2 0 0 2 
1
0 0 0 0 0 0 2 0 0 
2 0 2 0 0 2 2 2 1 0 0 1 1 0 1 2 0 2 0 1 1 1 0 0 1 2 0 0 2 1 1 0 0 1 0 1 2 0 0 0 1 0 2 0 2 1 0 1 2 2 0 2 2 0 2 0 0 0 2 1 0 1 1 0 2 1 1 0 1 0 1 0 1 2 2 0 1 2 0 2 2 
2 0 2 0 0 2 2 2 1 0 0 1 1 0 1 2 0 2 0 1 1 1 0 0 1 2 0 0 2 1 1 0 0 1 0 1 2 0 0 0 1 0 2 0 2 1 0 1 2 2 0 2 2 0 34 32 32 0 2 1 0 1 1 32 34 33 1 0 1 0 1 0 33 34 34 0 1 2 0 2 2 
1
0 0 0 0 0 0 2 0 0 
2 0 2 0 0 2 2 2 1 0 0 1 1 0 1 2 0 2 0 1 1 1 0 0 1 2 0 0 2 1 1 0 0 1 0 1 2 0 0 0 1 0 2 0 2 1 0 1 2 2 0 2 2 0 2 0 0 1 2 1 0 1 1 0 2 1 1 0 1 0 1 0 1 2 2 0 1 2 0 2 2 
2 0 2 0 0 2 2 2 1 0 0 1 1 0 1 2 0 2 0 1 1 1 0 0 1 2 0 0 2 1 1 0 0 1 0 1 2 0 0 0 1 0 2 0 2 1 0 1 2 2 0 2 2 0 34 32 32 1 2 1 0 1 1 32 34 33 1 0 1 0 1 0 33 34 34 0 1 2 0 2 2 
1
2 0 0 0 0 0 2 0 0 
2 2 2 0 0 2 2 2 1 0 0 1 1 0 1 2 0 2 0 1 1 1 0 0 1 2 0 0 2 1 1 0 0 1 0 1 2 0 0 0 1 0 2 0 2 1 0 1 2 2 0 2 2 0 2 0 0 1 2 1 0 1 1 0 2 1 1 0 1 0 1 0 1 2 2 0 1 2 0 2 2 
34 34 34 0 0 2 2 2 1 32 32 33 1 0 1 2 0 2 32 33 33 1 0 0 1 2 0 0 2 1 1 0 0 1 0 1 2 0 0 0 1 0 2 0 2 1 0 1 2 2 0 2 2 0 34 32 32 1 2 1 0 1 1 32 34 33 1 0 1 0 1 0 33 34 34 0 1 2 0 2 2 
1
2 0 0 0 0 0 2 0 0 
2 2 2 0 0 2 2 2 1 0 0 1 1 0 1 2 0 2 0 1 1 1 1 0 1 2 0 0 2 1 1 0 0 1 0 1 2 0 0 0 1 0 2 0 2 1 0 1 2 2 0 2 2 0 2 0 0 1 2 1 0 1 1 0 2 1 1 0 1 0 1 0 1 2 2 0 1 2 0 2 2 
34 34 34 0 0 2 2 2 1 32 32 33 1 0 1 2 0 2 32 33 33 1 1 0 1 2 0 0 2 1 1 0 0 1 0 1 2 0 0 0 1 0 2 0 2 1 0 1 2 2 0 2 2 0 34 32 32 1 2 1 0 1 1 32 34 33 1 0 1 0 1 0 33 34 34 0 1 2 0 2 2 
1
2 0 0 0 0 0 2 0 0 
2 2 2 0 0 2 2 2 1 0 0 1 1 0 1 2 0 2 0 1 1 1 1 0 1 2 0 0 2 1 1 0 0 1 0 1 2 0 0 0 1 0 2 0 2 1 0 1 2 2 0 2 2 0 2 0 0 1 2 1 0 1 1 0 2 1 1 2 1 0 1 0 1 2 2 0 1 2 0 2 2 
34 34 34 0 0 2 2 2 1 32 32 33 1 0 1 2 0 2 32 33 33 1 1 0 1 2 0 0 2 1 1 0 0 1 0 1 2 0 0 0 1 0 2 0 2 1 0 1 2 2 0 2 2 0 34 32 32 1 2 1 0 1 1 32 34 33 1 2 1 0 1 0 33 34 34 0 1 2 0 2 2 
1
2 0 0 0 1 0 2 0 0 
2 2 2 0 0 2 2 2 1 0 0 1 1 0 1 2 0 2 0 1 1 1 1 0 1 2 0 0 2 1 1 0 0 1 0 1 2 0 0 0 1 0 2 0 2 1 0 1 2 2 1 2 2 0 2 0 0 1 2 1 0 1 1 0 2 1 1 2 1 0 1 0 1 2 2 0 1 2 0 2 2 
34 34 34 0 0 2 2 2 1 32 32 33 1 0 1 2 0 2 32 33 33 1 1 0 1 2 0 0 2 1 17 16 16 1 0 1 2 0 0 16 17 16 2 0 2 1 0 1 18 18 17 2 2 0 34 32 32 1 2 1 0 1 1 32 34 33 1 2 1 0 1 0 33 34 34 0 1 2 0 2 2 
1
2 0 0 0 1 0 2 0 2 
2 2 2 0 0 2 2 2 1 0 0 1 1 0 1 2 0 2 0 1 1 1 1 0 1 2 0 0 2 1 1 0 0 1 0 1 2 0 0 0 1 0 2 0 2 1 0 1 2 2 1 2 2 0 2 0 0 1 2 1 0 1 1 0 2 1 1 2 1 0 1 0 1 2 2 0 1 2 2 2 2 
34 34 34 0 0 2 2 2 1 32 32 33 1 0 1 2 0 2 32 33 33 1 1 0 1 2 0 0 2 1 17 16 16 1 0 1 2 0 0 16 17 16 2 0 2 1 0 1 18 18 17 2 2 0 34 32 32 1 2 1 32 33 33 32 34 33 1 2 1 32 33 32 33 34 34 0 1 2 34 34 34 
1
2 0 0 1 1 0 2 0 2 
2 2 2 0 0 2 2 2 1 0 0 1 1 0 1 2 0 2 0 1 1 1 1 0 1 2 0 0 2 1 1 0 0 1 0 1 2 0 0 0 1 0 2 0 2 1 1 1 2 2 1 2 2 0 2 0 0 1 2 1 0 1 1 0 2 1 1 2 1 0 1 0 1 2 2 0 1 2 2 2 2 
34 34 34 0 0 2 2 2 1 32 32 33 1 0 1 2 0 2 32 33 33 1 1 0 1 2 0 16 18 17 17 16 16 1 0 1 18 16 16 16 17 16 2 0 2 17 17 17 18 18 17 2 2 0 34 32 32 1 2 1 32 33 33 32 34 33 1 2 1 32 33 32 33 34 34 0 1 2 34 34 34 
1
2 0 0 1 1 0 2 0 2 
2 2 2 0 0 2 2 2 1 0 0 1 1 0 1 2 0 2 0 1 1 1 1 0 1 2 0 0 2 1 1 0 0 1 0 1 2 0 0 0 1 0 2 0 2 1 1 1 2 2 1 2 2 0 2 0 0 1 2 1 0 1 1 0 2 1 1 2 1 0 1 0 1 2 2 2 1 2 2 2 2 
34 34 34 0 0 2 2 2 1 32 32 33 1 0 1 2 0 2 32 33 33 1 1 0 1 2 0 16 18 17 17 16 16 1 0 1 18 16 16 16 17 16 2 0 2 17 17 17 18 18 17 2 2 0 34 32 32 1 2 1 32 33 33 32 34 33 1 2 1 32 33 32 33 34 34 2 1 2 34 34 34 
1
2 0 0 1 1 1 2 0 2 
2 2 2 0 0 2 2 2 1 0 0 1 1 0 1 2 0 2 0 1 1 1 1 0 1 2 0 0 2 1 1 0 0 1 1 1 2 0 0 0 1 0 2 0 2 1 1 1 2 2 1 2 2 0 2 0 0 1 2 1 0 1 1 0 2 1 1 2 1 0 1 0 1 2 2 2 1 2 2 2 2 
34 34 34 0 0 2 2 2 1 32 32 33 1 0 1 2 0 2 32 33 33 1 1 0 1 2 0 16 18 17 17 16 16 17 17 17 18 16 16 16 17 16 18 16 18 17 17 17 18 18 17 18 18 16 34 32 32 1 2 1 32 33 33 32 34 33 1 2 1 32 33 32 33 34 34 2 1 2 34 34 34 
1
2 0 0 1 1 1 2 0 2 
2 2 2 0 0 2 2 2 1 0 0 1 1 0 1 2 0 2 0 1 1 1 1 0 1 2 0 0 2 1 1 0 0 1 1 1 2 0 0 0 1 0 2 0 2 1 1 1 2 2 1 2 2 0 2 0 0 1 2 1 0 1 1 0 2 1 1 2 1 0 1 0 1 2 2 2 1 2 2 2 2 
34 34 34 0 0 2 2 2 1 32 32 33 1 0 1 2 0 2 32 33 33 1 1 0 1 2 0 16 18 17 17 16 16 17 17 17 18 16 16 16 17 16 18 16 18 17 17 17 18 18 17 18 18 16 34 32 32 1 2 1 32 33 33 32 34 33 1 2 1 32 33 32 33 34 34 2 1 2 34 34 34 
1
